Scheme Code;Scheme Name;ISIN Div Payout/ISIN Growth;ISIN Div Reinvestment;Net Asset Value;Repurchase Price;Sale Price;Date

Open Ended Schemes ( Debt Scheme - Overnight Fund )


Aditya Birla Sun Life Mutual Fund
145488;ADITYA BIRLA SUN LIFE OVERNIGHT FUND-  Direct - Monthly Payout of IDCW;INF209KB1ZL4;;1001.9486;;;19-Sep-2021
145489;ADITYA BIRLA SUN LIFE OVERNIGHT FUND-  Direct - Weekly Reinvestment of IDCW;;INF209KB1ZJ8;1000.2016;;;19-Sep-2021
145482;ADITYA BIRLA SUN LIFE OVERNIGHT FUND-  Regular - Weekly Reinvestment of IDCW option;;INF209KB1ZE9;1000.19;;;19-Sep-2021
145487;ADITYA BIRLA SUN LIFE OVERNIGHT FUND- Direct - Daily Reinvestment of IDCW;;INF209KB1ZI0;1000.02;;;19-Sep-2021
145483;ADITYA BIRLA SUN LIFE OVERNIGHT FUND- Regular - Daily Reinvestment of IDCW;;INF209KB1ZD1;1000.02;;;19-Sep-2021
145485;ADITYA BIRLA SUN LIFE OVERNIGHT FUND- Regular- Monthly Payout of IDCW option;INF209KB1ZG4;;1001.8732;;;19-Sep-2021
145486;ADITYA BIRLA SUN LIFE OVERNIGHT FUND-DIRECT PLAN-GROWTH;INF209KB1ZH2;;1129.5915;;;19-Sep-2021
145481;ADITYA BIRLA SUNLIFE OVERNIGHT FUND-REGULAR PLAN-GROWTH;INF209KB1ZC3;;1125.5828;;;19-Sep-2021

Axis Mutual Fund
146679;Axis Overnight Fund - Direct Plan - Daily IDCW;;INF846K01N99;1000.5073;;;19-Sep-2021
146675;Axis Overnight Fund - Direct Plan - Growth Option;INF846K01N65;;1104.1159;;;19-Sep-2021
146677;Axis Overnight Fund - Direct Plan - Monthly IDCW;INF846K01N73;INF846K01N81;1002.9443;;;19-Sep-2021
146676;Axis Overnight Fund - Direct Plan - Weekly IDCW;INF846K01N40;INF846K01N57;1001.2226;;;19-Sep-2021
146682;Axis Overnight Fund - Regular Plan - Daily IDCW;;INF846K01O56;1000.5032;;;19-Sep-2021
146678;Axis Overnight Fund - Regular Plan - Growth Option;INF846K01O23;;1102.4736;;;19-Sep-2021
146681;Axis Overnight Fund - Regular Plan - Monthly IDCW;INF846K01O31;INF846K01O49;1002.8935;;;19-Sep-2021
146680;Axis Overnight Fund - Regular Plan - Weekly IDCW;INF846K01O07;INF846K01O15;1001.1840;;;19-Sep-2021

Bandhan Mutual Fund
146190;BANDHAN Overnight Fund - Direct Plan - Daily IDCW;INF194KB1462;INF194KB1470;1000.0001;;;19-Sep-2021
146191;BANDHAN Overnight Fund - Direct Plan - Growth;INF194KB1447;;1114.0701;;;19-Sep-2021
146183;BANDHAN Overnight Fund - Direct Plan - Monthly IDCW;INF194KB1496;INF194KB1504;1001.6677;;;19-Sep-2021
146184;BANDHAN Overnight Fund - Direct Plan - Periodic IDCW;INF194KB1520;INF194KB1538;1016.0742;;;19-Sep-2021
146192;BANDHAN Overnight Fund - Direct Plan - Weekly IDCW;INF194KB1553;INF194KB1561;1000.1774;;;19-Sep-2021
146188;BANDHAN Overnight Fund - Regular Plan - Daily IDCW;INF194KB1330;INF194KB1348;1000.0001;;;19-Sep-2021
146187;BANDHAN Overnight Fund - Regular Plan - Growth;INF194KB1314;;1110.5178;;;19-Sep-2021
146185;BANDHAN Overnight Fund - Regular Plan - Monthly IDCW;INF194KB1363;INF194KB1371;1001.6031;;;19-Sep-2021
146189;BANDHAN Overnight Fund - Regular Plan - Weekly IDCW;INF194KB1421;INF194KB1439;1001.0986;;;19-Sep-2021

Bank of India Mutual Fund
147951;BANK OF INDIA Overnight Fund Direct Plan Growth;INF761K01EU7;;1056.5680;;;19-Sep-2021
147948;BANK OF INDIA Overnight Fund Direct Plan- Monthly IDCW;INF761K01EY9;INF761K01EX1;1002.0756;;;19-Sep-2021
147950;BANK OF INDIA Overnight Fund Direct Plan- Weekly IDCW;;INF761K01EW3;1000.5320;;;19-Sep-2021
147936;BANK OF INDIA Overnight Fund Regular Plan Growth;INF761K01EZ6;;1054.9903;;;19-Sep-2021

Baroda BNP Paribas Mutual Fund
147197;Baroda BNP Paribas Overnight Fund - Direct Plan - Daily IDCW;;INF955L01HW2;1000.0000;;;19-Sep-2021
147196;Baroda BNP Paribas Overnight Fund - Direct Plan - Growth;INF955L01HV4;;1097.0436;;;19-Sep-2021
147195;Baroda BNP Paribas Overnight Fund - Direct Plan - Weekly IDCW;;INF955L01HX0;1000.5581;;;19-Sep-2021
147194;Baroda BNP Paribas Overnight Fund - Regular Plan - Daily IDCW;;INF955L01HT8;1000.0000;;;19-Sep-2021
147193;Baroda BNP Paribas Overnight Fund - Regular Plan - Growth;INF955L01HS0;;1095.6037;;;19-Sep-2021
147198;Baroda BNP Paribas Overnight Fund - Regular Plan - Weekly IDCW;;INF955L01HU6;1000.5548;;;19-Sep-2021

BNP Paribas Mutual Fund
147127;BNP Paribas Overnight Fund - Direct Plan-Daily Income Distribution cum Capital Withdrawal Option;;INF251K01QO6;1000.0000;;;19-Sep-2021
147125;BNP Paribas Overnight Fund - Direct Plan-Growth Option;INF251K01QN8;;1099.2792;;;19-Sep-2021
147126;BNP Paribas Overnight Fund - Direct Plan-Weekly Income Distribution cum Capital Withdrawal Option;;INF251K01QP3;1000.0000;;;19-Sep-2021
147123;BNP Paribas Overnight Fund - Regular Plan-Daily Income Distribution cum Capital Withdrawal Option;;INF251K01QL2;1000.0000;;;19-Sep-2021
147124;BNP Paribas Overnight Fund - Regular Plan-Growth Option;INF251K01QK4;;1096.3925;;;19-Sep-2021
147122;BNP Paribas Overnight Fund - Regular Plan-Weekly Income Distribution cum Capital Withdrawal Option;;INF251K01QM0;1000.2551;;;19-Sep-2021

Canara Robeco Mutual Fund
147532;CANARA ROBECO OVERNIGHT FUND - DIRECT PLAN - DAILY IDCW (Reinvestment);;INF760K01JN3;1001.0006;;;19-Sep-2021
147531;CANARA ROBECO OVERNIGHT FUND - DIRECT PLAN - GROWTH OPTION;INF760K01JM5;;1081.4205;;;19-Sep-2021
147533;CANARA ROBECO OVERNIGHT FUND - REGULAR PLAN - DAILY IDCW (Reinvestment);;INF760K01JP8;1001.0000;;;19-Sep-2021
147534;CANARA ROBECO OVERNIGHT FUND - REGULAR PLAN - GROWTH OPTION;INF760K01JO1;;1080.8000;;;19-Sep-2021

DSP Mutual Fund
146062;DSP Overnight Fund - Direct Plan - Growth;INF740KA1MC8;;1118.5224;;;19-Sep-2021
146065;DSP Overnight Fund - Direct Plan - IDCW - Daily;;INF740KA1OR2;1000.0000;;;19-Sep-2021
146064;DSP Overnight Fund - Direct Plan - IDCW - Weekly;INF740KA1OS0;INF740KA1OT8;1000.2583;;;19-Sep-2021
146061;DSP Overnight Fund - Regular Plan - Growth;INF740KA1MB0;;1115.9466;;;19-Sep-2021
146066;DSP Overnight Fund - Regular Plan - IDCW - Daily;;INF740KA1OU6;1000.0000;;;19-Sep-2021
146063;DSP Overnight Fund - Regular Plan - IDCW - Weekly;INF740KA1OV4;INF740KA1OW2;1000.2581;;;19-Sep-2021

Edelweiss Mutual Fund
147551;Edelweiss Overnight Fund - Direct Plan - Annual - IDCW Option;INF754K01KD5;INF754K01KC7;1083.4915;;;19-Sep-2021
147557;Edelweiss Overnight Fund - Direct Plan - Daily - IDCW Option;;INF754K01JW7;1000;;;19-Sep-2021
147550;Edelweiss Overnight Fund - Direct Plan - Fortnightly - IDCW Option;INF754K01JZ0;INF754K01JY3;1049.7304;;;19-Sep-2021
147570;Edelweiss Overnight Fund - Direct Plan - Growth;INF754K01JV9;;1083.2605;;;19-Sep-2021
147554;Edelweiss Overnight Fund - Direct Plan - Monthly - IDCW Option;INF754K01KB9;INF754K01KA1;1059.6845;;;19-Sep-2021
147558;Edelweiss Overnight Fund - Direct Plan - Weekly - IDCW Option;;INF754K01JX5;1065.3331;;;19-Sep-2021
147552;Edelweiss Overnight Fund - Regular Plan - Daily - IDCW Option;;INF754K01KF0;1008.1128;;;19-Sep-2021
147569;Edelweiss Overnight Fund - Regular Plan - Growth;INF754K01KE3;;1081.7783;;;19-Sep-2021
147555;Edelweiss Overnight Fund - Regular Plan - Monthly - IDCW Option;INF754K01KK0;INF754K01KJ2;1005.4771;;;19-Sep-2021
147553;Edelweiss Overnight Fund - Regular Plan - Weekly - IDCW Option;;INF754K01KG8;1015.5897;;;19-Sep-2021

Franklin Templeton Mutual Fund
147215;Franklin India Overnight Fund - Daily Dividend Plan - Daily - IDCW;;INF090I01SM2;1000.0000;;;19-Sep-2021
147212;Franklin India Overnight Fund - Direct Daily Dividend Plan - Daily - IDCW;;INF090I01ST7;1000.0000;;;19-Sep-2021
147211;Franklin India Overnight Fund - Direct Weekly Dividend Plan - Weekly - IDCW;INF090I01SR1;INF090I01SQ3;1000.0000;;;19-Sep-2021
147216;Franklin India Overnight Fund - Weekly Dividend Plan - Weekly - IDCW;INF090I01SN0;INF090I01SP5;1000.0000;;;19-Sep-2021
147213;Franklin India Overnight fund- Growth;INF090I01SO8;;1089.7616;;;19-Sep-2021
147214;Franklin India Overnight Fund- Growth - Direct;INF090I01SS9;;1091.2234;;;19-Sep-2021

Groww Mutual Fund
147458;Groww Overnight Fund (formerly known as Indiabulls Overnight Fund)- Direct Plan- - Income Distribution cum capital withdrawal Option ( Reinvestment);;INF666M01GM6;1000.9932;;;19-Sep-2021
147452;Groww Overnight Fund (formerly known as Indiabulls Overnight Fund)- Direct Plan- Fortnightly - Income Distribution cum capital withdrawal Option (Payout & Reinvestment);INF666M01GP9;INF666M01GQ7;1002.0397;;;19-Sep-2021
147450;Groww Overnight Fund (formerly known as Indiabulls Overnight Fund)- Direct Plan- Growth Option;INF666M01GL8;;1082.6908;;;19-Sep-2021
147453;Groww Overnight Fund (formerly known as Indiabulls Overnight Fund)- Direct Plan- Monthly - Income Distribution cum capital withdrawal Option (Payout & Reinvestment);INF666M01GR5;INF666M01GS3;1002.2031;;;19-Sep-2021
147451;Groww Overnight Fund (formerly known as Indiabulls Overnight Fund)- Direct Plan- Weekly - Income Distribution cum capital withdrawal Option (Payout & Reinvestment);INF666M01GN4;INF666M01GO2;1001.4734;;;19-Sep-2021
147455;Groww Overnight Fund (formerly known as Indiabulls Overnight Fund)- Regular Plan- - Income Distribution cum capital withdrawal Option ( Reinvestment);;INF666M01GU9;1000.9652;;;19-Sep-2021
147457;Groww Overnight Fund (formerly known as Indiabulls Overnight Fund)- Regular Plan- Fortnightly - Income Distribution cum capital withdrawal Option (Payout & Reinvestment);INF666M01GX3;INF666M01GY1;1001.3771;;;19-Sep-2021
147454;Groww Overnight Fund (formerly known as Indiabulls Overnight Fund)- Regular Plan- Growth Option;INF666M01GT1;;1080.2927;;;19-Sep-2021
147459;Groww Overnight Fund (formerly known as Indiabulls Overnight Fund)- Regular Plan- Monthly - Income Distribution cum capital withdrawal Option (Payout & Reinvestment);INF666M01GZ8;INF666M01HA9;1002.2164;;;19-Sep-2021
147456;Groww Overnight Fund (formerly known as Indiabulls Overnight Fund)- Regular Plan- Weekly - Income Distribution cum capital withdrawal Option (Payout & Reinvestment);INF666M01GV7;INF666M01GW5;1001.407;;;19-Sep-2021

HDFC Mutual Fund
119109;HDFC Overnight Fund - Daily IDCW Option - Direct Plan;;INF179KB1HY1;1042.66;;;19-Sep-2021
101996;HDFC Overnight Fund - Growth Option;INF179KB1HS3;;3083.5918;;;19-Sep-2021
119110;HDFC Overnight Fund - Growth Option - Direct Plan;INF179KB1HT1;;3103.0585;;;19-Sep-2021
101997;HDFC Overnight Fund - IDCW Option (Daily);;INF179KB1IF8;1042.66;;;19-Sep-2021

HSBC Mutual Fund
147291;HSBC Overnight Fund - Direct Daily IDCW;;INF336L01OG4;1000;;;19-Sep-2021
147287;HSBC Overnight Fund - Direct Growth;INF336L01OF6;;1092.3832;;;19-Sep-2021
147296;HSBC Overnight Fund - Direct Weekly IDCW;INF336L01OJ8;INF336L01OH2;1000.4503;;;19-Sep-2021
147289;HSBC Overnight Fund - Regular Daily IDCW;;INF336L01OM2;1000;;;19-Sep-2021
147290;HSBC Overnight Fund - Regular Growth;INF336L01OL4;;1088.5562;;;19-Sep-2021
147301;HSBC Overnight Fund - Regular Monthly IDCW;INF336L01OQ3;INF336L01OO8;1002.0473;;;19-Sep-2021
147288;HSBC Overnight Fund - Regular Weekly IDCW;INF336L01OP5;INF336L01ON0;1000.4339;;;19-Sep-2021

ICICI Prudential Mutual Fund
145546;ICICI Prudential Overnight Fund - Annual IDCW;INF109KC19F6;INF109KC10G3;102.5473;;;19-Sep-2021
145547;ICICI Prudential Overnight Fund - Daily IDCW;;INF109KC18E1;100.0005;;;19-Sep-2021
145550;ICICI Prudential Overnight Fund - Direct Plan - Annual IDCW;INF109KC13H5;INF109KC14H3;102.6344;;;19-Sep-2021
145537;ICICI Prudential Overnight Fund - Direct Plan - Daily IDCW;;INF109KC12G9;100.0005;;;19-Sep-2021
145541;ICICI Prudential Overnight Fund - Direct Plan - Fortnightly IDCW;INF109KC18G6;INF109KC17G8;100.035;;;19-Sep-2021
145536;ICICI Prudential Overnight Fund - Direct Plan - Growth;INF109KC11G1;;112.6208;;;19-Sep-2021
145545;ICICI Prudential Overnight Fund - Direct Plan - Half Yearly IDCW;INF109KC11H9;INF109KC12H7;101.0666;;;19-Sep-2021
145542;ICICI Prudential Overnight Fund - Direct Plan - Monthly IDCW;INF109KC13G7;INF109KC14G5;100.1582;;;19-Sep-2021
145544;ICICI Prudential Overnight Fund - Direct Plan - Quarterly IDCW;INF109KC19G4;INF109KC10H1;100.5109;;;19-Sep-2021
145539;ICICI Prudential Overnight Fund - Direct Plan - Weekly IDCW;INF109KC16G0;INF109KC15G2;100.0519;;;19-Sep-2021
145540;ICICI Prudential Overnight Fund - Fortnightly IDCW;INF109KC14F7;INF109KC13F9;100.0339;;;19-Sep-2021
145535;ICICI Prudential Overnight Fund - Growth;INF109KC17E3;;112.3004;;;19-Sep-2021
145549;ICICI Prudential Overnight Fund - Half Yearly IDCW;INF109KC17F0;INF109KC18F8;101.032;;;19-Sep-2021
145548;ICICI Prudential Overnight Fund - Monthly IDCW;INF109KC19E9;INF109KC10F5;100.153;;;19-Sep-2021
145543;ICICI Prudential Overnight Fund - Quarterly IDCW;INF109KC15F4;INF109KC16F2;100.313;;;19-Sep-2021
145538;ICICI Prudential Overnight Fund - Weekly IDCW;INF109KC12F1;INF109KC11F3;100.0503;;;19-Sep-2021

Invesco Mutual Fund
147884;Invesco India Overnight Fund - Direct Plan - Daily IDCW (Reinvestment);;INF205KA1122;1000;;;19-Sep-2021
147883;Invesco India Overnight Fund - Direct Plan - Growth;INF205KA1163;;1055.7518;;;19-Sep-2021
147886;Invesco India Overnight Fund - Direct Plan - Monthly IDCW (Payout / Reinvestment);INF205KA1155;INF205KA1148;1001.6649;;;19-Sep-2021
147880;Invesco India Overnight Fund - Regular Plan - Daily IDCW (Reinvestment);;INF205KA1072;1000.0002;;;19-Sep-2021
147878;Invesco India Overnight Fund - Regular Plan - Growth;INF205KA1114;;1054.6722;;;19-Sep-2021
147879;Invesco India Overnight Fund - Regular Plan - Monthly IDCW (Payout / Reinvestment);INF205KA1106;INF205KA1098;1001.6267;;;19-Sep-2021
147881;Invesco India Overnight Fund - Regular Plan - Weekly IDCW (Reinvestment);;INF205KA1080;1000.5121;;;19-Sep-2021

ITI Mutual Fund
147707;ITI Overnight Fund - Direct Plan - Annual IDCW Option;INF00XX01648;INF00XX01614;1058.5542;;;19-Sep-2021
147708;ITI Overnight Fund - Direct Plan - Daily IDCW Option;;INF00XX01572;1001.0038;;;19-Sep-2021
147710;ITI Overnight Fund - Direct Plan - Fortnightly IDCW Option;INF00XX01622;INF00XX01598;1001.4307;;;19-Sep-2021
147713;ITI Overnight Fund - Direct Plan - Growth Option;INF00XX01564;;1065.8391;;;19-Sep-2021
147717;ITI Overnight Fund - Direct Plan - Monthly IDCW Option;INF00XX01630;INF00XX01606;1002.9662;;;19-Sep-2021
147711;ITI Overnight Fund - Direct Plan - Weekly IDCW option;;INF00XX01580;1001.4321;;;19-Sep-2021
147709;ITI Overnight Fund - Regular Plan - Daily IDCW Option;;INF00XX01481;1001.0000;;;19-Sep-2021
147716;ITI Overnight Fund - Regular Plan - Fortnightly IDCW Option;INF00XX01531;INF00XX01507;1001.4167;;;19-Sep-2021
147714;ITI Overnight Fund - Regular Plan - Growth Option;INF00XX01473;;1063.8102;;;19-Sep-2021
147718;ITI Overnight Fund - Regular Plan - Monthly IDCW Option;INF00XX01549;INF00XX01515;1002.9136;;;19-Sep-2021
147712;ITI Overnight Fund - Regular Plan - Weekly IDCW Option;;INF00XX01499;1001.4815;;;19-Sep-2021

JM Financial Mutual Fund
147838;JM Overnight Fund (Direct) - Daily IDCW;;INF192K01LY2;1000.0000;;;19-Sep-2021
147835;JM Overnight Fund (Direct) - Weekly IDCW;INF192K01LZ9;INF192K01MA0;1000.4337;;;19-Sep-2021
147839;JM Overnight Fund (Regular) - Daily IDCW;;INF192K01LU0;1000.0000;;;19-Sep-2021
147836;JM Overnight Fund (Regular) - Growth;INF192K01LX4;;1060.2829;;;19-Sep-2021
147834;JM Overnight Fund (Regular) - Weekly IDCW;INF192K01LV8;INF192K01LW6;1000.4302;;;19-Sep-2021
147837;JM Overnight Fund - (Direct) - Growth;INF192K01MB8;;1061.6071;;;19-Sep-2021

Kotak Mahindra Mutual Fund
146141;Kotak Overnight Fund -Direct Plan-Growth Option;INF174KA1BF9;;1114.0863;;;19-Sep-2021
146142;Kotak Overnight Fund -Regular plan-Growth Option;INF174KA1BC6;;1111.7826;;;19-Sep-2021
146140;Kotak Overnight Fund-Direct Plan- Daily Reinvestment of Income Distribution cum capital withdrawal option;;INF174KA1BE2;1003.6055;;;19-Sep-2021
146138;Kotak Overnight Fund-Regular Plan- Daily Reinvestment of Income Distribution cum capital withdrawal option;;INF174KA1BB8;1004.7568;;;19-Sep-2021

L&T Mutual Fund
118066;L&T Overnight Fund  - Regular Plan - Monthly IDCW;INF917K01EL4;INF917K01EM2;1008.9866;;;19-Sep-2021
119283;L&T Overnight Fund - Direct Plan - Growth;INF917K01EN0;;1629.5681;;;19-Sep-2021
119284;L&T Overnight Fund - Direct Plan- Daily IDCW;;INF917K01EO8;1023.3;;;19-Sep-2021
119282;L&T Overnight Fund - Direct Plan- Monthly IDCW;INF917K01ER1;;1064.479;;;19-Sep-2021
119285;L&T Overnight Fund - Direct Plan- Weekly IDCW;;INF917K01EP5;1001.9451;;;19-Sep-2021
118056;L&T Overnight Fund - Regular Plan - Daily IDCW;;INF917K01EJ8;1023.3;;;19-Sep-2021
118058;L&T Overnight Fund - Regular Plan - Growth;INF917K01EI0;;1551.1917;;;19-Sep-2021
118065;L&T Overnight Fund - Regular Plan - Weekly IDCW;;INF917K01EK6;1000.5358;;;19-Sep-2021

LIC Mutual Fund
147516;LIC MF Overnight Fund-Direct Plan-Daily IDCW;;INF767K01QG7;1002.218;;;19-Sep-2021
147515;LIC MF Overnight Fund-Direct Plan-Growth;INF767K01QI3;;1082.5125;;;19-Sep-2021
147513;LIC MF Overnight Fund-Direct Plan-IDCW;INF767K01QE2;INF767K01QF9;1082.2613;;;19-Sep-2021
147514;LIC MF Overnight Fund-Direct Plan-Weekly IDCW;;INF767K01QH5;1001.0281;;;19-Sep-2021
147517;LIC MF Overnight Fund-Regular Plan-Daily IDCW;;INF767K01QB8;1001.8777;;;19-Sep-2021
147519;LIC MF Overnight Fund-Regular Plan-Growth;INF767K01QD4;;1079.4504;;;19-Sep-2021
147512;LIC MF Overnight Fund-Regular Plan-IDCW;INF767K01PZ9;INF767K01QA0;1079.852;;;19-Sep-2021

Mahindra Manulife Mutual Fund
147563;Mahindra Manulife Overnight Fund - Direct Plan - Daily IDCW;;INF174V01846;1009.4080;;;19-Sep-2021
147564;Mahindra Manulife Overnight Fund - Direct Plan -Growth;INF174V01838;;1080.9182;;;19-Sep-2021
147566;Mahindra Manulife Overnight Fund - Regular Plan - Daily IDCW;;INF174V01820;1009.4653;;;19-Sep-2021
147565;Mahindra Manulife Overnight Fund - Regular Plan - Growth;INF174V01812;;1078.5476;;;19-Sep-2021

Mirae Asset Mutual Fund
147737;Mirae Asset Overnight Fund Direct Daily IDCW;;INF769K01FJ0;1000.0005;;;19-Sep-2021
147738;Mirae Asset Overnight Fund Direct Monthly IDCW;INF769K01FF8;INF769K01FI2;1002.2034;;;19-Sep-2021
147736;Mirae Asset Overnight Fund Direct Plan Growth;INF769K01FG6;;1070.1983;;;19-Sep-2021
147740;Mirae Asset Overnight Fund Direct Weekly IDCW;;INF769K01FK8;1000.3530;;;19-Sep-2021
147743;Mirae Asset Overnight Fund Regular Daily  IDCW ;;INF769K01FL6;1000.0000;;;19-Sep-2021
147742;Mirae Asset Overnight Fund Regular Monthly IDCW;INF769K01FD3;INF769K01FH4;1002.1395;;;19-Sep-2021
147739;Mirae Asset Overnight Fund Regular Plan Growth;INF769K01FE1;;1068.1570;;;19-Sep-2021
147741;Mirae Asset Overnight Fund Regular Weekly IDCW;;INF769K01FM4;1000.3420;;;19-Sep-2021

Nippon India Mutual Fund
145830;NIPPON INDIA OVERNIGHT FUND - DAILY IDCW Option;;INF204KB1Q73;100.0050;;;19-Sep-2021
145812;NIPPON INDIA OVERNIGHT FUND - DIRECT Plan - DAILY IDCW Option;;INF204KB1R49;100.0050;;;19-Sep-2021
145810;Nippon India Overnight Fund - Direct Plan - Growth Option;INF204KB1R31;;112.1052;;;19-Sep-2021
145824;NIPPON INDIA OVERNIGHT FUND - DIRECT Plan - MONTHLY IDCW Option;INF204KB1R64;INF204KB1R72;100.3299;;;19-Sep-2021
145825;NIPPON INDIA OVERNIGHT FUND - DIRECT Plan - QUARTERLY IDCW Option;INF204KB1R80;INF204KB1R98;100.9799;;;19-Sep-2021
145823;NIPPON INDIA OVERNIGHT FUND - DIRECT Plan - WEEKLY IDCW Option;;INF204KB1R56;100.0224;;;19-Sep-2021
145827;NIPPON INDIA OVERNIGHT FUND - MONTHLY IDCW Option;INF204KB1Q99;INF204KB1R07;100.3148;;;19-Sep-2021
145833;NIPPON INDIA OVERNIGHT FUND - QUARTERLY IDCW Option;INF204KB1R15;INF204KB1R23;100.9539;;;19-Sep-2021
145811;Nippon India Overnight Fund - Regular Plan - Growth Option;INF204KB1Q65;;111.8092;;;19-Sep-2021
145826;NIPPON INDIA OVERNIGHT FUND - WEEKLY IDCW Option;;INF204KB1Q81;100.0219;;;19-Sep-2021

PGIM India Mutual Fund
147605;PGIM India Overnight Fund - Direct Plan - Daily Dividend Option;;INF663L01T35;1000;;;19-Sep-2021
147606;PGIM India Overnight Fund - Direct Plan - Growth Option;INF663L01T01;;1078.085;;;19-Sep-2021
147608;PGIM India Overnight Fund - Direct Plan - Weekly Dividend Option;INF663L01T19;INF663L01T27;1000.0871;;;19-Sep-2021
147609;PGIM India Overnight Fund - Regular Plan - Daily Dividend Option;;INF663L01T76;1000;;;19-Sep-2021
147607;PGIM India Overnight Fund - Regular Plan - Weekly Dividend Option;INF663L01T50;INF663L01T68;1000.4253;;;19-Sep-2021
147600;PGIM India Overnight Fund - Regular Plan- Growth Option;INF663L01T43;;1075.9997;;;19-Sep-2021

SBI Mutual Fund
119831;SBI Overnight Fund - Direct Plan - Daily Income Distribution cum Capital Withdrawal Option (IDCW);;INF200K01TJ7;1055.7499;;;19-Sep-2021
119833;SBI OVERNIGHT FUND - DIRECT PLAN - GROWTH;INF200K01TK5;;3401.4019;;;19-Sep-2021
119832;SBI Overnight Fund - Direct Plan - Weekly Income Distribution cum Capital Withdrawal Option (IDCW);INF200K01TL3;INF200K01TM1;1078.0769;;;19-Sep-2021
114297;SBI Overnight Fund - Regular Plan - Daily Income Distribution cum Capital Withdrawal Option (IDCW);;INF200K01LN6;1054.6577;;;19-Sep-2021
101206;SBI OVERNIGHT FUND - REGULAR PLAN - GROWTH;INF200K01LQ9;;3367.3846;;;19-Sep-2021
103140;SBI Overnight Fund - Regular Plan - Weekly Income Distribution cum Capital Withdrawal Option (IDCW);INF200K01LO4;INF200K01LP1;1076.9499;;;19-Sep-2021

Sundaram Mutual Fund
146964;Sundaram Overnight Fund Direct Plan - Daily Reinvestment of Income Distribution cum Capital Withdrawal (IDCW);INF903JA1HJ9;;1000.0300;;;19-Sep-2021
146956;Sundaram Overnight Fund Direct Plan - Fortnightly Reinvestment of Income Distribution cum Capital Withdrawal (IDCW);INF903JA1HL5;;1064.4516;;;19-Sep-2021
146963;Sundaram Overnight Fund Direct Plan - Growth;INF903JA1HG5;;1110.4303;;;19-Sep-2021
146962;Sundaram Overnight Fund Direct Plan - Monthly Payout of Income Distribution cum Capital Withdrawal (IDCW);INF903JA1HH3;;1042.4943;;;19-Sep-2021
146957;Sundaram Overnight Fund Direct Plan - Monthly Reinvestment of Income Distribution cum Capital Withdrawal (IDCW);INF903JA1HM3;;1042.4943;;;19-Sep-2021
146955;Sundaram Overnight Fund Direct Plan - Weekly Reinvestment of Income Distribution cum Capital Withdrawal (IDCW);INF903JA1HK7;;1048.4885;;;19-Sep-2021
146953;Sundaram Overnight Fund Regular Plan - Daily Reinvestment of Income Distribution cum Capital Withdrawal (IDCW);INF903JA1HC4;;1000.0300;;;19-Sep-2021
146958;Sundaram Overnight Fund Regular Plan - Fortnightly Reinvestment of Income Distribution cum Capital Withdrawal (IDCW);INF903JA1HE0;;1065.8743;;;19-Sep-2021
146959;Sundaram Overnight Fund Regular Plan - Growth;INF903JA1GZ7;;1107.4943;;;19-Sep-2021
146960;Sundaram Overnight Fund Regular Plan - Monthly Payout of Income Distribution cum Capital Withdrawal (IDCW);INF903JA1HA8;;1038.8024;;;19-Sep-2021
146961;Sundaram Overnight Fund Regular Plan - Monthly Reinvestment of Income Distribution cum Capital Withdrawal (IDCW);INF903JA1HF7;;1038.8024;;;19-Sep-2021
146954;Sundaram Overnight Fund Regular Plan - Weekly Payout of Income Distribution cum Capital Withdrawal (IDCW);INF903JA1HD2;;1047.3822;;;19-Sep-2021

Tata Mutual Fund
146978;TATA Overnight Fund Direct Plan - Daily Reinvestment of Income Distribution cum capital withdrawal option   ;;INF277K019T3;1000.0000;;;19-Sep-2021
146979;TATA Overnight Fund Regular Plan - Daily Reinvestment of Income Distribution cum capital withdrawal option   ;;INF277K017T7;1000.0000;;;19-Sep-2021
146980;Tata Overnight Fund-Direct Plan-Growth;INF277K018T5;;1101.9997;;;19-Sep-2021
146977;Tata Overnight Fund-Regular Plan-Growth;INF277K016T9;;1099.1108;;;19-Sep-2021

Union Mutual Fund
147002;Union Overnight Fund - Direct Plan - Daily IDCW Option;;INF582M01FB0;1000.7630;;;19-Sep-2021
147003;Union Overnight Fund - Direct Plan - Growth Option;INF582M01FA2;;1099.7721;;;19-Sep-2021
147006;Union Overnight Fund - Direct Plan - Monthly IDCW Option;INF582M01FG9;INF582M01FE4;1002.7691;;;19-Sep-2021
146998;Union Overnight Fund - Regular Plan - Daily IDCW Option;;INF582M01FK1;1000.7574;;;19-Sep-2021
146997;Union Overnight Fund - Regular Plan - Growth Option;INF582M01FJ3;;1097.0903;;;19-Sep-2021
147000;Union Overnight Fund - Regular Plan - Monthly IDCW Option;INF582M01FP0;INF582M01FN5;1002.7047;;;19-Sep-2021

UTI Mutual Fund
100814;UTI - Overnight  Fund - Regular Plan - Growth Option;INF789F01604;;2834.2112;;;19-Sep-2021
120785;UTI - Overnight Fund - Direct Plan - Growth Option;INF789FB1S71;;2859.3343;;;19-Sep-2021
124266;UTI Overnight Fund - Direct Plan - Daily IDCW;;INF789FB1S89;1371.6621;;;19-Sep-2021
120786;UTI Overnight Fund - Direct Plan - Periodic IDCW;INF789FB1T05;INF789FB1S97;1530.1188;;;19-Sep-2021
124265;UTI Overnight Fund - Regular Plan - Daily IDCW;;INF789FB1T13;1370.8617;;;19-Sep-2021
100813;UTI Overnight Fund - Regular Plan - Periodic IDCW;INF789F01588;INF789F01596;1489.5943;;;19-Sep-2021

WhiteOak Capital Mutual Fund
147591;WhiteOak Capital Overnight Fund- Direct plan-Daily Reinvestment of Income Distribution cum capital withdrawal option (IDCW);;INF03VN01332;1000.3832;;;19-Sep-2021
147595;WhiteOak Capital Overnight Fund- Direct plan-Fortnightly  Payout/ Reinvestment of Income Distribution cum capital withdrawal option (IDCW);INF03VN01340;INF03VN01357;1003.0653;;;19-Sep-2021
147593;WhiteOak Capital Overnight Fund- Direct plan-Growth Option;INF03VN01365;;1074.5329;;;19-Sep-2021
147597;WhiteOak Capital Overnight Fund- Direct plan-Monthly  Payout/ Reinvestment of Income Distribution cum capital withdrawal option (IDCW);INF03VN01373;INF03VN01381;1001.8734;;;19-Sep-2021
147599;WhiteOak Capital Overnight Fund- Direct plan-Weekly Payout/ Reinvestment of Income Distribution cum capital withdrawal option (IDCW);INF03VN01407;INF03VN01415;1000.7780;;;19-Sep-2021
147590;WhiteOak Capital Overnight Fund- Regular plan-Growth Option;INF03VN01456;;1073.1190;;;19-Sep-2021
147598;WhiteOak Capital Overnight Fund- Regular plan-Weekly  Payout/ Reinvestment of Income Distribution cum capital withdrawal option (IDCW);INF03VN01480;INF03VN01498;1001.5077;;;19-Sep-2021

Open Ended Schemes ( Debt Scheme - Liquid Fund )


360 ONE Mutual Fund
125349;360 ONE LIQUID FUND DIRECT PLAN  DAILY DIVIDEND REINVESTMENT;;INF579M01688;1000.0427;;;19-Sep-2021
125345;360 ONE LIQUID FUND DIRECT PLAN  GROWTH;INF579M01621;;1612.4059;;;19-Sep-2021
125343;360 ONE LIQUID FUND DIRECT PLAN  WEEKLY DIVIDEND;INF579M01639;INF579M01696;1005.3907;;;19-Sep-2021
125342;360 ONE LIQUID FUND REGULAR PLAN  DAILY DIVIDEND REINVESTMENT;;INF579M01563;1000.0701;;;19-Sep-2021
125259;360 ONE LIQUID FUND REGULAR PLAN  GROWTH;INF579M01506;;1606.0802;;;19-Sep-2021
125337;360 ONE LIQUID FUND REGULAR PLAN  WEEKLY DIVIDEND;INF579M01514;INF579M01571;1005.3916;;;19-Sep-2021

Aditya Birla Sun Life Mutual Fund
100047;Aditya Birla Sun Life Liquid Fund - Growth;INF209K01RU9;;334.3331;;;19-Sep-2021
119568;Aditya Birla Sun Life Liquid Fund - Growth - Direct Plan;INF209K01VA3;;336.7729;;;19-Sep-2021
100046;Aditya Birla Sun Life Liquid Fund -Daily IDCW;INF209K01KQ2;INF209K01SQ5;100.195;;;19-Sep-2021
119569;Aditya Birla Sun Life Liquid Fund -Direct - daily IDCW;INF209K01UZ2;;100.195;;;19-Sep-2021
119571;Aditya Birla Sun Life Liquid Fund -DIRECT - IDCW;INF209K01VD7;;182.8407;;;19-Sep-2021
119570;Aditya Birla Sun Life Liquid Fund -Direct - weekly IDCW;INF209K01VC9;;100.2426;;;19-Sep-2021
100041;Aditya Birla Sun Life Liquid Fund -Institutional - IDCW;;INF209K01KN9;108.023;;;19-Sep-2021
100048;Aditya Birla Sun Life Liquid Fund -Institutional - weekly  IDCW;INF209KA1LK7;INF209K01KY6;108.0864;;;19-Sep-2021
103885;Aditya Birla Sun Life Liquid Fund -Regular - IDCW;INF209KA1LI1;;139.8937;;;19-Sep-2021
100044;Aditya Birla Sun Life Liquid Fund -Retail - IDCW;;INF209K01KP4;163.694;;;19-Sep-2021
100051;Aditya Birla Sun Life Liquid Fund -weekly IDCW;INF209K01KU4;INF209KA1LJ9;100.2421;;;19-Sep-2021
112014;Aditya Birla Sun Life Liquid Fund- Discipline Advantage Plan;INF209K01KZ3;;225.0137;;;19-Sep-2021
100043;Aditya Birla Sun Life Liquid Fund-Institutional (Growth);INF209K01RT1;;556.7695;;;19-Sep-2021
100042;Aditya Birla Sun Life Liquid Fund-Retail (Growth);INF209K01ME4;;542.551;;;19-Sep-2021

Axis Mutual Fund
120388;Axis Liquid Fund - Direct Plan - Daily IDCW;;INF846K01DA0;1000.9560;;;19-Sep-2021
120389;Axis Liquid Fund - Direct Plan - Growth Option;INF846K01CX4;;2320.6078;;;19-Sep-2021
120391;Axis Liquid Fund - Direct Plan - Monthly IDCW;INF846K01CY2;INF846K01CZ9;1002.8415;;;19-Sep-2021
120390;Axis Liquid Fund - Direct Plan - Weekly IDCW;INF846K01DB8;INF846K01DC6;1002.5981;;;19-Sep-2021
112211;Axis Liquid Fund - Regular Plan - Daily IDCW;;INF846K01420;1001.3998;;;19-Sep-2021
112210;Axis Liquid Fund - Regular Plan - Growth Option;INF846K01412;;2307.5843;;;19-Sep-2021
112213;Axis Liquid Fund - Regular Plan - Monthly IDCW;INF846K01453;INF846K01461;1003.3848;;;19-Sep-2021
112212;Axis Liquid Fund - Regular Plan - Weekly IDCW;INF846K01438;INF846K01446;1002.5865;;;19-Sep-2021
112712;Axis Liquid Fund - Retail Plan - Daily IDCW;;INF846K01362;1000.9559;;;19-Sep-2021
112713;Axis Liquid Fund - Retail Plan - Growth Option;INF846K01354;;2153.3154;;;19-Sep-2021
112714;Axis Liquid Fund - Retail Plan - Monthly IDCW;INF846K01396;INF846K01404;1002.4931;;;19-Sep-2021
112715;Axis Liquid Fund - Retail Plan - Weekly IDCW;INF846K01370;INF846K01388;1001.0943;;;19-Sep-2021

Bandhan Mutual Fund
108692;BANDHAN LIQUID Fund - Regular Plan - Daily IDCW;INF194K01VZ4;INF194K01VY7;1001.0846;;;19-Sep-2021
108690;BANDHAN LIQUID Fund - Regular Plan - Growth;INF194K01VX9;;2511.1129;;;19-Sep-2021
108693;BANDHAN LIQUID Fund - Regular Plan - Monthly IDCW;INF194K01WF4;INF194K01WE7;1002.0033;;;19-Sep-2021
115489;BANDHAN LIQUID Fund - Regular Plan - Periodic IDCW;INF194K01WC1;INF194K01WB3;1084.1451;;;19-Sep-2021
108691;BANDHAN LIQUID Fund - Regular Plan - Weekly IDCW;INF194K01WI8;INF194K01WH0;1001.2563;;;19-Sep-2021
139582;BANDHAN LIQUID Fund - Unclaimed IDCW Less than 3 years;INF194KA14C0;;1.3446;;;19-Sep-2021
139583;BANDHAN LIQUID Fund - Unclaimed IDCW More than 3 years;INF194KA15C7;;1.0000;;;19-Sep-2021
139584;BANDHAN LIQUID Fund - Unclaimed Redemption Less than 3 years;INF194KA12C4;;1.3446;;;19-Sep-2021
139585;BANDHAN LIQUID Fund - Unclaimed Redemption More than 3 years;INF194KA13C2;;1.0000;;;19-Sep-2021
118365;BANDHAN LIQUID Fund -Direct Plan -Monthly IDCW;INF194K01J36;INF194K01J28;1008.7571;;;19-Sep-2021
118367;BANDHAN LIQUID Fund -Direct Plan -Weekly IDCW;INF194KB1JT8;INF194K01J51;1007.1322;;;19-Sep-2021
118366;BANDHAN LIQUID Fund -Direct Plan-Daily IDCW;;INF194K01I78;1001.6663;;;19-Sep-2021
118364;BANDHAN LIQUID Fund -Direct Plan-Growth;INF194K01I60;;2524.4083;;;19-Sep-2021
118363;BANDHAN LIQUID Fund -Direct Plan-Periodic IDCW;INF194K01J02;INF194K01I94;1017.0368;;;19-Sep-2021

Bank of India Mutual Fund
141887;BANK OF INDIA Liquid Fund  Unclaimed Dividend greater than  3 years;;;1000.0000;;;19-Sep-2021
141889;BANK OF INDIA Liquid Fund  Unclaimed Dividend Upto 3 years;;;1219.6372;;;19-Sep-2021
141888;BANK OF INDIA Liquid Fund  Unclaimed Redemption greater than  3 years;;;1000.0000;;;19-Sep-2021
141890;BANK OF INDIA Liquid Fund  Unclaimed Redemption Upto 3 years;;;1219.5095;;;19-Sep-2021
119368;BANK OF INDIA Liquid Fund- Direct Plan- Daily IDCW;;INF761K01CL0;1002.6483;;;19-Sep-2021
119369;BANK OF INDIA Liquid Fund- Direct Plan- Growth;INF761K01785;;2403.3621;;;19-Sep-2021
119370;BANK OF INDIA Liquid Fund- Direct Plan- Weekly IDCW;;INF761K01CM8;1062.0922;;;19-Sep-2021
111971;BANK OF INDIA Liquid Fund- Regular Plan- Daily IDCW;;INF761K01CO4;1002.1069;;;19-Sep-2021
109254;BANK OF INDIA Liquid Fund- Regular Plan- Growth;INF761K01306;;2384.0393;;;19-Sep-2021
109255;BANK OF INDIA Liquid Fund- Regular Plan- Weekly IDCW;;INF761K01CP1;1001.8120;;;19-Sep-2021

Baroda BNP Paribas Mutual Fund
119414;Baroda BNP Paribas LIQUID FUND - DIRECT PLAN - DAILY IDCW OPTION;INF955L01AK2;;1002.0849;;;19-Sep-2021
119415;Baroda BNP Paribas LIQUID FUND - DIRECT PLAN - GROWTH OPTION;INF955L01AL0;;2407.2251;;;19-Sep-2021
119416;Baroda BNP Paribas LIQUID FUND - DIRECT PLAN - WEEKLY IDCW OPTION;INF251K01SL8;;1219.0312;;;19-Sep-2021
111707;Baroda BNP Paribas LIQUID FUND - Regular Plan - DAILY IDCW OPTION;INF955L01468;INF955L01476;1001.1996;;;19-Sep-2021
111704;Baroda BNP Paribas LIQUID FUND - Regular Plan - GROWTH OPTION;INF955L01484;;2387.1581;;;19-Sep-2021
111705;Baroda BNP Paribas LIQUID FUND - Regular Plan - WEEKLY IDCW OPTION;INF251K01SK0;INF955L01500;1000.5260;;;19-Sep-2021
101408;Baroda BNP Paribas LIQUID FUND- Defunct Plan -Growth Option;INF955L01575;;3512.6937;;;19-Sep-2021
101407;Baroda BNP Paribas LIQUID FUND-Defunct Plan- IDCW Option;INF955L01559;INF955L01567;3009.5765;;;19-Sep-2021
101409;Baroda BNP Paribas LIQUID FUND-Defunct Plan-Daily IDCW Option;INF955L01518;INF955L01526;1006.0602;;;19-Sep-2021

BNP Paribas Mutual Fund
130473;BNP PARIBAS LIQUID FUND - DAILY Income Distribution cum Capital Withdrawal OPTION;;INF251K01NK1;1000.4900;;;19-Sep-2021
130489;BNP PARIBAS LIQUID Fund - DIRECT PLAN - MONTHLY Income Distribution cum Capital Withdrawal OPTION;INF251K01NR6;INF251K01NS4;1002.1400;;;19-Sep-2021
130486;BNP PARIBAS LIQUID FUND - DIRECT PLAN -- DAILY Income Distribution cum Capital Withdrawal OPTION;;INF251K01NP0;1001.3201;;;19-Sep-2021
130472;BNP PARIBAS LIQUID FUND - GROWTH OPTION;INF251K01NJ3;;3189.8830;;;19-Sep-2021
130476;BNP PARIBAS LIQUID FUND - MONTHLY Income Distribution cum Capital Withdrawal OPTION;INF251K01NM7;INF251K01NN5;1002.0739;;;19-Sep-2021
130459;BNP PARIBAS LIQUID FUND - REGULAR PLAN - GROWTH OPTION;INF251K01NF1;;3014.5877;;;19-Sep-2021
130465;BNP PARIBAS LIQUID FUND - REGULAR PLAN - WEEKLY Income Distribution cum Capital Withdrawal OPTION;;INF251K01NG9;1000.4753;;;19-Sep-2021
130474;BNP PARIBAS LIQUID FUND - WEEKLY Income Distribution cum Capital Withdrawal OPTION;;INF251K01NL9;1000.4783;;;19-Sep-2021
130479;BNP PARIBAS LIQUID FUND -- DIRECT PLAN - GROWTH OPTION;INF251K01NO3;;3217.3611;;;19-Sep-2021
130487;BNP PARIBAS LIQUID FUND -- DIRECT PLAN - WEEKLY Income Distribution cum Capital Withdrawal OPTION;;INF251K01NQ8;1000.4866;;;19-Sep-2021
139562;BNP PARIBAS LIQUID FUND SPECIAL UNCLAIMED DIV 36A -- GROWTH OPTION;INF251K01OL7;;1267.4947;;;19-Sep-2021
139561;BNP PARIBAS LIQUID FUND SPECIAL UNCLAIMED DIV 36B -- GROWTH OPTION;INF251K01OM5;;1359.7073;;;19-Sep-2021
139560;BNP PARIBAS LIQUID FUND SPECIAL UNCLAIMED RED 36A-- GROWTH OPTION;INF251K01OJ1;;1266.0297;;;19-Sep-2021
139563;BNP PARIBAS LIQUID FUND SPECIAL UNCLAIMED RED 36B -- GROWTH OPTION;INF251K01OK9;;1358.1698;;;19-Sep-2021

Canara Robeco Mutual Fund
118307;CANARA ROBECO LIQUID FUND - DIRECT PLAN - DAILY IDCW (Reinvestment);;INF760K01FS0;1005.5000;;;19-Sep-2021
118305;CANARA ROBECO LIQUID FUND - DIRECT PLAN - GROWTH OPTION;INF760K01FU6;;2504.3432;;;19-Sep-2021
118304;CANARA ROBECO LIQUID FUND - DIRECT PLAN - IDCW (Payout/Reinvestment);INF760K01FT8;;1792.7790;;;19-Sep-2021
118306;CANARA ROBECO LIQUID FUND - DIRECT PLAN - MONTHLY IDCW (Payout/Reinvestment);INF760K01FV4;INF760K01FW2;1002.1351;;;19-Sep-2021
118308;CANARA ROBECO LIQUID FUND - DIRECT PLAN - WEEKLY IDCW (Payout/Reinvestment);INF760K01FY8;INF760K01FX0;1000.3353;;;19-Sep-2021
109349;CANARA ROBECO LIQUID FUND - REGULAR PLAN - DAILY IDCW (Reinvestment);;INF760K01CU3;1005.5000;;;19-Sep-2021
109353;CANARA ROBECO LIQUID FUND - REGULAR PLAN - GROWTH OPTION;INF760K01CW9;;2496.2642;;;19-Sep-2021
109351;CANARA ROBECO LIQUID FUND - REGULAR PLAN - MONTHLY IDCW (Payout/Reinvestment);INF760K01CX7;INF760K01CY5;1002.1213;;;19-Sep-2021
109350;CANARA ROBECO LIQUID FUND - REGULAR PLAN - WEEKLY IDCW (Payout/Reinvestment);INF760K01BZ4;INF760K01CZ2;1000.3332;;;19-Sep-2021
139235;Canara Robeco Liquid Fund -Unclaimed Redemption and Dividend Plan -Direct Growth Option;INF760K01IC8;;1363.1617;;;19-Sep-2021

DSP Mutual Fund
119125;DSP Liquidity Fund - Direct Plan - Growth;INF740K01QL4;;2987.0945;;;19-Sep-2021
119124;DSP Liquidity Fund - Direct Plan - IDCW - Daily;;INF740KA1OB6;1000.9329;;;19-Sep-2021
119123;DSP Liquidity Fund - Direct Plan - IDCW - Weekly;INF740KA1OC4;INF740KA1OD2;1001.1551;;;19-Sep-2021
103347;DSP Liquidity Fund - Regular Plan - Growth;INF740K01FK9;;2963.8491;;;19-Sep-2021
103348;DSP Liquidity Fund - Regular Plan - IDCW - Weekly;INF740K01FM5;INF740K01FL7;1001.1460;;;19-Sep-2021
103349;DSP Liquidity Fund- Regular Plan - IDCW - Daily;;INF740KA1OE0;1000.9329;;;19-Sep-2021

Edelweiss Mutual Fund
140194;Edelweiss Liquid Fund - Direct Plan - Bonus Option;INF754K01GY9;;1569.2279;;;19-Sep-2021
140196;Edelweiss Liquid Fund - Direct Plan - Growth Option;INF754K01GM4;;2697.2698;;;19-Sep-2021
140198;Edelweiss Liquid Fund - Direct Plan - IDCW Option;INF754K01GO0;INF754K01GN2;2697.2835;;;19-Sep-2021
140192;Edelweiss Liquid Fund - Direct Plan Annual - IDCW Option;INF754K01GX1;INF754K01GT9;2697.2616;;;19-Sep-2021
140193;Edelweiss Liquid Fund - Direct Plan daily - IDCW Option;;INF754K01GP7;1002.9603;;;19-Sep-2021
140199;Edelweiss Liquid Fund - Direct Plan Fortnightly - IDCW Option;INF754K01GV5;INF754K01GR3;2171.6658;;;19-Sep-2021
140197;Edelweiss Liquid Fund - Direct Plan Monthly - IDCW Option;INF754K01GW3;INF754K01GS1;1006.4861;;;19-Sep-2021
140195;Edelweiss Liquid Fund - Direct Plan weekly - IDCW Option;INF754K01GU7;INF754K01GQ5;2172.4692;;;19-Sep-2021
140189;Edelweiss Liquid Fund - Regular Plan - Bonus Option;INF754K01HR1;;1551.482;;;19-Sep-2021
140182;Edelweiss Liquid Fund - Regular Plan - Growth Option;INF754K01GZ6;;2663.4503;;;19-Sep-2021
140190;Edelweiss Liquid Fund - Regular Plan - IDCW Option;INF754K01GK8;INF754K01GL6;2663.4536;;;19-Sep-2021
140188;Edelweiss Liquid Fund - Regular Plan Annual - IDCW Option;INF754K01HQ3;INF754K01HP5;1842.8857;;;19-Sep-2021
140181;Edelweiss Liquid Fund - Regular Plan Daily - IDCW Option;;INF754K01HA7;1003.3974;;;19-Sep-2021
140184;Edelweiss Liquid Fund - Regular Plan Fortnightly - IDCW Option;INF754K01HK6;INF754K01HC3;2153.5492;;;19-Sep-2021
140183;Edelweiss Liquid Fund - Regular Plan Monthly - IDCW Option;INF754K01HL4;INF754K01HD1;1006.0887;;;19-Sep-2021
140185;Edelweiss Liquid Fund - Regular Plan Weekly - IDCW Option;INF754K01HJ8;INF754K01HB5;1018.411;;;19-Sep-2021
140176;Edelweiss Liquid Fund - Retail Plan - Growth Option;INF754K01HE9;;2422.2209;;;19-Sep-2021
140178;Edelweiss Liquid Fund - Retail Plan - Weekly Dividend Option;;INF754K01HG4;1230.8236;;;19-Sep-2021
140177;Edelweiss Liquid Fund - Retail Plan Daily - IDCW Option;;INF754K01HF6;1003.1709;;;19-Sep-2021
140180;Edelweiss Liquid Fund - Retail Plan Monthly - IDCW Option;;INF754K01HI0;1245.9281;;;19-Sep-2021
141159;Edelweiss Liquid Fund - Unclaimed Dividend Plan- Above 3 years;;;1000;;;19-Sep-2021
141161;Edelweiss Liquid Fund - Unclaimed Dividend Plan- Upto 3 years;;;1289.8206;;;19-Sep-2021
141162;Edelweiss Liquid Fund - Unclaimed Redemption Plan- Above 3 years;;;1000;;;19-Sep-2021
141160;Edelweiss Liquid Fund - Unclaimed Redemption Plan- Upto 3 years;;;1289.8305;;;19-Sep-2021

Franklin Templeton Mutual Fund
100541;Franklin India Liquid Fund - Regular Plan - Daily - IDCW;;INF090I01BA3;1510.4899;;;19-Sep-2021
100538;Franklin India Liquid Fund - Regular Plan - Growth;INF090I01BB1;;4816.0559;;;19-Sep-2021
100537;Franklin India Liquid Fund - Regular Plan - Weekly - IDCW;INF090I01BL0;INF090I01BI6;1244.2967;;;19-Sep-2021
118577;Franklin India Liquid Fund - Super Institutional - Direct - Growth;INF090I01JV2;;3140.1146;;;19-Sep-2021
100547;Franklin India Liquid Fund - Super Institutional Plan - Daily - IDCW;;INF090I01BF2;1000.0000;;;19-Sep-2021
118578;Franklin India Liquid Fund - Super Institutional Plan - Direct - Daily - IDCW;INF090I01JW0;;1002.2204;;;19-Sep-2021
118579;Franklin India Liquid Fund - Super Institutional Plan - Direct - Weekly - IDCW;INF090I01JX8;INF090I01JY6;1021.3891;;;19-Sep-2021
100546;Franklin India Liquid Fund - Super Institutional Plan - Growth;INF090I01BG0;;3122.8469;;;19-Sep-2021
100548;Franklin India Liquid Fund - Super Institutional Plan - Weekly - IDCW;INF090I01BM8;INF090I01BH8;1021.9243;;;19-Sep-2021
139892;Franklin India Liquid Fund - Unclaimed IDCW Investor Education Plan - Growth;INF090I01LR6;;10.0000;;;19-Sep-2021
139890;Franklin India Liquid Fund - Unclaimed IDCW Plan - Growth;INF090I01LP0;;13.2554;;;19-Sep-2021
139891;Franklin India Liquid Fund - Unclaimed Redemption Investor Education Plan - Growth;INF090I01LQ8;;10.0000;;;19-Sep-2021
139889;Franklin India Liquid Fund - Unclaimed Redemption Plan - Growth;INF090I01LO3;;13.2554;;;19-Sep-2021
102443;Franklin India Liquid Fund - Institutional Plan - Daily - IDCW;;INF090I01BC9;1000.0000;;;19-Sep-2021
102442;Franklin India Liquid Fund - Institutional Plan - Weekly - IDCW;INF090I01BJ4;INF090I01BE5;1054.7184;;;19-Sep-2021

Groww Mutual Fund
119135;Groww Liquid Fund ( formerly known as Indiabulls Liquid )Fund - Direct Plan - Growth Option;INF666M01451;;2034.6237;;;19-Sep-2021
119136;Groww Liquid Fund (formerly known as Indiabulls Liquid Fund) - Direct Plan- - Income Distribution cum capital withdrawal Option ( Reinvestment);;INF666M01469;1001.06;;;19-Sep-2021
115991;Groww Liquid Fund (formerly known as Indiabulls Liquid Fund) - Regular Plan - Growth Option;INF666M01014;;2017.308;;;19-Sep-2021
119138;Groww Liquid Fund (formerly known as Indiabulls Liquid Fund)- Direct Plan- Fortnightly - Income Distribution cum capital withdrawal Option (Payout & Reinvestment);INF666M01501;INF666M01485;1001.037;;;19-Sep-2021
119139;Groww Liquid Fund (formerly known as Indiabulls Liquid Fund)- Direct Plan- Monthly - Income Distribution cum capital withdrawal Option (Payout & Reinvestment);INF666M01519;INF666M01493;1030.824;;;19-Sep-2021
119137;Groww Liquid Fund (formerly known as Indiabulls Liquid Fund)- Direct Plan- Weekly - Income Distribution cum capital withdrawal Option (Payout & Reinvestment);INF666M01527;INF666M01477;1001.015;;;19-Sep-2021
115992;Groww Liquid Fund (formerly known as Indiabulls Liquid Fund)- Regular Plan- - Income Distribution cum capital withdrawal Option (Reinvestment);;INF666M01022;1001.1451;;;19-Sep-2021
115995;Groww Liquid Fund (formerly known as Indiabulls Liquid Fund)- Regular Plan- Monthly - Income Distribution cum capital withdrawal Option (Payout & Reinvestment);INF666M01071;INF666M01055;1002.24;;;19-Sep-2021
115993;Groww Liquid Fund (formerly known as Indiabulls Liquid Fund)- Regular Plan- Weekly - Income Distribution cum capital withdrawal Option (Payout & Reinvestment);INF666M01089;INF666M01030;1002.0696;;;19-Sep-2021
115994;Groww Liquid Fund (formerly known as Indiabulls Liquid) Fund- Regular Plan- Fortnightly - Income Distribution cum capital withdrawal Option (Payout & Reinvestment);INF666M01063;INF666M01048;1000.9515;;;19-Sep-2021
147937;Indiabulls Liquid Fund - Direct Plan- Growth -Unclaimed Redemption < 3 Yrs;;;2035.0419;;;19-Sep-2021
147939;Indiabulls Liquid Fund - Direct Plan- Growth- Unclaimed Redemption> 3Yrs;;;2035.0083;;;19-Sep-2021
147938;Indiabulls Liquid Fund- Direct Plan-Growth- Unclaimed Dividend < 3 Yrs;;;2023.3835;;;19-Sep-2021
147940;Indiabulls Liquid Fund-Direct Plan- Growth- Unclaimed Dividend > 3 Yrs;;;2034.9462;;;19-Sep-2021

HDFC Mutual Fund
119091;HDFC Liquid Fund - Growth Option - Direct Plan;INF179KB1HP9;;4108.3629;;;19-Sep-2021
100868;HDFC Liquid Fund - Growth Plan;INF179KB1HK0;;4078.1763;;;19-Sep-2021
100875;HDFC Liquid Fund - IDCW Daily;;INF179KB1IC5;1019.82;;;19-Sep-2021
119089;HDFC Liquid Fund - IDCW Daily - Direct Plan;;INF179KB1HV7;1019.82;;;19-Sep-2021
100876;HDFC Liquid Fund - IDCW Monthly;INF179KB1HM6;INF179KB1HL8;1027.9915;;;19-Sep-2021
119090;HDFC Liquid Fund - IDCW Monthly - Direct Plan;INF179KB1HO2;INF179KB1HQ7;1028.0479;;;19-Sep-2021
100874;HDFC Liquid Fund - IDCW Plan Weekly;INF179KB1ID3;;1031.5401;;;19-Sep-2021
119088;HDFC Liquid Fund - IDCW Weekly - Direct Plan;;;1031.5571;;;19-Sep-2021

HSBC Mutual Fund
139238;HSBC Cash Fund - Unclaimed Dividend Above 3 years;;;1000;;;19-Sep-2021
139237;HSBC Cash Fund - Unclaimed Dividend Below 3 years;;;1346.2;;;19-Sep-2021
139239;HSBC Cash Fund - Unclaimed Redemption Above 3 years;;;1000;;;19-Sep-2021
139240;HSBC Cash Fund - Unclaimed Redemption Below 3 years;;;1346.2;;;19-Sep-2021
120038;HSBC Liquid Fund -  Growth Direct;INF336L01CC8;;2080.8994;;;19-Sep-2021
120037;HSBC Liquid Fund - Direct Daily IDCW;;INF336L01CB0;1000.9401;;;19-Sep-2021
120039;HSBC Liquid Fund - Direct Monthly IDCW;INF336L01BZ1;INF336L01CA2;1040.1526;;;19-Sep-2021
120040;HSBC Liquid Fund - Direct Weekly IDCW;INF336L01LK2;INF336L01CD6;1157.6237;;;19-Sep-2021
118907;HSBC Liquid Fund - Growth;INF336L01BL1;;3013.2179;;;19-Sep-2021
118906;HSBC Liquid Fund - IDCW;;INF336L01BK3;1019.3;;;19-Sep-2021
118909;HSBC Liquid Fund - Institutional Daily IDCW;;INF336L01BS6;1527.2102;;;19-Sep-2021
118901;HSBC Liquid Fund - Regular Daily IDCW;;INF336L01BM9;1001.0916;;;19-Sep-2021
118902;HSBC Liquid Fund - Regular Growth;INF336L01BN7;;2069.41;;;19-Sep-2021
118903;HSBC Liquid Fund - Regular Monthly IDCW;INF336L01BP2;INF336L01BO5;1003.6896;;;19-Sep-2021
118904;HSBC Liquid Fund - Regular Weekly IDCW;INF336L01LJ4;INF336L01BQ0;1107.9106;;;19-Sep-2021
118908;HSBC Liquid Fund - Weekly IDCW;;INF336L01BR8;1000.5312;;;19-Sep-2021

ICICI Prudential Mutual Fund
100357;ICICI Prudential Liquid Fund -Quarterly IDCW;INF109K01UU5;INF109K01UT7;101.0866;;;19-Sep-2021
103343;ICICI Prudential Liquid Fund - Daily IDCW;INF109K01VP3;;100.1482;;;19-Sep-2021
120198;ICICI Prudential Liquid Fund - Direct Plan -  Annual IDCW;INF109K01P99;INF109K01Q07;103.3301;;;19-Sep-2021
120187;ICICI Prudential Liquid Fund - Direct Plan -  Half Yearly IDCW;INF109K01Q56;INF109K01Q64;106.1748;;;19-Sep-2021
120191;ICICI Prudential Liquid Fund - Direct Plan -  IDCW Others;INF109K01Q31;INF109K01Q23;149.4472;;;19-Sep-2021
120188;ICICI Prudential Liquid Fund - Direct Plan - Daily IDCW;;INF109K01Q15;100.1082;;;19-Sep-2021
120197;ICICI Prudential Liquid Fund - Direct Plan - Growth;INF109K01Q49;;309.5042;;;19-Sep-2021
120189;ICICI Prudential Liquid Fund - Direct Plan - Monthly IDCW;INF109K01R06;;100.3522;;;19-Sep-2021
120196;ICICI Prudential Liquid Fund - Direct Plan - Quarterly IDCW;INF109K01Q72;INF109K01Q80;101.867;;;19-Sep-2021
120190;ICICI Prudential Liquid Fund - Direct Plan - Weekly IDCW;INF109K01Q98;;100.2341;;;19-Sep-2021
103340;ICICI Prudential Liquid Fund - Growth;INF109K01VQ1;;307.6104;;;19-Sep-2021
104308;ICICI Prudential Liquid Fund - Half Yearly IDCW;INF109K01UX9;INF109K01UW1;105.0797;;;19-Sep-2021
115505;ICICI Prudential Liquid Fund - IDCW Others;INF109K01VU3;INF109K01VT5;148.8638;;;19-Sep-2021
139434;ICICI Prudential Liquid Fund - Unclaimed IDCW;INF109KB1WR9;;136.3786;;;19-Sep-2021
139432;ICICI Prudential Liquid Fund - Unclaimed IDCW Investor Education;INF109KB1WS7;;100;;;19-Sep-2021
139433;ICICI Prudential Liquid Fund - Unclaimed Redemption;INF109KB1WQ1;;136.3786;;;19-Sep-2021
139431;ICICI Prudential Liquid Fund - Unclaimed Redemption Investor Education;INF109KB1WT5;;100;;;19-Sep-2021
103342;ICICI Prudential Liquid Fund - Weekly IDCW;INF109K01VS7;;100.207;;;19-Sep-2021
103341;ICICI Prudential Liquid Fund -Monthly IDCW;INF109K01VR9;;100.2416;;;19-Sep-2021
112119;ICICI Prudential Liquid Fund-Annual IDCW;INF109K01VD9;INF109K01VC1;103.1756;;;19-Sep-2021

IDBI Mutual Fund
126163;IDBI Liquid Fund Bonus Direct;INF397L01FP5;;1684.7406;;;19-Sep-2021
118345;IDBI Liquid Fund Growth Direct;INF397L01AH3;;2248.7420;;;19-Sep-2021
113104;IDBI Liquid Fund- Monthly IDCW;INF397L01976;INF397L01968;1005.7667;;;19-Sep-2021
118449;IDBI Liquid Fund- Monthly IDCW Direct;INF397L01AK7;INF397L01AJ9;1004.2318;;;19-Sep-2021
113102;IDBI Liquid Fund-Daily IDCW;;INF397L01935;1005.2683;;;19-Sep-2021
118450;IDBI Liquid Fund-Daily IDCW Direct;;INF397L01AI1;1002.3548;;;19-Sep-2021
113096;IDBI Liquid Fund-Growth;INF397L01984;;2231.0350;;;19-Sep-2021
113103;IDBI Liquid Fund-Weekly IDCW;INF397L01950;INF397L01943;1023.0085;;;19-Sep-2021
118451;IDBI Liquid Fund-Weekly IDCW Direct;INF397L01AM3;INF397L01AL5;1003.7401;;;19-Sep-2021

Invesco Mutual Fund
122786;Invesco India Liquid Fund - Bonus Option;INF205K01UX5;;2854.9855;;;19-Sep-2021
104484;Invesco India Liquid Fund - Daily IDCW (Reinvestment);;INF205K01HN3;1002.7594;;;19-Sep-2021
120537;Invesco India Liquid Fund - Direct Plan - Growth;INF205K01MF9;;2870.0377;;;19-Sep-2021
120536;Invesco India Liquid Fund - Direct Plan - Monthly IDCW (Payout / Reinvestment);INF205K01MG7;INF205K01MH5;1048.9852;;;19-Sep-2021
120535;Invesco India Liquid Fund - Direct Plan - Weekly IDCW (Reinvestment);;INF205K01MI3;1001.0174;;;19-Sep-2021
120534;Invesco India Liquid Fund - Direct Plan- Daily IDCW (Reinvestment);;INF205K01ME2;1000.9596;;;19-Sep-2021
104486;Invesco India Liquid Fund - Growth;INF205K01HM5;;2853.0213;;;19-Sep-2021
104492;Invesco India Liquid Fund - Monthly IDCW (Payout / Reinvestment);INF205K01HQ6;INF205K01HP8;1004.6172;;;19-Sep-2021
104488;Invesco India Liquid Fund - Regular - Growth;INF205K01HG7;;2577.5058;;;19-Sep-2021
104489;Invesco India Liquid Fund - Regular - Weekly IDCW (Reinvestment);;INF205K01HH5;1002.3074;;;19-Sep-2021
139390;Invesco India Liquid Fund - Unclaimed Dividend Plan - Above 3 Years;;;1000;;;19-Sep-2021
139389;Invesco India Liquid Fund - Unclaimed Dividend Plan - Below 3 Years;;;1360.192;;;19-Sep-2021
139388;Invesco India Liquid Fund - Unclaimed Redemption Plan - Above 3 Years;;;1000;;;19-Sep-2021
139387;Invesco India Liquid Fund - Unclaimed Redemption Plan - Below 3 years;;;1360.0861;;;19-Sep-2021
104485;Invesco India Liquid Fund - Weekly IDCW (Reinvestment);;INF205K01HO1;1003.6618;;;19-Sep-2021

ITI Mutual Fund
147161;ITI Liquid Fund - Direct Plan - Annually IDCW Option;INF00XX01366;INF00XX01333;1096.1556;;;19-Sep-2021
147158;ITI Liquid Fund - Direct Plan - Daily IDCW Option;;INF00XX01291;1001.3233;;;19-Sep-2021
147157;ITI Liquid Fund - Direct Plan - Growth Option;INF00XX01283;;1095.7899;;;19-Sep-2021
147163;ITI Liquid Fund - Direct Plan - Monthly IDCW Option;INF00XX01358;INF00XX01325;1002.9933;;;19-Sep-2021
147159;ITI Liquid Fund - Direct Plan - Weekly IDCW Option;;INF00XX01309;1001.4263;;;19-Sep-2021
147162;ITI Liquid Fund - Regular Plan - Annually IDCW Option;INF00XX01275;INF00XX01242;1094.9607;;;19-Sep-2021
147154;ITI Liquid Fund - Regular Plan - Daily IDCW Option;;INF00XX01200;1001.0000;;;19-Sep-2021
147155;ITI Liquid Fund - Regular Plan - Fortnightly Income Distribution cum capital withdrawal option Option;INF00XX01259;INF00XX01226;1023.0315;;;19-Sep-2021
147153;ITI Liquid Fund - Regular Plan - Growth Option;INF00XX01192;;1092.8889;;;19-Sep-2021
147156;ITI Liquid Fund - Regular Plan - Monthly IDCW Option;INF00XX01267;INF00XX01234;1002.9521;;;19-Sep-2021
147164;ITI Liquid Fund - Regular Plan - Weekly IDCW Option;;INF00XX01218;1001.4090;;;19-Sep-2021

JM Financial Mutual Fund
120410;JM Liquid Fund (Direct) - Bonus Option - Bonus Option - Principal units;INF192K01CN4;;18.3846;;;19-Sep-2021
120411;JM Liquid Fund (Direct) - Daily IDCW;;INF192K01CH6;10.4302;;;19-Sep-2021
120406;JM Liquid Fund (Direct) - Growth Option;INF192K01CM6;;57.1338;;;19-Sep-2021
120408;JM Liquid Fund (Direct) - Quarterly IDCW;INF192K01CK0;INF192K01CL8;32.4371;;;19-Sep-2021
120407;JM Liquid Fund (Direct) - Weekly IDCW;INF192K01CI4;INF192K01CJ2;11.0108;;;19-Sep-2021
100244;JM Liquid Fund (Regular) - Quarterly IDCW;INF192K01866;INF192K01874;32.1152;;;19-Sep-2021
100247;JM Liquid Fund (Regular) - Super Institutional Plan - Growth Option;INF192K01981;;32.6270;;;19-Sep-2021
100233;JM Liquid Fund (Regular) - Weekly IDCW;INF192K01841;INF192K01858;11.0081;;;19-Sep-2021
100234;JM Liquid Fund - Growth Option;INF192K01882;;56.7399;;;19-Sep-2021
148414;JM Liquid Fund - Unclaimed Application Refund Amount I.E.F. (Direct) - Growth Plan;;;41.4437;;;19-Sep-2021
148413;JM Liquid Fund - Unclaimed Brokerage I.E.F. (Direct) - Growth Plan;;;41.4437;;;19-Sep-2021
148415;JM Liquid Fund - Withheld Brokerage I.E.F. (Direct) - Growth Plan;;;41.4437;;;19-Sep-2021
139258;JM Liquid Fund Unclaimed Dividend (Direct) Growth Plan;INF192K01LB0;;57.1360;;;19-Sep-2021
139260;JM Liquid Fund Unclaimed Dividend IEF (Direct) Growth Plan;INF192K01LD6;;41.4437;;;19-Sep-2021
139257;JM Liquid Fund Unclaimed Redemption (Direct) Growth Plan;INF192K01LA2;;57.1360;;;19-Sep-2021
139259;JM Liquid Fund Unclaimed Redemption IEF (Direct) Growth Plan;INF192K01LC8;;41.4437;;;19-Sep-2021
101549;JM Liquid Fund (Regular) - Bonus Option - Principal Units;INF192K01890;;18.1683;;;19-Sep-2021
101078;JM Liquid Fund (Regular) - Daily IDCW;;INF192K01833;10.4302;;;19-Sep-2021

Kotak Mahindra Mutual Fund
119764;Kotak Liquid Fund - Direct Plan - Daily Reinvestment of Income Distribution cum capital withdrawal option;;INF174K01NH1;1222.81;;;19-Sep-2021
119766;Kotak Liquid Fund - Direct Plan - Growth;INF174K01NE8;;4224.3084;;;19-Sep-2021
100833;Kotak Liquid Fund - Regular  - Daily Reinvestment of Income Distribution cum capital withdrawal option;;INF174K01NL3;1222.81;;;19-Sep-2021
100835;Kotak Liquid Fund - Regular Plan - Growth;INF174K01NI9;;4203.3622;;;19-Sep-2021

L&T Mutual Fund
122235;L&T Liquid Fund - Direct Plan - Weekly IDCW;;INF917K01HE2;1001.4331;;;19-Sep-2021
119791;L&T Liquid Fund - Direct Plan -Daily IDCW;INF917K01HG7;;1014.3496;;;19-Sep-2021
119790;L&T Liquid Fund - Direct Plan -Growth;INF917K01HF9;;2862.123;;;19-Sep-2021
112458;L&T Liquid Fund - Regular Plan - Weekly IDCW;INF917K01BK2;INF917K01JG3;1003.1937;;;19-Sep-2021
112445;L&T Liquid Fund -Regular Plan - Daily IDCW;INF917K01JB4;;1011.7794;;;19-Sep-2021
112457;L&T Liquid Fund -Regular Plan - Growth;INF917K01JH1;;2848.5089;;;19-Sep-2021

LIC Mutual Fund
120248;LIC MF Liquid Fund-Direct Plan-Daily IDCW;INF767K01DL5;INF767K01DM3;1013.6;;;19-Sep-2021
120249;LIC MF Liquid Fund-Direct Plan-Growth;INF767K01DN1;;3796.2683;;;19-Sep-2021
101184;LIC MF Liquid Fund-Regular Plan-Daily IDCW;INF767K01IQ3;INF767K01IR1;1000.1;;;19-Sep-2021
101185;LIC MF Liquid Fund-Regular Plan-Growth;INF767K01IS9;;3759.2361;;;19-Sep-2021

Mahindra Manulife Mutual Fund
139535;Mahindra Manulife Liquid Fund - Direct Plan - Daily IDCW;;INF174V01051;1000.8430;;;19-Sep-2021
139536;Mahindra Manulife Liquid Fund - Direct Plan - Weekly IDCW;;INF174V01069;1003.3377;;;19-Sep-2021
139538;Mahindra Manulife Liquid Fund - Direct Plan -Growth;INF174V01044;;1358.6489;;;19-Sep-2021
139534;Mahindra Manulife Liquid Fund - Regular Plan - Daily IDCW;;INF174V01028;1000.8404;;;19-Sep-2021
139537;Mahindra Manulife Liquid Fund - Regular Plan - Growth;INF174V01010;;1349.8737;;;19-Sep-2021
139541;Mahindra Manulife Liquid Fund - Regular Plan - Weekly IDCW;;INF174V01036;1009.7455;;;19-Sep-2021
139540;Mahindra Manulife Liquid Fund - Unclaimed Redemption / IDCW Beyond 3 years;;;1000.0000;;;19-Sep-2021
139539;Mahindra Manulife Liquid Fund - Unclaimed Redemption / IDCW Upto three years;;;1210.6630;;;19-Sep-2021

Mirae Asset Mutual Fund
118859;Mirae Asset Liquid Fund - Direct Plan - Growth;INF769K01CM1;;2205.9666;;;19-Sep-2021
118862;Mirae Asset Liquid Fund - Direct Plan - Weekly IDCW;;INF769K01CP4;1216.6223;;;19-Sep-2021
118861;Mirae Asset Liquid Fund - Direct Plan -Daily IDCW;;INF769K01CO7;1075.8332;;;19-Sep-2021
118860;Mirae Asset Liquid Fund - Direct Plan -Monthly IDCW;INF769K01CN9;INF769K01CQ2;1137.2174;;;19-Sep-2021
111647;Mirae Asset Liquid Fund - Regular - Daily IDCW;;INF769K01804;1066.4347;;;19-Sep-2021
111646;Mirae Asset Liquid Fund - Regular Plan - Growth;INF769K01788;;2176.9498;;;19-Sep-2021
111645;Mirae Asset Liquid Fund - Regular Plan - Monthly IDCW;INF769K01838;INF769K01820;1154.8313;;;19-Sep-2021
111644;Mirae Asset Liquid Fund - Regular Plan - Weekly IDCW;;INF769K01812;1152.9306;;;19-Sep-2021

Motilal Oswal Mutual Fund
145834;Motilal Oswal Liquid Fund - Direct Growth;INF247L01734;;11.1965;;;19-Sep-2021
145946;Motilal Oswal Liquid Fund - Regular Growth;INF247L01726;;11.1503;;;19-Sep-2021
147441;Motilal Oswal Liquid Fund - Unclaimed Dividend- Upto 3 years;;;10.8769;;;19-Sep-2021
147444;Motilal Oswal Liquid Fund - Unclaimed Redemption - Upto 3 years;;;10.6768;;;19-Sep-2021
146218;Motilal Oswal Liquid Fund Direct - IDCW  Quarterly Payout/Reinvestment;INF247L01791;INF247L01783;10.0771;;;19-Sep-2021
146226;Motilal Oswal Liquid Fund Direct - IDCW Fortnightly Reinvestment;;INF247L01759;10.0092;;;19-Sep-2021
146223;Motilal Oswal Liquid Fund Direct - IDCW Monthly Payout/Reinvestment;INF247L01775;INF247L01767;10.0483;;;19-Sep-2021
146228;Motilal Oswal Liquid Fund Direct - IDCW Reinvestment;;INF247L01742;10.0077;;;19-Sep-2021
146229;Motilal Oswal Liquid Fund Direct - IDCW Weekly Reinvestment;;INF247L01809;10.0075;;;19-Sep-2021
146227;Motilal Oswal Liquid Fund Regular - IDCW Daily Reinvestment;;INF247L01817;10.0055;;;19-Sep-2021
146230;Motilal Oswal Liquid Fund Regular - IDCW Fortnightly Reinvestment;;INF247L01825;10.0088;;;19-Sep-2021
146220;Motilal Oswal Liquid Fund Regular - IDCW Monthly Payout/Reinvestment;INF247L01841;INF247L01833;10.0473;;;19-Sep-2021
146222;Motilal Oswal Liquid Fund Regular - IDCW Quarterly Payout/Reinvestment;INF247L01866;INF247L01858;10.0741;;;19-Sep-2021
146224;Motilal Oswal Liquid Fund Regular - IDCW Weekly Reinvestment;;INF247L01874;10.0146;;;19-Sep-2021

Navi Mutual Fund
119163;Navi Liquid Fund - Direct Plan Daily IDCW - ReInvestment;;INF959L01GK1;1001.29;;;19-Sep-2021
119161;Navi Liquid Fund - Direct Plan Monthly IDCW - Payout;INF959L01GG9;INF959L01GH7;1003.3703;;;19-Sep-2021
119162;Navi Liquid Fund - Direct Plan Weekly IDCW - Payout;INF959L01GI5;INF959L01GJ3;1000.9942;;;19-Sep-2021
112645;Navi Liquid Fund - Regular Plan Daily IDCW;;INF959L01GM7;1001.2902;;;19-Sep-2021
112647;Navi Liquid Fund - Regular Plan Monthly IDCW;INF959L01GN5;INF959L01GO3;1003.3358;;;19-Sep-2021
112646;Navi Liquid Fund - Regular Plan Weekly IDCW;INF959L01GP0;INF959L01GQ8;1001.0301;;;19-Sep-2021
119164;Navi Liquid Fund-Direct Plan-Growth Option;INF959L01GF1;;2283.2118;;;19-Sep-2021
112636;Navi Liquid Fund-Regular Plan-Growth Option;INF959L01GL9;;2266.9405;;;19-Sep-2021
140437;Navi Liquid Fund-Unclaimed Redemption and Dividend Plan greater than 3 years;INF959L01CO2;;1000;;;19-Sep-2021
139386;Navi Liquid Fund-Unclaimed Redemption and Dividend Plan less than 3 years;INF959L01CN4;;2271.373;;;19-Sep-2021

Nippon India Mutual Fund
100852;NIPPON INDIA LIQUID FUND - DAILY IDCW OPTION;;INF204K01UM1;1528.7400;;;19-Sep-2021
118695;NIPPON INDIA LIQUID FUND - DIRECT Plan - DAILY IDCW OPTION;;INF204K01ZG2;1528.7400;;;19-Sep-2021
118696;NIPPON INDIA LIQUID FUND - DIRECT Plan - MONTHLY IDCW OPTION;INF204K01ZI8;INF204K01ZJ6;1590.5500;;;19-Sep-2021
118698;NIPPON INDIA LIQUID FUND - DIRECT Plan - QUARTERLY IDCW OPTION;INF204K01ZK4;INF204K01ZL2;1012.2570;;;19-Sep-2021
118700;NIPPON INDIA LIQUID FUND - DIRECT Plan - WEEKLY IDCW OPTION;INF204KC1FN6;INF204K01ZM0;1530.5639;;;19-Sep-2021
118701;Nippon India Liquid Fund - Direct Plan Growth Plan - Growth Option;INF204K01ZH0;;5111.5458;;;19-Sep-2021
100855;NIPPON INDIA LIQUID FUND - MONTHLY IDCW OPTION;INF204K01UO7;INF204K01UP4;1587.0881;;;19-Sep-2021
112340;NIPPON INDIA LIQUID FUND - QUARTERLY IDCW OPTION;INF204K01UQ2;INF204K01UR0;1010.1693;;;19-Sep-2021
100837;Nippon India Liquid Fund - Retail Option - Growth Plan;INF204K01UL3;;4593.6500;;;19-Sep-2021
100842;NIPPON INDIA LIQUID FUND - RETAIL Plan - DAILY IDCW OPTION;;INF204K01UJ7;1524.2800;;;19-Sep-2021
100843;NIPPON INDIA LIQUID FUND - RETAIL plan - MONTHLY IDCW OPTION;INF204K01UT6;INF204K01UU4;1328.6255;;;19-Sep-2021
100844;NIPPON INDIA LIQUID FUND - RETAIL Plan - QUARTERLY IDCW OPTION;INF204K01UV2;INF204K01UW0;1221.4210;;;19-Sep-2021
100838;NIPPON INDIA LIQUID FUND - RETAIL Plan - WEEKLY IDCW OPTION;;INF204K01UK5;1034.3042;;;19-Sep-2021
100853;NIPPON INDIA LIQUID FUND - WEEKLY IDCW OPTION;INF204KC1FM8;INF204K01US8;1530.5536;;;19-Sep-2021
100851;Nippon India Liquid Fund -Growth Plan;INF204K01UN9;;5072.4987;;;19-Sep-2021

PGIM India Mutual Fund
139603;PGIM India Insta Cash Fund - Unclaimed Dividend Plan - Below 3 years;;;132.5398;;;19-Sep-2021
139604;PGIM India Insta Cash Fund - Unclaimed Redemption Plan - Above 3 years;;;100;;;19-Sep-2021
139605;PGIM India Insta Cash Fund - Unclamied Dividend Plan - Above 3 years;;;100;;;19-Sep-2021
139602;PGIM India Insta Cash Fund - Unlcaimed Redemption Plan - Below 3 years;;;132.4455;;;19-Sep-2021
138286;PGIM India Liquid Fund - Bonus Option;INF223J01BQ4;;184.827;;;19-Sep-2021
138285;PGIM India Liquid Fund - Daily Dividend;;INF223J01BO9;100.304;;;19-Sep-2021
138297;PGIM India Liquid Fund - Direct Plan - Daily Dividend;INF223J01NR7;;105.7505;;;19-Sep-2021
138299;PGIM India Liquid Fund - Direct Plan - Growth;INF223J01NS5;;272.3225;;;19-Sep-2021
138298;PGIM India Liquid Fund - Direct Plan - Monthly Dividend;INF223J01NT3;INF223J01NU1;107.8896;;;19-Sep-2021
138301;PGIM India Liquid Fund - Direct Plan - Weekly Dividend;INF223J01NV9;INF223J01NW7;100.5221;;;19-Sep-2021
138288;PGIM India Liquid Fund - Growth;INF223J01BP6;;270.3563;;;19-Sep-2021
138287;PGIM India Liquid Fund - Monthly Dividend;INF223J01BL5;;108.6519;;;19-Sep-2021
138289;PGIM India Liquid Fund - Weekly Dividend;INF223J01BU6;;100.5216;;;19-Sep-2021

PPFAS Mutual Fund
143263;Parag Parikh Liquid Fund- Direct Plan- Daily Reinvestment of IDCW;;INF879O01118;1000.5404;;;19-Sep-2021
143269;Parag Parikh Liquid Fund- Direct Plan- Growth;INF879O01068;;1170.5000;;;19-Sep-2021
143262;Parag Parikh Liquid Fund- Direct Plan- Monthly IDCW;INF879O01076;INF879O01084;1004.6667;;;19-Sep-2021
143265;Parag Parikh Liquid Fund- Direct Plan- Weekly Reinvestment of IDCW;;INF879O01134;1001.4991;;;19-Sep-2021
143264;Parag Parikh Liquid Fund- Regular Plan- Daily Reinvestment of IDCW;;INF879O01126;1000.5404;;;19-Sep-2021
143260;Parag Parikh Liquid Fund- Regular Plan- Growth;INF879O01035;;1166.4432;;;19-Sep-2021
143261;Parag Parikh Liquid Fund- Regular Plan- Monthly IDCW;INF879O01043;INF879O01050;1004.6119;;;19-Sep-2021
143266;Parag Parikh Liquid Fund- Regular Plan- Weekly Reinvestment of IDCW;;INF879O01142;1001.4826;;;19-Sep-2021

Principal Mutual Fund
100895;Principal Cash Management Fund - Daily Income Distribution CUM Capital Withdrawal;;INF173K01DB7;1000.8893;;;19-Sep-2021
119468;Principal Cash Management Fund - Direct Plan - Growth Option;INF173K01GU0;;1845.0976;;;19-Sep-2021
119467;Principal Cash Management Fund - Direct Plan - Income Distribution CUM Capital Withdrawal Option - Daily;;INF173K01GT2;1000.6367;;;19-Sep-2021
119469;Principal Cash Management Fund - Direct Plan - Income Distribution CUM Capital Withdrawal Option - Weekly;;INF173K01GY2;1007.0821;;;19-Sep-2021
100897;Principal Cash Management Fund - Monthly Income Distribution CUM Capital Withdrawal Option;INF173K01BV9;INF173K01BW7;1022.8998;;;19-Sep-2021
100896;Principal Cash Management Fund - Weekly Income Distribution CUM Capital Withdrawal Option;;INF173K01DC5;1006.6224;;;19-Sep-2021
119466;Principal Cash Management Fund -Direct Plan - Income Distribution CUM Capital Withdrawal Option - Monthly;INF173K01GV8;INF173K01GW6;1022.9211;;;19-Sep-2021
100898;Principal Cash Management Fund -Growth Option;INF173K01DA9;;1833.3704;;;19-Sep-2021

quant Mutual Fund
120837;quant Liquid Fund - Growth Option - Direct Plan;INF966L01820;;33.5552;;;19-Sep-2021
103225;quant Liquid Fund - Growth Option - Regular Plan;INF966L01317;;33.0166;;;19-Sep-2021
120838;quant Liquid Fund - Monthly IDCW Option - Direct Plan;INF966L01796;INF966L01812;15.5424;;;19-Sep-2021
103228;quant Liquid Fund - Monthly IDCW Option - Regular Plan;INF966L01291;INF966L01309;15.2115;;;19-Sep-2021
120839;quant Liquid Fund - Weekly IDCW Option - Direct Plan;INF966L01788;INF966L01804;14.2041;;;19-Sep-2021
103227;quant Liquid Fund - Weekly IDCW Option - Regular Plan;INF966L01499;INF966L01283;13.598;;;19-Sep-2021
120836;quant Liquid Fund-Daily IDCW Option - Direct Plan;;INF966L01770;13.5766;;;19-Sep-2021
103226;quant Liquid Fund-Daily IDCW Option - Regular Plan;;INF966L01275;13.2841;;;19-Sep-2021
148513;quant Liquid Fund-Unclaimed Dividend Investor Education Plan-Growth Option;;;10.4626;;;19-Sep-2021
148510;quant Liquid Fund-Unclaimed Dividend-Growth Option;;;10.4632;;;19-Sep-2021
148511;quant Liquid Fund-Unclaimed Redemption Investor Education Plan-Growth Option;;;10.4626;;;19-Sep-2021
148512;quant Liquid Fund-Unclaimed Redemption Plan-Growth Option;;;10.4652;;;19-Sep-2021

Quantum Mutual Fund
103736;Quantum Liquid Fund - Direct Plan Daily IDCW;;INF082J01135;10.0064;;;19-Sep-2021
103734;Quantum Liquid Fund - Direct Plan Growth Option;INF082J01127;;28.2041;;;19-Sep-2021
103735;Quantum Liquid Fund - Direct Plan Monthly IDCW;INF082J01143;INF082J01200;10.0304;;;19-Sep-2021
141065;Quantum Liquid Fund - Regular Plan Daily IDCW;;INF082J01317;10.0010;;;19-Sep-2021
141066;Quantum Liquid Fund - Regular Plan Growth Option;INF082J01309;;28.1133;;;19-Sep-2021
141067;Quantum Liquid Fund - Regular Plan Monthly IDCW;INF082J01325;INF082J01333;10.0266;;;19-Sep-2021

SBI Mutual Fund
119804;SBI Liquid Fund - Direct Paln - Fortnightly Income Distribution cum Capital Withdrawal Option (IDCW);INF200K01UR8;INF200K01US6;1068.4590;;;19-Sep-2021
119805;SBI Liquid Fund - Direct Plan - Daily Income Distribution cum Capital Withdrawal Option (IDCW);;INF200K01UQ0;1055.8275;;;19-Sep-2021
119799;SBI Liquid Fund - Direct Plan - Weekly Income Distribution cum Capital Withdrawal Option (IDCW);INF200K01UU2;INF200K01UV0;1117.5010;;;19-Sep-2021
119800;SBI Liquid Fund - DIRECT PLAN -Growth;INF200K01UT4;;3271.9568;;;19-Sep-2021
105274;SBI Liquid Fund - Institutional - Growth;INF200K01LU1;;3282.4636;;;19-Sep-2021
105275;SBI Liquid Fund - Institutional Daily Income Distribution cum Capital Withdrawal Option (IDCW);;INF200K01LR7;1054.5310;;;19-Sep-2021
105279;SBI Liquid Fund - Institutional Fortnightly Income Distribution cum Capital Withdrawal Option (IDCW);INF200K01LS5;INF200K01LT3;1079.0531;;;19-Sep-2021
105281;SBI Liquid Fund - Regular Plan - Daily Income Distribution cum Capital Withdrawal Option (IDCW);;INF200K01LX5;1054.5249;;;19-Sep-2021
105283;SBI Liquid Fund - Regular Plan - Fortnightly Income Distribution cum Capital Withdrawal Option (IDCW);INF200K01LY3;INF200K01LZ0;1067.1569;;;19-Sep-2021
105282;SBI Liquid Fund - Regular Plan - Weekly Income Distribution cum Capital Withdrawal Option (IDCW);INF200K01MB9;INF200K01MC7;1116.1218;;;19-Sep-2021
105280;SBI Liquid Fund - REGULAR PLAN -Growth;INF200K01MA1;;3251.7344;;;19-Sep-2021

Sundaram Mutual Fund
119690;Sundaram Money Fund Direct Plan - Bonus;INF903J01RL8;;15.7769;;;19-Sep-2021
119688;Sundaram Money Fund Direct Plan - Daily Reinvestment of Income Distribution cum Capital Withdrawal (IDCW);;INF903J01QA3;10.1025;;;19-Sep-2021
119692;Sundaram Money Fund Direct Plan - Fortnightly Reinvestment of Income Distribution cum Capital Withdrawal (IDCW);;INF903J01QB1;26.3797;;;19-Sep-2021
119686;Sundaram Money Fund Direct Plan - Growth;INF903J01QF2;;44.0854;;;19-Sep-2021
119687;Sundaram Money Fund Direct Plan - Monthly Income Distribution cum Capital Withdrawal (IDCW);INF903J01QC9;INF903J01QD7;10.7770;;;19-Sep-2021
119689;Sundaram Money Fund Direct Plan - Quarterly Reinvestment of Income Distribution cum Capital Withdrawal (IDCW);;INF903J01QE5;40.1859;;;19-Sep-2021
119691;Sundaram Money Fund Direct Plan - Weekly Reinvestment of Income Distribution cum Capital Withdrawal (IDCW);;INF903J01QG0;12.0670;;;19-Sep-2021
102701;Sundaram Money Fund Institutional Plan - Daily Reinvestment of Income Distribution cum Capital Withdrawal (IDCW);;INF903J01GP2;10.0953;;;19-Sep-2021
118328;Sundaram Money Fund Regular Plan - Bonus;INF903J01MB0;;15.6512;;;19-Sep-2021
103392;Sundaram Money Fund Regular Plan - Daily Reinvestment of Income Distribution cum Capital Withdrawal (IDCW);;INF903J01GW8;10.0953;;;19-Sep-2021
103395;Sundaram Money Fund Regular Plan - Fortnightly Reinvestment of Income Distribution cum Capital Withdrawal (IDCW);;INF903J01GY4;11.1587;;;19-Sep-2021
103397;Sundaram Money Fund Regular Plan - Growth;INF903J01GU2;;43.7847;;;19-Sep-2021
103396;Sundaram Money Fund Regular Plan - Monthly Income Distribution cum Capital Withdrawal (IDCW);INF903J01GV0;INF903J01GZ1;10.6339;;;19-Sep-2021
103393;Sundaram Money Fund Regular Plan - Quarterly Reinvestment of Income Distribution cum Capital Withdrawal (IDCW);;INF903J01HA2;39.9570;;;19-Sep-2021
100620;Sundaram Money Fund Retail Plan - Daily Reinvestment of Income Distribution cum Capital Withdrawal (IDCW);;INF903J01GI7;10.0953;;;19-Sep-2021
100622;Sundaram Money Fund Retail Plan - Fortnightly Reinvestment of Income Distribution cum Capital Withdrawal (IDCW);;INF903J01GK3;11.1439;;;19-Sep-2021
100618;Sundaram Money Fund Retail Plan - Growth;INF903J01GG1;;40.9192;;;19-Sep-2021
100623;Sundaram Money Fund Retail Plan - Monthly Income Distribution cum Capital Withdrawal (IDCW);INF903J01GH9;INF903J01GL1;10.2783;;;19-Sep-2021
100619;Sundaram Money Fund Retail Plan - Quarterly Reinvestment of Income Distribution cum Capital Withdrawal (IDCW);;INF903J01GM9;12.5058;;;19-Sep-2021
100621;Sundaram Money Fund Retail Plan - Weekly Reinvestment of Income Distribution cum Capital Withdrawal (IDCW);;INF903J01GJ5;11.9975;;;19-Sep-2021
140006;Sundaram Money Fund Unclaimed Amount Plan - Unclaimed Dividend Less Than Three Years;INF903JA1567;;13.0819;;;19-Sep-2021
140005;Sundaram Money Fund Unclaimed Amount Plan - Unclaimed Dividend More Than Three Years;INF903JA1575;;10.0000;;;19-Sep-2021
140003;Sundaram Money Fund Unclaimed Amount Plan - Unclaimed Redemption Less Than Three Years;INF903JA1542;;13.0921;;;19-Sep-2021
140004;Sundaram Money Fund Unclaimed Amount Plan - Unclaimed Redemption More Than Three Years;INF903JA1559;;10.0000;;;19-Sep-2021
103394;Sundaram Money Fund Regular Plan - Weekly Reinvestment of Income Distribution cum Capital Withdrawal (IDCW);;INF903J01GX6;12.0425;;;19-Sep-2021

Tata Mutual Fund
102672;Tata Liquid Fund -Regular Plan - Growth Option;INF277K01YD8;;3273.4978;;;19-Sep-2021
119862;Tata Liquid Fund- Direct Plan - Daily Reinvestment of IDCW Option;;INF277K012D2;1001.5187;;;19-Sep-2021
119861;Tata Liquid Fund- Direct Plan-Growth Option;INF277K01YE6;;3298.4206;;;19-Sep-2021
101714;Tata Liquid Fund- Regular Plan - Daily Reinvestment of IDCW Option;;INF277K011D4;1001.5157;;;19-Sep-2021

Trust Mutual Fund
148842;TRUSTMF Liquid Fund-Direct Plan-Daily Income Distribution cum Capital Withdrawal;;INF0GCD01263;1011.7328;;;19-Sep-2021
148841;TRUSTMF Liquid Fund-Direct Plan-Growth;INF0GCD01255;;1013.4821;;;19-Sep-2021
148839;TRUSTMF Liquid Fund-Direct Plan-Monthly Income Distribution cum Capital Withdrawal;INF0GCD01305;INF0GCD01297;1007.4468;;;19-Sep-2021
148837;TRUSTMF Liquid Fund-Direct Plan-Weekly Income Distribution cum Capital Withdrawal;INF0GCD01271;INF0GCD01289;1008.5717;;;19-Sep-2021
148834;TRUSTMF Liquid Fund-Regular Plan-Daily Income Distribution cum Capital Withdrawal;;INF0GCD01206;1011.0246;;;19-Sep-2021
148833;TRUSTMF Liquid Fund-Regular Plan-Growth;INF0GCD01198;;1012.8535;;;19-Sep-2021
148843;TRUSTMF Liquid Fund-Regular Plan-Monthly Income Distribution cum Capital Withdrawal;INF0GCD01248;INF0GCD01230;1006.8246;;;19-Sep-2021
148836;TRUSTMF Liquid Fund-Regular Plan-Weekly Income Distribution cum Capital Withdrawal;INF0GCD01214;INF0GCD01222;1006.2896;;;19-Sep-2021

Union Mutual Fund
115401;Union Liquid Fund - Daily IDCW Option;;INF582M01021;1000.7927;;;19-Sep-2021
119301;Union Liquid Fund - Direct Plan - Daily IDCW Option;;INF582M01682;1000.7927;;;19-Sep-2021
119305;Union Liquid Fund - Direct Plan - Fortnightly IDCW Option;INF582M01724;INF582M01708;1001.1136;;;19-Sep-2021
119303;Union Liquid Fund - Direct Plan - Growth Option;INF582M01674;;2013.2451;;;19-Sep-2021
119302;Union Liquid Fund - Direct Plan - Monthly IDCW Option;INF582M01732;INF582M01716;1002.7407;;;19-Sep-2021
119304;Union Liquid Fund - Direct Plan - Weekly IDCW Option;;INF582M01690;1001.1927;;;19-Sep-2021
115399;Union Liquid Fund - Fortnightly IDCW Option;INF582M01062;INF582M01047;1001.1045;;;19-Sep-2021
115398;Union Liquid Fund - Growth Option;INF582M01013;;1996.2667;;;19-Sep-2021
115400;Union Liquid Fund - Monthly IDCW Option;INF582M01070;INF582M01054;1002.6833;;;19-Sep-2021
142345;Union Liquid Fund - Unclaimed Amounts Plan - IDCW Beyond 3 years;;;1000.0000;;;19-Sep-2021
142344;Union Liquid Fund - Unclaimed Amounts Plan - IDCW Upto 3 years;;;1160.7444;;;19-Sep-2021
142343;Union Liquid Fund - Unclaimed Amounts Plan - Redemption Beyond 3 years;;;1000.0000;;;19-Sep-2021
142342;Union Liquid Fund - Unclaimed Amounts Plan - Redemption Upto 3 years;;;1160.4589;;;19-Sep-2021
115402;Union Liquid Fund - Weekly IDCW Option;;INF582M01039;1001.3894;;;19-Sep-2021

UTI Mutual Fund
134427;UTI Liquid Fund - Direct Plan - Annual IDCW;INF789FA1K63;INF789FA1K71;1505.6597;;;19-Sep-2021
120558;UTI Liquid Fund - Direct Plan - Daily IDCW (Reinvestment);;INF789F01XP8;1023.6308;;;19-Sep-2021
141768;UTI Liquid Fund - Direct Plan - Flexi IDCW;INF789FA1K89;INF789FA1K97;1240.1295;;;19-Sep-2021
140913;UTI Liquid Fund - Direct Plan - Fortnightly IDCW;INF789FA1K06;INF789FA1K14;1155.4286;;;19-Sep-2021
140504;UTI Liquid Fund - Direct Plan - Half-Yearly IDCW;INF789FA1K48;INF789FA1K55;1176.1184;;;19-Sep-2021
120794;UTI Liquid Fund - Direct Plan - Monthly IDCW;INF789F01XR4;INF789F01XS2;1031.0749;;;19-Sep-2021
140024;UTI Liquid Fund - Direct Plan - Quarterly IDCW;INF789FA1K22;INF789FA1K30;1421.9924;;;19-Sep-2021
120777;UTI Liquid Fund - Direct Plan - Weekly IDCW;;INF789F01XT0;1063.1391;;;19-Sep-2021
133973;UTI Liquid Fund - Regular Plan - Annual IDCW;INF789FA1J66;INF789FA1J74;1501.1851;;;19-Sep-2021
102010;UTI Liquid Fund - Regular Plan - Daily IDCW (Reinvestment);;INF789F01PG3;1061.7996;;;19-Sep-2021
140517;UTI Liquid Fund - Regular Plan - Flexi IDCW;INF789FA1J82;INF789FA1J90;1237.2447;;;19-Sep-2021
139838;UTI Liquid Fund - Regular Plan - Fortnightly IDCW;INF789FA1J09;INF789FA1J17;1154.5925;;;19-Sep-2021
144475;UTI Liquid Fund - Regular Plan - Half-Yearly IDCW;INF789FA1J41;INF789FA1J58;1045.1405;;;19-Sep-2021
102011;UTI Liquid Fund - Regular Plan - Monthly IDCW;INF789F01PI9;INF789F01PJ7;1031.6628;;;19-Sep-2021
135721;UTI Liquid Fund - Regular Plan - Quarterly IDCW;INF789FA1J25;INF789FA1J33;1417.4588;;;19-Sep-2021
102013;UTI Liquid Fund - Regular Plan - Weekly IDCW;;INF789F01PK5;1053.194;;;19-Sep-2021
120304;UTI-  Liquid Cash Plan - Direct Plan - Growth Option;INF789F01XQ6;;3423.6091;;;19-Sep-2021
102012;UTI-  Liquid Cash Plan - Regular Plan - Growth Option;INF789F01PH1;;3404.5047;;;19-Sep-2021
102008;UTI-  Liquid Cash Plan- Discontinued - Regular Plan - Monthly Dividend Option;INF789F01BC2;INF789F01BA6;1116.3244;;;19-Sep-2021
102009;UTI-  Liquid Cash Plan- Discontinued - Regular Plan -Growth;INF789F01BB4;;3140.2856;;;19-Sep-2021
102007;UTI-  Liquid Cash Plan- Discontinued -Regular Plan Periodic Dividend Option;;INF789F01AZ5;1133.0214;;;19-Sep-2021

WhiteOak Capital Mutual Fund
145969;WhiteOak Capital Liquid Fund- Direct plan-Daily Reinvestment of Income Distribution cum capital withdrawal option (IDCW);;INF03VN01019;1000.9497;;;19-Sep-2021
145966;WhiteOak Capital Liquid Fund- Direct plan-Fortnightly Payout/ Reinvestment of Income Distribution cum capital withdrawal option (IDCW);INF03VN01027;INF03VN01035;1001.1604;;;19-Sep-2021
145971;WhiteOak Capital Liquid Fund- Direct plan-Growth Option;INF03VN01043;;1127.4963;;;19-Sep-2021
145967;WhiteOak Capital Liquid Fund- Direct plan-Monthly  Payout/ Reinvestment of Income Distribution cum capital withdrawal option (IDCW);INF03VN01050;INF03VN01068;1001.1327;;;19-Sep-2021
145970;WhiteOak Capital Liquid Fund- Direct plan-Weekly Payout/ Reinvestment of Income Distribution cum capital withdrawal option (IDCW);INF03VN01076;INF03VN01084;1001.7615;;;19-Sep-2021
145963;WhiteOak Capital Liquid Fund- Regular plan-Daily Reinvestment of Income Distribution cum capital withdrawal option (IDCW);;INF03VN01092;1000.9406;;;19-Sep-2021
145965;WhiteOak Capital Liquid Fund- Regular plan-Fortnightly Payout/ Reinvestment of Income Distribution cum capital withdrawal option (IDCW);INF03VN01100;INF03VN01118;1003.1663;;;19-Sep-2021
145968;WhiteOak Capital Liquid Fund- Regular plan-Growth Option;INF03VN01126;;1125.1055;;;19-Sep-2021
145972;WhiteOak Capital Liquid Fund- Regular plan-Monthly Payout/ Reinvestment of Income Distribution cum capital withdrawal option (IDCW);INF03VN01134;INF03VN01142;1001.6418;;;19-Sep-2021
145964;WhiteOak Capital Liquid Fund- Regular plan-Weekly Payout/ Reinvestment of Income Distribution cum capital withdrawal option (IDCW);INF03VN01159;INF03VN01167;1001.7199;;;19-Sep-2021

Open Ended Schemes ( Other Scheme - Other  ETFs )


DSP Mutual Fund
142589;DSP NIFTY 1D Rate Liquid ETF;;INF740KA1EU7;1000.0000;;;19-Sep-2021

ICICI Prudential Mutual Fund
144947;ICICI Prudential BSE Liquid Rate ETF - IDCW;INF109KC1KT9;;1000;;;19-Sep-2021

Nippon India Mutual Fund
140086;Nippon India ETF Nifty 1D Rate Liquid BeES - DAILY IDCW Option;INF732E01037;;1000.0000;;;19-Sep-2021

Close Ended Schemes ( Income )


SBI Mutual Fund
146547;SBI Capital Protection Oriented Fund - Series A (Plan 1) - Direct Plan - Growth;INF200KA1ZR1;;12.7454;;;19-Sep-2021
146546;SBI Capital Protection Oriented Fund - Series A (Plan 1) - Regular Plan - Growth;INF200KA1ZQ3;;12.5871;;;19-Sep-2021
146704;SBI Capital Protection Oriented Fund - Series A (Plan 2) - Direct Plan - Growth;INF200KA1B96;;12.7003;;;19-Sep-2021
146705;SBI Capital Protection Oriented Fund - Series A (Plan 2) - Regular Plan - Growth;INF200KA1B88;;12.5129;;;19-Sep-2021
147242;SBI Capital Protection Oriented Fund - Series A (Plan 3) - Direct Plan - Growth;INF200KA1E51;;12.7751;;;19-Sep-2021
147240;SBI Capital Protection Oriented Fund - Series A (Plan 3) - Regular Plan - Growth;INF200KA1E44;;12.6086;;;19-Sep-2021
147359;SBI Capital Protection Oriented Fund - Series A (Plan 4) - Direct Plan - Growth;INF200KA1G34;;12.7265;;;19-Sep-2021
147360;SBI Capital Protection Oriented Fund - Series A (Plan 4) - Regular Plan - Growth;INF200KA1G26;;12.5693;;;19-Sep-2021
147631;SBI Capital Protection Oriented Fund - Series A (Plan 5) - Direct Plan - Growth;INF200KA1K12;;12.5245;;;19-Sep-2021
147632;SBI Capital Protection Oriented Fund - Series A (Plan 5) - Regular Plan - Growth;INF200KA1K04;;12.3680;;;19-Sep-2021
147644;SBI Capital Protection Oriented Fund - Series A (Plan 6) - Direct Plan - Growth;INF200KA1K87;;12.3470;;;19-Sep-2021
147643;SBI Capital Protection Oriented Fund - Series A (Plan 6) - Regular Plan - Growth;INF200KA1K79;;12.1901;;;19-Sep-2021
147942;SBI Capital Protection Oriented Fund - Series A (Plan 7) - Direct Plan - Growth;INF200KA1O67;;11.8808;;;19-Sep-2021
147941;SBI Capital Protection Oriented Fund - Series A (Plan 7) - Regular Plan - Growth;INF200KA1O59;;11.7422;;;19-Sep-2021
148172;SBI Capital Protection Oriented Fund - Series A (Plan 8) - Direct Plan - Growth;INF200KA1P25;;12.1753;;;19-Sep-2021
148171;SBI Capital Protection Oriented Fund - Series A (Plan 8) - Regular Plan - Growth;INF200KA1P17;;12.0436;;;19-Sep-2021
144993;SBI Debt Fund Series - C - 25 (1100 Days) - Direct Plan - Income Distribution cum Capital Withdrawal Option (IDCW);INF200KA1VU4;;12.8122;;;19-Sep-2021
144991;SBI Debt Fund Series - C - 25 (1100 Days) - Regular Plan - Income Distribution cum Capital Withdrawal Option (IDCW);INF200KA1VS8;;12.5935;;;19-Sep-2021
144992;SBI Debt Fund Series C - 25 - (1100 Days) - Direct Plan - Growth;INF200KA1VT6;;12.8122;;;19-Sep-2021
144990;SBI Debt Fund Series C - 25 - (1100 Days) - Regular Plan - Growth;INF200KA1VR0;;12.5925;;;19-Sep-2021
145230;SBI Debt Fund Series - C - 26 (1125 Days) - Direct Plan - Income Distribution cum Capital Withdrawal Option (IDCW);INF200KA1WC0;;12.8055;;;19-Sep-2021
145231;SBI Debt Fund Series - C - 26 (1125 Days) - Regular Plan - Income Distribution cum Capital Withdrawal Option (IDCW);INF200KA1WA4;;12.7267;;;19-Sep-2021
145229;SBI Debt Fund Series C - 26 - (1125 Days) - Direct Plan - Growth;INF200KA1WB2;;12.8081;;;19-Sep-2021
145232;SBI Debt Fund Series C - 26 - (1125 Days) - Regular Plan - Growth;INF200KA1VZ3;;12.6747;;;19-Sep-2021
145373;SBI Debt Fund Series - C - 27 (391 Days) - Direct Plan - Income Distribution cum Capital Withdrawal Option (IDCW);INF200KA12G0;;12.9383;;;19-Sep-2021
145374;SBI Debt Fund Series - C - 27 (391 Days) - Regular Plan - Income Distribution cum Capital Withdrawal Option (IDCW);INF200KA10G4;;12.8305;;;19-Sep-2021
145372;SBI Debt Fund Series C - 27 - (391 Days) - Direct Plan - Growth;INF200KA11G2;;12.9383;;;19-Sep-2021
145371;SBI Debt Fund Series C - 27 - (391 Days) - Regular Plan - Growth;INF200KA19F7;;12.8305;;;19-Sep-2021
145497;SBI Debt Fund Series - C - 28 (386 Days) - Direct Plan - Income Distribution cum Capital Withdrawal Option (IDCW);INF200KA16G1;;12.7811;;;19-Sep-2021
145498;SBI Debt Fund Series - C - 28 (386 Days) - Regular Plan - Income Distribution cum Capital Withdrawal Option (IDCW);INF200KA14G6;;12.6632;;;19-Sep-2021
145499;SBI Debt Fund Series C - 28 - (386 Days) - Direct Plan - Growth;INF200KA15G3;;12.7773;;;19-Sep-2021
145500;SBI Debt Fund Series C - 28 - (386 Days) - Regular Plan - Growth;INF200KA13G8;;12.6633;;;19-Sep-2021
145645;SBI Debt Fund Series - C - 30 (385 Days) - Direct Plan - Income Distribution cum Capital Withdrawal Option (IDCW);INF200KA10H2;;12.7739;;;19-Sep-2021
145644;SBI Debt Fund Series - C - 30 (385 Days) - Regular Plan - Income Distribution cum Capital Withdrawal Option (IDCW);INF200KA18G7;;12.6774;;;19-Sep-2021
145647;SBI Debt Fund Series C - 30 - (385 Days) - Direct Plan - Growth;INF200KA19G5;;12.7739;;;19-Sep-2021
145646;SBI Debt Fund Series C - 30 - (385 Days) - Regular Plan - Growth;INF200KA17G9;;12.6774;;;19-Sep-2021
145744;SBI Debt Fund Series - C - 32 (380 Days) - Direct Plan - Income Distribution cum Capital Withdrawal Option (IDCW);INF200KA14H4;;12.6901;;;19-Sep-2021
145743;SBI Debt Fund Series - C - 32 (380 Days) - Regular Plan - Income Distribution cum Capital Withdrawal Option (IDCW);INF200KA12H8;;12.5887;;;19-Sep-2021
145746;SBI Debt Fund Series C - 32 - (380 Days) - Direct Plan - Growth;INF200KA13H6;;12.6901;;;19-Sep-2021
145745;SBI Debt Fund Series C - 32 - (380 Days) - Regular Plan - Growth;INF200KA11H0;;12.5887;;;19-Sep-2021
145858;SBI Debt Fund Series - C - 33 (1216 Days) - Direct Plan - Income Distribution cum Capital Withdrawal Option (IDCW);INF200KA1XN5;;12.6466;;;19-Sep-2021
145857;SBI Debt Fund Series - C - 33 (1216 Days) - Regular Plan - Income Distribution cum Capital Withdrawal Option (IDCW);INF200KA1XL9;;12.5471;;;19-Sep-2021
145855;SBI Debt Fund Series C - 33 (1216 Days) - Direct Plan - Growth;INF200KA1XM7;;12.6466;;;19-Sep-2021
145856;SBI Debt Fund Series C - 33 (1216 Days) - Regular Plan - Growth;INF200KA1XK1;;12.5471;;;19-Sep-2021
145948;SBI Debt Fund Series - C - 34 (1211 Days) - Direct Plan - Income Distribution cum Capital Withdrawal Option (IDCW);INF200KA1XR6;;12.5909;;;19-Sep-2021
145950;SBI Debt Fund Series - C - 34 (1211 Days) - Regular Plan - Income Distribution cum Capital Withdrawal Option (IDCW);INF200KA1XP0;;12.4887;;;19-Sep-2021
145947;SBI DEBT FUND SERIES C - 34 (1211 DAYS) - DIRECT PLAN - GROWTH;INF200KA1XQ8;;12.5909;;;19-Sep-2021
145949;SBI DEBT FUND SERIES C - 34 (1211 DAYS) - REGULAR PLAN - GROWTH;INF200KA1XO3;;12.4887;;;19-Sep-2021
145988;SBI Debt Fund Series - C - 35 (376 Days) - Direct Plan - Income Distribution cum Capital Withdrawal Option (IDCW);INF200KA18J1;;12.5563;;;19-Sep-2021
145990;SBI Debt Fund Series - C - 35 (376 Days) - Regular Plan - Income Distribution cum Capital Withdrawal Option (IDCW);INF200KA16J5;;12.4721;;;19-Sep-2021
145987;SBI Debt Fund Series C - 35 (376 Days) - Direct Plan - Growth;INF200KA17J3;;12.5563;;;19-Sep-2021
145989;SBI Debt Fund Series C - 35 (376 Days) - Regular Plan - Growth;INF200KA15J7;;12.4721;;;19-Sep-2021
146175;SBI Debt Fund Series - C - 38 (389 Days) - Direct Plan - Income Distribution cum Capital Withdrawal Option (IDCW);INF200KA16K3;;12.4428;;;19-Sep-2021
146176;SBI Debt Fund Series - C - 38 (389 Days) - Regular Plan - Income Distribution cum Capital Withdrawal Option (IDCW);INF200KA14K8;;12.3582;;;19-Sep-2021
146174;SBI Debt Fund Series C - 38 (389 Days) - Direct Plan - Growth;INF200KA15K5;;12.4404;;;19-Sep-2021
146173;SBI Debt Fund Series C - 38 (389 Days) - Regular Plan - Growth;INF200KA13K0;;12.3582;;;19-Sep-2021
146286;SBI Debt Fund Series - C - 40 (1177 Days) - Direct Plan - Income Distribution cum Capital Withdrawal Option (IDCW);INF200KA1YZ7;;12.4828;;;19-Sep-2021
146287;SBI Debt Fund Series - C - 40 (1177 Days) - Regular Plan - Income Distribution cum Capital Withdrawal Option (IDCW);INF200KA1YX2;;12.4009;;;19-Sep-2021
146288;SBI Debt Fund Series C - 40 - (1177 Days) - Regular Plan - Growth;INF200KA1YW4;;12.4009;;;19-Sep-2021
146289;SBI Debt Fund Series C - 40- (1177 Days) - Direct Plan - Growth;INF200KA1YY0;;12.4828;;;19-Sep-2021
146313;SBI Debt Fund Series - C - 41 (1178 Days) - Direct Plan - Income Distribution cum Capital Withdrawal Option (IDCW);INF200KA1ZD1;;12.4954;;;19-Sep-2021
146315;SBI Debt Fund Series - C - 41 (1178 Days) - Regular Plan - Income Distribution cum Capital Withdrawal Option (IDCW);INF200KA1ZB5;;12.4139;;;19-Sep-2021
146312;SBI Debt Fund Series C - 41 (1178 Days) - Direct Plan - Growth;INF200KA1ZC3;;12.4954;;;19-Sep-2021
146314;SBI Debt Fund Series C - 41 (1178 Days) - Regular Plan - Growth;INF200KA1ZA7;;12.4139;;;19-Sep-2021
146368;SBI Debt Fund Series - C - 43 (384 Days) - Direct Plan - Income Distribution cum Capital Withdrawal Option (IDCW);INF200KA10J8;;12.4671;;;19-Sep-2021
146366;SBI Debt Fund Series - C - 43 (384 Days) - Regular Plan - Income Distribution cum Capital Withdrawal Option (IDCW);INF200KA18I3;;12.3865;;;19-Sep-2021
146367;SBI Debt Fund Series C - 43 (384 Days) - Direct Plan - Growth;INF200KA19I1;;12.4671;;;19-Sep-2021
146369;SBI Debt Fund Series C - 43 (384 Days) - Regular Plan - Growth;INF200KA17I5;;12.3865;;;19-Sep-2021
146494;SBI Debt Fund Series - C - 44 (378 Days) - Direct Plan - Income Distribution cum Capital Withdrawal Option (IDCW);INF200KA14J0;;12.4643;;;19-Sep-2021
146496;SBI Debt Fund Series - C - 44 (378 Days) - Regular Plan - Income Distribution cum Capital Withdrawal Option (IDCW);INF200KA12J4;;12.3843;;;19-Sep-2021
146495;SBI Debt Fund Series C - 44 (378 Days) - Direct Plan - Growth;INF200KA13J2;;12.4642;;;19-Sep-2021
146493;SBI Debt Fund Series C - 44 (378 Days) - Regular Plan - Growth;INF200KA11J6;;12.3843;;;19-Sep-2021
146591;SBI Debt Fund Series - C - 46 (376 Days) - Direct Plan - Income Distribution cum Capital Withdrawal Option (IDCW);INF200KA12K2;;12.3322;;;19-Sep-2021
146593;SBI Debt Fund Series - C - 46 (376 Days) - Regular Plan - Income Distribution cum Capital Withdrawal Option (IDCW);INF200KA10K6;;12.2542;;;19-Sep-2021
146592;SBI Debt Fund Series C - 46 (376 Days) - Direct Plan- Growth;INF200KA11K4;;12.3323;;;19-Sep-2021
146590;SBI Debt Fund Series C - 46 (376 Days) - Regular Plan - Growth;INF200KA19J9;;12.2542;;;19-Sep-2021
146656;SBI Debt Fund Series C - 48 (385 Days) - Direct Plan - Growth;INF200KA19K7;;12.3547;;;19-Sep-2021
146658;SBI Debt Fund Series C - 48 (385 Days) - Direct Plan - Income Distribution cum Capital Withdrawal Option (IDCW);INF200KA10L4;;12.3548;;;19-Sep-2021
146655;SBI Debt Fund Series C - 48 (385 Days) - Regular Plan - Growth;INF200KA17K1;;12.2772;;;19-Sep-2021
146657;SBI Debt Fund Series C - 48 (385 Days) - Regular Plan - Income Distribution cum Capital Withdrawal Option (IDCW);INF200KA18K9;;12.2772;;;19-Sep-2021
146766;SBI Debt Fund Series - C - 49 (390 Days) - Direct Plan - Income Distribution cum Capital Withdrawal Option (IDCW);INF200KA14L6;;12.2824;;;19-Sep-2021
146767;SBI Debt Fund Series - C - 49 (390 Days) - Regular Plan - Income Distribution cum Capital Withdrawal Option (IDCW);INF200KA12L0;;12.2014;;;19-Sep-2021
146765;SBI Debt Fund Series C - 49 (390 Days) - Direct Plan - Growth;INF200KA13L8;;12.2824;;;19-Sep-2021
146768;SBI Debt Fund Series C - 49 (390 Days) - Regular Plan - Growth;INF200KA11L2;;12.2057;;;19-Sep-2021
146879;SBI Debt Fund Series - C - 50 (383 Days) - Direct Plan - Income Distribution cum Capital Withdrawal Option (IDCW);INF200KA18L7;;12.2335;;;19-Sep-2021
146880;SBI Debt Fund Series - C - 50 (383 Days) - Regular Plan - Income Distribution cum Capital Withdrawal Option (IDCW);INF200KA16L1;;12.1580;;;19-Sep-2021
146878;SBI Debt Fund Series C - 50 (383 Days) - Direct Plan - Growth;INF200KA17L9;;12.2336;;;19-Sep-2021
146877;SBI Debt Fund Series C - 50 (383 Days) - Regular Plan - Growth;INF200KA15L3;;12.1577;;;19-Sep-2021
145160;SBI Dual Advantage Fund - Series XXX - Direct Plan - Income Distribution cum Capital Withdrawal Option (IDCW);INF200KA1VY6;;13.3175;;;19-Sep-2021
145159;SBI Dual Advantage Fund - Series XXX - Regular Plan - Income Distribution cum Capital Withdrawal Option (IDCW);INF200KA1VW0;;13.1186;;;19-Sep-2021
145161;SBI Dual Advantage Fund Series XXX - Direct Plan - Growth;INF200KA1VX8;;13.3175;;;19-Sep-2021
145162;SBI Dual Advantage Fund Series XXX - Regular Plan - Growth;INF200KA1VV2;;13.1186;;;19-Sep-2021
146974;SBI Fixed Maturity Plan (FMP) - Series 1 (3668 Days) - Direct Plan - Growth;INF200KA1D03;;12.9453;;;19-Sep-2021
146975;SBI Fixed Maturity Plan (FMP) - Series 1 (3668 Days) - Direct Plan - Income Distribution cum Capital Withdrawal Option (IDCW);INF200KA1D11;;12.9453;;;19-Sep-2021
146976;SBI Fixed Maturity Plan (FMP) - Series 1 (3668 Days) - Regular Plan - Growth;INF200KA1C87;;12.8653;;;19-Sep-2021
146973;SBI Fixed Maturity Plan (FMP) - Series 1 (3668 Days) - Regular Plan - Income Distribution cum Capital Withdrawal Option (IDCW);INF200KA1C95;;12.8652;;;19-Sep-2021
147467;SBI Fixed Maturity Plan (FMP) - Series 10 (1178 Days) - Direct Plan - Growth;INF200KA1H09;;12.0241;;;19-Sep-2021
147464;SBI Fixed Maturity Plan (FMP) - Series 10 (1178 Days) - Direct Plan - Income Distribution cum Capital Withdrawal Option (IDCW);INF200KA1H17;;12.0240;;;19-Sep-2021
147465;SBI Fixed Maturity Plan (FMP) - Series 10 (1178 Days) - Regular Plan - Growth;INF200KA1G83;;11.9575;;;19-Sep-2021
147466;SBI Fixed Maturity Plan (FMP) - Series 10 (1178 Days) - Regular Plan - Income Distribution cum Capital Withdrawal Option (IDCW);INF200KA1G91;;11.9575;;;19-Sep-2021
147486;SBI Fixed Maturity Plan (FMP) - Series 11 (1178 Days) - Direct Plan - Growth;INF200KA1H41;;11.9817;;;19-Sep-2021
147487;SBI Fixed Maturity Plan (FMP) - Series 11 (1178 Days) - Direct Plan - Income Distribution cum Capital Withdrawal Option (IDCW);INF200KA1H58;;11.9817;;;19-Sep-2021
147484;SBI Fixed Maturity Plan (FMP) - Series 11 (1178 Days) - Regular Plan - Growth;INF200KA1H25;;11.9160;;;19-Sep-2021
147485;SBI Fixed Maturity Plan (FMP) - Series 11 (1178 Days) - Regular Plan - Income Distribution cum Capital Withdrawal Option (IDCW);INF200KA1H33;;11.9160;;;19-Sep-2021
147560;SBI Fixed Maturity Plan (FMP) - Series 14 (384 Days) - Direct Plan - Growth;INF200KA13N4;;11.8533;;;19-Sep-2021
147561;SBI Fixed Maturity Plan (FMP) - Series 14 (384 Days) - Direct Plan - Income Distribution cum Capital Withdrawal Option (IDCW);INF200KA14N2;;11.8533;;;19-Sep-2021
147559;SBI Fixed Maturity Plan (FMP) - Series 14 (384 Days) - Regular Plan - Growth;INF200KA11N8;;11.7900;;;19-Sep-2021
147562;SBI Fixed Maturity Plan (FMP) - Series 14 (384 Days) - Regular Plan - Income Distribution cum Capital Withdrawal Option (IDCW);INF200KA12N6;;11.7900;;;19-Sep-2021
147582;SBI Fixed Maturity Plan (FMP) - Series 15 (1123 Days) - Direct Plan - Growth;INF200KA1J07;;11.8439;;;19-Sep-2021
147583;SBI Fixed Maturity Plan (FMP) - Series 15 (1123 Days) - Direct Plan - Income Distribution cum Capital Withdrawal Option (IDCW);INF200KA1J15;;11.8439;;;19-Sep-2021
147580;SBI Fixed Maturity Plan (FMP) - Series 15 (1123 Days) - Regular Plan - Growth;INF200KA1I81;;11.7811;;;19-Sep-2021
147581;SBI Fixed Maturity Plan (FMP) - Series 15 (1123 Days) - Regular Plan - Income Distribution cum Capital Withdrawal Option (IDCW);INF200KA1I99;;11.7811;;;19-Sep-2021
147612;SBI Fixed Maturity Plan (FMP) - Series 16 (1116 Days) - Direct Plan - Growth;INF200KA1J49;;11.8041;;;19-Sep-2021
147613;SBI Fixed Maturity Plan (FMP) - Series 16 (1116 Days) - Direct Plan - Income Distribution cum Capital Withdrawal Option (IDCW);INF200KA1J56;;11.8041;;;19-Sep-2021
147611;SBI Fixed Maturity Plan (FMP) - Series 16 (1116 Days) - Regular Plan - Growth;INF200KA1J23;;11.7427;;;19-Sep-2021
147610;SBI Fixed Maturity Plan (FMP) - Series 16 (1116 Days) - Regular Plan - Income Distribution cum Capital Withdrawal Option (IDCW);INF200KA1J31;;11.7427;;;19-Sep-2021
147627;SBI Fixed Maturity Plan (FMP) - Series 17 (1116 Days) - Direct Plan - Growth;INF200KA1J80;;11.7555;;;19-Sep-2021
147628;SBI Fixed Maturity Plan (FMP) - Series 17 (1116 Days) - Direct Plan - Income Distribution cum Capital Withdrawal Option (IDCW);INF200KA1J98;;11.7555;;;19-Sep-2021
147629;SBI Fixed Maturity Plan (FMP) - Series 17 (1116 Days) - Regular Plan - Growth;INF200KA1J64;;11.6949;;;19-Sep-2021
147630;SBI Fixed Maturity Plan (FMP) - Series 17 (1116 Days) - Regular Plan - Income Distribution cum Capital Withdrawal Option (IDCW);INF200KA1J72;;11.6950;;;19-Sep-2021
147641;SBI Fixed Maturity Plan (FMP) - Series 18 (1108 Days) - Direct Plan - Growth;INF200KA1K53;;11.7243;;;19-Sep-2021
147642;SBI Fixed Maturity Plan (FMP) - Series 18 (1108 Days) - Direct Plan - Income Distribution cum Capital Withdrawal Option (IDCW);INF200KA1K61;;11.7243;;;19-Sep-2021
147639;SBI Fixed Maturity Plan (FMP) - Series 18 (1108 Days) - Regular Plan - Growth;INF200KA1K38;;11.6655;;;19-Sep-2021
147640;SBI Fixed Maturity Plan (FMP) - Series 18 (1108 Days) - Regular Plan - Income Distribution cum Capital Withdrawal Option (IDCW);INF200KA1K46;;11.6655;;;19-Sep-2021
147672;SBI Fixed Maturity Plan (FMP) - Series 19 (1115 Days) - Direct  Plan - Growth;INF200KA1L11;;11.6719;;;19-Sep-2021
147669;SBI Fixed Maturity Plan (FMP) - Series 19 (1115 Days) - Direct Plan - Income Distribution cum Capital Withdrawal Option (IDCW);INF200KA1L29;;11.6719;;;19-Sep-2021
147670;SBI Fixed Maturity Plan (FMP) - Series 19 (1115 Days) - Regular Plan - Growth;INF200KA1K95;;11.6152;;;19-Sep-2021
147671;SBI Fixed Maturity Plan (FMP) - Series 19 (1115 Days) - Regular Plan - Income Distribution cum Capital Withdrawal Option (IDCW);INF200KA1L03;;11.6152;;;19-Sep-2021
147104;SBI Fixed Maturity Plan (FMP) - Series 2 (1178 Days) - Direct Plan - Growth;INF200KA1D45;;12.2501;;;19-Sep-2021
147105;SBI Fixed Maturity Plan (FMP) - Series 2 (1178 Days) - Direct Plan - Income Distribution cum Capital Withdrawal Option (IDCW);INF200KA1D52;;12.2501;;;19-Sep-2021
147103;SBI Fixed Maturity Plan (FMP) - Series 2 (1178 Days) - Regular Plan - Growth;INF200KA1D29;;12.1759;;;19-Sep-2021
147106;SBI Fixed Maturity Plan (FMP) - Series 2 (1178 Days) - Regular Plan - Income Distribution cum Capital Withdrawal Option (IDCW);INF200KA1D37;;12.1759;;;19-Sep-2021
147720;SBI Fixed Maturity Plan (FMP) - Series 20 (1109 Days) - Direct Plan - Growth;INF200KA1L52;;11.6631;;;19-Sep-2021
147721;SBI Fixed Maturity Plan (FMP) - Series 20 (1109 Days) - Regular Plan - Growth;INF200KA1L37;;11.6069;;;19-Sep-2021
147722;SBI Fixed Maturity Plan (FMP) - Series 20(1109 Days) - Direct Plan - Income Distribution cum Capital Withdrawal Option (IDCW);INF200KA1L60;;11.6631;;;19-Sep-2021
147719;SBI Fixed Maturity Plan (FMP) - Series 20(1109 Days) - Regular Plan - Income Distribution cum Capital Withdrawal Option (IDCW);INF200KA1L45;;11.6070;;;19-Sep-2021
147744;SBI Fixed Maturity Plan (FMP) - Series 21 (1109 Days) - Direct Plan - Growth;INF200KA1L94;;11.6161;;;19-Sep-2021
147746;SBI Fixed Maturity Plan (FMP) - Series 21 (1109 Days) - Direct Plan - Income Distribution cum Capital Withdrawal Option (IDCW);INF200KA1M02;;11.6130;;;19-Sep-2021
147745;SBI Fixed Maturity Plan (FMP) - Series 21 (1109 Days) - Regular Plan - Growth;INF200KA1L78;;11.5608;;;19-Sep-2021
147747;SBI Fixed Maturity Plan (FMP) - Series 21 (1109 Days) - Regular Plan - Income Distribution cum Capital Withdrawal Option (IDCW);INF200KA1L86;;11.5608;;;19-Sep-2021
147754;SBI Fixed Maturity Plan (FMP) - Series 22 (1106 Days) - Direct Plan - Growth;INF200KA1M36;;11.5648;;;19-Sep-2021
147755;SBI Fixed Maturity Plan (FMP) - Series 22 (1106 Days) - Direct Plan - Income Distribution cum Capital Withdrawal Option (IDCW);INF200KA1M44;;11.5648;;;19-Sep-2021
147752;SBI Fixed Maturity Plan (FMP) - Series 22 (1106 Days) - Regular Plan - Growth;INF200KA1M10;;11.5107;;;19-Sep-2021
147753;SBI Fixed Maturity Plan (FMP) - Series 22 (1106 Days) - Regular Plan - Income Distribution cum Capital Withdrawal Option (IDCW);INF200KA1M28;;11.5107;;;19-Sep-2021
147776;SBI Fixed Maturity Plan (FMP) - Series 24 (1107 Days) - Direct Plan - Income Distribution cum Capital Withdrawal Option (IDCW);INF200KA1N27;;11.5386;;;19-Sep-2021
147775;SBI Fixed Maturity Plan (FMP) - Series 24 (1107 Days) - Regular Plan - Income Distribution cum Capital Withdrawal Option (IDCW);INF200KA1N01;;11.4859;;;19-Sep-2021
147777;SBI Fixed Maturity Plan (FMP) - Series 24 (1107) - Direct Plan - Growth;INF200KA1N19;;11.5386;;;19-Sep-2021
147774;SBI Fixed Maturity Plan (FMP) - Series 24 (1107) - Regular Plan - Growth;INF200KA1M93;;11.4859;;;19-Sep-2021
147783;SBI Fixed Maturity Plan (FMP) - Series 25 (1120 Days) - Direct Plan - Growth;INF200KA1N50;;11.4888;;;19-Sep-2021
147784;SBI Fixed Maturity Plan (FMP) - Series 25 (1120 Days) - Direct Plan - Income Distribution cum Capital Withdrawal Option (IDCW);INF200KA1N68;;11.4888;;;19-Sep-2021
147785;SBI Fixed Maturity Plan (FMP) - Series 25 (1120 Days) - Regular Plan - Growth;INF200KA1N35;;11.4368;;;19-Sep-2021
147782;SBI Fixed Maturity Plan (FMP) - Series 25 (1120 Days) - Regular Plan - Income Distribution cum Capital Withdrawal Option (IDCW);INF200KA1N43;;11.4368;;;19-Sep-2021
147792;SBI Fixed Maturity Plan (FMP) - Series 26 (1112 Days) - Direct Plan - Growth;INF200KA1N92;;11.5190;;;19-Sep-2021
147793;SBI Fixed Maturity Plan (FMP) - Series 26 (1112 Days) - Direct Plan - Income Distribution cum Capital Withdrawal Option (IDCW);INF200KA1O00;;11.5189;;;19-Sep-2021
147790;SBI Fixed Maturity Plan (FMP) - Series 26 (1112 Days) - Regular Plan - Growth;INF200KA1N76;;11.4674;;;19-Sep-2021
147791;SBI Fixed Maturity Plan (FMP) - Series 26 (1112 Days) - Regular Plan - Income Distribution cum Capital Withdrawal Option (IDCW);INF200KA1N84;;11.4674;;;19-Sep-2021
147873;SBI Fixed Maturity Plan (FMP) - Series 27 (1203 Days) - Direct Plan - Growth;INF200KA1O34;;11.5361;;;19-Sep-2021
147871;SBI Fixed Maturity Plan (FMP) - Series 27 (1203 Days) - Direct Plan - Income Distribution cum Capital Withdrawal Option (IDCW);INF200KA1O42;;11.5361;;;19-Sep-2021
147872;SBI Fixed Maturity Plan (FMP) - Series 27 (1203 Days) - Regular Plan - Growth;INF200KA1O18;;11.4873;;;19-Sep-2021
147870;SBI Fixed Maturity Plan (FMP) - Series 27 (1203 Days) - Regular Plan - Income Distribution cum Capital Withdrawal Option (IDCW);INF200KA1O26;;11.4872;;;19-Sep-2021
148056;SBI Fixed Maturity Plan (FMP) - Series 28 (1163 Days) - Direct Plan - Growth;INF200KA1O91;;11.3399;;;19-Sep-2021
148058;SBI Fixed Maturity Plan (FMP) - Series 28 (1163 Days) - Direct Plan - Income Distribution cum Capital Withdrawal Option (IDCW);INF200KA1P09;;11.3399;;;19-Sep-2021
148057;SBI Fixed Maturity Plan (FMP) - Series 28 (1163 Days) - Regular Plan - Growth;INF200KA1O75;;11.2950;;;19-Sep-2021
148055;SBI Fixed Maturity Plan (FMP) - Series 28 (1163 Days) - Regular Plan - Income Distribution cum Capital Withdrawal Option (IDCW);INF200KA1O83;;11.2950;;;19-Sep-2021
147135;SBI Fixed Maturity Plan (FMP) - Series 3 (1179 Days) - Direct Plan - Growth;INF200KA1D86;;12.2719;;;19-Sep-2021
147136;SBI Fixed Maturity Plan (FMP) - Series 3 (1179 Days) - Direct Plan - Income Distribution cum Capital Withdrawal Option (IDCW);INF200KA1D94;;12.2718;;;19-Sep-2021
147133;SBI Fixed Maturity Plan (FMP) - Series 3 (1179 Days) - Regular Plan - Growth;INF200KA1D60;;12.1982;;;19-Sep-2021
147134;SBI Fixed Maturity Plan (FMP) - Series 3 (1179 Days) - Regular Plan - Income Distribution cum Capital Withdrawal Option (IDCW);INF200KA1D78;;12.1982;;;19-Sep-2021
148193;SBI Fixed Maturity Plan (FMP) - Series 31 (1160 Days) - Direct Plan - Growth;INF200KA1P58;;11.4171;;;19-Sep-2021
148194;SBI Fixed Maturity Plan (FMP) - Series 31 (1160 Days) - Direct Plan - Income Distribution cum Capital Withdrawal Option (IDCW);INF200KA1P66;;11.4171;;;19-Sep-2021
148195;SBI Fixed Maturity Plan (FMP) - Series 31 (1160 Days) - Regular Plan - Growth;INF200KA1P33;;11.3740;;;19-Sep-2021
148192;SBI Fixed Maturity Plan (FMP) - Series 31 (1160 Days) - Regular Plan - Income Distribution cum Capital Withdrawal Option (IDCW);INF200KA1P41;;11.3740;;;19-Sep-2021
148369;SBI Fixed Maturity Plan (FMP) - Series 32 (1140 Days) - Direct Plan - Growth;INF200KA1P90;;11.0324;;;19-Sep-2021
148368;SBI Fixed Maturity Plan (FMP) - Series 32 (1140 Days) - Direct Plan - Income Distribution cum Capital Withdrawal Option (IDCW);INF200KA1Q08;;11.0324;;;19-Sep-2021
148367;SBI Fixed Maturity Plan (FMP) - Series 32 (1140 Days) - Regular Plan - Growth;INF200KA1P74;;10.9931;;;19-Sep-2021
148370;SBI Fixed Maturity Plan (FMP) - Series 32 (1140 Days) - Regular Plan - Income Distribution cum Capital Withdrawal Option (IDCW);INF200KA1P82;;10.9931;;;19-Sep-2021
148385;SBI Fixed Maturity Plan (FMP) - Series 33 (1128 Days) - Direct Plan - Growth;INF200KA1Q32;;10.9027;;;19-Sep-2021
148386;SBI Fixed Maturity Plan (FMP) - Series 33 (1128 Days) - Direct Plan - Income Distribution cum Capital Withdrawal Option (IDCW);INF200KA1Q40;;10.9025;;;19-Sep-2021
148383;SBI Fixed Maturity Plan (FMP) - Series 33 (1128 Days) - Regular Plan - Growth;INF200KA1Q16;;10.8646;;;19-Sep-2021
148384;SBI Fixed Maturity Plan (FMP) - Series 33 (1128 Days) - Regular Plan - Income Distribution cum Capital Withdrawal Option (IDCW);INF200KA1Q24;;10.8646;;;19-Sep-2021
148387;SBI Fixed Maturity Plan (FMP) - Series 34 (3682 Days) - Direct Plan - Growth;INF200KA1Q73;;10.8831;;;19-Sep-2021
148388;SBI Fixed Maturity Plan (FMP) - Series 34 (3682 Days) - Direct Plan - Income Distribution cum Capital Withdrawal Option (IDCW);INF200KA1Q81;;10.8831;;;19-Sep-2021
148389;SBI Fixed Maturity Plan (FMP) - Series 34 (3682 Days) - Regular Plan - Growth;INF200KA1Q57;;10.8457;;;19-Sep-2021
148390;SBI Fixed Maturity Plan (FMP) - Series 34 (3682 Days) - Regular Plan - Income Distribution cum Capital Withdrawal Option (IDCW);INF200KA1Q65;;10.8457;;;19-Sep-2021
148827;SBI Fixed Maturity Plan (FMP) - Series 41 (1498 Days) - Direct Plan - Growth;INF200KA1U77;;10.4164;;;19-Sep-2021
148825;SBI Fixed Maturity Plan (FMP) - Series 41 (1498 Days) - Regular Plan - Growth;INF200KA1U51;;10.4061;;;19-Sep-2021
148828;SBI Fixed Maturity Plan (FMP) - Series 41 (1498 Days) Direct Plan - Income Distribution cum Capital Withdrawal Option (IDCW);INF200KA1U85;;10.4164;;;19-Sep-2021
148826;SBI Fixed Maturity Plan (FMP) - Series 41 (1498 Days) Regular Plan - Income Distribution cum Capital Withdrawal Option (IDCW);INF200KA1U69;;10.4061;;;19-Sep-2021
149043;SBI Fixed Maturity Plan (FMP) - Series 46 (1850 Days) - Direct Plan - Growth;INF200KA1X41;;10.2659;;;19-Sep-2021
149044;SBI Fixed Maturity Plan (FMP) - Series 46 (1850 Days) - Direct Plan - Income Distribution cum Capital Withdrawal Option (IDCW);INF200KA1X58;;10.2659;;;19-Sep-2021
149045;SBI Fixed Maturity Plan (FMP) - Series 46 (1850 Days) - Regular Plan - Growth;INF200KA1X25;;10.2623;;;19-Sep-2021
149042;SBI Fixed Maturity Plan (FMP) - Series 46 (1850 Days) - Regular Plan - Income Distribution cum Capital Withdrawal Option (IDCW);INF200KA1X33;;10.2623;;;19-Sep-2021
149082;SBI Fixed Maturity Plan (FMP) Series 47 (1434 Days) - Direct Plan - Growth;INF200KA1X82;;10.1764;;;19-Sep-2021
149081;SBI Fixed Maturity Plan (FMP) Series 47 (1434 Days) - Direct Plan - Income Distribution cum Capital Withdrawal Option (IDCW);INF200KA1X90;;10.1764;;;19-Sep-2021
149083;SBI Fixed Maturity Plan (FMP) Series 47 (1434 Days) - Regular Plan - Growth;INF200KA1X66;;10.1735;;;19-Sep-2021
149084;SBI Fixed Maturity Plan (FMP) Series 47 (1434 Days) - Regular Plan - Income Distribution cum Capital Withdrawal Option (IDCW);INF200KA1X74;;10.1735;;;19-Sep-2021
149111;SBI Fixed Maturity Plan (FMP) - Series 48 (1458 Days) - Direct Plan - Growth;INF200KA1Y24;;10.1369;;;19-Sep-2021
149108;SBI Fixed Maturity Plan (FMP) - Series 48 (1458 Days) - Direct Plan - Income Distribution cum Capital Withdrawal Option (IDCW);INF200KA1Y32;;10.1369;;;19-Sep-2021
149109;SBI Fixed Maturity Plan (FMP) - Series 48 (1458 Days) - Regular Plan - Growth;INF200KA1Y08;;10.1346;;;19-Sep-2021
149110;SBI Fixed Maturity Plan (FMP) - Series 48 (1458 Days) - Regular Plan - Income Distribution cum Capital Withdrawal Option (IDCW);INF200KA1Y16;;10.1346;;;19-Sep-2021
149147;SBI Fixed Maturity Plan (FMP) - Series 49 (1823 Days) - Direct Plan - Growth;INF200KA1Z23;;10.0791;;;19-Sep-2021
149144;SBI Fixed Maturity Plan (FMP) - Series 49 (1823 Days) - Direct Plan - Income Distribution cum Capital Withdrawal Option (IDCW);INF200KA1Z31;;10.0791;;;19-Sep-2021
149145;SBI Fixed Maturity Plan (FMP) - Series 49 (1823 Days) - Regular Plan - Growth;INF200KA1Z07;;10.0778;;;19-Sep-2021
149146;SBI Fixed Maturity Plan (FMP) - Series 49 (1823 Days) - Regular Plan - Income Distribution cum Capital Withdrawal Option (IDCW);INF200KA1Z15;;10.0778;;;19-Sep-2021
149174;SBI Fixed Maturity Plan (FMP) - Series 50 (1843 Days) - Direct Plan - Growth;INF200KA1Z64;;10.0479;;;19-Sep-2021
149175;SBI Fixed Maturity Plan (FMP) - Series 50 (1843 Days) - Direct Plan - Income Distribution Capital Withdrawal Option (IDCW);INF200KA1Z72;;10.0479;;;19-Sep-2021
149172;SBI Fixed Maturity Plan (FMP) - Series 50 (1843 Days) - Regular Plan - Growth;INF200KA1Z49;;10.0472;;;19-Sep-2021
149173;SBI Fixed Maturity Plan (FMP) - Series 50 (1843 Days) - Regular Plan -Income Distribution Capital Withdrawal Option (IDCW);INF200KA1Z56;;10.0472;;;19-Sep-2021
147248;SBI Fixed Maturity Plan (FMP) - Series 6 (3668 Days) - Direct Plan - Growth;INF200KA1F27;;12.6751;;;19-Sep-2021
147249;SBI Fixed Maturity Plan (FMP) - Series 6 (3668 Days) - Direct Plan - Income Distribution cum Capital Withdrawal Option (IDCW);INF200KA1F35;;12.6751;;;19-Sep-2021
147247;SBI Fixed Maturity Plan (FMP) - Series 6 (3668 Days) - Regular Plan - Growth;INF200KA1F01;;12.6009;;;19-Sep-2021
147250;SBI Fixed Maturity Plan (FMP) - Series 6 (3668 Days) - Regular Plan - Income Distribution cum Capital Withdrawal Option (IDCW);INF200KA1F19;;12.6020;;;19-Sep-2021
147318;SBI Fixed Maturity Plan (FMP) - Series 7 (1175 Days) - Direct Plan - Growth;INF200KA1F68;;12.1667;;;19-Sep-2021
147319;SBI Fixed Maturity Plan (FMP) - Series 7 (1175 Days) - Direct Plan - Income Distribution cum Capital Withdrawal Option (IDCW);INF200KA1F76;;12.1667;;;19-Sep-2021
147320;SBI Fixed Maturity Plan (FMP) - Series 7 (1175 Days) - Regular Plan - Growth;INF200KA1F43;;12.0961;;;19-Sep-2021
147317;SBI Fixed Maturity Plan (FMP) - Series 7 (1175 Days) - Regular Plan - Income Distribution cum Capital Withdrawal Option (IDCW);INF200KA1F50;;12.0961;;;19-Sep-2021
147333;SBI Fixed Maturity Plan (FMP) - Series 8 (1178 Days) - Direct Plan - Growth;INF200KA1G00;;12.0514;;;19-Sep-2021
147334;SBI Fixed Maturity Plan (FMP) - Series 8 (1178 Days) - Direct Plan - Income Distribution cum Capital Withdrawal Option (IDCW);INF200KA1G18;;12.0514;;;19-Sep-2021
147331;SBI Fixed Maturity Plan (FMP) - Series 8 (1178 Days) - Regular Plan - Growth;INF200KA1F84;;11.9824;;;19-Sep-2021
147332;SBI Fixed Maturity Plan (FMP) - Series 8 (1178 Days) - Regular Plan - Income Distribution cum Capital Withdrawal Option (IDCW);INF200KA1F92;;11.9825;;;19-Sep-2021
147422;SBI Fixed Maturity Plan (FMP) - Series 9 (1178 Days) - Direct Plan - Growth;INF200KA1G67;;12.0192;;;19-Sep-2021
147424;SBI Fixed Maturity Plan (FMP) - Series 9 (1178 Days) - Direct Plan - Income Distribution cum Capital Withdrawal Option (IDCW);INF200KA1G75;;12.0192;;;19-Sep-2021
147423;SBI Fixed Maturity Plan (FMP) - Series 9 (1178 Days) - Regular Plan - Growth;INF200KA1G42;;11.9516;;;19-Sep-2021
147421;SBI Fixed Maturity Plan (FMP) - Series 9 (1178 Days) - Regular Plan - Income Distribution cum Capital Withdrawal Option (IDCW);INF200KA1G59;;11.9521;;;19-Sep-2021
147764;SBI Fixed Maturity Plan (FMP) - Series 23 (1106 Days) - Direct Plan - Growth;INF200KA1M77;;11.5472;;;19-Sep-2021
147765;SBI Fixed Maturity Plan (FMP) - Series 23 (1106 Days) - Direct Plan - Income Distribution cum Capital Withdrawal Option (IDCW);INF200KA1M85;;11.5472;;;19-Sep-2021
147762;SBI Fixed Maturity Plan (FMP) - Series 23 (1106 Days) - Regular Plan - Growth;INF200KA1M51;;11.4939;;;19-Sep-2021
147763;SBI Fixed Maturity Plan (FMP) - Series 23 (1106 Days) - Regular Plan - Income Distribution cum Capital Withdrawal Option (IDCW);INF200KA1M69;;11.4939;;;19-Sep-2021
147509;SBI Fixed Maturity Plan (FMP) - Series 12 (1179 Days) - Direct Plan - Growth;INF200KA1H82;;11.9165;;;19-Sep-2021
147510;SBI Fixed Maturity Plan (FMP) - Series 12 (1179 Days) - Direct Plan - Income Distribution cum Capital Withdrawal Option (IDCW);INF200KA1H90;;11.9166;;;19-Sep-2021
147508;SBI Fixed Maturity Plan (FMP) - Series 12 (1179 Days) - Regular Plan - Growth;INF200KA1H66;;11.8517;;;19-Sep-2021
147511;SBI Fixed Maturity Plan (FMP) - Series 12 (1179 Days) - Regular Plan - Income Distribution cum Capital Withdrawal Option (IDCW);INF200KA1H74;;11.8517;;;19-Sep-2021
147520;SBI Fixed Maturity Plan (FMP) - Series 13 (1108 Days) - Direct Plan - Growth;INF200KA1I24;;11.8972;;;19-Sep-2021
147521;SBI Fixed Maturity Plan (FMP) - Series 13 (1108 Days) - Direct Plan - Income Distribution cum Capital Withdrawal Option (IDCW);INF200KA1I32;;11.8973;;;19-Sep-2021
147523;SBI Fixed Maturity Plan (FMP) - Series 13 (1108 Days) - Regular Plan - Growth;INF200KA1I08;;11.8331;;;19-Sep-2021
147522;SBI Fixed Maturity Plan (FMP) - Series 13 (1108 Days) - Regular Plan - Income Distribution cum Capital Withdrawal Option (IDCW);INF200KA1I16;;11.8331;;;19-Sep-2021
148848;SBI Fixed Maturity Plan (FMP) - Series 42 (1857 Days) Direct Plan - Income Distribution cum Capital Withdrawal Option (IDCW);INF200KA1V27;;10.4320;;;19-Sep-2021
148845;SBI Fixed Maturity Plan (FMP) - Series 42 (1857 Days) Regular Plan - Income Distribution cum Capital Withdrawal Option (IDCW);INF200KA1V01;;10.4231;;;19-Sep-2021
148846;SBI Fixed Maturity Plan (FMP) Series 42 (1857 Days) - Direct Plan - Growth;INF200KA1V19;;10.4320;;;19-Sep-2021
148847;SBI Fixed Maturity Plan (FMP) Series 42 (1857 Days) - Regular Plan - Growth;INF200KA1U93;;10.4231;;;19-Sep-2021
148941;SBI Fixed Maturity Plan (FMP) Series 43 (1616 Days) - Direct Plan - Growth;INF200KA1V50;;10.3683;;;19-Sep-2021
148942;SBI Fixed Maturity Plan (FMP) Series 43 (1616 Days) - Direct Plan - Income Distribution cum Capital Withdrawal Option (IDCW);INF200KA1V68;;10.3683;;;19-Sep-2021
148939;SBI Fixed Maturity Plan (FMP) Series 43 (1616 Days) - Regular Plan - Growth;INF200KA1V35;;10.3617;;;19-Sep-2021
148940;SBI Fixed Maturity Plan (FMP) Series 43 (1616 Days) - Regular Plan - Income Distribution cum Capital Withdrawal Option (IDCW);INF200KA1V43;;10.3617;;;19-Sep-2021
148967;SBI Fixed Maturity Plan (FMP) - Series 44 (1855 Days) - Direct Plan - Growth;INF200KA1W59;;10.2806;;;19-Sep-2021
148968;SBI Fixed Maturity Plan (FMP) - Series 44 (1855 Days) - Direct Plan - Income Distribution cum Capital Withdrawal Option (IDCW);INF200KA1W67;;10.2806;;;19-Sep-2021
148966;SBI Fixed Maturity Plan (FMP) - Series 44 (1855 Days) - Regular Plan - Growth;INF200KA1W34;;10.2756;;;19-Sep-2021
148969;SBI Fixed Maturity Plan (FMP) Series 44 (1855 Days) - Regular Plan - Income Distribution cum Capital Withdrawal Option (IDCW);INF200KA1W42;;10.2756;;;19-Sep-2021
148999;SBI Fixed Maturity Plan (FMP) Series 45 (1840 Days) - Direct Plan - Growth;INF200KA1W91;;10.2589;;;19-Sep-2021
148998;SBI Fixed Maturity Plan (FMP) Series 45 (1840 Days) - Direct Plan - Income Distribution cum Capital Withdrawal Option (IDCW);INF200KA1X09;;10.2589;;;19-Sep-2021
148996;SBI Fixed Maturity Plan (FMP) Series 45 (1840 Days) - Regular Plan - Growth;INF200KA1W75;;10.2546;;;19-Sep-2021
148997;SBI Fixed Maturity Plan (FMP) Series 45 (1840Days) - Regular Plan - Income Distribution cum Capital Withdrawal Option (IDCW);INF200KA1W83;;10.2546;;;19-Sep-2021

Close Ended Schemes ( Growth )


SBI Mutual Fund
135507;SBI EQUITY OPPORTUNITIES FUND -  SERIES IV - REGULAR PLAN - GROWTH;INF200KA1GP5;;24.4613;;;19-Sep-2021
135506;SBI EQUITY OPPORTUNITIES FUND - SERIES IV - DIRECT PLAN - GROWTH;INF200KA1GN0;;25.9188;;;19-Sep-2021
135509;SBI Equity Opportunities Fund-Series IV - Direct Plan - Income Distribution cum Capital Withdrawal Option (IDCW);INF200KA1GO8;;22.0287;;;19-Sep-2021
135508;SBI Equity Opportunities Fund-Series IV - Regular Plan - Income Distribution cum Capital Withdrawal Option (IDCW);INF200KA1GQ3;;20.7552;;;19-Sep-2021
