Scheme Code;Scheme Name;ISIN Div Payout/ISIN Growth;ISIN Div Reinvestment;Net Asset Value;Repurchase Price;Sale Price;Date

Open Ended Schemes ( Income )


Aditya Birla Sun Life Mutual Fund
120704;Aditya Birla Sun Life MIP - Direct Plan - Growth;INF209K01XB7;;38.6472;38.2607;38.6472;07-Jul-2015
119640;Aditya Birla Sun Life MIP - Direct Plan - Monthly Dividend;INF209K01R21;;13.3367;13.2033;13.3367;07-Jul-2015
100970;Aditya Birla Sun Life MIP - Regular Plan - Growth;INF209K01694;;38.1671;37.7854;38.1671;07-Jul-2015
100971;Aditya Birla Sun Life MIP - Regular Plan - Monthly Dividend;INF209K01702;;12.1269;12.0056;12.1269;07-Jul-2015
101713;Aditya Birla Sun Life MIP II - Saving 5 Plan - Growth - Regular Plan;INF209K01728;;26.7896;26.5217;26.7896;07-Jul-2015
120706;Aditya Birla Sun Life MIP II - Savings 5 Plan - Growth / Payment - Direct Plan;INF209K01XE1;;27.0698;26.7991;27.0698;07-Jul-2015
120549;Aditya Birla Sun Life MIP II - Savings 5 Plan - Monthly Dividend - Direct Plan;INF209K01R39;;13.3101;13.1770;13.3101;07-Jul-2015
101711;Aditya Birla Sun Life MIP II - Savings 5 Plan - Monthly Dividend - Regular Plan;INF209K01736;INF209K01DE3;12.7373;12.6099;12.7373;07-Jul-2015
103184;Aditya Birla Sun Life Monthly Income - Dividend - Regular Plan;INF209K01AX9;INF209K01DX3;12.3671;12.2434;12.3671;07-Jul-2015
120572;Aditya Birla Sun Life Monthly Income - Growth - Direct Plan;INF209K01YH2;;54.7111;54.1640;54.7111;07-Jul-2015
103185;Aditya Birla Sun Life Monthly Income - Growth - Regular Plan;INF209K01AZ4;;53.8233;53.2851;53.8233;07-Jul-2015
120574;Aditya Birla Sun Life Monthly Income - Quarterly Dividend - Direct Plan;INF209K01S20;;12.8601;12.7315;12.8601;07-Jul-2015
103186;Aditya Birla Sun Life Monthly Income - Quarterly Dividend - Regular Plan;INF209K01AY7;INF209K01DY1;12.4783;12.3535;12.4783;07-Jul-2015
120573;Aditya Birla Sun Life Monthly Income- Dividend - Direct Plan;INF209KA1LG5;INF209K01YF6;13.2674;13.1347;13.2674;07-Jul-2015

Bandhan Mutual Fund
108784;BANDHAN Dynamic Bond Fund - Annual Dividend;INF194K01QE9;INF194K01QD1;18.1960;18.1960;18.1960;07-Jul-2015
108554;BANDHAN Dynamic Bond Fund - Quarterly Dividend;INF194K01QB5;INF194K01QA7;11.9768;11.9768;11.9768;07-Jul-2015
108625;IDFC - SSIF - ST -Plan B - Growth;INF194K01HM1;;16.1789;16.1789;16.1789;07-Jul-2015
108759;IDFC - SSIF - ST -Plan B - Monthly Dividend;INF194K01HO7;INF194K01HN9;10.2483;10.2483;10.2483;07-Jul-2015
112366;IDFC - SSIF - Short Term- Plan F Dividend;INF194K01IJ5;INF194K01II7;10.3953;10.3953;10.3953;07-Jul-2015
112367;IDFC - SSIF - Short Term- Plan F Growth;INF194K01IH9;;15.3533;15.3533;15.3533;07-Jul-2015
108786;IDFC Dynamic Bond Fund - Growth;INF194K01PZ6;;28.3079;28.3079;28.3079;07-Jul-2015
118381;IDFC Money Manager Fund - Investment Plan -Direct Plan-Daily Dividend;;INF194K01L81;10.0579;10.0579;10.0579;07-Jul-2015
118377;IDFC Money Manager Fund - Investment Plan -Direct Plan-Monthly Dividend;INF194K01M31;INF194K01M23;10.1970;10.1970;10.1970;07-Jul-2015
118380;IDFC Money Manager Fund - Investment Plan -Direct Plan-Periodic Dividend;INF194K01M64;INF194K01M56;10.7705;10.7705;10.7705;07-Jul-2015
118382;IDFC Money Manager Fund - Investment Plan -Direct Plan-Quarterly Dividend;INF194K01L65;INF194K01L57;10.4915;10.4915;10.4915;07-Jul-2015
118378;IDFC Money Manager Fund - Investment Plan -Direct Plan-Weekly Dividend;;INF194K01M07;10.2585;10.2585;10.2585;07-Jul-2015
118379;IDFC Money Manager Fund - Investment Plan-Direct Plan-Growth;INF194K01L16;;22.2318;22.2318;22.2318;07-Jul-2015
108738;IDFC Money Manager Fund-Investment Plan-Regular Plan-Annual Div.;INF194K01NQ0;INF194K01NP2;10.3163;10.3163;10.3163;07-Jul-2015
108742;IDFC Money Manager Fund-Investment Plan-Regular Plan-Daily Div.;INF194K01NW8;INF194K01NV0;10.1183;10.1183;10.1183;07-Jul-2015
108736;IDFC Money Manager Fund-Investment Plan-Regular Plan-Growth;INF194K01NO5;;22.1089;22.1089;22.1089;07-Jul-2015
108739;IDFC Money Manager Fund-Investment Plan-Regular Plan-Monthly Div.;INF194K01OC8;INF194K01OB0;10.2231;10.2231;10.2231;07-Jul-2015
108737;IDFC Money Manager Fund-Investment Plan-Regular Plan-Qtrly Div.;INF194K01NT4;INF194K01NS6;10.4170;10.4170;10.4170;07-Jul-2015
108740;IDFC Money Manager Fund-Investment Plan-Regular Plan-Weekly Div.;INF194K01NZ1;INF194K01NY4;10.2371;10.2371;10.2371;07-Jul-2015
116669;IDFC-Money Manager Fund-Investment -Regular Plan-Periodic Div.;INF194K01XL0;INF194K01XM8;10.7643;10.7643;10.7643;07-Jul-2015
109247;IDFC-Money Manager Fund-Investment Plan A-Weekly Div.;INF194K01NM9;INF194K01NL1;10.0666;10.0666;10.0666;07-Jul-2015
108734;IDFC-Money Manager Fund-Investment Plan-Annual Div.;INF194K01NA4;INF194K01MZ3;14.1425;14.1425;14.1425;07-Jul-2015
108732;IDFC-Money Manager Fund-Investment Plan-Growth;INF194K01MY6;;21.5103;21.5103;21.5103;07-Jul-2015
108741;IDFC-Money Manager Fund-Investment Plan-Plan A-Daily Div.;INF194K01NG1;INF194K01NF3;10.0538;10.0538;10.0538;07-Jul-2015
108735;IDFC-Money Manager Fund-Investment Plan-Plan A-Monthly Div.;INF194K01NJ5;INF194K01NI7;10.0855;10.0855;10.0855;07-Jul-2015
108733;IDFC-Money Manager Fund-Investment Plan-Qtrly Div.;INF194K01ND8;INF194K01NC0;10.9329;10.9329;10.9329;07-Jul-2015
111922;IDFC-Money Manager Fund-Treasury  Plan D-Growth;INF194K01MN9;;15.0122;15.0122;15.0122;07-Jul-2015
111923;IDFC-Money Manager Fund-Treasury Plan  D-Daily Dividend;INF194K01MP4;INF194K01MR0;10.0211;10.0211;10.0211;07-Jul-2015
108676;IDFC-Money Manager Fund-Treasury Plan-Plan B - Growth;INF194K01LT8;;22.6129;22.6129;22.6129;07-Jul-2015
108677;IDFC-Money Manager Fund-Treasury Plan-Plan B-Daily Div;INF194K01LY8;INF194K01LX0;10.0703;10.0703;10.0703;07-Jul-2015
108679;IDFC-Money Manager Fund-Treasury Plan-Plan B-Mon Div;INF194K01LV4;INF194K01LU6;11.7145;11.7145;11.7145;07-Jul-2015
108678;IDFC-Money Manager Fund-Treasury Plan-Plan B-Weekly Div;INF194K01MB4;INF194K01MA6;10.3969;10.3969;10.3969;07-Jul-2015
112364;IDFC-Money Manager Fund-Treasury Plan-Plan F  Growth;INF194K01MU4;;15.1996;15.1996;15.1996;07-Jul-2015
111681;IDFC SSIF - MT (Plan B)Inst- Growth Plan;INF194K01KK9;;15.4576;15.4576;15.4576;07-Jul-2015
111680;IDFC SSIF - MT (Plan B) Inst - Dividend;INF194K01KV6;INF194K01KU8;10.2596;10.2596;10.2596;07-Jul-2015
112398;IDFC Super Saver Income Fund- IP-Plan F Growth;INF194K01JQ8;;15.3357;15.3357;15.3357;07-Jul-2015
112396;IDFC Super Saver Income Fund- MT-Plan F Dividend;INF194K01LH3;INF194K01LG5;10.2643;10.2643;10.2643;07-Jul-2015
112397;IDFC Super Saver Income Fund- MT-Plan F Growth;INF194K01LF7;;15.7375;15.7375;15.7375;07-Jul-2015

Baroda BNP Paribas Mutual Fund
112314;Baroda Pioneer PSU Bond Fund - Plan A - Growth Option;INF955L01245;;15.0897;15.0143;15.0897;07-Jul-2015
112345;Baroda Pioneer PSU Bond Fund - Plan A - Monthly Dividend Option;INF955L01252;INF955L01260;10.1850;10.1341;10.1850;07-Jul-2015
112346;Baroda Pioneer PSU Bond Fund - Plan A - Quarterly Dividend Option;INF955L01278;INF955L01286;10.2437;10.1925;10.2437;07-Jul-2015
119317;Baroda Pioneer PSU Bond Fund - Plan B (Direct) - Growth Option;INF955L01AY3;;15.1894;15.1135;15.1894;07-Jul-2015
119316;Baroda Pioneer PSU Bond Fund - Plan B (Direct) - Monthly Dividend Option;INF955L01AW7;;10.1855;10.1346;10.1855;07-Jul-2015

BNP Paribas Mutual Fund
119999;BNP Paribas Income And Gold Fund - Direct Plan - Dividend Option;INF251K01HX6;INF251K01HY4;10.9381;10.9381;10.9381;07-Jul-2015
120000;BNP Paribas Income And Gold Fund - Direct Plan - Growth Option;INF251K01HW8;;10.9992;10.9992;10.9992;07-Jul-2015
117412;BNP Paribas Income and Gold Fund - Dividend Option - Dividend Payout;INF251K01FV4;;10.8654;10.8654;10.8654;07-Jul-2015
117413;BNP Paribas Income and Gold Fund - Dividend Option - Dividend Reinvestment;INF251K01FW2;;10.8654;10.8654;10.8654;07-Jul-2015
117411;BNP Paribas Income and Gold Fund - Growth;INF251K01FU6;;10.8665;10.8665;10.8665;07-Jul-2015

Canara Robeco Mutual Fund
118302;Canara Robeco InDiGo Fund - Direct Plan - Growth;INF760K01FJ9;;13.8360;13.8360;13.8360;07-Jul-2015
118303;Canara Robeco InDiGo Fund - Direct Plan - Quarterly Dividend;INF760K01FK7;INF760K01FL5;11.0265;11.0265;11.0265;07-Jul-2015
113101;Canara Robeco InDiGo Fund - Regular Plan - Growth;INF760K01AJ0;;13.6116;13.6116;13.6116;07-Jul-2015
113100;Canara Robeco InDiGo Fund - Regular Plan - Quarterly Dividend;INF760K01AK8;INF760K01AL6;10.5361;10.5361;10.5361;07-Jul-2015
118312;Canara Robeco Short Term Fund- Direct Plan - Growth;INF760K01GH1;;16.3546;16.3546;16.3546;07-Jul-2015
118313;Canara Robeco Short Term Fund- Direct Plan - Monthly Dividend;INF760K01GI9;INF760K01GJ7;10.1572;10.1572;10.1572;07-Jul-2015
118314;Canara Robeco Short Term Fund- Direct Plan - Weekly Dividend;;INF760K01GK5;10.1449;10.1449;10.1449;07-Jul-2015
111879;Canara Robeco Short Term Fund- Institutional Plan - Growth;INF760K01688;;16.4656;16.4656;16.4656;07-Jul-2015
111880;Canara Robeco Short Term Fund- Institutional Plan - Monthly Dividend;INF760K01662;INF760K01670;10.1560;10.1560;10.1560;07-Jul-2015
111883;Canara Robeco Short Term Fund- Regular Plan - Growth;INF760K01720;;16.2024;16.2024;16.2024;07-Jul-2015
111882;Canara Robeco Short Term Fund- Regular Plan - Monthly Dividend;INF760K01704;INF760K01712;10.1560;10.1560;10.1560;07-Jul-2015
112081;Canara Robeco Short Term Fund- Regular Plan - Weekly Dividend;;INF760K01738;10.1442;10.1442;10.1442;07-Jul-2015

Deutsche Mutual Fund
122163;DWS Banking and PSU Debt fund - Bonus;INF223J01VH1;;12.1664;12.1056;12.1664;07-Jul-2015
121269;DWS Banking and PSU Debt fund - Monthly Dividend;INF223J01SU0;INF223J01SV8;10.3081;10.2566;10.3081;07-Jul-2015
122220;DWS Banking and PSU Debt fund - Quarterly Bonus;INF223J01VF5;;10.5102;10.4576;10.5102;07-Jul-2015
122074;DWS Banking and PSU Debt fund - Quarterly Dividend;INF223J01VV2;INF223J01VW0;10.4868;10.4344;10.4868;07-Jul-2015
122073;DWS Banking and PSU Debt fund - Weekly Dividend;INF223J01VT6;INF223J01VU4;10.3031;10.2516;10.3031;07-Jul-2015
121270;DWS Banking and PSU Debt fund -Growth;INF223J01SW6;;12.2805;12.2191;12.2805;07-Jul-2015
122219;DWS Banking and PSU Debt fund- Direct Plan-  Quarterly Bonus;INF223J01VG3;;12.2998;12.2383;12.2998;07-Jul-2015
122164;DWS Banking and PSU Debt fund- Direct Plan-  Regular Bonus;INF223J01VI9;;12.2956;12.2341;12.2956;07-Jul-2015
121267;DWS Banking and PSU Debt fund- Direct Plan- Monthly Dividend;INF223J01SX4;INF223J01SY2;10.399;10.347;10.399;07-Jul-2015
122070;DWS Banking and PSU Debt fund- Direct Plan- Quarterly Dividend;INF223J01WB2;INF223J01WC0;10.7153;10.6617;10.7153;07-Jul-2015
121268;DWS Banking and PSU Debt fund- Direct Plan-Growth;INF223J01SZ9;;12.4115;12.3494;12.4115;07-Jul-2015
122979;DWS Cash Opportunities Fund  -  Annual  Bonus;INF223J01WR8;;11.3708;11.3708;11.3708;07-Jul-2015
116386;DWS CASH OPPORTUNITIES FUND - ANNUAL DIV;INF223J01IZ0;INF223J01JA1;10.6561;10.6561;10.6561;07-Jul-2015
114975;DWS CASH OPPORTUNITIES FUND - Bonus Option;INF223J01AC6;;14.8108;14.8108;14.8108;07-Jul-2015
108195;DWS CASH OPPORTUNITIES FUND - DAILY DIV;;INF223J01AD4;10.0271;10.0271;10.0271;07-Jul-2015
122978;DWS Cash Opportunities Fund - Direct Plan -  Annual  Bonus;INF223J01WS6;;11.463;11.463;11.463;07-Jul-2015
119047;DWS Cash Opportunities Fund - Direct Plan - Daily Dividend;;INF223J01MQ1;10.0271;10.0271;10.0271;07-Jul-2015
119048;DWS Cash Opportunities Fund - Direct Plan - Fortnightly Dividend;INF223J01MR9;INF223J01MS7;10.1502;10.1502;10.1502;07-Jul-2015
119049;DWS Cash Opportunities Fund - Direct Plan - Growth;INF223J01MT5;;19.388;19.388;19.388;07-Jul-2015
122211;DWS Cash Opportunities Fund - Direct Plan - Monthly Bonus;INF223J01VS8;;10.5617;10.5617;10.5617;07-Jul-2015
119045;DWS Cash Opportunities Fund - Direct Plan - Monthly Dividend;INF223J01MU3;INF223J01MV1;11.1482;11.1482;11.1482;07-Jul-2015
119052;DWS Cash Opportunities Fund - Direct Plan - Weekly Dividend;INF223J01MY5;INF223J01MZ2;10.2245;10.2245;10.2245;07-Jul-2015
106036;DWS CASH OPPORTUNITIES FUND - FORTNIGHTLY DIV;INF223J01AE2;INF223J01AF9;10.1495;10.1495;10.1495;07-Jul-2015
105973;DWS CASH OPPORTUNITIES FUND - GR;INF223J01AG7;;19.1422;19.1422;19.1422;07-Jul-2015
122212;DWS CASH OPPORTUNITIES FUND - Monthly Bonus Option;INF223J01VR0;;10.5702;10.5702;10.5702;07-Jul-2015
105974;DWS CASH OPPORTUNITIES FUND - MONTHLY DIV;INF223J01AH5;INF223J01AI3;10.9266;10.9266;10.9266;07-Jul-2015
116385;DWS CASH OPPORTUNITIES FUND - QUARTERLY DIV;INF223J01IV9;INF223J01IW7;10.1589;10.1589;10.1589;07-Jul-2015
106035;DWS CASH OPPORTUNITIES FUND - WEEKLY DIV;INF223J01AJ1;INF223J01AK9;10.1102;10.1102;10.1102;07-Jul-2015
107382;DWS CASH OPPORTUNITIES FUND INSTITUTIONAL - MONTHLY DIV;INF223J01986;INF223J01994;10.76;10.76;10.76;07-Jul-2015
107380;DWS CASH OPPORTUNITIES FUND INSTITUTIONAL -GR;INF223J01978;;18.0805;18.0805;18.0805;07-Jul-2015
108243;DWS CASH OPPORTUNITIES FUND INSTITUTIONAL -Weekly;INF223J01AA0;INF223J01AB8;10.0827;10.0827;10.0827;07-Jul-2015
108244;DWS CASH OPPORTUNITIES FUND INSTITUTIONAL-Daily;;INF223J01945;10.0443;10.0443;10.0443;07-Jul-2015
131138;DWS Corporate Debt Opportunites Fund - Direct Plan - Quarterly Dividend;INF223J019S3;INF223J014T2;10.5562;10.4506;10.5562;07-Jul-2015
131141;DWS Corporate Debt Opportunites Fund - Regular Plan - Quarterly Dividend;INF223J018R7;INF223J013S6;10.4103;10.3062;10.4103;07-Jul-2015
131136;DWS Corporate Debt Opportunities Fund - Direct Plan - Growth;INF223J012T6;;10.9826;10.8728;10.9826;07-Jul-2015
131145;DWS Corporate Debt Opportunities Fund - Regular Plan - Annual Dividend;INF223J010S2;INF223J015S1;10.9098;10.8007;10.9098;07-Jul-2015
131146;DWS Corporate Debt Opportunities Fund - Regular Plan - Dividend;INF223J017R9;INF223J012S8;10.6946;10.5877;10.6946;07-Jul-2015
131143;DWS Corporate Debt Opportunities Fund - Regular Plan - Growth;INF223J011S0;;10.9092;10.8001;10.9092;07-Jul-2015
131144;DWS Corporate Debt Opportunities Fund - Regular Plan - Monthly Dividend;INF223J019R5;INF223J014S4;10.3342;10.2309;10.3342;07-Jul-2015
127093;DWS FIXED MATURITY PLAN - SERIES 47 - DIRECT PLAN -GROWTH;INF223JA1GT3;;11.2867;11.2867;11.2867;07-Jul-2015
127095;DWS FIXED MATURITY PLAN - SERIES 47 - REGULAR PLAN -GROWTH;INF223JA1GP1;;11.2241;11.2241;11.2241;07-Jul-2015
118972;DWS Income Advantage Fund - Direct Plan - Growth;INF223J01NN6;;17.5142;17.2515;17.5142;07-Jul-2015
106882;DWS Income Advantage Fund - Dividend;INF223J01CA6;INF223J01CB4;10.2186;10.0653;10.2186;07-Jul-2015
106881;DWS Income Advantage Fund - Growth;INF223J01BZ5;;17.1227;16.8659;17.1227;07-Jul-2015
126455;DWS Inflation Indexed Bond Fund - Direct Plan - Growth;INF223J01I19;;10.2024;10.2024;10.2024;07-Jul-2015
126461;DWS Inflation Indexed Bond Fund - Direct Plan - Quarterly Dividend;INF223J01H69;INF223J01H93;10.1221;10.1221;10.1221;07-Jul-2015
126447;DWS Inflation Indexed Bond Fund - Direct Plan - Regular Dividend;INF223J01H51;INF223J01H85;10.2023;10.2023;10.2023;07-Jul-2015
126458;DWS Inflation Indexed Bond Fund - Regular Plan - Bonus;INF223J01H44;;10.097;10.097;10.097;07-Jul-2015
126459;DWS Inflation Indexed Bond Fund - Regular Plan - Growth;INF223J01H36;;10.0951;10.0951;10.0951;07-Jul-2015
126462;DWS Inflation Indexed Bond Fund - Regular Plan - Monthly Dividend;INF223J01G94;INF223J01H28;10.0061;10.0061;10.0061;07-Jul-2015
126460;DWS Inflation Indexed Bond Fund - Regular Plan - Quarterly Dividend;INF223J01G86;INF223J01H10;10.0961;10.0961;10.0961;07-Jul-2015
126457;DWS Inflation Indexed Bond Fund - Regular Plan - Regular Dividend;INF223J01G78;INF223J01H02;10.0951;10.0951;10.0951;07-Jul-2015
116381;DWS Low Duration Fund - Annual Dividend;INF223J01JX3;INF223J01JY1;12.6464;12.6148;12.6464;07-Jul-2015
110074;DWS Low Duration Fund - Bonus;INF223J01CD0;;12.6118;12.5803;12.6118;07-Jul-2015
104426;DWS Low Duration Fund - Daily Dividend;;INF223J01CC2;10.3262;10.3004;10.3262;07-Jul-2015
122216;DWS Low Duration Fund - Direct Plan -  Quarterly Bonus;INF223J01WK3;;12.2212;12.1906;12.2212;07-Jul-2015
119030;DWS Low Duration Fund - Direct Plan - Annual Dividend;INF223J01OA1;INF223J01OB9;12.6465;12.6149;12.6465;07-Jul-2015
119031;DWS Low Duration Fund - Direct Plan - Daily Dividend;;INF223J01OD5;10.3262;10.3004;10.3262;07-Jul-2015
119033;DWS Low Duration Fund - Direct Plan - Growth;INF223J01OE3;;15.2975;15.2593;15.2975;07-Jul-2015
119032;DWS Low Duration Fund - Direct Plan - Weekly Dividend;INF223J01OJ2;INF223J01OK0;12.6635;12.6318;12.6635;07-Jul-2015
104425;DWS Low Duration Fund - Growth;;INF223J01CE8;14.9223;14.885;14.9223;07-Jul-2015
104428;DWS Low Duration Fund - Monthly Dividend;INF223J01CF5;INF223J01CG3;11.6964;11.6672;11.6964;07-Jul-2015
122215;DWS Low Duration Fund - Quarterly Bonus;INF223J01WJ5;;12.1082;12.0779;12.1082;07-Jul-2015
116380;DWS Low Duration Fund - Quarterly Dividend;INF223J01JV7;INF223J01JW5;12.367;12.3361;12.367;07-Jul-2015
110073;DWS Low Duration Fund - Regular Plan - Bonus;INF223J01CJ7;;12.5053;12.474;12.5053;07-Jul-2015
104234;DWS Low Duration Fund - Regular Plan - Daily Dividend;;INF223J01CK5;11.744;11.7146;11.744;07-Jul-2015
103591;DWS Low Duration Fund - Regular Plan - Growth;INF223J01CL3;;19.1745;19.1266;19.1745;07-Jul-2015
103590;DWS Low Duration Fund - Regular Plan - Monthly Dividend;INF223J01CM1;INF223J01CN9;10.3951;10.3691;10.3951;07-Jul-2015
103592;DWS Low Duration Fund - Regular Plan - Weekly Dividend;INF223J01CO7;INF223J01CP4;10.1656;10.1402;10.1656;07-Jul-2015
104427;DWS Low Duration Fund - Weekly Dividend;INF223J01CH1;INF223J01CI9;10.3234;10.2976;10.3234;07-Jul-2015
127422;DWS Medium Term Income Fund- Direct Plan - Regular Dividend;INF223J01N46;INF223J01N53;11.116;11.0048;11.116;07-Jul-2015
127423;DWS Medium Term Income Fund- Direct Plan- Growth;INF223J01N61;;11.8169;11.6987;11.8169;07-Jul-2015
127392;DWS Medium Term Income Fund- Regular Plan - Regular Dividend;INF223J01N12;INF223J01N20;11.0248;10.9146;11.0248;07-Jul-2015
127424;DWS Medium Term Income Fund- Regular Plan- Growth;INF223J01N38;;11.7225;11.6053;11.7225;07-Jul-2015
122688;DWS Premier Bond Fund - Annual Bonus;INF223J01WZ1;;22.9227;22.6935;22.9227;07-Jul-2015
101731;DWS Premier Bond Fund - Annual Dividend;INF223J01CY6;INF223J01CZ3;10.3891;10.2852;10.3891;07-Jul-2015
114973;DWS Premier Bond Fund - Bonus;INF223J01DA4;;13.9672;13.8275;13.9672;07-Jul-2015
118974;DWS Premier Bond Fund - Direct Plan - Annual Dividend;INF223J01OM6;INF223J01OL8;11.1106;10.9995;11.1106;07-Jul-2015
118975;DWS Premier Bond Fund - Direct Plan - Growth;INF223J01OO2;;23.4697;23.235;23.4697;07-Jul-2015
122221;DWS Premier Bond Fund - Direct Plan - Half-Yearly Bonus;INF223J01WG1;;12.0196;11.8994;12.0196;07-Jul-2015
118976;DWS Premier Bond Fund - Direct Plan - Monthly Dividend;INF223J01OP9;INF223J01OQ7;15.3198;15.1666;15.3198;07-Jul-2015
118977;DWS Premier Bond Fund - Direct Plan - Quarterly Dividend;INF223J01OR5;INF223J01OS3;12.6106;12.4845;12.6106;07-Jul-2015
101732;DWS Premier Bond Fund - Growth;INF223J01DB2;;22.928;22.6987;22.928;07-Jul-2015
122222;DWS Premier Bond Fund - Half-Yearly Bonus;INF223J01WF3;;10.7094;10.6023;10.7094;07-Jul-2015
111554;DWS Premier Bond Fund - Institutional Plan - Growth;INF223J01CT6;;12.6964;12.5694;12.6964;07-Jul-2015
101730;DWS Premier Bond Fund - Monthly Dividend;INF223J01DC0;INF223J01DD8;13.3652;13.2315;13.3652;07-Jul-2015
116913;DWS Premier Bond Fund - Premium Plus Plan - Annual Dividend;;;11.0074;10.8973;11.0074;07-Jul-2015
111723;DWS Premier Bond Fund - Premium Plus Plan - Growth;INF223J01CQ2;;13.4417;13.3073;13.4417;07-Jul-2015
116914;DWS Premier Bond Fund - Premium Plus Plan - Quarterly Dividend;;;10.3801;10.2763;10.3801;07-Jul-2015
101729;DWS Premier Bond Fund - Quarterly Dividend;INF223J01DE6;INF223J01DF3;11.8526;11.7341;11.8526;07-Jul-2015
122684;DWS Short Maturity Fund - Annual Bonus;INF223J01XB0;;17.0775;16.9494;17.0775;07-Jul-2015
116360;DWS Short Maturity Fund - Annual Dividend;INF223J01KD3;INF223J01KE1;10.3308;10.2533;10.3308;07-Jul-2015
114968;DWS Short Maturity Fund - Bonus;INF223J01DW8;;14.7455;14.6349;14.7455;07-Jul-2015
122683;DWS Short Maturity Fund - Direct Plan - Annual Bonus;INF223J01XC8;;17.4382;17.3074;17.4382;07-Jul-2015
118982;DWS Short Maturity Fund - Direct Plan - Growth;INF223J01OW5;;26.1576;25.9614;26.1576;07-Jul-2015
122218;DWS Short Maturity Fund - Direct Plan - Half Yearly Bonus;INF223J01WI7;;11.589;11.5021;11.589;07-Jul-2015
118980;DWS Short Maturity Fund - Direct Plan - Monthly Dividend;INF223J01OX3;INF223J01OY1;12.876;12.7794;12.876;07-Jul-2015
118984;DWS Short Maturity Fund - Direct Plan - Weekly Dividend;INF223J01OZ8;INF223J01PA8;10.4648;10.3863;10.4648;07-Jul-2015
101627;DWS Short Maturity Fund - Growth;INF223J01DT4;;25.6165;25.4244;25.6165;07-Jul-2015
122217;DWS Short Maturity Fund - Half Yearly Bonus;INF223J01WH9;;10.3504;10.2728;10.3504;07-Jul-2015
111556;DWS Short Maturity Fund - Institutional Plan - Growth;INF223J01DG1;;16.8572;16.7308;16.8572;07-Jul-2015
101625;DWS Short Maturity Fund - Monthly Dividend;INF223J01DU2;INF223J01DV0;12.5912;12.4968;12.5912;07-Jul-2015
114749;DWS Short Maturity Fund - Premium Plus - Growth;INF223J01DN7;;14.8043;14.6933;14.8043;07-Jul-2015
111872;DWS Short Maturity Fund - Premium Plus - Quarterly Dividend;INF223J01DQ0;INF223J01DR8;10.6281;10.5484;10.6281;07-Jul-2015
111871;DWS Short Maturity Fund - Premium Plus Plan - Monthly Dividend;INF223J01DO5;INF223J01DP2;10.4545;10.3761;10.4545;07-Jul-2015
116347;DWS Short Maturity Fund - Quarterly Dividend;INF223J01KB7;INF223J01KC5;10.4318;10.3536;10.4318;07-Jul-2015
101626;DWS Short Maturity Fund - Weekly Dividend;INF223J01DX6;INF223J01DY4;10.2409;10.1641;10.2409;07-Jul-2015
122678;DWS Ultra Short Term Fund - Annual Bonus;INF223J01XH7;;17.182;17.182;17.182;07-Jul-2015
116374;DWS Ultra Short Term Fund - Annual Dividend;INF223J01JJ2;INF223J01JK0;12.9597;12.9597;12.9597;07-Jul-2015
110071;DWS Ultra Short Term Fund - Bonus;INF223J01FN2;;12.8994;12.8994;12.8994;07-Jul-2015
109301;DWS Ultra Short Term Fund - Daily Dividend;;INF223J01FH4;10.0183;10.0183;10.0183;07-Jul-2015
122677;DWS Ultra Short Term Fund - Direct Plan - Annual Bonus;INF223J01XI5;;11.4853;11.4853;11.4853;07-Jul-2015
119043;DWS Ultra Short Term Fund - Direct Plan - Bonus;INF223J01QK5;;12.9427;12.9427;12.9427;07-Jul-2015
119041;DWS Ultra Short Term Fund - Direct Plan - Daily Dividend;;INF223J01QL3;10.0179;10.0179;10.0179;07-Jul-2015
119038;DWS Ultra Short Term Fund - Direct Plan - Growth;INF223J01QO7;;17.2708;17.2708;17.2708;07-Jul-2015
122208;DWS Ultra Short Term Fund - Direct Plan - Monthly Bonus;INF223J01VK5;;10.2861;10.2861;10.2861;07-Jul-2015
119039;DWS Ultra Short Term Fund - Direct Plan - Monthly Dividend;INF223J01QP4;INF223J01QQ2;10.9046;10.9046;10.9046;07-Jul-2015
119044;DWS Ultra Short Term Fund - Direct Plan - Quarterly Dividend;INF223J01QT6;INF223J01QU4;10.7232;10.7232;10.7232;07-Jul-2015
119042;DWS Ultra Short Term Fund - Direct Plan - Weekly Dividend;INF223J01QR0;INF223J01QS8;10.2758;10.2758;10.2758;07-Jul-2015
112306;DWS Ultra Short Term Fund - Dividend;INF223J01FI2;INF223J01FJ0;11.8036;11.8036;11.8036;07-Jul-2015
109302;DWS Ultra Short Term Fund - Growth;INF223J01FK8;;17.1817;17.1817;17.1817;07-Jul-2015
122207;DWS Ultra Short Term Fund - Monthly Bonus;INF223J01VJ7;;10.5374;10.5374;10.5374;07-Jul-2015
109303;DWS Ultra Short Term Fund - Monthly Dividend;INF223J01FL6;INF223J01FM4;10.6372;10.6372;10.6372;07-Jul-2015
116373;DWS Ultra Short Term Fund - Quarterly Dividend;INF223J01JH6;INF223J01JI4;10.5903;10.5903;10.5903;07-Jul-2015
110072;DWS Ultra Short Term Fund - Regular Plan - Bonus;INF223J01GA7;;13.6639;13.6639;13.6639;07-Jul-2015
107821;DWS Ultra Short Term Fund - Regular Plan - Daily Dividend;;INF223J01FW3;10.0215;10.0215;10.0215;07-Jul-2015
107820;DWS Ultra Short Term Fund - Regular Plan - Growth;INF223J01FX1;;22.685;22.685;22.685;07-Jul-2015
107823;DWS Ultra Short Term Fund - Regular Plan - Monthly Dividend;INF223J01FY9;INF223J01FZ6;10.5935;10.5935;10.5935;07-Jul-2015
107822;DWS Ultra Short Term Fund - Regular Plan - Weekly Dividend;INF223J01GB5;INF223J01GC3;10.5097;10.5097;10.5097;07-Jul-2015
109300;DWS Ultra Short Term Fund - Weekly Dividend;INF223J01FO0;INF223J01FP7;10.0878;10.0878;10.0878;07-Jul-2015

DSP Mutual Fund
111785;DSP BlackRock Strategic Bond Fund - Regular Plan - Daily Dividend;;;1020.2503;1019.2300;1020.2503;07-Jul-2015
105665;DSP BlackRock Strategic Bond Fund - Regular Plan - Dividend;INF740K01QT7;INF740K01QW1;1142.5606;1141.4180;1142.5606;07-Jul-2015
105666;DSP BlackRock Strategic Bond Fund - Regular Plan - Growth;INF740K01QU5;;1822.6254;1820.8028;1822.6254;07-Jul-2015
105664;DSP BlackRock Strategic Bond Fund - Regular Plan - Monthly Dividend;INF740K01698;INF740K01QX9;1031.4157;1030.3843;1031.4157;07-Jul-2015
105877;DSP BlackRock Strategic Bond Fund - Regular Plan - Weekly Dividend;;;1020.2502;1019.2299;1020.2502;07-Jul-2015
104143;DSP BlackRock Ultra Short Fund - Institutional Plan - Daily Dividend Reinvest;;;1004.2306;1004.2306;1004.2306;07-Jul-2015
104142;DSP BlackRock Ultra Short Fund - Institutional Plan - Growth;INF740K01FS2;;1996.7347;1996.7347;1996.7347;07-Jul-2015
103275;DSP Credit Risk Fund - Institutional Plan-Daily Dividend Reinvest;;;1012.2660;1002.1433;1012.2660;07-Jul-2015
103277;DSP Credit Risk Fund - Institutional Plan-Growth;INF740K01FN3;;2099.9225;2078.9233;2099.9225;07-Jul-2015

Edelweiss Mutual Fund
109955;Edelweiss Bond Fund  - Growth Option;INF754K01AH7;;1701.6996;1684.6826;1701.6996;07-Jul-2015
118648;Edelweiss Bond Fund  -Direct Plan- Growth Option;INF754K01CQ4;;1703.0400;1686.0096;1703.0400;07-Jul-2015
109950;Edelweiss Bond Fund - Daily Dividend Option;;INF754K01AL9;1001.5700;991.5543;1001.5700;07-Jul-2015
109957;Edelweiss Bond Fund - Fortnightly Dividend Option;;INF754K01AN5;1003.6930;993.6561;1003.6930;07-Jul-2015
109954;Edelweiss Bond Fund - Monthly Dividend Option;INF754K01AI5;INF754K01AK1;1002.8180;992.7898;1002.8180;07-Jul-2015
109956;Edelweiss Bond Fund - Retail Plan - Daily Dividend Option;;INF754K01AE4;1001.5700;991.5543;1001.5700;07-Jul-2015
109953;Edelweiss Bond Fund - Retail Plan - Fortnightly Dividend Option;;INF754K01AG9;1003.8540;993.8155;1003.8540;07-Jul-2015
109949;Edelweiss Bond Fund - Retail Plan - Growth Option;INF754K01AA2;;1644.9673;1628.5176;1644.9673;07-Jul-2015
109958;Edelweiss Bond Fund - Retail Plan - Monthly Dividend Option;INF754K01AB0;INF754K01AD6;1003.6416;993.6052;1003.6416;07-Jul-2015
109951;Edelweiss Bond Fund - Retail Plan - Weekly Dividend Option;;INF754K01AF1;1001.8207;991.8025;1001.8207;07-Jul-2015
109952;Edelweiss Bond Fund - Weekly Dividend Option;;INF754K01AM7;1001.8191;991.8009;1001.8191;07-Jul-2015
118649;Edelweiss Bond Fund -Direct Plan- Daily Dividend Option;;INF754K01CU6;1001.5700;991.5543;1001.5700;07-Jul-2015
126529;Edelweiss Short Term Income Fund - Bonus Option;INF754K01DX8;;16.2369;16.1557;16.2369;07-Jul-2015
118646;Edelweiss Short Term Income Fund - Direct Plan- Growth Option;;;16.3251;16.2435;16.3251;07-Jul-2015
110287;Edelweiss Short Term Income Fund - Dividend Option;INF754K01830;INF754K01848;12.6230;12.5599;12.6230;07-Jul-2015
110285;Edelweiss Short Term Income Fund - Growth Option;INF754K01822;;16.2369;16.1557;16.2369;07-Jul-2015
110286;Edelweiss Short Term Income Fund - Institutional Plan - Growth Option;INF754K01855;;15.5884;15.5105;15.5884;07-Jul-2015

Goldman Sachs Mutual Fund
118603;Goldman Sachs Short Term Fund - Direct Plan - Dividend Reinvestment Option - Weekly Frequency;;INF457M01125;10.0072;10.0072;10.0072;07-Jul-2015
118604;Goldman Sachs Short Term Fund - Direct Plan - Growth Option;INF457M01109;;14.1734;14.1734;14.1734;07-Jul-2015
115753;Goldman Sachs Short Term Fund - Dividend Reinvestment Option - Daily Frequency;;INF732E01243;10.0000;10.0000;10.0000;07-Jul-2015
115754;Goldman Sachs Short Term Fund - Dividend Reinvestment Option - Weekly Frequency;;INF732E01250;10.0069;10.0069;10.0069;07-Jul-2015
115752;Goldman Sachs Short Term Fund - Growth Option;INF732E01235;;14.0776;14.0776;14.0776;07-Jul-2015
118602;Goldman Sachs Short Term Fund -Direct Plan - Dividend Reinvestment Option - Daily Frequency;;INF457M01117;10.0000;10.0000;10.0000;07-Jul-2015

HDFC Mutual Fund
130555;HDFC Inflation Indexed Bond Fund - Direct Growth;INF179KA1SI2;;10.9989;10.8339;10.9989;07-Jul-2015
130580;HDFC Inflation Indexed Bond Fund - Regular Dividend;INF179KA1SQ5;;10.0770;9.9258;10.0770;07-Jul-2015
130553;HDFC Inflation Indexed Bond Fund - Regular Growth;INF179KA1SN2;;10.8579;10.6950;10.8579;07-Jul-2015
130554;HDFC Inflation Indexed Bond Fund - Regular Quarterly Dividend;INF179KA1SO0;;10.0499;9.8992;10.0499;07-Jul-2015
132851;HDFC Regular Savings Fund - Direct Option - Normal Dividend Option;INF179KA1D58;;10.6169;10.5373;10.6169;07-Jul-2015
132850;HDFC Regular Savings Fund - Regular Option - Normal Dividend Option;INF179KA1D74;;10.7053;10.6250;10.7053;07-Jul-2015
119079;HDFC Regular Savings Fund -Direct Plan - Growth Option;INF179K01YP0;;27.8709;27.6619;27.8709;07-Jul-2015
119078;HDFC Regular Savings Fund -Direct Plan - Monthly Dividend Option;INF179K01YN5;INF179K01YO3;10.3595;10.2818;10.3595;07-Jul-2015
101430;HDFC Regular Savings Fund-GROWTH;INF179K01AY2;;27.6794;27.4718;27.6794;07-Jul-2015
101431;HDFC Regular Savings Fund-Monthly Dividend Option;INF179K01AW6;INF179K01AX4;10.3578;10.2801;10.3578;07-Jul-2015

HSBC Mutual Fund
102257;HSBC MIP - Regular -  Dividend - Monthly;INF336L01057;INF336L01065;11.8126;11.8126;11.8126;07-Jul-2015
102258;HSBC MIP - Regular - Dividend - Quarterly;INF336L01073;INF336L01081;11.9925;11.9925;11.9925;07-Jul-2015
102259;HSBC MIP - Regular - Growth;INF336L01040;;24.4798;24.4798;24.4798;07-Jul-2015
120072;HSBC MIP-Regular Plan-Growth Direct;INF336L01DR4;;24.8478;24.8478;24.8478;07-Jul-2015

ICICI Prudential Mutual Fund
103062;ICICI Prudential Blended Plan B -  Dividend Option - I;INF109K01EA1;INF109K01AQ5;13.1895;13.1565;13.1895;07-Jul-2015
103061;ICICI Prudential Blended Plan B -  Growth Option - I;INF109K01AR3;;21.0113;20.9588;21.0113;07-Jul-2015
114376;ICICI Prudential Blended Plan B -  Monthly Dividend Option - I;INF109K01VV1;INF109K01ID6;10.2010;10.1755;10.2010;07-Jul-2015
114238;ICICI Prudential Blended Plan B - Daily Dividend Option - I;INF109K01VW9;;10.9537;10.9263;10.9537;07-Jul-2015
120302;ICICI Prudential Blended Plan B - Direct Plan -  Dividend Option - I;INF109K015J6;INF109K016J4;15.5337;15.4949;15.5337;07-Jul-2015
120300;ICICI Prudential Blended Plan B - Direct Plan -  Growth Option - I;INF109K017J2;;21.0904;21.0377;21.0904;07-Jul-2015
120301;ICICI Prudential Blended Plan B - Direct Plan -  Monthly Dividend Option - I;INF109K018J0;INF109K019J8;10.2420;10.2164;10.2420;07-Jul-2015
123542;ICICI Prudential Blended Plan B - Direct Plan - Quarterly Dividend Option - I;INF109KA1CK7;INF109KA1CJ9;10.7360;10.7092;10.7360;07-Jul-2015
131149;ICICI Prudential Blended Plan B - Half Yearly Dividend Option - I;INF109KA1M39;INF109KA1M21;10.2826;10.2569;10.2826;07-Jul-2015
132979;ICICI Prudential Blended Plan B - option I-Bonus;INF109KA1392;;10.4958;10.4696;10.4958;07-Jul-2015
120303;ICICI Prudential Blended Plan B-Direct Plan -  Daily Dividend Option - I;INF109K014J9;;10.5378;10.5115;10.5378;07-Jul-2015
101098;ICICI Prudential Child Care Plan Study - Cumulative;INF109K01597;;54.4906;53.9457;54.4906;07-Jul-2015
120691;ICICI Prudential Child Care Plan Study - Direct Plan- Cumulative;INF109K01Y56;;55.8956;55.3366;55.8956;07-Jul-2015
131621;ICICI Prudential Dynamic Bond Fund - Annual Dividend;INF109KA15C5;INF109KA14C8;10.5727;10.5727;10.5727;07-Jul-2015
122613;ICICI Prudential Dynamic Bond Fund - Bonus;INF109KA1350;;15.7283;15.7283;15.7283;07-Jul-2015
113055;ICICI Prudential Dynamic Bond Fund - Daily Dividend;INF109K01PJ8;;10.0862;10.0862;10.0862;07-Jul-2015
120584;ICICI Prudential Dynamic Bond Fund - Direct Plan -  Daily Dividend;INF109K016K2;;10.4230;10.4230;10.4230;07-Jul-2015
120582;ICICI Prudential Dynamic Bond Fund - Direct Plan -  Growth;INF109K017K0;;15.9685;15.9685;15.9685;07-Jul-2015
120581;ICICI Prudential Dynamic Bond Fund - Direct Plan -  Half Yearly Dividend;INF109K018K8;INF109K019K6;10.5313;10.5313;10.5313;07-Jul-2015
120580;ICICI Prudential Dynamic Bond Fund - Direct Plan -  Monthly Dividend;INF109K010L3;INF109K011L1;10.4329;10.4329;10.4329;07-Jul-2015
131620;ICICI Prudential Dynamic Bond Fund - Direct Plan - Annual Dividend;INF109KA17C1;INF109KA16C3;10.5802;10.5802;10.5802;07-Jul-2015
131199;ICICI Prudential Dynamic Bond Fund - Direct Plan - Bonus Option;INF109KA1343;;15.8163;15.8163;15.8163;07-Jul-2015
120583;ICICI Prudential Dynamic Bond Fund - Direct Plan - Quarterly Dividend;INF109K012L9;INF109K013L7;10.2676;10.2676;10.2676;07-Jul-2015
111996;ICICI Prudential Dynamic Bond Fund - Growth;INF109K01CB3;;15.7284;15.7284;15.7284;07-Jul-2015
112005;ICICI Prudential Dynamic Bond Fund - Half Yearly Dividend;INF109K01PK6;INF109K01IY2;10.6324;10.6324;10.6324;07-Jul-2015
111997;ICICI Prudential Dynamic Bond Fund - Monthly Dividend;INF109K01FE0;INF109K01CC1;10.7794;10.7794;10.7794;07-Jul-2015
112002;ICICI Prudential Dynamic Bond Fund - Premium Plus Growth;INF109K01RW7;;15.9847;15.9847;15.9847;07-Jul-2015
111998;ICICI Prudential Dynamic Bond Fund - Quarterly Dividend;INF109K01FF7;INF109K01CD9;10.2624;10.2624;10.2624;07-Jul-2015
106290;ICICI Prudential Interval Fund - Annual Interval Plan I - Retail Dividend;INF109K01KM3;;11.5998;N.A.;N.A.;07-Jul-2015
106292;ICICI Prudential Interval Fund - Annual Interval Plan I - Retail Growth;INF109K01KL5;;19.1904;N.A.;N.A.;07-Jul-2015
130958;ICICI Prudential Interval Fund Annual Interval Plan - I - Direct Plan Bonus;INF109KA1C80;;10.7609;N.A.;N.A.;07-Jul-2015
106291;ICICI Prudential Interval Fund Annual Interval Plan I -  Growth;INF109K01KN1;;15.3354;N.A.;N.A.;07-Jul-2015
120625;ICICI Prudential Interval Fund Annual Interval Plan I - Direct Plan -  Growth;INF109K01K45;;15.3497;N.A.;N.A.;07-Jul-2015
106293;ICICI Prudential Interval Fund Annual Interval Plan I - Dividend;INF109K01KO9;;11.6311;N.A.;N.A.;07-Jul-2015
106762;ICICI Prudential Interval Fund - Annual Interval Plan II - Retail Dividend;INF109K01KQ4;;12.7403;N.A.;N.A.;07-Jul-2015
106763;ICICI Prudential Interval Fund - Annual Interval Plan II - Retail Growth;INF109K01KP6;;18.5515;N.A.;N.A.;07-Jul-2015
120627;ICICI Prudential Interval Fund Annual Interval Plan II - Direct Plan -  Growth;INF109K01K60;;19.1534;N.A.;N.A.;07-Jul-2015
106761;ICICI Prudential Interval Fund Annual Interval Plan II - Growth;INF109K01KR2;;19.1351;N.A.;N.A.;07-Jul-2015
106778;ICICI Prudential Interval Fund - Annual Interval Plan III - Retail Dividend;INF109K01KU6;;12.5951;N.A.;N.A.;07-Jul-2015
106777;ICICI Prudential Interval Fund - Annual Interval Plan III - Retail Growth;INF109K01KT8;;18.6070;N.A.;N.A.;07-Jul-2015
120629;ICICI Prudential Interval Fund Annual Interval Plan III - Direct Plan -  Growth;INF109K01K86;;15.0992;N.A.;N.A.;07-Jul-2015
106779;ICICI Prudential Interval Fund Annual Interval Plan III - Growth;INF109K01KV4;;15.0822;N.A.;N.A.;07-Jul-2015
106832;ICICI Prudential Interval Fund - Annual Interval Plan IV - Retail Dividend;INF109K01KI1;;12.3360;N.A.;N.A.;07-Jul-2015
106833;ICICI Prudential Interval Fund - Annual Interval Plan IV - Retail Growth;INF109K01KH3;;18.5486;N.A.;N.A.;07-Jul-2015
120631;ICICI Prudential Interval Fund Annual Interval Plan IV - Direct Plan -  Growth;INF109K01L02;;17.4146;N.A.;N.A.;07-Jul-2015
106831;ICICI Prudential Interval Fund Annual Interval Plan IV - Growth;INF109K01KJ9;;17.3939;N.A.;N.A.;07-Jul-2015
106852;ICICI Prudential Interval Fund - Half Yearly Interval Plan II - Retail Dividend;INF109K01LM1;;10.1054;N.A.;N.A.;07-Jul-2015
106853;ICICI Prudential Interval Fund - Half Yearly Interval Plan II - Retail Growth;INF109K01LL3;;17.6199;N.A.;N.A.;07-Jul-2015
120633;ICICI Prudential Interval Fund Half Yearly Interval Plan II - Direct Plan -  Growth;INF109K01M27;;14.8498;N.A.;N.A.;07-Jul-2015
112291;ICICI Prudential Interval Fund Half Yearly Interval Plan II - Growth;INF109K01LH1;;14.8450;N.A.;N.A.;07-Jul-2015
105650;ICICI Prudential Interval Fund - Monthly Interval Plan I - Retail Dividend;INF109K01ON3;;10.0198;N.A.;N.A.;07-Jul-2015
105651;ICICI Prudential Interval Fund - Monthly Interval Plan I - Retail Growth;INF109K01OM5;;18.4277;N.A.;N.A.;07-Jul-2015
120636;ICICI Prudential Interval Fund Monthly Interval Plan I - Direct Plan -  Growth;INF109K01L28;;11.7241;N.A.;N.A.;07-Jul-2015
109680;ICICI Prudential Interval Fund Monthly Interval Plan I - Dividend;INF109K01OL7;INF109K01OK9;10.0198;N.A.;N.A.;07-Jul-2015
109679;ICICI Prudential Interval Fund Monthly Interval Plan I - Growth;INF109K01OJ1;;11.7117;N.A.;N.A.;07-Jul-2015
105711;ICICI Prudential Interval Fund - Quarterly Interval Plan I - Retail Dividend;INF109K01LU4;;10.0640;N.A.;N.A.;07-Jul-2015
105710;ICICI Prudential Interval Fund - Quarterly Interval Plan I - Retail Growth;INF109K01LT6;;19.1604;N.A.;N.A.;07-Jul-2015
120638;ICICI Prudential Interval Fund Quarterly Interval Plan 1 - Direct Plan -  Growth;INF109K01L69;;15.3454;N.A.;N.A.;07-Jul-2015
120637;ICICI Prudential Interval Fund Quarterly Interval Plan 1 - Direct Plan - Dividend;INF109K01L77;;10.0638;N.A.;N.A.;07-Jul-2015
111405;ICICI Prudential Interval Fund Quarterly Interval Plan 1 - Growth;INF109K01LP4;;15.3235;N.A.;N.A.;07-Jul-2015
111406;ICICI Prudential Interval Fund Quarterly Interval Plan 1 -Dividend;INF109K01LR0;INF109K01LQ2;10.0634;N.A.;N.A.;07-Jul-2015
105907;ICICI Prudential Interval Fund - Quarterly Interval Plan II - Retail Dividend;INF109K01MC0;;10.2189;N.A.;N.A.;07-Jul-2015
105908;ICICI Prudential Interval Fund - Quarterly Interval Plan II - Retail Growth;INF109K01MB2;;18.9420;N.A.;N.A.;07-Jul-2015
120639;ICICI Prudential Interval Fund II Quarterly Interval - Direct Plan -  Growth;INF109K01L85;;17.2109;N.A.;N.A.;07-Jul-2015
110203;ICICI Prudential Interval Fund II Quarterly Interval - Dividend;INF109K01LZ3;INF109K01LY6;10.1925;N.A.;N.A.;07-Jul-2015
110204;ICICI Prudential Interval Fund II Quarterly Interval - Growth;INF109K01LX8;;17.1956;N.A.;N.A.;07-Jul-2015
127399;ICICI Prudential Interval Fund - Quarterly Interval Plan III - Direct Quarterly Dividend Payout;INF109K01N91;;10.1137;N.A.;N.A.;07-Jul-2015
106141;ICICI Prudential Interval Fund - Quarterly Interval Plan III - Retail Dividend;INF109K01MK3;;10.1123;N.A.;N.A.;07-Jul-2015
106142;ICICI Prudential Interval Fund - Quarterly Interval Plan III - Retail Growth;INF109K01MJ5;;18.2800;N.A.;N.A.;07-Jul-2015
120654;ICICI Prudential Interval Fund III Quarterly Interval - Direct Plan -  Dividend;INF109K01M19;;10.2926;N.A.;N.A.;07-Jul-2015
120655;ICICI Prudential Interval Fund III Quarterly Interval - Direct Plan -  Growth;INF109K01M01;;15.3520;N.A.;N.A.;07-Jul-2015
110556;ICICI Prudential Interval Fund III Quarterly Interval - Dividend;INF109K01MH9;INF109K01MG1;10.1124;N.A.;N.A.;07-Jul-2015
110555;ICICI Prudential Interval Fund III Quarterly Interval - Growth;INF109K01MF3;;15.3259;N.A.;N.A.;07-Jul-2015
121129;ICICI Prudential Interval Fund - Series VI - Annual Interval Plan - A - Cumulative;INF109K015G2;;12.3725;N.A.;N.A.;07-Jul-2015
121127;ICICI Prudential Interval Fund - Series VI - Annual Interval Plan - A - Direct Plan - Cumulative;INF109K013G7;;12.3885;N.A.;N.A.;07-Jul-2015
121364;ICICI Prudential Interval Fund - Series VI - Annual Interval Plan - C - Cumulative;INF109K014Q4;;12.3095;N.A.;N.A.;07-Jul-2015
121362;ICICI Prudential Interval Fund - Series VI - Annual Interval Plan - C - Direct Plan - Cumulative;INF109K016Q9;;12.3433;N.A.;N.A.;07-Jul-2015
121441;ICICI Prudential Interval Fund - Series VI - Annual Interval Plan - D - Cumulative;INF109K018Q5;;12.2436;N.A.;N.A.;07-Jul-2015
121440;ICICI Prudential Interval Fund - Series VI - Annual Interval Plan - D - Direct Plan - Cumulative;INF109K010R0;;12.2658;N.A.;N.A.;07-Jul-2015
127238;ICICI Prudential Interval Fund - Series VII - Annual Interval Plan - C - Cumulative;INF109KA1NV1;;11.3517;N.A.;N.A.;07-Jul-2015
127236;ICICI Prudential Interval Fund - Series VII - Annual Interval Plan - C - Direct Plan - Cumulative;INF109KA1NX7;;11.3595;N.A.;N.A.;07-Jul-2015
127235;ICICI Prudential Interval Fund - Series VII - Annual Interval Plan - C - Dividend;INF109KA1NW9;;10.3392;N.A.;N.A.;07-Jul-2015
106828;ICICI Prudential Interval Fund II - Quarterly Interval Plan A - Retail Dividend;INF109K01MO5;;10.0808;N.A.;N.A.;07-Jul-2015
106829;ICICI Prudential Interval Fund II - Quarterly Interval Plan A - Retail Growth;INF109K01MN7;;18.4075;N.A.;N.A.;07-Jul-2015
123645;ICICI Prudential Interval Fund II Quarterly Interval Plan A -  Quarterly Dividend Payout;INF109K01MU2;;10.0807;N.A.;N.A.;07-Jul-2015
120641;ICICI Prudential Interval Fund II Quarterly Interval Plan A - Direct Plan -  Dividend;INF109K01M50;;10.0820;N.A.;N.A.;07-Jul-2015
120642;ICICI Prudential Interval Fund II Quarterly Interval Plan A - Direct Plan -  Growth;INF109K01M43;;11.8748;N.A.;N.A.;07-Jul-2015
110664;ICICI Prudential Interval Fund II Quarterly Interval Plan A - Dividend;INF109K01MT4;INF109K01MS6;10.0808;N.A.;N.A.;07-Jul-2015
110663;ICICI Prudential Interval Fund II Quarterly Interval Plan A - Growth;INF109K01MR8;;11.8501;N.A.;N.A.;07-Jul-2015
106885;ICICI Prudential Interval Fund II - Quarterly Interval Plan B - Retail Dividend;INF109K01MW8;;10.0831;N.A.;N.A.;07-Jul-2015
106886;ICICI Prudential Interval Fund II - Quarterly Interval Plan B - Retail Growth;INF109K01MV0;;18.1636;N.A.;N.A.;07-Jul-2015
120644;ICICI Prudential Interval Fund II Quarterly Interval Plan B - Direct Plan -  Dividend;INF109K01M76;;10.0767;N.A.;N.A.;07-Jul-2015
120643;ICICI Prudential Interval Fund II Quarterly Interval Plan B - Direct Plan -  Growth;INF109K01M68;;12.3561;N.A.;N.A.;07-Jul-2015
111317;ICICI Prudential Interval Fund II Quarterly Interval Plan B - Dividend;INF109K01NB0;INF109K01NA2;10.0723;N.A.;N.A.;07-Jul-2015
111316;ICICI Prudential Interval Fund II Quarterly Interval Plan B - Growth;INF109K01MZ1;;12.3321;N.A.;N.A.;07-Jul-2015
118037;ICICI Prudential Interval Fund II Quarterly Interval Plan B - Quarterly Dividend Payout;INF109K01NC8;;10.0722;N.A.;N.A.;07-Jul-2015
106977;ICICI Prudential Interval Fund II - Quarterly Interval Plan C - Retail Dividend;INF109K01NI5;;10.2353;N.A.;N.A.;07-Jul-2015
106976;ICICI Prudential Interval Fund II - Quarterly Interval Plan C - Retail Growth;INF109K01NH7;;18.9563;N.A.;N.A.;07-Jul-2015
120647;ICICI Prudential Interval Fund II Quarterly Interval Plan C - Direct Plan -  Dividend;INF109K01L51;;10.2360;N.A.;N.A.;07-Jul-2015
120646;ICICI Prudential Interval Fund II Quarterly Interval Plan C - Direct Plan -  Growth;INF109K01L44;;11.9696;N.A.;N.A.;07-Jul-2015
109855;ICICI Prudential Interval Fund II Quarterly Interval Plan C - Dividend;INF109K01NF1;INF109K01NE4;10.2357;N.A.;N.A.;07-Jul-2015
109854;ICICI Prudential Interval Fund II Quarterly Interval Plan C - Growth;INF109K01ND6;;11.9479;N.A.;N.A.;07-Jul-2015
107138;ICICI Prudential Interval Fund II - Quarterly Interval Plan D - Retail Dividend;INF109K01NQ8;;10.0985;N.A.;N.A.;07-Jul-2015
107139;ICICI Prudential Interval Fund II - Quarterly Interval Plan D - Retail Growth;INF109K01NP0;;19.7984;N.A.;N.A.;07-Jul-2015
120651;ICICI Prudential Interval Fund II Quarterly Interval Plan D - Direct Plan -  Dividend;INF109K01M92;;10.0236;N.A.;N.A.;07-Jul-2015
120650;ICICI Prudential Interval Fund II Quarterly Interval Plan D - Direct Plan -  Quarterly Dividend Payout;INF109K01O33;;10.0234;N.A.;N.A.;07-Jul-2015
120649;ICICI Prudential Interval Fund II Quarterly Interval Plan D - Direct Plan - Growth;INF109K01M84;;15.3649;N.A.;N.A.;07-Jul-2015
110014;ICICI Prudential Interval Fund II Quarterly Interval Plan D - Dividend;INF109K01NN5;INF109K01NM7;10.0235;N.A.;N.A.;07-Jul-2015
110013;ICICI Prudential Interval Fund II Quarterly Interval Plan D - Growth;INF109K01NL9;;11.6984;N.A.;N.A.;07-Jul-2015
107309;ICICI Prudential Interval Fund II - Quarterly Interval Plan F - Retail Dividend;INF109K01NU0;;10.1987;N.A.;N.A.;07-Jul-2015
107310;ICICI Prudential Interval Fund II - Quarterly Interval Plan F - Retail Growth;INF109K01NT2;;17.6615;N.A.;N.A.;07-Jul-2015
120652;ICICI Prudential Interval Fund II Quarterly Interval Plan F - Direct Plan -  Growth;INF109K01N00;;15.4866;N.A.;N.A.;07-Jul-2015
110384;ICICI Prudential Interval Fund II Quarterly Interval Plan F - Dividend;INF109K01NZ9;INF109K01NY2;10.1325;N.A.;N.A.;07-Jul-2015
110383;ICICI Prudential Interval Fund II Quarterly Interval Plan F - Growth;INF109K01NX4;;15.4514;N.A.;N.A.;07-Jul-2015
115927;ICICI Prudential Interval Fund II Quarterly Interval Plan F Retail Quarterly Dividend Payout;INF109K01NW6;;10.1277;N.A.;N.A.;07-Jul-2015
110345;ICICI Prudential Interval Fund IV - Quarterly Interval Plan B - Retail Dividend;INF109K01OG7;;10.1729;N.A.;N.A.;07-Jul-2015
110348;ICICI Prudential Interval Fund IV - Quarterly Interval Plan B - Retail Growth;INF109K01OF9;;16.9676;N.A.;N.A.;07-Jul-2015
120624;ICICI Prudential Interval Fund IV Quarterly Interval Plan B - Direct Plan -  Dividend;INF109K01N59;;10.1762;N.A.;N.A.;07-Jul-2015
120623;ICICI Prudential Interval Fund IV Quarterly Interval Plan B - Direct Plan -  Growth;INF109K01N42;;15.6089;N.A.;N.A.;07-Jul-2015
110346;ICICI Prudential Interval Fund IV Quarterly Interval Plan B - Growth;INF109K01OB8;;15.5776;N.A.;N.A.;07-Jul-2015
110347;ICICI Prudential Interval Fund IV Quarterly Interval Plan B -Dividend;INF109K01OD4;INF109K01OE2;10.1729;N.A.;N.A.;07-Jul-2015
110048;ICICI Prudential Interval Fund V - Monthly Interval Plan A - Retail Dividend;INF109K01OU8;;10.3298;N.A.;N.A.;07-Jul-2015
110047;ICICI Prudential Interval Fund V - Monthly Interval Plan A - Retail Growth;INF109K01OS2;;17.3552;N.A.;N.A.;07-Jul-2015
120660;ICICI Prudential Interval Fund V Monthly Interval Plan A - Direct Plan -  Dividend;INF109K01N34;;10.3300;N.A.;N.A.;07-Jul-2015
120661;ICICI Prudential Interval Fund V Monthly Interval Plan A - Direct Plan - Growth;INF109K01N26;;12.1735;N.A.;N.A.;07-Jul-2015
110046;ICICI Prudential Interval Fund V Monthly Interval Plan A - Dividend;INF109K01OR4;INF109K01OQ6;10.3297;N.A.;N.A.;07-Jul-2015
110045;ICICI Prudential Interval Fund V Monthly Interval Plan A - Growth;INF109K01OP8;;12.0383;N.A.;N.A.;07-Jul-2015
120669;ICICI Prudential MIP - Direct Plan -  Dividend Half Yearly;INF109K01T79;INF109K01T87;13.3505;13.2170;13.3505;07-Jul-2015
120667;ICICI Prudential MIP - Direct Plan -  Dividend Monthly;INF109K01T95;INF109K01U01;12.6639;12.5373;12.6639;07-Jul-2015
120666;ICICI Prudential MIP - Direct Plan -  Dividend Quarterly;INF109K01U19;INF109K01U27;13.7465;13.6090;13.7465;07-Jul-2015
120668;ICICI Prudential MIP - Direct Plan -  Growth;INF109K01U35;;39.2440;38.8516;39.2440;07-Jul-2015
130940;ICICI Prudential MIP - Direct Plan Bonus;INF109KA1H44;;10.8138;10.7057;10.8138;07-Jul-2015
100955;ICICI Prudential MIP - Dividend Half Yearly;INF109K01FG5;INF109K01548;12.8016;12.6736;12.8016;07-Jul-2015
100953;ICICI Prudential MIP - Dividend Monthly;INF109K01FH3;INF109K01522;12.4296;12.3053;12.4296;07-Jul-2015
100954;ICICI Prudential MIP - Dividend Quarterly;INF109K01FI1;INF109K01530;13.4207;13.2865;13.4207;07-Jul-2015
100952;ICICI Prudential MIP - Growth;INF109K01555;;38.5910;38.2051;38.5910;07-Jul-2015

Invesco Mutual Fund
120553;Religare Invesco Monthly Income Plan -  Direct Plan - Monthly Dividend;INF205K01TS7;INF205K01TT5;1457.2689;1442.6962;1457.2689;07-Jul-2015
120552;Religare Invesco Monthly Income Plan - Direct Plan - Growth Option;INF205K01TR9;;1493.6104;1478.6743;1493.6104;07-Jul-2015
112886;Religare Invesco Monthly Income Plan - Growth Option;INF205K01TU3;;1462.6193;1447.9931;1462.6193;07-Jul-2015
112884;Religare Invesco Monthly Income Plan - Monthly Dividend;INF205K01TV1;INF205K01TW9;1130.8047;1119.4967;1130.8047;07-Jul-2015

JM Financial Mutual Fund
133415;JM MIP Fund (Direct) - Bonus Option - Principal Units;INF192K01GT2;;23.1215;23.1215;23.1215;07-Jul-2015
120442;JM MIP Fund (Direct) - Dividend Option - Annual Dividend;INF192K01DI2;INF192K01DJ0;18.6419;18.6419;18.6419;07-Jul-2015
120441;JM MIP Fund (Direct) - Dividend Option - Quarterly Dividend;INF192K01DG6;INF192K01DH4;17.3723;17.3723;17.3723;07-Jul-2015
120446;JM MIP Fund (Direct) - Growth Option;INF192K01DK8;;23.0216;23.0216;23.0216;07-Jul-2015
120440;JM MIP Fund (Direct)- Dividend Option - Monthly Dividend;INF192K01DE1;INF192K01DF8;12.6769;12.6769;12.6769;07-Jul-2015
133416;JM MIP Fund - Bonus Option - Principal Units;INF192K01GR6;;22.2000;22.2000;22.2000;07-Jul-2015
102026;JM MIP FUND-Annual Dividend;INF192K01AI8;INF192K01AJ6;17.6759;17.6759;17.6759;07-Jul-2015
102027;JM MIP FUND-Growth;INF192K01AK4;;22.0011;22.0011;22.0011;07-Jul-2015
102024;JM MIP FUND-Monthly Dividend;INF192K01AE7;INF192K01AF4;11.6571;11.6571;11.6571;07-Jul-2015
102025;JM MIP FUND-Quarterly Dividend;INF192K01AG2;INF192K01AH0;16.5781;16.5781;16.5781;07-Jul-2015

JPMorgan Mutual Fund
119881;JPMorgan India Active Bond Fund - Direct Plan - Dividend Option;INF843K01CF8;INF843K01CG6;14.6196;14.4734;14.6196;07-Jul-2015
119883;JPMorgan India Active Bond Fund - Direct Plan - Growth Option;INF843K01CE1;;15.6856;15.5287;15.6856;07-Jul-2015
109183;JPMorgan India Active Bond Fund - Institutional Plan - Dividend Option;INF843K01385;INF843K01393;12.8173;12.6891;12.8173;07-Jul-2015
109176;JPMorgan India Active Bond Fund - Institutional Plan - Growth Option;INF843K01377;;12.8397;12.7113;12.8397;07-Jul-2015
109184;JPMorgan India Active Bond Fund - Retail Plan - Dividend Option;INF843K01351;INF843K01369;14.3983;14.2543;14.3983;07-Jul-2015
109175;JPMorgan India Active Bond Fund - Retail Plan - Growth Option;INF843K01344;;15.308;15.1549;15.308;07-Jul-2015
123905;JPMorgan India Banking and PSU Debt Fund - Direct Plan - Growth Option;INF843K01FC8;;11.9607;11.7813;11.9607;07-Jul-2015
123952;JPMorgan India Banking and PSU Debt Fund - Direct Plan - Monthly Dividend Option;INF843K01FI5;INF843K01FH7;10.3823;10.2266;10.3823;07-Jul-2015
123949;JPMorgan India Banking and PSU Debt Fund - Direct Plan - Weekly Dividend Option;;INF843K01FF1;10.6629;10.503;10.6629;07-Jul-2015
123903;JPMorgan India Banking and PSU Debt Fund - Regular Plan - Dividend Option;INF843K01FL9;INF843K01FM7;11.8971;11.7186;11.8971;07-Jul-2015
123953;JPMorgan India Banking and PSU Debt Fund - Regular Plan - Fortnightly Dividend Option;;INF843K01FO3;10.4698;10.3128;10.4698;07-Jul-2015
123902;JPMorgan India Banking and PSU Debt Fund - Regular Plan - Growth Option;INF843K01FK1;;11.8973;11.7188;11.8973;07-Jul-2015
123951;JPMorgan India Banking and PSU Debt Fund - Regular Plan - Monthly Dividend Option;INF843K01FQ8;INF843K01FP0;10.3676;10.2121;10.3676;07-Jul-2015
123948;JPMorgan India Banking and PSU Debt Fund - Regular Plan - Weekly Dividend Option;;INF843K01FN5;10.7311;10.5701;10.7311;07-Jul-2015
131221;JPMorgan India Corporate Debt Opportunities Fund - Direct Plan - Bonus Option;INF843K01JJ5;;10.9965;10.8316;10.9965;07-Jul-2015
131220;JPMorgan India Corporate Debt Opportunities Fund - Direct Plan - Dividend Option;INF843K01JK3;INF843K01JL1;10.9921;10.8272;10.9921;07-Jul-2015
131219;JPMorgan India Corporate Debt Opportunities Fund - Direct Plan - Growth Option;INF843K01JI7;;10.9909;10.826;10.9909;07-Jul-2015
131296;JPMorgan India Corporate Debt Opportunities Fund - Regular Plan - Annual Dividend Option;INF843K01KB0;INF843K01JZ1;10.9591;10.7947;10.9591;07-Jul-2015
131223;JPMorgan India Corporate Debt Opportunities Fund - Regular Plan - Dividend Option;INF843K01JU2;INF843K01JV0;10.9591;10.7947;10.9591;07-Jul-2015
131294;JPMorgan India Corporate Debt Opportunities Fund - Regular Plan - Fortnightly Dividend Option;;INF843K01JX6;10.6209;10.4616;10.6209;07-Jul-2015
131222;JPMorgan India Corporate Debt Opportunities Fund - Regular Plan - Growth Option;INF843K01JS6;;10.9591;10.7947;10.9591;07-Jul-2015
131295;JPMorgan India Corporate Debt Opportunities Fund - Regular Plan - Monthly Dividend Option;INF843K01KA2;INF843K01JY4;10.5262;10.3683;10.5262;07-Jul-2015
131293;JPMorgan India Corporate Debt Opportunities Fund - Regular Plan - Weekly Dividend Option;;INF843K01JW8;10.6021;10.4431;10.6021;07-Jul-2015
119890;JPMorgan India Short Term Income Fund - Direct Plan -  Growth Option;INF843K01BX3;;15.8352;15.8352;15.8352;07-Jul-2015
119891;JPMorgan India Short Term Income Fund - Direct Plan - Monthly Dividend Option;INF843K01CD3;INF843K01CC5;10.2674;10.2674;10.2674;07-Jul-2015
119892;JPMorgan India Short Term Income Fund - Direct Plan - Weekly Dividend Option;;INF843K01CA9;10.0695;10.0695;10.0695;07-Jul-2015
117854;JPMorgan India Short Term Income Fund - Regular Plan - Dividend Option;INF843K01971;INF843K01989;12.6022;12.6022;12.6022;07-Jul-2015
112787;JPMorgan India Short Term Income Fund - Regular Plan - Fortnightly Dividend Option;;INF843K01401;10.2318;10.2318;10.2318;07-Jul-2015
112784;JPMorgan India Short Term Income Fund - Regular Plan - Growth Option;INF843K01419;;15.6434;15.6434;15.6434;07-Jul-2015
112789;JPMorgan India Short Term Income Fund - Regular Plan - Monthly Dividend Option;INF843K01435;INF843K01427;10.189;10.189;10.189;07-Jul-2015
112785;JPMorgan India Short Term Income Fund - Regular Plan - Weekly Dividend Option;;INF843K01443;10.1845;10.1845;10.1845;07-Jul-2015
119927;JPMorgan India Treasury Fund - Direct Plan - Bonus Option;INF843K01BW5;;12.5871;12.5871;12.5871;07-Jul-2015
119928;JPMorgan India Treasury Fund - Direct Plan - Daily Dividend Option;;INF843K01BN4;10.0825;10.0825;10.0825;07-Jul-2015
119929;JPMorgan India Treasury Fund - Direct Plan - Fortnightly Dividend Option;INF843K01BT1;INF843K01BP9;10.0872;10.0872;10.0872;07-Jul-2015
119926;JPMorgan India Treasury Fund - Direct Plan - Growth Option;INF843K01BK0;;18.8789;18.8789;18.8789;07-Jul-2015
119924;JPMorgan India Treasury Fund - Direct Plan - Monthly Dividend Option;INF843K01BU9;INF843K01BQ7;10.4261;10.4261;10.4261;07-Jul-2015
119925;JPMorgan India Treasury Fund - Direct Plan - Weekly Dividend Option;INF843K01BS3;INF843K01BO2;10.0825;10.0825;10.0825;07-Jul-2015
106563;JPMorgan India Treasury Fund - Retail Plan - Daily Dividend Option;;INF843K01302;10.0353;10.0353;10.0353;07-Jul-2015
106564;JPMorgan India Treasury Fund - Retail Plan - Growth Option;INF843K01294;;16.8292;16.8292;16.8292;07-Jul-2015
109182;JPMorgan India Treasury Fund - Retail Plan - Monthly Dividend Option;;INF843K01336;10.0607;10.0607;10.0607;07-Jul-2015
109180;JPMorgan India Treasury Fund - Retail Plan - Weekly Dividend Option;;INF843K01310;10.0887;10.0887;10.0887;07-Jul-2015
117756;JPMorgan India Treasury Fund - Super Institutional Plan - Annual Dividend Option;INF843K01898;INF843K01880;11.2742;11.2742;11.2742;07-Jul-2015
117755;JPMorgan India Treasury Fund - Super Institutional Plan - Bonus Option;INF843K01906;;12.54;12.54;12.54;07-Jul-2015
110157;JPMorgan India Treasury Fund - Super Institutional Plan - Daily Dividend Option;;INF843K01252;10.0089;10.0089;10.0089;07-Jul-2015
117874;JPMorgan India Treasury Fund - Super Institutional Plan - Dividend Option;INF843K01AF2;INF843K01AG0;12.7198;12.7198;12.7198;07-Jul-2015
110154;JPMorgan India Treasury Fund - Super Institutional Plan - Fortnightly Dividend Option;INF843K01526;INF843K01278;10.0869;10.0869;10.0869;07-Jul-2015
110156;JPMorgan India Treasury Fund - Super Institutional Plan - Growth Option;INF843K01245;;18.8089;18.8089;18.8089;07-Jul-2015
110155;JPMorgan India Treasury Fund - Super Institutional Plan - Monthly Dividend Option;INF843K01534;INF843K01286;10.0726;10.0726;10.0726;07-Jul-2015
110158;JPMorgan India Treasury Fund - Super Institutional Plan - Weekly Dividend Option;INF843K01518;INF843K01260;10.0824;10.0824;10.0824;07-Jul-2015

Kotak Mahindra Mutual Fund
102867;Kotak Flexi-Debt - Regular Plan - Dividend;;INF174K01EW9;10.4619;10.4619;10.4619;07-Jul-2015
102868;Kotak Flexi-Debt - Regular Plan - Growth;INF174K01EV1;;21.6052;21.6052;21.6052;07-Jul-2015
102869;Kotak Flexi-Debt- Regular Plan - Daily Dividend;INF174K01EZ2;INF174K01EY5;12.3655;12.3655;12.3655;07-Jul-2015
108372;Kotak Flexi Debt - Regular Plan- Weekly Dividend;;INF174K01EX7;10.0251;10.0251;10.0251;07-Jul-2015
114383;Kotak Multi Asset Allocation Fund-Annual Dividend;INF174K01989;INF174K01955;11.2823;11.2823;11.2823;07-Jul-2015
120159;Kotak Multi Asset Allocation Fund-Annual Dividend - Direct;INF174K01MN1;;11.9645;11.9645;11.9645;07-Jul-2015
114382;Kotak Multi Asset Allocation Fund-Growth;INF174K01922;;14.3323;14.3323;14.3323;07-Jul-2015
120160;Kotak Multi Asset Allocation Fund-Growth - Direct;INF174K01MI1;;14.5231;14.5231;14.5231;07-Jul-2015
114385;Kotak Multi Asset Allocation Fund-Monthly Dividend;INF174K01963;INF174K01930;12.0142;12.0142;12.0142;07-Jul-2015
120161;Kotak Multi Asset Allocation Fund-Monthly Dividend - Direct;INF174K01MJ9;;12.1606;12.1606;12.1606;07-Jul-2015
114384;Kotak Multi Asset Allocation Fund-Quarterly Dividend;INF174K01971;INF174K01948;11.8548;11.8548;11.8548;07-Jul-2015
120162;Kotak Multi Asset Allocation Fund-Quarterly Dividend - Direct;INF174K01ML5;;11.9443;11.9443;11.9443;07-Jul-2015
106662;Kotak Quarterly Interval Plan Series 1 - Dividend;INF174K01BJ2;INF174K01BK0;10.0305;9.9302;10.0305;07-Jul-2015
106661;Kotak Quarterly Interval Plan Series 1 - Growth;INF174K01BI4;;18.1083;17.9272;18.1083;07-Jul-2015
120168;Kotak Quarterly Interval Plan Series 1 - Growth - Direct;;;18.1115;17.9304;18.1115;07-Jul-2015
110673;Kotak Quarterly Interval Plan Series 10 - Dividend;INF174K01CL6;;10.0882;9.9873;10.0882;07-Jul-2015
110674;Kotak Quarterly Interval Plan Series 10 - Growth;INF174K01CJ0;;15.7784;15.6206;15.7784;07-Jul-2015
106734;Kotak Quarterly Interval Plan Series 2 - Dividend;INF174K01BM6;INF174K01BN4;10.0004;9.9004;10.0004;07-Jul-2015
106735;Kotak Quarterly Interval Plan Series 2 - Growth;INF174K01BL8;;17.7052;17.5281;17.7052;07-Jul-2015
120170;Kotak Quarterly Interval Plan Series 2 - Growth - Direct;;;17.7148;17.5377;17.7148;07-Jul-2015
107092;Kotak Quarterly Interval Plan Series 3 - Dividend;INF174K01BP9;INF174K01BQ7;10.0792;9.9784;10.0792;07-Jul-2015
107093;Kotak Quarterly Interval Plan Series 3 - Growth;INF174K01BO2;;18.0929;17.912;18.0929;07-Jul-2015
120172;Kotak Quarterly Interval Plan Series 3 - Growth - Direct;;;18.0935;17.9126;18.0935;07-Jul-2015
107211;Kotak Quarterly Interval Plan Series 4 - Dividend;INF174K01BS3;INF174K01BT1;10.0387;9.9383;10.0387;07-Jul-2015
107212;Kotak Quarterly Interval Plan Series 4 - Growth;INF174K01BR5;;17.8609;17.6823;17.8609;07-Jul-2015
120174;Kotak Quarterly Interval Plan Series 4 - Growth - Direct;;;17.8665;17.6878;17.8665;07-Jul-2015
107486;Kotak Quarterly Interval Plan Series 5-Dividend;INF174K01BV7;INF174K01BW5;9.998;9.898;9.998;07-Jul-2015
120175;Kotak Quarterly Interval Plan Series 5-Dividend - Direct;;;9.9985;9.8985;9.9985;07-Jul-2015
107485;Kotak Quarterly Interval Plan Series 5-Growth;INF174K01BU9;;16.9106;16.7415;16.9106;07-Jul-2015
107631;Kotak Quarterly Interval Plan Series 6 - Dividend;INF174K01BY1;INF174K01BZ8;10.102;10.001;10.102;07-Jul-2015
120224;Kotak Quarterly Interval Plan Series 6 - Dividend - Direct;;;10.1105;10.0094;10.1105;07-Jul-2015
107632;Kotak Quarterly Interval Plan Series 6 - Growth;INF174K01BX3;;18.0185;17.8383;18.0185;07-Jul-2015
120225;Kotak Quarterly Interval Plan Series 6 - Growth - Direct;;;18.0483;17.8678;18.0483;07-Jul-2015
109982;Kotak Quarterly Interval Plan Series 7 - Dividend;INF174K01CB7;INF174K01CC5;10.0656;9.9649;10.0656;07-Jul-2015
109981;Kotak Quarterly Interval Plan Series 7 - Growth;INF174K01CA9;;16.8944;16.7255;16.8944;07-Jul-2015
120228;Kotak Quarterly Interval Plan Series 7 - Growth - Direct;;;10.0659;9.9652;10.0659;07-Jul-2015
110258;Kotak Quarterly Interval Plan Series 8 - Dividend;INF174K01CE1;INF174K01CF8;10.0017;9.9017;10.0017;07-Jul-2015
110259;Kotak Quarterly Interval Plan Series 8 - Growth;INF174K01CD3;;16.0203;15.8601;16.0203;07-Jul-2015
120230;Kotak Quarterly Interval Plan Series 8 - Growth - Direct;;;16.0207;15.8605;16.0207;07-Jul-2015
110569;Kotak Quarterly Interval Plan Series 9 - Dividend;INF174K01CH4;INF174K01CI2;10.1503;10.0488;10.1503;07-Jul-2015
110570;Kotak Quarterly Interval Plan Series 9 - Growth;INF174K01CG6;;16.2887;16.1258;16.2887;07-Jul-2015

Mirae Asset Mutual Fund
118847;Mirae Asset Short Term Bond Fund - Direct Plan - Growth;INF769K01BX0;;14.6783;14.6049;14.6783;07-Jul-2015
118850;Mirae Asset Short Term Bond Fund - Direct Plan - Weekly Dividend;;INF769K01CA6;12.4556;12.3933;12.4556;07-Jul-2015
112017;Mirae Asset Short Term Bond Fund - Regular - Growth Option;INF769K01168;;14.5085;14.4360;14.5085;07-Jul-2015
112020;Mirae Asset Short Term Bond Fund - Regular - Mly Dividend Option;INF769K01226;;10.2956;10.2441;10.2956;07-Jul-2015
112058;Mirae Asset Short Term Bond Fund - Regular - Quarterly Dividend Reinvestment Option;;INF769K01218;12.5954;12.5324;12.5954;07-Jul-2015
112056;Mirae Asset Short Term Bond Fund - Regular - Weekly Dividend Reinvestment Option;;INF769K01184;10.3830;10.3311;10.3830;07-Jul-2015

Nippon India Mutual Fund
124679;Reliance Interval Fund - II - Series 1 -Direct Plan -Growth Option;INF204KA1AI9;;11.7142;11.7142;11.7142;07-Jul-2015
124681;Reliance Interval Fund - II - Series 1 -Dividend Option;INF204KA1AJ7;INF204KA1AK5;10.6898;10.6898;10.6898;07-Jul-2015
124678;Reliance Interval Fund - II - Series 1 -Growth Plan;INF204KA1AL3;;11.6981;11.6981;11.6981;07-Jul-2015
124751;Reliance Interval Fund - II - Series 2 - Direct Plan - Dividend Plan - Dividend Option;INF204KA1AM1;INF204KA1AN9;11.7505;11.7505;11.7505;07-Jul-2015
124749;Reliance Interval Fund - II - Series 2 - Direct Plan - Growth Plan - Growth Option;INF204KA1AO7;;11.7505;11.7505;11.7505;07-Jul-2015
124750;Reliance Interval Fund - II - Series 2 - Dividend Plan - Dividend Option;INF204KA1AP4;INF204KA1AQ2;11.6508;11.6508;11.6508;07-Jul-2015
124748;Reliance Interval Fund - II - Series 2 - Growth Plan - Growth Option;INF204KA1AR0;;11.6508;11.6508;11.6508;07-Jul-2015
124755;Reliance Interval Fund - II - Series 3 - Direct Plan - Dividend Plan - Dividend Option;INF204KA1AS8;INF204KA1AT6;10.6503;10.6503;10.6503;07-Jul-2015
124753;Reliance Interval Fund - II - Series 3 - Direct Plan - Growth Plan - Growth Option;INF204KA1AU4;;11.6179;11.6179;11.6179;07-Jul-2015
124754;Reliance Interval Fund - II - Series 3 - Dividend Plan - Dividend Option;INF204KA1AV2;INF204KA1AW0;10.6448;10.6448;10.6448;07-Jul-2015
124752;Reliance Interval Fund - II - Series 3 - Growth Plan - Growth Option;INF204KA1AX8;;11.5846;11.5846;11.5846;07-Jul-2015
124876;Reliance Interval Fund - II - Series 4-Direct Plan-Growth Plan -Growth Option;INF204KA1BA4;;11.5134;11.5134;11.5134;07-Jul-2015
124877;Reliance Interval Fund - II - Series 4-Dividend Plan -Dividend Option;INF204KA1BB2;INF204KA1BC0;10.5387;10.5387;10.5387;07-Jul-2015
124874;Reliance Interval Fund - II - Series 4-Growth Plan-Growth Option;INF204KA1BD8;;11.4941;11.4941;11.4941;07-Jul-2015
120954;Reliance Yearly Interval Fund - Series 2 - Direct Plan - Dividend Plan - Dividend Option;INF204K01R83;INF204K01R91;10.3767;10.3767;10.3767;07-Jul-2015
120955;Reliance Yearly Interval Fund - Series 2 - Direct Plan - Growth Plan - Growth Option;INF204K01R75;-;12.4248;12.4248;12.4248;07-Jul-2015
120957;Reliance Yearly Interval Fund - Series 2 - Dividend Plan - Dividend Option;INF204K01R59;INF204K01R67;10.3726;10.3726;10.3726;07-Jul-2015
120956;Reliance Yearly Interval Fund - Series 2 - Growth Plan - Growth Option;INF204K01R42;-;12.4070;12.4070;12.4070;07-Jul-2015
121701;Reliance Yearly Interval Fund - Series 5 - Direct Plan - Growth Plan - Growth Option;INF204K01T57;-;12.2180;12.2180;12.2180;07-Jul-2015
121699;Reliance Yearly Interval Fund - Series 5 - Growth Plan - Growth Option;INF204K01T24;-;12.1968;12.1968;12.1968;07-Jul-2015
122653;Reliance Yearly Interval Fund - Series 8 - Direct Plan - Growth Plan - Growth Option;INF204K01V38;;11.8814;11.8814;11.8814;07-Jul-2015
122655;Reliance Yearly Interval Fund - Series 8 - Dividend Plan - Dividend Option;INF204K01V12;INF204K01V20;10.0431;10.0431;10.0431;07-Jul-2015
122652;Reliance Yearly Interval Fund - Series 8 - Growth Plan - Growth Option;INF204K01V04;;11.8687;11.8687;11.8687;07-Jul-2015
122726;Reliance Yearly Interval Fund - Series 9 - Direct Plan - Growth Plan - Growth Option;INF204K01V95;;11.8427;11.8427;11.8427;07-Jul-2015
122727;Reliance Yearly Interval Fund - Series 9 - Dividend Plan - Dividend Option;INF204K01V79;INF204K01V87;10.0000;10.0000;10.0000;07-Jul-2015
122729;Reliance Yearly Interval Fund - Series 9 - Growth Plan - Growth Option;INF204K01V61;;11.8289;11.8289;11.8289;07-Jul-2015

PGIM India Mutual Fund
119947;DHFL Pramerica Credit Opportunities Fund - Direct Plan- Growth Option;INF663L01997;;1425.3240;1396.8175;1425.3240;07-Jul-2015
119948;DHFL Pramerica Credit Opportunities Fund - Direct Plan-Dividend Option;INF663L01AB1;INF663L01AA3;1153.6176;1130.5452;1153.6176;07-Jul-2015
116045;DHFL Pramerica Credit Opportunities Fund - Dividend Option;INF663L01450;INF663L01468;1036.8834;1016.1457;1036.8834;07-Jul-2015
116044;DHFL Pramerica Credit Opportunities Fund - Growth Option;INF663L01443;;1408.8485;1380.6715;1408.8485;07-Jul-2015
120098;DHFL Pramerica Dynamic Monthly Income Fund - Direct Plan-Growth Option;INF663L01963;;14.2285;14.0862;14.2285;07-Jul-2015
114805;DHFL Pramerica Dynamic Monthly Income Fund - Dividend Option;INF663L01336;INF663L01328;10.3893;10.2854;10.3893;07-Jul-2015
114804;DHFL Pramerica Dynamic Monthly Income Fund - Growth Option;INF663L01310;;13.9435;13.8041;13.9435;07-Jul-2015
127971;DHFL Pramerica Income Fund - Direct Plan - Quarterly Dividend Option;INF663L01EQ1;;1047.5773;1047.5773;1047.5773;07-Jul-2015
127967;DHFL Pramerica Income Fund - Direct Plan- Growth Option;INF663L01EP3;;1180.7091;1180.7091;1180.7091;07-Jul-2015
127969;DHFL Pramerica Income Fund - Regular Plan - Growth Option;INF663L01EU3;;1175.1604;1175.1604;1175.1604;07-Jul-2015
116725;DHFL PRAMERICA SHORT TERM FLOATING RATE FUND - DAILY DIVIDEND  OPTION;;INF663L01567;1011.5758;1011.5758;1011.5758;07-Jul-2015
120107;DHFL PRAMERICA SHORT TERM FLOATING RATE FUND - DIRECT PLAN - DAILY DIVIDEND OPTION;;INF663L01AL0;1001.7950;1001.7950;1001.7950;07-Jul-2015
120108;DHFL PRAMERICA SHORT TERM FLOATING RATE FUND - DIRECT PLAN - GROWTH OPTION;INF663L01AK2;;1346.6053;1346.6053;1346.6053;07-Jul-2015
116685;DHFL PRAMERICA SHORT TERM FLOATING RATE FUND - GROWTH;INF663L01559;;1341.0802;1341.0802;1341.0802;07-Jul-2015
116723;DHFL PRAMERICA SHORT TERM FLOATING RATE FUND - MONTHLY DIVIDEND OPTION;;INF663L01583;1041.7225;1041.7225;1041.7225;07-Jul-2015
120113;DHFL Pramerica Short Term Income Fund - Direct Plan-Growth Option;INF663L01898;;1487.9564;1483.4925;1487.9564;07-Jul-2015
114584;DHFL Pramerica Short Term Income Fund - Fortnightly Dividend Option;;INF663L01237;1022.3228;1019.2558;1022.3228;07-Jul-2015
114587;DHFL Pramerica Short Term Income Fund - Growth Option;INF663L01211;;1472.7221;1468.3039;1472.7221;07-Jul-2015
114585;DHFL Pramerica Short Term Income Fund - Monthly Dividend Option;INF663L01260;INF663L01245;1002.0983;999.0920;1002.0983;07-Jul-2015
115702;DHFL Pramerica Short Term Income Fund - Quarterly Dividend Opt;INF663L01278;INF663L01252;1011.9548;1008.9189;1011.9548;07-Jul-2015
114583;DHFL Pramerica Short Term Income Fund - Weekly Dividend Option;;INF663L01229;1072.9707;1069.7518;1072.9707;07-Jul-2015
122263;DHFL Pramerica Short Term Income Fund-Bonus Option;INF663L01BJ2;;1473.2174;1468.7977;1473.2174;07-Jul-2015
115336;DHFL Pramerica Treasury Advantage Fund - Daily Dividend Option;;INF663L01385;1033.0000;1025.2525;1033.0000;07-Jul-2015
120117;DHFL Pramerica Treasury Advantage Fund - Direct Plan - Daily Dividend Option;;INF663L01831;1069.9324;1061.9079;1069.9324;07-Jul-2015
120119;DHFL Pramerica Treasury Advantage Fund - Direct Plan-Growth Option;INF663L01823;;1433.5444;1422.7928;1433.5444;07-Jul-2015
115616;DHFL Pramerica Treasury Advantage Fund - Fortnightly Dividend Opt;INF663L01427;INF663L01401;1007.2258;999.6716;1007.2258;07-Jul-2015
115340;DHFL Pramerica Treasury Advantage Fund - Growth Option;INF663L01377;;1423.6350;1412.9577;1423.6350;07-Jul-2015
115339;DHFL Pramerica Treasury Advantage Fund - Monthly Dividend Option;INF663L01435;INF663L01419;1007.2408;999.6865;1007.2408;07-Jul-2015
115337;DHFL Pramerica Treasury Advantage Fund - Weekly Dividend Option;;INF663L01393;1004.3196;996.7872;1004.3196;07-Jul-2015
122267;DHFL Pramerica Treasury Advantage Fund-Bonus Option;INF663L01BN4;;1424.4835;1413.7999;1424.4835;07-Jul-2015
113360;DHFL Pramerica Ultra Short Term Bond Fund - Daily Dividend Option;;INF663L01153;1005.0000;1005.0000;1005.0000;07-Jul-2015
120128;DHFL Pramerica Ultra Short Term Bond Fund - Direct Plan-Daily Dividend Option;;INF663L01708;1002.4000;1002.4000;1002.4000;07-Jul-2015
120129;DHFL Pramerica Ultra Short Term Bond Fund - Direct Plan-Growth Option;INF663L01690;;1535.4788;1535.4788;1535.4788;07-Jul-2015
120130;DHFL Pramerica Ultra Short Term Bond Fund - Direct Plan-Monthly Dividend Option;INF663L01757;INF663L01732;1003.5761;1003.5761;1003.5761;07-Jul-2015
120127;DHFL Pramerica Ultra Short Term Bond Fund - Direct Plan-Weekly Dividend Option;;INF663L01716;1000.5769;1000.5769;1000.5769;07-Jul-2015
113357;DHFL Pramerica Ultra Short Term Bond Fund - Fortnightly Dividend Option;INF663L01195;INF663L01179;1003.2794;1003.2794;1003.2794;07-Jul-2015
113359;DHFL Pramerica Ultra Short Term Bond Fund - Growth Option;INF663L01146;;1512.3298;1512.3298;1512.3298;07-Jul-2015
113358;DHFL Pramerica Ultra Short Term Bond Fund - Monthly Dividend Option;INF663L01203;INF663L01187;1002.7440;1002.7440;1002.7440;07-Jul-2015
113356;DHFL Pramerica Ultra Short Term Bond Fund - Weekly Dividend Option;;INF663L01161;1000.0000;1000.0000;1000.0000;07-Jul-2015
122262;DHFL Pramerica Ultra Short Term Bond Fund-Bonus Option;INF663L01BH6;;1512.2795;1512.2795;1512.2795;07-Jul-2015

Principal Mutual Fund
119481;Principal Bank CD Fund - Direct Plan - Dividend Option-Monthly;INF173K01HW4;INF173K01HX2;1129.6615;1118.3649;1129.6615;07-Jul-2015
119480;Principal Bank CD Fund - Direct Plan - Growth Option;INF173K01HV6;;1848.8253;1830.3370;1848.8253;07-Jul-2015
106891;Principal Bank CD Fund - Growth Option;INF173K01BE5;;1831.2848;1812.9720;1831.2848;07-Jul-2015
106892;Principal Bank CD Fund -Div Option-monthly;INF173K01BF2;INF173K01BG0;1128.3603;1117.0767;1128.3603;07-Jul-2015

Sahara Mutual Fund
107234;Sahara Classic Fund- Dividend Option;INF515L01411;INF515L01429;19.1918;19.1918;19.1918;07-Jul-2015
120369;Sahara Classic Fund- Dividend Option- Direct;INF515L01AB3;INF515L01AC1;19.1918;19.1918;19.1918;07-Jul-2015
107233;Sahara Classic Fund- Growth Option;INF515L01437;;19.1896;19.1896;19.1896;07-Jul-2015
120368;Sahara Classic Fund- Growth Option- Direct;INF515L01AD9;;19.1967;19.1967;19.1967;07-Jul-2015
101403;Sahara Income Fund-Dividend;INF515L01015;INF515L01023;22.0976;22.0976;22.0976;07-Jul-2015
120241;Sahara Income Fund-Dividend- Direct;INF515L01619;INF515L01627;22.3561;22.3561;22.3561;07-Jul-2015
101404;Sahara Income Fund-Growth;INF515L01031;;26.8309;26.8309;26.8309;07-Jul-2015
120246;Sahara Income Fund-Growth-Direct;INF515L01635;;26.8789;26.8789;26.8789;07-Jul-2015
110261;SAHARA INTERVAL FUND QUARTERLY PLAN-SERIES 1 DIVIDEND;INF515L01502;INF515L01510;16.7526;16.7526;16.7526;07-Jul-2015
121661;SAHARA INTERVAL FUND QUARTERLY PLAN-SERIES 1 DIVIDEND OPTION - Direct;INF515L01AK4;INF515L01AL2;16.7526;16.7526;16.7526;07-Jul-2015
110260;SAHARA INTERVAL FUND QUARTERLY PLAN-SERIES 1 GROWTH;INF515L01528;;16.7524;16.7524;16.7524;07-Jul-2015
121662;SAHARA INTERVAL FUND QUARTERLY PLAN-SERIES 1 GROWTH Option - Direct;INF515L01AM0;;16.7655;16.7655;16.7655;07-Jul-2015
111781;SAHARA SHORT TERM BOND FUND- DIVIDEND REINVESTMENT;;INF515L01536;10.5572;10.5572;10.5572;07-Jul-2015
120378;SAHARA SHORT TERM BOND FUND- DIVIDEND REINVESTMENT- Direct;;INF515L01AN8;10.5713;10.5713;10.5713;07-Jul-2015
111782;SAHARA SHORT TERM BOND FUND-GROWTH;INF515L01544;;16.8633;16.8633;16.8633;07-Jul-2015
120379;SAHARA SHORT TERM BOND FUND-GROWTH- Direct;INF515L01AO6;;16.8949;16.8949;16.8949;07-Jul-2015

SBI Mutual Fund
119684;SBI Edge Fund - DIRECT PLAN - Dividend;INF200K01RE2;INF200K01RF9;12.8427;12.7143;12.8427;07-Jul-2015
119685;SBI Edge Fund - DIRECT PLAN - GROWTH;INF200K01RG7;;14.4898;14.3449;14.4898;07-Jul-2015
117907;SBI Edge Fund - REGULAR PLAN - Dividend;INF200K01QA2;INF200K01QB0;12.7216;12.5944;12.7216;07-Jul-2015
117906;SBI Edge Fund - REGULAR PLAN Growth;INF200K01PZ1;;14.356;14.2124;14.356;07-Jul-2015
132787;SBI INFLATION INDEXED BOND FUND - DIRECT PLAN - DIVIDEND;INF200K018V3;INF200K019V1;9.8102;9.7121;9.8102;07-Jul-2015
132783;SBI INFLATION INDEXED BOND FUND - DIRECT PLAN - GROWTH;INF200K017V5;;9.8101;9.712;9.8101;07-Jul-2015
132785;SBI INFLATION INDEXED BOND FUND - REGULAR PLAN - DIVIDEND;INF200K015V9;INF200K016V7;9.7775;9.6797;9.7775;07-Jul-2015
132784;SBI INFLATION INDEXED BOND FUND - REGULAR PLAN - GROWTH;INF200K014V2;;9.7774;9.6796;9.7774;07-Jul-2015

Sundaram Mutual Fund
106556;SUNDARAM FIXED INCOME INTERVAL FUND QTRLY PLAN A REGULAR DIVIDEND;INF903J01BT5;;10.0687;10.0687;10.0687;07-Jul-2015
106554;SUNDARAM FIXED INCOME INTERVAL FUND QTRLY PLAN A REGULAR GROWTH;INF903J01BS7;;18.3378;18.3378;18.3378;07-Jul-2015
119696;Sundaram Fixed Income Interval Fund- Quarterly Series-Plan A - Direct Plan - Dividend Payout;INF903J01PS7;;10.0989;10.0989;10.0989;07-Jul-2015
119697;Sundaram Fixed Income Interval Fund- Quarterly Series-Plan A - Direct Plan - Growth;INF903J01PT5;;18.3629;18.3629;18.3629;07-Jul-2015
106700;SUNDARAM FIXED INCOME INTERVAL FUND QTRLY PLAN B REGULAR  DIVIDEND;INF903J01BX7;;10.0393;10.0393;10.0393;07-Jul-2015
106702;SUNDARAM FIXED INCOME INTERVAL FUND QTRLY PLAN B REGULAR  GROWTH;INF903J01BW9;;18.5123;18.5123;18.5123;07-Jul-2015
119698;Sundaram Fixed Income Interval Fund- Quarterly Series-Plan B - Direct Plan - Growth;INF903J01PV1;;18.5928;18.5928;18.5928;07-Jul-2015

Tata Mutual Fund
119899;Tata Fixed Income Portfolio Fund - Scheme A3 - Direct Plan - Growth;INF277K01NN0;;15.3939;15.3939;15.3939;07-Jul-2015
107129;Tata Fixed Income Portfolio Fund - Scheme A3 - Regular Plan - Growth;INF277K01JQ1;;17.0790;17.0790;17.0790;07-Jul-2015
107130;Tata Fixed Income Portfolio Fund - Scheme A3 - Regular Plan - Monthly Dividend;INF277K01JR9;INF277K01JS7;10.3271;10.3271;10.3271;07-Jul-2015
119912;Tata Fixed Income Portfolio Fund - Scheme B2 - Direct Plan - Growth;INF277K01NQ3;;11.9554;11.9554;11.9554;07-Jul-2015
107146;Tata Fixed Income Portfolio Fund - Scheme B2 - Regular Plan - Growth;INF277K01JY5;;17.9807;17.9807;17.9807;07-Jul-2015
107144;Tata Fixed Income Portfolio Fund - Scheme B2 - Regular Plan - Quarterly Dividend;INF277K01KB1;INF277K01KC9;10.2599;10.2599;10.2599;07-Jul-2015
119921;Tata Fixed Income Portfolio Fund - Scheme B3 - Direct Plan - Growth;INF277K01NV3;;14.7800;14.7800;14.7800;07-Jul-2015
107150;Tata Fixed Income Portfolio Fund - Scheme B3 - Regular Plan - Growth;INF277K01KI6;;18.7771;18.7771;18.7771;07-Jul-2015
107151;Tata Fixed Income Portfolio Fund - Scheme B3 - Regular Plan - Monthly Dividend;INF277K01KJ4;INF277K01KK2;10.1260;10.1260;10.1260;07-Jul-2015
107152;Tata Fixed Income Portfolio Fund - Scheme B3 - Regular Plan - Quarterly Dividend;INF277K01KL0;INF277K01KM8;10.3777;10.3777;10.3777;07-Jul-2015
119930;Tata Fixed Income Portfolio Fund - Scheme C2 - Direct Plan - Growth;INF277K01OA5;;11.9365;11.9365;11.9365;07-Jul-2015
119931;Tata Fixed Income Portfolio Fund - Scheme C2 - Direct Plan - Monthly Dividend;INF277K01OD9;INF277K01OE7;10.4118;10.4118;10.4118;07-Jul-2015
107162;Tata Fixed Income Portfolio Fund - Scheme C2 - Regular Plan - Growth;INF277K01KS5;;17.3780;17.3780;17.3780;07-Jul-2015
107164;Tata Fixed Income Portfolio Fund - Scheme C2 - Regular Plan - Half Yearly Dividend;INF277K01KT3;INF277K01KU1;10.1952;10.1952;10.1952;07-Jul-2015
107163;Tata Fixed Income Portfolio Fund - Scheme C2 - Regular Plan - Monthly Dividend;INF277K01KV9;INF277K01KW7;10.4257;10.4257;10.4257;07-Jul-2015
119936;Tata Fixed Income Portfolio Fund - Scheme C3 - Direct Plan - Growth;INF277K01OF4;;11.2862;11.2862;11.2862;07-Jul-2015
107168;Tata Fixed Income Portfolio Fund - Scheme C3 - Regular Plan - Growth;INF277K01LC7;;18.4801;18.4801;18.4801;07-Jul-2015
107170;Tata Fixed Income Portfolio Fund - Scheme C3 - Regular Plan - Half Yearly Dividend;INF277K01LD5;INF277K01LE3;10.3164;10.3164;10.3164;07-Jul-2015
107169;Tata Fixed Income Portfolio Fund - Scheme C3 - Regular Plan - Monthly Dividend;INF277K01LF0;INF277K01LG8;10.3509;10.3509;10.3509;07-Jul-2015
107127;Tata Fixed Income Portfolio Fund Scheme A3 Regular Plan  - Growth;INF277K01JN8;;15.3930;15.3930;15.3930;07-Jul-2015
107128;Tata Fixed Income Portfolio Fund Scheme A3 Regular Plan - Monthly Dividend;INF277K01JO6;INF277K01JP3;10.1427;10.1427;10.1427;07-Jul-2015
107143;Tata Fixed Income Portfolio Fund Scheme B2 Plan A - Quarterly Dividend;INF277K01JW9;INF277K01JX7;10.2289;10.2289;10.2289;07-Jul-2015
107141;Tata Fixed Income Portfolio Fund Scheme B2 Regular Plan - Growth;INF277K01JT5;;11.9670;11.9670;11.9670;07-Jul-2015
107147;Tata Fixed Income Portfolio Fund Scheme B3 Regular Plan - Growth;INF277K01KD7;;14.7797;14.7797;14.7797;07-Jul-2015
107148;Tata Fixed Income Portfolio Fund Scheme B3 Regular Plan - Monthly Dividend;INF277K01KG0;INF277K01KH8;10.1217;10.1217;10.1217;07-Jul-2015
107149;Tata Fixed Income Portfolio Fund Scheme B3 Regular Plan - Quarterly Dividend;INF277K01KE5;INF277K01KF2;10.1726;10.1726;10.1726;07-Jul-2015
107161;Tata Fixed Income Portfolio Fund Scheme C2 Regular Plan - Half Yearly Dividend;INF277K01KO4;INF277K01KP1;10.6898;10.6898;10.6898;07-Jul-2015
107159;Tata Fixed Income Portfolio Fund Scheme C2 Regular Plan - Growth;INF277K01KN6;;11.9403;11.9403;11.9403;07-Jul-2015
107160;Tata Fixed Income Portfolio Fund Scheme C2 Regular Plan - Monthly Dividend;INF277K01KQ9;INF277K01KR7;10.3390;10.3390;10.3390;07-Jul-2015
107167;Tata Fixed Income Portfolio Fund Scheme C3 Regular Plan  - Half Yearly  Dividend;INF277K01KY3;INF277K01KZ0;10.0718;10.0718;10.0718;07-Jul-2015
107166;Tata Fixed Income Portfolio Fund Scheme C3 Regular Plan  - Monthly Dividend;INF277K01LA1;INF277K01LB9;10.1245;10.1245;10.1245;07-Jul-2015
102280;Tata M I P Plus Fund - Regular Plan-Monthly Dividend;INF277K01EC2;INF277K01873;13.1486;13.0171;13.1486;07-Jul-2015
102281;Tata M I P Plus Fund -Regular Plan- Quarterly Dividend;INF277K01ED0;INF277K01881;12.6897;12.5628;12.6897;07-Jul-2015
102282;Tata M I P Plus Fund -Regular Plan- Half Yearly Dividend;INF277K01EB4;INF277K01865;13.9511;13.8116;13.9511;07-Jul-2015
119977;Tata MIP Plus Fund - Direct Plan - Growth;INF277K01PZ9;;25.1525;24.9010;25.1525;07-Jul-2015
119978;Tata MIP Plus Fund - Direct Plan - Half Yearly Dividend;INF277K01QA0;INF277K01QB8;14.2937;14.1508;14.2937;07-Jul-2015
119965;Tata MIP Plus Fund - Direct Plan - Monthly Dividend;INF277K01QC6;INF277K01QD4;13.4536;13.3191;13.4536;07-Jul-2015
119971;Tata MIP Plus Fund - Direct Plan - Quarterly Dividend;INF277K01QE2;INF277K01QF9;13.5492;13.4137;13.5492;07-Jul-2015
102283;Tata MIP Plus Fund -Regular Plan - Growth;INF277K01857;;24.6171;24.3709;24.6171;07-Jul-2015
106136;Tata Treasury Manager Fund Super High Investment Plan Growth;INF277K01AG1;;1646.8809;1646.8809;1646.8809;07-Jul-2015

Taurus Mutual Fund
113073;Taurus MIP Advantage - Dividend Option;INF044D01AD7;INF044D01AE5;10.7230;10.5622;10.7230;07-Jul-2015
113072;Taurus MIP Advantage - Growth Option;INF044D01AG0;;14.7283;14.5074;14.7283;07-Jul-2015
118886;Taurus MIP Advantage-Direct Plan-Dividend Option;INF044D01CU7;INF044D01CV5;10.9223;10.7585;10.9223;07-Jul-2015
118885;Taurus MIP Advantage-Direct Plan-Growth Option;INF044D01CT9;;15.0194;14.7941;15.0194;07-Jul-2015

UTI Mutual Fund
100648;UTI - CRTS 81 - Dividend Option;;;153.503;153.503;153.503;07-Jul-2015
120787;UTI - CRTS 81 - Dividend Option- Direct;;;154.9953;154.9953;154.9953;07-Jul-2015
104588;UTI - CRTS 81 - Growth Option;;;282.0186;282.0186;282.0186;07-Jul-2015
120788;UTI - CRTS 81 - Growth Option- Direct;;;284.5748;284.5748;284.5748;07-Jul-2015
101608;UTI - MIS-Growth;INF789F01AA8;;28.7408;28.7408;28.7408;07-Jul-2015
120776;UTI - MIS-Growth-Direct;INF789F01UV2;;29.1647;29.1647;29.1647;07-Jul-2015
101607;UTI - MIS-Income;INF789F01984;INF789F01992;12.217;12.217;12.217;07-Jul-2015
120775;UTI - MIS-Income-Direct;INF789F01UT6;INF789F01UU4;12.4194;12.4194;12.4194;07-Jul-2015
112067;UTI Smart Woman Savings Plan - Dividend Option;;;29.793;29.793;29.793;07-Jul-2015
120774;UTI Smart Woman Savings Plan - Dividend Option- Direct;;;30.2173;30.2173;30.2173;07-Jul-2015
112066;UTI Smart Woman Savings Plan - Growth Option;;;29.793;29.793;29.793;07-Jul-2015
120773;UTI Smart Woman Savings Plan - Growth Option- Direct;;;30.2162;30.2162;30.2162;07-Jul-2015

Open Ended Schemes ( Growth )


Aditya Birla Sun Life Mutual Fund
120528;Aditya Birla Sun Life Buy India Fund - Dividend - Direct Plan;INF209K01P31;INF209K01UO6;42.35;42.14;42.35;07-Jul-2015
103169;Aditya Birla Sun Life Buy India Fund - Dividend - Regular Plan;INF209K01116;INF209K01CC9;41.75;41.54;41.75;07-Jul-2015
120529;Aditya Birla Sun Life Buy India Fund - Growth - Direct Plan;INF209K01UP3;;96.48;96.00;96.48;07-Jul-2015
103170;Aditya Birla Sun Life Buy India Fund - Growth - Regular Plan;INF209K01124;;95.19;94.71;95.19;07-Jul-2015
119617;Aditya Birla Sun Life India Opportunities Fund - Dividend - Direct Plan;INF209K01P98;;33.25;32.92;33.25;07-Jul-2015
100065;Aditya Birla Sun Life India Opportunities Fund - Dividend - Regular Plan;INF209K01280;INF209K01CK2;27.42;27.15;27.42;07-Jul-2015
119618;Aditya Birla Sun Life India Opportunities Fund - Growth - Direct Plan;INF209K01VR7;;110.50;109.39;110.50;07-Jul-2015
100066;Aditya Birla Sun Life India Opportunities Fund - Growth - Regular Plan;INF209K01298;;109.01;107.92;109.01;07-Jul-2015
119537;Aditya Birla Sun Life India Reforms Fund - Dividend - Direct Plan;INF209K01ZA4;;14.51;14.37;14.51;07-Jul-2015
119536;Aditya Birla Sun Life India Reforms Fund - Growth - Direct Plan;INF209K01YZ4;;14.50;14.36;14.50;07-Jul-2015
112922;Aditya Birla Sun Life India Reforms Fund-DIVIDEND;INF209K01EL6;INF209K01EM4;13.34;13.21;13.34;07-Jul-2015
112921;Aditya Birla Sun Life India Reforms Fund-GROWTH;INF209K01EK8;;14.30;14.16;14.30;07-Jul-2015
119521;Aditya Birla Sun Life Long Term Advantage - Dividend - Direct Plan;INF209K01WJ2;;25.45;25.07;25.45;07-Jul-2015
119520;Aditya Birla Sun Life Long Term Advantage - Growth - Direct Plan;INF209K01WK0;;27.54;27.13;27.54;07-Jul-2015
104339;Aditya Birla Sun Life Long Term Fund- Growth Option;INF209K01SD3;;27.02;26.61;27.02;07-Jul-2015
104338;Aditya Birla Sun Life Long Term Fund-Dividend Option;INF209K01SE1;INF209K01SF8;20.13;19.83;20.13;07-Jul-2015
107505;Aditya Birla Sun Life Special Situations Fund - Dividend;INF209K01553;INF209K01CX5;15.9347;15.7754;15.9347;07-Jul-2015
119547;Aditya Birla Sun Life Special Situations Fund - Dividend - Direct Plan;INF209K01R05;INF209K01WX3;17.7586;17.5810;17.7586;07-Jul-2015
107504;Aditya Birla Sun Life Special Situations Fund - Growth;INF209K01561;;17.4962;17.3212;17.4962;07-Jul-2015
119546;Aditya Birla Sun Life Special Situations Fund - Growth - Direct Plan;INF209K01WW5;;17.7700;17.5923;17.7700;07-Jul-2015

Bandhan Mutual Fund
112068;IDFC Equity Fund -Plan B- Dividend;INF194K01243;INF194K01250;14.1671;14.1671;14.1671;07-Jul-2015
112069;IDFC Equity Fund -Plan B-Growth;INF194K01235;;20.3704;20.3704;20.3704;07-Jul-2015
111866;IDFC Imperial Equity Fund-Plan B - Dividend;INF194K01441;INF194K01458;14.0542;14.0542;14.0542;07-Jul-2015
111865;IDFC Imperial Equity Fund-Plan B - Growth;INF194K01433;;24.0619;24.0619;24.0619;07-Jul-2015
111861;IDFC Premier Equity Fund-Plan B - Dividend;INF194K01375;INF194K01383;28.7293;28.7293;28.7293;07-Jul-2015
111862;IDFC Premier Equity Fund_Plan B - Growth;INF194K01425;;54.7006;54.7006;54.7006;07-Jul-2015

Deutsche Mutual Fund
114965;DWS ALPHA EQUITY FUND - BONUS OPTION;INF223J01895;;17.4;17.23;17.4;07-Jul-2015
118938;DWS Alpha Equity Fund - Direct Plan - Bonus;INF223J01MM0;;17.59;17.41;17.59;07-Jul-2015
118937;DWS Alpha Equity Fund - Direct Plan - Dividend;INF223J01MJ6;INF223J01MK4;21.56;21.34;21.56;07-Jul-2015
118936;DWS Alpha Equity Fund - Direct Plan - Growth;INF223J01ML2;;132.05;130.73;132.05;07-Jul-2015
101628;DWS Alpha Equity Fund - Dividend;INF223J01218;INF223J01226;21.08;20.87;21.08;07-Jul-2015
101629;DWS Alpha Equity Fund - Growth;INF223J01234;;129.21;127.92;129.21;07-Jul-2015
111920;DWS Alpha Equity Fund Wealth Plan - Growth Option;INF223J01267;;26.9;26.63;26.9;07-Jul-2015
111919;DWS Alpha Equity Fund Wealth Plan -Dividend Option;INF223J01242;INF223J01259;16.25;16.09;16.25;07-Jul-2015
131026;DWS Arbitrage Fund - Direct Plan - Annual Dividend;INF223J012N9;INF223J017N8;10.8008;10.7468;10.8008;07-Jul-2015
130994;DWS Arbitrage Fund - Direct Plan - Growth;INF223J013N7;;10.8008;10.7468;10.8008;07-Jul-2015
131024;DWS Arbitrage Fund - Direct Plan - Monthly Dividend;INF223J011N1;INF223J016N0;10.4515;10.3992;10.4515;07-Jul-2015
131025;DWS Arbitrage Fund - Direct Plan - Quarterly Dividend;INF223J010N3;INF223J015N2;10.5486;10.4959;10.5486;07-Jul-2015
131023;DWS Arbitrage Fund - Direct Plan - Regular Dividend;INF223J019M6;INF223J014N5;10.8008;10.7468;10.8008;07-Jul-2015
131031;DWS Arbitrage Fund - Regular Plan - Annual Dividend;INF223J012M1;INF223J016M2;10.7541;10.7003;10.7541;07-Jul-2015
131022;DWS Arbitrage Fund - Regular Plan - Growth;INF223J019N4;;10.7515;10.6977;10.7515;07-Jul-2015
131029;DWS Arbitrage Fund - Regular Plan - Monthly Dividend;INF223J011M3;;10.4037;10.3517;10.4037;07-Jul-2015
131030;DWS Arbitrage Fund - Regular Plan - Quarterly Dividend;INF223J010M5;INF223J014M7;10.4476;10.3954;10.4476;07-Jul-2015
131033;DWS Arbitrage Fund - Regular Plan - Regular Dividend;INF223J019L8;INF223J013M9;10.629;10.5759;10.629;07-Jul-2015
102195;DWS Equity Income Fund - Annual Dividend option;INF223J01EZ9;INF223J01FA9;13.2998;13.1668;13.2998;07-Jul-2015
118964;DWS Equity Income Fund - Direct Plan - Annual Dividend;INF223J01QA6;INF223J01QB4;14.4924;14.3475;14.4924;07-Jul-2015
118965;DWS Equity Income Fund - Direct Plan - Growth;INF223J01QD0;;25.5332;25.2779;25.5332;07-Jul-2015
118966;DWS Equity Income Fund - Direct Plan - Monthly Dividend;INF223J01QE8;INF223J01QF5;12.0056;11.8855;12.0056;07-Jul-2015
118967;DWS Equity Income Fund - Direct Plan - Quarterly Dividend;INF223J01QG3;INF223J01QH1;11.8802;11.7614;11.8802;07-Jul-2015
102196;DWS Equity Income Fund - Growth Option;INF223J01FB7;;24.924;24.6748;24.924;07-Jul-2015
102193;DWS Equity Income Fund - Monthly Dividend option;INF223J01FC5;INF223J01FD3;11.9206;11.8014;11.9206;07-Jul-2015
102194;DWS Equity Income Fund - Quarterly  Dividend;INF223J01FE1;INF223J01FF8;11.657;11.5404;11.657;07-Jul-2015
114964;DWS INVESTMENT OPPORTUNITY FUND - BONUS OPTION;INF223J01903;;16.89;16.72;16.89;07-Jul-2015
118940;DWS Investment Opportunity Fund - Direct Plan - Dividend;INF223J01QV2;INF223J01QW0;23.13;22.9;23.13;07-Jul-2015
118939;DWS Investment Opportunity Fund - Direct Plan - Growth;INF223J01QX8;;60.31;59.71;60.31;07-Jul-2015
102203;DWS Investment Opportunity Fund - Dividend Option;INF223J01275;INF223J01283;17.89;17.71;17.89;07-Jul-2015
102204;DWS Investment Opportunity Fund - Growth Option;INF223J01291;;58.9;58.31;58.9;07-Jul-2015
111918;DWS Investment Opportunity Fund Wealth Plan- Dividend Option;INF223J01309;INF223J01317;20.4;20.2;20.4;07-Jul-2015
111917;DWS Investment Opportunity Fund Wealth Plan- Growth Option;INF223J01325;;26.64;26.37;26.64;07-Jul-2015

DSP Mutual Fund
105876;DSP BlackRock Equity Fund - Institutional Plan - Growth;INF740K01FY0;;22.667;22.440;22.667;07-Jul-2015
107354;DSP BlackRock Technology.com   Fund - Regular Plan - Dividend;INF740K01193;INF740K01201;29.585;29.289;29.585;07-Jul-2015
100090;DSP BlackRock Technology.com   Fund - Regular Plan - Growth;INF740K01219;;51.203;50.691;51.203;07-Jul-2015
119246;DSP BlackRock Technology.com Fund - Direct Plan - Dividend;INF740K01PP7;INF740K01PQ5;37.153;36.781;37.153;07-Jul-2015
119245;DSP BlackRock Technology.com Fund - Direct Plan - Growth;INF740K01PO0;;51.894;51.375;51.894;07-Jul-2015
105871;DSP Top 100 Equity Fund - Institutional  Plan - Dividend;INF740K01GG5;INF740K01GF7;16.323;16.160;16.323;07-Jul-2015
105872;DSP Top 100 Equity Fund - Institutional  Plan - Growth;INF740K01GE0;;22.738;22.511;22.738;07-Jul-2015

Edelweiss Mutual Fund
118645;Edelweiss Emerging Leaders Fund - Direct Plan- Dividend;INF754K01CJ9;INF754K01CK7;20.98;20.77;20.98;07-Jul-2015
118644;Edelweiss Emerging Leaders Fund - Direct Plan- Growth;INF754K01CM3;;21.63;21.41;21.63;07-Jul-2015
115632;Edelweiss Emerging Leaders Fund - Dividend;INF754K01772;INF754K01780;19.91;19.71;19.91;07-Jul-2015
115631;Edelweiss Emerging Leaders Fund - Growth;INF754K01764;;21.39;21.18;21.39;07-Jul-2015
112402;Edelweiss Equity Savings Advantage Fund - Dividend Option;INF754K01483;INF754K01509;11.3045;11.0784;11.3045;07-Jul-2015
112387;Edelweiss Equity Savings Advantage Fund - Growth Option;INF754K01475;;15.5721;15.2607;15.5721;07-Jul-2015
118638;Edelweiss Equity Savings Advantage Fund- Direct Plan- Growth Option;INF754K01DE8;;15.7046;15.3905;15.7046;07-Jul-2015

Goldman Sachs Mutual Fund
118605;Goldman Sachs CNX 500 Fund - Direct Plan - Dividend Option;INF457M01083;INF457M01091;18.7464;18.4652;18.7464;07-Jul-2015
118606;Goldman Sachs CNX 500 Fund - Direct Plan - Growth Option;INF457M01075;;29.9576;29.5082;29.9576;07-Jul-2015
115749;Goldman Sachs CNX 500 Fund - Dividend Option;INF732E01201;INF732E01219;18.4862;18.2089;18.4862;07-Jul-2015
115748;Goldman Sachs CNX 500 Fund - Growth Option;INF732E01193;;29.5425;29.0994;29.5425;07-Jul-2015
118600;Goldman Sachs India Equity Fund - Direct Plan -Dividend Option;INF457M01059;INF457M01067;20.20;20.00;20.20;07-Jul-2015
118601;Goldman Sachs India Equity Fund - Direct Plan -Growth Option;INF457M01042;;20.20;20.00;20.20;07-Jul-2015
117992;Goldman Sachs India Equity Fund - Dividend Plan;INF457M01026;INF457M01034;19.87;19.67;19.87;07-Jul-2015
117993;Goldman Sachs India Equity Fund - Growth Plan;INF457M01018;;19.87;19.67;19.87;07-Jul-2015

HDFC Mutual Fund
119064;HDFC Index Fund Sensex Plus Plan-Direct Plan;INF179K01WO7;;373.2119;369.4798;373.2119;07-Jul-2015
101282;HDFC Index Fund-Sensex Plus( FV-Rs32.161);INF179K01LB7;;370.2621;366.5595;370.2621;07-Jul-2015

HSBC Mutual Fund
105227;HSBC Dividend Yield Equity Fund - Dividend;INF336L01BC0;INF336L01BB2;16.47;16.47;16.47;07-Jul-2015
105228;HSBC Dividend Yield Equity Fund - Growth;INF336L01BD8;;16.47;16.47;16.47;07-Jul-2015
120080;HSBC Dividend Yield Equity Fund-Dividend Direct;INF336L01EK7;INF336L01EL5;16.7672;16.7672;16.7672;07-Jul-2015
120081;HSBC Dividend Yield Equity Fund-Growth Direct;INF336L01EM3;;16.7672;16.7672;16.7672;07-Jul-2015

ICICI Prudential Mutual Fund
103028;ICICI Prudential Blended Plan A -  Dividend;INF109K01DZ0;INF109K01AO0;13.5499;13.4822;13.5499;07-Jul-2015
130949;ICICI Prudential Blended Plan A - Direct Plan Bonus;INF109KA1B65;;10.7329;10.6792;10.7329;07-Jul-2015
103027;ICICI Prudential Blended Plan A - Growth;INF109K01AP7;;21.7210;21.6124;21.7210;07-Jul-2015
120311;ICICI Prudential Blended Plan A-Direct Plan -  Dividend;INF109K013C6;INF109K014C4;13.5983;13.5303;13.5983;07-Jul-2015
120310;ICICI Prudential Blended Plan A-Direct Plan -  Growth;INF109K015C1;;21.9652;21.8554;21.9652;07-Jul-2015

Invesco Mutual Fund
120293;Religare Invesco AGILE Fund - Direct Plan - Dividend Option;INF205K01KM9;INF205K01KN7;9.84;9.74;9.84;07-Jul-2015
120294;Religare Invesco AGILE Fund - Direct Plan - Growth Option;INF205K01KO5;;9.82;9.72;9.82;07-Jul-2015
106868;Religare Invesco AGILE Fund - Dividend Option;INF205K01114;INF205K01106;9.57;9.47;9.57;07-Jul-2015
106867;Religare Invesco AGILE Fund - Growth Option;INF205K01098;;9.56;9.46;9.56;07-Jul-2015

JPMorgan Mutual Fund
133490;JPMorgan India Economic Resurgence Fund - Direct Plan - Dividend Option;INF843K01KL9;INF843K01KM7;10.267;10.164;10.267;07-Jul-2015
133489;JPMorgan India Economic Resurgence Fund - Direct Plan - Growth Option;INF843K01KK1;;10.273;10.17;10.273;07-Jul-2015
133492;JPMorgan India Economic Resurgence Fund - Regular Plan - Dividend Option;INF843K01KO3;INF843K01KP0;10.212;10.11;10.212;07-Jul-2015
133491;JPMorgan India Economic Resurgence Fund - Regular Plan - Growth Option;INF843K01KN5;;10.213;10.111;10.213;07-Jul-2015
119866;JPMorgan India Equity Fund - Direct Plan - Dividend Option;INF843K01AM8;INF843K01AN6;18.915;18.726;18.915;07-Jul-2015
119867;JPMorgan India Equity Fund - Direct Plan - Growth Option;INF843K01AL0;;23.809;23.571;23.809;07-Jul-2015
105583;JPMorgan India Equity Fund - Regular Plan - Dividend Option;INF843K01054;INF843K01062;18.425;18.241;18.425;07-Jul-2015
105582;JPMorgan India Equity Fund - Regular Plan - Growth Option;INF843K01047;;23.101;22.87;23.101;07-Jul-2015
131415;JPMorgan India Equity Income Fund - Direct Plan - Bonus Option;INF843K01KD6;;10.8061;10.698;10.8061;07-Jul-2015
131413;JPMorgan India Equity Income Fund - Direct Plan - Dividend Option;INF843K01KE4;INF843K01KF1;10.6011;10.4951;10.6011;07-Jul-2015
131412;JPMorgan India Equity Income Fund - Direct Plan - Growth Option;INF843K01KC8;;10.8079;10.6998;10.8079;07-Jul-2015
131417;JPMorgan India Equity Income Fund - Regular Plan - Bonus Option;INF843K01KH7;;10.7578;10.6502;10.7578;07-Jul-2015
131414;JPMorgan India Equity Income Fund - Regular Plan - Dividend Option;INF843K01KI5;INF843K01KJ3;10.4541;10.3496;10.4541;07-Jul-2015
131416;JPMorgan India Equity Income Fund - Regular Plan - Growth Option;INF843K01KG9;;10.7571;10.6495;10.7571;07-Jul-2015
119868;JPMorgan India Mid and Small Cap Fund - Direct Plan - Dividend Option;INF843K01AP1;INF843K01AQ9;19.735;19.538;19.735;07-Jul-2015
119869;JPMorgan India Mid and Small Cap Fund - Direct Plan - Growth Option;INF843K01AO4;;20.472;20.267;20.472;07-Jul-2015
107302;JPMorgan India Mid and Small Cap Fund - Regular Plan - Dividend Option;INF843K01021;INF843K01039;18.298;18.115;18.298;07-Jul-2015
107301;JPMorgan India Mid and Small Cap Fund - Regular Plan - Growth Option;INF843K01013;;19.847;19.649;19.847;07-Jul-2015
129990;JPMorgan India Top 100 Fund - Direct Plan - Dividend Option;INF843K01IT6;INF843K01IU4;12.13;12.009;12.13;07-Jul-2015
129987;JPMorgan India Top 100 Fund - Direct Plan - Growth Option;INF843K01IS8;;12.169;12.047;12.169;07-Jul-2015
129989;JPMorgan India Top 100 Fund - Regular Plan - Dividend Option;INF843K01IW0;INF843K01IX8;11.992;11.872;11.992;07-Jul-2015
129988;JPMorgan India Top 100 Fund - Regular Plan - Growth Option;INF843K01IV2;;11.992;11.872;11.992;07-Jul-2015

L&T Mutual Fund
118068;L&T Indo Asia Fund - Regular Plan - Dividend Option;INF677K01130;INF677K01148;21.107;20.896;21.107;07-Jul-2015
118067;L&T Indo Asia Fund - Regular Plan - Growth Option;INF677K01122;;22.815;22.587;22.815;07-Jul-2015
119408;L&T Indo Asia Fund-Direct Plan-Dividend Option;INF917K01IJ9;INF917K01II1;21.450;21.236;21.450;07-Jul-2015
119407;L&T Indo Asia Fund-Direct Plan-Growth Option;INF917K01IK7;;23.168;22.936;23.168;07-Jul-2015

Mirae Asset Mutual Fund
118829;Mirae Asset Global Commodity Stocks - Direct Plan - Dividend;INF769K01BC4;INF769K01BD2;10.686;10.472;10.686;07-Jul-2015
118828;Mirae Asset Global Commodity Stocks - Direct Plan - Growth;INF769K01BB6;;10.748;10.533;10.748;07-Jul-2015
109137;Mirae Asset Global Commodity Stocks - Dividend Option;INF769K01069;INF769K01051;10.539;10.328;10.539;07-Jul-2015
109138;Mirae Asset Global Commodity Stocks - Growth Option;INF769K01044;;10.539;10.328;10.539;07-Jul-2015

Nippon India Mutual Fund
118640;Reliance Focused Large Cap Fund - Direct Plan Dividend Plan;INF204K01XJ1;INF204K01XK9;20.7626;20.5550;20.7626;07-Jul-2015
118641;Reliance Focused Large Cap Fund - Direct Plan Growth Plan - Bonus Option;INF204K01D48;;24.9009;24.6519;24.9009;07-Jul-2015
118643;Reliance Focused Large Cap Fund - Direct Plan Growth Plan - Growth Option;INF204K01XL7;;24.9009;24.6519;24.9009;07-Jul-2015
103749;Reliance Focused Large Cap Fund-Dividend Plan;INF204K01653;INF204K01661;20.5988;20.3928;20.5988;07-Jul-2015
103748;Reliance Focused Large Cap Fund-Growth Plan-Bonus Option;INF204K01679;;24.4964;24.2514;24.4964;07-Jul-2015
103747;Reliance Focused Large Cap Fund-Growth Plan-Growth Option;INF204K01687;;24.4964;24.2514;24.4964;07-Jul-2015

PGIM India Mutual Fund
120088;DHFL Pramerica Dynamic Asset Allocation Fund - Direct Plan-Growth Option;INF663L01765;;13.18;13.05;13.18;07-Jul-2015
114310;DHFL Pramerica Dynamic Asset Allocation Fund - Dividend Option;INF663L01054;INF663L01062;13.02;12.89;13.02;07-Jul-2015
114309;DHFL Pramerica Dynamic Asset Allocation Fund - Growth Option;INF663L01047;;13.02;12.89;13.02;07-Jul-2015
120087;DHFL Pramerica Dynamic Asset Allocation Fund- Direct Plan-Dividend Option;INF663L01781;INF663L01773;13.18;13.05;13.18;07-Jul-2015
120099;DHFL Pramerica Large Cap Equity Fund - Direct Plan-Dividend Option;INF663L01815;INF663L01807;13.49;13.36;13.49;07-Jul-2015
120100;DHFL Pramerica Large Cap Equity Fund - Direct Plan-Growth Option;INF663L01799;;13.49;13.36;13.49;07-Jul-2015
114308;DHFL Pramerica Large Cap Equity Fund - Dividend Option;INF663L01021;INF663L01039;13.32;13.19;13.32;07-Jul-2015
114307;DHFL Pramerica Large Cap Equity Fund - Growth Option;INF663L01013;;13.32;13.19;13.32;07-Jul-2015

Principal Mutual Fund
129726;Principal Index Fund- Midcap- Direct Plan - Dividend Option;INF173K01KM9;INF173K01KO5;14.8892;14.7403;14.8892;07-Jul-2015
129725;Principal Index Fund- Midcap- Direct Plan - Growth;INF173K01KP2;;14.8892;14.7403;14.8892;07-Jul-2015
129727;Principal Index Fund- Midcap- Regular Plan - Dividend Option;INF173K01KI7;INF173K01KK3;14.8002;14.6522;14.8002;07-Jul-2015
129728;Principal Index Fund- Midcap- Regular Plan - Growth;INF173K01KL1;;14.8002;14.6522;14.8002;07-Jul-2015

Sahara Mutual Fund
120373;SAHARA BANKING & FINANCIAL SERVICES FUND- GROWTH - Direct;INF515L01AJ6;;47.7222;47.2450;47.7222;07-Jul-2015
109493;SAHARA BANKING & FINANCIAL SERVICES FUND- GROWTH OPTION;INF515L01494;;47.3289;46.8556;47.3289;07-Jul-2015
120374;SAHARA BANKING & FINANCIAL SERVICES FUND-DIVIDEND - Direct;INF515L01AH0;INF515L01AI8;16.8924;16.7235;16.8924;07-Jul-2015
109494;SAHARA BANKING & FINANCIAL SERVICES FUND-DIVIDEND OPTION;INF515L01478;INF515L01486;16.7407;16.5733;16.7407;07-Jul-2015
101529;Sahara Growth Fund-Dividend;INF515L01155;INF515L01163;35.1764;34.8246;35.1764;07-Jul-2015
120288;Sahara Growth Fund-Dividend- Direct;INF515L01759;INF515L01767;35.5102;35.1551;35.5102;07-Jul-2015
101528;Sahara Growth Fund-Growth;INF515L01171;;121.2401;120.0277;121.2401;07-Jul-2015
120289;Sahara Growth Fund-Growth- Direct;INF515L01775;;123.9414;122.7020;123.9414;07-Jul-2015
120352;Sahara Infrastructure Fund ---FIXED PRICING -Direct-Dividend;INF515L01924;INF515L01932;14.3178;14.1746;14.3178;07-Jul-2015
120353;Sahara Infrastructure Fund ---FIXED PRICING OPTION-Direct-Growth;INF515L01940;;19.5363;19.3409;19.5363;07-Jul-2015
103730;Sahara Infrastructure Fund ---FIXED PRICING OPTION-Dividend Option;INF515L01320;INF515L01338;14.2334;14.0911;14.2334;07-Jul-2015
103731;Sahara Infrastructure Fund ---FIXED PRICING OPTION-Growth Option;INF515L01346;;19.4727;19.2780;19.4727;07-Jul-2015
120354;Sahara Infrastructure Fund ---VARIABLE PRICING OPTION-Direct-Dividend;INF515L01957;INF515L01965;15.5726;15.4169;15.5726;07-Jul-2015
120355;Sahara Infrastructure Fund ---VARIABLE PRICING OPTION-Direct-Growth;INF515L01973;;21.1321;20.9208;21.1321;07-Jul-2015
103732;Sahara Infrastructure Fund ---VARIABLE PRICING OPTION-Dividend Option;INF515L01353;INF515L01361;15.4952;15.3402;15.4952;07-Jul-2015
103733;Sahara Infrastructure Fund ---VARIABLE PRICING OPTION-Growth Option;INF515L01379;;21.0630;20.8524;21.0630;07-Jul-2015
100798;Sahara Midcap Fund-Auto Payout;INF515L01247;;54.5808;54.0350;54.5808;07-Jul-2015
120295;Sahara Midcap Fund-Auto Payout- Direct;INF515L01841;;54.8197;54.2715;54.8197;07-Jul-2015
100799;Sahara Midcap Fund-Bonus;INF515L01254;;54.5808;54.0350;54.5808;07-Jul-2015
120296;Sahara Midcap Fund-Bonus- Direct;INF515L01858;;54.8197;54.2715;54.8197;07-Jul-2015
120298;Sahara Midcap Fund-Dividend -Direct;INF515L01817;INF515L01825;24.2018;23.9598;24.2018;07-Jul-2015
100797;Sahara Midcap Fund-Dividend Plan;INF515L01213;INF515L01221;24.0750;23.8343;24.0750;07-Jul-2015
120297;Sahara Midcap Fund-Growth Option - Direct;INF515L01833;;54.8197;54.2715;54.8197;07-Jul-2015
100796;Sahara Midcap Fund-Growth Plan;INF515L01239;;54.5808;54.0350;54.5808;07-Jul-2015
108320;Sahara Power & Natural Resources Fund - Dividend Option;INF515L01445;INF515L01452;13.0882;12.9573;13.0882;07-Jul-2015
120371;Sahara Power & Natural resources Fund- Growth - Direct;INF515L01AG2;;15.4354;15.2810;15.4354;07-Jul-2015
108321;Sahara Power & Natural resources Fund- Growth Option;INF515L01460;;15.3451;15.1916;15.3451;07-Jul-2015
120370;Sahara Power & Natural Resources Fund-Dividend - Direct;INF515L01AE7;INF515L01AF4;13.1831;13.0513;13.1831;07-Jul-2015
106744;Sahara R.E.A.L Fund - Dividend Option;INF515L01387;INF515L01395;14.6425;14.4961;14.6425;07-Jul-2015
120360;Sahara R.E.A.L Fund - Dividend Option- Direct;INF515L01981;INF515L01999;14.7537;14.6062;14.7537;07-Jul-2015
106745;Sahara R.E.A.L Fund - Growth  Fund;INF515L01403;;14.6425;14.4961;14.6425;07-Jul-2015
120361;Sahara R.E.A.L Fund - Growth  Fund- Direct;INF515L01AA5;;14.9577;14.8081;14.9577;07-Jul-2015
120387;Sahara Star Value Fund-Dividend - Direct;INF515L01AS7;INF515L01AT5;13.4848;13.3500;13.4848;07-Jul-2015
112104;Sahara Star Value Fund-Dividend Option;INF515L01585;INF515L01593;13.3773;13.2435;13.3773;07-Jul-2015
120386;Sahara Star Value Fund-Growth - Direct;INF515L01AU3;;18.4321;18.2478;18.4321;07-Jul-2015
112105;Sahara Star Value Fund-Growth Option;INF515L01601;;17.0698;16.8991;17.0698;07-Jul-2015
120383;Sahara Super 20 Fund - Dividend - Direct;INF515L01AP3;INF515L01AQ1;17.0272;16.8569;17.0272;07-Jul-2015
112036;Sahara Super 20 Fund - Dividend Option;INF515L01551;INF515L01569;16.8549;16.6864;16.8549;07-Jul-2015
120382;Sahara Super 20 Fund - Growth - Direct;INF515L01AR9;;17.0366;16.8662;17.0366;07-Jul-2015
112037;Sahara Super 20 Fund - Growth Option;INF515L01577;;16.8710;16.7023;16.8710;07-Jul-2015
120341;Sahara Wealth Plus Fund-Fixed Pricing Option-Direct-Dividend Option;INF515L01866;INF515L01874;27.3405;27.0671;27.3405;07-Jul-2015
120340;Sahara Wealth Plus Fund-Fixed Pricing Option-Direct-Growth;INF515L01882;;38.4367;38.0523;38.4367;07-Jul-2015
103119;Sahara Wealth Plus Fund-Fixed Pricing Option-Dividend Option;INF515L01262;INF515L01270;27.1674;26.8957;27.1674;07-Jul-2015
103120;Sahara Wealth Plus Fund-Fixed Pricing Option-Growth Option;INF515L01288;;38.1417;37.7603;38.1417;07-Jul-2015
120344;Sahara Wealth Plus Fund-Variable Pricing Option-Direct -Dividend;INF515L01890;INF515L01908;30.2087;29.9066;30.2087;07-Jul-2015
120345;Sahara Wealth Plus Fund-Variable Pricing Option-Direct-Growth;INF515L01916;;41.6944;41.2775;41.6944;07-Jul-2015
103121;Sahara Wealth Plus Fund-Variable Pricing Option-Dividend Option;INF515L01296;INF515L01304;30.0205;29.7203;30.0205;07-Jul-2015
103122;Sahara Wealth Plus Fund-Variable Pricing Option-Growth Option;INF515L01312;;41.4132;40.9991;41.4132;07-Jul-2015

Sundaram Mutual Fund
119600;Sundaram Entertainment Opportunities Fund - Direct Plan - Dividend Option;INF903J01MW6;INF903J01MX4;14.0505;13.9100;14.0505;07-Jul-2015
109130;Sundaram Entertainment Opportunities Fund - Inst  Growth;INF903J01710;;19.5426;19.3472;19.5426;07-Jul-2015
109131;Sundaram Entertainment Opportunities Fund - Regular Dividend;INF903J01660;INF903J01678;13.8939;13.7550;13.8939;07-Jul-2015
109129;Sundaram Entertainment Opportunities Fund - Regular Growth;INF903J01686;;18.9795;18.7897;18.9795;07-Jul-2015
119599;Sundaram Entertainment Opportunities Fund -Direct Plan - Growth Option;INF903J01MY2;;19.2059;19.0138;19.2059;07-Jul-2015
119593;Sundaram Growth Fund - Direct Plan - Dividend Option;INF903J01MQ8;INF903J01MR6;11.0954;10.8735;11.0954;07-Jul-2015
119592;Sundaram Growth Fund - Direct Plan - Growth Option;INF903J01MS4;;125.2688;122.7634;125.2688;07-Jul-2015
112063;Sundaram Growth Fund- Inst Dividend;INF903J01363;INF903J01371;11.7048;11.4707;11.7048;07-Jul-2015
100612;Sundaram Growth Fund-Dividend;INF903J01330;INF903J01348;11.0387;10.8179;11.0387;07-Jul-2015
100613;Sundaram Growth Fund-Growth;INF903J01355;;123.3923;120.9245;123.3923;07-Jul-2015

UTI Mutual Fund
120756;UTI Bluechip Flexicap Fund - Direct Plan - Dividend Option;INF789F01TV4;INF789F01TW2;21.5029;21.5029;21.5;07-Jul-2015
120757;UTI Bluechip Flexicap Fund - Direct Plan - Growth Option;INF789F01TX0;;25.5442;25.5442;25.54;07-Jul-2015
103455;UTI Bluechip Flexicap Fund - Regular Plan - Dividend Option;INF789F01760;INF789F01778;21.3134;21.3134;21.31;07-Jul-2015
103457;UTI Bluechip Flexicap Fund - Regular Plan - Growth option;INF789F01786;;25.3357;25.3357;25.34;07-Jul-2015
131161;UTI Multi Cap Fund - Dividend Option;INF789FA1XV4;INF789FA1XW2;10.936;10.936;10.936;07-Jul-2015
131162;UTI Multi Cap Fund - Dividend Option - Direct;INF789FA1XS0;INF789FA1XT8;10.9841;10.9841;10.9841;07-Jul-2015
131163;UTI Multi Cap Fund - Growth Option;INF789FA1XX0;;10.9361;10.9361;10.9361;07-Jul-2015
131164;UTI Multi Cap Fund - Growth Option - Direct;INF789FA1XU6;;10.9841;10.9841;10.9841;07-Jul-2015

Open Ended Schemes ( Balanced )


HDFC Mutual Fund
100121;HDFC Balanced Fund - Dividend Option;INF179K01376;INF179K01384;27.734;27.457;27.734;07-Jul-2015
100122;HDFC Balanced Fund - Growth Option;INF179K01392;;108.599;107.513;108.599;07-Jul-2015
118932;HDFC Balanced Fund -Direct Plan - Dividend Option;INF179K01UX2;INF179K01UY0;29.661;29.364;29.661;07-Jul-2015
118933;HDFC Balanced Fund -Direct Plan - Growth Option;INF179K01UZ7;;110.391;109.287;110.391;07-Jul-2015
101978;HDFC Prudence Fund - Dividend Option;INF179K01AT2;INF179K01AU0;32.022;31.702;32.022;07-Jul-2015
101977;HDFC Prudence Fund - Growth Option;INF179K01AV8;;376.096;372.335;376.096;07-Jul-2015
118990;HDFC Prudence Fund -Direct Plan - Dividend Option;INF179K01YA2;INF179K01YB0;35.315;34.962;35.315;07-Jul-2015
118991;HDFC Prudence Fund -Direct Plan - Growth Option;INF179K01YC8;;381.787;377.969;381.787;07-Jul-2015

JPMorgan Mutual Fund
134154;JPMorgan India Balanced Advantage Fund - Direct Plan - Dividend Option;INF843K01KS4;INF843K01KT2;9.7955;9.6975;9.7955;07-Jul-2015
134150;JPMorgan India Balanced Advantage Fund - Direct Plan - Growth Option;INF843K01KQ8;;9.8279;9.7296;9.8279;07-Jul-2015
134153;JPMorgan India Balanced Advantage Fund - Regular Plan - Bonus Option;INF843K01KV8;;9.7844;9.6866;9.7844;07-Jul-2015
134155;JPMorgan India Balanced Advantage Fund - Regular Plan - Dividend Option;INF843K01KW6;INF843K01KX4;9.7844;9.6866;9.7844;07-Jul-2015
134152;JPMorgan India Balanced Advantage Fund - Regular Plan - Growth Option;INF843K01KU0;;9.7844;9.6866;9.7844;07-Jul-2015

Open Ended Schemes ( Liquid )


Deutsche Mutual Fund
122676;DWS INSTA CASH PLUS FUND - Annual Bonus Option;INF223J01WV0;;110.2194;110.2194;110.2194;07-Jul-2015
116363;DWS Insta Cash Plus Fund - Annual Dividend Option;INF223J01IP1;INF223J01IQ9;118.2643;118.2643;118.2643;07-Jul-2015
106468;DWS INSTA CASH PLUS FUND - BONUS OPTION;INF223J01BQ4;;126.768;126.768;126.768;07-Jul-2015
122675;DWS Insta Cash Plus Fund - Direct Plan -  Annual Bonus Option;INF223J01WW8;;112.3116;112.3116;112.3116;07-Jul-2015
119003;DWS Insta Cash Plus Fund - Direct Plan -  Regular Bonus;INF223J01NQ9;;127.0377;127.0377;127.0377;07-Jul-2015
118997;DWS Insta Cash Plus Fund - Direct Plan - Annual Dividend;INF223J01NO4;INF223J01NP1;127.8039;127.8039;127.8039;07-Jul-2015
118998;DWS Insta Cash Plus Fund - Direct Plan - Daily Dividend;;INF223J01NR7;100.304;100.304;100.304;07-Jul-2015
119000;DWS Insta Cash Plus Fund - Direct Plan - Growth;INF223J01NS5;;185.8213;185.8213;185.8213;07-Jul-2015
119002;DWS Insta Cash Plus Fund - Direct Plan - Weekly Dividend;INF223J01NV9;INF223J01NW7;100.5931;100.5931;100.5931;07-Jul-2015
122205;DWS Insta Cash Plus Fund - Direct Plan -Monthly Bonus;INF223J01VE8;;122.2705;122.2705;122.2705;07-Jul-2015
106470;DWS Insta Cash Plus Fund - Monthly Dividend;INF223J01BR2;INF223J01BS0;105.0772;105.0772;105.0772;07-Jul-2015
105672;DWS INSTA CASH PLUS FUND - Regular Plan BONUS OPTION;INF223J01BH3;;11.894;11.894;11.894;07-Jul-2015
106472;DWS Insta Cash Plus Fund - Weekly Dividend;INF223J01BT8;INF223J01BU6;100.5926;100.5926;100.5926;07-Jul-2015
106471;DWS Insta Cash Plus Fund -Growth;INF223J01BP6;;185.43;185.43;185.43;07-Jul-2015
106467;DWS Insta Cash Plus Fund-Daily Dividend;;INF223J01BO9;100.3040;100.304;100.304;07-Jul-2015
101718;DWS Insta Cash Plus Fund-DIVIDEND-Daily Dividend;;INF223J01BI1;10.301;10.301;10.301;07-Jul-2015
101717;DWS Insta Cash Plus Fund-DIVIDEND-MONTHLY DIVIDEND;INF223J01BK7;INF223J01BL5;10.2065;10.2065;10.2065;07-Jul-2015
101716;DWS Insta Cash Plus Fund-DIVIDEND-WEEKLY DIVIDEND;INF223J01BM3;INF223J01BN1;10.3586;10.3586;10.3586;07-Jul-2015
101719;DWS Insta Cash Plus Fund-Growth-GROWTH;INF223J01BJ9;;22.53;22.53;22.53;07-Jul-2015
101722;DWS Insta Cash Plus Fund-Institutional Plan-Daily Dividend;;INF223J01BA8;10.0516;10.0516;10.0516;07-Jul-2015
101721;DWS Insta Cash Plus Fund-Institutional Plan-Growth;INF223J01BB6;;21.3664;21.3664;21.3664;07-Jul-2015
122206;DWS INSTA CASH PLUS FUND-Monthly Bonus Option;INF223J01VD0;;105.9609;105.9609;105.9609;07-Jul-2015
116368;DWS Insta CashPlus Fund - Quarterly Dividend Option;INF223J01IN6;INF223J01IO4;127.2481;127.2481;127.2481;07-Jul-2015
116370;DWS Treasury Fund - Cash Plan - Annual Dividend;INF223J01SF1;INF223J01SG9;134.5118;134.5118;134.5118;07-Jul-2015
114966;DWS Treasury Fund - Cash Plan - Bonus;INF223J01SA2;;130.4849;130.4849;130.4849;07-Jul-2015
112228;DWS Treasury Fund - Cash Plan - Daily Dividend;;INF223J01SB0;100.391;100.391;100.391;07-Jul-2015
119008;DWS Treasury Fund - Cash Plan - Direct Plan - Daily Dividend;;INF223J01PH3;100.391;100.391;100.391;07-Jul-2015
119009;DWS Treasury Fund - Cash Plan - Direct Plan - Growth;INF223J01PI1;;154.13;154.13;154.13;07-Jul-2015
122210;DWS Treasury Fund - Cash Plan - Direct Plan - Monthly Bonus;INF223J01VO7;;122.2002;122.2002;122.2002;07-Jul-2015
119013;DWS Treasury Fund - Cash Plan - Direct Plan - Weekly Dividend;INF223J01PN1;INF223J01PO9;109.6434;109.6434;109.6434;07-Jul-2015
112221;DWS Treasury Fund - Cash Plan - Growth;INF223J01SC8;;153.3659;153.3659;153.3659;07-Jul-2015
112227;DWS Treasury Fund - Cash Plan - Institiutional - Daily Dividend;;INF223J01DZ1;100.497;100.497;100.497;07-Jul-2015
112222;DWS Treasury Fund - Cash Plan - Institiutional - Growth;INF223J01EA2;;152.3739;152.3739;152.3739;07-Jul-2015
122209;DWS Treasury Fund - Cash Plan - Monthly Bonus;INF223J01VN9;;121.5836;121.5836;121.5836;07-Jul-2015
112965;DWS Treasury Fund - Cash Plan - Monthly Dividend;INF223J01RW8;INF223J01RX6;107.8816;107.8816;107.8816;07-Jul-2015
116391;DWS Treasury Fund - Cash Plan - Quarterly Dividend;INF223J01SD6;INF223J01SE4;111.9721;111.9721;111.9721;07-Jul-2015
112964;DWS Treasury Fund - Cash Plan - Weekly Dividend;INF223J01RY4;INF223J01RZ1;109.5901;109.5901;109.5901;07-Jul-2015
116395;DWS Treasury Fund - Investment - Annual Dividend;INF223J01KV5;INF223J01KW3;13.4971;13.4971;13.4971;07-Jul-2015
114967;DWS Treasury Fund - Investment - Bonus;INF223J01EW6;;11.8448;11.8448;11.8448;07-Jul-2015
122981;DWS Treasury Fund - Investment - Direct Plan - Annual Bonus;INF223J01XG9;;15.7491;15.7491;15.7491;07-Jul-2015
119022;DWS Treasury Fund - Investment - Direct Plan - Growth;INF223J01PT8;;15.8203;15.8203;15.8203;07-Jul-2015
119024;DWS Treasury Fund - Investment - Direct Plan - Quarterly Dividend;INF223J01PW2;INF223J01PX0;11.0661;11.0661;11.0661;07-Jul-2015
119026;DWS Treasury Fund - Investment - Direct Plan - Weekly Dividend;INF223J01PY8;INF223J01PZ5;11.0267;11.0267;11.0267;07-Jul-2015
119027;DWS Treasury Fund - Investment - Direct Plan-Monthly Dividend;INF223J01PU6;INF223J01PV4;10.6858;10.6858;10.6858;07-Jul-2015
122213;DWS Treasury Fund - Investment - Quarterly Bonus;INF223J01VP4;;11.2231;11.2231;11.2231;07-Jul-2015
122980;DWS Treasury Fund - Investment Plan - Annual Bonus;INF223J01XF1;;10.8076;10.8076;10.8076;07-Jul-2015
112226;DWS Treasury Fund - Investment Plan - Daily Dividend;;INF223J01EX4;10.222;10.222;10.222;07-Jul-2015
122214;DWS Treasury Fund - Investment Plan - Direct Plan -  Quarterly Bonus;INF223J01VQ2;;10.3428;10.3428;10.3428;07-Jul-2015
119021;DWS Treasury Fund - Investment Plan - Direct Plan - Bonus;INF223J01PP6;;11.8876;11.8876;11.8876;07-Jul-2015
119023;DWS Treasury Fund - Investment Plan - Direct Plan - Daily Dividend;;INF223J01PS0;10.222;10.222;10.222;07-Jul-2015
112223;DWS Treasury Fund - Investment Plan - Growth;INF223J01EY2;;15.7368;15.7368;15.7368;07-Jul-2015
112225;DWS Treasury Fund - Investment Plan - Institiutional - Daily Dividend;;INF223J01EO3;10.0417;10.0417;10.0417;07-Jul-2015
112224;DWS Treasury Fund - Investment Plan - Institiutional - Growth;INF223J01EP0;;15.5005;15.5005;15.5005;07-Jul-2015
112968;DWS Treasury Fund - Investment Plan - Monthly Dividend;INF223J01ES4;INF223J01ET2;10.6364;10.6364;10.6364;07-Jul-2015
116394;DWS Treasury Fund - Investment Plan - Quarterly Dividend;INF223J01KT9;INF223J01KU7;11.8605;11.8605;11.8605;07-Jul-2015
112967;DWS Treasury Fund - Investment Plan - Weekly Dividend;INF223J01EU0;INF223J01EV8;10.0858;10.0858;10.0858;07-Jul-2015

Edelweiss Mutual Fund
109935;Edelweiss Liquid Fund - Daily Dividend Option;;INF754K01BG7;1000.0000;1000.0000;1000.0000;07-Jul-2015
118712;Edelweiss Liquid Fund - Direct Plan- Monthly Dividend Option;INF754K01CY8;INF754K01DA6;1001.2649;1001.2649;1001.2649;07-Jul-2015
109946;Edelweiss Liquid Fund - Growth Option;INF754K01BC6;;1390.5721;1390.5721;1390.5721;07-Jul-2015
109944;Edelweiss Liquid Fund - Monthly Dividend Option;INF754K01BD4;INF754K01BF9;1001.2566;1001.2566;1001.2566;07-Jul-2015
109934;Edelweiss Liquid Fund - Retail Plan - Daily Dividend Option;;INF754K01AS4;1000.0000;1000.0000;1000.0000;07-Jul-2015
109940;Edelweiss Liquid Fund - Retail Plan - Growth Option;INF754K01AO3;;1572.9550;1572.9550;1572.9550;07-Jul-2015
109939;Edelweiss Liquid Fund - Retail Plan - Monthly Dividend Option;INF754K01AP0;INF754K01AR6;1001.0970;1001.0970;1001.0970;07-Jul-2015
109937;Edelweiss Liquid Fund - Retail Plan - Weekly Dividend Option;;INF754K01AT2;1000.5905;1000.5905;1000.5905;07-Jul-2015
109942;Edelweiss Liquid Fund - Weekly Dividend Option;;INF754K01BH5;1000.6663;1000.6663;1000.6663;07-Jul-2015
118637;Edelweiss Liquid Fund-Direct Plan-Daily Dividend Option;;INF754K01DB4;1000.0000;1000.0000;1000.0000;07-Jul-2015
118636;Edelweiss Liquid Fund-Direct Plan-Growth Option;INF754K01CX0;;1394.1665;1394.1665;1394.1665;07-Jul-2015

Invesco Mutual Fund
122792;Religare Invesco Overnight Fund - Bonus Option;INF205K01UY3;;1658.8930;1658.8930;1658.8930;07-Jul-2015
106502;Religare Invesco Overnight Fund - Daily Dividend Reinvestment;;INF205K01HS2;1024.1240;1024.1240;1024.1240;07-Jul-2015
122793;Religare Invesco Overnight Fund - Direct Plan - Bonus Option;INF205K01VH6;;1667.1332;1667.1332;1667.1332;07-Jul-2015
120556;Religare Invesco Overnight Fund - Direct Plan - Daily Dividend Reinvestment;;INF205K01NC4;1000.0100;1000.0100;1000.0100;07-Jul-2015
120557;Religare Invesco Overnight Fund - Direct Plan - Growth;INF205K01ND2;;1667.2061;1667.2061;1667.2061;07-Jul-2015
106501;Religare Invesco Overnight Fund - Growth;INF205K01HR4;;1658.9358;1658.9358;1658.9358;07-Jul-2015

JM Financial Mutual Fund
122314;JM Floater Short Term Fund (Direct) - Bonus Option - Principal Units;INF192K01EV3;;22.0887;22.0887;22.0887;07-Jul-2015
120414;JM Floater Short Term Fund (Direct) - Daily Dividend Option;;INF192K01CF0;10.0888;10.0888;10.0888;07-Jul-2015
120415;JM Floater Short Term Fund (Direct) - Growth Option;INF192K01CG8;;22.0485;22.0485;22.0485;07-Jul-2015
133413;JM Floater Short Term Fund (Direct) - Monthly Dividend Option;INF192K01IT8;INF192K01IU6;10.3855;10.3855;10.3855;07-Jul-2015
133391;JM Floater Short Term Fund - (Direct) - Half Yearly Bonus Option - Principal Units;INF192K01IX0;;22.1040;22.1040;22.1040;07-Jul-2015
122322;JM Floater Short Term Fund - Bonus Option - Principal Units;INF192K01ET7;;22.0177;22.0177;22.0177;07-Jul-2015
101420;JM Floater Short Term Fund - Daily Dividend Option;;INF192K01767;10.0883;10.0883;10.0883;07-Jul-2015
101421;JM Floater Short Term Fund - Growth Option;INF192K01775;;21.9737;21.9737;21.9737;07-Jul-2015
133393;JM Floater Short Term Fund - Half Yearly Bonus Option - Principal Units;INF192K01IV4;;22.0177;22.0177;22.0177;07-Jul-2015
133392;JM Floater Short Term Fund - Monthly Dividend Option;INF192K01IR2;INF192K01IS0;10.5321;10.5321;10.5321;07-Jul-2015

JPMorgan Mutual Fund
119903;JPMorgan India Liquid Fund - Direct Plan - Bonus Option;INF843K01BJ2;;10.8047;10.8047;10.8047;07-Jul-2015
119902;JPMorgan India Liquid Fund - Direct Plan - Daily Dividend Option;;INF843K01BA1;10.0101;10.0101;10.0101;07-Jul-2015
119905;JPMorgan India Liquid Fund - Direct Plan - Growth Option;INF843K01AX5;;18.5715;18.5715;18.5715;07-Jul-2015
119904;JPMorgan India Liquid Fund - Direct Plan - Weekly Dividend Option;INF843K01BF0;INF843K01BB9;10.148;10.148;10.148;07-Jul-2015
106562;JPMorgan India Liquid Fund - Retail Plan - Daily Dividend Option;;INF843K01203;10.019;10.019;10.019;07-Jul-2015
106561;JPMorgan India Liquid Fund - Retail Plan - Growth Option;INF843K01195;;16.8586;16.8586;16.8586;07-Jul-2015
109179;JPMorgan India Liquid Fund - Retail Plan - Monthly Dividend Option;;INF843K01237;10.05;10.05;10.05;07-Jul-2015
109177;JPMorgan India Liquid Fund - Retail Plan - Weekly Dividend Option;;INF843K01211;10.0346;10.0346;10.0346;07-Jul-2015
117751;JPMorgan India Liquid Fund - Super Institutional Plan - Annual Dividend Option;INF843K01831;INF843K01823;12.8097;12.8097;12.8097;07-Jul-2015
117752;JPMorgan India Liquid Fund - Super Institutional Plan - Bonus Option;INF843K01849;;10.7857;10.7857;10.7857;07-Jul-2015
110149;JPMorgan India Liquid Fund - Super Institutional Plan - Daily Dividend Option;;INF843K01153;10.0279;10.0279;10.0279;07-Jul-2015
110152;JPMorgan India Liquid Fund - Super Institutional Plan - Fortnightly Dividend Option;INF843K01492;INF843K01179;10.1977;10.1977;10.1977;07-Jul-2015
110150;JPMorgan India Liquid Fund - Super Institutional Plan - Growth Option;INF843K01146;;18.5151;18.5151;18.5151;07-Jul-2015
110151;JPMorgan India Liquid Fund - Super Institutional Plan - Monthly Dividend Option;INF843K01500;INF843K01187;10.0589;10.0589;10.0589;07-Jul-2015
110153;JPMorgan India Liquid Fund - Super Institutional Plan - Weekly Dividend Option;INF843K01484;INF843K01161;10.1954;10.1954;10.1954;07-Jul-2015

PGIM India Mutual Fund
120102;DHFL Pramerica Liquid Fund - Direct Plan-Daily Dividend Option;;INF663L01633;1000.5500;1000.5500;1000.5500;07-Jul-2015
120104;DHFL Pramerica Liquid Fund - Direct Plan-Growth Option;INF663L01625;;1527.8009;1527.8009;1527.8009;07-Jul-2015
120105;DHFL Pramerica Liquid Fund - Direct Plan-Monthly Dividend Option;INF663L01682;INF663L01666;1002.5109;1002.5109;1002.5109;07-Jul-2015
120106;DHFL Pramerica Liquid Fund - Direct Plan-Weekly Dividend - Option;;INF663L01641;1000.1454;1000.1454;1000.1454;07-Jul-2015
113184;DHFL Pramerica Liquid Fund - Dividend Option - Daily;;INF663L01088;1000.8000;1000.8000;1000.8000;07-Jul-2015
113187;DHFL Pramerica Liquid Fund - Dividend Option - Fortnightly;INF663L01120;INF663L01104;1002.4709;1002.4709;1002.4709;07-Jul-2015
113186;DHFL Pramerica Liquid Fund - Dividend Option - Monthly;INF663L01138;INF663L01112;1002.4683;1002.4683;1002.4683;07-Jul-2015
113183;DHFL Pramerica Liquid Fund - Growth Option;INF663L01070;;1524.6968;1524.6968;1524.6968;07-Jul-2015
113185;DHFL Pramerica Liquid Fund -Dividend Option- Weekly;;INF663L01096;1000.0563;1000.0563;1000.0563;07-Jul-2015
122257;DHFL Pramerica Liquid Fund-Bonus Option;INF663L01BD5;;1524.2438;1524.2438;1524.2438;07-Jul-2015

Sahara Mutual Fund
101397;Sahara Liquid Fund-Fixed Pricing -  Weekly Dividend Option;;INF515L01064;1027.4373;1027.4373;1027.4373;07-Jul-2015
101393;Sahara Liquid Fund-Fixed Pricing - Daily Dividend Option;;INF515L01049;1038.5719;1038.5719;1038.5719;07-Jul-2015
120265;Sahara Liquid Fund-Fixed Pricing - Direct - Weekly Dividend Option;;INF515L01668;1027.4373;1027.4373;1027.4373;07-Jul-2015
120262;Sahara Liquid Fund-Fixed Pricing - Direct -Growth option;INF515L01650;;2532.9020;2532.9020;2532.9020;07-Jul-2015
101394;Sahara Liquid Fund-Fixed Pricing - Growth option;INF515L01056;;2531.8476;2531.8476;2531.8476;07-Jul-2015
101398;Sahara Liquid Fund-Fixed Pricing - Monthly Dividend Option;;INF515L01072;1043.3721;1043.3721;1043.3721;07-Jul-2015
120253;Sahara Liquid Fund-Fixed Pricing -Direct - Daily Dividend Option- Direct;;INF515L01643;1038.5719;1038.5719;1038.5719;07-Jul-2015
120266;Sahara Liquid Fund-Fixed Pricing -Direct - Monthly Dividend Option;;INF515L01676;1043.3721;1043.3721;1043.3721;07-Jul-2015
101399;Sahara Liquid Fund-Variable Pricing - Daily Dividend option;;INF515L01080;1038.6445;1038.6445;1038.6445;07-Jul-2015
101402;Sahara Liquid Fund-Variable Pricing - Growth option;INF515L01114;;2565.7761;2565.7761;2565.7761;07-Jul-2015
101400;Sahara Liquid Fund-Variable Pricing - Weekly Dividend Option;;INF515L01098;1045.3621;1045.3621;1045.3621;07-Jul-2015
120271;Sahara Liquid Fund-Variable Pricing -Direct - Daily Dividend option;;INF515L01684;1038.8267;1038.8267;1038.8267;07-Jul-2015
120280;Sahara Liquid Fund-Variable Pricing -Direct - Growth option;INF515L01718;;2567.6272;2567.6272;2567.6272;07-Jul-2015
120272;Sahara Liquid Fund-Variable Pricing -Direct - Weekly Dividend Option;;INF515L01692;1045.3621;1045.3621;1045.3621;07-Jul-2015
120273;Sahara Liquid Fund-Variable Pricing- Direct - Monthly Dividend Option;;INF515L01700;1055.8972;1055.8972;1055.8972;07-Jul-2015
101401;Sahara Liquid Fund-Variable Pricing- Monthly Dividend Option;;INF515L01106;1049.6336;1049.6336;1049.6336;07-Jul-2015

Tata Mutual Fund
101987;Tata Liquid Fund Reglar Plan - Monthly Dividend;INF277K01LR5;INF277K01LS3;1002.4305;1002.4305;1002.4305;07-Jul-2015
101861;Tata Liquid Fund-Regular Plan  - Weekly Dividend;INF277K016C5;;1000.6798;1000.6798;1000.6798;07-Jul-2015
101984;Tata Liquid High Investment Plan - Daily;;;1114.3379;1114.3379;1114.3379;07-Jul-2015
101860;Tata Liquid High Investment Plan - Growth;INF277K01LN4;;2325.9532;2325.9532;2325.9532;07-Jul-2015
101985;Tata Liquid High Investment Plan - Monthly;INF277K01LO2;INF277K01LP9;1021.9131;1021.9131;1021.9131;07-Jul-2015
101859;Tata Liquid High Investment Plan - Weekly;;;1146.5173;1146.5173;1146.5173;07-Jul-2015
101982;Tata Liquid Retail Investment PLan - Daily;;;1116.8143;1116.8143;1116.8143;07-Jul-2015
101983;Tata Liquid Retail Investment Plan - Fortnightly;;;1147.5000;1147.5000;1147.5000;07-Jul-2015
101858;Tata Liquid Retail Investment Plan - Growth;INF277K01LM6;;3173.6668;3173.6668;3173.6668;07-Jul-2015
103631;Tata Liquidity Management Fund - Regular Plan - Daily Dividend;;;1002.6089;1002.6089;1002.6089;07-Jul-2015
103632;Tata Liquidity Management Fund - Regular Plan - Growth;INF277K01LW5;;1906.6972;1906.6972;1906.6972;07-Jul-2015
103519;Tata Liquidity Management Fund - Regular Plan  -Weekly Dividend;;;1005.5037;1005.5037;1005.5037;07-Jul-2015
119443;Tata Liquidity Management Fund- Direct Plan-Daily Dividend;;;1002.6089;1002.6089;1002.6089;07-Jul-2015
119444;Tata Liquidity Management Fund- Direct Plan-Growth;INF277K01PU0;;1909.1765;1909.1765;1909.1765;07-Jul-2015
119442;Tata Liquidity Management Fund- Direct Plan-Weekly Dividend;;;1005.5035;1005.5035;1005.5035;07-Jul-2015

Open Ended Schemes ( Money Market )


quant Mutual Fund
103094;Escorts Mutual Fund Unclaimed Dundee Balanced Fund;;;0;0;0;07-Jul-2015
103093;Escorts Mutual Fund Unclaimed Dundee Corporate Bond Fund-Annual Dividend;;;0;0;0;07-Jul-2015
103089;Escorts Mutual Fund Unclaimed Dundee Corporate Bond Fund-Appreciation;;;0;0;0;07-Jul-2015
103092;Escorts Mutual Fund Unclaimed Dundee Corporate Bond Fund-Half Yearly Dividend;;;0;0;0;07-Jul-2015
103090;Escorts Mutual Fund Unclaimed Dundee Corporate Bond Fund-Monthly Dividend;;;0;0;0;07-Jul-2015
103091;Escorts Mutual Fund Unclaimed Dundee Corporate Bond Fund-Quarterly Dividend;;;0;0;0;07-Jul-2015
103041;Escorts Mutual Fund Unclaimed Dundee Liquidity Fund-Appreciation;;;0;0;0;07-Jul-2015
103042;Escorts Mutual Fund Unclaimed Dundee Liquidity Fund-Dividend;;;0;0;0;07-Jul-2015
103047;Escorts Mutual Fund Unclaimed Dundee PSU Bond Fund-Annual Dividend;;;0;0;0;07-Jul-2015
103043;Escorts Mutual Fund Unclaimed Dundee PSU Bond Fund-Appreciation;;;0;0;0;07-Jul-2015
103046;Escorts Mutual Fund Unclaimed Dundee PSU Bond Fund-Half Yearly Dividend;;;0;0;0;07-Jul-2015
103044;Escorts Mutual Fund Unclaimed Dundee PSU Bond Fund-Monthly Dividend;;;0;0;0;07-Jul-2015
103045;Escorts Mutual Fund Unclaimed Dundee PSU Bond Fund-Quarterly Dividend;;;0;0;0;07-Jul-2015
103033;Escorts Mutual Fund Unclaimed Dundee Sovereign Trust-Annual Dividend;;;0;0;0;07-Jul-2015
103029;Escorts Mutual Fund Unclaimed Dundee Sovereign Trust-Appreciation;;;0;0;0;07-Jul-2015
103032;Escorts Mutual Fund Unclaimed Dundee Sovereign Trust-Half Yearly Dividend;;;0;0;0;07-Jul-2015
103030;Escorts Mutual Fund Unclaimed Dundee Sovereign Trust-Monthly Dividend;;;0;0;0;07-Jul-2015
103095;Escorts Mutual Fund Unclaimed Dundee Tax Saver Fund;;;0;0;0;07-Jul-2015

Tata Mutual Fund
102152;Tata Money Market Fund Regular (Bonus / Dividend);;;1014.8825;1014.8825;1014.8825;07-Jul-2015
102153;Tata Money Market Fund Regular (Growth);INF277K01LY1;;2226.8919;2226.8919;2226.8919;07-Jul-2015

Open Ended Schemes ( Gilt )


Aditya Birla Sun Life Mutual Fund
123864;Aditya Birla Sin Life Government Securities Fund - Short Term Plan - Weekly Dividend - Regular Plan;;;10.0127;10.0127;10.0127;07-Jul-2015
119530;Aditya Birla Sun Life Government Securities Fund - Short Term Plan - Daily Dividend - Direct Plan;;;10.8029;10.8029;10.8029;07-Jul-2015
119529;Aditya Birla Sun Life Government Securities Fund - Short Term Plan - Growth - Direct Plan;INF209K01YI0;;11.8804;11.8804;11.8804;07-Jul-2015
103190;Aditya Birla Sun Life Government Securities Fund - Short Term Plan - Growth - Regular Plan;INF209K01BD9;;26.1475;26.1475;26.1475;07-Jul-2015
110515;Aditya Birla Sun Life Government Seurities Fund - Short Term Plan - Daily Dividend - Regular Plan;INF209K01BB3;;10.0031;10.0031;10.0031;07-Jul-2015

Bandhan Mutual Fund
108752;BANDHAN GSF - Investment Plan - Growth;INF194K01DP3;;28.0880;28.0880;28.0880;07-Jul-2015
108754;BANDHAN GSF - Investment Plan - Half Yearly Dividend;INF194K01DR9;INF194K01DQ1;11.2828;11.2828;11.2828;07-Jul-2015
108643;BANDHAN GSF - Investment Plan - Quarterly Dividend;INF194K01DX7;INF194K01DW9;14.1515;14.1515;14.1515;07-Jul-2015
118764;IDFC  Government Securities Fund - Provident Fund -Direct Plan-Annual Dividend;INF194K01O88;INF194K01O70;12.1188;12.1188;12.1188;07-Jul-2015
118766;IDFC  Government Securities Fund - Provident Fund -Direct Plan-Growth;INF194K01O62;;24.3913;24.3913;24.3913;07-Jul-2015
118765;IDFC  Government Securities Fund - Provident Fund -Direct Plan-Quarterly Dividend;INF194K01P12;INF194K01P04;12.3659;12.3659;12.3659;07-Jul-2015
131392;IDFC GSF -PF -Direct Plan_Periodic Dividend;INF194KA1SF9;INF194KA1SG7;11.2437;11.2437;11.2437;07-Jul-2015
131393;IDFC GSF -PF -Regular Plan_Periodic Dividend;INF194KA1SC6;INF194KA1SD4;11.2327;11.2327;11.2327;07-Jul-2015
108659;IDFC GSF-Provident Fund-Inst Plan B-Growth;INF194K01ET3;;24.6228;24.6228;24.6228;07-Jul-2015
108660;IDFC GSF-Provident Fund-Inst Plan B-Quarterly Dividend;INF194K01EY3;INF194K01EX5;11.2384;11.2384;11.2384;07-Jul-2015
108663;IDFC GSF-Provident Fund-Regular Plan-Annual Dividend;INF194K01EO4;INF194K01EN6;10.9450;10.9450;10.9450;07-Jul-2015
108661;IDFC GSF-Provident Fund-Regular Plan-Growth;INF194K01EM8;;24.0400;24.0400;24.0400;07-Jul-2015
108662;IDFC GSF-Provident Fund-Regular Plan-Quarterly Dividend;INF194K01ER7;INF194K01EQ9;11.9743;11.9743;11.9743;07-Jul-2015

BNP Paribas Mutual Fund
122393;BNP Paribas Government Securities Fund - Annual dividend option;INF251K01JB8;INF251K01JL7;10.0819;10.0819;10.0819;07-Jul-2015
122291;BNP Paribas Government Securities Fund - Calendar quarterly dividend option;INF251K01JC6;INF251K01JM5;10.1245;10.1245;10.1245;07-Jul-2015
122376;BNP Paribas Government Securities Fund - Direct Plan - Annual dividend option;INF251K01JK9;INF251K01JS2;10.1055;10.1055;10.1055;07-Jul-2015
122374;BNP Paribas Government Securities Fund - Direct Plan - Growth Option;INF251K01JG7;;12.2748;12.2748;12.2748;07-Jul-2015
122400;BNP Paribas Government Securities Fund - Direct Plan - Monthly Dividend Option;INF251K01JH5;INF251K01JP8;10.0000;10.0000;10.0000;07-Jul-2015
122289;BNP Paribas Government Securities Fund - Growth Option;INF251K01JF9;;12.0764;12.0764;12.0764;07-Jul-2015
122290;BNP Paribas Government Securities Fund -Monthly dividend option;INF251K01JE2;INF251K01JO1;9.9913;9.9913;9.9913;07-Jul-2015

Canara Robeco Mutual Fund
118296;Canara Robeco Gilt Advantage Fund - Direct Plan - Dividend Option;INF760K01EU9;INF760K01EV7;13.1587;13.1587;13.1587;07-Jul-2015
118297;Canara Robeco Gilt Advantage Fund - Direct Plan - Growth Option;INF760K01EW5;;13.9766;13.9766;13.9766;07-Jul-2015
114683;Canara Robeco Gilt Advantage Fund - Regular Plan - Dividend;INF760K01BD1;INF760K01BC3;13.0128;13.0128;13.0128;07-Jul-2015
114682;Canara Robeco Gilt Advantage Fund - Regular Plan - Growth;INF760K01BB5;;13.8263;13.8263;13.8263;07-Jul-2015

Deutsche Mutual Fund
114974;DWS Gilt Fund - Bonus;INF223J01AR4;;12.427;12.427;12.427;07-Jul-2015
119056;DWS Gilt Fund - Direct Plan - Dividend;INF223J01NB1;INF223J01NC9;12.695;12.695;12.695;07-Jul-2015
119054;DWS Gilt Fund - Direct Plan - Growth;INF223J01ND7;;15.5768;15.5768;15.5768;07-Jul-2015
122224;DWS Gilt Fund - Direct Plan - Half Yearly Bonus;INF223J01VM1;;10.4127;10.4127;10.4127;07-Jul-2015
110703;DWS Gilt Fund - Dividend;INF223J01AO1;INF223J01AP8;12.6568;12.6568;12.6568;07-Jul-2015
110706;DWS Gilt Fund - Growth;INF223J01AQ6;;15.4831;15.4831;15.4831;07-Jul-2015
122223;DWS Gilt Fund - Half Yearly Bonus;INF223J01VL3;;10.3424;10.3424;10.3424;07-Jul-2015

Edelweiss Mutual Fund
112053;Edelweiss Gilt Fund - Dividend Option;INF754K01442;INF754K01467;13.0360;13.0360;13.0360;07-Jul-2015
112054;Edelweiss Gilt Fund - Growth Option;INF754K01434;;13.0360;13.0360;13.0360;07-Jul-2015
118631;Edelweiss Gilt Fund -Direct Plan-Growth Option;;;13.0703;13.0703;13.0703;07-Jul-2015
126522;Edelweiss Gilt Fund-Direct Plan-Bonus Option;INF754K01DO7;;13.0703;13.0703;13.0703;07-Jul-2015

HDFC Mutual Fund
119113;HDFC Gilt Fund Short Term Plan -Direct Plan - Dividend Option;INF179K01VU6;INF179K01VW2;11.2203;11.2203;11.2203;07-Jul-2015
119114;HDFC Gilt Fund Short Term Plan -Direct Plan - Growth Option;INF179K01VV4;;23.2949;23.2949;23.2949;07-Jul-2015
101081;HDFC Gilt Fund-Short Term-Dividend;INF179K01780;INF179K01798;11.1307;11.1307;11.1307;07-Jul-2015
101082;HDFC Gilt Fund-Short Term-Growth;INF179K01806;;23.1298;23.1298;23.1298;07-Jul-2015

HSBC Mutual Fund
102065;HSBC Gilt Fund  - Dividend;INF336L01735;INF336L01727;15.7756;15.7756;15.7756;07-Jul-2015
102066;HSBC Gilt Fund  - Growth;INF336L01719;;17.8896;17.8896;17.8896;07-Jul-2015
110457;HSBC Gilt Fund - Dividend - Weekly;;INF336L01743;9.939;9.939;9.939;07-Jul-2015
120057;HSBC Gilt Fund - Growth Direct;INF336L01DA0;;18.1217;18.1217;18.1217;07-Jul-2015

ICICI Prudential Mutual Fund
120606;ICICI Prudential Gilt Fund Investment Plan PF Option - Direct Plan - Half Yearly Dividend;INF109K019C3;INF109K010D0;10.4790;10.4790;10.4790;07-Jul-2015
120605;ICICI Prudential Gilt Fund Investment Plan PF Option - Direct Plan -Growth Option;INF109K011D8;;27.5912;27.5912;27.5912;07-Jul-2015
102060;ICICI Prudential Gilt Fund Investment Plan PF Option - Growth;INF109K01JS2;;27.3791;27.3791;27.3791;07-Jul-2015
118019;ICICI Prudential Gilt Fund Investment Plan PF Option - Half Yearly Dividend;INF109K01I15;INF109K01I07;10.8153;10.8153;10.8153;07-Jul-2015
130901;ICICI Prudential Gilt Investment PF Option - Bonus;INF109KA1C31;;11.0127;11.0127;11.0127;07-Jul-2015
130954;ICICI Prudential Gilt Investment PF Option - Direct Plan Bonus;INF109KA1C23;;11.2633;11.2633;11.2633;07-Jul-2015
120610;ICICI Prudential Gilt Fund Treasury Plan PF Option - Direct Plan - Quarterly Dividend;INF109K019D1;INF109K010E8;10.0291;9.9790;10.0291;07-Jul-2015
120611;ICICI Prudential Gilt Fund Treasury Plan PF Option - Direct Plan -Growth Option;INF109K011E6;;19.4378;19.3406;19.4378;07-Jul-2015
102248;ICICI Prudential Gilt Fund Treasury Plan PF Option - Growth;INF109K01KA8;;19.2351;19.1389;19.2351;07-Jul-2015
118022;ICICI Prudential Gilt Fund Treasury Plan PF Option - Quarterly Dividend;INF109K01I49;INF109K01I23;10.0184;9.9683;10.0184;07-Jul-2015
130905;ICICI Prudential Gilt Treasury PF Option - Bonus;INF109KA1C56;;9.9960;9.9460;9.9960;07-Jul-2015

Invesco Mutual Fund
122800;Religare Invesco GILT Fund - Short Duration Plan - Bonus Option;INF205K01VC7;;1575.2041;1575.2041;1575.2041;07-Jul-2015
122801;Religare Invesco GILT Fund - Short Duration Plan - Direct Plan - Bonus Option;INF205K01VL8;;1589.6697;1589.6697;1589.6697;07-Jul-2015
120525;Religare Invesco GILT Fund - Short Duration Plan - Direct Plan - Growth;INF205K01SV3;;1589.7404;1589.7404;1589.7404;07-Jul-2015
120526;Religare Invesco GILT Fund - Short Duration Plan - Direct Plan - Monthly Dividend;INF205K01SW1;INF205K01SX9;1125.0941;1125.0941;1125.0941;07-Jul-2015
120527;Religare Invesco GILT Fund - Short Duration Plan - Direct Plan - Weekly Dividend;;INF205K01SY7;1054.2894;1054.2894;1054.2894;07-Jul-2015
107481;Religare Invesco GILT Fund - Short Duration Plan - Growth;INF205K01SZ4;;1575.2828;1575.2828;1575.2828;07-Jul-2015
107480;Religare Invesco GILT Fund - Short Duration Plan - Monthly Dividend;INF205K01TA5;INF205K01TB3;1135.1009;1135.1009;1135.1009;07-Jul-2015
107479;Religare Invesco GILT Fund - Short Duration Plan - Weekly Dividend;;INF205K01TC1;1049.9756;1049.9756;1049.9756;07-Jul-2015

JPMorgan Mutual Fund
127152;JPMorgan India Government Securities Fund - Direct Plan - Growth Option;INF843K01GS2;;11.8052;11.6871;11.8052;07-Jul-2015
127158;JPMorgan India Government Securities Fund - Direct Plan - Weekly Dividend Option;;INF843K01GW4;10.4512;10.3467;10.4512;07-Jul-2015
127164;JPMorgan India Government Securities Fund - Regular Plan - Annual Dividend Option;INF843K01HL5;INF843K01HK7;11.7445;11.6271;11.7445;07-Jul-2015
127155;JPMorgan India Government Securities Fund - Regular Plan - Dividend Option;INF843K01HE0;INF843K01HF7;11.7474;11.6299;11.7474;07-Jul-2015
127151;JPMorgan India Government Securities Fund - Regular Plan - Growth Option;INF843K01HC4;;11.7396;11.6222;11.7396;07-Jul-2015
127161;JPMorgan India Government Securities Fund - Regular Plan - Monthly Dividend Option;INF843K01HJ9;INF843K01HI1;10.4805;10.3757;10.4805;07-Jul-2015
127157;JPMorgan India Government Securities Fund - Regular Plan - Weekly Dividend Option;;INF843K01HG5;10.4189;10.3147;10.4189;07-Jul-2015

Motilal Oswal Mutual Fund
119860;MOSt 10 Year Gilt Fund - Direct Plan - Dividend;INF247L01148;INF247L01130;11.5976;11.5976;11.5976;07-Jul-2015
119859;MOSt 10 Year Gilt Fund - Direct Plan - Growth;INF247L01122;;12.4115;12.4115;12.4115;07-Jul-2015
116205;MOSt 10 Year Gilt Fund - Dividend;INF247L01064;INF247L01056;11.4360;11.4360;11.4360;07-Jul-2015
116203;MOSt 10 Year Gilt Fund - Growth;INF247L01049;;12.3216;12.3216;12.3216;07-Jul-2015

Principal Mutual Fund
119454;Principal Government Securities Fund- Direct Plan - Dividend Option - Quarterly;INF173K01GF1;INF173K01GG9;11.9517;11.9517;11.9517;07-Jul-2015
119456;Principal Government Securities Fund- Direct Plan - Dividend Option- Annually;INF173K01GB0;INF173K01GC8;14.9190;14.9190;14.9190;07-Jul-2015
119453;Principal Government Securities Fund-Direct Plan - Growth Option;INF173K01GE4;;28.2655;28.2655;28.2655;07-Jul-2015
101117;Principal Government Securities Fund-Dividend Option - Quarterly;INF173K01AN8;INF173K01AO6;11.9017;11.9017;11.9017;07-Jul-2015
101119;Principal Government Securities Fund-Dividend Option- Annually;INF173K01AQ1;INF173K01AR9;14.4310;14.4310;14.4310;07-Jul-2015
101118;Principal Government Securities Fund-Growth;INF173K01AM0;;27.9170;27.9170;27.9170;07-Jul-2015

Sahara Mutual Fund
101171;Sahara Gilt Fund-Dividend;INF515L01122;INF515L01130;19.8249;19.8249;19.8249;07-Jul-2015
120281;Sahara Gilt Fund-Dividend- Direct;INF515L01726;INF515L01734;19.8249;19.8249;19.8249;07-Jul-2015
101170;Sahara Gilt Fund-Growth;INF515L01148;;23.7778;23.7778;23.7778;07-Jul-2015
120284;Sahara Gilt Fund-Growth - Direct;INF515L01742;;23.7891;23.7891;23.7891;07-Jul-2015

SBI Mutual Fund
125509;SBI Benchmark Gsec Fund - Direct Plan - Dividend Option;INF200K01U25;INF200K01U33;1256.8587;1256.8587;1256.8587;07-Jul-2015
125510;SBI Benchmark Gsec Fund - Direct Plan- Growth Option;INF200K01U17;;1450.1029;1450.1029;1450.1029;07-Jul-2015
125508;SBI Benchmark Gsec Fund - Regular Plan - Dividend Option;INF200K01T93;INF200K01U09;1253.3175;1253.3175;1253.3175;07-Jul-2015
125506;SBI Benchmark Gsec Fund - Regular Plan - Growth Option;INF200K01T85;;1444.2611;1444.2611;1444.2611;07-Jul-2015

Tata Mutual Fund
101828;Tata Gilt Securities Short Maturity Fund -Regular Fund-Quarterly DIvidend;INF277K01DP6;INF277K01568;11.7994;11.7994;11.7994;07-Jul-2015
101883;Tata Gilt Securities Short Maturity Fund -Regular Plan-Growth;INF277K01576;;22.1004;22.1004;22.1004;07-Jul-2015
119956;Tata Gilt Short Maturity Fund - Direct Plan - Dividend;INF277K01RA8;INF277K01RB6;12.0141;12.0141;12.0141;07-Jul-2015
119955;Tata Gilt Short Maturity Fund - Direct Plan - Growth;INF277K01RC4;;22.4637;22.4637;22.4637;07-Jul-2015

Open Ended Schemes ( ELSS )


Aditya Birla Sun Life Mutual Fund
131741;Aditya Birla Sun Life Tax Savings Fund - Direct Plan - Bonus Option;INF084M01BX0;;51.46;51.46;51.46;07-Jul-2015
131740;Aditya Birla Sun Life Tax Savings Fund - Direct Plan - Dividend Option;INF084M01BV4;INF084M01BW2;25.33;25.33;25.33;07-Jul-2015
131739;Aditya Birla Sun Life Tax Savings Fund - Direct Plan - Growth Option;INF084M01BU6;;51.54;51.54;51.54;07-Jul-2015
131738;Aditya Birla Sun Life Tax Savings Fund - Regular Plan - Bonus Option;INF084M01333;;50.37;50.37;50.37;07-Jul-2015
131737;Aditya Birla Sun Life Tax Savings Fund - Regular Plan - Dividend Option;INF084M01317;INF084M01325;24.81;24.81;24.81;07-Jul-2015
131736;Aditya Birla Sun Life Tax Savings Fund - Regular Plan - Growth Option;INF084M01309;;50.30;50.30;50.30;07-Jul-2015

Deutsche Mutual Fund
114971;DWS Tax Saving Fund - Bonus;INF223J01887;;14.35;14.35;14.35;07-Jul-2015
118948;DWS Tax Saving Fund - Direct Plan - Bonus;INF223J01PD2;;14.45;14.45;14.45;07-Jul-2015
118947;DWS Tax Saving Fund - Direct Plan - Dividend;INF223J01QY6;INF223J01QZ3;21.59;21.59;21.59;07-Jul-2015
118946;DWS Tax Saving Fund - Direct Plan - Growth;INF223J01RA4;;23.19;23.19;23.19;07-Jul-2015
103559;DWS TAX SAVING FUND-DIVIDEND;INF223J01333;INF223J01341;19.62;19.62;19.62;07-Jul-2015
103558;DWS TAX SAVING FUND-GROWTH;INF223J01358;;22.57;22.57;22.57;07-Jul-2015

JPMorgan Mutual Fund
119870;JPMorgan India Tax Advantage Fund - Direct Plan - Dividend Option;INF843K01AS5;INF843K01AT3;24.747;24.747;24.747;07-Jul-2015
119871;JPMorgan India Tax Advantage Fund - Direct Plan - Growth Option;INF843K01AR7;;32.88;32.88;32.88;07-Jul-2015
111678;JPMorgan India Tax Advantage Fund - Regular Plan - Dividend Option;INF843K01112;INF843K01120;24.034;24.034;24.034;07-Jul-2015
111677;JPMorgan India Tax Advantage Fund - Regular Plan - Growth Option;INF843K01104;;31.885;31.885;31.885;07-Jul-2015

L&T Mutual Fund
112537;L&T Tax Saver Fund- Regular Plan - Dividend;INF917K01262;INF917K01270;22.11;22.11;22.11;07-Jul-2015
112538;L&T Tax Saver Fund-Regular Plan - Growth;INF917K01288;;25.79;25.79;25.79;07-Jul-2015

Sahara Mutual Fund
100337;SaharaTax Gain-Dividend;INF515L01189;INF515L01197;14.5256;14.3803;14.5256;07-Jul-2015
120290;SaharaTax Gain-Dividend- Direct;INF515L01783;INF515L01791;14.6460;14.4995;14.6460;07-Jul-2015
100338;SaharaTax Gain-Growth;INF515L01205;;62.0152;61.3950;62.0152;07-Jul-2015
120291;SaharaTax Gain-Growth- direct;INF515L01809;;62.5735;61.9478;62.5735;07-Jul-2015

Open Ended Schemes ( Floating Rate )


HDFC Mutual Fund
134209;HDFC Floating Rate Income Fund - Direct Plan - Normal Dividend Option;INF179KA16J1;;10.1205;10.0699;10.1205;07-Jul-2015
134210;HDFC Floating Rate Income Fund - Regular Plan - Normal Dividend Option;INF179KA17J9;;10.1984;10.1474;10.1984;07-Jul-2015
119112;HDFC Floating Rate Income Fund Long -Direct Plan - Growth Option;INF179K01VN1;;24.7957;24.6717;24.7957;07-Jul-2015
119111;HDFC Floating Rate Income Fund Long -Direct Plan - Weekly Dividend Option;;;10.2302;10.1790;10.2302;07-Jul-2015
101671;HDFC Floating Rate Income Fund-Long Term Plan-GROWTH;INF179K01624;;24.7617;24.6379;24.7617;07-Jul-2015
101670;HDFC Floating Rate Income Fund-Long Term Plan-Weekly Dividend Option;;INF179K01616;10.2303;10.1791;10.2303;07-Jul-2015

HSBC Mutual Fund
120055;HSBC Floating Rate - Long Term Plan - Weekly Dividend Direct;;INF336L01CV8;11.2535;11.2535;11.2535;07-Jul-2015
102831;HSBC Floating Rate Fund - Long Term - Dividend - Monthly;INF336L01701;INF336L01693;11.241;11.241;11.241;07-Jul-2015
102830;HSBC Floating Rate Fund - Long Term - Dividend - Weekly;INF336L01628;INF336L01610;11.2703;11.2703;11.2703;07-Jul-2015
102829;HSBC Floating Rate Fund - Long Term - Growth;INF336L01685;;22.2737;22.2737;22.2737;07-Jul-2015
102828;HSBC Floating Rate Fund - Long Term - Regular - Dividend - Monthly;INF336L01669;INF336L01651;10.0284;10.0284;10.0284;07-Jul-2015
111759;HSBC Floating Rate Fund - Long Term - Regular - Dividend - weekly;;INF336L01644;10.0221;10.0221;10.0221;07-Jul-2015
102827;HSBC Floating Rate Fund - Long Term - Regular - Growth;INF336L01636;;21.1409;21.1409;21.1409;07-Jul-2015
122923;HSBC Floating Rate Fund - Long Term -Dividend -Daily;;INF336L01FQ1;10.207;10.207;10.207;07-Jul-2015
120054;HSBC Floating Rate Fund - Long Term Plan - Growth Direct;INF336L01CX4;;22.5495;22.5495;22.5495;07-Jul-2015
120052;HSBC Floating Rate Fund - Long Term Plan - Monthly Dividend Direct;INF336L01CY2;INF336L01CZ9;10.0391;10.0391;10.0391;07-Jul-2015

Tata Mutual Fund
119952;Tata Floating Rate Fund - Long Term Plan - Direct Plan- Growth;INF277K01YG1;;2032.5015;2032.5015;2032.5015;07-Jul-2015
102155;Tata Floating Rate Fund - Long Term Plan- Regular Plan - Growth;INF277K01YF3;;2032.1580;2032.1580;2032.1580;07-Jul-2015
102154;Tata Floating Rate Fund - Regular Plan- Dividend;INF277K01DM3;INF277K01493;1018.1394;1018.1394;1018.1394;07-Jul-2015

Open Ended Schemes ( Fund of Funds - Domestic )


Aditya Birla Sun Life Mutual Fund
131902;Aditya Birla Sun Life 5 Star Multi Manager FoF Scheme - Direct Plan - Dividend Option;INF084M01DZ1;INF084M01EA2;10.0490;10.0490;10.0490;07-Jul-2015
131901;Aditya Birla Sun Life 5 Star Multi Manager FoF Scheme - Direct Plan - Growth Option;INF084M01DY4;;27.4140;27.4140;27.4140;07-Jul-2015
131900;Aditya Birla Sun Life 5 Star Multi Manager FoF Scheme - Regular Plan - Dividend Option;INF084M01AR4;INF084M01AS2;23.4939;23.4939;23.4939;07-Jul-2015
131899;Aditya Birla Sun Life 5 Star Multi Manager FoF Scheme - Regular Plan - Growth Option;INF084M01AQ6;;27.1652;27.1652;27.1652;07-Jul-2015
119492;Aditya Birla Sun Life Asset Allocation - Aggressive Plan - Dividend - Direct Plan;INF209K01S12;;48.8074;48.8074;48.8074;07-Jul-2015
119493;Aditya Birla Sun Life Asset Allocation - Aggressive Plan - Growth - Direct Plan;INF209K01YA7;;53.7617;53.7617;53.7617;07-Jul-2015
119491;Aditya Birla Sun Life Asset Allocation - Moderate Plan - Dividend - Direct Plan;INF209KA1LF7;;44.3226;44.3226;44.3226;07-Jul-2015
119495;Aditya Birla Sun Life Asset Allocation - Moderate Plan - Growth - Direct Plan;INF209K01YC3;;44.3486;44.3486;44.3486;07-Jul-2015
102184;Aditya Birla Sun Life Asset Allocation Fund-Aggressive Plan-Dividend Plan;INF209K01AR1;INF209K01DU9;48.8890;48.8890;48.8890;07-Jul-2015
102185;Aditya Birla Sun Life Asset Allocation Fund-Aggressive Plan-Growth Plan;INF209K01AS9;;53.7650;53.7650;53.7650;07-Jul-2015
102188;Aditya Birla Sun Life Asset Allocation Fund-Conservative Plan-Dividend Plan;INF209K01AV3;INF209K01DW5;30.4626;30.4626;30.4626;07-Jul-2015
102189;Aditya Birla Sun Life Asset Allocation Fund-Conservative Plan-Growth Plan;INF209K01AW1;;30.4626;30.4626;30.4626;07-Jul-2015
102186;Aditya Birla Sun Life Asset Allocation Fund-Moderate Plan-Dividend Plan;INF209K01AT7;INF209K01DV7;44.3232;44.3232;44.3232;07-Jul-2015
102187;Aditya Birla Sun Life Asset Allocation Fund-Moderate Plan-Growth Plan;INF209K01AU5;;44.3228;44.3228;44.3228;07-Jul-2015
119494;Aditya Birla Sun Life Asset Allocation-Conservative Plan - Dividend - Direct Plan;;INF209K01YD1;12.4129;12.4129;12.4129;07-Jul-2015
119490;Aditya Birla Sun Life Asset Allocation-Conservative Plan - Growth - Direct Plan;INF209K01YE9;;30.4623;30.4623;30.4623;07-Jul-2015

Open Ended Schemes ( GOLD ETFs )


Goldman Sachs Mutual Fund
115744;Goldman Sachs Gold Exchange Traded Scheme (GS Gold BeES);INF732E01102;;2440.0496;2440.0496;2440.0496;07-Jul-2015

Nippon India Mutual Fund
107015;R * Shares Gold ETF -Dividend Payout Option;INF733I01010;;2377.4204;2377.4204;2377.4204;07-Jul-2015

Open Ended Schemes ( Other ETFs )


360 ONE Mutual Fund
115912;IIFL NIFTY ETF-GROWTH;INF579M01019;;888.3769;888.3769;888.3769;07-Jul-2015

Goldman Sachs Mutual Fund
128751;CPSE ETF;INF457M01133;;25.4775;25.4775;25.4775;07-Jul-2015
115731;Goldman Sachs Banking Index Exchange Traded Scheme (GS Bank BeES);INF732E01078;;1896.1226;1896.1226;1896.1226;07-Jul-2015
115750;Goldman Sachs CNX Nifty Shariah Exchange Traded Scheme (GS S&P Shariah BeES);INF732E01128;;193.6503;193.6503;193.6503;07-Jul-2015
115751;Goldman Sachs Hang Seng Exchange Traded Scheme (GS Hang Seng BeES);INF732E01227;;2329.2070;2329.2070;2329.2070;07-Jul-2015
115755;Goldman Sachs Infrastructure Exchange Traded Scheme (GS Infra BeES);INF732E01268;;334.8017;334.8017;334.8017;07-Jul-2015
115730;Goldman Sachs Liquid Exchange Traded Scheme (GS Liquid BeES);;INF732E01037;1000.0000;1000.0000;1000.0000;07-Jul-2015
115728;Goldman Sachs Nifty Exchange Traded Scheme (GS Nifty BeES);INF732E01011;;858.2521;858.2521;858.2521;07-Jul-2015
115729;Goldman Sachs Nifty Junior Exchange Traded Scheme (GS Junior BeES);INF732E01045;;205.3819;205.3819;205.3819;07-Jul-2015
115747;Goldman Sachs PSU Bank Exchange Traded Scheme (GS PSU Bank BeES);INF732E01110;;374.7940;374.7940;374.7940;07-Jul-2015

Nippon India Mutual Fund
108410;R * Shares Banking ETF -Dividend Payout Option;INF733I01028;;2033.9954;2033.9954;2033.9954;07-Jul-2015
125274;R*Shares Nifty ETF;INF204KA1EU6;;86.9464;86.9464;86.9464;07-Jul-2015

Open Ended Schemes ( Fund of Funds - Overseas )


Aditya Birla Sun Life Mutual Fund
132121;Aditya Birla Sun Life Latin America Equity Fund - Direct Plan - Dividend Option;INF084M01EL9;INF084M01EM7;8.66;8.57;8.66;07-Jul-2015
132120;Aditya Birla Sun Life Latin America Equity Fund - Direct Plan - Growth Option;INF084M01EK1;;8.66;8.57;8.66;07-Jul-2015
132117;Aditya Birla Sun Life Latin America Equity Fund - Regular Plan - Dividend Option;INF084M01BG5;INF084M01BH3;8.55;8.46;8.55;07-Jul-2015
132118;Aditya Birla Sun Life Latin America Equity Fund - Regular Plan - Growth Option;INF084M01BF7;;8.56;8.47;8.56;07-Jul-2015

Deutsche Mutual Fund
112854;DWS Global Agribusiness Fund - Dividend;INF223J01AS2;INF223J01AT0;15.08;14.93;15.08;07-Jul-2015
112853;DWS Global Agribusiness Fund - Growth;INF223J01AU8;;16.09;15.93;16.09;07-Jul-2015
114970;DWS Global Agribusiness Offshore Fund - Bonus;INF223J01AV6;;13.43;13.30;13.43;07-Jul-2015
118957;DWS Global Agribusiness Offshore Fund - Direct Plan - Dividend;INF223J01NG0;INF223J01NE5;16.39;16.23;16.39;07-Jul-2015
118958;DWS Global Agribusiness Offshore Fund - Direct Plan - Growth;INF223J01NF2;;16.40;16.24;16.40;07-Jul-2015
118953;DWS Top Euroland Offshore Fund - Direct Plan - Bonus;INF223J01NI6;;9.30;9.21;9.30;07-Jul-2015
118952;DWS Top Euroland Offshore Fund - Direct Plan - Dividend;INF223J01NJ4;INF223J01NK2;9.52;9.42;9.52;07-Jul-2015
118951;DWS Top Euroland Offshore Fund - Direct Plan - Growth;INF223J01NL0;;12.32;12.20;12.32;07-Jul-2015
106668;DWS Top Euroland Offshore Fund - Dividend;INF223J01AW4;INF223J01AX2;11.08;10.97;11.08;07-Jul-2015
106667;DWS Top Euroland Offshore Fund - Growth;INF223J01AY0;;12.08;11.96;12.08;07-Jul-2015

JPMorgan Mutual Fund
119878;JPMorgan ASEAN Equity Off-shore Fund - Direct Plan - Growth Option;INF843K01AW7;;16.2;16.038;16.2;07-Jul-2015
115293;JPMorgan ASEAN Equity Off-shore Fund - Regular Plan - Growth Option;INF843K01609;;15.8;15.642;15.8;07-Jul-2015
130268;JPMorgan Emerging Markets Opportunities Equity Offshore Fund - Direct Plan - Growth Option;INF843K01IZ3;;9.5993;9.5033;9.5993;07-Jul-2015
130269;JPMorgan Emerging Markets Opportunities Equity Offshore Fund - Regular Plan - Growth Option;INF843K01IY6;;9.5375;9.4421;9.5375;07-Jul-2015
126619;JPMorgan Europe Dynamic Equity Offshore Fund - Growth Option - Direct Plan;INF843K01GI3;;10.0612;9.9606;10.0612;07-Jul-2015
126618;JPMorgan Europe Dynamic Equity Offshore Fund - Growth Option - Regular Plan;INF843K01GJ1;;9.9444;9.845;9.9444;07-Jul-2015
119872;JPMorgan Greater China Equity Off-shore Fund - Direct Plan - Growth Option;INF843K01AU1;;20.338;20.135;20.338;07-Jul-2015
112084;JPMorgan Greater China Equity Off-shore Fund - Regular Plan - Growth Option;INF843K01138;;19.85;19.652;19.85;07-Jul-2015
123012;JPMorgan US Value Equity Offshore Fund - Direct Plan - Growth Option;INF843K01EC1;;12.3645;12.2409;12.3645;07-Jul-2015
123011;JPMorgan US Value Equity Offshore Fund - Regular Plan - Growth Option;INF843K01ED9;;12.1363;12.0149;12.1363;07-Jul-2015

L&T Mutual Fund
119419;L&T Global Real Assets Fund-Direct Plan-Dividend Option;INF917K01FM9;INF917K01FL1;18.292;18.109;18.292;07-Jul-2015
119420;L&T Global Real Assets Fund-Direct Plan-Growth Option;INF917K01FN7;;18.292;18.109;18.292;07-Jul-2015
118106;L&T Global Real Assets Fund-Regular Plan - Dividend Option;INF677K01197;INF677K01205;17.911;17.732;17.911;07-Jul-2015
118104;L&T Global Real Assets Fund-Regular Plan-Growth Option;INF677K01189;;17.911;17.732;17.911;07-Jul-2015

Mirae Asset Mutual Fund
118832;Mirae Asset China Advantage Fund - Direct Plan - Dividend;INF769K01BG5;INF769K01BH3;15.090;14.788;15.090;07-Jul-2015
118831;Mirae Asset China Advantage Fund - Direct Plan - Growth;INF769K01BF7;;15.119;14.817;15.119;07-Jul-2015
112147;Mirae Asset China Advantage Fund - Regular Plan Growth Option;INF769K01077;;14.843;14.546;14.843;07-Jul-2015
112148;Mirae Asset China Advatage Fund-Regular Plan Dividend;INF769K01093;INF769K01085;14.843;14.546;14.843;07-Jul-2015

Open Ended Schemes ( Equity Scheme - Multi Cap Fund )


Baroda BNP Paribas Mutual Fund
119354;Baroda BNP Paribas MULTI CAP FUND - Direct Plan - Growth Option;INF955L01AG0;;81.53;80.71;81.53;07-Jul-2015
119353;Baroda BNP Paribas MULTI CAP FUND - Direct Plan - IDCW Option;INF955L01AE5;;38.30;37.92;38.30;07-Jul-2015
102020;Baroda BNP Paribas MULTI CAP FUND - Regular Plan - Growth Option;INF955L01674;;79.58;78.78;79.58;07-Jul-2015
102021;Baroda BNP Paribas MULTI CAP FUND - Regular Plan - IDCW Option;INF955L01658;INF955L01666;39.18;38.79;39.18;07-Jul-2015

BNP Paribas Mutual Fund
119988;BNP Paribas MULTI CAP Fund - Direct Plan - Growth Option;INF251K01HK3;;37.4280;37.4280;37.4280;07-Jul-2015
119987;BNP Paribas MULTI CAP Fund - Direct Plan - Income Distribution cum Capital Withdrawal Option;INF251K01HI7;INF251K01HJ5;17.2630;17.2630;17.2630;07-Jul-2015
113460;BNP PARIBAS MULTI CAP Fund-Growth Option;INF251K01951;;36.3020;36.3020;36.3020;07-Jul-2015
113461;BNP PARIBAS MULTI CAP Fund-Income Distribution cum Capital Withdrawal Option;INF251K01977;INF251K01969;16.7100;16.7100;16.7100;07-Jul-2015

ICICI Prudential Mutual Fund
120599;ICICI Prudential Multicap Fund - Direct Plan -  Growth;INF109K014O9;;208.90;206.81;208.90;07-Jul-2015
120598;ICICI Prudential Multicap Fund - Direct Plan -  IDCW;INF109K012O3;INF109K013O1;26.94;26.67;26.94;07-Jul-2015
101228;ICICI Prudential Multicap Fund - Growth;INF109K01613;;205.75;203.69;205.75;07-Jul-2015
101706;ICICI Prudential Multicap Fund - IDCW;INF109K01FK7;INF109K01621;23.77;23.53;23.77;07-Jul-2015

Invesco Mutual Fund
120413;Invesco India Multicap Fund - Direct Plan - Growth Option;INF205K01MS2;;37.22;36.85;37.22;07-Jul-2015
120412;Invesco India Multicap Fund - Direct Plan - IDCW (Payout / Reinvestment);INF205K01MQ6;INF205K01MR4;33.74;33.40;33.74;07-Jul-2015
107353;Invesco India Multicap Fund - Growth Option;INF205K01DN2;;36.16;35.80;36.16;07-Jul-2015
107352;Invesco India Multicap Fund - IDCW (Payout / Reinvestment);INF205K01DO0;INF205K01DP7;32.78;32.45;32.78;07-Jul-2015

L&T Mutual Fund
119291;L&T Flexicap Fund-Direct Plan-Growth;INF917K01FC0;;64.461;63.816;64.461;07-Jul-2015
119290;L&T Flexicap Fund-Direct Plan-IDCW;INF917K01FB2;INF917K01FA4;33.966;33.626;33.966;07-Jul-2015
118043;L&T Flexicap Fund-Regular Plan-Growth;INF677K01031;;63.455;62.820;63.455;07-Jul-2015
118044;L&T Flexicap Fund-Regular Plan-IDCW;INF677K01049;INF677K01056;31.609;31.293;31.609;07-Jul-2015

Nippon India Mutual Fund
118652;NIPPON INDIA MULTI CAP FUND - DIRECT Plan - IDCW Option;INF204K01XD4;INF204K01XE2;39.1667;38.7750;39.1667;07-Jul-2015
118651;Nippon India Multi Cap Fund - Direct Plan Growth Plan - Bonus Option;INF204K01D55;;76.5714;75.8057;76.5714;07-Jul-2015
118650;Nippon India Multi Cap Fund - Direct Plan Growth Plan - Growth Option;INF204K01XF9;;76.5714;75.8057;76.5714;07-Jul-2015
101163;NIPPON INDIA MULTI CAP FUND - IDCW Option;INF204K01455;INF204K01463;33.7926;33.4547;33.7926;07-Jul-2015
106252;Nippon India Multi Cap Fund Institutional Dividend Plan;INF204K01414;INF204K01422;51.2893;50.7764;51.2893;07-Jul-2015
106253;Nippon India Multi Cap Fund Institutional Plan Growth Plan Growth Option;INF204K01448;;19.9340;19.7347;19.9340;07-Jul-2015
101162;Nippon India Multi Cap Fund-Growth Plan-Bonus Option;INF204K01471;;75.1599;74.4083;75.1599;07-Jul-2015
101161;Nippon India Multi Cap Fund-Growth Plan-Growth Option;INF204K01489;;75.1599;74.4083;75.1599;07-Jul-2015

Principal Mutual Fund
119451;Principal Multi Cap Growth Fund - Direct Plan -Half Yearly Income Distribution CUM Capital Withdrawal Option;INF173K01FN7;INF173K01FO5;42.13;41.71;42.13;07-Jul-2015
100966;Principal Multi Cap Growth Fund- Half Yearly Income Distribution CUM Capital Withdrawal Option;INF173K01957;INF173K01965;39.08;38.69;39.08;07-Jul-2015
119452;Principal Multi Cap Growth Fund-Direct Plan - Growth Option;INF173K01FQ0;;99.07;98.08;99.07;07-Jul-2015
100967;Principal Multi Cap Growth Fund-Growth Option;INF173K01940;;97.60;96.62;97.60;07-Jul-2015

quant Mutual Fund
100631;quant Multi Cap Fund-GROWTH OPTION - Regular Plan;INF966L01234;;126.7095;125.4424;126.7095;07-Jul-2015
120823;quant Multi Cap Fund-GROWTH OPTION-Direct Plan;INF966L01614;;127.2588;125.9862;127.2588;07-Jul-2015
120822;quant Multi Cap Fund-IDCW Option - Direct Plan;INF966L01598;INF966L01606;18.1218;17.9406;18.1218;07-Jul-2015
100630;quant Multi Cap Fund-IDCW Option - Regular Plan;INF966L01218;INF966L01226;17.9659;17.7862;17.9659;07-Jul-2015

Open Ended Schemes ( Equity Scheme - Large Cap Fund )


Aditya Birla Sun Life Mutual Fund
119528;Aditya Birla Sun Life Large Cap Fund - Growth - Direct Plan;INF209K01YY7;;169.60;167.06;169.60;07-Jul-2015
119527;Aditya Birla Sun Life Large Cap Fund-DIRECT - IDCW;INF209K01YX9;INF209K01YW1;37.84;37.27;37.84;07-Jul-2015
103174;Aditya Birla Sun Life Large Cap Fund-Growth;INF209K01BR9;;166.09;163.60;166.09;07-Jul-2015
103173;Aditya Birla Sun Life Large Cap Fund-Regular - IDCW;INF209K01BO6;INF209K01EC5;28.84;28.41;28.84;07-Jul-2015

Axis Mutual Fund
120465;Axis Large Cap Fund - Direct Plan - Growth;INF846K01DP8;;20.27;20.07;20.27;07-Jul-2015
120466;Axis Large Cap Fund - Direct Plan - IDCW;INF846K01DN3;INF846K01DO1;15.78;15.62;15.78;07-Jul-2015
112277;Axis Large Cap Fund - Regular Plan - Growth;INF846K01164;;19.72;19.52;19.72;07-Jul-2015
112278;Axis Large Cap Fund - Regular Plan - IDCW;INF846K01172;INF846K01180;15.38;15.23;15.38;07-Jul-2015

Bandhan Mutual Fund
108799;BANDHAN Large Cap Fund - Regular Plan - Growth;INF194K01516;;24.6899;24.6899;24.6899;07-Jul-2015
108800;BANDHAN Large Cap Fund - Regular Plan - IDCW;INF194K01490;INF194K01508;14.2282;14.2282;14.2282;07-Jul-2015
118479;BANDHAN Large Cap Fund-Direct Plan-Growth;INF194K01Z44;;25.0957;25.0957;25.0957;07-Jul-2015
118478;BANDHAN Large Cap Fund-Direct Plan-IDCW;INF194K01Z51;INF194K01Z69;16.4720;16.4720;16.4720;07-Jul-2015

Baroda BNP Paribas Mutual Fund
112943;Baroda Large cap Fund - Plan A - Growth Option;INF955L01633;;12.03;11.91;12.03;07-Jul-2015
112944;Baroda Large cap Fund - Plan A - IDCW Option;INF955L01617;INF955L01625;11.07;10.96;11.07;07-Jul-2015
119367;Baroda Large cap Fund - Plan B (Direct) - Growth Option;INF955L01AJ4;;12.23;12.11;12.23;07-Jul-2015
119366;Baroda Large cap Fund - Plan B (Direct) - IDCW Option;INF955L01AH8;;11.27;11.16;11.27;07-Jul-2015

BNP Paribas Mutual Fund
119893;BNP Paribas LARGE CAP Fund - Direct Plan - Growth Option;INF251K01HN7;;71.7000;71.7000;71.7000;07-Jul-2015
119894;BNP Paribas LARGE CAP Fund - Direct Plan - Income Distribution cum Capital Withdrawal Option;INF251K01HL1;INF251K01HM9;17.6900;17.6900;17.6900;07-Jul-2015
113544;BNP PARIBAS LARGE CAP Fund-Growth Option;INF251K01894;;70.1900;70.1900;70.1900;07-Jul-2015
113545;BNP PARIBAS LARGE CAP Fund-Income Distribution cum Capital Withdrawal Option;INF251K01910;INF251K01902;17.3000;17.3000;17.3000;07-Jul-2015

Canara Robeco Mutual Fund
118269;CANARA ROBECO LARGE CAP FUND - DIRECT PLAN - GROWTH OPTION;INF760K01FR2;;18.2300;18.2300;18.2300;07-Jul-2015
118270;CANARA ROBECO LARGE CAP FUND - DIRECT PLAN - IDCW (Payout/Reinvestment);INF760K01FP6;INF760K01FQ4;18.2200;18.2200;18.2200;07-Jul-2015
113221;CANARA ROBECO LARGE CAP FUND - REGULAR PLAN - GROWTH OPTION;INF760K01AR3;;17.9200;17.9200;17.9200;07-Jul-2015
113222;CANARA ROBECO LARGE CAP FUND - REGULAR PLAN - IDCW (Payout/Reinvestment);INF760K01AS1;INF760K01AT9;16.7000;16.7000;16.7000;07-Jul-2015

DSP Mutual Fund
119250;DSP Large Cap Fund - Direct Plan - Growth;INF740K01PR3;;164.333;162.690;164.333;07-Jul-2015
119249;DSP Large Cap Fund - Direct Plan - IDCW;INF740K01PS1;INF740K01PT9;25.448;25.194;25.448;07-Jul-2015
101635;DSP Large Cap Fund - Regular Plan - Growth;INF740K01243;;162.092;160.471;162.092;07-Jul-2015
101636;DSP Large Cap Fund - Regular Plan - IDCW;INF740K01227;INF740K01235;23.734;23.497;23.734;07-Jul-2015

Edelweiss Mutual Fund
118616;Edelweiss Large Cap Fund - Direct Plan - IDCW Option;INF754K01BT0;INF754K01BU8;19.76;19.56;19.76;07-Jul-2015
118617;Edelweiss Large Cap Fund - Direct Plan-Growth option;INF754K01BW4;;26.98;26.71;26.98;07-Jul-2015
111938;Edelweiss Large Cap Fund - Plan B - IDCW Option;INF754K01053;INF754K01061;27.14;26.87;27.14;07-Jul-2015
111939;Edelweiss Large Cap Fund - Plan C - IDCW Option;INF754K01095;INF754K01103;21.63;21.41;21.63;07-Jul-2015
111940;Edelweiss Large Cap Fund - Regular Plan - Growth Option;INF754K01046;;26.68;26.41;26.68;07-Jul-2015
111936;Edelweiss Large Cap Fund - Regular Plan - IDCW Option;INF754K01012;INF754K01020;17.99;17.81;17.99;07-Jul-2015
111935;Edelweiss Large Cap Fund -Plan B - Growth option;INF754K01087;;26.82;26.55;26.82;07-Jul-2015
111937;Edelweiss Large Cap Fund -Plan C - Growth option;INF754K01129;;26.46;26.20;26.46;07-Jul-2015

Franklin Templeton Mutual Fund
118462;Franklin India BLUECHIP FUND - Direct - IDCW ;INF090I01FO5;INF090I01FP2;43.4866;43.0517;43.4866;07-Jul-2015
100470;Franklin India BLUECHIP FUND - IDCW ;INF090I01155;INF090I01163;42.4985;42.0735;42.4985;07-Jul-2015
118531;Franklin India Bluechip Fund- Direct - Growth;INF090I01FN7;;370.1405;366.4391;370.1405;07-Jul-2015
100471;Franklin India Bluechip Fund-Growth;INF090I01171;;362.7730;359.1453;362.7730;07-Jul-2015

Groww Mutual Fund
119133;Groww Largecap Fund (formerly known as Indiabulls Blue Chip Fund) - Direct Plan - Growth Option;INF666M01600;;15.22;15.07;15.22;07-Jul-2015
116547;Groww Largecap Fund (formerly known as Indiabulls Blue Chip Fund) - Regular Plan- Growth Option;INF666M01162;;14.76;14.61;14.76;07-Jul-2015
119134;Groww Largecap Fund (formerly known as Indiabulls Bluechip Fund)- Direct Plan- - Income Distribution cum capital withdrawal Option (Payout & Reinvestment);INF666M01626;INF666M01618;15.22;15.07;15.22;07-Jul-2015
116548;Groww Largecap Fund (formerly known as Indiabulls Bluechip Fund)- Regular Plan- - Income Distribution cum capital withdrawal Option (Payout & Reinvestment);INF666M01188;INF666M01170;14.76;14.61;14.76;07-Jul-2015

HDFC Mutual Fund
119018;HDFC Large Cap Fund - Growth Option - Direct Plan;INF179K01YV8;;350.106;346.605;350.106;07-Jul-2015
102000;HDFC Large Cap Fund - Growth Option - Regular Plan;INF179K01BE2;;345.029;341.579;345.029;07-Jul-2015
119017;HDFC Large Cap Fund - IDCW Option - Direct Plan;INF179K01YT2;INF179K01YU0;51.899;51.380;51.899;07-Jul-2015
102001;HDFC Large Cap Fund - IDCW Option - Regular Plan;INF179K01BC6;INF179K01BD4;51.044;50.534;51.044;07-Jul-2015

HSBC Mutual Fund
120030;HSBC Large Cap Fund - Direct Growth;INF336L01CM7;;155.6074;155.6074;155.6074;07-Jul-2015
120029;HSBC Large Cap Fund - Direct IDCW;INF336L01CK1;INF336L01CL9;32.6083;32.6083;32.6083;07-Jul-2015
101594;HSBC Large Cap Fund - Regular Growth;INF336L01016;;152.6573;152.6573;152.6573;07-Jul-2015
101593;HSBC Large Cap Fund - Regular IDCW;INF336L01024;INF336L01032;31.9525;31.9525;31.9525;07-Jul-2015

ICICI Prudential Mutual Fund
108467;ICICI Prudential Bluechip Fund - Institutional Option - I - Growth;INF109K01BN0;;31.55;31.23;31.55;07-Jul-2015
120585;ICICI Prudential Large Cap Fund (erstwhile Bluechip Fund)  - Direct Plan - IDCW;INF109K014L5;INF109K015L2;26.60;26.33;26.60;07-Jul-2015
108466;ICICI Prudential Large Cap Fund (erstwhile Bluechip Fund)  - Growth;INF109K01BL4;;29.67;29.37;29.67;07-Jul-2015
108465;ICICI Prudential Large Cap Fund (erstwhile Bluechip Fund)  - IDCW;INF109K01EP9;INF109K01BM2;22.33;22.11;22.33;07-Jul-2015
120586;ICICI Prudential Large Cap Fund (erstwhile Bluechip Fund) - Direct Plan - Growth;INF109K016L0;;30.26;29.96;30.26;07-Jul-2015

IDBI Mutual Fund
117311;IDBI India Top 100 Equity Fund Growth;INF397L01869;;19.9300;19.7300;19.9300;07-Jul-2015
118344;IDBI India Top 100 Equity Fund Growth Direct;INF397L01BV2;;20.2100;20.0100;20.2100;07-Jul-2015
117310;IDBI India Top 100 Equity Fund IDCW;INF397L01836;INF397L01844;17.5600;17.3800;17.5600;07-Jul-2015
118448;IDBI India Top 100 Equity Fund IDCW Direct;INF397L01BW0;INF397L01BX8;17.8400;17.6600;17.8400;07-Jul-2015

Invesco Mutual Fund
120392;Invesco India Largecap Fund - Direct Plan - Growth;INF205K01LB0;;22.07;21.85;22.07;07-Jul-2015
120393;Invesco India Largecap Fund - Direct Plan - IDCW (Payout / Reinvestment);INF205K01KZ1;INF205K01LA2;17.72;17.54;17.72;07-Jul-2015
112098;Invesco India Largecap Fund - Growth;INF205K01304;;21.41;21.20;21.41;07-Jul-2015
112099;Invesco India Largecap Fund - IDCW (Payout / Reinvestment);INF205K01320;INF205K01312;17.35;17.18;17.35;07-Jul-2015

JM Financial Mutual Fund
134958;JM Large Cap Fund (Direct) - Annual IDCW;INF192K01JU4;INF192K01JV2;23.4812;23.4812;23.4812;07-Jul-2015
120490;JM Large Cap Fund (Direct) - Growth Option;INF192K01BZ0;;57.4511;57.4511;57.4511;07-Jul-2015
134957;JM Large Cap Fund (Direct) - Half Yearly IDCW ;INF192K01JR0;INF192K01JZ3;23.4812;23.4812;23.4812;07-Jul-2015
120489;JM Large Cap Fund (Direct) - IDCW;INF192K01BX5;INF192K01BY3;23.4704;23.4704;23.4704;07-Jul-2015
134956;JM Large Cap Fund (Direct) - Monthly IDCW ;INF192K01JJ7;INF192K01JK5;23.4812;23.4812;23.4812;07-Jul-2015
134960;JM Large Cap Fund (Direct) - Quarterly IDCW;INF192K01JN9;INF192K01JO7;23.4812;23.4812;23.4812;07-Jul-2015
134961;JM Large Cap Fund (Regular) - Annual IDCW;INF192K01JS8;INF192K01JT6;22.9931;22.9931;22.9931;07-Jul-2015
100219;JM Large Cap Fund (Regular) - Growth Option;INF192K01601;;56.4574;56.4574;56.4574;07-Jul-2015
134955;JM Large Cap Fund (Regular) - Half Yearly IDCW;INF192K01JP4;INF192K01JQ2;22.9931;22.9931;22.9931;07-Jul-2015
100218;JM Large Cap Fund (Regular) - IDCW ;INF192K01585;INF192K01593;22.9815;22.9815;22.9815;07-Jul-2015
134959;JM Large Cap Fund (Regular) - Monthly IDCW;INF192K01JH1;INF192K01JI9;22.9931;22.9931;22.9931;07-Jul-2015
134954;JM Large Cap Fund (Regular) - Quarterly IDCW;INF192K01JL3;INF192K01JM1;22.9931;22.9931;22.9931;07-Jul-2015

Kotak Mahindra Mutual Fund
120152;Kotak Large Cap  Fund - Growth - Direct;INF174K01KW6;;179.014;177.224;179.014;07-Jul-2015
114458;Kotak Large Cap Fund - Growth;INF174K01153;;175.809;174.051;175.809;07-Jul-2015
120153;Kotak Large Cap Fund - Payout of Income Distribution cum capital withdrawal option - Direct;INF174K01KY2;INF174K01KX4;35.553;35.197;35.553;07-Jul-2015
114457;Kotak Large Cap Fund - Payout of Income Distribution cumcapital withdrawal option;INF174K01179;INF174K01161;34.638;34.292;34.638;07-Jul-2015

L&T Mutual Fund
119308;L&T India Large Cap Fund - Direct Plan - Growth;INF917K01FQ0;;21.713;21.496;21.713;07-Jul-2015
119314;L&T India Large Cap Fund - Direct Plan- IDCW;INF917K01FP2;INF917K01FO5;19.110;18.919;19.110;07-Jul-2015
118069;L&T India Large Cap Fund - Regular Plan - Growth;INF677K01155;;21.372;21.158;21.372;07-Jul-2015
118070;L&T India Large Cap Fund - Regular Plan - IDCW;INF677K01163;INF677K01171;18.392;18.208;18.392;07-Jul-2015

LIC Mutual Fund
120267;LIC MF Large Cap Fund-Direct Plan-Growth;INF767K01EJ7;;21.7237;21.5065;21.7237;07-Jul-2015
120268;LIC MF Large Cap Fund-Direct Plan-IDCW;INF767K01EI9;INF767K01EK5;18.2135;18.0314;18.2135;07-Jul-2015
106871;LIC MF Large Cap Fund-Regular Plan-Growth;INF767K01105;;21.3728;21.1591;21.3728;07-Jul-2015
100332;LIC MF Large Cap Fund-Regular Plan-IDCW;INF767K01097;INF767K01089;17.9593;17.7797;17.9593;07-Jul-2015

Mirae Asset Mutual Fund
118825;Mirae Asset Large Cap Fund - Direct Plan - Growth;INF769K01AX2;;34.038;33.357;34.038;07-Jul-2015
107578;Mirae Asset Large Cap Fund - Growth Plan;INF769K01010;;33.233;32.568;33.233;07-Jul-2015
118826;Mirae Asset Large Cap Fund Direct IDCW;INF769K01AY0;INF769K01AZ7;25.351;24.844;25.351;07-Jul-2015
107579;Mirae Asset Large Cap Fund Regular IDCW;INF769K01036;INF769K01028;18.530;18.159;18.530;07-Jul-2015

Navi Mutual Fund
119149;Navi Large Cap Equity Fund - Direct Plan Normal IDCW Payout;INF959L01601;INF959L01619;16.5125;16.5125;16.5125;07-Jul-2015
115790;Navi Large Cap Equity Fund - Growth Option;INF959L01080;;17.1510;17.1510;17.1510;07-Jul-2015
115788;Navi Large Cap Equity Fund - Normal IDCW Payout;INF959L01064;INF959L01072;16.0485;16.0485;16.0485;07-Jul-2015
119148;Navi Large Cap Equity Fund-Direct Plan-Growth Option;INF959L01593;;17.6816;17.6816;17.6816;07-Jul-2015

Nippon India Mutual Fund
106235;Nippon India Large Cap  Fund- Growth Plan -Growth Option;INF204K01562;;24.5651;24.3194;24.5651;07-Jul-2015
118634;NIPPON INDIA LARGE CAP FUND - DIRECT Plan - IDCW Option;INF204K01XG7;INF204K01XH5;19.7241;19.5269;19.7241;07-Jul-2015
118633;Nippon India Large Cap Fund - Direct Plan Growth Plan - Bonus Option;INF204K01D30;;24.9800;24.7302;24.9800;07-Jul-2015
118632;Nippon India Large Cap Fund - Direct Plan Growth Plan - Growth Option;INF204K01XI3;;24.9800;24.7302;24.9800;07-Jul-2015
106236;NIPPON INDIA LARGE CAP FUND - IDCW Option;INF204K01539;INF204K01547;16.9425;16.7731;16.9425;07-Jul-2015
106240;Nippon India Large Cap Fund- Growth Plan Bonus Option;INF204K01554;;24.5651;24.3194;24.5651;07-Jul-2015
106238;Nippon India Large Cap Fund-Institutional Plan Growth Plan Bonus Option;INF204K01513;;25.2231;24.9709;25.2231;07-Jul-2015

SBI Mutual Fund
119585;SBI Large Cap Fund - Direct Plan - Income Distribution cum Capital Withdrawal Option (IDCW);INF200K01QV8;INF200K01QW6;23.1243;22.8931;23.1243;07-Jul-2015
103616;SBI Large Cap Fund - Regular Plan - Income Distribution cum Capital Withdrawal Option (IDCW);INF200K01164;INF200K01172;19.921;19.7218;19.921;07-Jul-2015
119598;SBI Large Cap FUND-DIRECT PLAN -GROWTH;INF200K01QX4;;29.5365;29.2411;29.5365;07-Jul-2015
103504;SBI Large Cap FUND-REGULAR PLAN GROWTH;INF200K01180;;29.0795;28.7887;29.0795;07-Jul-2015

Tata Mutual Fund
119160;Tata Large Cap Fund -Direct Plan Growth Option;INF277K01QZ7;;171.9407;170.2213;171.9407;07-Jul-2015
100475;Tata Large Cap Fund -Regular Plan - Growth Option;INF277K01931;;168.4017;166.7177;168.4017;07-Jul-2015
119159;Tata Large Cap Fund- Direct Plan - Payout of IDCW Option;INF277K01QX2;INF277K01QY0;48.1759;47.6941;48.1759;07-Jul-2015
102036;Tata Large Cap Fund- Regular Plan - Payout of IDCW Option;INF277K01EG3;INF277K01923;47.1089;46.6378;47.1089;07-Jul-2015

Taurus Mutual Fund
118870;Taurus Large Cap Fund - Direct Plan - Growth;INF044D01BX3;;65.55;64.89;65.55;07-Jul-2015
118871;Taurus Large Cap Fund - Direct Plan - Payout of Income Distribution cum Capital Withdrawal option;INF044D01BY1;INF044D01BZ8;65.22;64.57;65.22;07-Jul-2015
101209;Taurus Large Cap Fund - Regular Plan - Growth;INF044D01773;;65.01;64.36;65.01;07-Jul-2015
108403;Taurus Large Cap Fund - Regular Plan - Payout of Income Distribution cum Capital Withdrawal option;INF044D01740;INF044D01757;65.01;64.36;65.01;07-Jul-2015

UTI Mutual Fund
120656;UTI Large Cap Fund - Direct Plan - Growth Option;INF789F01US8;;92.789;92.789;92.79;07-Jul-2015
120657;UTI Large Cap Fund - Direct Plan - IDCW;INF789F01UQ2;INF789F01UR0;35.8058;35.8058;35.81;07-Jul-2015
100651;UTI Large Cap Fund - Regular Plan - Growth Option;INF789F01976;;91.8603;91.8603;91.86;07-Jul-2015
100650;UTI Large Cap Fund - Regular Plan - IDCW;INF189A01038;INF789F01950;35.4074;35.4074;35.41;07-Jul-2015

Open Ended Schemes ( Equity Scheme - Large & Mid Cap Fund )


Aditya Birla Sun Life Mutual Fund
119436;Aditya Birla Sun Life Large & Mid Cap Fund - Growth - Direct Plan;INF209K01VH8;;305.29;302.24;305.29;07-Jul-2015
100033;Aditya Birla Sun Life Large & Mid Cap Fund - Regular Growth;INF209K01165;;301.83;298.81;301.83;07-Jul-2015
119433;Aditya Birla Sun Life Large & Mid Cap Fund -Direct - IDCW;INF209K01VG0;INF209K01VI6;110.85;109.74;110.85;07-Jul-2015
100034;Aditya Birla Sun Life Large & Mid Cap Fund -Regular - IDCW;INF209K01157;INF209K01CE5;109.53;108.43;109.53;07-Jul-2015

Bandhan Mutual Fund
118419;Bandhan Large & Mid Cap Fund - Direct Plan - Growth;INF194K01V89;;33.2178;33.2178;33.2178;07-Jul-2015
118420;Bandhan Large & Mid Cap Fund - Direct Plan - IDCW;INF194K01V97;INF194K01W05;15.2019;15.2019;15.2019;07-Jul-2015
108596;Bandhan Large & Mid Cap Fund - Regular Plan - Growth;INF194K01524;;32.6360;32.6360;32.6360;07-Jul-2015
108597;Bandhan Large & Mid Cap Fund - Regular Plan - IDCW;INF194K01532;INF194K01540;14.3009;14.3009;14.3009;07-Jul-2015
111864;IDFC Core Equity Fund-Plan B- Dividend;INF194K01185;INF194K01193;13.9488;13.9488;13.9488;07-Jul-2015
111863;IDFC Core Equity Fund-Plan B- Growth;INF194K01177;;25.9710;25.9710;25.9710;07-Jul-2015

Bank of India Mutual Fund
110598;BANK OF INDIA Large & Mid Cap  Equity Fund Regular Plan- Quarterly IDCW;INF761K01116;INF761K01124;10.93;10.82;10.93;07-Jul-2015
119349;BANK OF INDIA Large & Mid Cap Equity Fund Direct  Plan- Quarterly IDCW;INF761K01678;INF761K01660;11.76;11.64;11.76;07-Jul-2015
119300;BANK OF INDIA Large & Mid Cap Equity Fund Direct Plan- Bonus;INF761K01629;;14.91;14.76;14.91;07-Jul-2015
119350;BANK OF INDIA Large & Mid Cap Equity Fund Direct Plan-Growth;INF761K01652;;28.66;28.37;28.66;07-Jul-2015
119346;BANK OF INDIA Large & Mid Cap Equity Fund Direct Plan-Regular IDCW;INF761K01645;INF761K01637;14.32;14.18;14.32;07-Jul-2015
110599;BANK OF INDIA Large & Mid Cap Equity Fund Eco Plan- Growth;INF761K01041;;28.77;28.48;0.00;07-Jul-2015
110601;BANK OF INDIA Large & Mid Cap Equity Fund Eco Plan-Bonus;INF761K01017;;28.77;28.48;0.00;07-Jul-2015
110604;BANK OF INDIA Large & Mid Cap Equity Fund Eco Plan-Quarterly IDCW;INF761K01058;INF761K01066;10.52;10.41;0.00;07-Jul-2015
110608;BANK OF INDIA Large & Mid Cap Equity Fund Eco Plan-Regular IDCW;INF761K01025;INF761K01033;14.25;14.11;0.00;07-Jul-2015
110603;BANK OF INDIA Large & Mid Cap Equity Fund Regular Plan- Growth;INF761K01108;;27.98;27.70;27.98;07-Jul-2015
110607;BANK OF INDIA Large & Mid Cap Equity Fund Regular Plan- Regular IDCW;INF761K01082;INF761K01090;12.53;12.40;12.53;07-Jul-2015
110606;BANK OF INDIA Large & Mid Cap Equity Fund Regular Plan-Bonus;INF761K01074;;27.98;27.70;27.98;07-Jul-2015

Canara Robeco Mutual Fund
118278;CANARA ROBECO LARGE AND MID CAP FUND - DIRECT PLAN - GROWTH OPTION;INF760K01EI4;;62.3200;62.3200;62.3200;07-Jul-2015
118277;CANARA ROBECO LARGE AND MID CAP FUND - DIRECT PLAN - IDCW (Payout/Reinvestment);INF760K01EG8;INF760K01EH6;42.6900;42.6900;42.6900;07-Jul-2015
102920;CANARA ROBECO LARGE AND MID CAP FUND - REGULAR PLAN - GROWTH OPTION;INF760K01167;;61.0600;61.0600;61.0600;07-Jul-2015
102921;CANARA ROBECO LARGE AND MID CAP FUND - REGULAR PLAN - IDCW (Payout/Reinvestment);INF760K01175;INF760K01183;36.6600;36.6600;36.6600;07-Jul-2015

DSP Mutual Fund
119218;DSP Large & Mid Cap Fund - Direct Plan - Growth;INF740K01PL6;;152.970;151.440;152.970;07-Jul-2015
119219;DSP Large & Mid Cap Fund - Direct Plan - IDCW;INF740K01PM4;INF740K01PN2;43.257;42.824;43.257;07-Jul-2015
103819;DSP Large & Mid Cap Fund - Regular Plan - Growth;INF740K01094;;150.971;149.461;150.971;07-Jul-2015
103820;DSP Large & Mid Cap Fund - Regular Plan - IDCW;INF740K01078;INF740K01086;26.557;26.291;26.557;07-Jul-2015

Franklin Templeton Mutual Fund
118510;Franklin India Equity Advantage Fund - Direct - Growth;INF090I01IN1;;64.5296;63.8843;64.5296;07-Jul-2015
118509;Franklin India Equity Advantage Fund - Direct - IDCW ;INF090I01IL5;INF090I01IM3;18.2281;18.0458;18.2281;07-Jul-2015
102883;Franklin India Equity Advantage Fund - Growth Plan;INF090I01205;;63.4829;62.8481;63.4829;07-Jul-2015
102884;Franklin India Equity Advantage Fund - IDCW ;INF090I01189;INF090I01197;17.8913;17.7124;17.8913;07-Jul-2015

HDFC Mutual Fund
130496;HDFC Large and Mid Cap Fund - Growth Option;INF179KA1RT1;;91.664;90.747;91.664;07-Jul-2015
130498;HDFC Large and Mid Cap Fund - Growth Option - Direct Plan;INF179KA1RQ7;;92.206;91.284;92.206;07-Jul-2015
130497;HDFC Large and Mid Cap Fund - IDCW Option;INF179KA1RU9;;23.561;23.325;23.561;07-Jul-2015
130499;HDFC Large and Mid Cap Fund - IDCW Option - Direct Plan;INF179KA1RR5;;23.798;23.560;23.798;07-Jul-2015

ICICI Prudential Mutual Fund
120596;ICICI Prudential Large & Mid Cap Fund - Direct Plan - Growth;INF109K011O5;;239.16;236.77;239.16;07-Jul-2015
120597;ICICI Prudential Large & Mid Cap Fund - Direct Plan - IDCW;INF109K019N0;INF109K010O7;20.58;20.37;20.58;07-Jul-2015
100349;ICICI Prudential Large & Mid Cap Fund - Growth;INF109K01431;;234.76;232.41;234.76;07-Jul-2015
100348;ICICI Prudential Large & Mid Cap Fund - IDCW;INF109K01EQ7;INF109K01449;17.11;16.94;17.11;07-Jul-2015

Invesco Mutual Fund
120357;Invesco India Large & Mid Cap Fund - Direct Plan - Growth;INF205K01MA0;;24.78;24.53;24.78;07-Jul-2015
120356;Invesco India Large & Mid Cap Fund - Direct Plan - IDCW (Payout / Reinvestment);INF205K01LY2;INF205K01LZ9;13.69;13.55;13.69;07-Jul-2015
106144;Invesco India Large & Mid Cap Fund - Growth;INF205K01247;;24.05;23.81;24.05;07-Jul-2015
106143;Invesco India Large & Mid Cap Fund - IDCW (Payout / Reinvestment);INF205K01262;INF205K01254;13.12;12.99;13.12;07-Jul-2015

Kotak Mahindra Mutual Fund
120158;Kotak Large & Midcap Fund - Direct- Growth;INF174K01LF9;;86.216;85.354;86.216;07-Jul-2015
103234;Kotak Large & Midcap Fund - Growth-Regular;INF174K01187;;84.748;83.901;84.748;07-Jul-2015
120157;Kotak Large & Midcap Fund - IDCW-Direct;INF174K01LG7;INF174K01LH5;25.632;25.376;25.632;07-Jul-2015
103233;Kotak Large & Midcap Fund - IDCW-Regular;INF174K01203;INF174K01195;25.182;24.93;25.182;07-Jul-2015

L&T Mutual Fund
119398;L&T Large and Midcap Fund- Direct Plan -IDCW;INF917K01FS6;INF917K01FR8;28.229;27.947;28.229;07-Jul-2015
119397;L&T Large and Midcap Fund-Direct Plan-Growth;INF917K01FT4;;37.170;36.798;37.170;07-Jul-2015
118049;L&T Large and Midcap Fund-Regular Plan-Growth;INF677K01098;;36.561;36.195;36.561;07-Jul-2015
118050;L&T Large and Midcap Fund-Regular Plan-IDCW;INF677K01106;INF677K01114;27.700;27.423;27.700;07-Jul-2015

LIC Mutual Fund
133710;LIC MF Large & Mid Cap Fund-Direct Plan-Growth;INF767K01NE9;;10.1405;9.9377;10.1405;07-Jul-2015
133709;LIC MF Large & Mid Cap Fund-Direct Plan-IDCW;INF767K01ND1;INF767K01NF6;10.1401;9.9373;10.1401;07-Jul-2015
133711;LIC MF Large & Mid Cap Fund-Regular Plan-Growth;INF767K01NB5;;10.1291;9.9265;10.1291;07-Jul-2015
133712;LIC MF Large & Mid Cap Fund-Regular Plan-IDCW;INF767K01NA7;INF767K01NC3;10.1290;9.9264;10.1290;07-Jul-2015

Mirae Asset Mutual Fund
118834;Mirae Asset Large & Midcap Fund - Direct Plan - Growth;INF769K01BI1;;31.613;30.981;31.613;07-Jul-2015
118835;Mirae Asset Large & Midcap Fund - Direct Plan - IDCW;INF769K01BJ9;INF769K01BK7;28.881;28.303;28.881;07-Jul-2015
112932;Mirae Asset Large & Midcap Fund - Regular Plan - Growth;INF769K01101;;30.802;30.186;30.802;07-Jul-2015
112931;Mirae Asset Large & Midcap Fund - Regular Plan - IDCW;INF769K01127;INF769K01119;23.843;23.366;23.843;07-Jul-2015

Nippon India Mutual Fund
100378;NIPPON INDIA VISION FUND - IDCW Option;INF204K01372;INF204K01380;48.1009;47.6199;48.1009;07-Jul-2015
100379;Nippon India Vision Fund-GROWTH PLAN-Bonus Option;INF204K01398;;75.9654;75.2057;75.9654;07-Jul-2015
100380;Nippon India Vision Fund-GROWTH PLAN-Growth Option;INF204K01406;;451.0762;446.5654;451.0762;07-Jul-2015
118676;NIPPON INDIA VISION LARGE & MID CAP  FUND - DIRECT Plan - IDCW Option;INF204K01F04;INF204K01F12;48.9985;48.5085;48.9985;07-Jul-2015
118675;Nippon India Vision Large & Mid Cap Fund - Direct Plan Growth Plan - Bonus Option;INF204K01E96;;77.6691;76.8924;77.6691;07-Jul-2015
118678;Nippon India Vision Large & Mid Cap Fund - Direct Plan Growth Plan - Growth Option;INF204K01F20;;458.0344;453.4541;458.0344;07-Jul-2015
106255;Nippon India Vision Large & Mid Cap Fund Institutional Dividend Plan;INF204K01331;INF204K01349;310.7751;307.6673;310.7751;07-Jul-2015

Principal Mutual Fund
119441;Principal Emerging Bluechip Fund - Direct Plan - Growth Option;INF173K01EG4;;71.44;70.73;71.44;07-Jul-2015
119440;Principal Emerging Bluechip Fund - Direct Plan - Half Yearly Income Distribution CUM Capital Withdrawal Option;INF173K01EI0;INF173K01EH2;54.39;53.85;54.39;07-Jul-2015
111381;Principal Emerging Bluechip Fund - Growth Option;INF173K01155;;70.19;69.49;70.19;07-Jul-2015
111382;Principal Emerging Bluechip Fund - Half Yearly Income Distribution CUM Capital Withdrawal Option;INF173K01163;INF173K01171;45.48;45.03;45.48;07-Jul-2015

quant Mutual Fund
104515;quant Large & Mid Cap Fund - Bonus Option - Regular Plan;INF966L01424;;25.3653;25.1116;25.3653;07-Jul-2015
120824;quant Large & Mid Cap Fund - Bonus Option-Direct Plan;INF966L01655;;25.3653;25.1116;25.3653;07-Jul-2015
104513;quant Large & Mid Cap Fund - Growth Option;INF966L01341;;25.3549;25.1014;25.3549;07-Jul-2015
120826;quant Large & Mid Cap Fund - Growth Option-Direct Plan;INF966L01648;;25.6215;25.3653;25.6215;07-Jul-2015
120825;quant Large & Mid Cap Fund - IDCW Option - Direct Plan;INF966L01622;INF966L01630;15.9937;15.8338;15.9937;07-Jul-2015
104514;quant Large & Mid Cap Fund - IDCW Option - Regular Plan;INF966L01325;INF966L01333;19.5247;19.3295;19.5247;07-Jul-2015

SBI Mutual Fund
119720;SBI Large & Midcap Fund - Direct Plan - Income Distribution cum Capital Withdrawal Option (IDCW);INF200K01UH9;INF200K01UI7;103.5598;102.5242;103.5598;07-Jul-2015
101530;SBI Large & Midcap Fund - Regular Plan - Income Distribution cum Capital Withdrawal Option (IDCW);INF200K01289;INF200K01297;88.9284;88.0391;88.9284;07-Jul-2015
119721;SBI LARGE & MIDCAP FUND -DIRECT PLAN -Growth;INF200K01UJ5;;163.5699;161.9342;163.5699;07-Jul-2015
103024;SBI LARGE & MIDCAP FUND- REGULAR PLAN -Growth;INF200K01305;;162.1516;160.5301;162.1516;07-Jul-2015

Sundaram Mutual Fund
119565;Sundaram Large and Midcap Direct Plan - Income Distribution cum Capital Withdrawal (IDCW);INF903J01PP3;INF903J01PQ1;17.7657;17.5880;17.7657;07-Jul-2015
119566;Sundaram Large and Midcap Fund Direct Plan - Growth;INF903J01PR9;;23.6804;23.4436;23.6804;07-Jul-2015
105001;Sundaram Large and Midcap Fund Regular Plan - Growth;INF903J01DT1;;23.2915;23.0586;23.2915;07-Jul-2015
105000;Sundaram Large and Midcap Regular Plan - Income Distribution cum Capital Withdrawal (IDCW);INF903J01DU9;INF903J01DV7;17.4897;17.3148;17.4897;07-Jul-2015

Tata Mutual Fund
119202;Tata Large & MId Cap Fund -Direct Plan- Growth Option;INF277K01MK8;;155.1287;153.5774;155.1287;07-Jul-2015
119201;Tata Large & Mid Cap Fund Direct Plan - Payout of IDCW Option;INF277K01MI2;INF277K01MJ0;33.1190;32.7878;33.1190;07-Jul-2015
101823;Tata Large & Mid Cap Fund Regular Plan - Payout of IDCW Option;INF277K01DH3;INF277K01410;32.4234;32.0992;32.4234;07-Jul-2015
101824;Tata Large & Mid Cap Fund- Regular Plan - Growth Option;INF277K01428;;152.1953;150.6733;152.1953;07-Jul-2015

UTI Mutual Fund
120665;UTI Large & Mid Cap Fund - Direct Plan - Growth Option;INF789F01UG3;;50.3057;50.3057;50.31;07-Jul-2015
120664;UTI Large & Mid Cap Fund - Direct Plan - IDCW;INF789F01UE8;INF789F01UF5;33.575;33.575;33.58;07-Jul-2015
100664;UTI Large & Mid Cap Fund - Regular Plan - Growth Option;INF789F01869;;49.9275;49.9275;49.93;07-Jul-2015
100663;UTI Large & Mid Cap Fund - Regular Plan - IDCW;INF189A01046;INF789F01851;33.2998;33.2998;33.3;07-Jul-2015

Open Ended Schemes ( Equity Scheme - Mid Cap Fund )


Aditya Birla Sun Life Mutual Fund
119620;Aditya Birla Sun Life Midcap Fund - Growth - Direct Plan;INF209K01Q30;;225.61;222.23;225.61;07-Jul-2015
119619;Aditya Birla Sun Life Midcap Fund -DIRECT - IDCW;INF209K01Q22;;42.36;41.72;42.36;07-Jul-2015
101591;Aditya Birla Sun Life Midcap Fund -REGULAR - IDCW;INF209K01355;INF209K01CN6;35.00;34.47;35.00;07-Jul-2015
101592;Aditya Birla Sun Life MIDCAP Fund-Growth;INF209K01363;;221.34;218.02;221.34;07-Jul-2015

Axis Mutual Fund
120505;Axis Midcap Fund - Direct Plan - Growth;INF846K01EH3;;27.36;27.09;27.36;07-Jul-2015
120504;Axis Midcap Fund - Direct Plan - IDCW;INF846K01EF7;INF846K01EG5;27.34;27.07;27.34;07-Jul-2015
114564;Axis Midcap Fund - Regular Plan - Growth;INF846K01859;;26.53;26.26;26.53;07-Jul-2015
114565;Axis Midcap Fund - Regular Plan - IDCW;INF846K01867;INF846K01875;24.51;24.26;24.51;07-Jul-2015

Baroda BNP Paribas Mutual Fund
113327;Baroda Mid-cap Fund- Plan A - Growth Option;INF955L01609;;8.62;8.53;8.62;07-Jul-2015
113328;Baroda Mid-cap Fund- Plan A - IDCW Option;INF955L01583;INF955L01591;8.62;8.53;8.62;07-Jul-2015
119392;Baroda Mid-cap Fund- Plan B (Direct) - Growth Option;INF955L01AV9;;8.79;8.70;8.79;07-Jul-2015
119313;Baroda Mid-cap Fund-Plan B (Direct)-IDCW Option;INF955L01AT3;;8.79;8.70;8.79;07-Jul-2015

BNP Paribas Mutual Fund
120002;BNP Paribas Mid Cap Fund - Direct Plan - Growth Option;INF251K01HQ0;;26.2110;26.2110;26.2110;07-Jul-2015
120001;BNP Paribas Mid Cap Fund - Direct Plan - Income Distribution cum Capital Withdrawal Option;INF251K01HO5;INF251K01HP2;26.0960;26.0960;26.0960;07-Jul-2015
113566;BNP Paribas Mid Cap Fund-Growth Option;INF251K01AW3;;25.6030;25.6030;25.6030;07-Jul-2015
113567;BNP Paribas Mid Cap Fund-Income Distribution cum Capital Withdrawal Option;INF251K01AX1;INF251K01AY9;25.4980;25.4980;25.4980;07-Jul-2015

DSP Mutual Fund
119071;DSP Midcap Fund - Direct Plan - Growth;INF740K01PX1;;37.821;37.443;37.821;07-Jul-2015
119070;DSP Midcap Fund - Direct Plan - IDCW;INF740K01PY9;INF740K01PZ6;29.467;29.172;29.467;07-Jul-2015
104481;DSP Midcap Fund - Regular Plan - Growth;INF740K01128;;37.228;36.856;37.228;07-Jul-2015
104482;DSP Midcap Fund - Regular Plan - IDCW;INF740K01102;INF740K01110;21.243;21.031;21.243;07-Jul-2015

Franklin Templeton Mutual Fund
118533;Franklin India Prima Fund - Direct - Growth;INF090I01FH9;;696.4459;689.4814;696.4459;07-Jul-2015
118532;Franklin India PRIMA FUND - Direct - IDCW ;INF090I01FI7;INF090I01FJ5;59.1839;58.5921;59.1839;07-Jul-2015
100472;Franklin India PRIMA FUND - IDCW ;INF090I01726;INF090I01734;57.4244;56.8502;57.4244;07-Jul-2015
100473;Franklin India Prima Fund-Growth;INF090I01809;;678.5403;671.7549;678.5403;07-Jul-2015

HDFC Mutual Fund
118989;HDFC Mid Cap Fund - Growth Option - Direct Plan;INF179K01XQ0;;38.710;38.323;38.710;07-Jul-2015
105758;HDFC Mid Cap Fund - Growth Plan;INF179K01CR2;;38.069;37.688;38.069;07-Jul-2015
118988;HDFC Mid Cap Fund - IDCW Option - Direct Plan;INF179K01XO5;INF179K01XP2;30.168;29.866;30.168;07-Jul-2015
105757;HDFC Mid Cap Fund - IDCW Plan;INF179K01CS0;INF179K01CT8;26.706;26.439;26.706;07-Jul-2015

ICICI Prudential Mutual Fund
120381;ICICI Prudential MidCap Fund - Direct Plan -  Growth;INF109K011N7;;73.69;72.95;73.69;07-Jul-2015
120380;ICICI Prudential MidCap Fund - Direct Plan -  IDCW;INF109K019M2;INF109K010N9;29.78;29.48;29.78;07-Jul-2015
102528;ICICI Prudential MidCap Fund - Growth;INF109K01AN2;;72.33;71.61;72.33;07-Jul-2015
102529;ICICI Prudential MidCap Fund - IDCW;INF109K01EH6;INF109K01AL6;25.90;25.64;25.90;07-Jul-2015

Invesco Mutual Fund
120403;Invesco India Midcap Fund - Direct Plan - Growth Option;INF205K01MV6;;36.35;35.99;36.35;07-Jul-2015
120402;Invesco India Midcap Fund - Direct Plan - IDCW (Payout / Reinvestment);INF205K01MT0;INF205K01MU8;27.05;26.78;27.05;07-Jul-2015
105503;Invesco India Midcap Fund - Growth Option;INF205K01BC9;;35.22;34.87;35.22;07-Jul-2015
105504;Invesco India Midcap Fund - IDCW (Payout / Reinvestment);INF205K01BD7;INF205K01BE5;26.14;25.88;26.14;07-Jul-2015

Kotak Mahindra Mutual Fund
119774;Kotak Midcap Fund  - Direct Plan - IDCW - Payout & Re-investment of Income Distribution cum capital withdrawal option;INF174K01LU8;INF174K01LV6;21.116;20.905;21.116;07-Jul-2015
119775;Kotak Midcap Fund - Direct Plan - Growth;INF174K01LT0;;27.163;26.891;27.163;07-Jul-2015
104908;Kotak Midcap Fund - Regular Plan - Growth;INF174K01DS9;;26.615;26.349;26.615;07-Jul-2015
104907;Kotak Midcap Fund - Regular Plan - IDCW -Payout & Re-investment of Income Distribution cum capital withdrawal option;INF174K01DU5;INF174K01DT7;20.641;20.435;20.641;07-Jul-2015

L&T Mutual Fund
119806;L&T Mid Cap Fund-Direct Plan -IDCW;INF917K01FX6;;40.16;39.76;40.16;07-Jul-2015
119807;L&T Mid Cap Fund-Direct Plan-Growth;INF917K01FZ1;;90.24;89.34;90.24;07-Jul-2015
112496;L&T Mid Cap Fund-Regular Plan-Growth;INF917K01254;;88.55;87.66;88.55;07-Jul-2015
112495;L&T Mid Cap Fund-Regular Plan-IDCW;INF917K01239;INF917K01247;39.43;39.04;39.43;07-Jul-2015

Motilal Oswal Mutual Fund
127044;Motilal Oswal Midcap Fund-Direct - IDCW Payout/Reinvestment;INF247L01460;INF247L01452;20.1925;20.1925;20.1925;07-Jul-2015
127042;Motilal Oswal Midcap Fund-Direct Plan-Growth Option;INF247L01445;;21.2254;21.2254;21.2254;07-Jul-2015
127040;Motilal Oswal Midcap Fund-Regular - IDCW Payout/Reinvestment;INF247L01437;INF247L01429;19.8487;19.8487;19.8487;07-Jul-2015
127039;Motilal Oswal Midcap Fund-Regular Plan-Growth Option;INF247L01411;;20.8773;20.8773;20.8773;07-Jul-2015

Nippon India Mutual Fund
100375;NIPPON INDIA GROWTH FUND - IDCW Option;INF204K01299;INF204K01307;67.4551;66.7805;67.4551;07-Jul-2015
100376;Nippon India Growth Fund-Growth Plan-Bonus Option;INF204K01315;;137.5381;136.1627;137.5381;07-Jul-2015
100377;Nippon India Growth Fund-Growth Plan-Growth Option;INF204K01323;;826.8491;818.5806;826.8491;07-Jul-2015
118666;NIPPON INDIA GROWTH MID CAP FUND - DIRECT Plan - IDCW Option;INF204K01E39;INF204K01E47;78.2350;77.4527;78.2350;07-Jul-2015
118665;Nippon India Growth Mid Cap Fund - Direct Plan Growth Plan - Bonus Option;INF204K01E21;;139.6208;138.2246;139.6208;07-Jul-2015
118668;Nippon India Growth Mid Cap Fund - Direct Plan Growth Plan - Growth Option;INF204K01E54;;840.4391;832.0347;840.4391;07-Jul-2015
106260;NIPPON INDIA GROWTH MID CAP FUND - INSTITUTIONAL Plan - IDCW Option;INF204K01257;INF204K01265;604.6703;598.6236;604.6703;07-Jul-2015

PGIM India Mutual Fund
125301;PGIM India Midcap Fund - Direct Plan - Dividend Option - Payout;INF663L01DW1;INF663L01DX9;16.12;15.96;16.12;07-Jul-2015
125307;PGIM India Midcap Fund - Direct Plan - Growth Option;INF663L01DV3;;16.12;15.96;16.12;07-Jul-2015
125306;PGIM India Midcap Fund - Regular Plan - Dividend Option - Payout;INF663L01EA5;INF663L01EB3;16.00;15.84;16.00;07-Jul-2015
125305;PGIM India Midcap Fund - Regular Plan - Growth Option;INF663L01DZ4;;16.00;15.84;16.00;07-Jul-2015

quant Mutual Fund
120841;quant Mid Cap Fund - Growth Option - Direct Plan;INF966L01887;;47.0003;46.5303;47.0003;07-Jul-2015
101065;quant Mid Cap Fund - Growth Option - Regular Plan;INF966L01176;;46.7497;46.2822;46.7497;07-Jul-2015
120840;quant Mid Cap Fund - IDCW Option - Direct Plan;INF966L01861;INF966L01879;16.5467;16.3812;16.5467;07-Jul-2015
101066;quant Mid Cap Fund - IDCW Option - Regular Plan;INF966L01150;INF966L01168;16.5466;16.3811;16.5466;07-Jul-2015

SBI Mutual Fund
119716;SBI MIDCAP FUND - DIRECT PLAN - GROWTH;INF200K01TP4;;62.4334;61.8091;62.4334;07-Jul-2015
119715;SBI Midcap Fund - Direct Plan - Income Distribution cum Capital Withdrawal Option (IDCW);INF200K01TN9;INF200K01TO7;40.5652;40.1595;40.5652;07-Jul-2015
102941;SBI MIDCAP FUND - REGULAR PLAN - GROWTH;INF200K01560;;61.3744;60.7607;61.3744;07-Jul-2015
102942;SBI Midcap Fund - Regular Plan - Income Distribution cum Capital Withdrawal Option (IDCW);INF200K01578;INF200K01586;28.8085;28.5204;28.8085;07-Jul-2015

Sundaram Mutual Fund
119581;Sundaram Mid Cap Fund Direct Plan - Growth;INF903J01MJ3;;356.4865;352.9216;356.4865;07-Jul-2015
119582;Sundaram Mid Cap Fund Direct Plan - Income Distribution cum Capital Withdrawal (IDCW);INF903J01MH7;INF903J01MI5;33.8215;33.4833;33.8215;07-Jul-2015
111941;Sundaram Mid Cap Fund Institutional Plan - Growth;INF903J01207;;363.9149;360.2758;363.9149;07-Jul-2015
111942;Sundaram Mid Cap Fund Institutional Plan - Income Distribution cum Capital Withdrawal (IDCW);INF903J01215;INF903J01223;30.5131;30.2080;30.5131;07-Jul-2015
101539;Sundaram Mid Cap Fund Regular Plan - Growth;INF903J01173;;351.3622;347.8486;351.3622;07-Jul-2015
101538;Sundaram Mid Cap Fund Regular Plan - Income Distribution cum Capital Withdrawal (IDCW);INF903J01181;INF903J01199;33.2610;32.9284;33.2610;07-Jul-2015

Tata Mutual Fund
119182;Tata Mid Cap Growth Fund - Direct Plan Bonus(Growth);INF277K01PV8;;97.6752;96.6984;97.6752;07-Jul-2015
119178;Tata Mid Cap Growth Fund - Direct Plan- Growth Option;INF277K01PY2;;106.4217;105.3575;106.4217;07-Jul-2015
119177;Tata Mid Cap Growth Fund - Direct Plan- IDCW Option;INF277K01PW6;INF277K01PX4;40.5502;40.1447;40.5502;07-Jul-2015
102328;Tata Mid Cap Growth Fund Regular Plan- Growth Option;INF277K01626;;104.4003;103.3563;104.4003;07-Jul-2015
102326;Tata Mid Cap Growth Fund-Regular Plan - IDCW Option;INF277K01DS0;INF277K01642;36.6230;36.2568;36.6230;07-Jul-2015
102329;Tata Mid Cap Growth Fund Regular Plan  - Bonus (Growth);INF277K01634;;97.1825;96.2107;97.1825;07-Jul-2015

Taurus Mutual Fund
118872;Taurus Mid Cap Fund - Direct Plan - Growth;INF044D01CA9;;31.99;31.67;31.99;07-Jul-2015
118873;Taurus Mid Cap Fund - Direct Plan - Payout of Income Distribution cum Capital Withdrawal option;INF044D01CB7;INF044D01CC5;31.93;31.61;31.93;07-Jul-2015
100477;Taurus Mid Cap Fund - Regular Plan - Growth;INF044D01815;;31.66;31.34;31.66;07-Jul-2015
111642;Taurus Mid Cap Fund - Regular Plan - Payout of Income Distribution cum Capital Withdrawal option;INF044D01781;INF044D01799;31.66;31.34;31.66;07-Jul-2015

UTI Mutual Fund
120727;UTI Mid Cap Fund - Direct Plan - IDCW;INF789F01TY8;INF789F01TZ5;51.9898;51.9898;51.99;07-Jul-2015
102393;UTI Mid Cap Fund - Regular Plan - IDCW;INF789F01794;INF789F01802;51.0827;51.0827;51.08;07-Jul-2015
102394;UTI Mid Cap Fund-Growth Option;INF789F01810;;81.2418;81.2418;81.24;07-Jul-2015
120726;UTI Mid Cap Fund-Growth Option- Direct;INF789F01UA6;;82.5748;82.5748;82.57;07-Jul-2015

Open Ended Schemes ( Equity Scheme - Small Cap Fund )


Aditya Birla Sun Life Mutual Fund
105804;Aditya Birla Sun Life Small Cap Fund - GROWTH;INF209K01EN2;;24.6759;24.4291;24.6759;07-Jul-2015
119556;Aditya Birla Sun Life Small Cap Fund - Growth - Direct Plan;INF209K01WN4;;25.1903;24.9384;25.1903;07-Jul-2015
119557;Aditya Birla Sun Life Small Cap Fund -Direct - IDCW;INF209K01WM6;;24.4057;24.1616;24.4057;07-Jul-2015
105805;Aditya Birla Sun Life Small Cap Fund -Regular - IDCW;INF209K01EO0;INF209K01EP7;21.2670;21.0543;21.2670;07-Jul-2015

Axis Mutual Fund
125354;Axis Small Cap Fund - Direct Plan - Growth;INF846K01K35;;19.91;19.91;19.91;07-Jul-2015
125351;Axis Small Cap Fund - Direct Plan - IDCW;INF846K01K43;INF846K01K50;19.90;19.90;19.90;07-Jul-2015
125350;Axis Small Cap Fund - Regular Plan - Growth;INF846K01K01;;19.55;19.55;19.55;07-Jul-2015
125352;Axis Small Cap Fund - Regular Plan - IDCW;INF846K01K19;INF846K01K27;19.55;19.55;19.55;07-Jul-2015

DSP Mutual Fund
119212;DSP Small Cap Fund - Direct Plan - Growth;INF740K01QD1;;41.860;41.441;41.860;07-Jul-2015
119213;DSP Small Cap Fund - Direct Plan - IDCW;INF740K01QE9;INF740K01QF6;25.415;25.161;25.415;07-Jul-2015
105989;DSP Small Cap Fund - Regular - Growth;INF740K01797;;41.170;40.758;41.170;07-Jul-2015
113153;DSP Small Cap Fund - Regular - IDCW;INF740K01805;INF740K01AM6;24.999;24.749;24.999;07-Jul-2015

Franklin Templeton Mutual Fund
118525;Franklin India Smaller Companies Fund - Direct - Growth;INF090I01IQ4;;39.7883;39.3904;39.7883;07-Jul-2015
118524;Franklin India Smaller Companies Fund - Direct - IDCW ;INF090I01IO9;INF090I01IP6;25.5799;25.3241;25.5799;07-Jul-2015
103361;Franklin India Smaller Companies Fund - IDCW ;INF090I01544;INF090I01551;24.9354;24.6860;24.9354;07-Jul-2015
103360;Franklin India Smaller Companies Fund-Growth;INF090I01569;;38.8736;38.4849;38.8736;07-Jul-2015

HDFC Mutual Fund
130502;HDFC Small Cap Fund - Growth Option;INF179KA1RZ8;;26.020;25.760;26.020;07-Jul-2015
130503;HDFC Small Cap Fund - Growth Option - Direct Plan;INF179KA1RW5;;26.521;26.256;26.521;07-Jul-2015
130501;HDFC Small Cap Fund - IDCW Option;INF179KA1SA9;INF179KA1SB7;20.975;20.765;20.975;07-Jul-2015
130504;HDFC Small Cap Fund - IDCW Option - Direct Plan;INF179KA1RX3;INF179KA1RY1;21.478;21.263;21.478;07-Jul-2015

ICICI Prudential Mutual Fund
120591;ICICI Prudential Smallcap Fund - Direct Plan - Growth;INF109K015M0;;21.35;21.14;21.35;07-Jul-2015
120870;ICICI Prudential Smallcap Fund - Direct Plan - IDCW;INF109K013M5;INF109K014M3;21.35;21.14;21.35;07-Jul-2015
106823;ICICI Prudential Smallcap Fund - Growth;INF109K01BI0;;21.05;20.84;21.05;07-Jul-2015
106822;ICICI Prudential Smallcap Fund - IDCW;INF109K01FA8;INF109K01BJ8;17.72;17.54;17.72;07-Jul-2015
106821;ICICI Prudential Smallcap Fund - Institutional Growth;INF109K01BK6;;21.06;20.85;21.06;07-Jul-2015

Kotak Mahindra Mutual Fund
102875;Kotak-Small Cap Fund - Growth;INF174K01211;;53.694;53.157;53.694;07-Jul-2015
120164;Kotak-Small Cap Fund - Growth - Direct;INF174K01KT2;;54.915;54.366;54.915;07-Jul-2015
102874;Kotak-Small Cap Fund - Payout of Income Distribution cum capital withdrawal option;INF174K01237;INF174K01229;30.931;30.622;30.931;07-Jul-2015
120163;Kotak-Small Cap Fund - Payout of Income Distribution cum capital withdrawal option - Direct;INF174K01KU0;INF174K01KV8;31.676;31.359;31.676;07-Jul-2015

L&T Mutual Fund
129220;L&T Emerging Businesses Fund - Direct Plan - Growth;INF917K01QA1;;14.578;14.432;14.578;07-Jul-2015
129222;L&T Emerging Businesses Fund - Direct Plan - IDCW;INF917K01PZ0;INF917K01XP5;14.578;14.432;14.578;07-Jul-2015
129223;L&T Emerging Businesses Fund - Regular Plan - Growth;INF917K01QC7;;14.463;14.318;14.463;07-Jul-2015
129221;L&T Emerging Businesses Fund - Regular Plan - IDCW;INF917K01QB9;INF917K01XQ3;14.463;14.318;14.463;07-Jul-2015

Nippon India Mutual Fund
118775;NIPPON INDIA SMALL CAP FUND - Direct Plan - IDCW Option;INF204K01J91;INF204K01K07;20.9892;20.7793;20.9892;07-Jul-2015
118777;Nippon India Small Cap Fund - Direct Plan Growth Plan - Bonus Option;INF204K01J83;;25.2357;24.9833;25.2357;07-Jul-2015
118778;Nippon India Small Cap Fund - Direct Plan Growth Plan - Growth Option;INF204K01K15;;25.2357;24.9833;25.2357;07-Jul-2015
113178;Nippon India Small Cap Fund - Growth Plan - Bonus Option;INF204K01HZ0;;24.7760;24.5282;24.7760;07-Jul-2015
113177;Nippon India Small Cap Fund - Growth Plan - Growth Option;INF204K01HY3;;24.7760;24.5282;24.7760;07-Jul-2015
113179;NIPPON INDIA SMALL CAP FUND - IDCW Option;INF204K01IA1;INF204K01IB9;20.5319;20.3266;20.5319;07-Jul-2015

quant Mutual Fund
100177;quant Small Cap Fund - Growth - Regular Plan;INF966L01AA0;;42.5909;42.3779;42.5909;07-Jul-2015
120828;quant Small Cap Fund - Growth Option - Direct Plan;INF966L01689;;42.9573;42.7425;42.9573;07-Jul-2015
120827;quant Small Cap Fund - IDCW Option - Direct Plan;INF966L01663;INF966L01671;36.9144;36.7298;36.9144;07-Jul-2015
100176;quant Small Cap Fund - IDCW Option - Regular Plan;INF206A01022;INF966L01044;36.5905;36.4075;36.5905;07-Jul-2015

SBI Mutual Fund
125497;SBI Small Cap Fund - Direct Plan - Growth;INF200K01T51;;32.8775;32.5487;32.8775;07-Jul-2015
125496;SBI Small Cap Fund - Direct Plan - Income Distribution cum Capital Withdrawal Option (IDCW);INF200K01T69;INF200K01T77;32.9659;32.6362;32.9659;07-Jul-2015
125494;SBI Small Cap Fund - Regular Plan - Growth;INF200K01T28;;32.123;31.8018;32.123;07-Jul-2015
125495;SBI Small Cap Fund - Regular Plan - Income Distribution cum Capital Withdrawal Option (IDCW);INF200K01T36;INF200K01T44;27.8556;27.577;27.8556;07-Jul-2015

Sundaram Mutual Fund
119589;Sundaram Small Cap Fund Direct Plan - Growth;INF903J01NK9;;71.4486;70.7341;71.4486;07-Jul-2015
119588;Sundaram Small Cap Fund Direct Plan - Income Distribution cum Capital Withdrawal (IDCW);INF903J01NI3;INF903J01NJ1;21.4134;21.1993;21.4134;07-Jul-2015
112064;Sundaram Small Cap Fund Institutional Plan - Growth;INF903J01504;;72.9323;72.2030;72.9323;07-Jul-2015
112207;Sundaram Small Cap Fund Institutional Plan - Income Distribution cum Capital Withdrawal (IDCW);INF903J01488;INF903J01496;21.9027;21.6837;21.9027;07-Jul-2015
100795;Sundaram Small Cap Fund Regular Plan - Growth;INF903J01470;;70.5131;69.8080;70.5131;07-Jul-2015
100794;Sundaram Small Cap Fund Regular Plan - Income Distribution cum Capital Withdrawal (IDCW);INF903J01454;INF903J01462;21.0743;20.8636;21.0743;07-Jul-2015

Union Mutual Fund
129649;Union Small Cap Fund - Direct Plan - Growth Option;INF582M01BU9;;12.80;12.67;12.80;07-Jul-2015
129646;Union Small Cap Fund - Direct Plan - IDCW Option;INF582M01BW5;INF582M01BV7;12.80;12.67;12.80;07-Jul-2015
129647;Union Small Cap Fund - Regular Plan - Growth Option;INF582M01BY1;;12.72;12.59;12.72;07-Jul-2015
129648;Union Small Cap Fund - Regular Plan - IDCW Option;INF582M01CA9;INF582M01BZ8;12.72;12.59;12.72;07-Jul-2015

Open Ended Schemes ( Equity Scheme - Dividend Yield Fund )


Aditya Birla Sun Life Mutual Fund
119507;Aditya Birla Sun Life Dividend Yield Fund - Growth - Direct Plan;INF209K01WA1;;143.72;142.28;143.72;07-Jul-2015
101738;Aditya Birla Sun Life Dividend Yield Fund - Growth - Regular Plan;INF209K01405;;141.05;139.64;141.05;07-Jul-2015
119506;Aditya Birla Sun Life Dividend Yield Fund -DIRECT - IDCW;INF209K01Q55;INF209K01WB9;20.68;20.47;20.68;07-Jul-2015
101737;Aditya Birla Sun Life Dividend Yield Fund -REGULAR - IDCW;INF209K01397;INF209K01CP1;16.19;16.03;16.19;07-Jul-2015

Franklin Templeton Mutual Fund
118527;Templeton India Equity Income Fund - Direct - Growth;INF090I01IT8;;34.1392;33.7978;34.1392;07-Jul-2015
118526;Templeton India EQUITY INCOME FUND - Direct - IDCW ;INF090I01IR2;INF090I01IS0;15.9389;15.7795;15.9389;07-Jul-2015
103679;Templeton India EQUITY INCOME FUND - IDCW ;INF090I01932;INF090I01940;15.7027;15.5457;15.7027;07-Jul-2015
103678;Templeton India Equity Income Fund-Growth Plan;INF090I01957;;33.6868;33.3499;33.6868;07-Jul-2015

ICICI Prudential Mutual Fund
129312;ICICI Prudential Dividend Yield Equity Fund Direct Plan Growth Option;INF109KA1UA0;;12.37;12.25;12.37;07-Jul-2015
129309;ICICI Prudential Dividend Yield Equity Fund Direct Plan IDCW Option;INF109KA1UB8;INF109KA1UC6;11.96;11.84;11.96;07-Jul-2015
129310;ICICI Prudential Dividend Yield Equity Fund Growth Option;INF109KA1TX4;;12.26;12.14;12.26;07-Jul-2015
129311;ICICI Prudential Dividend Yield Equity Fund IDCW Option;INF109KA1TY2;INF109KA1TZ9;11.86;11.74;11.86;07-Jul-2015

Principal Mutual Fund
119438;Principal Dividend Yield Fund - Direct Plan - Growth Option;INF173K01EV3;;36.76;36.39;36.76;07-Jul-2015
119437;Principal Dividend Yield Fund- Direct Plan - Half Yearly Income Distribution CUM Capital Withdrawal Option;INF173K01ES9;INF173K01ET7;24.36;24.12;24.36;07-Jul-2015
102808;Principal Dividend Yield Fund- Half Yearly Income Distribution CUM Capital Withdrawal Plan;INF173K01AD9;INF173K01AE7;23.52;23.28;23.52;07-Jul-2015
102807;Principal Dividend Yield Fund-Growth Plan;INF173K01AC1;;36.24;35.88;36.24;07-Jul-2015

Tata Mutual Fund
102858;Tata Dividend Yield Fund  Regular Plan -( Div);INF277K01DD2;INF277K01337;26.8533;26.5848;26.8533;07-Jul-2015
102859;Tata Dividend Yield Fund Regular Plan;INF277K01345;;59.4318;58.8375;59.4318;07-Jul-2015
119235;Tata Dividend Yield Fund-Direct Plan Dividend;INF277K01MQ5;INF277K01MR3;27.3456;27.0721;27.3456;07-Jul-2015
119234;Tata Dividend Yield Fund-Direct Plan Growth;INF277K01MS1;;60.4083;59.8042;60.4083;07-Jul-2015

UTI Mutual Fund
120750;UTI Dividend Yield Fund - Direct Plan - IDCW;INF789F01SU8;INF789F01SV6;17.0133;17.0133;17.01;07-Jul-2015
103025;UTI Dividend Yield Fund - Regular Plan - IDCW;INF789F01448;INF789F01455;15.9686;15.9686;15.97;07-Jul-2015
103026;UTI-Dividend Yield Fund.-Growth;INF789F01463;;48.2153;48.2153;48.22;07-Jul-2015
120749;UTI-Dividend Yield Fund.-Growth-Direct;INF789F01SW4;;48.961;48.961;48.96;07-Jul-2015

Open Ended Schemes ( Equity Scheme - Value Fund )


Aditya Birla Sun Life Mutual Fund
119658;Aditya Birla Sun Life Value Fund - Direct - IDCW;INF209K01WP9;INF209K01WR5;34.5079;33.8177;34.5079;07-Jul-2015
119659;Aditya Birla Sun Life Value Fund - Growth - Direct Plan;INF209K01WQ7;;39.4245;38.6360;39.4245;07-Jul-2015
108167;Aditya Birla Sun Life Value Fund - Growth Option;INF209K01LF3;;38.7224;37.9480;38.7224;07-Jul-2015
108166;Aditya Birla Sun Life Value Fund - Regular - IDCW;INF209K01LE6;INF209K01LG1;27.9646;27.4053;27.9646;07-Jul-2015

Bandhan Mutual Fund
118481;Bandhan Value Fund - Direct Plan - Growth;INF194K01Z85;;37.5440;37.5440;37.5440;07-Jul-2015
118480;Bandhan Value Fund - Direct Plan - IDCW;INF194K01Z93;INF194K010A2;18.6177;18.6177;18.6177;07-Jul-2015
108909;Bandhan Value Fund - Regular Plan - Growth;INF194K01342;;36.7761;36.7761;36.7761;07-Jul-2015
108908;Bandhan Value Fund - Regular Plan - IDCW;INF194K01359;INF194K01367;18.1717;18.1717;18.1717;07-Jul-2015

Franklin Templeton Mutual Fund
118494;Templeton India Value Fund - Direct - Growth;INF090I01GY2;;193.3791;191.4453;193.3791;07-Jul-2015
118493;Templeton India Value Fund - Direct - IDCW ;INF090I01GW6;INF090I01GX4;66.2868;65.6239;66.2868;07-Jul-2015
100496;Templeton India Value Fund - Growth Plan;INF090I01296;;190.3929;188.4890;190.3929;07-Jul-2015
100497;Templeton India Value Fund - IDCW ;INF090I01270;INF090I01288;65.1510;64.4995;65.1510;07-Jul-2015

HDFC Mutual Fund
118935;HDFC Value Fund - Growth Option - Direct Plan;INF179K01VC4;;206.141;202.018;206.141;07-Jul-2015
101764;HDFC Value Fund - Growth Plan;INF179K01426;;203.715;199.641;203.715;07-Jul-2015
118934;HDFC Value Fund - IDCW Option - Direct Plan;INF179K01VA8;INF179K01VB6;28.540;27.969;28.540;07-Jul-2015
101765;HDFC Value Fund - IDCW Plan;INF179K01400;INF179K01418;28.113;27.551;28.113;07-Jul-2015

ICICI Prudential Mutual Fund
120323;ICICI Prudential Value Fund (erstwhile Value Discovery Fund) - Direct Plan - Growth;INF109K012K1;;117.76;116.58;117.76;07-Jul-2015
120322;ICICI Prudential Value Fund (erstwhile Value Discovery Fund) - Direct Plan - IDCW;INF109K011K3;INF109K010K5;43.91;43.47;43.91;07-Jul-2015
102594;ICICI Prudential Value Fund (erstwhile Value Discovery Fund) - Growth;INF109K01AF8;;115.46;114.31;115.46;07-Jul-2015
102595;ICICI Prudential Value Fund (erstwhile Value Discovery Fund) - IDCW;INF109K01EC7;INF109K01AD3;32.72;32.39;32.72;07-Jul-2015

JM Financial Mutual Fund
120486;JM Value Fund (Direct) - Growth Option;INF192K01BT3;;22.7802;22.7802;22.7802;07-Jul-2015
120485;JM Value Fund (Direct) - IDCW;INF192K01BR7;INF192K01BS5;15.8732;15.8732;15.8732;07-Jul-2015
100254;JM Value Fund (Regular) - Growth Option;INF137A01037;;22.3809;22.3809;22.3809;07-Jul-2015
106168;JM Value Fund (Regular) - IDCW;INF137A01011;INF137A01029;15.6282;15.6282;15.6282;07-Jul-2015

L&T Mutual Fund
119404;L&T India Value Fund-Direct Plan-Growth;INF917K01HD4;;25.264;25.011;25.264;07-Jul-2015
119403;L&T India Value Fund-Direct Plan-IDCW;INF917K01HC6;INF917K01HB8;21.821;21.603;21.821;07-Jul-2015
118102;L&T India Value Fund-Regular Plan-Growth;INF677K01023;;24.833;24.585;24.833;07-Jul-2015
118103;L&T India Value Fund-Regular Plan-IDCW;INF677K01213;INF677K01015;21.393;21.179;21.393;07-Jul-2015

Nippon India Mutual Fund
118782;NIPPON INDIA VALUE FUND - DIRECT Plan - IDCW Option;INF204K01K23;INF204K01K31;30.6996;30.3926;30.6996;07-Jul-2015
118784;Nippon India Value Fund - Direct Plan Growth Plan;INF204K01K49;;55.1826;54.6308;55.1826;07-Jul-2015
103086;NIPPON INDIA VALUE FUND - IDCW Option;INF204K01GC1;INF204K01GD9;25.8751;25.6163;25.8751;07-Jul-2015
103085;Nippon India Value Fund- Growth Plan;INF204K01GB3;;54.1645;53.6229;54.1645;07-Jul-2015

Quantum Mutual Fund
103490;Quantum Value Fund - Direct Plan Growth Option;INF082J01036;;39.13;37.56;39.13;07-Jul-2015
103491;Quantum Value Fund - Direct Plan IDCW;INF082J01044;INF082J01051;39.46;37.88;39.46;07-Jul-2015

Tata Mutual Fund
112218;Tata Equity P/E Fund - Regular Plan - Payout of IDCW-Option A(5%);INF277K01DI1;INF277K01436;46.2781;45.8153;46.2781;07-Jul-2015
101672;Tata Equity P/E Fund - Regular Plan -Growth Option;INF277K01451;;89.7173;88.8201;89.7173;07-Jul-2015
119231;Tata Equity P/E Fund -Direct Plan Growth Option;INF277K01ND1;;90.9917;90.0818;90.9917;07-Jul-2015
102428;Tata Equity P/E Fund Regular Plan - Payout of IDCW-Option B(10%);INF277K01DJ9;INF277K01444;46.1626;45.7010;46.1626;07-Jul-2015
119233;Tata Equity P/E Fund- Direct Plan - Payout of IDCW -Option B(10%);INF277K01NB5;INF277K01NC3;47.0132;46.5431;47.0132;07-Jul-2015
119232;Tata Equity P/E Fund- Direct Plan -Payout of IDCW-Option A(5%);INF277K01MZ6;INF277K01NA7;47.1229;46.6517;47.1229;07-Jul-2015

UTI Mutual Fund
120751;UTI Value Fund - Direct Plan - Growth Option;INF789F01VB2;;49.4369;49.4369;49.44;07-Jul-2015
120752;UTI Value Fund - Direct Plan - IDCW;INF789F01UZ3;INF789F01VA4;20.2098;20.2098;20.21;07-Jul-2015
103098;UTI Value Fund - Regular Plan - Growth Option;INF789F01AG5;;48.5077;48.5077;48.51;07-Jul-2015
103097;UTI Value Fund - Regular Plan - IDCW;INF789F01AE0;INF789F01AF7;18.2937;18.2937;18.29;07-Jul-2015

Open Ended Schemes ( Equity Scheme - Contra Fund )


Invesco Mutual Fund
120348;Invesco India Contra Fund - Direct Plan - Growth;INF205K01LE4;;32.42;32.10;32.42;07-Jul-2015
120349;Invesco India Contra Fund - Direct Plan - IDCW (Payout / Reinvestment);INF205K01LC8;INF205K01LD6;25.06;24.81;25.06;07-Jul-2015
105460;Invesco India Contra Fund - Growth;INF205K01189;;31.48;31.17;31.48;07-Jul-2015
105459;Invesco India Contra Fund - IDCW (Payout / Reinvestment);INF205K01205;INF205K01197;24.34;24.10;24.34;07-Jul-2015

Kotak Mahindra Mutual Fund
119769;Kotak Contra Fund - Direct Plan - Growth;INF174K01KZ9;;37.045;36.675;37.045;07-Jul-2015
119768;Kotak Contra Fund - Direct Plan - IDCW -Payout & Re-investment of Income Distribution cum capital withdrawal option- Direct;INF174K01LA0;INF174K01LB8;20.684;20.477;20.684;07-Jul-2015
103040;Kotak Contra Fund - Regular Plan - Growth;INF174K01245;;36.244;35.882;36.244;07-Jul-2015
103039;Kotak Contra Fund - Regular Plan - IDCW - Payout & Re-investment of Income Distribution cum capital withdrawal option;INF174K01260;INF174K01252;20.08;19.879;20.08;07-Jul-2015

SBI Mutual Fund
119835;SBI CONTRA FUND - DIRECT PLAN - GROWTH;INF200K01RA0;;89.4663;88.5716;89.4663;07-Jul-2015
119724;SBI Contra Fund - Direct Plan - Income Distribution cum Capital Withdrawal Option (IDCW);INF200K01QY2;INF200K01QZ9;26.1576;25.896;26.1576;07-Jul-2015
100915;SBI Contra Fund - Regular Plan - Income Distribution cum Capital Withdrawal Option (IDCW);INF200K01347;INF200K01354;21.3163;21.1031;21.3163;07-Jul-2015
102414;SBI CONTRA FUND - REGULAR PLAN -GROWTH;INF200K01362;;88.1244;87.2432;88.1244;07-Jul-2015

Open Ended Schemes ( Equity Scheme - Focused Fund )


360 ONE Mutual Fund
131581;360 ONE Focused Fund - Direct Plan - Dividend;INF579M01910;INF579M01928;11.1204;11.1204;11.1204;07-Jul-2015
131579;360 ONE Focused Fund - Regular Plan - Dividend;INF579M01886;INF579M01894;11.0253;11.0253;11.0253;07-Jul-2015
131578;360 ONE Focused Fund -Regular Plan - Growth;INF579M01878;;11.0253;11.0253;11.0253;07-Jul-2015
131580;360 ONE Focused Fund-Direct Plan-Growth;INF579M01902;;11.1204;11.1204;11.1204;07-Jul-2015

Aditya Birla Sun Life Mutual Fund
119564;Aditya Birla Sun Life Focused Fund - Growth - Direct Plan;INF209K01WE3;;44.5915;43.9226;44.5915;07-Jul-2015
119563;Aditya Birla Sun Life Focused Fund -Direct - IDCW;INF209K01Q71;INF209K01WF0;25.4026;25.0216;25.4026;07-Jul-2015
103309;Aditya Birla Sun Life Focused Fund -Growth Option;INF209K01462;;43.7321;43.0761;43.7321;07-Jul-2015
103308;Aditya Birla Sun Life Focused Fund -Regular - IDCW;INF209K01454;INF209K01CS5;18.7165;18.4358;18.7165;07-Jul-2015

Axis Mutual Fund
120468;Axis Focused Fund - Direct Plan - Growth Option;INF846K01CQ8;;19.01;18.82;19.01;07-Jul-2015
120467;Axis Focused Fund - Direct Plan - IDCW;INF846K01CO3;INF846K01CP0;18.82;18.63;18.82;07-Jul-2015
117560;Axis Focused Fund - Regular Plan - Growth Option;INF846K01CH7;;18.44;18.26;18.44;07-Jul-2015
117559;Axis Focused Fund - Regular Plan - IDCW;INF846K01CI5;INF846K01CJ3;16.64;16.47;16.64;07-Jul-2015

Bandhan Mutual Fund
118421;Bandhan Focused Fund - Direct Plan - Growth;INF194K01W21;;28.4157;28.4157;28.4157;07-Jul-2015
118422;Bandhan Focused Fund - Direct Plan - IDCW;INF194K01W39;INF194K01W47;15.6933;15.6933;15.6933;07-Jul-2015
108592;Bandhan Focused Fund - Regular Plan - Growth;INF194K01466;;27.9059;27.9059;27.9059;07-Jul-2015
108593;Bandhan Focused Fund - Regular Plan - IDCW;INF194K01474;INF194K01482;13.5187;13.5187;13.5187;07-Jul-2015

DSP Mutual Fund
119096;DSP Focused Fund - Direct Plan - Growth;INF740K01OB0;;18.324;18.141;18.324;07-Jul-2015
119095;DSP Focused Fund - Direct Plan - IDCW;INF740K01OC8;INF740K01OD6;18.324;18.141;18.324;07-Jul-2015
112901;DSP Focused Fund - Regular Plan - Growth;INF740K01532;;18.055;17.874;18.055;07-Jul-2015
113032;DSP Focused Fund - Regular Plan - IDCW;INF740K01540;INF740K01AC7;16.205;16.043;16.205;07-Jul-2015

Franklin Templeton Mutual Fund
118564;Franklin India Focused Equity Fund - Direct - Growth;INF090I01IW2;;30.9406;30.6312;30.9406;07-Jul-2015
118563;Franklin India Focused Equity Fund - Direct - IDCW ;INF090I01IU6;INF090I01IV4;25.7367;25.4793;25.7367;07-Jul-2015
105817;Franklin India Focused Equity Fund - Growth Plan;INF090I01981;;30.2568;29.9542;30.2568;07-Jul-2015
105816;Franklin India Focused Equity Fund - IDCW ;INF090I01965;INF090I01973;25.1508;24.8993;25.1508;07-Jul-2015

HDFC Mutual Fund
118950;HDFC Focused Fund - Growth Option - Direct Plan;INF179K01VK7;;60.396;59.792;60.396;07-Jul-2015
102760;HDFC Focused Fund - GROWTH PLAN;INF179K01574;;59.575;58.979;59.575;07-Jul-2015
118949;HDFC Focused Fund - IDCW Option - Direct Plan;INF179K01VI1;INF179K01VJ9;20.541;20.336;20.541;07-Jul-2015
102761;HDFC Focused Fund - IDCW PLAN;INF179K01558;INF179K01566;20.154;19.952;20.154;07-Jul-2015

ICICI Prudential Mutual Fund
120722;ICICI Prudential Focused Equity Fund - Direct Plan - Growth;INF109K018N2;;23.41;23.18;23.41;07-Jul-2015
120723;ICICI Prudential Focused Equity Fund - Direct Plan - IDCW;INF109K016N6;INF109K017N4;23.42;23.19;23.42;07-Jul-2015
111957;ICICI Prudential Focused Equity Fund - Growth;INF109K01BZ4;;22.99;22.76;22.99;07-Jul-2015
111958;ICICI Prudential Focused Equity Fund - IDCW;INF109K01FM3;INF109K01CA5;17.71;17.53;17.71;07-Jul-2015

JM Financial Mutual Fund
120488;JM Focused Fund (Direct)  - Growth Option;INF192K01BW7;;6.1223;6.1223;6.1223;07-Jul-2015
120487;JM Focused Fund (Direct) -  IDCW;INF192K01BU1;INF192K01BV9;6.1027;6.1027;6.1027;07-Jul-2015
107410;JM Focused Fund (Regular) - Growth Option;INF192K01577;;5.9979;5.9979;5.9979;07-Jul-2015
107409;JM Focused Fund (Regular) - IDCW;INF192K01551;INF192K01569;5.9977;5.9977;5.9977;07-Jul-2015

Motilal Oswal Mutual Fund
122389;Motilal Oswal Focused 25 Fund (MOF25)- Direct Plan Growth Option;INF247L01189;;17.1657;17.1657;17.1657;07-Jul-2015
122387;Motilal Oswal Focused 25 Fund (MOF25)- Regular Plan Growth Option;INF247L01155;;16.6247;16.6247;16.6247;07-Jul-2015
122390;Motilal Oswal Focused 25 Fund Direct - IDCW Payout/Reinvestment;INF247L01205;INF247L01197;15.9056;15.9056;15.9056;07-Jul-2015
122388;Motilal Oswal Focused 25 Fund Regular - IDCW Payout/Reinvestment;INF247L01171;INF247L01163;15.3967;15.3967;15.3967;07-Jul-2015

Nippon India Mutual Fund
118693;NIPPON INDIA FOCUSED  FUND - DIRECT Plan - IDCW Option;INF204K01F79;INF204K01F87;23.0669;23.0669;23.0669;07-Jul-2015
104638;NIPPON INDIA FOCUSED  FUND - IDCW OPTION;INF204K01GF4;INF204K01GG2;20.5684;20.5684;20.5684;07-Jul-2015
118692;Nippon India Focused Fund - Direct Plan Growth Plan - Growth Option;INF204K01F95;;34.1242;34.1242;34.1242;07-Jul-2015
104637;Nippon India Focused Fund -Growth Plan -Growth Option;INF204K01GE7;;33.5205;33.5205;33.5205;07-Jul-2015

Principal Mutual Fund
119464;Principal Focused Multicap Fund- Direct Plan - Growth Option;INF173K01EK6;;47.98;47.50;47.98;07-Jul-2015
119465;Principal Focused Multicap Fund- Direct Plan - Half Yearly Income Distribution CUM Capital Withdrawal Option;INF173K01EM2;INF173K01EL4;28.98;28.69;28.98;07-Jul-2015
103335;Principal Focused Multicap Fund-Growth Option;INF173K01189;;47.26;46.79;47.26;07-Jul-2015
103334;Principal Focused Multicap Fund-Half Yearly Income Distribution CUM Capital Withdrawal Option;INF173K01197;INF173K01205;28.62;28.33;28.62;07-Jul-2015

quant Mutual Fund
109275;quant Focused Fund - Growth Option - Regular Plan;INF966L01374;;22.7303;22.5030;22.7303;07-Jul-2015
120834;quant Focused Fund - Growth Option-Direct Plan;INF966L01853;;22.4854;22.2605;22.4854;07-Jul-2015
120835;quant Focused Fund - IDCW Option - Direct Plan;INF966L01838;INF966L01846;18.7026;18.5156;18.7026;07-Jul-2015
109274;quant Focused Fund - IDCW Option - Regular Plan;INF966L01358;INF966L01366;22.5054;22.2803;22.5054;07-Jul-2015

SBI Mutual Fund
119834;SBI Focused Fund - Direct Plan - Income Distribution cum Capital Withdrawal Option (IDCW);INF200K01RH5;INF200K01RI3;30.3057;30.0026;30.3057;07-Jul-2015
119727;SBI FOCUSED FUND - DIRECT PLAN -GROWTH;INF200K01RJ1;;93.411;92.4769;93.411;07-Jul-2015
102765;SBI Focused Fund - Regular Plan - Income Distribution cum Capital Withdrawal Option (IDCW);INF200K01388;INF200K01396;22.5254;22.3001;22.5254;07-Jul-2015
102756;SBI FOCUSED FUND - REGULAR PLAN -GROWTH;INF200K01370;;91.5092;90.5941;91.5092;07-Jul-2015

Sundaram Mutual Fund
119578;Sundaram Select Focus Direct Plan - Growth;INF903J01MV8;;130.5055;130.5055;130.5055;07-Jul-2015
119577;Sundaram Select Focus Direct Plan - Income Distribution cum Capital Withdrawal (IDCW);INF903J01MT2;INF903J01MU0;14.1025;14.1025;14.1025;07-Jul-2015
108305;Sundaram Select Focus Institutional Plan - Growth;INF903J01140;;133.3961;133.3961;133.3961;07-Jul-2015
103953;Sundaram Select Focus Institutional Plan - Income Distribution cum Capital Withdrawal (IDCW);INF903J01157;INF903J01165;14.2601;14.2601;14.2601;07-Jul-2015
101537;Sundaram Select Focus Regular Plan - Growth;INF903J01116;;128.8239;128.8239;128.8239;07-Jul-2015
101536;Sundaram Select Focus Regular Plan - Income Distribution cum Capital Withdrawal (IDCW);INF903J01124;INF903J01132;13.9375;13.9375;13.9375;07-Jul-2015

Open Ended Schemes ( Equity Scheme - Sectoral/ Thematic )


Aditya Birla Sun Life Mutual Fund
125598;Aditya Birla Sun Life Banking and Financial Services Fund - DIRECT - IDCW;INF209K013W3;INF209K015W8;14.99;14.69;14.99;07-Jul-2015
125597;Aditya Birla Sun Life Banking and Financial Services Fund - Direct Plan - Growth;INF209K014W1;;17.70;17.35;17.70;07-Jul-2015
125596;Aditya Birla Sun Life Banking and Financial Services Fund - REGULAR - IDCW;INF209K010W9;INF209K012W5;14.75;14.45;14.75;07-Jul-2015
125595;Aditya Birla Sun Life Banking and Financial Services Fund - Regular Plan - Growth;INF209K011W7;;17.42;17.07;17.42;07-Jul-2015
119576;Aditya Birla Sun Life Commodity Equities Fund - Global Agri Plan - Growth - Direct Plan;INF209K01VL0;;21.7603;21.1075;21.7603;07-Jul-2015
111349;Aditya Birla Sun Life Commodity Equities Fund - Global Agri Plan - Growth - Regular Plan;INF209K01207;;21.5362;20.8901;21.5362;07-Jul-2015
119575;Aditya Birla Sun Life Commodity Equities Fund - Global Agri Plan -Direct - IDCW;INF209K01P64;INF209K01VM8;16.7903;16.2866;16.7903;07-Jul-2015
111348;Aditya Birla Sun Life Commodity Equities Fund - Global Agri Plan -Regular - IDCW;INF209K01199;INF209K01CG0;16.5856;16.0880;16.5856;07-Jul-2015
120539;Aditya Birla Sun Life Digital India Fund - Growth - Direct Plan;INF209K01VF2;;33.65;33.31;33.65;07-Jul-2015
103168;Aditya Birla Sun Life Digital India Fund - Growth - Regular Plan;INF209K01140;;33.03;32.70;33.03;07-Jul-2015
120538;Aditya Birla Sun Life Digital India Fund -DIRECT - IDCW;INF209K01P49;INF209K01VE5;17.25;17.08;17.25;07-Jul-2015
103167;Aditya Birla Sun Life Digital India Fund -Regular - IDCW;INF209K01132;INF209K01CD7;18.73;18.54;18.73;07-Jul-2015
119591;Aditya Birla Sun Life India Gennext Fund - Growth - Direct Plan;INF209K01WC7;;56.83;56.26;56.83;07-Jul-2015
119590;Aditya Birla Sun Life India Gennext Fund -DIRECT - IDCW;INF209K01Q63;;24.19;23.95;24.19;07-Jul-2015
103110;Aditya Birla Sun Life India Gennext Fund -Regular - IDCW;INF209K01439;INF209K01CR7;21.85;21.63;21.85;07-Jul-2015
103111;Aditya Birla Sun Life India Gennext Fund-Growth Option;INF209K01447;;55.65;55.09;55.65;07-Jul-2015
119515;Aditya Birla Sun Life Infrastructure Fund -  Direct - IDCW;INF209K01WG8;;18.84;18.65;18.84;07-Jul-2015
103475;Aditya Birla Sun Life Infrastructure Fund -  Regular - IDCW;INF209K01470;INF209K01CT3;14.74;14.59;14.74;07-Jul-2015
119514;Aditya Birla Sun Life Infrastructure Fund - Growth - Direct Plan;INF209K01WH6;;27.45;27.18;27.45;07-Jul-2015
103476;Aditya Birla Sun Life Infrastructure Fund-Growth;INF209K01504;;26.95;26.68;26.95;07-Jul-2015
119516;Aditya Birla Sun Life International Equity Fund - Direct - IDCW;INF209K01Q89;INF209K01WT1;16.8001;16.6321;16.8001;07-Jul-2015
119517;Aditya Birla Sun Life International Equity Fund - Growth - Direct Plan;INF209K01WS3;;16.7880;16.6201;16.7880;07-Jul-2015
106873;Aditya Birla Sun Life International Equity Fund - Growth - Regular Plan;INF209K01520;;16.5573;16.3917;16.5573;07-Jul-2015
106872;Aditya Birla Sun Life International Equity Fund - Regular - IDCW;INF209K01512;INF209K01CV9;15.2339;15.0816;15.2339;07-Jul-2015
119519;Aditya Birla Sun Life International Equity Fund - Plan B - Direct - IDCW;INF209K01Q97;INF209K01WV7;14.4977;14.3527;14.4977;07-Jul-2015
119518;Aditya Birla Sun Life International Equity Fund - Plan B - Growth - Direct Plan;INF209K01WU9;;14.5004;14.3554;14.5004;07-Jul-2015
106876;Aditya Birla Sun Life International Equity Fund - Plan B - Growth - Regular Plan;INF209K01546;;14.3056;14.1625;14.3056;07-Jul-2015
106875;Aditya Birla Sun Life International Equity Fund - Plan B - Regular - IDCW;INF209K01538;INF209K01CW7;14.3053;14.1622;14.3053;07-Jul-2015
133514;Aditya Birla Sun Life Manufacturing Equity Fund - Direct - IDCW;INF209KA1YL8;INF209KA1YM6;10.26;10.26;10.26;07-Jul-2015
133516;Aditya Birla Sun Life Manufacturing Equity Fund - Direct Plan - Growth;INF209KA1YK0;;10.26;10.26;10.26;07-Jul-2015
133515;Aditya Birla Sun Life Manufacturing Equity Fund - Regular - IDCW;INF209KA1YI4;INF209KA1YJ2;10.22;10.22;10.22;07-Jul-2015
133513;Aditya Birla Sun Life Manufacturing Equity Fund - Regular Plan - Growth;INF209KA1YH6;;10.22;10.22;10.22;07-Jul-2015
119647;Aditya Birla Sun Life MNC Fund - DIRECT - IDCW;INF209K01Q06;INF209K01VU1;204.81;202.76;204.81;07-Jul-2015
119646;Aditya Birla Sun Life MNC Fund - Growth - Direct Plan;INF209K01VT3;;604.22;598.18;604.22;07-Jul-2015
100064;Aditya Birla Sun Life MNC Fund - Growth - Regular Plan;INF209K01322;;593.51;587.57;593.51;07-Jul-2015
100063;Aditya Birla Sun Life MNC Fund - Regular - IDCW;INF209K01314;INF209K01CL0;158.16;156.58;158.16;07-Jul-2015

Bandhan Mutual Fund
114476;BANDHAN Infrastructure Fund - Regular Plan - Growth;INF194K01BY9;;12.4057;12.4057;12.4057;07-Jul-2015
114477;BANDHAN Infrastructure Fund - Regular Plan - IDCW;INF194K01BZ6;INF194K01CA7;12.4113;12.4113;12.4113;07-Jul-2015
118469;BANDHAN Infrastructure Fund-Direct Plan-Growth;INF194K01X46;;12.7559;12.7559;12.7559;07-Jul-2015
118468;BANDHAN Infrastructure Fund-Direct Plan-IDCW;INF194K01X53;INF194K01X61;12.7576;12.7576;12.7576;07-Jul-2015

Bank of India Mutual Fund
119364;BANK OF INDIA Manufacturing & Infrastructure Fund-Direct Plan-Growth;INF761K01702;;12.94;12.81;12.94;07-Jul-2015
119365;BANK OF INDIA Manufacturing & Infrastructure Fund-Direct Plan-Quarterly IDCW;INF761K01728;INF761K01710;12.91;12.78;12.91;07-Jul-2015
119363;BANK OF INDIA Manufacturing & Infrastructure Fund-Direct Plan-Regular IDCW;INF761K01694;INF761K01686;12.90;12.77;12.90;07-Jul-2015
112359;BANK OF INDIA Manufacturing & Infrastructure Fund-Growth;INF761K01199;;12.65;12.52;12.65;07-Jul-2015
112360;BANK OF INDIA Manufacturing & Infrastructure Fund-Quarterly IDCW;INF761K01231;INF761K01223;12.65;12.52;12.65;07-Jul-2015
112361;BANK OF INDIA Manufacturing & Infrastructure Fund-Regular IDCW;INF761K01215;INF761K01207;12.65;12.52;12.65;07-Jul-2015

Baroda BNP Paribas Mutual Fund
119333;Baroda BNP Paribas Banking and Financial Services Fund - Direct - Growth Option;INF955L01971;;16.78;16.61;16.78;07-Jul-2015
119334;Baroda BNP Paribas Banking and Financial Services Fund - Direct - IDCW Option;INF955L01955;;15.61;15.45;15.61;07-Jul-2015
125114;Baroda BNP Paribas Banking And Financial Services Fund - Plan A - Bonus Option;INF955L01DD1;;16.42;16.26;16.42;07-Jul-2015
117549;Baroda BNP Paribas Banking and Financial Services Fund - Regular - Growth Option;INF955L01856;;16.42;16.26;16.42;07-Jul-2015
117547;Baroda BNP Paribas Banking and Financial Services Fund - Regular - IDCW Option;INF955L01831;;15.27;15.12;15.27;07-Jul-2015
125115;Baroda Pioneer Banking And Financial Services Fund - Plan B (Direct) - Bonus Option;INF955L01DE9;;16.78;16.61;16.78;07-Jul-2015

Canara Robeco Mutual Fund
118273;CANARA ROBECO CONSUMER TRENDS FUND - DIRECT PLAN - GROWTH OPTION;INF760K01DU1;;27.0600;27.0600;27.0600;07-Jul-2015
118274;CANARA ROBECO CONSUMER TRENDS FUND - DIRECT PLAN - IDCW (Payout/Reinvestment);INF760K01DS5;INF760K01DT3;25.2100;25.2100;25.2100;07-Jul-2015
112150;Canara Robeco Consumer Trends Fund - Institutional Plan - Growth Option;INF760K01217;;26.6400;26.6400;26.6400;07-Jul-2015
112152;CANARA ROBECO CONSUMER TRENDS FUND - REGULAR PLAN - GROWTH OPTION;INF760K01241;;26.6100;26.6100;26.6100;07-Jul-2015
112153;CANARA ROBECO CONSUMER TRENDS FUND - REGULAR PLAN - IDCW (Payout/Reinvestment);INF760K01225;INF760K01233;22.0100;22.0100;22.0100;07-Jul-2015
118267;CANARA ROBECO INFRASTRUCTURE FUND - DIRECT PLAN - GROWTH OPTION;INF760K01FO9;;39.3600;39.3600;39.3600;07-Jul-2015
118268;CANARA ROBECO INFRASTRUCTURE FUND - DIRECT PLAN - IDCW (Payout/Reinvestment);INF760K01FM3;INF760K01FN1;28.3600;28.3600;28.3600;07-Jul-2015
103390;CANARA ROBECO INFRASTRUCTURE FUND - REGULAR PLAN - GROWTH OPTION;INF760K01274;;38.8100;38.8100;38.8100;07-Jul-2015
103389;CANARA ROBECO INFRASTRUCTURE FUND - REGULAR PLAN - IDCW (Payout/Reinvestment);INF760K01258;INF760K01266;27.4500;27.4500;27.4500;07-Jul-2015

DSP Mutual Fund
119247;DSP India T.I.G.E.R. Fund - Direct Plan - Growth;INF740K01PU7;;72.857;72.128;72.857;07-Jul-2015
119248;DSP India T.I.G.E.R. Fund - Direct Plan - IDCW;INF740K01PV5;INF740K01PW3;26.217;25.955;26.217;07-Jul-2015
102434;DSP India T.I.G.E.R. Fund - Regular Plan - Growth;INF740K01151;;71.957;71.237;71.957;07-Jul-2015
102435;DSP India T.I.G.E.R. Fund - Regular Plan - IDCW;INF740K01136;INF740K01144;19.223;19.031;19.223;07-Jul-2015
119028;DSP Natural Resources and New Energy Fund - Direct Plan - Growth;INF740K01QA7;;19.216;19.024;19.216;07-Jul-2015
119029;DSP Natural Resources and New Energy Fund - Direct Plan - IDCW;INF740K01QB5;INF740K01QC3;14.067;13.926;14.067;07-Jul-2015
108202;DSP Natural Resources And New Energy Fund - Regular - Growth;INF740K01060;;18.979;18.789;18.979;07-Jul-2015
108203;DSP Natural Resources And New Energy Fund - Regular Plan - IDCW;INF740K01045;INF740K01052;13.905;13.766;13.905;07-Jul-2015

Franklin Templeton Mutual Fund
118559;Franklin Asian Equity Fund - Direct - Growth;INF090I01IZ5;;16.3232;16.1600;16.3232;07-Jul-2015
118558;Franklin Asian Equity Fund - Direct - IDCW ;INF090I01IX0;INF090I01IY8;13.7074;13.5703;13.7074;07-Jul-2015
106979;Franklin Asian Equity Fund - Growth Plan;INF090I01AB3;;16.0985;15.9375;16.0985;07-Jul-2015
106978;Franklin Asian Equity Fund - IDCW ;INF090I01999;INF090I01AA5;13.5064;13.3713;13.5064;07-Jul-2015
118557;Franklin Build India Fund - Direct - Growth;INF090I01JF5;;30.6695;30.3628;30.6695;07-Jul-2015
118556;Franklin Build India Fund - Direct - IDCW ;INF090I01JD0;INF090I01JE8;23.0260;22.7957;23.0260;07-Jul-2015
112093;Franklin Build India Fund - IDCW ;INF090I01AC1;INF090I01AD9;22.4483;22.2238;22.4483;07-Jul-2015
112092;Franklin Build India Fund Growth Plan;INF090I01AE7;;29.9598;29.6602;29.9598;07-Jul-2015
118539;Franklin India Opportunities Fund - Direct - Growth;INF090I01GC8;;59.2544;58.6619;59.2544;07-Jul-2015
118538;Franklin INDIA OPPORTUNITIES FUND - Direct - IDCW ;INF090I01GD6;INF090I01GE4;21.5334;21.3181;21.5334;07-Jul-2015
103151;Franklin India Opportunities Fund - Growth;INF090I01841;;58.5930;58.0071;58.5930;07-Jul-2015
100524;Franklin INDIA OPPORTUNITIES FUND - IDCW ;INF090I01858;INF090I01866;21.2823;21.0695;21.2823;07-Jul-2015
118537;Franklin India Technology Fund - Direct - Growth;INF090I01FE6;;112.6115;111.4854;112.6115;07-Jul-2015
118536;Franklin India Technology Fund - Direct - IDCW ;INF090I01FF3;INF090I01FG1;25.5661;25.3104;25.5661;07-Jul-2015
100521;Franklin India Technology Fund - IDCW ;INF090I01759;INF090I01767;25.2338;24.9815;25.2338;07-Jul-2015
100522;Franklin India Technology Fund-Growth;INF090I01742;;111.2400;110.1276;111.2400;07-Jul-2015

HDFC Mutual Fund
118979;HDFC Infrastructure Fund - Growth Option - Direct Plan;INF179K01WQ2;;16.687;16.520;16.687;07-Jul-2015
107524;HDFC Infrastructure Fund - Growth Plan;INF179K01GF8;;16.358;16.194;16.358;07-Jul-2015
118978;HDFC Infrastructure Fund - IDCW Option - Direct Plan;INF179K01WP4;INF179K01WR0;16.687;16.520;16.687;07-Jul-2015
107525;HDFC Infrastructure Fund - IDCW Plan;INF179K01GE1;INF179K01GG6;14.960;14.810;14.960;07-Jul-2015

ICICI Prudential Mutual Fund
109445;ICICI Prudential Banking and Financial Services Fund -  Growth;INF109K01BU5;;38.51;38.12;38.51;07-Jul-2015
109446;ICICI Prudential Banking and Financial Services Fund -  IDCW;INF109K01DY3;INF109K01BV3;29.32;29.03;29.32;07-Jul-2015
120244;ICICI Prudential Banking and Financial Services Fund - Direct Plan -  Growth;INF109K013J1;;39.31;38.92;39.31;07-Jul-2015
120245;ICICI Prudential Banking and Financial Services Fund - Direct Plan -  IDCW;INF109K011J5;INF109K012J3;37.54;37.16;37.54;07-Jul-2015
120688;ICICI Prudential Exports & Services Fund - Direct Plan - Growth;INF109K01W25;;45.58;44.44;45.58;07-Jul-2015
120687;ICICI Prudential Exports & Services Fund - Direct Plan - IDCW;INF109K01W09;INF109K01W17;34.30;33.44;34.30;07-Jul-2015
103312;ICICI Prudential Exports & Services Fund - Growth;INF109K01BB5;;44.90;43.78;44.90;07-Jul-2015
103313;ICICI Prudential Exports & Services Fund - IDCW;INF109K01FL5;INF109K01BA7;26.13;25.48;26.13;07-Jul-2015
120587;ICICI Prudential FMCG Fund - Direct Plan -  Growth;INF109K01Z14;;162.57;160.94;162.57;07-Jul-2015
120588;ICICI Prudential FMCG Fund - Direct Plan -  IDCW;INF109K01Y98;INF109K01Z06;80.96;80.15;80.96;07-Jul-2015
100352;ICICI Prudential FMCG Fund - Growth;INF109K01415;;160.08;158.48;160.08;07-Jul-2015
100351;ICICI Prudential FMCG Fund - IDCW;INF109K01EO2;INF109K01423;67.88;67.20;67.88;07-Jul-2015
120621;ICICI Prudential Infrastructure Fund - Direct Plan -  Growth;INF109K018M4;;43.48;43.05;43.48;07-Jul-2015
120622;ICICI Prudential Infrastructure Fund - Direct Plan -  IDCW;INF109K016M8;INF109K017M6;17.06;16.89;17.06;07-Jul-2015
103149;ICICI Prudential Infrastructure Fund - Growth;INF109K01AV5;;42.80;42.37;42.80;07-Jul-2015
103150;ICICI Prudential Infrastructure Fund - IDCW;INF109K01FB6;INF109K01AT9;16.09;15.93;16.09;07-Jul-2015
120594;ICICI Prudential Technology Fund - Direct Plan -  Growth;INF109K01Z48;;39.73;39.33;39.73;07-Jul-2015
120595;ICICI Prudential Technology Fund - Direct Plan -  IDCW;INF109K01Z22;INF109K01Z30;39.72;39.32;39.72;07-Jul-2015
100363;ICICI Prudential Technology Fund - Growth;INF109K01506;;39.07;38.68;39.07;07-Jul-2015
115294;ICICI Prudential Technology Fund - IDCW;INF109K01FO9;INF109K01514;30.39;30.09;30.39;07-Jul-2015
120186;ICICI Prudential US Bluechip Equity Fund - Direct Plan -  Growth;INF109K01Z71;;18.17;17.62;18.17;07-Jul-2015
120185;ICICI Prudential US Bluechip Equity Fund - Direct Plan -  IDCW;INF109K01Z55;INF109K01Z63;18.17;17.62;18.17;07-Jul-2015
117620;ICICI Prudential US Bluechip Equity Fund - Growth;INF109K01E35;;17.83;17.30;17.83;07-Jul-2015
117619;ICICI Prudential US Bluechip Equity Fund - IDCW;INF109K01E43;INF109K01E50;17.83;17.30;17.83;07-Jul-2015

Invesco Mutual Fund
120385;Invesco India Financial Services Fund - Direct Plan - Growth;INF205K01KY4;;36.88;36.51;36.88;07-Jul-2015
120384;Invesco India Financial Services Fund - Direct Plan - IDCW (Payout / Reinvestment);INF205K01KW8;INF205K01KX6;24.58;24.33;24.58;07-Jul-2015
108377;Invesco India Financial Services Fund - Regular Plan -  IDCW (Payout / Reinvestment);INF205K01171;INF205K01163;23.85;23.61;23.85;07-Jul-2015
108378;Invesco India Financial Services Fund - Retail Growth;INF205K01155;;35.79;35.43;35.79;07-Jul-2015
120405;Invesco India Infrastructure Fund - Direct Plan - Growth Option;INF205K01MD4;;14.59;14.44;14.59;07-Jul-2015
120404;Invesco India Infrastructure Fund - Direct Plan - IDCW (Payout / Reinvestment);INF205K01MB8;INF205K01MC6;14.59;14.44;14.59;07-Jul-2015
106654;Invesco India Infrastructure Fund - Growth Option;INF205K01CD5;;14.16;14.02;14.16;07-Jul-2015
106653;Invesco India Infrastructure Fund - IDCW (Payout / Reinvestment);INF205K01CE3;INF205K01CF0;14.16;14.02;14.16;07-Jul-2015
120395;Invesco India PSU Equity Fund - Direct Plan - Growth;INF205K01NG5;;14.64;14.49;14.64;07-Jul-2015
120394;Invesco India PSU Equity Fund - Direct Plan - IDCW (Payout / Reinvestment);INF205K01NE0;INF205K01NF7;13.20;13.07;13.20;07-Jul-2015
112171;Invesco India PSU Equity Fund - Growth;INF205K01338;;14.25;14.11;14.25;07-Jul-2015
112173;Invesco India PSU Equity Fund - IDCW (Payout / Reinvestment);INF205K01353;INF205K01346;12.85;12.72;12.85;07-Jul-2015

Kotak Mahindra Mutual Fund
133796;Kotak Infrastructure & Economic Reform Fund - Standard Plan-Growth;INF178L01095;;15.854;15.695;15.854;07-Jul-2015
133799;Kotak Infrastructure & Economic Reform Fund - Standard Plan-Payout of Income Distribution cum capital withdrawal option;INF178L01079;INF178L01087;15.333;15.18;15.333;07-Jul-2015
133801;Kotak Infrastructure & Economic Reform Fund- Direct Plan- Growth Option;INF178L01AL9;;16.192;16.03;16.192;07-Jul-2015
133800;Kotak Infrastructure & Economic Reform Fund- Direct Plan- Payout of Income Distribution cum capital withdrawal option;INF178L01AK1;INF178L01AJ3;16.186;16.024;16.186;07-Jul-2015

L&T Mutual Fund
130825;L&T Business Cycles Fund - Direct Plan - Growth;INF917K01RI2;;12.712;12.585;12.712;07-Jul-2015
130828;L&T Business Cycles Fund - Direct Plan - IDCW;INF917K01RK8;INF917K01RJ0;12.712;12.585;12.712;07-Jul-2015
130827;L&T Business Cycles Fund - Regular Plan - Growth;INF917K01RF8;;12.636;12.510;12.636;07-Jul-2015
130826;L&T Business Cycles Fund - Regular Plan - IDCW;INF917K01RH4;INF917K01RG6;12.636;12.510;12.636;07-Jul-2015
112600;L&T Infrastructure Fund - Regular Plan - Growth;INF917K01536;;11.26;11.15;11.26;07-Jul-2015
112601;L&T Infrastructure Fund - Regular Plan - IDCW;INF917K01544;INF917K01551;11.26;11.15;11.26;07-Jul-2015
119413;L&T Infrastructure Fund -Direct Plan-Growth;INF917K01FW8;;11.44;11.33;11.44;07-Jul-2015
119412;L&T Infrastructure Fund-Direct Plan-IDCW;INF917K01E52;INF917K01FU2;11.44;11.33;11.44;07-Jul-2015

LIC Mutual Fund
134017;LIC MF Banking and Financial Services Fund-Direct Plan-Growth;INF767K01NK6;;10.0354;9.8347;10.0354;07-Jul-2015
133908;LIC MF Banking and Financial Services Fund-Direct Plan-IDCW;INF767K01NJ8;INF767K01NL4;10.0346;9.8339;10.0346;07-Jul-2015
134016;LIC MF Banking and Financial Services Fund-Regular Plan-Growth;INF767K01NH2;;10.0297;9.8291;10.0297;07-Jul-2015
134015;LIC MF Banking and Financial Services Fund-Regular Plan-IDCW;INF767K01NG4;INF767K01NI0;10.0297;9.8291;10.0297;07-Jul-2015
120351;LIC MF Infrastructure Fund-Direct Plan-Growth;INF767K01GW5;;12.8104;12.6823;12.8104;07-Jul-2015
120350;LIC MF Infrastructure Fund-Direct Plan-IDCW;INF767K01GV7;INF767K01GX3;12.7986;12.6706;12.7986;07-Jul-2015
107763;LIC MF Infrastructure Fund-Regular Plan-Growth;INF767K01501;;12.5945;12.4686;12.5945;07-Jul-2015
107764;LIC MF Infrastructure Fund-Regular Plan-IDCW;INF767K01485;INF767K01493;12.5943;12.4684;12.5943;07-Jul-2015

Mirae Asset Mutual Fund
118837;Mirae Asset Great Consumer Fund - Direct Plan - Growth;INF769K01BL5;;22.807;22.351;22.807;07-Jul-2015
114931;Mirae Asset Great Consumer Fund - Regular Plan - Growth option;INF769K01135;;22.165;21.722;22.165;07-Jul-2015
118838;Mirae Asset Great Consumer Fund Direct IDCW;INF769K01BM3;INF769K01BN1;22.766;22.311;22.766;07-Jul-2015
114930;Mirae Asset Great Consumer Fund Regular IDCW;INF769K01150;INF769K01143;16.188;15.864;16.188;07-Jul-2015

Nippon India Mutual Fund
118588;Nippon India Banking & Financial Services Fund - Direct Plan Growth Plan - Bonus Option;INF204K01D22;;185.3212;183.4680;185.3212;07-Jul-2015
118589;Nippon India Banking & Financial Services Fund - Direct Plan Growth Plan - Growth Option;INF204K01XO1;;185.3212;183.4680;185.3212;07-Jul-2015
101864;Nippon India Banking & Financial Services Fund - IDCW Option;INF204K01893;INF204K01901;50.0448;49.5444;50.0448;07-Jul-2015
118591;Nippon India Banking & Financial Services Fund- DIRECT Plan - IDCW Option;INF204K01XM5;INF204K01XN3;57.6286;57.0523;57.6286;07-Jul-2015
101863;Nippon India Banking & Financial Services Fund-Growth Plan-Bonus Option;INF204K01919;;183.1392;181.3078;183.1392;07-Jul-2015
101862;Nippon India Banking & Financial Services Fund-Growth Plan-Growth Option;INF204K01927;;183.1392;181.3078;183.1392;07-Jul-2015
118725;NIPPON INDIA CONSUMPTION FUND - DIRECT Plan - IDCW Option;INF204K01G37;INF204K01G45;25.2303;24.9780;25.2303;07-Jul-2015
118722;Nippon India Consumption Fund - Direct Plan Growth Plan - Bonus;INF204K01G29;;51.8235;51.3053;51.8235;07-Jul-2015
118724;Nippon India Consumption Fund - Direct Plan Growth Plan - Growth Option;INF204K01G52;;51.8235;51.3053;51.8235;07-Jul-2015
102753;NIPPON INDIA CONSUMPTION FUND - IDCW Option;INF204K01AN1;INF204K01AO9;21.5748;21.3591;21.5748;07-Jul-2015
102752;Nippon India Consumption Fund-Growth Plan-Bonus Option;INF204K01AP6;;50.9076;50.3985;50.9076;07-Jul-2015
102751;Nippon India Consumption Fund-Growth Plan-Growth Option;INF204K01AQ4;;50.9076;50.3985;50.9076;07-Jul-2015
130864;NIPPON INDIA - JAPAN EQUITY FUND - DIRECT Plan - IDCW Option;INF204KA1SM3;;11.1350;11.0237;11.1350;07-Jul-2015
130859;NIPPON INDIA - JAPAN EQUITY FUND - IDCW Option;INF204KA1SL5;;11.0787;10.9679;11.0787;07-Jul-2015
130861;Nippon India Japan Equity Fund- Direct Plan- Growth Plan- Bonus Option;INF204KA1SK7;;11.1350;11.0237;11.1350;07-Jul-2015
130860;Nippon India Japan Equity Fund- Direct Plan- Growth Plan- Growth Option;INF204KA1SI1;;11.1350;11.0237;11.1350;07-Jul-2015
130858;Nippon India Japan Equity Fund- Growth Plan- Bonus Option;INF204KA1SJ9;;11.0787;10.9679;11.0787;07-Jul-2015
130863;Nippon India Japan Equity Fund- Growth Plan- Growth Option;INF204KA1SH3;;11.0787;10.9679;11.0787;07-Jul-2015
118756;NIPPON INDIA PHARMA FUND - DIRECT Plan - IDCW Option;INF204K01I35;INF204K01I43;79.7664;78.9687;79.7664;07-Jul-2015
118758;Nippon India Pharma Fund - Direct Plan Growth Plan - Bonus Option;INF204K01I27;;139.4656;138.0709;139.4656;07-Jul-2015
118759;Nippon India Pharma Fund - Direct Plan Growth Plan - Growth Option;INF204K01I50;;139.4656;138.0709;139.4656;07-Jul-2015
102433;NIPPON INDIA PHARMA FUND - IDCW Option;INF204K01935;INF204K01943;71.0908;70.3799;71.0908;07-Jul-2015
102432;Nippon India Pharma Fund-Growth Plan-Bonus Option;INF204K01950;;136.9684;135.5987;136.9684;07-Jul-2015
102431;Nippon India Pharma Fund-Growth Plan-Growth Option;INF204K01968;;136.9684;135.5987;136.9684;07-Jul-2015
118760;NIPPON INDIA POWER & INFRA FUND - DIRECT Plan - IDCW Option;INF204K01I76;INF204K01I84;33.0245;32.6943;33.0245;07-Jul-2015
118762;Nippon India Power & Infra Fund - Direct Plan Growth Plan - Bonus Option;INF204K01I68;;77.5117;76.7366;77.5117;07-Jul-2015
118763;Nippon India Power & Infra Fund - Direct Plan Growth Plan - Growth Option;INF204K01I92;;77.5117;76.7366;77.5117;07-Jul-2015
101264;NIPPON INDIA POWER & INFRA FUND - IDCW Option;INF204K01AB6;INF204K01AC4;32.4209;32.0967;32.4209;07-Jul-2015
101262;Nippon India Power & Infra Fund-Growth Plan -Growth Option;INF204K01AE0;;76.4667;75.7020;76.4667;07-Jul-2015
101263;Nippon India Power & Infra Fund-Growth Plan-Bonus Option;INF204K01AD2;;76.4667;75.7020;76.4667;07-Jul-2015
118767;NIPPON INDIA QUANT FUND - DIRECT Plan - IDCW Option;INF204K01J18;INF204K01J26;11.8705;11.8408;11.8705;07-Jul-2015
118770;Nippon India Quant Fund - Direct Plan Growth Plan - Bonus Option;INF204K01J00;;20.6368;20.5852;20.6368;07-Jul-2015
118769;Nippon India Quant Fund - Direct Plan Growth Plan - Growth Option;INF204K01J34;;20.6368;20.5852;20.6368;07-Jul-2015
108252;NIPPON INDIA QUANT FUND - IDCW Option;INF204K01745;INF204K01752;10.6992;10.6725;10.6992;07-Jul-2015
108249;Nippon India Quant Fund -Growth Plan - Growth Option;INF204K01760;;20.0647;20.0145;20.0647;07-Jul-2015
108258;Nippon India Quant Fund -Growth Plan -Bonus Option;INF204K01737;;20.0647;20.0145;20.0647;07-Jul-2015

quant Mutual Fund
106170;quant Infrastructure Fund - Growth Option;INF966L01523;;7.0700;6.9993;7.0700;07-Jul-2015
120833;quant Infrastructure Fund - Growth Option-Direct Plan;INF966L01721;;7.0834;7.0126;7.0834;07-Jul-2015
120832;quant Infrastructure Fund - IDCW Option - Direct Plan;INF966L01705;INF966L01713;7.0974;7.0264;7.0974;07-Jul-2015
106169;quant Infrastructure Fund - IDCW Option - Regular Plan;INF966L01507;INF966L01515;7.0464;6.9759;7.0464;07-Jul-2015

SBI Mutual Fund
133859;SBI BANKING & FINANCIAL SERVICES FUND - DIRECT PLAN - GROWTH;INF200KA1507;;9.9439;9.8445;9.9439;07-Jul-2015
133857;SBI Banking & Financial Services Fund - Direct Plan - Income Distribution cum Capital Withdrawal Option (IDCW);INF200KA1515;INF200KA1523;9.9409;9.8415;9.9409;07-Jul-2015
133858;SBI BANKING & FINANCIAL SERVICES FUND - REGULAR PLAN - GROWTH;INF200KA1473;;9.9291;9.8298;9.9291;07-Jul-2015
133860;SBI Banking & Financial Services Fund - Regular Plan - Income Distribution cum Capital Withdrawal Option (IDCW);INF200KA1481;INF200KA1499;9.9292;9.8299;9.9292;07-Jul-2015
119705;SBI COMMA Fund - DIRECT PLAN - Growth;INF200K01SB6;;25.9303;25.671;25.9303;07-Jul-2015
119613;SBI Comma Fund - Direct Plan - Income Distribution cum Capital Withdrawal Option (IDCW);INF200K01RZ7;INF200K01SA8;17.5323;17.357;17.5323;07-Jul-2015
103145;SBI COMMA Fund - REGULAR PLAN - Growth;INF200K01339;;25.5528;25.2973;25.5528;07-Jul-2015
103146;SBI Comma Fund - Regular Plan - Income Distribution cum Capital Withdrawal Option (IDCW);INF200K01313;INF200K01321;17.2573;17.0847;17.2573;07-Jul-2015
120575;SBI CONSUMPTION OPPORTUNITIES FUND - DIRECT PLAN - GROWTH;INF200K01RM5;;75.7299;75.7299;75.7299;07-Jul-2015
119730;SBI Consumption Opportunities Fund - Direct Plan - Income Distribution cum Capital Withdrawal Option (IDCW);INF200K01RK9;INF200K01RL7;62.9821;62.9821;62.9821;07-Jul-2015
120576;SBI CONSUMPTION OPPORTUNITIES FUND - REGULAR - GROWTH;INF200K01VR6;;73.8274;73.8274;73.8274;07-Jul-2015
100645;SBI Consumption Opportunities Fund - Regular Plan - Income Distribution cum Capital Withdrawal Option (IDCW);INF200K01404;INF200K01412;52.526;52.526;52.526;07-Jul-2015
119708;SBI ESG Exclusionary Strategy Fund - Direct Plan - Income Distribution cum Capital Withdrawal Option (IDCW);INF200K01SC4;INF200K01SD2;38.2173;37.8351;38.2173;07-Jul-2015
119709;SBI ESG Exclusionary Strategy Fund - Direct Plan -Growth;INF200K01SE0;;77.3909;76.617;77.3909;07-Jul-2015
104523;SBI ESG Exclusionary Strategy Fund - Regular Plan - Growth;INF200K01214;;76.1839;75.4221;76.1839;07-Jul-2015
101295;SBI ESG Exclusionary Strategy Fund - Regular Plan - Income Distribution cum Capital Withdrawal Option (IDCW);INF200K01198;INF200K01206;32.9724;32.6427;32.9724;07-Jul-2015
119782;SBI Healthcare Opportunities Fund - Direct Plan - Income Distribution cum Capital Withdrawal Option (IDCW);INF200K01UN7;INF200K01UO5;120.8773;120.8773;120.8773;07-Jul-2015
119783;SBI HEALTHCARE OPPORTUNITIES FUND - DIRECT PLAN -GROWTH;INF200K01UP2;;146.66;146.66;146.66;07-Jul-2015
100644;SBI Healthcare Opportunities Fund - Regular Plan - Income Distribution cum Capital Withdrawal Option (IDCW);INF200K01453;INF200K01461;107.0583;107.0583;107.0583;07-Jul-2015
102823;SBI HEALTHCARE OPPORTUNITIES FUND - REGULAR PLAN -GROWTH;INF200K01446;;143.3491;143.3491;143.3491;07-Jul-2015
119700;SBI INFRASTRUCTURE FUND -  DIRECT PLAN - GROWTH;INF200K01RS2;;11.9446;11.8252;11.9446;07-Jul-2015
106096;SBI INFRASTRUCTURE FUND -  REGULAR PLAN - GROWTH;INF200K01CT2;;11.7893;11.6714;11.7893;07-Jul-2015
119695;SBI Infrastructure Fund - Direct Plan - Income Distribution cum Capital Withdrawal Option (IDCW);INF200K01RQ6;INF200K01RR4;11.9336;11.8143;11.9336;07-Jul-2015
106095;SBI Infrastructure Fund - Regular Plan - Income Distribution cum Capital Withdrawal Option (IDCW);INF200K01CU0;INF200K01CV8;11.7903;11.6724;11.7903;07-Jul-2015
103114;SBI Magnum Global Fund - Regular Plan - Income Distribution cum Capital Withdrawal Option (IDCW);INF200K01255;INF200K01263;55.783;55.2252;55.783;07-Jul-2015
119710;SBI MNC Fund - Direct Plan - Income Distribution cum Capital Withdrawal Option (IDCW);INF200K01SL5;INF200K01SM3;65.2818;64.629;65.2818;07-Jul-2015
119711;SBI MNC FUND - DIRECT PLAN -GROWTH;INF200K01SN1;;138.7299;137.3426;138.7299;07-Jul-2015
103034;SBI MNC FUND - REGULAR PLAN -GROWTH;INF200K01271;;136.3838;135.02;136.3838;07-Jul-2015
119732;SBI PSU Fund - DIRECT PLAN - GROWTH;INF200K01UY4;;9.8184;9.7202;9.8184;07-Jul-2015
119733;SBI PSU Fund - Direct Plan - Income Distribution cum Capital Withdrawal Option (IDCW);INF200K01UW8;INF200K01UX6;9.8098;9.7117;9.8098;07-Jul-2015
112923;SBI PSU Fund - Regular Plan - Income Distribution cum Capital Withdrawal Option (IDCW);INF200K01BD8;INF200K01BE6;9.6983;9.6013;9.6983;07-Jul-2015
113099;SBI PSU Fund - REGULAR PLAN -Growth;INF200K01BC0;;9.6997;9.6027;9.6997;07-Jul-2015
120578;SBI TECHNOLOGY OPPORTUNITIES FUND - DIRECT PLAN - GROWTH;INF200K01RV6;;46.056;46.056;46.056;07-Jul-2015
119731;SBI Technology Opportunities Fund - Direct Plan - Income Distribution cum Capital Withdrawal Option (IDCW);INF200K01RT0;INF200K01RU8;38.5054;38.5054;38.5054;07-Jul-2015
120577;SBI TECHNOLOGY OPPORTUNITIES FUND - REGULAR PLAN - GROWTH;INF200K01VS4;;44.8425;44.8425;44.8425;07-Jul-2015
100643;SBI Technology Opportunities Fund - Regular Plan - Income Distribution cum Capital Withdrawal Option (IDCW);INF200K01420;INF200K01438;31.6695;31.6695;31.6695;07-Jul-2015

Sundaram Mutual Fund
112295;Sundaram PSU Opportunities Dividend Option;INF903J01892;INF903J01900;11.1209;11.0097;11.1209;07-Jul-2015
112294;Sundaram PSU Opportunities Growth Option;INF903J01884;;12.2131;12.0910;12.2131;07-Jul-2015
119587;Sundaram Select Thematic Funds PSU Opportunities - Direct Plan - Dividend Option;INF903J01NC6;INF903J01ND4;11.2827;11.1699;11.2827;07-Jul-2015
119586;Sundaram Select Thematic Funds PSU Opportunities -Direct Plan - Growth Option;INF903J01NE2;;12.3671;12.2434;12.3671;07-Jul-2015
119595;Sundaram Consumption Fund (Formerly Known as Sundaram Rural and Consumption Fund Direct Plan - Growth);INF903J01NH5;;26.5994;26.3334;26.5994;07-Jul-2015
113373;Sundaram Consumption Fund (Formerly Known as Sundaram Rural and Consumption Fund Institutional Plan - Income Distribution cum Capital Withdrawal (IDCW);INF903J01579;INF903J01587;26.0177;25.7575;26.0177;07-Jul-2015
103743;Sundaram Consumption Fund (Formerly Known as Sundaram Rural and Consumption Fund Regular Plan - Income Distribution cum Capital Withdrawal (IDCW);INF903J01546;INF903J01553;17.5667;17.3910;17.5667;07-Jul-2015
119594;Sundaram Consumption Fund (Formerly Known asSundaram Rural and Consumption Fund Direct Plan - Income Distribution cum Capital Withdrawal (IDCW);INF903J01NF9;INF903J01NG7;17.7911;17.6132;17.7911;07-Jul-2015
102142;Sundaram Consumption Fund(Formerly Known as Sundaram Rural and Consumption Fund Regular Plan - Growth);INF903J01561;;26.2819;26.0191;26.2819;07-Jul-2015
119597;Sundaram Financial Services Opportunities Fund Direct Plan - Growth;INF903J01NB8;;29.7778;29.1822;29.7778;07-Jul-2015
119596;Sundaram Financial Services Opportunities Fund Direct Plan - Income Distribution cum Capital Withdrawal (IDCW);INF903J01MZ9;INF903J01NA0;16.9814;16.6418;16.9814;07-Jul-2015
109061;Sundaram Financial Services Opportunities Fund Institutional Plan - Growth;INF903J01652;;30.6522;30.0392;30.6522;07-Jul-2015
109060;Sundaram Financial Services Opportunities Fund Institutional Plan - Income Distribution cum Capital Withdrawal (IDCW);INF903J01637;INF903J01645;17.2446;16.8997;17.2446;07-Jul-2015
109059;Sundaram Financial Services Opportunities Fund Regular Plan - Growth;INF903J01629;;29.4375;28.8488;29.4375;07-Jul-2015
109058;Sundaram Financial Services Opportunities Fund Regular Plan - Income Distribution cum Capital Withdrawal (IDCW);INF903J01603;INF903J01611;16.7179;16.3835;16.7179;07-Jul-2015
129212;Sundaram Infrastructure Advantage Fund Direct Plan - Growth;INF903J01F92;;26.6789;26.4121;26.6789;07-Jul-2015
129211;Sundaram Infrastructure Advantage Fund Direct Plan - Income Distribution cum Capital Withdrawal (IDCW);INF903J01G00;INF903J01G18;26.6721;26.4054;26.6721;07-Jul-2015
129213;Sundaram Infrastructure Advantage Fund Regular Plan - Growth;INF903J01F68;;26.3282;26.0649;26.3282;07-Jul-2015
129210;Sundaram Infrastructure Advantage Fund Regular Plan - Income Distribution cum Capital Withdrawal (IDCW);INF903J01F76;INF903J01F84;26.3290;26.0657;26.3290;07-Jul-2015

Tata Mutual Fund
119172;Tata Ethical Fund -Direct Plan- Growth Option;INF277K01NG4;;134.3189;132.9757;134.3189;07-Jul-2015
119171;Tata Ethical Fund- Direct Plan - Payout of IDCW Option;INF277K01NE9;INF277K01NF6;80.7592;79.9516;80.7592;07-Jul-2015
101833;Tata Ethical Fund- Regular Plan - Payout of IDCW Option;INF277K01EH1;INF277K01949;68.4185;67.7343;68.4185;07-Jul-2015
100415;Tata Ethical Fund-Regular Plan - Growth Option;INF277K01956;;131.4939;130.1790;131.4939;07-Jul-2015
119243;Tata Infrastructure Fund -Direct Plan -Growth Option;INF277K01PQ8;;44.6776;44.2308;44.6776;07-Jul-2015
101852;TATA Infrastructure Fund Regular Plan - Payout of IDCW Option;INF277K01DY8;INF277K01774;26.8938;26.6249;26.8938;07-Jul-2015
119244;Tata Infrastructure Fund- Direct Plan - Payout of IDCW Option;INF277K01PO3;INF277K01PP0;29.4338;29.1395;29.4338;07-Jul-2015
101766;Tata Infrastructure Fund-Regular Plan- Growth Option;INF277K01782;;44.2080;43.7659;44.2080;07-Jul-2015

Taurus Mutual Fund
118868;Taurus Banking & Financial Services Fund - Direct Plan - Growth;INF044D01CN2;;18.05;17.87;18.05;07-Jul-2015
118869;Taurus Banking & Financial Services Fund - Direct Plan - Payout of Income Distribution cum Capital Withdrawal option;INF044D01CO0;INF044D01CP7;17.97;17.79;17.97;07-Jul-2015
117312;Taurus Banking & Financial Services Fund - Regular Plan - Growth;INF044D01BI4;;17.70;17.52;17.70;07-Jul-2015
117313;Taurus Banking & Financial Services Fund - Regular Plan - Payout of Income Distribution cum Capital Withdrawal option;INF044D01BJ2;INF044D01BK0;15.84;15.68;15.84;07-Jul-2015
111903;Taurus Ethical Fund -  Regular Plan - Bonus Option;INF044D01823;;41.44;41.03;41.44;07-Jul-2015
118876;Taurus Ethical Fund - Direct Plan - Growth;INF044D01CJ0;;42.11;41.69;42.11;07-Jul-2015
118877;Taurus Ethical Fund - Direct Plan - Payout of Income Distribution cum Capital Withdrawal option;INF044D01CK8;INF044D01CL6;28.33;28.05;28.33;07-Jul-2015
111787;Taurus Ethical Fund - Regular Plan - Growth;INF044D01864;;41.45;41.04;41.45;07-Jul-2015
111788;Taurus Ethical Fund - Regular Plan - Payout of Income Distribution cum Capital Withdrawal option;INF044D01831;INF044D01849;28.00;27.72;28.00;07-Jul-2015
118878;Taurus Ethical Fund-Direct Plan-Bonus Option #;INF044D01CM4;;13.84;13.70;13.84;07-Jul-2015
118879;Taurus Infrastructure Fund - Direct Plan - Growth ;INF044D01CD3;;19.19;19.00;19.19;07-Jul-2015
118880;Taurus Infrastructure Fund - Direct Plan - Payout of Income Distribution cum Capital Withdrawal option;INF044D01CE1;INF044D01CF8;18.05;17.87;18.05;07-Jul-2015
105417;Taurus Infrastructure Fund - Regular Plan - Growth;INF044D01906;;18.96;18.77;18.96;07-Jul-2015
105418;Taurus Infrastructure Fund - Regular Plan - Payout of Income Distribution cum Capital Withdrawal option;INF044D01872;INF044D01880;17.83;17.65;17.83;07-Jul-2015

UTI Mutual Fund
120733;UTI Banking and Financial Services Fund - Direct Plan - Growth Option;INF789F01SN3;;69.8516;69.8516;69.85;07-Jul-2015
120732;UTI Banking and Financial Services Fund - Direct Plan - IDCW;INF789F01SL7;INF789F01SM5;32.1893;32.1893;32.19;07-Jul-2015
102401;UTI Banking and Financial Services Fund - Regular Plan - Growth Option;INF789F01372;;68.1797;68.1797;68.18;07-Jul-2015
102402;UTI Banking and Financial Services Fund - Regular Plan - IDCW;INF789F01356;INF789F01364;31.4147;31.4147;31.41;07-Jul-2015
100805;UTI Energy Fund-Growth Option;INF789F01497;;12.7415;12.7415;12.74;07-Jul-2015
120770;UTI Energy Fund-Growth Option-Direct;INF789F01SZ7;;12.8824;12.8824;12.88;07-Jul-2015
100804;UTI Energy Fund-Income Option;INF789F01471;INF789F01489;14.4535;14.4535;14.45;07-Jul-2015
120769;UTI Energy Fund-Income Option-Direct;INF789F01SX2;INF789F01SY0;14.6082;14.6082;14.61;07-Jul-2015
120782;UTI Healthcare Fund - Direct Plan - Growth Option;INF789F01TO9;;97.9687;97.9687;97.97;07-Jul-2015
120783;UTI Healthcare Fund - Direct Plan - IDCW;INF789F01TM3;INF789F01TN1;75.7217;75.7217;75.72;07-Jul-2015
100807;UTI Healthcare Fund - Regular Plan - Growth Option;INF789F01695;;96.032;96.032;96.03;07-Jul-2015
100806;UTI Healthcare Fund - Regular Plan - IDCW;INF789F01679;INF789F01687;74.2188;74.2188;74.22;07-Jul-2015
120780;UTI India Consumer Fund - Direct Plan - Growth Option;INF789F01VF3;;20.7094;20.7094;20.71;07-Jul-2015
120781;UTI India Consumer Fund - Direct Plan - IDCW;INF789F01VG1;INF789F01VH9;20.7085;20.7085;20.71;07-Jul-2015
106425;UTI India Consumer Fund - Regular Plan - Growth Option;INF789F01CE6;;20.3952;20.3952;20.4;07-Jul-2015
106426;UTI India Consumer Fund - Regular Plan - IDCW;INF789F01CF3;INF789F01CG1;20.3952;20.3952;20.4;07-Jul-2015
120729;UTI Infrastructure Fund - Direct Plan - IDCW;INF789F01TS0;INF789F01TT8;25.8121;25.8121;25.81;07-Jul-2015
102396;UTI Infrastructure Fund - Regular Plan - IDCW;INF789F01737;INF789F01745;25.5296;25.5296;25.53;07-Jul-2015
102395;UTI Infrastructure Fund-Growth Option;INF789F01752;;44.9137;44.9137;44.91;07-Jul-2015
120728;UTI Infrastructure Fund-Growth Option- Direct;INF789F01TU6;;45.4163;45.4163;45.42;07-Jul-2015
120682;UTI - MNC Fund - Growth Option - Direct;INF789F01UD0;;156.8596;156.8596;156.86;07-Jul-2015
100740;UTI - MNC Fund - Regular Plan - Growth Option;INF789F01844;;154.0051;154.0051;154.01;07-Jul-2015
120681;UTI MNC Fund - Direct Plan - IDCW;INF789F01UB4;INF789F01UC2;93.5151;93.5151;93.52;07-Jul-2015
100739;UTI MNC Fund - Regular Plan - IDCW;INF789F01828;INF789F01836;91.7775;91.7775;91.78;07-Jul-2015
120730;UTI Transportation and Logistics Fund - Direct Plan - IDCW;INF789F01SF9;INF789F01SG7;44.01;44.01;44.01;07-Jul-2015
102397;UTI Transportation and Logistics Fund - Regular Plan - IDCW;INF789F01273;INF789F01281;43.094;43.094;43.09;07-Jul-2015
102398;UTI-Transportation and Logistics  Fund-Growth Option;INF789F01299;;86.0928;86.0928;86.09;07-Jul-2015
120731;UTI-Transportation and Logistics  Fund-Growth Option- Direct;INF789F01SH5;;87.8796;87.8796;87.88;07-Jul-2015

Open Ended Schemes ( Equity Scheme - ELSS )


Aditya Birla Sun Life Mutual Fund
119544;Aditya Birla Sun Life ELSS Tax Saver Fund - Growth - Direct Plan;INF209K01UN8;;22.23;22.23;22.23;07-Jul-2015
107745;Aditya Birla Sun Life ELSS Tax Saver Fund - Growth Option;INF209K01108;;21.81;21.81;21.81;07-Jul-2015
119543;Aditya Birla Sun Life ELSS Tax Saver Fund-DIRECT - IDCW;INF209K01P23;INF209K01UM0;153.43;153.43;153.43;07-Jul-2015
103164;Aditya Birla Sun Life ELSS Tax Saver Fund-Regular - IDCW;INF209K01090;INF209K01CB1;136.70;136.70;136.70;07-Jul-2015
119661;Aditya Birla Sun Life Tax Plan - Direct Plan - Growth Option;INF209K01VV9;;28.22;28.22;28.22;07-Jul-2015
104331;Aditya Birla Sun Life Tax Plan - Regular Plan - Growth Option;INF209K01348;;27.60;27.60;27.60;07-Jul-2015
119660;Aditya Birla Sun Life Tax Plan -DIRECT - IDCW;INF209K01Q14;INF209K01VW7;92.87;92.87;92.87;07-Jul-2015
100067;Aditya Birla Sun Life Tax Plan -Regular - IDCW;INF209K01330;INF209K01CM8;76.66;76.66;76.66;07-Jul-2015

Axis Mutual Fund
120503;Axis ELSS Tax Saver Fund - Direct Plan - Growth Option;INF846K01EW2;;32.1924;32.1924;32.1924;07-Jul-2015
120502;Axis ELSS Tax Saver Fund - Direct Plan - IDCW;INF846K01EX0;INF846K01EY8;27.4257;27.4257;27.4257;07-Jul-2015
112323;Axis ELSS Tax Saver Fund - Regular Plan - Growth;INF846K01131;;31.2107;31.2107;31.2107;07-Jul-2015
112322;Axis ELSS Tax Saver Fund - Regular Plan - IDCW;INF846K01149;INF846K01156;22.8292;22.8292;22.8292;07-Jul-2015

Bandhan Mutual Fund
118473;BANDHAN ELSS Tax Saver Fund - Direct Plan - Growth;INF194K01Y29;;42.1592;42.1592;42.1592;07-Jul-2015
118472;BANDHAN ELSS Tax Saver Fund - Direct Plan - IDCW;INF194K01Y37;INF194K01Y45;19.1472;19.1472;19.1472;07-Jul-2015
111569;BANDHAN ELSS Tax Saver Fund - Regular Plan - Growth;INF194K01292;;41.1755;41.1755;41.1755;07-Jul-2015
111570;BANDHAN ELSS Tax Saver Fund - Regular Plan - IDCW;INF194K01300;INF194K01318;16.5617;16.5617;16.5617;07-Jul-2015

Bank of India Mutual Fund
119351;BANK OF INDIA ELSS Tax Saver -Direct Plan- Growth;INF761K01884;;40.24;40.24;40.24;07-Jul-2015
119352;BANK OF INDIA ELSS Tax Saver -Direct Plan-IDCW;INF761K01876;INF761K01868;20.99;20.99;20.99;07-Jul-2015
111709;BANK OF INDIA ELSS Tax Saver -ECO Plan-Growth;INF761K01157;;40.02;40.02;0.00;07-Jul-2015
111711;BANK OF INDIA ELSS Tax Saver -ECO Plan-IDCW;INF761K01132;INF761K01140;18.24;18.24;0.00;07-Jul-2015
111710;BANK OF INDIA ELSS Tax Saver -Regular Plan- Growth;INF761K01181;;39.02;39.02;39.02;07-Jul-2015
111708;BANK OF INDIA ELSS Tax Saver -Regular Plan-IDCW;INF761K01165;INF761K01173;18.47;18.47;18.47;07-Jul-2015

Baroda BNP Paribas Mutual Fund
100068;BARODA ELSS 96 - Plan A - IDCW;INF955L01641;;31.60;31.60;31.60;07-Jul-2015
119339;BARODA ELSS 96 - Plan B (Direct) - IDCW;INF955L01914;;32.63;32.63;32.63;07-Jul-2015
125111;Baroda ELSS 96 - Plan B (Direct)- Bonus Option;INF955L01DA7;;38.17;38.17;38.17;07-Jul-2015
125110;Baroda ELSS 96 Fund - Plan A- Bonus Option;INF955L01CZ6;;36.78;36.78;36.78;07-Jul-2015
134044;Baroda ELSS 96 Plan A -Growth Option;INF955L01GD4;;36.78;36.78;36.78;07-Jul-2015
134045;Baroda ELSS 96 Plan B(Direct) -Growth Option;INF955L01GE2;;38.17;38.17;38.17;07-Jul-2015

BNP Paribas Mutual Fund
120147;BNP Paribas Long Term Equity Fund - Direct Plan - Growth Option;INF251K01HF3;;31.2160;31.2160;31.2160;07-Jul-2015
120146;BNP Paribas Long Term Equity Fund - Direct Plan - Income Distribution cum Capital Withdrawal Option;INF251K01HH9;INF251K01HG1;17.5400;17.5400;17.5400;07-Jul-2015
113463;BNP Paribas Long Term Equity Fund - Growth Option;INF251K01985;;30.9830;30.9830;30.9830;07-Jul-2015
113464;BNP Paribas Long Term Equity Fund-Income Distribution cum Capital Withdrawal Option;INF251K01AA9;INF251K01993;17.6470;17.6470;17.6470;07-Jul-2015

Canara Robeco Mutual Fund
118285;CANARA ROBECO ELSS TAX SAVER - DIRECT PLAN - GROWTH OPTION;INF760K01EL8;;47.8200;47.8200;47.8200;07-Jul-2015
118286;CANARA ROBECO ELSS TAX SAVER - DIRECT PLAN - IDCW (Payout);INF760K01EJ2;INF760K01EK0;31.9400;31.9400;31.9400;07-Jul-2015
111722;CANARA ROBECO ELSS TAX SAVER - REGULAR PLAN - GROWTH OPTION;INF760K01100;;47.3200;47.3200;47.3200;07-Jul-2015
100593;CANARA ROBECO ELSS TAX SAVER - REGULAR PLAN -IDCW (Payout);INF760K01084;INF760K01092;25.8300;25.8300;25.8300;07-Jul-2015

DSP Mutual Fund
119242;DSP ELSS Tax Saver Fund - Direct Plan - Growth;INF740K01OK1;;33.170;33.170;33.170;07-Jul-2015
119241;DSP ELSS Tax Saver Fund - Direct Plan - IDCW;INF740K01OL9;INF740K01OM7;23.680;23.680;23.680;07-Jul-2015
104772;DSP ELSS Tax Saver Fund - Regular Plan - Growth;INF740K01185;;32.845;32.845;32.845;07-Jul-2015
104773;DSP ELSS Tax Saver Fund - Regular Plan - IDCW;INF740K01169;INF740K01177;16.247;16.247;16.247;07-Jul-2015

Edelweiss Mutual Fund
118619;Edelweiss ELSS Tax Saver Fund - Direct Plan - IDCW Option;INF754K01BX2;INF754K01BY0;20.49;20.49;20.49;07-Jul-2015
118620;Edelweiss ELSS Tax Saver Fund - Direct Plan-Growth Option;INF754K01CA8;;37.94;37.94;37.94;07-Jul-2015
111638;Edelweiss ELSS Tax Saver Fund - Regular Plan - Growth Option;INF754K01517;;37.12;37.12;37.12;07-Jul-2015
111639;Edelweiss ELSS Tax Saver Fund - Regular Plan - IDCW Option;INF754K01525;INF754K01541;17.68;17.68;17.68;07-Jul-2015

Franklin Templeton Mutual Fund
118540;Franklin India ELSS Tax Saver Fund - Direct - Growth;INF090I01JS8;;441.7371;441.7371;441.7371;07-Jul-2015
118541;Franklin India ELSS Tax Saver Fund - Direct - IDCW;INF090I01JT6;INF090I01JU4;45.8725;45.8725;45.8725;07-Jul-2015
100525;Franklin India ELSS Tax Saver Fund - IDCW;INF090I01783;INF090I01791;44.9862;44.9862;44.9862;07-Jul-2015
100526;Franklin India ELSS Tax Saver Fund-Growth;INF090I01775;;433.9459;433.9459;433.9459;07-Jul-2015

HDFC Mutual Fund
119060;HDFC ELSS Tax saver - Growth Option - Direct Plan;INF179K01YS4;;402.751;402.751;402.751;07-Jul-2015
101979;HDFC ELSS Tax saver - Growth Plan;INF179K01BB8;;397.173;397.173;397.173;07-Jul-2015
119059;HDFC ELSS Tax saver - IDCW Option - Direct Plan;INF179K01YQ8;INF179K01YR6;65.199;65.199;65.199;07-Jul-2015
101980;HDFC ELSS Tax saver - IDCW Plan;INF179K01AZ9;INF179K01BA0;64.141;64.141;64.141;07-Jul-2015
118929;HDFC Long Term Advantage Plan - Growth Option - Direct Plan;INF179K01WX8;;242.629;242.629;242.629;07-Jul-2015
100998;HDFC Long Term Advantage Plan - Growth Plan;INF179K01996;;239.547;239.547;239.547;07-Jul-2015
118928;HDFC Long Term Advantage Plan - IDCW Option - Direct Plan;INF179K01WV2;INF179K01WW0;40.152;40.152;40.152;07-Jul-2015
100997;HDFC Long Term Advantage Plan - IDCW Plan;INF179K01970;INF179K01988;39.584;39.584;39.584;07-Jul-2015

HSBC Mutual Fund
104707;HSBC Tax Saver Equity Fund - Growth;INF336L01BA4;;27.2974;27.2974;27.2974;07-Jul-2015
120079;HSBC Tax Saver Equity Fund - Growth Direct;INF336L01EE0;;27.8141;27.8141;27.8141;07-Jul-2015
104706;HSBC Tax Saver Equity Fund - IDCW;INF336L01AZ3;;21.0125;21.0125;21.0125;07-Jul-2015
120078;HSBC Tax Saver Equity Fund - IDCW Direct Plan;INF336L01ER2;;21.474;21.474;21.474;07-Jul-2015

ICICI Prudential Mutual Fund
120592;ICICI Prudential ELSS Tax Saver Fund - Direct Plan - Growth;INF109K01Y31;;275.30;275.30;275.30;07-Jul-2015
120593;ICICI Prudential ELSS Tax Saver Fund - Direct Plan - IDCW;INF109K01Y15;INF109K01Y23;28.47;28.47;28.47;07-Jul-2015
100354;ICICI Prudential ELSS Tax Saver Fund - Growth;INF109K01464;;270.07;270.07;270.07;07-Jul-2015
100353;ICICI Prudential ELSS Tax Saver Fund - IDCW;INF109K01FN1;INF109K01472;23.57;23.57;23.57;07-Jul-2015

IDBI Mutual Fund
123637;IDBI Equity Advantage Fund - Growth Direct;INF397L01EC6;;21.3600;21.3600;21.3600;07-Jul-2015
123638;IDBI Equity Advantage Fund - Growth Regular;INF397L01DY2;;21.1000;21.1000;21.1000;07-Jul-2015
123635;IDBI Equity Advantage Fund - IDCW Direct;INF397L01ED4;INF397L01EE2;20.1100;20.1100;20.1100;07-Jul-2015
123636;IDBI Equity Advantage Fund - IDCW Regular;INF397L01DZ9;INF397L01EA0;19.8400;19.8400;19.8400;07-Jul-2015

Invesco Mutual Fund
120416;Invesco India ELSS Tax Saver Fund - Direct Plan - Growth;INF205K01NT8;;37.44;37.44;37.44;07-Jul-2015
120417;Invesco India ELSS Tax Saver Fund - Direct Plan - IDCW (Payout / Reinvestment);INF205K01NR2;INF205K01NS0;20.79;20.79;20.79;07-Jul-2015
104636;Invesco India ELSS Tax Saver Fund - Growth;INF205K01270;;36.30;36.30;36.30;07-Jul-2015
104635;Invesco India ELSS Tax Saver Fund - IDCW (Payout / Reinvestment);INF205K01296;INF205K01288;20.52;20.52;20.52;07-Jul-2015

JM Financial Mutual Fund
120494;JM ELSS Tax Saver Fund (Direct) - Growth Option;INF192K01CE3;;12.5486;12.5486;12.5486;07-Jul-2015
120493;JM ELSS Tax Saver Fund (Direct) - IDCW;INF192K01CD5;;12.5508;12.5508;12.5508;07-Jul-2015
107288;JM ELSS Tax Saver Fund (Regular) - Growth option;INF192K01650;;12.3023;12.3023;12.3023;07-Jul-2015
107287;JM ELSS Tax Saver Fund (Regular) - IDCW;INF192K01643;;12.3022;12.3022;12.3022;07-Jul-2015

Kotak Mahindra Mutual Fund
103339;Kotak ELSS Tax Saver Fund-Growth;INF174K01369;;31.885;31.885;31.885;07-Jul-2015
119773;Kotak ELSS Tax Saver Fund-Growth - Direct;INF174K01LI3;;32.797;32.797;32.797;07-Jul-2015
103338;Kotak ELSS Tax Saver Fund-Payout of Income Distribution cum capital withdrawal option;INF174K01385;INF174K01377;18.88;18.88;18.88;07-Jul-2015
119772;Kotak ELSS Tax Saver Fund-Payout of Income Distribution cum capital withdrawal option - Direct;INF174K01LJ1;;19.782;19.782;19.782;07-Jul-2015

L&T Mutual Fund
119417;L&T  Tax Advantage Fund-Direct Plan-Growth;INF917K01GP0;;39.160;39.160;39.160;07-Jul-2015
118047;L&T  Tax Advantage Fund-Regular Plan-Growth;INF677K01064;;38.597;38.597;38.597;07-Jul-2015
119418;L&T Tax Advantage Fund-Direct Plan-IDCW;INF917K01GO3;INF917K01GN5;24.940;24.940;24.940;07-Jul-2015
118048;L&T Tax Advantage Fund-Regular Plan-IDCW;INF677K01072;INF677K01080;22.783;22.783;22.783;07-Jul-2015

LIC Mutual Fund
120270;LIC MF ELSS Tax Saver-Direct Plan-Growth;INF767K01EM1;;51.9393;51.9393;51.9393;07-Jul-2015
120269;LIC MF ELSS Tax Saver-Direct Plan-IDCW;INF767K01EL3;INF767K01EN9;17.2815;17.2815;17.2815;07-Jul-2015
100865;LIC MF ELSS Tax Saver-Regular Plan-Growth;INF767K01956;;50.8503;50.8503;50.8503;07-Jul-2015
100864;LIC MF ELSS Tax Saver-Regular Plan-IDCW;INF767K01931;INF767K01949;16.8982;16.8982;16.8982;07-Jul-2015
134878;LIC MF ULIS (10 Yrs. Regular Premium Reducing Cover Half-Yearly)-Direct Plan-IDCW Reinvestment;;INF767K01DR2;15.0026;15.0026;15.0026;07-Jul-2015
134865;LIC MF ULIS (10 Yrs. Regular Premium Reducing Cover Half-Yearly)-Regular Plan-IDCW Reinvestment;;INF767K01998;14.8685;14.8685;14.8685;07-Jul-2015
134876;LIC MF ULIS (10 Yrs. Regular Premium Reducing Cover Monthly)-Direct Plan-IDCW Reinvestment;;INF767K01DQ4;15.0026;15.0026;15.0026;07-Jul-2015
134847;LIC MF ULIS (10 Yrs. Regular Premium Reducing Cover Monthly)-Regular Plan-IDCW Reinvestment;;INF767K01980;14.8685;14.8685;14.8685;07-Jul-2015
134877;LIC MF ULIS (10 Yrs. Regular Premium Reducing Cover Yearly)-Direct Plan-IDCW Reinvestment;;INF767K01DS0;15.0026;15.0026;15.0026;07-Jul-2015
134864;LIC MF ULIS (10 Yrs. Regular Premium Reducing Cover Yearly)-Regular Plan-IDCW Reinvestment;;INF767K01AA4;14.8685;14.8685;14.8685;07-Jul-2015
134879;LIC MF ULIS (10 Yrs. Regular Premium Uniform Cover Half-Yearly)-Direct Plan-IDCW Reinvestment;;INF767K01DU6;15.0026;15.0026;15.0026;07-Jul-2015
134867;LIC MF ULIS (10 Yrs. Regular Premium Uniform Cover Half-Yearly)-Regular Plan-IDCW Reinvestment;;INF767K01AC0;14.8685;14.8685;14.8685;07-Jul-2015
134881;LIC MF ULIS (10 Yrs. Regular Premium Uniform Cover Monthly)-Direct Plan-IDCW Reinvestment;;INF767K01DT8;15.0026;15.0026;15.0026;07-Jul-2015
134863;LIC MF ULIS (10 Yrs. Regular Premium Uniform Cover Monthly)-Regular Plan-IDCW Reinvestment;;INF767K01AB2;14.8685;14.8685;14.8685;07-Jul-2015
134880;LIC MF ULIS (10 Yrs. Regular Premium Uniform Cover Yearly)-Direct Plan-IDCW Reinvestment;;INF767K01DV4;15.0026;15.0026;15.0026;07-Jul-2015
134868;LIC MF ULIS (10 Yrs. Regular Premium Uniform Cover Yearly)-Regular Plan-IDCW Reinvestment;;INF767K01AD8;14.8685;14.8685;14.8685;07-Jul-2015
134875;LIC MF ULIS (10 Yrs. Single Premium)-Direct Plan-IDCW Reinvestment;;INF767K01DP6;15.0026;15.0026;15.0026;07-Jul-2015
134846;LIC MF ULIS (10 Yrs. Single Premium)-Regular Plan-IDCW Reinvestment;;INF767K01972;14.8685;14.8685;14.8685;07-Jul-2015
134882;LIC MF ULIS (15 Yrs. Regular Premium Reducing Cover Half-Yearly)-Direct Plan-IDCW Reinvestment;;INF767K01DX0;15.0026;15.0026;15.0026;07-Jul-2015
134870;LIC MF ULIS (15 Yrs. Regular Premium Reducing Cover Half-Yearly)-Regular Plan-IDCW Reinvestment;;INF767K01AF3;14.8685;14.8685;14.8685;07-Jul-2015
134884;LIC MF ULIS (15 Yrs. Regular Premium Reducing Cover Monthly)-Direct Plan-IDCW Reinvestment;;INF767K01DW2;15.0026;15.0026;15.0026;07-Jul-2015
134869;LIC MF ULIS (15 Yrs. Regular Premium Reducing Cover Monthly)-Regular Plan-IDCW Reinvestment;;INF767K01AE6;14.8685;14.8685;14.8685;07-Jul-2015
134883;LIC MF ULIS (15 Yrs. Regular Premium Reducing Cover Yearly)-Direct Plan-IDCW Reinvestment;;INF767K01DY8;15.0026;15.0026;15.0026;07-Jul-2015
134871;LIC MF ULIS (15 Yrs. Regular Premium Reducing Cover Yearly)-Regular Plan-IDCW Reinvestment;;INF767K01AG1;14.8685;14.8685;14.8685;07-Jul-2015
134885;LIC MF ULIS (15 Yrs. Regular Premium Uniform Cover Half-Yearly)-Direct Plan-IDCW Reinvestment;;INF767K01EA6;15.0026;15.0026;15.0026;07-Jul-2015
134873;LIC MF ULIS (15 Yrs. Regular Premium Uniform Cover Half-Yearly)-Regular Plan-IDCW Reinvestment;;INF767K01AI7;14.8685;14.8685;14.8685;07-Jul-2015
134887;LIC MF ULIS (15 Yrs. Regular Premium Uniform Cover Monthly)-Direct Plan-IDCW Reinvestment;;INF767K01DZ5;15.0026;15.0026;15.0026;07-Jul-2015
134872;LIC MF ULIS (15 Yrs. Regular Premium Uniform Cover Monthly)-Regular Plan-IDCW Reinvestment;;INF767K01AH9;14.8685;14.8685;14.8685;07-Jul-2015
134886;LIC MF ULIS (15 Yrs. Regular Premium Uniform Cover Yearly)-Direct Plan-IDCW Reinvestment;;INF767K01EB4;15.0026;15.0026;15.0026;07-Jul-2015
134874;LIC MF ULIS (15Yrs. Regular Premium Uniform Cover Yearly)-Regular Plan-IDCW Reinvestment;;INF767K01AJ5;14.8685;14.8685;14.8685;07-Jul-2015
120259;LIC MF ULIS (5 Yrs. Single Premium)-Direct Plan-IDCW Reinvestment;;INF767K01DO9;15.0026;15.0026;15.0026;07-Jul-2015
100325;LIC MF ULIS (5 Yrs. Single Premium)-Regular Plan-IDCW Reinvestment;;INF767K01964;14.8685;14.8685;14.8685;07-Jul-2015

Motilal Oswal Mutual Fund
133386;Motilal Oswal ELSS Tax Saver Fund - Direct Plan - Growth Option;INF247L01569;;11.3638;11.3638;11.3638;07-Jul-2015
133383;Motilal Oswal ELSS Tax Saver Fund - IDCW Payout;INF247L01551;;11.3088;11.3088;11.3088;07-Jul-2015
133385;Motilal Oswal ELSS Tax Saver Fund - Regular Plan - Growth Option;INF247L01544;;11.3088;11.3088;11.3088;07-Jul-2015
133384;Motilal Oswal ELSS Tax Saver Fund Direct - IDCW Payout;INF247L01577;;11.3638;11.3638;11.3638;07-Jul-2015

Nippon India Mutual Fund
133866;NIPPON INDIA TAX SAVER (ELSS) FUND - ANNUAL IDCW Option;INF204KA1E04;;10.0512;10.0512;10.0512;07-Jul-2015
133865;NIPPON INDIA TAX SAVER (ELSS) FUND - DIRECT Plan - ANNUAL IDCW Option;INF204KA1E12;;9.9989;9.9989;9.9989;07-Jul-2015
118801;NIPPON INDIA TAX SAVER (ELSS) FUND - DIRECT Plan - IDCW Option;INF204K01L30;INF204K01L48;25.3383;25.3383;25.3383;07-Jul-2015
103197;NIPPON INDIA TAX SAVER (ELSS) FUND - IDCW Option;INF204K01GL2;INF204K01GM0;22.2421;22.2421;22.2421;07-Jul-2015
103196;Nippon India Tax Saver (ELSS) Fund-Growth Plan-Growth Option;INF204K01GK4;;47.5571;47.5571;47.5571;07-Jul-2015
118803;Nippon India Tax Saver Fund - Direct Plan Growth Plan - Growth Option;INF204K01L55;;48.4037;48.4037;48.4037;07-Jul-2015

Principal Mutual Fund
101815;Principal Personal Tax Saver Fund;INF173K01353;;155.94;155.94;155.94;07-Jul-2015
119486;Principal Personal Tax Saver Fund - Direct Plan;INF173K01FA4;;158.20;158.20;158.20;07-Jul-2015
100156;Principal Tax Savings Fund;INF173K01361;;143.98;143.98;143.98;07-Jul-2015
119489;Principal Tax Savings Fund - Direct Plan;INF173K01HZ7;;145.79;145.79;145.79;07-Jul-2015

quant Mutual Fund
120847;quant ELSS Tax Saver Fund - Growth Option - Direct Plan;INF966L01986;;59.3769;59.3769;59.3769;07-Jul-2015
100175;quant ELSS Tax Saver Fund - Growth Option - Regular Plan;INF966L01135;;58.9632;58.9632;58.9632;07-Jul-2015
120846;quant ELSS Tax Saver Fund - IDCW Option - Direct Plan;INF966L01960;INF966L01127;12.2438;12.2438;12.2438;07-Jul-2015
100174;quant ELSS Tax Saver Fund - IDCW Option - Regular Plan;INF966L01119;;12.0916;12.0916;12.0916;07-Jul-2015

Quantum Mutual Fund
111549;Quantum ELSS Tax Saver Fund - Direct Plan Growth Option;INF082J01069;;38.68;38.68;38.68;07-Jul-2015
111550;Quantum ELSS Tax Saver Fund - Direct Plan IDCW;INF082J01077;INF082J01085;38.68;38.68;38.68;07-Jul-2015

SBI Mutual Fund
119722;SBI ELSS Tax Saver Fund - Direct Plan - Income Distribution cum Capital Withdrawal Option (IDCW);INF200K01UK3;;57.8833;57.8833;57.8833;07-Jul-2015
119723;SBI ELSS Tax Saver FUND - DIRECT PLAN -GROWTH;INF200K01UM9;;118.7912;118.7912;118.7912;07-Jul-2015
103883;SBI ELSS Tax Saver Fund - Regular Plan - Income Distribution cum Capital Withdrawal Option (IDCW);INF200K01479;;46.7925;46.7925;46.7925;07-Jul-2015
105628;SBI ELSS Tax Saver FUND - REGULAR PLAN- GROWTH;INF200K01495;;117.2813;117.2813;117.2813;07-Jul-2015

Sundaram Mutual Fund
119549;Sundaram Diversified Equity (ELSS) Direct Plan - Growth;INF903J01NN3;;76.4792;76.4792;76.4792;07-Jul-2015
119548;Sundaram Diversified Equity (ELSS) Direct Plan - Income Distribution cum Capital Withdrawal (IDCW);INF903J01NL7;INF903J01NM5;15.1477;15.1477;15.1477;07-Jul-2015
101853;Sundaram Diversified Equity (ELSS) Regular Plan - Growth;INF903J01538;;75.8302;75.8302;75.8302;07-Jul-2015
100614;Sundaram Diversified Equity (ELSS) Regular Plan - Income Distribution cum Capital Withdrawal (IDCW);INF903J01512;INF903J01520;15.0106;15.0106;15.0106;07-Jul-2015

Tata Mutual Fund
119281;Tata ELSS Tax Saver Fund- Direct Plan - Payout of IDCW Option;INF277K01I94;;77.5435;77.5435;77.5435;07-Jul-2015
100474;Tata ELSS Tax Saver Fund- Regular Plan - Payout of IDCW Option;INF277K01I60;;70.0719;70.0719;70.0719;07-Jul-2015
132756;Tata ELSS Tax Saver Fund-Growth-Direct Plan;INF277K01I86;;12.0507;12.0507;12.0507;07-Jul-2015
132757;Tata ELSS Tax Saver Fund-Growth-Regular Plan;INF277K01I52;;11.9114;11.9114;11.9114;07-Jul-2015

Taurus Mutual Fund
118866;Taurus ELSS Tax Saver Fund - Direct Plan - Growth;INF044D01CG6;INF044D01AA3;56.48;56.48;56.48;07-Jul-2015
118867;Taurus ELSS Tax Saver Fund - Direct Plan - Payout of Income Distribution cum Capital Withdrawal option;INF044D01CH4;INF044D01CI2;26.40;26.40;26.40;07-Jul-2015
100480;Taurus ELSS Tax Saver Fund - Regular Plan - Growth;INF044D01AC9;;55.99;55.99;55.99;07-Jul-2015
108402;Taurus ELSS Tax Saver Fund - Regular Plan - Payout of Income Distribution cum Capital Withdrawal option;INF044D01997;;26.23;26.23;26.23;07-Jul-2015

Union Mutual Fund
119307;Union ELSS Tax Saver Fund - Direct Plan - Growth Option;INF582M01765;;21.26;21.26;21.26;07-Jul-2015
119306;Union ELSS Tax Saver Fund - Direct Plan - IDCW Option;INF582M01781;INF582M01773;21.26;21.26;21.26;07-Jul-2015
116051;Union ELSS Tax Saver Fund - Growth Option;INF582M01302;;21.11;21.11;21.11;07-Jul-2015
116052;Union ELSS Tax Saver Fund - IDCW Option;INF582M01328;INF582M01310;16.57;16.57;16.57;07-Jul-2015

UTI Mutual Fund
120715;UTI ELSS Tax Saver Fund - Direct Plan - Growth Option;INF789F01TF7;;67.6409;67.6409;67.64;07-Jul-2015
120714;UTI ELSS Tax Saver Fund - Direct Plan - IDCW;INF789F01TD2;INF789F01TE0;23.2273;23.2273;23.23;07-Jul-2015
100821;UTI ELSS Tax Saver Fund - Regular Plan - Growth Option;INF789F01547;;66.5491;66.5491;66.55;07-Jul-2015
100820;UTI ELSS Tax Saver Fund - Regular Plan - IDCW;INF789F01521;INF789F01539;21.2964;21.2964;21.3;07-Jul-2015

Open Ended Schemes ( Debt Scheme - Overnight Fund )


HDFC Mutual Fund
119109;HDFC Overnight Fund - Daily IDCW Option - Direct Plan;;INF179KB1HY1;10.4266;10.4266;10.4266;07-Jul-2015
101996;HDFC Overnight Fund - Growth Option;INF179KB1HS3;;22.4225;22.4225;22.4225;07-Jul-2015
119110;HDFC Overnight Fund - Growth Option - Direct Plan;INF179KB1HT1;;22.4512;22.4512;22.4512;07-Jul-2015
101997;HDFC Overnight Fund - IDCW Option (Daily);;INF179KB1IF8;10.4266;10.4266;10.4266;07-Jul-2015

L&T Mutual Fund
118059;L&T Cash Fund - Institutional Plan - Growth Option;INF677K01AP3;;1894.8162;1894.8162;1894.8162;07-Jul-2015
118055;L&T Cash Fund - Retail Plan - Growth option;INF677K01AK4;;1836.6419;1836.6419;1836.6419;07-Jul-2015
118062;L&T Cash Fund - Retail Plan - Monthly Dividend Option;INF677K01AN8;INF677K01AO6;1023.3553;1023.3553;1023.3553;07-Jul-2015
118066;L&T Overnight Fund  - Regular Plan - Monthly IDCW;INF917K01EL4;INF917K01EM2;1026.7197;1026.7197;1026.7197;07-Jul-2015
119283;L&T Overnight Fund - Direct Plan - Growth;INF917K01EN0;;1159.0386;1159.0386;1159.0386;07-Jul-2015
119284;L&T Overnight Fund - Direct Plan- Daily IDCW;;INF917K01EO8;1023.3000;1023.3000;1023.3000;07-Jul-2015
119282;L&T Overnight Fund - Direct Plan- Monthly IDCW;INF917K01ER1;;1033.9060;1033.9060;1033.9060;07-Jul-2015
119285;L&T Overnight Fund - Direct Plan- Weekly IDCW;;INF917K01EP5;1001.6438;1001.6438;1001.6438;07-Jul-2015
118056;L&T Overnight Fund - Regular Plan - Daily IDCW;;INF917K01EJ8;1023.3000;1023.3000;1023.3000;07-Jul-2015
118058;L&T Overnight Fund - Regular Plan - Growth;INF917K01EI0;;1146.7007;1146.7007;1146.7007;07-Jul-2015
118065;L&T Overnight Fund - Regular Plan - Weekly IDCW;;INF917K01EK6;1000.2272;1000.2272;1000.2272;07-Jul-2015

SBI Mutual Fund
119831;SBI Overnight Fund - Direct Plan - Daily Income Distribution cum Capital Withdrawal Option (IDCW);;INF200K01TJ7;1009.91;1007.3852;1009.91;07-Jul-2015
119833;SBI OVERNIGHT FUND - DIRECT PLAN - GROWTH;INF200K01TK5;;2445.1332;2439.0204;2445.1332;07-Jul-2015
119832;SBI Overnight Fund - Direct Plan - Weekly Income Distribution cum Capital Withdrawal Option (IDCW);INF200K01TL3;INF200K01TM1;1031.8472;1029.2676;1031.8472;07-Jul-2015
114297;SBI Overnight Fund - Regular Plan - Daily Income Distribution cum Capital Withdrawal Option (IDCW);;INF200K01LN6;1009.91;1007.3852;1009.91;07-Jul-2015
101206;SBI OVERNIGHT FUND - REGULAR PLAN - GROWTH;INF200K01LQ9;;2435.0971;2429.0094;2435.0971;07-Jul-2015
103140;SBI Overnight Fund - Regular Plan - Weekly Income Distribution cum Capital Withdrawal Option (IDCW);INF200K01LO4;INF200K01LP1;1031.8344;1029.2548;1031.8344;07-Jul-2015

UTI Mutual Fund
100814;UTI - Overnight  Fund - Regular Plan - Growth Option;INF789F01604;;20.2209;20.2209;20.2209;07-Jul-2015
120785;UTI - Overnight Fund - Direct Plan - Growth Option;INF789FB1S71;;20.265;20.265;20.265;07-Jul-2015
120786;UTI Overnight Fund - Direct Plan - Periodic IDCW;INF789FB1T05;INF789FB1S97;13.11;13.11;13.11;07-Jul-2015
124265;UTI Overnight Fund - Regular Plan - Daily IDCW;;INF789FB1T13;11.0857;11.0857;0;07-Jul-2015
100813;UTI Overnight Fund - Regular Plan - Periodic IDCW;INF789F01588;INF789F01596;12.9017;12.9017;12.9017;07-Jul-2015

Open Ended Schemes ( Debt Scheme - Liquid Fund )


360 ONE Mutual Fund
125345;360 ONE LIQUID FUND DIRECT PLAN  GROWTH;INF579M01621;;1141.3444;1141.3444;1141.3444;07-Jul-2015
125342;360 ONE LIQUID FUND REGULAR PLAN  DAILY DIVIDEND REINVESTMENT;;INF579M01563;1000.0130;1000.0130;1000.0130;07-Jul-2015
125259;360 ONE LIQUID FUND REGULAR PLAN  GROWTH;INF579M01506;;1140.3990;1140.3990;1140.3990;07-Jul-2015
125337;360 ONE LIQUID FUND REGULAR PLAN  WEEKLY DIVIDEND;INF579M01514;INF579M01571;1005.0000;1005.0000;1005.0000;07-Jul-2015

Aditya Birla Sun Life Mutual Fund
100047;Aditya Birla Sun Life Liquid Fund - Growth;INF209K01RU9;;229.3862;229.3862;229.3862;07-Jul-2015
119568;Aditya Birla Sun Life Liquid Fund - Growth - Direct Plan;INF209K01VA3;;229.7606;229.7606;229.7606;07-Jul-2015
100046;Aditya Birla Sun Life Liquid Fund -Daily IDCW;INF209K01KQ2;INF209K01SQ5;100.1950;100.1950;100.1950;07-Jul-2015
119569;Aditya Birla Sun Life Liquid Fund -Direct - daily IDCW;INF209K01UZ2;;100.1950;100.1950;100.1950;07-Jul-2015
119571;Aditya Birla Sun Life Liquid Fund -DIRECT - IDCW;INF209K01VD7;;124.1860;124.1860;124.1860;07-Jul-2015
119570;Aditya Birla Sun Life Liquid Fund -Direct - weekly IDCW;INF209K01VC9;;100.3121;100.3121;100.3121;07-Jul-2015
100041;Aditya Birla Sun Life Liquid Fund -Institutional - IDCW;;INF209K01KN9;108.0230;108.0230;108.0230;07-Jul-2015
100048;Aditya Birla Sun Life Liquid Fund -Institutional - weekly  IDCW;INF209KA1LK7;INF209K01KY6;108.1610;108.1610;108.1610;07-Jul-2015
100044;Aditya Birla Sun Life Liquid Fund -Retail - IDCW;;INF209K01KP4;163.6940;163.6940;163.6940;07-Jul-2015
100051;Aditya Birla Sun Life Liquid Fund -weekly IDCW;INF209K01KU4;INF209KA1LJ9;100.3112;100.3112;100.3112;07-Jul-2015
112014;Aditya Birla Sun Life Liquid Fund- Discipline Advantage Plan;INF209K01KZ3;;153.8020;153.8020;153.8020;07-Jul-2015
100043;Aditya Birla Sun Life Liquid Fund-Institutional (Growth);INF209K01RT1;;381.9940;381.9940;381.9940;07-Jul-2015
100042;Aditya Birla Sun Life Liquid Fund-Retail (Growth);INF209K01ME4;;372.2406;372.2406;372.2406;07-Jul-2015

Axis Mutual Fund
128954;Axis Liquid Fund - Direct plan - Bonus Option;INF846K01NH4;;1586.2063;1586.2063;1586.2063;07-Jul-2015
120388;Axis Liquid Fund - Direct Plan - Daily IDCW;;INF846K01DA0;1000.3232;1000.3232;1000.3232;07-Jul-2015
120389;Axis Liquid Fund - Direct Plan - Growth Option;INF846K01CX4;;1586.2657;1586.2657;1586.2657;07-Jul-2015
120391;Axis Liquid Fund - Direct Plan - Monthly IDCW;INF846K01CY2;INF846K01CZ9;1002.7986;1002.7986;1002.7986;07-Jul-2015
120390;Axis Liquid Fund - Direct Plan - Weekly IDCW;INF846K01DB8;INF846K01DC6;1002.3125;1002.3125;1002.3125;07-Jul-2015
112211;Axis Liquid Fund - Regular Plan - Daily IDCW;;INF846K01420;1000.3608;1000.3608;1000.3608;07-Jul-2015
112210;Axis Liquid Fund - Regular Plan - Growth Option;INF846K01412;;1583.7152;1583.7152;1583.7152;07-Jul-2015
112213;Axis Liquid Fund - Regular Plan - Monthly IDCW;INF846K01453;INF846K01461;1002.9030;1002.9030;1002.9030;07-Jul-2015
112212;Axis Liquid Fund - Regular Plan - Weekly IDCW;INF846K01438;INF846K01446;1002.3110;1002.3110;1002.3110;07-Jul-2015
112712;Axis Liquid Fund - Retail Plan - Daily IDCW;;INF846K01362;1000.3232;1000.3232;1000.3232;07-Jul-2015
112713;Axis Liquid Fund - Retail Plan - Growth Option;INF846K01354;;1525.9970;1525.9970;1525.9970;07-Jul-2015
112714;Axis Liquid Fund - Retail Plan - Monthly IDCW;INF846K01396;INF846K01404;1002.6061;1002.6061;1002.6061;07-Jul-2015
112715;Axis Liquid Fund - Retail Plan - Weekly IDCW;INF846K01370;INF846K01388;1000.4783;1000.4783;1000.4783;07-Jul-2015

Bandhan Mutual Fund
108692;BANDHAN LIQUID Fund - Regular Plan - Daily IDCW;INF194K01VZ4;INF194K01VY7;1000.4594;1000.4594;1000.4594;07-Jul-2015
108690;BANDHAN LIQUID Fund - Regular Plan - Growth;INF194K01VX9;;1737.3623;1737.3623;1737.3623;07-Jul-2015
108693;BANDHAN LIQUID Fund - Regular Plan - Monthly IDCW;INF194K01WF4;INF194K01WE7;1001.9265;1001.9265;1001.9265;07-Jul-2015
115489;BANDHAN LIQUID Fund - Regular Plan - Periodic IDCW;INF194K01WC1;INF194K01WB3;1145.7060;1145.7060;1145.7060;07-Jul-2015
108691;BANDHAN LIQUID Fund - Regular Plan - Weekly IDCW;INF194K01WI8;INF194K01WH0;1001.3269;1001.3269;1001.3269;07-Jul-2015
118365;BANDHAN LIQUID Fund -Direct Plan -Monthly IDCW;INF194K01J36;INF194K01J28;1008.8396;1008.8396;1008.8396;07-Jul-2015
118367;BANDHAN LIQUID Fund -Direct Plan -Weekly IDCW;INF194KB1JT8;INF194K01J51;1007.0740;1007.0740;1007.0740;07-Jul-2015
118366;BANDHAN LIQUID Fund -Direct Plan-Daily IDCW;;INF194K01I78;1000.6866;1000.6866;1000.6866;07-Jul-2015
118364;BANDHAN LIQUID Fund -Direct Plan-Growth;INF194K01I60;;1739.2207;1739.2207;1739.2207;07-Jul-2015
118363;BANDHAN LIQUID Fund -Direct Plan-Periodic IDCW;INF194K01J02;INF194K01I94;1074.9232;1074.9232;1074.9232;07-Jul-2015
108779;BANDHAN Liquid Fund-Plan A-Dividend (Daily);INF194K01VC3;INF194K01VB5;1058.1900;1058.1900;1058.1900;07-Jul-2015
108778;BANDHAN Liquid Fund-Plan A-Growth;INF194K01UX1;;2478.9082;2478.9082;2478.9082;07-Jul-2015
115486;BANDHAN Liquid Fund-Plan A-Monthly;INF194K01VF6;INF194K01VE9;1001.7278;1001.7278;1001.7278;07-Jul-2015
108607;BANDHAN Liquid Fund - Plan A-Dividend (Weekly);INF194K01VI0;INF194K01VH2;1001.7653;1001.7653;1001.7653;07-Jul-2015
108781;BANDHAN Liquid Fund - Plan B (G) (Institutional Plan);INF194K01VK6;;2509.6930;2509.6930;2509.6930;07-Jul-2015

Bank of India Mutual Fund
119368;BANK OF INDIA Liquid Fund- Direct Plan- Daily IDCW;;INF761K01CL0;1002.6483;1002.6483;1002.6483;07-Jul-2015
119369;BANK OF INDIA Liquid Fund- Direct Plan- Growth;INF761K01785;;1648.3365;1648.3365;1648.3365;07-Jul-2015
119370;BANK OF INDIA Liquid Fund- Direct Plan- Weekly IDCW;;INF761K01CM8;1061.7835;1061.7835;1061.7835;07-Jul-2015
111971;BANK OF INDIA Liquid Fund- Regular Plan- Daily IDCW;;INF761K01CO4;1001.3912;1001.3912;1001.3912;07-Jul-2015
109254;BANK OF INDIA Liquid Fund- Regular Plan- Growth;INF761K01306;;1644.2917;1644.2917;1644.2917;07-Jul-2015
109255;BANK OF INDIA Liquid Fund- Regular Plan- Weekly IDCW;;INF761K01CP1;1001.5206;1001.5206;1001.5206;07-Jul-2015

Baroda BNP Paribas Mutual Fund
119414;Baroda BNP Paribas LIQUID FUND - DIRECT PLAN - DAILY IDCW OPTION;INF955L01AK2;;1001.1191;1001.1191;1001.1191;07-Jul-2015
119415;Baroda BNP Paribas LIQUID FUND - DIRECT PLAN - GROWTH OPTION;INF955L01AL0;;1641.7522;1641.7522;1641.7522;07-Jul-2015
119416;Baroda BNP Paribas LIQUID FUND - DIRECT PLAN - WEEKLY IDCW OPTION;INF251K01SL8;;1192.4576;1192.4576;1192.4576;07-Jul-2015
125128;Baroda BNP Paribas Liquid Fund - Plan A - Bonus Option;INF955L01DR1;;1632.5872;1632.5872;1632.5872;07-Jul-2015
125129;Baroda BNP Paribas Liquid Fund - Plan B (Direct) - Bonus Option;INF955L01DS9;;1642.0334;1642.0334;1642.0334;07-Jul-2015
111707;Baroda BNP Paribas LIQUID FUND - Regular Plan - DAILY IDCW OPTION;INF955L01468;INF955L01476;1001.1191;1001.1191;1001.1191;07-Jul-2015
111704;Baroda BNP Paribas LIQUID FUND - Regular Plan - GROWTH OPTION;INF955L01484;;1638.3258;1638.3258;1638.3258;07-Jul-2015
111705;Baroda BNP Paribas LIQUID FUND - Regular Plan - WEEKLY IDCW OPTION;INF251K01SK0;INF955L01500;1000.3065;1000.3065;1000.3065;07-Jul-2015
101408;Baroda BNP Paribas LIQUID FUND- Defunct Plan -Growth Option;INF955L01575;;2444.0428;2444.0428;2444.0428;07-Jul-2015
101407;Baroda BNP Paribas LIQUID FUND-Defunct Plan- IDCW Option;INF955L01559;INF955L01567;2093.9684;2093.9684;2093.9684;07-Jul-2015
101409;Baroda BNP Paribas LIQUID FUND-Defunct Plan-Daily IDCW Option;INF955L01518;INF955L01526;1006.0600;1006.0600;1006.0600;07-Jul-2015

BNP Paribas Mutual Fund
130473;BNP PARIBAS LIQUID FUND - DAILY Income Distribution cum Capital Withdrawal OPTION;;INF251K01NK1;1000.4900;1000.4900;1000.4900;07-Jul-2015
130489;BNP PARIBAS LIQUID Fund - DIRECT PLAN - MONTHLY Income Distribution cum Capital Withdrawal OPTION;INF251K01NR6;INF251K01NS4;1002.4765;1002.4765;1002.4765;07-Jul-2015
130486;BNP PARIBAS LIQUID FUND - DIRECT PLAN -- DAILY Income Distribution cum Capital Withdrawal OPTION;;INF251K01NP0;1000.4900;1000.4900;1000.4900;07-Jul-2015
130472;BNP PARIBAS LIQUID FUND - GROWTH OPTION;INF251K01NJ3;;2196.8926;2196.8926;2196.8926;07-Jul-2015
130476;BNP PARIBAS LIQUID FUND - MONTHLY Income Distribution cum Capital Withdrawal OPTION;INF251K01NM7;INF251K01NN5;1002.4218;1002.4218;1002.4218;07-Jul-2015
130459;BNP PARIBAS LIQUID FUND - REGULAR PLAN - GROWTH OPTION;INF251K01NF1;;2082.0266;2082.0266;2082.0266;07-Jul-2015
130471;BNP PARIBAS LIQUID FUND - REGULAR PLAN - MONTHLY DIVIDEND OPTION;INF251K01NH7;INF251K01NI5;1002.3990;1002.3990;1002.3990;07-Jul-2015
130465;BNP PARIBAS LIQUID FUND - REGULAR PLAN - WEEKLY Income Distribution cum Capital Withdrawal OPTION;;INF251K01NG9;1001.2645;1001.2645;1001.2645;07-Jul-2015
130474;BNP PARIBAS LIQUID FUND - WEEKLY Income Distribution cum Capital Withdrawal OPTION;;INF251K01NL9;1001.2752;1001.2752;1001.2752;07-Jul-2015
130479;BNP PARIBAS LIQUID FUND -- DIRECT PLAN - GROWTH OPTION;INF251K01NO3;;2201.8914;2201.8914;2201.8914;07-Jul-2015
130487;BNP PARIBAS LIQUID FUND -- DIRECT PLAN - WEEKLY Income Distribution cum Capital Withdrawal OPTION;;INF251K01NQ8;1001.0673;1001.0673;1001.0673;07-Jul-2015

Canara Robeco Mutual Fund
118307;CANARA ROBECO LIQUID FUND - DIRECT PLAN - DAILY IDCW (Reinvestment);;INF760K01FS0;1005.5000;1005.5000;1005.5000;07-Jul-2015
118305;CANARA ROBECO LIQUID FUND - DIRECT PLAN - GROWTH OPTION;INF760K01FU6;;1738.5735;1738.5735;1738.5735;07-Jul-2015
118304;CANARA ROBECO LIQUID FUND - DIRECT PLAN - IDCW (Payout/Reinvestment);INF760K01FT8;;1244.7086;1244.7086;1244.7086;07-Jul-2015
118306;CANARA ROBECO LIQUID FUND - DIRECT PLAN - MONTHLY IDCW (Payout/Reinvestment);INF760K01FV4;INF760K01FW2;1002.9311;1002.9311;1002.9311;07-Jul-2015
118308;CANARA ROBECO LIQUID FUND - DIRECT PLAN - WEEKLY IDCW (Payout/Reinvestment);INF760K01FY8;INF760K01FX0;1001.3900;1001.3900;1001.3900;07-Jul-2015
109349;CANARA ROBECO LIQUID FUND - REGULAR PLAN - DAILY IDCW (Reinvestment);;INF760K01CU3;1005.5000;1005.5000;1005.5000;07-Jul-2015
109353;CANARA ROBECO LIQUID FUND - REGULAR PLAN - GROWTH OPTION;INF760K01CW9;;1736.2822;1736.2822;1736.2822;07-Jul-2015
109351;CANARA ROBECO LIQUID FUND - REGULAR PLAN - MONTHLY IDCW (Payout/Reinvestment);INF760K01CX7;INF760K01CY5;1002.9065;1002.9065;1002.9065;07-Jul-2015
109350;CANARA ROBECO LIQUID FUND - REGULAR PLAN - WEEKLY IDCW (Payout/Reinvestment);INF760K01BZ4;INF760K01CZ2;1001.3834;1001.3834;1001.3834;07-Jul-2015
101363;Canara Robeco Liquid Fund- INSTITUTIONAL-Daily Dividend Reinvestment;;INF760K01CC1;1005.5000;1005.5000;1005.5000;07-Jul-2015
101362;Canara Robeco Liquid Fund- INSTITUTIONAL-Growth;INF760K01CD9;;2547.6101;2547.6101;2547.6101;07-Jul-2015
101364;Canara Robeco Liquid Fund-Retail-DRI;;INF760K01CF4;1007.0000;1007.0000;1007.0000;07-Jul-2015
101365;Canara Robeco Liquid Fund-Retail-Growth;INF760K01CH0;;2481.4178;2481.4178;2481.4178;07-Jul-2015
109347;Canara Robeco Liquid Fund-Retail-Monthly Div Reinvest;;INF760K01CI8;1008.2696;1008.2696;1008.2696;07-Jul-2015
109356;Canara Robeco Liquid Fund-Retail-Weekly Div Reinvest;;INF760K01CJ6;1006.7793;1006.7793;1006.7793;07-Jul-2015

DSP Mutual Fund
119125;DSP Liquidity Fund - Direct Plan - Growth;INF740K01QL4;;2046.7924;2046.7924;2046.7924;07-Jul-2015
119124;DSP Liquidity Fund - Direct Plan - IDCW - Daily;;INF740KA1OB6;1000.6027;1000.6027;1000.6027;07-Jul-2015
119123;DSP Liquidity Fund - Direct Plan - IDCW - Weekly;INF740KA1OC4;INF740KA1OD2;1001.6584;1001.6584;1001.6584;07-Jul-2015
103347;DSP Liquidity Fund - Regular Plan - Growth;INF740K01FK9;;2043.7284;2043.7284;2043.7284;07-Jul-2015
103348;DSP Liquidity Fund - Regular Plan - IDCW - Weekly;INF740K01FM5;INF740K01FL7;1001.6419;1001.6419;1001.6419;07-Jul-2015
103349;DSP Liquidity Fund- Regular Plan - IDCW - Daily;;INF740KA1OE0;1000.6027;1000.6027;1000.6027;07-Jul-2015
100943;DSP BlackRock Liquidity Fund - Regular Plan - Daily Dividend;;;10.0208;10.0208;10.0208;07-Jul-2015
100940;DSP BlackRock Liquidity Fund - Regular Plan - Growth;INF740K01CN0;;33.5869;33.5869;33.5869;07-Jul-2015
100941;DSP BlackRock Liquidity Fund - Regular Plan Weekly Dividend;;;12.4238;12.4238;12.4238;07-Jul-2015

Franklin Templeton Mutual Fund
100541;Franklin India Liquid Fund - Regular Plan - Daily - IDCW;;INF090I01BA3;1512.3400;1512.3400;1512.3400;07-Jul-2015
100538;Franklin India Liquid Fund - Regular Plan - Growth;INF090I01BB1;;3431.6612;3431.6612;3431.6612;07-Jul-2015
100537;Franklin India Liquid Fund - Regular Plan - Weekly - IDCW;INF090I01BL0;INF090I01BI6;1244.8546;1244.8546;1244.8546;07-Jul-2015
118577;Franklin India Liquid Fund - Super Institutional - Direct - Growth;INF090I01JV2;;2137.2348;2137.2348;2137.2348;07-Jul-2015
100547;Franklin India Liquid Fund - Super Institutional Plan - Daily - IDCW;;INF090I01BF2;1000.7164;1000.7164;1000.7164;07-Jul-2015
118578;Franklin India Liquid Fund - Super Institutional Plan - Direct - Daily - IDCW;INF090I01JW0;;1001.8518;1001.8518;1001.8518;07-Jul-2015
118579;Franklin India Liquid Fund - Super Institutional Plan - Direct - Weekly - IDCW;INF090I01JX8;INF090I01JY6;1021.8656;1021.8656;1021.8656;07-Jul-2015
100546;Franklin India Liquid Fund - Super Institutional Plan - Growth;INF090I01BG0;;2134.3352;2134.3352;2134.3352;07-Jul-2015
100548;Franklin India Liquid Fund - Super Institutional Plan - Weekly - IDCW;INF090I01BM8;INF090I01BH8;1021.5968;1021.5968;1021.5968;07-Jul-2015
102441;Franklin India Liquid Fund - Institution-Growth;INF090I01BD7;;2204.3831;2204.3831;2204.3831;07-Jul-2015
102443;Franklin India Liquid Fund - Institutional Plan - Daily - IDCW;;INF090I01BC9;1000.6730;1000.6730;1000.6730;07-Jul-2015
102442;Franklin India Liquid Fund - Institutional Plan - Weekly - IDCW;INF090I01BJ4;INF090I01BE5;1055.1828;1055.1828;1055.1828;07-Jul-2015

Groww Mutual Fund
119135;Groww Liquid Fund ( formerly known as Indiabulls Liquid )Fund - Direct Plan - Growth Option;INF666M01451;;1392.931;1392.931;1392.931;07-Jul-2015
119136;Groww Liquid Fund (formerly known as Indiabulls Liquid Fund) - Direct Plan- - Income Distribution cum capital withdrawal Option ( Reinvestment);;INF666M01469;1000.4324;1000.4324;1000.4324;07-Jul-2015
115991;Groww Liquid Fund (formerly known as Indiabulls Liquid Fund) - Regular Plan - Growth Option;INF666M01014;;1389.7021;1389.7021;1389.7021;07-Jul-2015
119139;Groww Liquid Fund (formerly known as Indiabulls Liquid Fund)- Direct Plan- Monthly - Income Distribution cum capital withdrawal Option (Payout & Reinvestment);INF666M01519;INF666M01493;999.6978;999.6978;999.6978;07-Jul-2015
119137;Groww Liquid Fund (formerly known as Indiabulls Liquid Fund)- Direct Plan- Weekly - Income Distribution cum capital withdrawal Option (Payout & Reinvestment);INF666M01527;INF666M01477;1006.2288;1006.2288;1006.2288;07-Jul-2015
115992;Groww Liquid Fund (formerly known as Indiabulls Liquid Fund)- Regular Plan- - Income Distribution cum capital withdrawal Option (Reinvestment);;INF666M01022;1000.5175;1000.5175;1000.5175;07-Jul-2015
115993;Groww Liquid Fund (formerly known as Indiabulls Liquid Fund)- Regular Plan- Weekly - Income Distribution cum capital withdrawal Option (Payout & Reinvestment);INF666M01089;INF666M01030;1003.4366;1003.4366;1003.4366;07-Jul-2015

HDFC Mutual Fund
119091;HDFC Liquid Fund - Growth Option - Direct Plan;INF179KB1HP9;;28.2421;28.2421;28.2421;07-Jul-2015
100868;HDFC Liquid Fund - Growth Plan;INF179KB1HK0;;28.2007;28.2007;28.2007;07-Jul-2015
100875;HDFC Liquid Fund - IDCW Daily;;INF179KB1IC5;10.1982;10.1982;10.1982;07-Jul-2015
119089;HDFC Liquid Fund - IDCW Daily - Direct Plan;;INF179KB1HV7;10.1982;10.1982;10.1982;07-Jul-2015
100876;HDFC Liquid Fund - IDCW Monthly;INF179KB1HM6;INF179KB1HL8;10.2814;10.2814;10.2814;07-Jul-2015
119090;HDFC Liquid Fund - IDCW Monthly - Direct Plan;INF179KB1HO2;INF179KB1HQ7;10.2815;10.2815;10.2815;07-Jul-2015
100874;HDFC Liquid Fund - IDCW Plan Weekly;INF179KB1ID3;;10.3125;10.3125;10.3125;07-Jul-2015
119088;HDFC Liquid Fund - IDCW Weekly - Direct Plan;;;10.3124;10.3124;10.3124;07-Jul-2015
100877;HDFC Liquid Fund-Premium Plan - Dividend-Daily;;INF179K01KN4;12.2598;12.2598;12.2598;07-Jul-2015
100873;HDFC Liquid Fund-PREMIUM- Growth;INF179KB1HN4;;28.6830;28.6830;28.6830;07-Jul-2015

HSBC Mutual Fund
118910;HSBC Cash Fund - Institutional Plan - Growth;INF336L01BT4;;2261.8412;2261.8412;2261.8412;07-Jul-2015
120038;HSBC Liquid Fund -  Growth Direct;INF336L01CC8;;1427.2856;1427.2856;1427.2856;07-Jul-2015
120037;HSBC Liquid Fund - Direct Daily IDCW;;INF336L01CB0;1000.56;1000.56;1000.56;07-Jul-2015
120039;HSBC Liquid Fund - Direct Monthly IDCW;INF336L01BZ1;INF336L01CA2;1002.9168;1002.9168;1002.9168;07-Jul-2015
120040;HSBC Liquid Fund - Direct Weekly IDCW;INF336L01LK2;INF336L01CD6;1112.2107;1112.2107;1112.2107;07-Jul-2015
118907;HSBC Liquid Fund - Growth;INF336L01BL1;;2187.6563;2187.6563;2187.6563;07-Jul-2015
118906;HSBC Liquid Fund - IDCW;;INF336L01BK3;1019.3;1019.3;1019.3;07-Jul-2015
118909;HSBC Liquid Fund - Institutional Daily IDCW;;INF336L01BS6;1101.0662;1101.0662;1101.0662;07-Jul-2015
118901;HSBC Liquid Fund - Regular Daily IDCW;;INF336L01BM9;1000.56;1000.56;1000.56;07-Jul-2015
118902;HSBC Liquid Fund - Regular Growth;INF336L01BN7;;1425.8625;1425.8625;1425.8625;07-Jul-2015
118903;HSBC Liquid Fund - Regular Monthly IDCW;INF336L01BP2;INF336L01BO5;1002.7177;1002.7177;1002.7177;07-Jul-2015
118904;HSBC Liquid Fund - Regular Weekly IDCW;INF336L01LJ4;INF336L01BQ0;1112.1829;1112.1829;1112.1829;07-Jul-2015
118908;HSBC Liquid Fund - Weekly IDCW;;INF336L01BR8;1002.9205;1002.9205;1002.9205;07-Jul-2015

ICICI Prudential Mutual Fund
100357;ICICI Prudential Liquid Fund -Quarterly IDCW;INF109K01UU5;INF109K01UT7;100.6296;100.6296;100.6296;07-Jul-2015
100359;ICICI Prudential Liquid Institutional Plus Fund - Div - Daily;INF109K01VJ6;;118.5152;118.5152;118.5152;07-Jul-2015
130933;ICICI Prudential Liquid Fund - Bonus;INF109KA1G94;;107.0955;107.0955;107.0955;07-Jul-2015
103343;ICICI Prudential Liquid Fund - Daily IDCW;INF109K01VP3;;100.0636;100.0636;100.0636;07-Jul-2015
120198;ICICI Prudential Liquid Fund - Direct Plan -  Annual IDCW;INF109K01P99;INF109K01Q07;106.9105;106.9105;106.9105;07-Jul-2015
120187;ICICI Prudential Liquid Fund - Direct Plan -  Half Yearly IDCW;INF109K01Q56;INF109K01Q64;107.0704;107.0704;107.0704;07-Jul-2015
120191;ICICI Prudential Liquid Fund - Direct Plan -  IDCW Others;INF109K01Q31;INF109K01Q23;106.8791;106.8791;106.8791;07-Jul-2015
120188;ICICI Prudential Liquid Fund - Direct Plan - Daily IDCW;;INF109K01Q15;100.0565;100.0565;100.0565;07-Jul-2015
120197;ICICI Prudential Liquid Fund - Direct Plan - Growth;INF109K01Q49;;211.8287;211.8287;211.8287;07-Jul-2015
120189;ICICI Prudential Liquid Fund - Direct Plan - Monthly IDCW;INF109K01R06;;100.3712;100.3712;100.3712;07-Jul-2015
120196;ICICI Prudential Liquid Fund - Direct Plan - Quarterly IDCW;INF109K01Q72;INF109K01Q80;101.3828;101.3828;101.3828;07-Jul-2015
120190;ICICI Prudential Liquid Fund - Direct Plan - Weekly IDCW;INF109K01Q98;;100.2051;100.2051;100.2051;07-Jul-2015
130934;ICICI Prudential Liquid Fund - Direct Plan Bonus;INF109KA1G86;;107.1446;107.1446;107.1446;07-Jul-2015
103340;ICICI Prudential Liquid Fund - Growth;INF109K01VQ1;;211.5261;211.5261;211.5261;07-Jul-2015
104308;ICICI Prudential Liquid Fund - Half Yearly IDCW;INF109K01UX9;INF109K01UW1;105.9980;105.9980;105.9980;07-Jul-2015
115505;ICICI Prudential Liquid Fund - IDCW Others;INF109K01VU3;INF109K01VT5;106.8483;106.8483;106.8483;07-Jul-2015
103344;ICICI Prudential Liquid Fund - Institutional Option - I;INF109K01VH0;;202.1271;202.1271;202.1271;07-Jul-2015
103342;ICICI Prudential Liquid Fund - Weekly IDCW;INF109K01VS7;;100.1797;100.1797;100.1797;07-Jul-2015
103341;ICICI Prudential Liquid Fund -Monthly IDCW;INF109K01VR9;;100.2193;100.2193;100.2193;07-Jul-2015
112119;ICICI Prudential Liquid Fund-Annual IDCW;INF109K01VD9;INF109K01VC1;106.8483;106.8483;106.8483;07-Jul-2015
101748;ICICI Prudential Liquid Fund - Institutional - Daily - Div;INF109K01VE7;;118.5022;118.5022;118.5022;07-Jul-2015
101753;ICICI Prudential Liquid Fund - Institutional - Weekly - Div;INF109K01VI8;;118.4753;118.4753;118.4753;07-Jul-2015
101754;ICICI Prudential Liquid Fund Retail Daily Dividend;INF109K01UR1;;118.5142;118.5142;118.5142;07-Jul-2015
101750;ICICI Prudential Liquid Fund Retail Growth;INF109K01UQ3;;331.2181;331.2181;331.2181;07-Jul-2015
101755;ICICI Prudential Liquid Fund Retail Monthly Dividend;INF109K01US9;;100.2785;100.2785;100.2785;07-Jul-2015
101752;ICICI Prudential Liquid Fund Retail Weekly Dividend;INF109K01UV3;;118.8479;118.8479;118.8479;07-Jul-2015
101751;ICICI Prudential Liquid Institutional Fund - Growth;INF109K01VF4;;339.7049;339.7049;339.7049;07-Jul-2015

IDBI Mutual Fund
126163;IDBI Liquid Fund Bonus Direct;INF397L01FP5;;1150.1376;1150.1376;1150.1376;07-Jul-2015
126164;IDBI Liquid Fund Bonus Regular;INF397L01FO8;;1147.3985;1147.3985;1147.3985;07-Jul-2015
118345;IDBI Liquid Fund Growth Direct;INF397L01AH3;;1533.5191;1533.5191;1533.5191;07-Jul-2015
113104;IDBI Liquid Fund- Monthly IDCW;INF397L01976;INF397L01968;1006.1563;1006.1563;1006.1563;07-Jul-2015
118449;IDBI Liquid Fund- Monthly IDCW Direct;INF397L01AK7;INF397L01AJ9;1004.2999;1004.2999;1004.2999;07-Jul-2015
113102;IDBI Liquid Fund-Daily IDCW;;INF397L01935;1005.1233;1005.1233;1005.1233;07-Jul-2015
118450;IDBI Liquid Fund-Daily IDCW Direct;;INF397L01AI1;1001.0974;1001.0974;1001.0974;07-Jul-2015
113096;IDBI Liquid Fund-Growth;INF397L01984;;1529.8615;1529.8615;1529.8615;07-Jul-2015
113103;IDBI Liquid Fund-Weekly IDCW;INF397L01950;INF397L01943;1006.4364;1006.4364;1006.4364;07-Jul-2015
118451;IDBI Liquid Fund-Weekly IDCW Direct;INF397L01AM3;INF397L01AL5;1002.8231;1002.8231;1002.8231;07-Jul-2015

Invesco Mutual Fund
122786;Invesco India Liquid Fund - Bonus Option;INF205K01UX5;;1965.7181;1965.7181;1965.7181;07-Jul-2015
104484;Invesco India Liquid Fund - Daily IDCW (Reinvestment);;INF205K01HN3;1001.2154;1001.2154;1001.2154;07-Jul-2015
120537;Invesco India Liquid Fund - Direct Plan - Growth;INF205K01MF9;;1968.8617;1968.8617;1968.8617;07-Jul-2015
120536;Invesco India Liquid Fund - Direct Plan - Monthly IDCW (Payout / Reinvestment);INF205K01MG7;INF205K01MH5;1004.7577;1004.7577;1004.7577;07-Jul-2015
120535;Invesco India Liquid Fund - Direct Plan - Weekly IDCW (Reinvestment);;INF205K01MI3;1000.7305;1000.7305;1000.7305;07-Jul-2015
120534;Invesco India Liquid Fund - Direct Plan- Daily IDCW (Reinvestment);;INF205K01ME2;1000.7900;1000.7900;1000.7900;07-Jul-2015
104486;Invesco India Liquid Fund - Growth;INF205K01HM5;;1965.7201;1965.7201;1965.7201;07-Jul-2015
104492;Invesco India Liquid Fund - Monthly IDCW (Payout / Reinvestment);INF205K01HQ6;INF205K01HP8;1004.7423;1004.7423;1004.7423;07-Jul-2015
104488;Invesco India Liquid Fund - Regular - Growth;INF205K01HG7;;1838.9659;1838.9659;1838.9659;07-Jul-2015
104489;Invesco India Liquid Fund - Regular - Weekly IDCW (Reinvestment);;INF205K01HH5;1000.8350;1000.8350;1000.8350;07-Jul-2015
104485;Invesco India Liquid Fund - Weekly IDCW (Reinvestment);;INF205K01HO1;1001.1557;1001.1557;1001.1557;07-Jul-2015
122787;Religare Invesco Liquid Fund - Direct Plan - Bonus Option;INF205K01VG8;;1968.9599;1968.9599;1968.9599;07-Jul-2015
104491;Religare Invesco Liquid Fund - Institutional - Growth;INF205K01HI3;;1888.4226;1888.4226;1888.4226;07-Jul-2015

JM Financial Mutual Fund
100238;JM High Liquidity Fund-Institutional Plan - Daily Dividend;;INF192K01916;10.0159;10.0159;10.0159;07-Jul-2015
120410;JM Liquid Fund (Direct) - Bonus Option - Bonus Option - Principal units;INF192K01CN4;;12.5398;12.5398;12.5398;07-Jul-2015
120411;JM Liquid Fund (Direct) - Daily IDCW;;INF192K01CH6;10.4302;10.4302;10.4302;07-Jul-2015
120406;JM Liquid Fund (Direct) - Growth Option;INF192K01CM6;;39.1004;39.1004;39.1004;07-Jul-2015
120408;JM Liquid Fund (Direct) - Quarterly IDCW;INF192K01CK0;INF192K01CL8;22.1673;22.1673;22.1673;07-Jul-2015
120407;JM Liquid Fund (Direct) - Weekly IDCW;INF192K01CI4;INF192K01CJ2;11.0061;11.0061;11.0061;07-Jul-2015
100244;JM Liquid Fund (Regular) - Quarterly IDCW;INF192K01866;INF192K01874;22.0861;22.0861;22.0861;07-Jul-2015
100247;JM Liquid Fund (Regular) - Super Institutional Plan - Growth Option;INF192K01981;;22.4380;22.4380;22.4380;07-Jul-2015
100233;JM Liquid Fund (Regular) - Weekly IDCW;INF192K01841;INF192K01858;11.0035;11.0035;11.0035;07-Jul-2015
100234;JM Liquid Fund - Growth Option;INF192K01882;;39.0211;39.0211;39.0211;07-Jul-2015
101549;JM Liquid Fund (Regular) - Bonus Option - Principal Units;INF192K01890;;12.4946;12.4946;12.4946;07-Jul-2015
101078;JM Liquid Fund (Regular) - Daily IDCW;;INF192K01833;10.4302;10.4302;10.4302;07-Jul-2015

Kotak Mahindra Mutual Fund
119764;Kotak Liquid Fund - Direct Plan - Daily Reinvestment of Income Distribution cum capital withdrawal option;;INF174K01NH1;1222.81;1222.81;1222.81;07-Jul-2015
119766;Kotak Liquid Fund - Direct Plan - Growth;INF174K01NE8;;2903.4696;2903.4696;2903.4696;07-Jul-2015
100833;Kotak Liquid Fund - Regular  - Daily Reinvestment of Income Distribution cum capital withdrawal option;;INF174K01NL3;1222.81;1222.81;1222.81;07-Jul-2015
100835;Kotak Liquid Fund - Regular Plan - Growth;INF174K01NI9;;2899.8831;2899.8831;2899.8831;07-Jul-2015
119765;Kotak Liquid Fund - Weekly  Payout of Income Distribution cum capital withdrawal option - Direct;INF174K01NF5;INF174K01NG3;1005.3403;1005.3403;1005.3403;07-Jul-2015
100834;Kotak Liquid Fund Regular Plan Weekly Reinvestment of Income Distribution cum capital withdrawal option Dividend;INF174K01NK5;;1000.2201;1000.2201;1000.2201;07-Jul-2015
100830;Kotak Liquid-Institutional Plan  (Growth);INF174K01FZ9;;2773.3083;2773.3083;2773.3083;07-Jul-2015
100828;Kotak Liquid-Regular (Dividend);;INF174K01FY2;1002.4103;1002.4103;1002.4103;07-Jul-2015
100829;Kotak Liquid-Regular (Growth);INF174K01NM1;;2647.6386;2647.6386;2647.6386;07-Jul-2015

L&T Mutual Fund
122235;L&T Liquid Fund - Direct Plan - Weekly IDCW;;INF917K01HE2;1000.6651;1000.6651;1000.6651;07-Jul-2015
119791;L&T Liquid Fund - Direct Plan -Daily IDCW;INF917K01HG7;;1012.1732;1012.1732;1012.1732;07-Jul-2015
119790;L&T Liquid Fund - Direct Plan -Growth;INF917K01HF9;;1962.2118;1962.2118;1962.2118;07-Jul-2015
112458;L&T Liquid Fund - Regular Plan - Weekly IDCW;INF917K01BK2;INF917K01JG3;1001.1892;1001.1892;1001.1892;07-Jul-2015
129924;L&T Liquid Fund -Regular Plan - Bonus;INF917K01QH6;;1959.9665;1959.9665;1959.9665;07-Jul-2015
112445;L&T Liquid Fund -Regular Plan - Daily IDCW;INF917K01JB4;;1011.6349;1011.6349;1011.6349;07-Jul-2015
112457;L&T Liquid Fund -Regular Plan - Growth;INF917K01JH1;;1959.8600;1959.8600;1959.8600;07-Jul-2015
112456;L&T Liquid Fund-Cum -Institutional Plus;INF917K01BJ4;;2850.1069;2850.1069;2850.1069;07-Jul-2015
112442;L&T Liquid Fund-Regular Cumulative;INF917K01BF2;;2731.5263;2731.5263;2731.5263;07-Jul-2015

LIC Mutual Fund
120248;LIC MF Liquid Fund-Direct Plan-Daily IDCW;INF767K01DL5;INF767K01DM3;1098.0000;1098.0000;1098.0000;07-Jul-2015
120249;LIC MF Liquid Fund-Direct Plan-Growth;INF767K01DN1;;2593.7341;2593.7341;2593.7341;07-Jul-2015
101184;LIC MF Liquid Fund-Regular Plan-Daily IDCW;INF767K01IQ3;INF767K01IR1;1098.0000;1098.0000;1098.0000;07-Jul-2015
101185;LIC MF Liquid Fund-Regular Plan-Growth;INF767K01IS9;;2590.1786;2590.1786;2590.1786;07-Jul-2015

Mirae Asset Mutual Fund
118859;Mirae Asset Liquid Fund - Direct Plan - Growth;INF769K01CM1;;1516.8558;1516.8558;1516.8558;07-Jul-2015
118862;Mirae Asset Liquid Fund - Direct Plan - Weekly IDCW;;INF769K01CP4;1198.0803;1198.0803;1198.0803;07-Jul-2015
118861;Mirae Asset Liquid Fund - Direct Plan -Daily IDCW;;INF769K01CO7;1067.1405;1067.1405;1067.1405;07-Jul-2015
111647;Mirae Asset Liquid Fund - Regular - Daily IDCW;;INF769K01804;1058.0902;1058.0902;1058.0902;07-Jul-2015
111646;Mirae Asset Liquid Fund - Regular Plan - Growth;INF769K01788;;1510.2450;1510.2450;1510.2450;07-Jul-2015
111645;Mirae Asset Liquid Fund - Regular Plan - Monthly IDCW;INF769K01838;INF769K01820;1146.4440;1146.4440;1146.4440;07-Jul-2015
111644;Mirae Asset Liquid Fund - Regular Plan - Weekly IDCW;;INF769K01812;1144.9436;1144.9436;1144.9436;07-Jul-2015

Navi Mutual Fund
119163;Navi Liquid Fund - Direct Plan Daily IDCW - ReInvestment;;INF959L01GK1;1001.2900;1001.2900;1001.2900;07-Jul-2015
119161;Navi Liquid Fund - Direct Plan Monthly IDCW - Payout;INF959L01GG9;INF959L01GH7;1004.0255;1004.0255;1004.0255;07-Jul-2015
119162;Navi Liquid Fund - Direct Plan Weekly IDCW - Payout;INF959L01GI5;INF959L01GJ3;1000.8755;1000.8755;1000.8755;07-Jul-2015
112645;Navi Liquid Fund - Regular Plan Daily IDCW;;INF959L01GM7;1001.2900;1001.2900;1001.2900;07-Jul-2015
112647;Navi Liquid Fund - Regular Plan Monthly IDCW;INF959L01GN5;INF959L01GO3;1003.7042;1003.7042;1003.7042;07-Jul-2015
112646;Navi Liquid Fund - Regular Plan Weekly IDCW;INF959L01GP0;INF959L01GQ8;1000.6807;1000.6807;1000.6807;07-Jul-2015
119164;Navi Liquid Fund-Direct Plan-Growth Option;INF959L01GF1;;1571.0764;1571.0764;1571.0764;07-Jul-2015
112636;Navi Liquid Fund-Regular Plan-Growth Option;INF959L01GL9;;1568.6730;1568.6730;1568.6730;07-Jul-2015

Nippon India Mutual Fund
100852;NIPPON INDIA LIQUID FUND - DAILY IDCW OPTION;;INF204K01UM1;1528.7400;1528.7400;1528.7400;07-Jul-2015
118695;NIPPON INDIA LIQUID FUND - DIRECT Plan - DAILY IDCW OPTION;;INF204K01ZG2;1528.7400;1528.7400;1528.7400;07-Jul-2015
118696;NIPPON INDIA LIQUID FUND - DIRECT Plan - MONTHLY IDCW OPTION;INF204K01ZI8;INF204K01ZJ6;1594.2370;1594.2370;1594.2370;07-Jul-2015
118698;NIPPON INDIA LIQUID FUND - DIRECT Plan - QUARTERLY IDCW OPTION;INF204K01ZK4;INF204K01ZL2;1010.0523;1010.0523;1010.0523;07-Jul-2015
118700;NIPPON INDIA LIQUID FUND - DIRECT Plan - WEEKLY IDCW OPTION;INF204KC1FN6;INF204K01ZM0;1531.6394;1531.6394;1531.6394;07-Jul-2015
118701;Nippon India Liquid Fund - Direct Plan Growth Plan - Growth Option;INF204K01ZH0;;3489.2230;3489.2230;3489.2230;07-Jul-2015
100855;NIPPON INDIA LIQUID FUND - MONTHLY IDCW OPTION;INF204K01UO7;INF204K01UP4;1590.8368;1590.8368;1590.8368;07-Jul-2015
112340;NIPPON INDIA LIQUID FUND - QUARTERLY IDCW OPTION;INF204K01UQ2;INF204K01UR0;1007.1140;1007.1140;1007.1140;07-Jul-2015
100837;Nippon India Liquid Fund - Retail Option - Growth Plan;INF204K01UL3;;3311.2818;3311.2818;3311.2818;07-Jul-2015
100842;NIPPON INDIA LIQUID FUND - RETAIL Plan - DAILY IDCW OPTION;;INF204K01UJ7;1524.2800;1524.2800;1524.2800;07-Jul-2015
100843;NIPPON INDIA LIQUID FUND - RETAIL plan - MONTHLY IDCW OPTION;INF204K01UT6;INF204K01UU4;1332.0146;1332.0146;1332.0146;07-Jul-2015
100844;NIPPON INDIA LIQUID FUND - RETAIL Plan - QUARTERLY IDCW OPTION;INF204K01UV2;INF204K01UW0;1220.4406;1220.4406;1220.4406;07-Jul-2015
100838;NIPPON INDIA LIQUID FUND - RETAIL Plan - WEEKLY IDCW OPTION;;INF204K01UK5;1034.9583;1034.9583;1034.9583;07-Jul-2015
100853;NIPPON INDIA LIQUID FUND - WEEKLY IDCW OPTION;INF204KC1FM8;INF204K01US8;1531.6229;1531.6229;1531.6229;07-Jul-2015
100851;Nippon India Liquid Fund -Growth Plan;INF204K01UN9;;3482.5398;3482.5398;3482.5398;07-Jul-2015
118610;Reliance Liquid Fund - Cash Plan - Direct Plan - Growth Plan - Growth Option;;;2305.9421;2305.9421;2305.9421;07-Jul-2015
118618;Reliance Liquid Fund - Cash Plan - Direct Plan Daily Dividend Reinvestment Option;;;1114.1500;1114.1500;1114.1500;07-Jul-2015
118609;Reliance Liquid Fund - Cash Plan - Direct Plan Monthly Dividend Plan;;;1006.9734;1006.9734;1006.9734;07-Jul-2015
118612;Reliance Liquid Fund - Cash Plan - Direct Plan Quarterly Dividend Plan;;;1013.9701;1013.9701;1013.9701;07-Jul-2015
118611;Reliance Liquid Fund - Cash Plan - Direct Plan Weekly Dividend Reinvestment Option;;;1092.6526;1092.6526;1092.6526;07-Jul-2015
100849;Reliance Liquid Fund-Cash Plan-Daily Dividend Reinvestment Option;;;1114.1500;1114.1500;1114.1500;07-Jul-2015
100845;Reliance Liquid Fund-Cash Plan-Growth Plan;;;2271.2507;2271.2507;2271.2507;07-Jul-2015
114251;Reliance Liquid Fund-Cash Plan-Monthly Dividend Plan;;;1003.9021;1003.9021;1003.9021;07-Jul-2015
114252;Reliance Liquid Fund-Cash Plan-Quarterly Dividend Plan;;;1007.6166;1007.6166;1007.6166;07-Jul-2015
100848;Reliance Liquid Fund-Cash Plan-Weekly Dividend Reinvestment Option;;;1092.5447;1092.5447;1092.5447;07-Jul-2015

Principal Mutual Fund
100895;Principal Cash Management Fund - Daily Income Distribution CUM Capital Withdrawal;;INF173K01DB7;1000.4303;1000.4303;1000.4303;07-Jul-2015
119468;Principal Cash Management Fund - Direct Plan - Growth Option;INF173K01GU0;;1392.4424;1392.4424;1392.4424;07-Jul-2015
119467;Principal Cash Management Fund - Direct Plan - Income Distribution CUM Capital Withdrawal Option - Daily;;INF173K01GT2;1000.3870;1000.3870;1000.3870;07-Jul-2015
119469;Principal Cash Management Fund - Direct Plan - Income Distribution CUM Capital Withdrawal Option - Weekly;;INF173K01GY2;1008.0959;1008.0959;1008.0959;07-Jul-2015
100897;Principal Cash Management Fund - Monthly Income Distribution CUM Capital Withdrawal Option;INF173K01BV9;INF173K01BW7;1025.6946;1025.6946;1025.6946;07-Jul-2015
100896;Principal Cash Management Fund - Weekly Income Distribution CUM Capital Withdrawal Option;;INF173K01DC5;1007.5520;1007.5520;1007.5520;07-Jul-2015
119466;Principal Cash Management Fund -Direct Plan - Income Distribution CUM Capital Withdrawal Option - Monthly;INF173K01GV8;INF173K01GW6;1025.7371;1025.7371;1025.7371;07-Jul-2015
100898;Principal Cash Management Fund -Growth Option;INF173K01DA9;;1389.3589;1389.3589;1389.3589;07-Jul-2015

quant Mutual Fund
120837;quant Liquid Fund - Growth Option - Direct Plan;INF966L01820;;22.3413;22.3413;22.3413;07-Jul-2015
103225;quant Liquid Fund - Growth Option - Regular Plan;INF966L01317;;22.2397;22.2397;22.2397;07-Jul-2015
120838;quant Liquid Fund - Monthly IDCW Option - Direct Plan;INF966L01796;INF966L01812;15.1730;15.1730;15.1730;07-Jul-2015
103228;quant Liquid Fund - Monthly IDCW Option - Regular Plan;INF966L01291;INF966L01309;15.0840;15.0840;15.0840;07-Jul-2015
120839;quant Liquid Fund - Weekly IDCW Option - Direct Plan;INF966L01788;INF966L01804;13.5786;13.5786;13.5786;07-Jul-2015
103227;quant Liquid Fund - Weekly IDCW Option - Regular Plan;INF966L01499;INF966L01283;13.5300;13.5300;13.5300;07-Jul-2015
120836;quant Liquid Fund-Daily IDCW Option - Direct Plan;;INF966L01770;13.7935;13.7935;13.7935;07-Jul-2015
103226;quant Liquid Fund-Daily IDCW Option - Regular Plan;;INF966L01275;13.7182;13.7182;13.7182;07-Jul-2015

Quantum Mutual Fund
103736;Quantum Liquid Fund - Direct Plan Daily IDCW;;INF082J01135;10.0065;10.0065;10.0065;07-Jul-2015
103734;Quantum Liquid Fund - Direct Plan Growth Option;INF082J01127;;20.0612;20.0612;20.0612;07-Jul-2015
103735;Quantum Liquid Fund - Direct Plan Monthly IDCW;INF082J01143;INF082J01200;10.0310;10.0310;10.0310;07-Jul-2015

SBI Mutual Fund
119804;SBI Liquid Fund - Direct Paln - Fortnightly Income Distribution cum Capital Withdrawal Option (IDCW);INF200K01UR8;INF200K01US6;1012.5305;1012.5305;1012.5305;07-Jul-2015
119805;SBI Liquid Fund - Direct Plan - Daily Income Distribution cum Capital Withdrawal Option (IDCW);;INF200K01UQ0;1003.25;1003.25;1003.25;07-Jul-2015
119799;SBI Liquid Fund - Direct Plan - Weekly Income Distribution cum Capital Withdrawal Option (IDCW);INF200K01UU2;INF200K01UV0;1061.764;1061.764;1061.764;07-Jul-2015
119800;SBI Liquid Fund - DIRECT PLAN -Growth;INF200K01UT4;;2248.3749;2248.3749;2248.3749;07-Jul-2015
105274;SBI Liquid Fund - Institutional - Growth;INF200K01LU1;;2265.8134;2265.8134;2265.8134;07-Jul-2015
105275;SBI Liquid Fund - Institutional Daily Income Distribution cum Capital Withdrawal Option (IDCW);;INF200K01LR7;1003.25;1003.25;1003.25;07-Jul-2015
105279;SBI Liquid Fund - Institutional Fortnightly Income Distribution cum Capital Withdrawal Option (IDCW);INF200K01LS5;INF200K01LT3;1023.8376;1023.8376;1023.8376;07-Jul-2015
105278;SBI Liquid Fund - Institutional Weekly Income Distribution cum Capital Withdrawal Option (IDCW);INF200K01LV9;INF200K01LW7;1061.0491;1061.0491;1061.0491;07-Jul-2015
105281;SBI Liquid Fund - Regular Plan - Daily Income Distribution cum Capital Withdrawal Option (IDCW);;INF200K01LX5;1003.25;1003.25;1003.25;07-Jul-2015
105283;SBI Liquid Fund - Regular Plan - Fortnightly Income Distribution cum Capital Withdrawal Option (IDCW);INF200K01LY3;INF200K01LZ0;1012.5257;1012.5257;1012.5257;07-Jul-2015
105282;SBI Liquid Fund - Regular Plan - Weekly Income Distribution cum Capital Withdrawal Option (IDCW);INF200K01MB9;INF200K01MC7;1061.7589;1061.7589;1061.7589;07-Jul-2015
105280;SBI Liquid Fund - REGULAR PLAN -Growth;INF200K01MA1;;2244.7461;2244.7461;2244.7461;07-Jul-2015

Sundaram Mutual Fund
119690;Sundaram Money Fund Direct Plan - Bonus;INF903J01RL8;;10.8023;10.8023;10.8023;07-Jul-2015
119688;Sundaram Money Fund Direct Plan - Daily Reinvestment of Income Distribution cum Capital Withdrawal (IDCW);;INF903J01QA3;10.1025;10.1025;10.1025;07-Jul-2015
119692;Sundaram Money Fund Direct Plan - Fortnightly Reinvestment of Income Distribution cum Capital Withdrawal (IDCW);;INF903J01QB1;25.6481;25.6481;25.6481;07-Jul-2015
119686;Sundaram Money Fund Direct Plan - Growth;INF903J01QF2;;30.1847;30.1847;30.1847;07-Jul-2015
119687;Sundaram Money Fund Direct Plan - Monthly Income Distribution cum Capital Withdrawal (IDCW);INF903J01QC9;INF903J01QD7;10.6093;10.6093;10.6093;07-Jul-2015
119689;Sundaram Money Fund Direct Plan - Quarterly Reinvestment of Income Distribution cum Capital Withdrawal (IDCW);;INF903J01QE5;30.1444;30.1444;30.1444;07-Jul-2015
119691;Sundaram Money Fund Direct Plan - Weekly Reinvestment of Income Distribution cum Capital Withdrawal (IDCW);;INF903J01QG0;11.5981;11.5981;11.5981;07-Jul-2015
102701;Sundaram Money Fund Institutional Plan - Daily Reinvestment of Income Distribution cum Capital Withdrawal (IDCW);;INF903J01GP2;10.0953;10.0953;10.0953;07-Jul-2015
102703;Sundaram Money Fund Institutional Plan - Growth;INF903J01GN7;;29.3931;29.3931;29.3931;07-Jul-2015
118328;Sundaram Money Fund Regular Plan - Bonus;INF903J01MB0;;10.7740;10.7740;10.7740;07-Jul-2015
103392;Sundaram Money Fund Regular Plan - Daily Reinvestment of Income Distribution cum Capital Withdrawal (IDCW);;INF903J01GW8;10.0953;10.0953;10.0953;07-Jul-2015
103395;Sundaram Money Fund Regular Plan - Fortnightly Reinvestment of Income Distribution cum Capital Withdrawal (IDCW);;INF903J01GY4;10.8528;10.8528;10.8528;07-Jul-2015
103397;Sundaram Money Fund Regular Plan - Growth;INF903J01GU2;;30.1415;30.1415;30.1415;07-Jul-2015
103396;Sundaram Money Fund Regular Plan - Monthly Income Distribution cum Capital Withdrawal (IDCW);INF903J01GV0;INF903J01GZ1;10.4685;10.4685;10.4685;07-Jul-2015
103393;Sundaram Money Fund Regular Plan - Quarterly Reinvestment of Income Distribution cum Capital Withdrawal (IDCW);;INF903J01HA2;30.1419;30.1419;30.1419;07-Jul-2015
100620;Sundaram Money Fund Retail Plan - Daily Reinvestment of Income Distribution cum Capital Withdrawal (IDCW);;INF903J01GI7;10.0953;10.0953;10.0953;07-Jul-2015
100622;Sundaram Money Fund Retail Plan - Fortnightly Reinvestment of Income Distribution cum Capital Withdrawal (IDCW);;INF903J01GK3;10.8294;10.8294;10.8294;07-Jul-2015
100618;Sundaram Money Fund Retail Plan - Growth;INF903J01GG1;;28.1678;28.1678;28.1678;07-Jul-2015
100623;Sundaram Money Fund Retail Plan - Monthly Income Distribution cum Capital Withdrawal (IDCW);INF903J01GH9;INF903J01GL1;10.4814;10.4814;10.4814;07-Jul-2015
100619;Sundaram Money Fund Retail Plan - Quarterly Reinvestment of Income Distribution cum Capital Withdrawal (IDCW);;INF903J01GM9;11.2492;11.2492;11.2492;07-Jul-2015
100621;Sundaram Money Fund Retail Plan - Weekly Reinvestment of Income Distribution cum Capital Withdrawal (IDCW);;INF903J01GJ5;11.3161;11.3161;11.3161;07-Jul-2015
103394;Sundaram Money Fund Regular Plan - Weekly Reinvestment of Income Distribution cum Capital Withdrawal (IDCW);;INF903J01GX6;11.3576;11.3576;11.3576;07-Jul-2015

Tata Mutual Fund
102672;Tata Liquid Fund -Regular Plan - Growth Option;INF277K01YD8;;2249.5140;2249.5140;2249.5140;07-Jul-2015
119862;Tata Liquid Fund- Direct Plan - Daily Reinvestment of IDCW Option;;INF277K012D2;1001.5187;1001.5187;1001.5187;07-Jul-2015
119861;Tata Liquid Fund- Direct Plan-Growth Option;INF277K01YE6;;2255.2162;2255.2162;2255.2162;07-Jul-2015
101714;Tata Liquid Fund- Regular Plan - Daily Reinvestment of IDCW Option;;INF277K011D4;1001.5157;1001.5157;1001.5157;07-Jul-2015

Taurus Mutual Fund
111915;Taurus Liquid Fund - Regular Plan - SI Growth Option;INF044D01534;;1547.2482;1547.2482;1547.2482;07-Jul-2015
113248;Taurus Liquid Fund - Regular Plan - SI Weekly Dividend Option;;INF044D01526;1001.1179;1001.1179;1001.1179;07-Jul-2015
111703;Taurus Liquid Fund - Regular Plan -SI Daily Dividend Option;;INF044D01518;1000.3136;1000.3136;1000.3136;07-Jul-2015
111760;Taurus Liquid Fund Insti Growth;INF044D01500;;1572.1237;1572.1237;1572.1237;07-Jul-2015
118891;Taurus Liquid Fund-Direct Plan-SI Daily Dividend Option;;INF044D01DI0;1000.3730;1000.3730;1000.3730;07-Jul-2015
118893;Taurus Liquid Fund-Direct Plan-SI Growth Option;INF044D01DK6;;1549.2360;1549.2360;1549.2360;07-Jul-2015
118892;Taurus Liquid Fund-Direct Plan-SI Weekly Dividend Option;;INF044D01DJ8;1001.1253;1001.1253;1001.1253;07-Jul-2015
104240;Taurus Liquid Fund-Dividend;INF044D01542;INF044D01559;1001.2175;1001.2175;1001.2175;07-Jul-2015
104241;Taurus Liquid Fund-Growth;INF044D01575;;1833.0317;1833.0317;1833.0317;07-Jul-2015

Union Mutual Fund
115401;Union Liquid Fund - Daily IDCW Option;;INF582M01021;1000.6489;1000.6489;1000.6489;07-Jul-2015
119301;Union Liquid Fund - Direct Plan - Daily IDCW Option;;INF582M01682;1000.6506;1000.6506;1000.6506;07-Jul-2015
119305;Union Liquid Fund - Direct Plan - Fortnightly IDCW Option;INF582M01724;INF582M01708;1002.9339;1002.9339;1002.9339;07-Jul-2015
119303;Union Liquid Fund - Direct Plan - Growth Option;INF582M01674;;1433.1489;1433.1489;1433.1489;07-Jul-2015
119302;Union Liquid Fund - Direct Plan - Monthly IDCW Option;INF582M01732;INF582M01716;1002.9319;1002.9319;1002.9319;07-Jul-2015
119304;Union Liquid Fund - Direct Plan - Weekly IDCW Option;;INF582M01690;1000.5000;1000.5000;1000.5000;07-Jul-2015
115399;Union Liquid Fund - Fortnightly IDCW Option;INF582M01062;INF582M01047;1002.9046;1002.9046;1002.9046;07-Jul-2015
115398;Union Liquid Fund - Growth Option;INF582M01013;;1430.6026;1430.6026;1430.6026;07-Jul-2015
115400;Union Liquid Fund - Monthly IDCW Option;INF582M01070;INF582M01054;1002.9049;1002.9049;1002.9049;07-Jul-2015
115402;Union Liquid Fund - Weekly IDCW Option;;INF582M01039;1000.5000;1000.5000;1000.5000;07-Jul-2015

UTI Mutual Fund
134427;UTI Liquid Fund - Direct Plan - Annual IDCW;INF789FA1K63;INF789FA1K71;1032.216;1032.216;1032.216;07-Jul-2015
120558;UTI Liquid Fund - Direct Plan - Daily IDCW (Reinvestment);;INF789F01XP8;1019.4457;1019.4457;1019.4457;07-Jul-2015
120794;UTI Liquid Fund - Direct Plan - Monthly IDCW;INF789F01XR4;INF789F01XS2;1026.5426;1026.5426;1026.5426;07-Jul-2015
120777;UTI Liquid Fund - Direct Plan - Weekly IDCW;;INF789F01XT0;1054.3721;1054.3721;1054.3721;07-Jul-2015
133973;UTI Liquid Fund - Regular Plan - Annual IDCW;INF789FA1J66;INF789FA1J74;1032.0592;1032.0592;1032.0592;07-Jul-2015
102010;UTI Liquid Fund - Regular Plan - Daily IDCW (Reinvestment);;INF789F01PG3;1019.4457;1019.4457;1019.4457;07-Jul-2015
102011;UTI Liquid Fund - Regular Plan - Monthly IDCW;INF789F01PI9;INF789F01PJ7;1026.5342;1026.5342;1026.5342;07-Jul-2015
102013;UTI Liquid Fund - Regular Plan - Weekly IDCW;;INF789F01PK5;1054.3619;1054.3619;1054.3619;07-Jul-2015
120304;UTI-  Liquid Cash Plan - Direct Plan - Growth Option;INF789F01XQ6;;2344.7624;2344.7624;2344.7624;07-Jul-2015
102012;UTI-  Liquid Cash Plan - Regular Plan - Growth Option;INF789F01PH1;;2340.549;2340.549;2340.549;07-Jul-2015
102008;UTI-  Liquid Cash Plan- Discontinued - Regular Plan - Monthly Dividend Option;INF789F01BC2;INF789F01BA6;1163.9024;1163.9024;0;07-Jul-2015
102009;UTI-  Liquid Cash Plan- Discontinued - Regular Plan -Growth;INF789F01BB4;;2238.4751;2238.4751;0;07-Jul-2015
102007;UTI-  Liquid Cash Plan- Discontinued -Regular Plan Periodic Dividend Option;;INF789F01AZ5;1132.9963;1132.9963;0;07-Jul-2015

Open Ended Schemes ( Debt Scheme - Ultra Short Duration Fund )


Aditya Birla Sun Life Mutual Fund
112016;Aditya Birla Sun Life Savings Fund - Discipline Advantage Plan;INF209K01JT8;;157.7070;157.7070;157.7070;07-Jul-2015
119501;Aditya Birla Sun Life Savings Fund - Growth - Direct Plan;INF209K01UR9;;276.1364;276.1364;276.1364;07-Jul-2015
101317;Aditya Birla Sun Life Savings Fund - Growth - Regular Plan;INF209K01LZ1;;275.4923;275.4923;275.4923;07-Jul-2015
119500;Aditya Birla Sun Life Savings Fund-DIRECT - DAILY IDCW;INF209K01UQ1;;100.2972;100.2972;100.2972;07-Jul-2015
119499;Aditya Birla Sun Life Savings Fund-DIRECT - WEEKLY IDCW;INF209K01US7;;100.3094;100.3094;100.3094;07-Jul-2015
105888;Aditya Birla Sun Life Savings Fund-Regular - DAILY IDCW;INF209K01LY4;;100.2970;100.2970;100.2970;07-Jul-2015
105887;Aditya Birla Sun Life Savings Fund-Regular - weekly IDCW;INF209K01MA2;;100.3079;100.3079;100.3079;07-Jul-2015
109108;Aditya Birla Sun Life Savings Fund-Retail - Daily IDCW;INF209K01MB0;;100.2963;100.2963;100.2963;07-Jul-2015
101316;Aditya Birla Sun Life Savings Fund-Retail Growth;INF209K01MC8;;266.5689;266.5689;266.5689;07-Jul-2015
105881;Aditya Birla Sun Life Savings Fund-Weekly - retail IDCW;INF209K01MD6;;100.3079;100.3079;100.3079;07-Jul-2015

Bank of India Mutual Fund
119380;BANK OF INDIA Ultra Short Duration Fund- Direct Plan- Daily IDCW;;INF761K01CT3;1002.9232;1002.9232;1002.9232;07-Jul-2015
119379;BANK OF INDIA Ultra Short Duration Fund- Direct Plan- Growth;INF761K01892;;1695.3997;1695.3997;1695.3997;07-Jul-2015
119381;BANK OF INDIA Ultra Short Duration Fund- Direct Plan- Weekly IDCW;;INF761K01CU1;1004.3409;1004.3409;1004.3409;07-Jul-2015
126389;BANK OF INDIA Ultra Short Duration Fund- Direct Plan-Bonus;INF761K01CS5;;1694.5772;1694.5772;1694.5772;07-Jul-2015
111970;BANK OF INDIA Ultra Short Duration Fund- Regular Plan- Daily IDCW;;INF761K01CW7;1002.9232;1002.9232;1002.9232;07-Jul-2015
109269;BANK OF INDIA Ultra Short Duration Fund- Regular Plan- Growth;INF761K01298;;1683.5490;1683.5490;1683.5490;07-Jul-2015
109264;BANK OF INDIA Ultra Short Duration Fund- Regular Plan- Weekly IDCW;;INF761K01CX5;1004.2994;1004.2994;1004.2994;07-Jul-2015

Canara Robeco Mutual Fund
118315;CANARA ROBECO ULTRA SHORT TERM FUND - DIRECT PLAN - DAILY IDCW (Reinvestment);;INF760K01GL3;1240.7100;1240.7100;1240.7100;07-Jul-2015
118317;CANARA ROBECO ULTRA SHORT TERM FUND - DIRECT PLAN - GROWTH OPTION;INF760K01GM1;;2186.1199;2186.1199;2186.1199;07-Jul-2015
118319;CANARA ROBECO ULTRA SHORT TERM FUND - DIRECT PLAN - IDCW (Payout/Reinvestment);INF760K01GN9;;1252.0016;1252.0016;1252.0016;07-Jul-2015
118318;CANARA ROBECO ULTRA SHORT TERM FUND - DIRECT PLAN - MONTHLY IDCW (Payout/Reinvestment);INF760K01GP4;INF760K01GO7;1003.9408;1003.9408;1003.9408;07-Jul-2015
118316;CANARA ROBECO ULTRA SHORT TERM FUND - DIRECT PLAN - WEEKLY IDCW (Payout/Reinvestment);INF760K01GQ2;INF760K01GR0;1242.5748;1242.5748;1242.5748;07-Jul-2015
106326;Canara Robeco Ultra Short Term Fund - Institutional Plan- Daily Dividend Reinvestment Option;;INF760K01DR7;1240.7100;1240.7100;1240.7100;07-Jul-2015
106330;Canara Robeco Ultra Short Term Fund - Institutional Plan- Growth option;INF760K01CN8;;2328.9161;2328.9161;2328.9161;07-Jul-2015
109372;CANARA ROBECO ULTRA SHORT TERM FUND - REGULAR PLAN - DAILY IDCW (Reinvestment);;INF760K01DA3;1240.7100;1240.7100;1240.7100;07-Jul-2015
109371;CANARA ROBECO ULTRA SHORT TERM FUND - REGULAR PLAN - GROWTH OPTION;INF760K01DC9;;2179.8232;2179.8232;2179.8232;07-Jul-2015
109370;CANARA ROBECO ULTRA SHORT TERM FUND - REGULAR PLAN - MONTHLY IDCW (Payout/Reinvestment);INF760K01CA5;INF760K01DD7;1004.1909;1004.1909;1004.1909;07-Jul-2015
109366;CANARA ROBECO ULTRA SHORT TERM FUND - REGULAR PLAN - WEEKLY IDCW (Payout/Reinvestment);INF760K01DE5;INF760K01DF2;1242.4324;1242.4324;1242.4324;07-Jul-2015
106325;Canara Robeco Ultra Short Term Fund - Retail Plan- Daily Dividend Reinvestment Option;;INF760K01CP3;1240.7100;1240.7100;1240.7100;07-Jul-2015
106329;Canara Robeco Ultra Short Term Fund - Retail Plan- Growth Option;INF760K01CR9;;2273.0191;2273.0191;2273.0191;07-Jul-2015
106324;Canara Robeco Ultra Short Term Fund - Retail Plan- Income option;INF760K01DQ9;INF760K01548;1564.3705;1564.3705;1564.3705;07-Jul-2015
109361;Canara Robeco Ultra Short Term Fund - Retail Plan- Monthly Div Reinvest;;INF760K01CS7;1244.4288;1244.4288;1244.4288;07-Jul-2015
109359;Canara Robeco Ultra Short Term Fund - Retail Plan- Weekly Div Reinvest;;INF760K01CT5;1242.3692;1242.3692;1242.3692;07-Jul-2015

DSP Mutual Fund
119205;DSP Ultra Short Fund - Direct Plan - Growth;INF740K01ON5;;1954.1710;1954.1710;1954.1710;07-Jul-2015
119206;DSP Ultra Short Fund - Direct Plan - IDCW;INF740K01OQ8;INF740K01OR6;1036.6839;1036.6839;1036.6839;07-Jul-2015
119203;DSP Ultra Short Fund - Direct Plan - IDCW - Daily;;INF740KA1NT0;1004.2306;1004.2306;1004.2306;07-Jul-2015
119204;DSP Ultra Short Fund - Direct Plan - IDCW - Monthly;INF740K01OO3;INF740K01OP0;1031.1978;1031.1978;1031.1978;07-Jul-2015
119207;DSP Ultra Short Fund - Direct Plan - IDCW - Weekly;INF740KA1NU8;INF740KA1NV6;1005.3896;1005.3896;1005.3896;07-Jul-2015
104138;DSP Ultra Short Fund - Regular Plan - Growth;INF740K01QQ3;;1929.5442;1929.5442;1929.5442;07-Jul-2015
104140;DSP Ultra Short Fund - Regular Plan - IDCW - Daily Reinvest;;INF740KA1NW4;1004.2306;1004.2306;1004.2306;07-Jul-2015
117063;DSP Ultra Short Fund - Regular Plan - IDCW - Monthly;INF740K01QS9;INF740K01QR1;1029.3907;1029.3907;1029.3907;07-Jul-2015
117995;DSP Ultra Short Fund - Regular Plan - IDCW - Payout;INF740K01MK5;;1035.1457;1035.1457;1035.1457;07-Jul-2015
104139;DSP Ultra Short Fund - Regular Plan - IDCW - Weekly Reinvest;;;1005.3136;1005.3136;1005.3136;07-Jul-2015

Franklin Templeton Mutual Fund
107248;Franklin India Ultra Short Bond Fund - Institutional - Growth;INF090I01CG8;;18.6444;18.6444;18.6444;07-Jul-2015
109574;Franklin India Ultra Short Bond Fund - Institutional - Weekly Dividend;INF090I01CE3;INF090I01CF0;10.2874;10.2874;10.2874;07-Jul-2015
107251;Franklin India Ultra Short Bond Fund - Institutional Plan - Daily - IDCW;;INF090I01CD5;10.0050;10.0050;10.0050;07-Jul-2015
107247;Franklin India Ultra Short Bond Fund - Retail - Growth;INF090I01CK0;;18.3647;18.3647;18.3647;07-Jul-2015
107252;Franklin India Ultra Short Bond Fund - Retail Plan - Daily - IDCW;;INF090I01CH6;10.0548;10.0548;10.0548;07-Jul-2015
109575;Franklin India Ultra Short Bond Fund - Retail Plan - Weekly - IDCW;INF090I01CI4;INF090I01CJ2;10.1149;10.1149;10.1149;07-Jul-2015
107249;Franklin India Ultra Short Bond Fund - Super Institutional - Growth;INF090I01CN4;;19.0097;19.0097;19.0097;07-Jul-2015
107250;Franklin India Ultra Short Bond Fund - Super Institutional Plan - Daily - IDCW;;INF090I01CL8;10.0793;10.0793;10.0793;07-Jul-2015
118560;Franklin India Ultra Short Bond Fund - Super Institutional Plan - Direct - Growth;INF090I01JA6;;19.0381;19.0381;19.0381;07-Jul-2015
109576;Franklin India Ultra Short Bond Fund - Super Institutional Plan - Weekly - IDCW;INF090I01CM6;;10.0852;10.0852;10.0852;07-Jul-2015
118561;Franklin India Ultra Short Bond Fund Super Institutional Plan - Direct - Daily - IDCW;INF090I01JB4;;10.0628;10.0628;10.0628;07-Jul-2015
118562;Franklin India Ultra Short Bond Fund Super Institutional Plan - Direct - Weekly - IDCW;INF090I01JC2;;10.0997;10.0997;10.0997;07-Jul-2015

Groww Mutual Fund
116610;Indiabulls Ultra Short Term Fund - Daily Dividend Option;;INF666M01196;1002.112;1002.112;1002.112;07-Jul-2015
119144;Indiabulls Ultra Short Term Fund - Direct Plan - Daily Dividend Option;;INF666M01634;1004.3508;1004.3508;1004.3508;07-Jul-2015
119146;Indiabulls Ultra Short Term Fund - Direct Plan - Fortnightly Dividend Option;INF666M01584;INF666M01550;1004.1905;1004.1905;1004.1905;07-Jul-2015
119143;Indiabulls Ultra Short Term Fund - Direct Plan - Growth Option;INF666M01535;;1385.5986;1385.5986;1385.5986;07-Jul-2015
119147;Indiabulls Ultra Short Term Fund - Direct Plan - Monthly Dividend Option;INF666M01592;INF666M01568;1003.9069;1003.9069;1003.9069;07-Jul-2015
119145;Indiabulls Ultra Short Term Fund - Direct Plan - Weekly Dividend Option;INF666M01576;INF666M01543;1003.6129;1003.6129;1003.6129;07-Jul-2015
116424;Indiabulls Ultra Short Term Fund - Growth Option;INF666M01097;;1370.6708;1370.6708;1370.6708;07-Jul-2015
116427;Indiabulls Ultra Short Term Fund - Monthly Dividend Option;INF666M01154;INF666M01121;1004.0706;1004.0706;1004.0706;07-Jul-2015
116425;Indiabulls Ultra Short Term Fund - Weekly Dividend Option;INF666M01139;INF666M01105;1003.3889;1003.3889;1003.3889;07-Jul-2015

ICICI Prudential Mutual Fund
120676;ICICI Prudential Ultra Short Term Fund - Direct Plan -  Growth;INF109K01T04;;14.2457;14.1032;14.2457;07-Jul-2015
120677;ICICI Prudential Ultra Short Term Fund - Direct Plan -  Monthly IDCW;INF109K01T38;INF109K01T46;10.6933;10.5864;10.6933;07-Jul-2015
120675;ICICI Prudential Ultra Short Term Fund - Direct Plan -  Quarterly IDCW;INF109K01T53;INF109K01T61;10.5645;10.4589;10.5645;07-Jul-2015
130942;ICICI Prudential Ultra Short Term Fund - Direct Plan Bonus;INF109KA1H69;;10.6428;10.5364;10.6428;07-Jul-2015
115092;ICICI Prudential Ultra Short Term Fund - Growth;INF109K01TP7;;14.0590;13.9184;14.0590;07-Jul-2015
115093;ICICI Prudential Ultra Short Term Fund - Half Yearly IDCW;INF109K01TV5;INF109K01TU7;10.3558;10.2522;10.3558;07-Jul-2015
115094;ICICI Prudential Ultra Short Term Fund - Monthly IDCW;INF109K01TR3;INF109K01TQ5;10.6411;10.5347;10.6411;07-Jul-2015
115091;ICICI Prudential Ultra Short Term Fund - Quarterly IDCW;INF109K01TT9;INF109K01TS1;10.4783;10.3735;10.4783;07-Jul-2015

IDBI Mutual Fund
126166;IDBI UST Bonus Direct;INF397L01FN0;;1526.6955;1526.6955;1526.6955;07-Jul-2015
126165;IDBI UST Bonus Regular;INF397L01FM2;;1515.6247;1515.6247;1515.6247;07-Jul-2015
113252;IDBI UST Daily IDCW;;INF397L01695;1007.7776;1007.7776;1007.7776;07-Jul-2015
118459;IDBI UST Daily IDCW Direct;;INF397L01AQ4;1022.3884;1022.3884;1022.3884;07-Jul-2015
113251;IDBI UST Growth;INF397L01745;;1515.5937;1515.5937;1515.5937;07-Jul-2015
118350;IDBI UST Growth Direct;INF397L01AV4;;1527.4401;1527.4401;1527.4401;07-Jul-2015
113254;IDBI UST Monthly IDCW;INF397L01711;INF397L01703;1019.4981;1019.4981;1019.4981;07-Jul-2015
118460;IDBI UST Monthly IDCW Direct;INF397L01AS0;INF397L01AR2;1148.0114;1148.0114;1148.0114;07-Jul-2015
113253;IDBI UST Weekly IDCW;INF397L01737;INF397L01729;1018.1497;1018.1497;1018.1497;07-Jul-2015
118461;IDBI UST Weekly IDCW Direct;INF397L01AU6;INF397L01AT8;1024.1338;1024.1338;1024.1338;07-Jul-2015

Invesco Mutual Fund
122802;Invesco India Medium Term Bond Fund - Bonus Option;INF205K01VD5;;1427.9436;1427.9436;1427.9436;07-Jul-2015
114361;Invesco India Ultra Short Duration Fund - Annual IDCW (Payout / Reinvestment);INF205K01TD9;INF205K01TE7;1194.2430;1194.2430;1194.2430;07-Jul-2015
120543;Invesco India Ultra Short Duration Fund - Direct Plan - Annual IDCW (Payout / Reinvestment);INF205K01TF4;INF205K01TG2;1112.5981;1112.5981;1112.5981;07-Jul-2015
120541;Invesco India Ultra Short Duration Fund - Direct Plan - Growth;INF205K01TH0;;1451.2162;1451.2162;1451.2162;07-Jul-2015
120542;Invesco India Ultra Short Duration Fund - Direct Plan - Monthly IDCW (Payout / Reinvestment);INF205K01TI8;INF205K01TJ6;1187.3473;1187.3473;1187.3473;07-Jul-2015
120544;Invesco India Ultra Short Duration Fund - Direct Plan - Quarterly IDCW (Payout / Reinvestment);INF205K01TK4;INF205K01TL2;1040.4047;1040.4047;1040.4047;07-Jul-2015
114359;Invesco India Ultra Short Duration Fund - Growth;INF205K01TM0;;1427.7547;1427.7547;1427.7547;07-Jul-2015
114362;Invesco India Ultra Short Duration Fund - Monthly IDCW (Payout / Reinvestment);INF205K01TN8;INF205K01TO6;1015.4767;1015.4767;1015.4767;07-Jul-2015
114360;Invesco India Ultra Short Duration Fund - Quarterly IDCW (Payout / Reinvestment);INF205K01TP3;INF205K01TQ1;1186.4597;1186.4597;1186.4597;07-Jul-2015
122803;Religare Invesco Medium Term Bond Fund - Direct Plan - Bonus Option;INF205K01VM6;;1450.3670;1450.3670;1450.3670;07-Jul-2015

JM Financial Mutual Fund
120459;JM Money Manager Fund - Super Plan (Direct) - Daily Dividend Option;;;10.0419;10.0419;10.0419;07-Jul-2015
120462;JM Money Manager Fund - Super Plan (Direct) - Fortnightly Dividend Option;;;10.3378;10.3378;10.3378;07-Jul-2015
120463;JM Money Manager Fund - Super Plan (Direct) - Growth Option;;;20.4935;20.4935;20.4935;07-Jul-2015
120460;JM Money Manager Fund - Super Plan (Direct) - Weekly Dividend Option;;;10.6614;10.6614;10.6614;07-Jul-2015
122319;JM Money Manager Fund - Super Plan - Bonus Option - Principal Units;;;11.3669;11.3669;11.3669;07-Jul-2015
104270;JM Money Manager Fund - Super Plan - Dividend option - Daily dividend;;;10.0333;10.0333;10.0333;07-Jul-2015
106100;JM Money Manager Fund - Super Plan - Dividend option - Fortnightly;;;10.3236;10.3236;10.3236;07-Jul-2015
106099;JM Money Manager Fund - Super Plan - Dividend option - Weekly dividend;;;10.6431;10.6431;10.6431;07-Jul-2015
104269;JM Money Manager Fund - Super Plan - Growth Plan;;;20.4035;20.4035;20.4035;07-Jul-2015
122320;JM Money Manager Fund - Super Plus Plan (Direct) - Bonus Option - Principal units;;;12.2239;12.2239;12.2239;07-Jul-2015
120464;JM Money Manager Fund - Super Plus Plan (Direct) - Daily Dividend Option;;;10.0284;10.0284;10.0284;07-Jul-2015
120456;JM Money Manager Fund - Super Plus Plan (Direct) - Fortnightly Dividend Option;;;10.3717;10.3717;10.3717;07-Jul-2015
120461;JM Money Manager Fund - Super Plus Plan (Direct) - Growth Option;;;20.2917;20.2917;20.2917;07-Jul-2015
120453;JM Money Manager Fund - Super Plus Plan (Direct) - Weekly Dividend Option;;;10.6533;10.6533;10.6533;07-Jul-2015
122321;JM Money Manager Fund - Super Plus Plan - Bonus Option - Principal units;;;12.1932;12.1932;12.1932;07-Jul-2015
104268;JM Money Manager Fund - Super Plus Plan - Dividend option - Daily dividend;;;10.0208;10.0208;10.0208;07-Jul-2015
106103;JM Money Manager Fund - Super Plus Plan - Dividend option - Fortnightly;;;10.3565;10.3565;10.3565;07-Jul-2015
106102;JM Money Manager Fund - Super Plus Plan - Dividend option - Weekly dividend;;;10.6376;10.6376;10.6376;07-Jul-2015
104267;JM Money Manager Fund - Super Plus Plan - Growth option;;;20.2405;20.2405;20.2405;07-Jul-2015
122318;JM Money Manger Fund - Super Plan (Direct) Bonus Option Principal Units;;;11.3948;11.3948;11.3948;07-Jul-2015
122316;JM Ultra Short Duration Fund (Direct) - Bonus Option - Principal Units;INF192K01FD8;;20.0433;20.0433;20.0433;07-Jul-2015
120457;JM Ultra Short Duration Fund (Direct) - Fortnightly Dividend Option;;INF192K01DN2;10.2856;10.2856;10.2856;07-Jul-2015
120458;JM Ultra Short Duration Fund - (Direct) - Growth Option;INF192K01DO0;;19.9868;19.9868;19.9868;07-Jul-2015
120454;JM Ultra Short Duration Fund - (Direct) -Daily Dividend Option;;INF192K01DL6;10.0350;10.0350;10.0350;07-Jul-2015
120455;JM Ultra Short Duration Fund - (Direct) -Weekly Dividend Option;;INF192K01DM4;10.6265;10.6265;10.6265;07-Jul-2015
122317;JM Ultra Short Duration Fund - Bonus Option - Principal Units;INF192K01FB2;;19.9090;19.9090;19.9090;07-Jul-2015
104272;JM Ultra Short Duration Fund - Daily Dividend;;INF192K01AN8;10.0350;10.0350;10.0350;07-Jul-2015
106101;JM Ultra Short Duration Fund - Fortnightly Dividend;;INF192K01AP3;10.2597;10.2597;10.2597;07-Jul-2015
104271;JM Ultra Short Duration Fund - Growth option;INF192K01AQ1;;19.8727;19.8727;19.8727;07-Jul-2015
106104;JM Ultra Short Duration Fund - Weekly Dividend;;INF192K01AO6;10.6085;10.6085;10.6085;07-Jul-2015

Kotak Mahindra Mutual Fund
102591;Kotak Savings Fund -Growth;INF174K01FD6;;22.7798;22.7798;22.7798;07-Jul-2015
102592;Kotak Savings Fund -Monthly Payout of Income Distribution cum capital withdrawal option;INF174K01FH7;;10.1411;10.1411;10.1411;07-Jul-2015
102590;Kotak Savings Fund -Weekly Weekly Reinvestment of Income Distribution cum capital withdrawal option;INF174K01FF1;;10.1451;10.1451;10.1451;07-Jul-2015
119750;Kotak Savings Fund-Growth - Direct;INF174K01JP2;;22.9179;22.9179;22.9179;07-Jul-2015
119751;Kotak Savings Fund-Monthly Payout of Income Distribution cum capital withdrawal option - Direct;INF174K01JQ0;;10.559;10.559;10.559;07-Jul-2015
119752;Kotak Savings Fund-Weekly Weekly Reinvestment of Income Distribution cum capital withdrawal option- Direct;INF174K01JR8;;10.1609;10.1609;10.1609;07-Jul-2015
110575;Kotak Treasury Advantage Fund -Daily Reinvestment of Income Distribution cum capital withdrawal option;INF174K01FE4;;10.0798;10.0798;10.0798;07-Jul-2015
119749;Kotak Treasury Advantage Fund -Daily Reinvestment of Income Distribution cum capital withdrawal option - Direct;INF174K01JT4;;10.0798;10.0798;10.0798;07-Jul-2015

L&T Mutual Fund
129925;L&T Ultra Short Term Fund - Direct Plan - Bonus;INF917K01QK0;;12.7244;12.7244;12.7244;07-Jul-2015
134705;L&T Ultra Short Term Fund - Direct Plan - Semi Annual Dividend;INF917K01HW4;INF917K01HV6;10.1060;10.1060;10.1060;07-Jul-2015
129926;L&T Ultra Short Term Fund - Regular Plan - Bonus;INF917K01QJ2;;12.6388;12.6388;12.6388;07-Jul-2015
112423;L&T Ultra Short Term Fund - Regular Plan - Growth;INF917K01AS7;;23.1711;23.1711;23.1711;07-Jul-2015
112422;L&T Ultra Short Term Fund -Regular - Cumulative;INF917K01AN8;;22.2973;22.2973;22.2973;07-Jul-2015
119848;L&T Ultra Short Term Fund- Direct Plan - Daily IDCW;;INF917K01HX2;10.3464;10.3464;10.3464;07-Jul-2015
119850;L&T Ultra Short Term Fund- Direct Plan- Weekly IDCW;INF917K01HZ7;INF917K01HY0;10.7201;10.7201;10.7201;07-Jul-2015
112425;L&T Ultra Short Term Fund- Regular Plan - Daily IDCW;;INF917K01AX7;10.1660;10.1660;10.1660;07-Jul-2015
119849;L&T Ultra Short Term Fund-Direct Plan - Growth;INF917K01HS2;;23.3278;23.3278;23.3278;07-Jul-2015
112424;L&T Ultra Short Term Fund-Regular Plan - Weekly IDCW;INF917K01AV1;INF917K01AW9;10.5800;10.5800;10.5800;07-Jul-2015
112421;L&T Ultra Short Term Fund-Regular Plan -Monthly Dividend;INF917K01AL2;INF917K01AM0;12.0080;12.0080;12.0080;07-Jul-2015
112461;L&T Ultra Short Term Fund - Regular Plan -Semi Annual IDCW;INF917K01AO6;INF917K01AP3;17.5197;17.5197;17.5197;07-Jul-2015
112475;L&T Ultra Short Term Fund - Regular Plan - Monthly IDCW;INF917K01AQ1;INF917K01AR9;12.5719;12.5719;12.5719;07-Jul-2015
119851;L&T Ultra Short Term Fund-Direct Plan -Monthly IDCW;INF917K01HU8;INF917K01HT0;12.6025;12.6025;12.6025;07-Jul-2015

Motilal Oswal Mutual Fund
124234;Motilal Oswal Ultra Short Term Fund (MOFUSTF) -Direct Plan- Growth;INF247L01247;;11.5832;11.5832;11.5832;07-Jul-2015
124233;Motilal Oswal Ultra Short Term Fund (MOFUSTF)-Regular Plan- Growth;INF247L01213;;11.4333;11.4333;11.4333;07-Jul-2015
124316;Motilal Oswal Ultra Short Term Fund Direct - IDCW Daily Reinvestment;;INF247L01346;10.0016;10.0016;10.0016;07-Jul-2015
124306;Motilal Oswal Ultra Short Term Fund Direct - IDCW Weekly Reinvestment;;INF247L01353;10.0046;10.0046;10.0046;07-Jul-2015
124308;Motilal Oswal Ultra Short Term Fund Direct Plan - IDCW Monthly Payout/Reinvestment;INF247L01395;INF247L01379;10.0165;10.0165;10.0165;07-Jul-2015
124303;Motilal Oswal Ultra Short Term Fund Regular - IDCW Daily Reinvestment;;INF247L01270;10.0016;10.0016;10.0016;07-Jul-2015
124313;Motilal Oswal Ultra Short Term Fund Regular - IDCW Fortnightly Reinvestment;;INF247L01296;10.0156;10.0156;10.0156;07-Jul-2015
124315;Motilal Oswal Ultra Short Term Fund Regular - IDCW Monthly Payout/Reinvestment;INF247L01320;INF247L01304;10.0155;10.0155;10.0155;07-Jul-2015
124305;Motilal Oswal Ultra Short Term Fund Regular - IDCW Quarterly Payout/Reinvestment;INF247L01338;INF247L01312;10.0369;10.0369;10.0369;07-Jul-2015
124310;Motilal Oswal Ultra Short Term Fund Regular - IDCW Weekly Reinvestment;;INF247L01288;10.0033;10.0033;10.0033;07-Jul-2015

Navi Mutual Fund
119185;Navi Ultra Short Term Fund - Direct Plan Daily IDCW - ReInvestment;;INF959L01BL0;1006.6500;1006.6500;1006.6500;07-Jul-2015
119187;Navi Ultra Short Term Fund - Direct Plan Monthly IDCW Payout;INF959L01BF2;INF959L01BG0;1016.8555;1016.8555;1016.8555;07-Jul-2015
119188;Navi Ultra Short Term Fund - Direct Plan Weekly IDCW - Payout;INF959L01BI6;INF959L01BJ4;1004.3906;1004.3906;1004.3906;07-Jul-2015
119186;Navi Ultra Short Term Fund - Direct Plan-Growth Option;INF959L01BC9;;1587.1186;1587.1186;1587.1186;07-Jul-2015
112648;Navi Ultra Short Term Fund - Regular Plan Daily IDCW;;INF959L01BM8;1005.4600;1005.4600;1005.4600;07-Jul-2015
112649;Navi Ultra Short Term Fund - Regular Plan Monthly IDCW;INF959L01BN6;INF959L01BP1;1008.4747;1008.4747;1008.4747;07-Jul-2015
112658;Navi Ultra Short Term Fund - Regular Plan Weekly IDCW;INF959L01BQ9;INF959L01AY5;1003.6808;1003.6808;1003.6808;07-Jul-2015
112408;Navi Ultra Short Term Fund - Regular Plan-Growth Option;INF959L01BH8;;1570.8678;1570.8678;1570.8678;07-Jul-2015

Principal Mutual Fund
119475;Principal Ultra Short Term Fund- Direct Plan - Income Distribution CUM Capital Withdrawal Option - Monthly;INF173K01HK9;INF173K01HJ1;1062.1127;1062.1127;1062.1127;07-Jul-2015
119474;Principal Ultra Short Term Fund- Direct Plan -Growth Option;INF173K01HI3;;1620.5451;1620.5451;1620.5451;07-Jul-2015
107329;Principal Ultra Short Term Fund-Daily Income Distribution CUM Capital Withdrawal Option;;INF173K01CV7;1005.4300;1005.4300;1005.4300;07-Jul-2015
107328;Principal Ultra Short Term Fund-Growth Option;INF173K01CU9;;1616.7579;1616.7579;1616.7579;07-Jul-2015
107330;Principal Ultra Short Term Fund-Monthly Income Distribution CUM Capital Withdrawal Option;INF173K01CB9;INF173K01CC7;1062.0468;1062.0468;1062.0468;07-Jul-2015
107332;Principal Ultra Short Term Fund-Weekly Income Distribution CUM Capital Withdrawal Option;;INF173K01CW5;1014.1115;1014.1115;1014.1115;07-Jul-2015

SBI Mutual Fund
119784;SBI Magnum Ultra Short Duration Fund - Direct Plan - Daily Income Distribution cum Capital Withdrawal Option (IDCW);;INF200K01TG3;1675.03;1673.355;1675.03;07-Jul-2015
119828;SBI MAGNUM ULTRA SHORT DURATION FUND - DIRECT PLAN - GROWTH;INF200K01TF5;;3164.8392;3161.6744;3164.8392;07-Jul-2015
119829;SBI Magnum Ultra Short Duration Fund - Direct Plan - Weekly Income Distribution cum Capital Withdrawal Option (IDCW);INF200K01TH1;INF200K01TI9;1078.2966;1077.2183;1078.2966;07-Jul-2015
105080;SBI Magnum Ultra Short Duration Fund - Regular Plan - Daily Income Distribution cum Capital Withdrawal Option (IDCW);;INF200K01LK2;1675.03;1673.355;1675.03;07-Jul-2015
100641;SBI MAGNUM ULTRA SHORT DURATION FUND - REGULAR PLAN - GROWTH;INF200K01LJ4;;3159.2894;3156.1301;3159.2894;07-Jul-2015
103884;SBI Magnum Ultra Short Duration Fund - Regular Plan - Weekly Income Distribution cum Capital Withdrawal Option (IDCW);INF200K01LM8;INF200K01LL0;1078.2906;1077.2123;1078.2906;07-Jul-2015

UTI Mutual Fund
120744;UTI Ultra Short Duration Fund - Direct Plan - Daily IDCW (Reinvestment);INF789F01TG5;INF789F01TH3;1076.8777;1076.8777;1076.8777;07-Jul-2015
121892;UTI Ultra Short Duration Fund - Direct Plan - Flexi IDCW;INF789FB1KQ0;INF789FB1KR8;1202.7986;1202.7986;1202.7986;07-Jul-2015
120746;UTI Ultra Short Duration Fund - Direct Plan - Growth Option;INF789F01TI1;;2338.2115;2338.2115;2338.2115;07-Jul-2015
131444;UTI Ultra Short Duration Fund - Direct Plan - Monthly IDCW;INF789FA1P84;INF789FA1P92;1054.487;1054.487;1054.487;07-Jul-2015
133059;UTI Ultra Short Duration Fund - Direct Plan - Quarterly IDCW;INF789FA1Q00;INF789FA1Q18;1018.8118;1018.8118;1018.8118;07-Jul-2015
120745;UTI Ultra Short Duration Fund - Direct Plan - Weekly IDCW (Reinvestment);INF789FB1S63;;1114.2837;1114.2837;1114.2837;07-Jul-2015
112083;UTI Ultra Short Duration Fund - Discontinued - INSTN GROWTH OPTION;INF789F01PM1;;1621.4217;1621.4217;0;07-Jul-2015
112082;UTI Ultra Short Duration Fund - Discontinued - INSTN PLAN - PERIODIC DIVIDEND OPTION;;INF789F01PL3;1002.5154;1002.5154;0;07-Jul-2015
134484;UTI Ultra Short Duration Fund - Regular Plan - Annual IDCW;INF789FA1P43;INF789FA1P50;1022.8407;1022.8407;1022.8407;07-Jul-2015
109501;UTI Ultra Short Duration Fund - Regular Plan - Daily IDCW (Reinvestment);;INF789F01554;1076.8777;1076.8777;1076.8777;07-Jul-2015
121891;UTI Ultra Short Duration Fund - Regular Plan - Flexi IDCW;INF789FB1KS6;INF789FB1KT4;1153.5351;1153.5351;1153.5351;07-Jul-2015
131511;UTI Ultra Short Duration Fund - Regular Plan - Fortnightly IDCW;INF789FA1O69;INF789FA1O77;1069.5281;1069.5281;1069.5281;07-Jul-2015
102532;UTI Ultra Short Duration Fund - Regular Plan - Growth Option;INF789F01570;;2305.6364;2305.6364;2305.6364;07-Jul-2015
134799;UTI Ultra Short Duration Fund - Regular Plan - Half-Yearly IDCW;INF789FA1P27;INF789FA1P35;1008.237;1008.237;0;07-Jul-2015
131445;UTI Ultra Short Duration Fund - Regular Plan - Monthly IDCW;INF789FA1O85;INF789FA1O93;1042.5482;1042.5482;1042.5482;07-Jul-2015
133873;UTI Ultra Short Duration Fund - Regular Plan - Quarterly IDCW;INF789FA1P01;INF789FA1P19;1010.4498;1010.4498;1010.4498;07-Jul-2015
102531;UTI Ultra Short Duration Fund - Regular Plan - Weekly IDCW (Reinvestment);;INF789F01562;1114.1661;1114.1661;1114.1661;07-Jul-2015

Open Ended Schemes ( Debt Scheme - Low Duration Fund )


Aditya Birla Sun Life Mutual Fund
119523;Aditya Birla Sun Life Low duration Fund - Growth - Direct Plan;INF209K01XU7;;350.2569;350.2569;350.2569;07-Jul-2015
103192;Aditya Birla Sun Life Low Duration Fund - Growth Plan;INF209K01LQ0;;343.0463;343.0463;343.0463;07-Jul-2015
103195;Aditya Birla Sun Life Low Duration Fund - Institutional Plan - Growth;INF209K01KE8;;240.5244;240.5244;240.5244;07-Jul-2015
119524;Aditya Birla Sun Life Low Duration Fund -Direct - daily IDCW;INF209K01XW3;;100.3629;100.3629;100.3629;07-Jul-2015
119522;Aditya Birla Sun Life Low Duration Fund -Direct - weekly IDCW;;INF209K01XV5;100.4555;100.4555;100.4555;07-Jul-2015
103191;Aditya Birla Sun Life Low Duration Fund -INSTITUTIONAL - DAILY IDCW;;INF209K01KD0;100.2780;100.2780;100.2780;07-Jul-2015
103194;Aditya Birla Sun Life Low Duration Fund -Institutional - weekly  IDCW;;INF209K01KG3;100.4363;100.4363;100.4363;07-Jul-2015
113307;Aditya Birla Sun Life Low Duration Fund -Regular - DAILY IDCW;;INF209KA1LP6;100.4598;100.4598;100.4598;07-Jul-2015
103193;Aditya Birla Sun Life Low Duration Fund -REGULAR - WEEKLY IDCW;;INF209KA1LQ4;100.4610;100.4610;100.4610;07-Jul-2015

Axis Mutual Fund
128961;Axis Treasury Advantage Fund - Direct Plan - Bonus Option;INF846K01NQ5;;1601.8936;1601.8936;1601.8936;07-Jul-2015
120515;Axis Treasury Advantage Fund - Direct Plan - Daily IDCW;;INF846K01EQ4;1004.6832;1004.6832;1004.6832;07-Jul-2015
120513;Axis Treasury Advantage Fund - Direct Plan - Growth Option;INF846K01EN1;;1603.2144;1603.2144;1603.2144;07-Jul-2015
120516;Axis Treasury Advantage Fund - Direct Plan - Monthly IDCW;INF846K01EO9;INF846K01EP6;1005.2693;1005.2693;1005.2693;07-Jul-2015
120514;Axis Treasury Advantage Fund - Direct Plan - Weekly IDCW;INF846K01ER2;INF846K01ES0;1004.1507;1004.1507;1004.1507;07-Jul-2015
112215;Axis Treasury Advantage Fund - Regular Plan - Daily IDCW;;INF846K01545;1003.8293;1003.8293;1003.8293;07-Jul-2015
112214;Axis Treasury Advantage Fund - Regular Plan - Growth Option;INF846K01537;;1587.0357;1587.0357;1587.0357;07-Jul-2015
112217;Axis Treasury Advantage Fund - Regular Plan - Monthly IDCW;INF846K01578;INF846K01586;1005.1696;1005.1696;1005.1696;07-Jul-2015
112216;Axis Treasury Advantage Fund - Regular Plan - Weekly IDCW;INF846K01552;INF846K01560;1002.9250;1002.9250;1002.9250;07-Jul-2015
112720;Axis Treasury Advantage Fund - Retail Plan - Daily IDCW;;INF846K01487;1003.1060;1003.1060;1003.1060;07-Jul-2015
112717;Axis Treasury Advantage Fund - Retail Plan - Growth Option;INF846K01479;;1508.8010;1508.8010;1508.8010;07-Jul-2015
112718;Axis Treasury Advantage Fund - Retail Plan - Monthly IDCW;INF846K01511;INF846K01529;1004.9459;1004.9459;1004.9459;07-Jul-2015
112719;Axis Treasury Advantage Fund - Retail Plan - Weekly IDCW;INF846K01495;INF846K01503;1002.6794;1002.6794;1002.6794;07-Jul-2015

Bandhan Mutual Fund
108633;BANDHAN Low Duration Fund - Regular Plan - Daily IDCW;INF194K01FW4;INF194K01FV6;10.0192;10.0192;10.0192;07-Jul-2015
108632;BANDHAN Low Duration Fund - Regular Plan - Growth;INF194K01FU8;;19.9962;19.9962;19.9962;07-Jul-2015
108635;BANDHAN Low Duration Fund - Regular Plan - Monthly IDCW;INF194K01FZ7;INF194K01FY0;10.1278;10.1278;10.1278;07-Jul-2015
116020;BANDHAN Low Duration Fund - Regular Plan - Periodic IDCW;INF194K01I29;INF194K01I37;10.7971;10.7971;10.7971;07-Jul-2015
116413;BANDHAN Low Duration Fund - Regular Plan - Quarterly IDCW;INF194K01UR3;INF194K01US1;10.4534;10.4534;10.4534;07-Jul-2015
108634;BANDHAN Low Duration Fund - Regular Plan - Weekly IDCW;INF194K01GC4;INF194K01GB6;10.0420;10.0420;10.0420;07-Jul-2015
118368;BANDHAN Low Duration Fund-Direct Plan-Daily IDCW;;INF194K01J85;10.0551;10.0551;10.0551;07-Jul-2015
118371;BANDHAN Low Duration Fund-Direct Plan-Growth;INF194K01J77;;20.0512;20.0512;20.0512;07-Jul-2015
118372;BANDHAN Low Duration Fund-Direct Plan-Monthly IDCW;INF194K01K17;INF194K01K09;10.1414;10.1414;10.1414;07-Jul-2015
118370;BANDHAN Low Duration Fund-Direct Plan-Periodic IDCW;INF194K01K82;INF194K01K90;10.7890;10.7890;10.7890;07-Jul-2015
118369;BANDHAN Low Duration Fund-Direct Plan-Quarterly IDCW;INF194K01K58;INF194K01K66;10.3572;10.3572;10.3572;07-Jul-2015
118373;BANDHAN Low Duration Fund-Direct Plan-Weekly IDCW;;INF194K01K33;10.0330;10.0330;10.0330;07-Jul-2015

Baroda BNP Paribas Mutual Fund
125137;Baroda Pioneer Treasury Advantage Fund - Plan B (Direct) - Bonus Option;INF955L01EA5;;1643.7640;1643.7640;1643.7640;07-Jul-2015
125136;Baroda Treasury Advantage Fund - Plan A - Bonus Option;INF955L01DZ4;;1628.3785;1628.3785;1628.3785;07-Jul-2015
119309;Baroda Treasury Advantage Fund - Plan B (Direct) - Daily IDCW Option;INF955L01BE3;;1007.9528;1007.9528;1007.9528;07-Jul-2015
119410;Baroda Treasury Advantage Fund - Plan B (Direct) - Growth Option;INF955L01BF0;;1643.9069;1643.9069;1643.9069;07-Jul-2015
119411;Baroda Treasury Advantage Fund - Plan B (Direct) - Monthly IDCW Option;INF955L01BG8;;1005.1785;1005.1785;1005.1785;07-Jul-2015
119439;Baroda Treasury Advantage Fund - Plan B (Direct) - Quarterly IDCW Option;INF955L01BK0;;1013.7418;1013.7418;1013.7418;07-Jul-2015
119409;Baroda Treasury Advantage Fund - Plan B (Direct) - Weekly IDCW Option;INF955L01BI4;;1001.8238;1001.8238;1001.8238;07-Jul-2015
112032;Baroda Treasury Advantage Fund- Plan A- Daily IDCW Option;INF955L01294;INF955L01302;1026.1104;1026.1104;1026.1104;07-Jul-2015
112029;Baroda Treasury Advantage Fund- Plan A- Growth Option;INF955L01310;;1632.8753;1632.8753;1632.8753;07-Jul-2015
112035;Baroda Treasury Advantage Fund- Plan A- Monthly IDCW Option;INF955L01344;INF955L01351;1005.0450;1005.0450;1005.0450;07-Jul-2015
112034;Baroda Treasury Advantage Fund- Plan A- Quarterly IDCW Option;INF955L01BM6;;1010.5329;1010.5329;1010.5329;07-Jul-2015
112033;Baroda Treasury Advantage Fund- Plan A- Weekly IDCW Option;INF955L01328;INF955L01336;1022.1675;1022.1675;1022.1675;07-Jul-2015
112025;Baroda Treasury Advantage Fund- Regular Plan - Daily IDCW Option;INF955L01369;INF955L01377;1002.7120;1002.7120;1002.7120;07-Jul-2015
112031;Baroda Treasury Advantage Fund- Regular Plan - Growth Option;INF955L01385;;1609.5617;1609.5617;1609.5617;07-Jul-2015
112027;Baroda Treasury Advantage Fund- Regular Plan - Monthly IDCW Option;INF955L01393;INF955L01401;1004.7467;1004.7467;1004.7467;07-Jul-2015
112028;Baroda Treasury Advantage Fund- Regular Plan - Quarterly IDCW Option;;;1092.9054;1092.9054;1092.9054;07-Jul-2015
112026;Baroda Treasury Advantage Fund- Regular Plan - Weekly IDCW Option;INF955L01419;INF955L01427;1001.7875;1001.7875;1001.7875;07-Jul-2015

BNP Paribas Mutual Fund
120007;BNP Paribas LOW DURATION Fund - Direct Plan - Daily Income Distribution cum Capital Withdrawal Option;;INF251K01GK5;10.0835;10.0835;10.0835;07-Jul-2015
120008;BNP Paribas LOW DURATION Fund - Direct Plan - Growth Option;INF251K01GJ7;;21.9027;21.9027;21.9027;07-Jul-2015
120009;BNP Paribas LOW DURATION Fund - Direct Plan - Monthly Income Distribution cum Capital Withdrawal Option;INF251K01GN9;INF251K01GO7;10.0000;10.0000;10.0000;07-Jul-2015
120010;BNP Paribas LOW DURATION Fund - Direct Plan - Weekly Income Distribution cum Capital Withdrawal Option;INF251K01GL3;INF251K01GM1;10.0307;10.0307;10.0307;07-Jul-2015
117944;BNP PARIBAS LOW DURATION FUND DAILY Income Distribution cum Capital Withdrawal OPTION;;INF251K01DR7;10.0604;10.0604;10.0604;07-Jul-2015
117945;BNP PARIBAS LOW DURATION FUND GROWTH OPTION;INF251K01DQ9;;21.5245;21.5245;21.5245;07-Jul-2015
117947;BNP PARIBAS LOW DURATION FUND MONTHLY Income Distribution cum Capital Withdrawal OPTION;INF251K01DU1;INF251K01DV9;10.0403;10.0403;10.0403;07-Jul-2015
117946;BNP PARIBAS LOW DURATION FUND WEEKLY Income Distribution cum Capital Withdrawal OPTION;INF251K01DS5;INF251K01DT3;10.0296;10.0296;10.0296;07-Jul-2015
113483;BNP PARIBAS LOW DURATION Fund-Regular Plan- Daily Income Distribution cum Capital Withdrawal Option (Compulsory Reinvestment);;INF251K01DM8;10.0499;10.0499;10.0499;07-Jul-2015
113476;BNP PARIBAS LOW DURATION Fund-Regular Plan-Growth Option;INF251K01DL0;;20.9060;20.9060;20.9060;07-Jul-2015
113478;BNP PARIBAS LOW DURATION Fund-Regular Plan-Monthly Income Distribution cum Capital Withdrawal Option;INF251K01DO4;INF251K01DP1;10.0413;10.0413;10.0413;07-Jul-2015
113477;BNP PARIBAS LOW DURATION Fund-Regular Plan-Weekly Income Distribution cum Capital Withdrawal Option;;INF251K01DN6;10.0301;10.0301;10.0301;07-Jul-2015

Canara Robeco Mutual Fund
118293;CANARA ROBECO SAVINGS FUND - DIRECT PLAN - DAILY IDCW (Reinvestment);;INF760K01EM6;10.2600;10.2600;10.2600;07-Jul-2015
118291;CANARA ROBECO SAVINGS FUND - DIRECT PLAN - GROWTH OPTION;INF760K01ET1;;22.3553;22.3553;22.3553;07-Jul-2015
118292;CANARA ROBECO SAVINGS FUND - DIRECT PLAN - IDCW (Payout/Reinvestment);INF760K01EP9;INF760K01EQ7;20.0210;20.0210;20.0210;07-Jul-2015
118295;CANARA ROBECO SAVINGS FUND - DIRECT PLAN - MONTHLY IDCW (Payout/Reinvestment);INF760K01EN4;INF760K01EO2;10.2965;10.2965;10.2965;07-Jul-2015
118294;CANARA ROBECO SAVINGS FUND - DIRECT PLAN - WEEKLY IDCW (Payout/Reinvestment);INF760K01ER5;INF760K01ES3;10.2774;10.2774;10.2774;07-Jul-2015
104559;CANARA ROBECO SAVINGS FUND - REGULAR PLAN - DAILY IDCW (Reinvestment);;INF760K01803;10.2600;10.2600;10.2600;07-Jul-2015
102913;CANARA ROBECO SAVINGS FUND - REGULAR PLAN - GROWTH OPTION;INF760K01795;;22.2739;22.2739;22.2739;07-Jul-2015
102914;CANARA ROBECO SAVINGS FUND - REGULAR PLAN - IDCW (Payout/Reinvestment);INF760K01779;INF760K01787;19.9483;19.9483;19.9483;07-Jul-2015
113144;CANARA ROBECO SAVINGS FUND - REGULAR PLAN - MONTHLY IDCW (Payout/Reinvestment);INF760K01AM4;INF760K01AN2;10.2956;10.2956;10.2956;07-Jul-2015
102915;CANARA ROBECO SAVINGS FUND - REGULAR PLAN - WEEKLY IDCW (Payout/Reinvestment);INF760K01CB3;INF760K01811;10.2770;10.2770;10.2770;07-Jul-2015

DSP Mutual Fund
133925;DSP Low Duration Fund - Direct Plan - Growth;INF740K013Q1;;10.3260;10.3260;10.3260;07-Jul-2015
133922;DSP Low Duration Fund - Direct Plan - IDCW - Daily;;INF740KA1OL5;10.0414;10.0414;10.0414;07-Jul-2015
133928;DSP Low Duration Fund - Direct Plan - IDCW - Monthly;INF740K014Q9;INF740K015Q6;11.1729;11.1729;11.1729;07-Jul-2015
133924;DSP Low Duration Fund - Direct Plan - IDCW - Quarterly;INF740K016Q4;INF740K017Q2;10.3260;10.3260;10.3260;07-Jul-2015
133923;DSP Low Duration Fund - Direct Plan - IDCW - Weekly;INF740KA1OM3;INF740KA1ON1;10.0554;10.0554;10.0554;07-Jul-2015
133926;DSP Low Duration Fund - Regular Plan - Growth;INF740K018P2;;10.3143;10.3143;10.3143;07-Jul-2015
133919;DSP Low Duration Fund - Regular Plan - IDCW - Daily;;INF740KA1OO9;10.0413;10.0413;10.0413;07-Jul-2015
133920;DSP Low Duration Fund - Regular Plan - IDCW - Monthly;INF740K019P0;INF740K010Q7;10.1070;10.1070;10.1070;07-Jul-2015
133921;DSP Low Duration Fund - Regular Plan - IDCW - Quarterly;INF740K011Q5;INF740K012Q3;10.3143;10.3143;10.3143;07-Jul-2015
133927;DSP Low Duration Fund - Regular Plan - IDCW - Weekly;INF740KA1OP6;INF740KA1OQ4;10.0537;10.0537;10.0537;07-Jul-2015

Franklin Templeton Mutual Fund
118530;Franklin India Low Duration Fund - Direct - Growth;INF090I01HG7;;15.8535;15.7742;15.8535;07-Jul-2015
118528;Franklin India Low Duration Fund - Direct - Monthly - IDCW;INF090I01HC6;INF090I01HD4;10.6209;10.5678;10.6209;07-Jul-2015
118529;Franklin India Low Duration Fund - Direct - Quarterly - IDCW;INF090I01HE2;INF090I01HF9;10.4516;10.3993;10.4516;07-Jul-2015
113135;Franklin India Low Duration Fund - Growth Plan;INF090I01BU1;;15.7426;15.6639;15.7426;07-Jul-2015
100503;Franklin India Low Duration Fund - Monthly - IDCW;INF090I01BQ9;INF090I01BR7;10.5336;10.4809;10.5336;07-Jul-2015
100504;Franklin India Low Duration Fund - Quarterly - IDCW;INF090I01BS5;INF090I01BT3;10.3635;10.3117;10.3635;07-Jul-2015

HDFC Mutual Fund
105548;HDFC Low Duration  Fund - Daily IDCW;;INF179K01434;10.0315;10.0315;10.0315;07-Jul-2015
118945;HDFC Low Duration  Fund - Direct Plan - Daily IDCW;;;10.0315;10.0315;10.0315;07-Jul-2015
118942;HDFC Low Duration  Fund - Direct Plan - Growth;INF179K01VF7;;30.6533;30.6533;30.6533;07-Jul-2015
118943;HDFC Low Duration  Fund - Direct Plan - Monthly IDCW;INF179K01VG5;INF179K01VH3;10.1682;10.1682;10.1682;07-Jul-2015
118944;HDFC Low Duration  Fund - Direct Plan - Weekly IDCW;;;10.0767;10.0767;10.0767;07-Jul-2015
102452;HDFC Low Duration  Fund - Growth;INF179K01442;;30.1146;30.1146;30.1146;07-Jul-2015
105543;HDFC Low Duration  Fund - Monthly IDCW;INF179K01459;INF179K01467;10.0736;10.0736;10.0736;07-Jul-2015
102453;HDFC Low Duration  Fund - Weekly IDCW;INF179K01475;INF179K01483;10.0655;10.0655;10.0655;07-Jul-2015
105547;HDFC Low Duration Fund- Wholesale Daily Dividend;;INF179K01541;10.0340;10.0340;10.0340;07-Jul-2015
105546;HDFC Low Duration Fund- Wholesale Monthly Dividend;INF179K01509;INF179K01517;10.0752;10.0752;10.0752;07-Jul-2015
105545;HDFC Low Duration Fund- Wholesale Weekly Dividend;INF179K01525;;10.0657;10.0657;10.0657;07-Jul-2015
105544;HDFC Low Duration Fund- Wholesale- Growth;INF179K01491;;31.2306;31.2306;31.2306;07-Jul-2015

HSBC Mutual Fund
104344;HSBC Low Duration Fund  - Growth;INF336L01AH1;;12.6544;12.6544;12.6544;07-Jul-2015
104350;HSBC Low Duration Fund  - Regular - Growth;INF336L01AP4;;18.4806;18.4806;18.4806;07-Jul-2015
104342;HSBC Low Duration Fund - Daily IDCW;;INF336L01AO7;10.0021;10.0021;10.0021;07-Jul-2015
120066;HSBC Low Duration Fund - Direct Growth;INF336L01EG5;;12.8436;12.8436;12.8436;07-Jul-2015
120065;HSBC Low Duration Fund - Direct Monthly IDCW;;INF336L01EF7;10.084;10.084;10.084;07-Jul-2015
104345;HSBC Low Duration Fund - Inst. Plus - Weekly IDCW;;INF336L01AK5;10.2048;10.2048;10.2048;07-Jul-2015
104349;HSBC Low Duration Fund - Inst.Plus - Daily IDCW;;INF336L01AS8;14.0548;14.0548;14.0548;07-Jul-2015
104352;HSBC Low Duration Fund - Regular Monthly IDCW;;INF336L01AL3;10.0511;10.0511;10.0511;07-Jul-2015
104343;HSBC Low Duration Fund - Weekly IDCW;;INF336L01AQ2;10.0207;10.0207;10.0207;07-Jul-2015

ICICI Prudential Mutual Fund
130900;ICICI Prudential Savings Fund - Bonus;INF109KA1I92;;107.4451;107.4451;107.4451;07-Jul-2015
101618;ICICI Prudential Savings Fund - Daily IDCW;INF109K01738;;105.7358;105.7358;105.7358;07-Jul-2015
120397;ICICI Prudential Savings Fund - Direct Plan - Daily IDCW;;INF109K01O66;105.7358;105.7358;105.7358;07-Jul-2015
122904;ICICI Prudential Savings Fund - Direct Plan - Fortnightly IDCW;INF109K016Y3;INF109K015Y5;100.9741;100.9741;100.9741;07-Jul-2015
120398;ICICI Prudential Savings Fund - Direct Plan - Growth;INF109K01O82;;269.8364;269.8364;269.8364;07-Jul-2015
120399;ICICI Prudential Savings Fund - Direct Plan - IDCW Others;INF109K01O90;INF109K01O74;107.9898;107.9898;107.9898;07-Jul-2015
122651;ICICI Prudential Savings Fund - Direct Plan - Monthly IDCW;INF109K018Y9;INF109K017Y1;100.7283;100.7283;100.7283;07-Jul-2015
122982;ICICI Prudential Savings Fund - Direct Plan - Quarterly IDCW;INF109K010Z3;INF109K019Y7;102.3601;102.3601;102.3601;07-Jul-2015
120396;ICICI Prudential Savings Fund - Direct Plan - Weekly IDCW;INF109K01P08;INF109K01P16;105.5109;105.5109;105.5109;07-Jul-2015
130952;ICICI Prudential Savings Fund - Direct Plan Bonus;INF109KA1I01;;107.4899;107.4899;107.4899;07-Jul-2015
122748;ICICI Prudential Savings Fund - Fortnightly IDCW;INF109K012Z9;INF109K011Z1;100.8816;100.8816;100.8816;07-Jul-2015
101619;ICICI Prudential Savings Fund - Growth;INF109K01746;;269.3138;269.3138;269.3138;07-Jul-2015
115511;ICICI Prudential Savings Fund - IDCW Others;INF109K01WO4;INF109K01WN6;107.6093;107.6093;107.6093;07-Jul-2015
122531;ICICI Prudential Savings Fund - Monthly IDCW;INF109K014Z5;INF109K013Z7;100.6196;100.6196;100.6196;07-Jul-2015
122995;ICICI Prudential Savings Fund - Quarterly IDCW;INF109K016Z0;INF109K015Z2;102.2683;102.2683;102.2683;07-Jul-2015
101617;ICICI Prudential Savings Fund - Weekly IDCW;INF109K01JO1;INF109K01753;105.4641;105.4641;105.4641;07-Jul-2015
111795;ICICI Prudential Savings Fund Retail Daily Dividend;INF109K01EI4;INF109K01BW1;100.3710;100.3710;100.3710;07-Jul-2015
111794;ICICI Prudential Savings Fund Retail Growth;INF109K01BX9;;158.2131;158.2131;158.2131;07-Jul-2015
111793;ICICI Prudential Savings Fund Retail Weekly Dividend;INF109K01EJ2;INF109K01BY7;100.4419;100.4419;100.4419;07-Jul-2015

Invesco Mutual Fund
105025;Invesco India Low Duration Fund - Daily IDCW (Reinvestment);;INF205K01HZ7;1001.7200;1001.7200;1001.7200;07-Jul-2015
120567;Invesco India Low Duration Fund - Direct Plan - Discretionary IDCW (Payout / Reinvestment);INF205K01NW2;INF205K01NX0;1319.5318;1319.5318;1319.5318;07-Jul-2015
120570;Invesco India Low Duration Fund - Direct Plan - Growth;INF205K01NY8;;1985.3556;1985.3556;1985.3556;07-Jul-2015
120571;Invesco India Low Duration Fund - Direct Plan - Monthly IDCW (Payout / Reinvestment);INF205K01NZ5;INF205K01OA6;1053.3534;1053.3534;1053.3534;07-Jul-2015
120568;Invesco India Low Duration Fund - Direct Plan - Weekly IDCW (Payout / Reinvestment);INF205K01OB4;INF205K01OC2;1078.5811;1078.5811;1078.5811;07-Jul-2015
120566;Invesco India Low Duration Fund - Direct Plan -Daily IDCW (Reinvestment);;INF205K01NV4;1017.9037;1017.9037;1017.9037;07-Jul-2015
115458;Invesco India Low Duration Fund - Discretionary IDCW (Payout / Reinvestment);INF205K01IG5;INF205K01IF7;1256.0310;1256.0310;1256.0310;07-Jul-2015
104726;Invesco India Low Duration Fund - Growth;INF205K01HY0;;1967.9275;1967.9275;1967.9275;07-Jul-2015
104729;Invesco India Low Duration Fund - Monthly IDCW (Payout / Reinvestment);INF205K01ID2;INF205K01IC4;1030.1376;1030.1376;1030.1376;07-Jul-2015
104728;Invesco India Low Duration Fund - Regular - Growth;INF205K01HT0;;1853.3324;1853.3324;1853.3324;07-Jul-2015
104723;Invesco India Low Duration Fund - Regular - Monthly IDCW (Reinvestment);;INF205K01HW4;1054.3734;1054.3734;1054.3734;07-Jul-2015
104722;Invesco India Low Duration Fund - Regular - Weekly IDCW (Reinvestment);;INF205K01HV6;1076.8012;1076.8012;1076.8012;07-Jul-2015
105024;Invesco India Low Duration Fund - Regular Daily IDCW (Reinvestment);;INF205K01HU8;1080.0928;1080.0928;1080.0928;07-Jul-2015
104725;Invesco India Low Duration Fund - Weekly IDCW (Payout / Reinvestment);INF205K01IB6;INF205K01IA8;1040.0068;1040.0068;1040.0068;07-Jul-2015
130794;Invesco India Treasury Advantage Fund - Annual Bonus;INF205K01P35;;1967.9166;1967.9166;1967.9166;07-Jul-2015
104727;Invesco India Treasury Advantage Fund - Bonus;INF205K01IE0;;1093.2937;1093.2937;1093.2937;07-Jul-2015
120569;Invesco India Treasury Advantage Fund - Direct Plan - Bonus;INF205K01NU6;;1102.9806;1102.9806;1102.9806;07-Jul-2015
104724;Invesco India Ultra Short Term Fund - Regular - Bonus;INF205K01HX2;;1787.2902;1787.2902;1787.2902;07-Jul-2015

Kotak Mahindra Mutual Fund
133807;Kotak Low Duration - Regular Plan-Weekly Reinvestment of Income Distribution cum capital withdrawal option;INF178L01236;;1014.6463;1004.4998;1014.6463;07-Jul-2015
133812;Kotak Low Duration Fund - Direct Plan- Standard Income Distribution cum capital withdrawal option;INF178L01AZ9;INF178L01AY2;1039.7913;1029.3934;1039.7913;07-Jul-2015
133813;Kotak Low Duration Fund Direct Plan- Bonus Option;INF178L01BB8;;1258.3019;1245.7189;1258.3019;07-Jul-2015
133810;Kotak Low Duration Fund- Direct Plan- Growth Option;INF178L01AX4;;1730.8822;1713.5734;1730.8822;07-Jul-2015
133811;Kotak Low Duration Fund- Direct Plan- Weekly Reinvestment of Income Distribution cum capital withdrawal option;INF178L01BA0;;1060.9605;1050.3509;1060.9605;07-Jul-2015
133805;Kotak Low Duration Fund- Regular Plan-Growth Option;INF178L01202;;1711.8391;1694.7207;1711.8391;07-Jul-2015
133809;Kotak Low Duration Fund- Regular Plan-Standard Income Distribution cum capital withdrawal option;INF178L01210;INF178L01228;1022.3853;1012.1614;1022.3853;07-Jul-2015
133802;Kotak Low Duration Fund-Retail Plan-Growth Option;INF178L01160;;1758.5519;1740.9664;1758.5519;07-Jul-2015
133808;Kotak Low Duration Fund-Retail Plan-Monthly Dividend Option;INF178L01186;;1032.0533;1021.7328;1032.0533;07-Jul-2015
133804;Kotak Low Duration Fund-Retail Plan-Weekly Dividend Option;INF178L01194;;1047.0793;1036.6085;1047.0793;07-Jul-2015

L&T Mutual Fund
119809;L&T Low Duration Fund-Direct Plan-Growth;INF917K01GM7;;14.8946;14.8201;14.8946;07-Jul-2015
119808;L&T Low Duration Fund-Direct Plan-IDCW;INF917K01GK1;;10.5878;10.5349;10.5878;07-Jul-2015
118133;L&T Low Duration Fund-Regular Plan - Growth;INF677K01452;;14.8008;14.7268;14.8008;07-Jul-2015
118134;L&T Low Duration Fund-Regular Plan - IDCW;INF677K01460;INF677K01478;10.4238;10.3717;10.4238;07-Jul-2015

LIC Mutual Fund
120316;LIC MF Low Duration Fund-Direct Plan-Daily IDCW;INF767K01FL0;INF767K01FN6;10.1000;10.1000;10.1000;07-Jul-2015
120315;LIC MF Low Duration Fund-Direct Plan-Growth;INF767K01FM8;;22.2456;22.2456;22.2456;07-Jul-2015
120317;LIC MF Low Duration Fund-Direct Plan-Monthly IDCW;INF767K01FP1;INF767K01FO4;11.7568;11.7568;11.7568;07-Jul-2015
120318;LIC MF Low Duration Fund-Direct Plan-Weekly IDCW;INF767K01JJ6;INF767K01JK4;10.5123;10.5123;10.5123;07-Jul-2015
111676;LIC MF Low Duration Fund-Regular Plan-Daily IDCW;INF767K01AK3;INF767K01AL1;10.1611;10.1611;10.1611;07-Jul-2015
101830;LIC MF Low Duration Fund-Regular Plan-Growth;INF767K01AO5;;21.8506;21.8506;21.8506;07-Jul-2015
101829;LIC MF Low Duration Fund-Regular Plan-Monthly IDCW;INF767K01AM9;INF767K01AN7;10.4540;10.4540;10.4540;07-Jul-2015
111675;LIC MF Low Duration Fund-Regular Plan-Weekly IDCW;INF767K01AP2;INF767K01AQ0;10.1699;10.1699;10.1699;07-Jul-2015

Mirae Asset Mutual Fund
118843;Mirae Asset Low Duration Fund - Direct Plan - Daily IDCW;;INF769K01BR2;1163.6351;1163.6351;1163.6351;07-Jul-2015
118840;Mirae Asset Low Duration Fund - Direct Plan - Growth;INF769K01BO9;;1286.3324;1286.3324;1286.3324;07-Jul-2015
118842;Mirae Asset Low Duration Fund - Direct Plan - Quarterly IDCW;INF769K01BQ4;INF769K01BU6;1061.4324;1061.4324;1061.4324;07-Jul-2015
118844;Mirae Asset Low Duration Fund - Direct Plan - Weekly IDCW;;INF769K01BS0;1250.8430;1250.8430;1250.8430;07-Jul-2015
107700;Mirae Asset Low Duration Fund - Regular Plan - Daily IDCW;;INF769K01986;1014.5980;1014.5980;1014.5980;07-Jul-2015
107705;Mirae Asset Low Duration Fund - Regular Plan - Growth;INF769K01937;;1263.0535;1263.0535;1263.0535;07-Jul-2015
107704;Mirae Asset Low Duration Fund - Regular Plan - Monthly IDCW;INF769K01960;INF769K01AA0;1083.6010;1083.6010;1083.6010;07-Jul-2015
107702;Mirae Asset Low Duration Fund - Regular Plan - Quarterly IDCW;INF769K01978;INF769K01AB8;1038.5776;1038.5776;1038.5776;07-Jul-2015
107701;Mirae Asset Low Duration Fund - Regular Plan - Weekly IDCW;;INF769K01994;1103.6208;1103.6208;1103.6208;07-Jul-2015
107698;Mirae Asset Savings Fund-Regular Plan- Daily Dividend;;INF769K01895;1427.4353;1427.4353;1427.4353;07-Jul-2015
107695;Mirae Asset Savings Fund-Regular Plan- Growth;INF769K01846;;1497.5393;1497.5393;1497.5393;07-Jul-2015
107697;Mirae Asset Savings Fund-Regular Plan- Monthly Dividend;INF769K01879;INF769K01911;1430.8691;1430.8691;1430.8691;07-Jul-2015
107696;Mirae Asset Savings Fund-Regular Plan- Weekly Dividend;;INF769K01903;1427.3398;1427.3398;1427.3398;07-Jul-2015

Nippon India Mutual Fund
111747;NIPPON INDIA LOW DURATION FUND - DAILY IDCW Option;;INF204K01EX2;1002.6000;1002.6000;1002.6000;07-Jul-2015
118703;NIPPON INDIA LOW DURATION FUND - DIRECT Plan - DAILY IDCW Option;;INF204K01ZV1;1002.6000;1002.6000;1002.6000;07-Jul-2015
125264;NIPPON INDIA LOW DURATION FUND - DIRECT Plan - IDCW Option;INF204KA1EK7;INF204KA1EL5;1077.2311;1077.2311;1077.2311;07-Jul-2015
118704;NIPPON INDIA LOW DURATION FUND - DIRECT Plan - MONTHLY IDCW Option;INF204K01ZX7;INF204K01ZY5;1017.5041;1017.5041;1017.5041;07-Jul-2015
118705;NIPPON INDIA LOW DURATION FUND - DIRECT Plan - QUARTERLY IDCW Option;INF204K01ZZ2;INF204K01A09;1010.2585;1010.2585;1010.2585;07-Jul-2015
118706;NIPPON INDIA LOW DURATION FUND - DIRECT Plan - WEEKLY IDCW Option;INF204K01A17;;1002.7500;1002.7500;1002.7500;07-Jul-2015
118702;Nippon India Low Duration Fund - Direct Plan Growth Plan - Bonus Option;INF204K01G03;;1147.9750;1147.9750;1147.9750;07-Jul-2015
118709;Nippon India Low Duration Fund - Direct Plan Growth Plan - Growth Option;INF204K01ZU3;;1976.1971;1976.1971;1976.1971;07-Jul-2015
125265;NIPPON INDIA LOW DURATION FUND - IDCW Option;INF204KA1EI1;INF204KA1EJ9;1073.3331;1073.3331;1073.3331;07-Jul-2015
111749;NIPPON INDIA LOW DURATION FUND - MONTHLY IDCW Option;INF204K01EZ7;INF204K01FA7;1014.2236;1014.2236;1014.2236;07-Jul-2015
111750;NIPPON INDIA LOW DURATION FUND - QUARTERLY IDCW Option;INF204K01FB5;INF204K01FC3;1009.2475;1009.2475;1009.2475;07-Jul-2015
111744;NIPPON INDIA LOW DURATION FUND - RETAIL Plan - DAILY IDCW Option;;INF204K01EP8;1002.5852;1002.5852;1002.5852;07-Jul-2015
111748;Nippon India Low Duration Fund - Retail Plan - Growth Plan - Growth Option;INF204K01EN3;;1908.4048;1908.4048;1908.4048;07-Jul-2015
111743;Nippon India Low Duration Fund - Retail Plan - Growth Plan -Bonus Option;INF204K01EO1;;1422.0677;1422.0677;1422.0677;07-Jul-2015
111751;NIPPON INDIA LOW DURATION FUND - RETAIL Plan - MONTHLY IDCW Option;INF204K01ER4;INF204K01ES2;1014.8968;1014.8968;1014.8968;07-Jul-2015
111752;NIPPON INDIA LOW DURATION FUND - RETAIL Plan - QUARTERLY IDCW Option;INF204K01ET0;INF204K01EU8;1028.3477;1028.3477;1028.3477;07-Jul-2015
111745;NIPPON INDIA LOW DURATION FUND - RETAIL Plan - WEEKLY IDCW Option;INF204K01OP7;INF204K01EQ6;1002.9398;1002.9398;1002.9398;07-Jul-2015
111754;NIPPON INDIA LOW DURATION FUND - WEEKLY IDCW Option;INF204K01OO0;INF204K01EY0;1002.7500;1002.7500;1002.7500;07-Jul-2015
111746;Nippon India Low Duration Fund -Growth Plan -Bonus Option;INF204K01EW4;;1136.2342;1136.2342;1136.2342;07-Jul-2015
111753;Nippon India Low Duration Fund- Growth Plan - Growth Option;INF204K01EV6;;1956.9711;1956.9711;1956.9711;07-Jul-2015

Principal Mutual Fund
119445;Principal Low Duration Fund - Direct Plan - Daily Income Distribution CUM Capital Withdrawal Option;;INF173K01FR8;1002.4316;999.9255;1002.4316;07-Jul-2015
119448;Principal Low Duration Fund - Direct Plan - Growth Option;INF173K01FS6;;2288.9710;2283.2486;2288.9710;07-Jul-2015
119447;Principal Low Duration Fund - Direct Plan - Monthly Income Distribution CUM Capital Withdrawal Option;INF173K01FT4;INF173K01FU2;1144.8290;1141.9669;1144.8290;07-Jul-2015
119446;Principal Low Duration Fund - Direct Plan - Weekly Income Distribution CUM Capital Withdrawal Option;;INF173K01FW8;1004.7709;1002.2590;1004.7709;07-Jul-2015
102723;Principal Low Duration Fund - Weekly Income Distribution CUM Capital Withdrawal Option;;INF173K01DI2;1002.7361;1000.2293;1002.7361;07-Jul-2015
105461;Principal Low Duration Fund -Daily Income Distribution CUM Capital Withdrawal Option;;INF173K01DH4;1002.2259;999.7203;1002.2259;07-Jul-2015
102722;Principal Low Duration Fund- Growth Option;INF173K01DG6;;2247.4351;2241.8165;2247.4351;07-Jul-2015
102724;Principal Low Duration Fund- Monthly Income Distribution CUM Capital Withdrawal Option;INF173K01DJ0;INF173K01DK8;1142.4823;1139.6261;1142.4823;07-Jul-2015

SBI Mutual Fund
119810;SBI Magnum Low Duration Fund - Direct Plan - Daily Income Distribution cum Capital Withdrawal Option (IDCW);;INF200K01VJ3;1005.2072;1005.2072;1005.2072;07-Jul-2015
119811;SBI Magnum Low Duration Fund - Direct Plan - Fortnightly Income Distribution cum Capital Withdrawal Option (IDCW);INF200K01VK1;INF200K01VL9;1028.7132;1028.7132;1028.7132;07-Jul-2015
119812;SBI MAGNUM LOW DURATION FUND - DIRECT PLAN - GROWTH;INF200K01VM7;;1839.0062;1839.0062;1839.0062;07-Jul-2015
119818;SBI Magnum Low Duration Fund - Direct Plan - Monthly Income Distribution cum Capital Withdrawal Option (IDCW);INF200K01VN5;INF200K01VO3;1063.3735;1063.3735;1063.3735;07-Jul-2015
119819;SBI Magnum Low Duration Fund - Direct Plan - Weekly Income Distribution cum Capital Withdrawal Option (IDCW);INF200K01VP0;INF200K01VQ8;1011.0949;1011.0949;1011.0949;07-Jul-2015
106213;SBI Magnum Low Duration Fund - Regular Plan - Daily Income Distribution cum Capital Withdrawal Option (IDCW);;INF200K01ML8;1005.1214;1005.1214;1005.1214;07-Jul-2015
106215;SBI Magnum Low Duration Fund - Regular Plan - Fornightly Income Distribution cum Capital Withdrawal Option (IDCW);INF200K01MM6;INF200K01MN4;1028.711;1028.711;1028.711;07-Jul-2015
106212;SBI MAGNUM LOW DURATION FUND - REGULAR PLAN - GROWTH;INF200K01MO2;;1835.5111;1835.5111;1835.5111;07-Jul-2015
106216;SBI Magnum Low Duration Fund - Regular Plan - Monthly Income Distribution cum Capital Withdrawal Option (IDCW);INF200K01MP9;INF200K01MQ7;1062.0305;1062.0305;1062.0305;07-Jul-2015
106214;SBI Magnum Low Duration Fund - Regular Plan - Weekly Income Distribution cum Capital Withdrawal Option (IDCW);INF200K01MR5;INF200K01MS3;1011.093;1011.093;1011.093;07-Jul-2015
106221;SBI Short Horizon Debt Fund - Ultra Short Term Fund - Institutional Plan - Daily Income Distribution cum Capital Withdrawal Option (IDCW);;INF200K01MD5;1004.7667;1004.7667;1004.7667;07-Jul-2015
106217;SBI Short Horizon Debt Fund - Ultra Short Term Fund - Institutional Plan - Growth;INF200K01MG8;;1867.4949;1867.4949;1867.4949;07-Jul-2015
106224;SBI Short Horizon Debt Fund - Ultra Short Term Fund - Institutional Plan - Monthly Income Distribution cum Capital Withdrawal Option (IDCW);INF200K01MH6;INF200K01MI4;N.A.;N.A.;N.A.;07-Jul-2015
106222;SBI Short Horizon Debt Fund - Ultra Short Term Fund- Institutional Plan - Weekly Income Distribution cum Capital Withdrawal Option (IDCW);INF200K01MJ2;INF200K01MK0;1005.5672;1005.5672;1005.5672;07-Jul-2015
106223;SBI Short Horizon Debt Fund -Ultra Short Term Fund - Institutional Plan - Fortnightly Income Distribution cum Capital Withdrawal Option (IDCW);INF200K01ME3;INF200K01MF0;N.A.;N.A.;N.A.;07-Jul-2015

Sundaram Mutual Fund
119679;Sundaram Low Duration Fund Direct Plan - Daily Reinvestment of Income Distribution cum Capital Withdrawal (IDCW);;INF903J01QY3;10.0439;10.0439;10.0439;07-Jul-2015
119681;Sundaram Low Duration Fund Direct Plan - Fortnightly Income Distribution cum Capital Withdrawal (IDCW);INF903J01QZ0;INF903J01RA1;11.3481;11.3481;11.3481;07-Jul-2015
119680;Sundaram Low Duration Fund Direct Plan - Growth;INF903J01RB9;;19.7578;19.7578;19.7578;07-Jul-2015
119682;Sundaram Low Duration Fund Direct Plan - Income Distribution cum Capital Withdrawal (IDCW);INF903J01RR5;INF903J01RG8;10.9420;10.9420;10.9420;07-Jul-2015
119677;Sundaram Low Duration Fund Direct Plan - Weekly Income Distribution cum Capital Withdrawal (IDCW);INF903J01RF0;;11.5710;11.5710;11.5710;07-Jul-2015
119683;Sundaram Low Duration Fund Direct Plan -Growth;INF903J01RQ7;;11.2869;11.2869;11.2869;07-Jul-2015
119678;Sundaram Low Duration Fund Direct Plan -Income Distribution cum Capital Withdrawal (IDCW);INF903J01RC7;INF903J01RD5;10.9801;10.9801;10.9801;07-Jul-2015
105554;Sundaram Low Duration Fund Institutional Plan - Daily Reinvestment of Income Distribution cum Capital Withdrawal (IDCW);;INF903J01RE3;10.0370;10.0370;10.0370;07-Jul-2015
105562;Sundaram Low Duration Fund Institutional Plan - Growth;INF903J01EG6;;18.9334;18.9334;18.9334;07-Jul-2015
105561;Sundaram Low Duration Fund Institutional Plan - Income Distribution cum Capital Withdrawal (IDCW);INF903J01EH4;INF903J01EL6;10.7005;10.7005;10.7005;07-Jul-2015
105559;Sundaram Low Duration Fund Institutional Plan - Weekly Income Distribution cum Capital Withdrawal (IDCW);INF903J01JL5;INF903J01EJ0;11.4951;11.4951;11.4951;07-Jul-2015
105565;Sundaram Low Duration Fund Regular Plan - Daily Reinvestment of Income Distribution cum Capital Withdrawal (IDCW);;INF903J01EP7;10.0370;10.0370;10.0370;07-Jul-2015
105557;Sundaram Low Duration Fund Regular Plan - Fortnightly Income Distribution cum Capital Withdrawal (IDCW);INF903J01JP6;INF903J01ER3;10.9610;10.9610;10.9610;07-Jul-2015
105563;Sundaram Low Duration Fund Regular Plan - Growth;INF903J01EN2;;19.5586;19.5586;19.5586;07-Jul-2015
105566;Sundaram Low Duration Fund Regular Plan - Income Distribution cum Capital Withdrawal (IDCW);INF903J01EO0;INF903J01ES1;10.7887;10.7887;10.7887;07-Jul-2015
105556;Sundaram Low Duration Fund Regular Plan - Weekly Income Distribution cum Capital Withdrawal (IDCW);INF903J01JO9;INF903J01EQ5;11.5276;11.5276;11.5276;07-Jul-2015
118329;Sundaram Low Duration Fund Regular Plan -Growth;INF903J01MG9;;11.1968;11.1968;11.1968;07-Jul-2015
105558;Sundaram Low Duration Fund Regular Plan -Income Distribution cum Capital Withdrawal (IDCW);INF903J01JQ4;INF903J01ET9;10.9628;10.9628;10.9628;07-Jul-2015
105553;Sundaram Low Duration Fund Retail Plan - Daily Reinvestment of Income Distribution cum Capital Withdrawal (IDCW);;INF903J01EB7;10.0370;10.0370;10.0370;07-Jul-2015
105550;Sundaram Low Duration Fund Retail Plan - Fortnightly Income Distribution cum Capital Withdrawal (IDCW);INF903J01JJ9;INF903J01ED3;10.8629;10.8629;10.8629;07-Jul-2015
105564;Sundaram Low Duration Fund Retail Plan - Growth;INF903J01DZ8;;17.9660;17.9660;17.9660;07-Jul-2015
105551;Sundaram Low Duration Fund Retail Plan - Income Distribution cum Capital Withdrawal (IDCW);INF903J01EA9;INF903J01EE1;10.6264;10.6264;10.6264;07-Jul-2015
105549;Sundaram Low Duration Fund Retail Plan - Weekly Income Distribution cum Capital Withdrawal (IDCW);INF903J01JI1;INF903J01EC5;11.3942;11.3942;11.3942;07-Jul-2015
105552;Sundaram Low Duration Fund Retail Plan -Income Distribution cum Capital Withdrawal (IDCW);INF903J01JK7;INF903J01EF8;10.8138;10.8138;10.8138;07-Jul-2015

Tata Mutual Fund
119863;Tata Treasury Advantage Fund - Direct Plan - Growth Option;INF277K01OK4;;2155.8062;2155.8062;2155.8062;07-Jul-2015
103159;Tata Treasury Advantage Fund - Regular Plan - Growth Option;INF277K01MA9;;2148.9450;2148.9450;2148.9450;07-Jul-2015
119864;Tata Treasury Advantage Fund Direct Plan - Daily Reinvestment of IDCW Option;;INF277K018B3;1003.5316;1003.5316;1003.5316;07-Jul-2015
119957;Tata Treasury Advantage Fund Direct Plan - Periodic Payout of IDCW Option;INF277K01OL2;INF277K01OM0;1367.5423;1367.5423;1367.5423;07-Jul-2015
119865;Tata Treasury Advantage Fund Direct Plan - Weekly Payout of IDCW Option;INF277K019B1;INF277K010C8;1008.0658;1008.0658;1008.0658;07-Jul-2015
103160;Tata Treasury Advantage Fund Regular Plan - Daily Reinvestment of IDCW Option;;INF277K01LZ8;1003.5288;1003.5288;1003.5288;07-Jul-2015
115464;Tata Treasury Advantage Fund Regular Plan - Periodic Payout of IDCW Option;INF277K01MC5;INF277K01ME1;1363.4370;1363.4370;1363.4370;07-Jul-2015
103158;Tata Treasury Advantage Fund Regular Plan - Weekly Payout of IDCW Option;INF277K01MD3;INF277K01MB7;1008.0658;1008.0658;1008.0658;07-Jul-2015

UTI Mutual Fund
120738;UTI Low Duration Fund - Direct Plan - Bonus Option;INF789F01XH5;;1625.7693;1625.7693;1625.7693;07-Jul-2015
120737;UTI Low Duration Fund - Direct Plan - Daily IDCW (Reinvestment);;INF789F01XE2;1002.354;1002.354;1002.354;07-Jul-2015
120735;UTI Low Duration Fund - Direct Plan - Growth Option;INF789F01XI3;;1948.9211;1948.9211;1948.9211;07-Jul-2015
120736;UTI Low Duration Fund - Direct Plan - Monthly IDCW;INF789F01XJ1;INF789F01XK9;1024.3109;1024.3109;1024.3109;07-Jul-2015
120734;UTI Low Duration Fund - Direct Plan - Quarterly IDCW;INF789F01XL7;INF789F01XM5;1101.5334;1101.5334;1101.5334;07-Jul-2015
120739;UTI Low Duration Fund - Direct Plan - Weekly IDCW;INF789F01XN3;INF789F01XO1;1005.6223;1005.6223;1005.6223;07-Jul-2015
102538;UTI Low Duration Fund - Discontinued - Annaul Dividend Option;INF789F01OK8;INF789F01OL6;1928.2384;1928.2384;0;07-Jul-2015
105578;UTI Low Duration Fund - Discontinued - Periodic Dividend Plan;;INF789F01349;1047.3367;1047.3367;0;07-Jul-2015
102541;UTI Low Duration Fund - Discontinued - Quarterly Dividend Option;INF789F01OO0;INF789F01OP7;1541.1347;1541.1347;0;07-Jul-2015
102539;UTI Low Duration Fund - Discontinued Bonus Option;INF789F01OM4;;2392.1415;2392.1415;0;07-Jul-2015
105659;UTI Low Duration Fund - Discontinued Flexi Dividend Plan;INF789F01PA6;;1086.0046;1086.0046;0;07-Jul-2015
102540;UTI Low Duration Fund - Discontinued Growth Option;INF789F01331;;3588.6123;3588.6123;0;07-Jul-2015
105670;UTI Low Duration Fund - Discontinued Monthly Dividend Option;INF789F01OY9;INF789F01OZ6;1081.0446;1081.0446;0;07-Jul-2015
102545;UTI Low Duration Fund - Regular Plan - Bonus Option;INF789F01OS1;;1623.0519;1623.0519;1623.0519;07-Jul-2015
105605;UTI Low Duration Fund - Regular Plan - Daily IDCW (Reinvestment);;INF789F01ON2;1002.3211;1002.3211;1002.3211;07-Jul-2015
133130;UTI Low Duration Fund - Regular Plan - Flexi IDCW;INF789FA1N86;INF789FA1N94;1038.7897;1038.7897;1038.7897;07-Jul-2015
133733;UTI Low Duration Fund - Regular Plan - Fortnightly IDCW;INF789FA1N45;INF789FA1N52;1039.1366;1039.1366;1039.1366;07-Jul-2015
102544;UTI Low Duration Fund - Regular Plan - Growth Option;INF789F01OT9;;1941.9364;1941.9364;1941.9364;07-Jul-2015
105658;UTI Low Duration Fund - Regular Plan - Monthly IDCW;INF789F01OU7;INF789F01OV5;1024.2889;1024.2889;1024.2889;07-Jul-2015
115483;UTI Low Duration Fund - Regular Plan - Quarterly IDCW;INF789F01OW3;INF789F01OX1;1085.6704;1085.6704;1085.6704;07-Jul-2015
105627;UTI Low Duration Fund - Regular Plan - Weekly IDCW;INF789F01PB4;INF789F01PC2;1005.5972;1005.5972;1005.5972;07-Jul-2015

Open Ended Schemes ( Debt Scheme - Money Market Fund )


Aditya Birla Sun Life Mutual Fund
101973;Aditya Birla Sun Life Money Manager Fund - Daily IDCW;;INF209K01SZ6;100.0200;100.0200;100.0200;07-Jul-2015
119513;Aditya Birla Sun Life Money Manager Fund - Direct - daily IDCW;;INF209K01UT5;100.0200;100.0200;100.0200;07-Jul-2015
119512;Aditya Birla Sun Life Money Manager Fund - Direct - weekly IDCW;INF209K01UV1;INF209KA1LM3;100.1633;100.1633;100.1633;07-Jul-2015
101976;Aditya Birla Sun Life Money Manager Fund - Growth;INF209K01RV7;;190.3144;190.3144;190.3144;07-Jul-2015
119511;Aditya Birla Sun Life Money Manager Fund - Growth - Direct Plan;INF209K01UU3;;190.5941;190.5941;190.5941;07-Jul-2015
101972;Aditya Birla Sun Life Money Manager Fund - Retail - Daily IDCW;;INF209K01JZ5;100.0150;100.0150;100.0150;07-Jul-2015
101970;Aditya Birla Sun Life Money Manager Fund - RETAIL - WEEKLY IDCW;;INF209K01JY8;103.8345;103.8345;103.8345;07-Jul-2015
101971;Aditya Birla Sun Life Money Manager Fund - Retail Growth;INF209K01MJ3;;234.5279;234.5279;234.5279;07-Jul-2015
101974;Aditya Birla Sun Life Money Manager Fund - WEEKLY IDCW;;INF209K01SY9;100.1624;100.1624;100.1624;07-Jul-2015

Bandhan Mutual Fund
108698;Bandhan Money Market Fund - Daily Dividend;INF194K01MF5;INF194K01ME8;10.0177;10.0177;10.0177;07-Jul-2015
108697;Bandhan Money Market Fund - Growth;INF194K01MD0;;16.8117;16.8117;16.8117;07-Jul-2015
131389;Bandhan Money Market Fund - Regular Plan - Periodic IDCW;INF194KA1TG5;INF194KA1TH3;10.7341;10.7341;10.7341;07-Jul-2015
108701;Bandhan Money Market Fund - Regular Plan - Weekly IDCW;INF194K01LR2;INF194K01LQ4;10.0488;10.0488;10.0488;07-Jul-2015
118383;Bandhan Money Market Fund -Direct Plan-Daily IDCW;;INF194K01M98;10.0699;10.0699;10.0699;07-Jul-2015
118384;Bandhan Money Market Fund -Direct Plan-Growth;INF194K01M80;;22.7107;22.7107;22.7107;07-Jul-2015
118385;Bandhan Money Market Fund -Direct Plan-Monthly IDCW;INF194K01N22;INF194K01N14;10.2103;10.2103;10.2103;07-Jul-2015
131388;Bandhan Money Market Fund -Direct Plan-Periodic IDCW;INF194KA1TJ9;INF194KA1TK7;10.7472;10.7472;10.7472;07-Jul-2015
118386;Bandhan Money Market Fund -Direct Plan-Weekly IDCW;;INF194K01N48;10.0403;10.0403;10.0403;07-Jul-2015
108650;BANDHAN Money Market Fund - Regular Plan - Daily IDCW;INF194K01LL5;INF194K01LK7;10.0699;10.0699;10.0699;07-Jul-2015
108756;BANDHAN Money Market Fund - Regular Plan - Growth;INF194K01LJ9;;22.3416;22.3416;22.3416;07-Jul-2015
108757;BANDHAN Money Market Fund - Regular Plan - Monthly IDCW;INF194K01LO9;INF194K01LN1;10.2097;10.2097;10.2097;07-Jul-2015

DSP Mutual Fund
123288;DSP Savings Fund - Direct Plan -  IDCW - Daily;;INF740KA1PB3;10.0400;10.0400;10.0400;07-Jul-2015
119106;DSP Savings Fund - Direct Plan - Growth;INF740K01NU2;;28.8516;28.8516;28.8516;07-Jul-2015
119108;DSP Savings Fund - Direct Plan - IDCW;INF740K01NV0;INF740K01NX6;11.8407;11.8407;11.8407;07-Jul-2015
119107;DSP Savings Fund - Direct Plan - IDCW - Monthly;INF740K01NT4;INF740K01NW8;10.4675;10.4675;10.4675;07-Jul-2015
100087;DSP Savings Fund - Regular Plan - Growth;INF740K01714;;28.6756;28.6756;28.6756;07-Jul-2015
100088;DSP Savings Fund - Regular Plan - IDCW;INF740K01706;INF740K01AJ2;11.8160;11.8160;11.8160;07-Jul-2015
123287;DSP Savings Fund - Regular Plan - IDCW - Daily;;INF740KA1PC1;10.0564;10.0564;10.0564;07-Jul-2015
100089;DSP Savings Fund - Regular Plan - IDCW - Monthly;INF740K01722;INF740K01AK0;10.4510;10.4510;10.4510;07-Jul-2015

Franklin Templeton Mutual Fund
118506;Franklin India Money Market Fund - Direct - Growth;INF090I01GV8;;26.2620;26.1307;26.2620;07-Jul-2015
101357;Franklin India Money Market Fund - Growth Option;INF090I01CA1;;25.9512;25.8214;25.9512;07-Jul-2015
101359;Franklin India Money Market Fund - Institutional Option - Dividend;INF090I01BW7;INF090I01BV9;10.3591;10.3073;10.3591;07-Jul-2015
101358;Franklin India Money Market Fund - Institutional Option - Growth;INF090I01BX5;;21.7537;21.6449;21.7537;07-Jul-2015
122443;Franklin India Money Market Fund Retail Option - Daily - IDCW;;INF090I01KM9;10.0464;9.9962;10.0464;07-Jul-2015
122444;Franklin India Money Market Fund Retail Option - Direct - Daily - IDCW;;INF090I01KN7;10.0000;9.9500;10.0000;07-Jul-2015
129437;Franklin India Money Market Fund Retail Option - Direct - Monthly - IDCW;INF090I01LC8;INF090I01LD6;10.3026;10.2511;10.3026;07-Jul-2015
118505;Franklin India Money Market Fund Retail Option - Direct - Quarterly - IDCW;INF090I01GT2;INF090I01GU0;11.2054;11.1494;11.2054;07-Jul-2015
129436;Franklin India Money Market Fund Retail Option - Monthly - IDCW;INF090I01LA2;INF090I01LB0;10.2010;10.1500;10.2010;07-Jul-2015
101356;Franklin India Money Market Fund Retail Option - Quarterly - IDCW;INF090I01BZ0;INF090I01BY3;11.0718;11.0164;11.0718;07-Jul-2015

HDFC Mutual Fund
101994;HDFC Money Market Fund - Daily IDCW Option;;INF179KB1IG6;10.6364;10.6364;10.6364;07-Jul-2015
119093;HDFC Money Market Fund - Daily IDCW Option - Direct Plan;;INF179KB1HZ8;10.6364;10.6364;10.6364;07-Jul-2015
101993;HDFC Money Market Fund - Growth Option;INF179KB1HR5;;29.8421;29.8421;29.8421;07-Jul-2015
119092;HDFC Money Market Fund - Growth Option - Direct Plan;INF179KB1HU9;;29.8856;29.8856;29.8856;07-Jul-2015
101995;HDFC Money Market Fund - Weekly IDCW Option;INF179KB1IH4;INF179KB1II2;10.6338;10.6338;10.6338;07-Jul-2015
119094;HDFC Money Market Fund - Weekly IDCW Option -Direct Plan;INF179KB1IA9;INF179KB1IB7;10.6340;10.6340;10.6340;07-Jul-2015

ICICI Prudential Mutual Fund
130946;ICICI Prudential Money Market Fund - Direct Plan Bonus;INF109KA1H85;;106.4292;106.4292;106.4292;07-Jul-2015
130945;ICICI Prudential Money Market Fund -Bonus;INF109KA1H93;;106.3764;106.3764;106.3764;07-Jul-2015
115328;ICICI Prudential Money Market Fund Dividend;INF109K01I72;;100.1098;100.1098;100.1098;07-Jul-2015
120209;ICICI Prudential Money Market Fund Option - Direct Plan -  Daily IDCW;;INF109K01R22;100.1435;100.1435;100.1435;07-Jul-2015
120210;ICICI Prudential Money Market Fund Option - Direct Plan -  Fortnightly IDCW;INF109K01R55;;100.7729;100.7729;100.7729;07-Jul-2015
120211;ICICI Prudential Money Market Fund Option - Direct Plan -  Growth;INF109K01R14;;197.8987;197.8987;197.8987;07-Jul-2015
120213;ICICI Prudential Money Market Fund Option - Direct Plan -  Monthly IDCW;INF109K01R63;INF109K01R71;100.5558;100.5558;100.5558;07-Jul-2015
120212;ICICI Prudential Money Market Fund Option - Direct Plan -  Weekly IDCW;INF109K01R89;;100.3913;100.3913;100.3913;07-Jul-2015
101221;ICICI Prudential Money Market Fund Retail Growth (erstwhile Cash Option);INF109K01TW3;;220.7777;220.7777;220.7777;07-Jul-2015
103634;ICICI Prudential Money Market Fund Option - Daily IDCW;INF109K01TY9;;100.1295;100.1295;100.1295;07-Jul-2015
103633;ICICI Prudential Money Market Fund Option - Growth;INF109K01TX1;;197.6012;197.6012;197.6012;07-Jul-2015
130013;ICICI Prudential Money Market Fund Option - IDCW Others;INF109K01I64;;100.7512;100.7512;100.7512;07-Jul-2015
103637;ICICI Prudential Money Market Fund Option - Monthly IDCW;INF109K01UC3;INF109K01UB5;100.4062;100.4062;100.4062;07-Jul-2015
103635;ICICI Prudential Money Market Fund Option - Weekly IDCW;INF109K01TZ6;;100.0873;100.0873;100.0873;07-Jul-2015
103636;ICICI Prudential Money Market Fund Option -Fortnightly IDCW;INF109K01UA7;;100.3842;100.3842;100.3842;07-Jul-2015

Invesco Mutual Fund
115515;Invesco India Money Market Fund - Daily IDCW (Reinvestment);;INF205K01RU7;1000.2900;997.7893;1000.2900;07-Jul-2015
120506;Invesco India Money Market Fund - Direct Plan - Daily IDCW (Reinvestment);;INF205K01RV5;1000.2900;997.7893;1000.2900;07-Jul-2015
120508;Invesco India Money Market Fund - Direct Plan - Discretionary IDCW (Payout / Reinvestment);INF205K01RW3;INF205K01RX1;1381.2282;1377.7751;1381.2282;07-Jul-2015
120507;Invesco India Money Market Fund - Direct Plan - Growth;INF205K01RY9;;1641.1127;1637.0099;1641.1127;07-Jul-2015
120509;Invesco India Money Market Fund - Direct Plan - Monthly IDCW (Payout / Reinvestment);INF205K01RZ6;INF205K01SA7;1019.6601;1017.1109;1019.6601;07-Jul-2015
116653;Invesco India Money Market Fund - Discretionary IDCW (Payout / Reinvestment);INF205K01SB5;INF205K01SC3;1632.7058;1628.6240;1632.7058;07-Jul-2015
112123;Invesco India Money Market Fund - Growth;INF205K01SD1;;1630.6046;1626.5281;1630.6046;07-Jul-2015
112125;Invesco India Money Market Fund - Monthly IDCW (Payout / Reinvestment);INF205K01SE9;INF205K01SF6;1019.6044;1017.0554;1019.6044;07-Jul-2015
112120;Invesco India Money Market Fund - Regular - Growth;INF205K01SG4;;1547.1403;1543.2724;1547.1403;07-Jul-2015
112122;Invesco India Money Market Fund - Regular - Monthly IDCW (Payout / Reinvestment);INF205K01SH2;INF205K01SI0;1022.8064;1020.2494;1022.8064;07-Jul-2015
116488;Invesco India Money Market Fund - Regular Plan - Daily IDCW (Reinvestment);;INF205K01UW7;1002.0000;999.4950;1002.0000;07-Jul-2015
122794;Religare Invesco Credit Opportunities Fund - Bonus Option;INF205K01UZ0;;1630.6220;1626.5454;1630.6220;07-Jul-2015
122795;Religare Invesco Credit Opportunities Fund - Direct Plan - Bonus Option;INF205K01VI4;;1641.0552;1636.9526;1641.0552;07-Jul-2015

Kotak Mahindra Mutual Fund
106842;Kotak Money Market Fund - (Daily Reinvestment of Income Distribution cum capital withdrawal option);INF174K01ND0;;1011.62;1011.62;1011.62;07-Jul-2015
119745;Kotak Money Market Fund - (Daily Reinvestment of Income Distribution cum capital withdrawal option) - Direct;INF174K01MZ5;;1011.62;1011.62;1011.62;07-Jul-2015
101893;Kotak Money Market Fund - (Growth);INF174K01NA6;;2344.1783;2344.1783;2344.1783;07-Jul-2015
119746;Kotak Money Market Fund - (Growth) - Direct;INF174K01MW2;;2347.1097;2347.1097;2347.1097;07-Jul-2015
101892;Kotak Money market Fund - (Monthly Payout of Income Distribution cum capital withdrawal option);INF174K018O0;INF174K01NB4;1006.9612;1006.9612;1006.9612;07-Jul-2015
119747;Kotak Money Market Fund - (Monthly Payout of Income Distribution cum capital withdrawal option) - Direct;INF174K019O8;INF174K01MX0;1012.3281;1012.3281;1012.3281;07-Jul-2015
101894;Kotak Money Market Fund - (Weekly Reinvestment of Income Distribution cum capital withdrawal option);INF174K01NC2;;1012.1891;1012.1891;1012.1891;07-Jul-2015
119748;Kotak Money Market Fund - (Weekly Reinvestment of Income Distribution cum capital withdrawal option) - Direct;INF174K01MY8;;1013.8511;1013.8511;1013.8511;07-Jul-2015

L&T Mutual Fund
119432;L&T Money Market Fund - Direct Plan - Daily IDCW;;INF917K01FD8;10.8591;10.8048;10.8591;07-Jul-2015
114217;L&T Money Market Fund - Regular Plan - Daily IDCW;;INF917K01AY5;10.8591;10.8048;10.8591;07-Jul-2015
114216;L&T Money Market Fund - Regular Plan - Growth;INF917K01BC9;;13.8293;13.7602;13.8293;07-Jul-2015
114219;L&T Money Market Fund - Regular Plan - Monthly IDCW;INF917K01BB1;INF917K01BA3;11.3388;11.2821;11.3388;07-Jul-2015
114218;L&T Money Market Fund - Regular Plan - Weekly IDCW;;INF917K01AZ2;12.6464;12.5832;12.6464;07-Jul-2015
119431;L&T Money Market Fund -Direct Plan- Growth;INF917K01FE6;;13.8905;13.8210;13.8905;07-Jul-2015
119429;L&T Money Market Fund -Direct Plan- Monthly IDCW;INF917K01FF3;;11.3833;11.3264;11.3833;07-Jul-2015

Nippon India Mutual Fund
103050;NIPPON INDIA MONEY MARKET FUND - DAILY IDCW Option;;INF204K01UY6;1000.5100;1000.5100;1000.5100;07-Jul-2015
118718;NIPPON INDIA MONEY MARKET FUND - DIRECT Plan - DAILY IDCW Option;;INF204K01ZN8;1000.5100;1000.5100;1000.5100;07-Jul-2015
118720;NIPPON INDIA MONEY MARKET FUND - DIRECT Plan - MONTHLY IDCW Option;INF204K01ZQ1;INF204K01ZR9;1004.6655;1004.6655;1004.6655;07-Jul-2015
118716;NIPPON INDIA MONEY MARKET FUND - DIRECT Plan - QUARTERLY IDCW Option;INF204K01ZS7;INF204K01ZT5;1006.8950;1006.8950;1006.8950;07-Jul-2015
118717;NIPPON INDIA MONEY MARKET FUND - DIRECT Plan - WEEKLY IDCW Option;;INF204K01ZO6;1001.3787;1001.3787;1001.3787;07-Jul-2015
118715;Nippon India Money Market Fund - Direct Plan Growth Plan - Bonus Option;INF204K01G11;;1268.2920;1268.2920;1268.2920;07-Jul-2015
118719;Nippon India Money Market Fund - Direct Plan Growth Plan - Growth Option;INF204K01ZP3;;2156.8797;2156.8797;2156.8797;07-Jul-2015
103052;NIPPON INDIA MONEY MARKET FUND - MONTHLY IDCW Option;INF204K01VB2;INF204K01VC0;1004.6233;1004.6233;1004.6233;07-Jul-2015
112341;NIPPON INDIA MONEY MARKET FUND - QUARTERLY IDCW Option;INF204K01VD8;INF204K01VE6;1007.1693;1007.1693;1007.1693;07-Jul-2015
103051;NIPPON INDIA MONEY MARKET FUND - WEEKLY IDCW Option;;INF204K01UZ3;1001.3677;1001.3677;1001.3677;07-Jul-2015
103049;Nippon India Money Market Fund-Growth Plan-Bonus Option;INF204K01UX8;;1265.9101;1265.9101;1265.9101;07-Jul-2015
103048;Nippon India Money Market Fund-Growth Plan-Growth Option;INF204K01VA4;;2152.6908;2152.6908;2152.6908;07-Jul-2015

quant Mutual Fund
103465;Quant Money Market Fund-Dividend Option;INF966L01382;INF966L01390;14.9787;14.9787;14.9787;07-Jul-2015
120844;Quant Money Market Fund-Dividend Option-Direct Plan;INF966L01929;INF966L01937;14.9983;14.9983;14.9983;07-Jul-2015
103464;Quant Money Market Fund-Growth Option;INF966L01408;;22.1114;22.1114;22.1114;07-Jul-2015
120845;Quant Money Market Fund-Growth Option-Direct Plan;INF966L01945;;22.2282;22.2282;22.2282;07-Jul-2015

SBI Mutual Fund
119821;SBI  SAVINGS FUND - DIRECT PLAN - GROWTH;INF200K01SZ5;;22.4361;22.4137;22.4361;07-Jul-2015
102503;SBI  SAVINGS FUND - REGULAR PLAN - GROWTH;INF200K01636;;22.1796;22.1574;22.1796;07-Jul-2015
119820;SBI Savings Fund - Direct Plan - Income Distribution cum Capital Withdrawal Option (IDCW);INF200K01SX0;INF200K01SY8;11.4164;11.405;11.4164;07-Jul-2015
119822;SBI Savings Fund - Direct Plan Daily Income Distribution cum Capital Withdrawal Option (IDCW);;INF200K01SW2;10.0622;10.0521;10.0622;07-Jul-2015
119823;SBI Savings Fund - Direct Plan Weekly Income Distribution cum Capital Withdrawal Option (IDCW);INF200K01TA6;INF200K01TB4;11.6235;11.6119;11.6235;07-Jul-2015
102504;SBI Savings Fund - Regular Plan - Income Distribution cum Capital Withdrawal Option (IDCW);INF200K01644;INF200K01651;11.3238;11.3125;11.3238;07-Jul-2015
114348;SBI Savings Fund - Regular Plan Daily Income Distribution cum Capital Withdrawal Option (IDCW);;INF200KA1K20;10.0622;10.0521;10.0622;07-Jul-2015
102860;SBI Savings Fund - Regular Plan Weekly Income Distribution cum Capital Withdrawal Option (IDCW);INF200K01669;INF200K01677;11.5336;11.5221;11.5336;07-Jul-2015

Tata Mutual Fund
119423;Tata Liquid Fund- Direct Plan- Monthly Dividend;INF277K01PS4;INF277K01PT2;1002.4517;1002.4517;1002.4517;07-Jul-2015
119422;Tata Liquid Fund- Direct Plan- Weekly Dividend;INF277K013C2;;1000.6798;1000.6798;1000.6798;07-Jul-2015
119421;Tata Money Market Fund- Direct Plan - Daily Reinvestment of IDCW Option;;INF277K011C6;1114.5200;1114.5200;1114.5200;07-Jul-2015
119424;Tata Money Market Fund- Direct Plan- Growth Option;INF277K01PR6;;2641.3970;2641.3970;2641.3970;07-Jul-2015
101986;Tata Money Market Fund- Regular Plan - Daily Reinvestment of IDCW Option;;INF277K014C0;1114.5200;1114.5200;1114.5200;07-Jul-2015
101847;Tata Money Market Fund-Regular Plan - Growth Option;INF277K01LQ7;;2635.7873;2635.7873;2635.7873;07-Jul-2015

UTI Mutual Fund
120299;UTI MMF - Direct Plan - Growth Option;INF789F01XV6;;1603.6175;1603.6175;1603.6175;07-Jul-2015
112077;UTI MMF - Regular Plan - Growth Option;INF789F01PX8;;1599.8591;1599.8591;1599.8591;07-Jul-2015
100724;UTI MMF- Discontinued - Regular Plan - Flexi Dividend Option;;INF789F01BD0;2091.9969;2091.9969;0;07-Jul-2015
100725;UTI MMF- Discontinued - Regular Plan - Periodic Dividend Option;INF789F01BE8;;1989.1713;1989.1713;0;07-Jul-2015
100723;UTI MMF-Discontinued - Regular Plan -Growth;INF789F01BF5;;3876.9844;3876.9844;0;07-Jul-2015
120772;UTI Money Market Fund - Direct Plan - Daily IDCW (Reinvestment);;INF789F01XU8;1003.3854;1003.3854;1003.3854;07-Jul-2015
133387;UTI Money Market Fund - Direct Plan - Monthly IDCW;INF789FA1M46;INF789FA1M53;1047.1221;1047.1221;1047.1221;07-Jul-2015
120793;UTI Money Market Fund - Direct Plan - Weekly IDCW;INF789F01XW4;INF789F01XX2;1015.8643;1015.8643;1015.8643;07-Jul-2015
134972;UTI Money Market Fund - Regular Plan - Annual IDCW;INF789FA1L88;INF789FA1L96;1001.521;1001.521;0;07-Jul-2015
112076;UTI Money Market Fund - Regular Plan - Daily IDCW (Reinvestment);;INF789F01PW0;1003.3854;1003.3854;1003.3854;07-Jul-2015
133484;UTI Money Market Fund - Regular Plan - Monthly IDCW;INF789FA1L21;INF789FA1L39;1026.6172;1026.6172;1026.6172;07-Jul-2015
112635;UTI Money Market Fund - Regular Plan - Weekly IDCW;INF789F01PY6;INF789F01PZ3;1015.8468;1015.8468;1015.8468;07-Jul-2015

Open Ended Schemes ( Debt Scheme - Short Duration Fund )


Aditya Birla Sun Life Mutual Fund
119496;Aditya Birla Sun Life Short Term Fund - DIRECT - IDCW;INF209KA1KQ6;INF209K01XL6;15.0542;14.8284;15.0542;07-Jul-2015
119498;Aditya Birla Sun Life Short Term Fund - Growth - Direct Plan;INF209K01XK8;;23.5469;23.1937;23.5469;07-Jul-2015
101844;Aditya Birla Sun Life Short Term Fund - Growth - Regular Plan;INF209K01942;;23.2625;22.9136;23.2625;07-Jul-2015
101843;Aditya Birla Sun Life Short Term Fund - REGULAR - IDCW;INF209K01975;INF209K01DK0;14.8775;14.6543;14.8775;07-Jul-2015
112356;Aditya Birla Sun Life Short Term Fund - REGULAR - Quarterly IDCW;INF209K01BU3;;10.4586;10.3017;10.4586;07-Jul-2015
109213;Aditya Birla Sun Life Short Term Fund-Institutional Growth Plan;INF209K01967;;17.1132;16.8565;17.1132;07-Jul-2015
119497;Aditya Birla Sun Life Short Term Fund-Quarterly-IDCW-Direct;INF209K01R96;INF209KA1KR4;10.6142;10.4550;10.6142;07-Jul-2015

Axis Mutual Fund
120510;Axis Short Duration Fund - Direct Plan - Growth Option;INF846K01EI1;;15.7122;15.6729;15.7122;07-Jul-2015
120511;Axis Short Duration Fund - Direct Plan - Monthly IDCW;INF846K01EJ9;INF846K01EK7;10.2317;10.2061;10.2317;07-Jul-2015
120512;Axis Short Duration Fund - Direct Plan - Weekly IDCW;INF846K01EL5;INF846K01EM3;10.2471;10.2215;10.2471;07-Jul-2015
128950;Axis Short Duration Fund - Regular Plan - Bonus Option;INF846K01NS1;;15.3876;15.3491;15.3876;07-Jul-2015
112354;Axis Short Duration Fund - Regular Plan - Growth Option;INF846K01644;;15.3849;15.3464;15.3849;07-Jul-2015
112355;Axis Short Duration Fund - Regular Plan - Monthly IDCW;INF846K01651;INF846K01669;10.1805;10.1550;10.1805;07-Jul-2015
133895;Axis Short Duration Fund - Regular Plan - Regular IDCW;INF846K01RJ1;INF846K01RK9;10.2922;10.2665;10.2922;07-Jul-2015
112369;Axis Short Duration Fund - Regular Plan - Weekly IDCW;INF846K01677;INF846K01685;10.1460;10.1206;10.1460;07-Jul-2015
112721;Axis Short Duration Fund - Retail Plan - Growth Option;INF846K01594;;15.2114;15.1734;15.2114;07-Jul-2015
112723;Axis Short Duration Fund - Retail Plan - Monthly IDCW;INF846K01602;INF846K01610;10.0571;10.0320;10.0571;07-Jul-2015
112722;Axis Short Duration Fund - Retail Plan - Weekly IDCW;INF846K01628;INF846K01636;10.1526;10.1272;10.1526;07-Jul-2015

Bandhan Mutual Fund
108713;BANDHAN Bond Fund - Short Term - Regular Plan - Fortnightly IDCW;INF194K01HK5;INF194K01HJ7;10.3614;10.3614;10.3614;07-Jul-2015
131383;BANDHAN Bond Fund - Short Term - Regular Plan - Periodic IDCW;INF194KA1SO1;INF194KA1SP8;10.7902;10.7902;10.7902;07-Jul-2015
108716;BANDHAN Bond Fund - Short Term Plan - Plan B - Fortnightly Dividend;INF194K01HR0;INF194K01HQ2;12.4948;12.4948;12.4948;07-Jul-2015
108714;BANDHAN Bond Fund - Short Term Plan - Plan C  - Fortnightly Dividend;INF194K01HV2;INF194K01HU4;11.2704;11.2704;11.2704;07-Jul-2015
108717;BANDHAN Bond Fund - Short Term Plan - Plan C  - Growth;INF194K01HT6;;16.3955;16.3955;16.3955;07-Jul-2015
108718;BANDHAN Bond Fund - Short Term Plan - Plan C  - Monthly Dividend;INF194K01HY6;INF194K01HX8;12.9235;12.9235;12.9235;07-Jul-2015
108719;BANDHAN Bond Fund - Short Term Plan - Plan D - Growth;INF194K01IA4;;19.2966;19.2966;19.2966;07-Jul-2015
108720;BANDHAN Bond Fund - Short Term Plan - Plan D - Monthly Dividend;INF194K01IF3;INF194K01IE6;15.4203;15.4203;15.4203;07-Jul-2015
108715;BANDHAN Bond Fund - Short Term Plan - Plan D- Fortnightly Dividend;INF194K01IC0;INF194K01IB2;12.0886;12.0886;12.0886;07-Jul-2015
118405;BANDHAN Bond Fund - Short Term-Direct Plan-Fortnightly IDCW;INF194K01U56;INF194K01U49;10.2874;10.2874;10.2874;07-Jul-2015
118407;BANDHAN Bond Fund - Short Term-Direct Plan-Growth;INF194K01U07;;29.6268;29.6268;29.6268;07-Jul-2015
118406;BANDHAN Bond Fund - Short Term-Direct Plan-Monthly IDCW;INF194K01U23;INF194K01U15;10.4071;10.4071;10.4071;07-Jul-2015
131382;BANDHAN Bond Fund - Short Term-Direct Plan-Periodic IDCW;INF194KA1SR4;INF194KA1SS2;10.0303;10.0303;10.0303;07-Jul-2015

Bank of India Mutual Fund
119382;BANK OF INDIA Short Term Income Fund-Direct Plan- Growth;INF761K01736;;15.6866;15.6082;15.6866;07-Jul-2015
119383;BANK OF INDIA Short Term Income Fund-Direct Plan- Monthly IDCW;INF761K01751;INF761K01744;10.1338;10.0831;10.1338;07-Jul-2015
111585;BANK OF INDIA Short Term Income Fund-Regular Plan- Growth;INF761K01579;;15.3202;15.2436;15.3202;07-Jul-2015
111589;BANK OF INDIA Short Term Income Fund-Regular Plan- Monthly IDCW;INF761K01595;INF761K01587;10.5305;10.4778;10.5305;07-Jul-2015
111590;BANK OF INDIA Short Term Income Fund-Regular Plan- Quarterly IDCW;INF761K01611;INF761K01603;10.0879;10.0375;10.0879;07-Jul-2015

Baroda BNP Paribas Mutual Fund
119400;Baroda BNP Paribas Short Duration Fund - Direct Plan - Growth Option;INF955L01BD5;;15.0178;15.0028;15.0178;07-Jul-2015
119399;Baroda BNP Paribas Short Duration Fund - Direct Plan - Monthly IDCW Option;INF955L01BB9;;10.0452;10.0352;10.0452;07-Jul-2015
113036;Baroda BNP Paribas Short Duration Fund - Regular Plan - Growth Option;INF955L01153;;14.8329;14.8181;14.8329;07-Jul-2015
113037;Baroda BNP Paribas Short Duration Fund - Regular Plan - Monthly IDCW Option;INF955L01138;INF955L01146;10.0449;10.0349;10.0449;07-Jul-2015

BNP Paribas Mutual Fund
120135;BNP Paribas Short Term Fund - Direct Plan - Daily Income Distribution cum Capital Withdrawal Option;;INF251K01GD0;10.0000;10.0000;10.0000;07-Jul-2015
120131;BNP Paribas Short Term Fund - Direct Plan - Growth Option;INF251K01GC2;;16.4489;16.4489;16.4489;07-Jul-2015
120132;BNP Paribas Short Term Fund - Direct Plan - Monthly Income Distribution cum Capital Withdrawal Option;INF251K01GF5;INF251K01GG3;10.0423;10.0423;10.0423;07-Jul-2015
120133;BNP Paribas Short Term Fund - Direct Plan - Quarterly Income Distribution cum Capital Withdrawal Option;INF251K01GH1;INF251K01GI9;10.0925;10.0925;10.0925;07-Jul-2015
120134;BNP Paribas Short Term Fund - Direct Plan - Weekly Income Distribution cum Capital Withdrawal Option;;INF251K01GE8;10.0000;10.0000;10.0000;07-Jul-2015
117956;BNP PARIBAS SHORT TERM FUND DAILY Income Distribution cum Capital Withdrawal OPTION;;INF251K01CY5;10.0315;10.0315;10.0315;07-Jul-2015
117953;BNP PARIBAS SHORT TERM FUND GROWTH OPTION;INF251K01CX7;;16.2339;16.2339;16.2339;07-Jul-2015
117955;BNP PARIBAS SHORT TERM FUND MONTHLY Income Distribution cum Capital Withdrawal OPTION;INF251K01DA3;INF251K01DB1;10.0403;10.0403;10.0403;07-Jul-2015
117952;BNP PARIBAS SHORT TERM FUND QUARTERLY Income Distribution cum Capital Withdrawal OPTION;INF251K01DC9;INF251K01DD7;10.0721;10.0721;10.0721;07-Jul-2015
117954;BNP PARIBAS SHORT TERM FUND WEEKLY Income Distribution cum Capital Withdrawal OPTION;;INF251K01CZ2;10.0588;10.0588;10.0588;07-Jul-2015
113547;BNP PARIBAS Short Term Fund-Regular Plan-Growth Option;INF251K01CR9;;21.7277;21.7277;21.7277;07-Jul-2015
113548;BNP PARIBAS Short Term Fund-Regular Plan-Monthly Income Distribution cum Capital Withdrawal Option;INF251K01CT5;INF251K01CU3;10.0414;10.0414;10.0414;07-Jul-2015
113557;BNP PARIBAS Short Term Fund-Regular Plan-Quarterly Income Distribution cum Capital Withdrawal Option;INF251K01CV1;INF251K01CW9;10.0746;10.0746;10.0746;07-Jul-2015
113549;BNP PARIBAS Short Term Fund-Regular Plan-Weekly Income Distribution cum Capital Withdrawal Option;;INF251K01CS7;10.0414;10.0414;10.0414;07-Jul-2015

Canara Robeco Mutual Fund
118320;CANARA ROBECO SHORT DURATION FUND - DIRECT PLAN - GROWTH OPTION;INF760K01DX5;;13.7169;13.7169;13.7169;07-Jul-2015
118321;CANARA ROBECO SHORT DURATION FUND - DIRECT PLAN - MONTHLY IDCW (Payout/Reinvestment);INF760K01DV9;INF760K01DW7;13.7172;13.7172;13.7172;07-Jul-2015
118322;CANARA ROBECO SHORT DURATION FUND - DIRECT PLAN - QUARTERLY IDCW (Payout/Reinvestment);INF760K01DY3;INF760K01DZ0;13.7182;13.7182;13.7182;07-Jul-2015
115077;CANARA ROBECO SHORT DURATION FUND - REGULAR PLAN - GROWTH OPTION;INF760K01BM2;;13.4339;13.4339;13.4339;07-Jul-2015
115078;CANARA ROBECO SHORT DURATION FUND - REGULAR PLAN - MONTHLY IDCW (Payout/Reinvestment);INF760K01BO8;INF760K01BN0;13.4340;13.4340;13.4340;07-Jul-2015
115079;CANARA ROBECO SHORT DURATION FUND - REGULAR PLAN - QUARTERLY IDCW (Payout/Reinvestment);INF760K01BQ3;INF760K01BP5;13.4339;13.4339;13.4339;07-Jul-2015

DSP Mutual Fund
119226;DSP Short Term Fund - Direct Plan - Growth;INF740K01NJ5;;24.6434;24.5818;24.6434;07-Jul-2015
119222;DSP Short Term Fund - Direct Plan - IDCW;INF740K01NK3;INF740K01NN7;11.4756;11.4469;11.4756;07-Jul-2015
119224;DSP Short Term Fund - Direct Plan - IDCW - Monthly;INF740K01NL1;INF740K01NM9;11.2031;11.1751;11.2031;07-Jul-2015
119223;DSP Short Term Fund - Direct Plan - IDCW - Weekly;INF740KA1PD9;INF740KA1PE7;10.1990;10.1735;10.1990;07-Jul-2015
101306;DSP Short Term Fund - IDCW - Monthly;INF740K01664;INF740K01AG8;11.1779;11.1500;11.1779;07-Jul-2015
101304;DSP Short Term Fund - Regular Plan - Growth;INF740K01656;;24.3121;24.2513;24.3121;07-Jul-2015
101305;DSP Short Term Fund - Regular Plan - IDCW;INF740K01649;INF740K01AF0;11.6074;11.5784;11.6074;07-Jul-2015
101303;DSP Short Term Fund - Regular Plan - Regular Plan - IDCW - Weekly;INF740KA1PF4;;10.1980;10.1725;10.1980;07-Jul-2015

Franklin Templeton Mutual Fund
118567;Franklin India Short Term Income Plan -  Retail Plan - Direct - Monthly - IDCW;INF090I01GN5;INF090I01GO3;1236.5620;1230.3792;1236.5620;07-Jul-2015
118566;Franklin India Short Term Income Plan -  Retail Plan - Direct - Quarterly - IDCW;INF090I01GL9;INF090I01GM7;1269.4055;1263.0585;1269.4055;07-Jul-2015
118568;Franklin India Short Term Income Plan -  Retail Plan - Direct - Weekly - IDCW;INF090I01GP0;;1117.1061;1111.5206;1117.1061;07-Jul-2015
101236;Franklin India Short Term Income Plan -  Retail Plan - Monthly - IDCW;INF090I01338;INF090I01346;1211.2421;1205.1859;1211.2421;07-Jul-2015
101238;Franklin India Short Term Income Plan -  Retail Plan - Quarterly - IDCW;INF090I01312;INF090I01320;1242.7492;1236.5355;1242.7492;07-Jul-2015
101242;Franklin India Short Term Income Plan -  Retail Plan - Weekly - IDCW;INF090I01353;;1115.2954;1109.7189;1115.2954;07-Jul-2015
118565;Franklin India SHORT TERM INCOME PLAN - Direct - GROWTH;INF090I01GK1;;2996.4195;2981.4374;2996.4195;07-Jul-2015
101232;Franklin India Short-Term Income Plan-Growth;INF090I01304;;2934.4547;2919.7824;2934.4547;07-Jul-2015
101244;Franklin India Short-Term Income Plan-Institutional Plan - Growth;INF090I01361;;2388.2078;2376.2668;2388.2078;07-Jul-2015
101246;Franklin India Short-Term Income Plan-Institutional Plan - Monthly Dividend;INF090I01387;INF090I01395;1277.5763;1271.1884;1277.5763;07-Jul-2015

Groww Mutual Fund
123708;Groww Short Duration Fund (formerly known as Indiabulls Short Term Fund )- Regular Plan - Growth Option;INF666M01AJ5;;1169.1134;1157.4223;1169.1134;07-Jul-2015
123704;Groww Short Duration Fund (formerly known as Indiabulls Short Term Fund) - Direct Plan - Growth Option;INF666M01AC0;;1195.6669;1183.7102;1195.6669;07-Jul-2015
123707;Groww Short Duration Fund (formerly known as Indiabulls Short Term Fund)- Direct Plan- Monthly - Income Distribution cum capital withdrawal Option (Payout & Reinvestment);INF666M01AI7;INF666M01AF3;1013.2313;1003.099;1013.2313;07-Jul-2015
123711;Groww Short Duration Fund (formerly known as Indiabulls Short Term Fund)- Regular Plan- Monthly - Income Distribution cum capital withdrawal Option (Payout & Reinvestment);INF666M01AP2;INF666M01AM9;1012.8609;1002.7323;1012.8609;07-Jul-2015
123709;Groww Short Duration Fund (formerly known as Indiabulls Short Term Fund)- Regular Plan- Weekly - Income Distribution cum capital withdrawal Option (Payout & Reinvestment);INF666M01AN7;INF666M01AK3;1012.3146;1002.1915;1012.3146;07-Jul-2015

HDFC Mutual Fund
119015;HDFC Short Term  Debt Fund - Fortnightly IDCW - Direct Plan;;;10.2001;10.1746;10.2001;07-Jul-2015
113048;HDFC Short Term  Debt Fund - Fortnightly IDCW Option;INF179K01CV4;INF179K01CW2;10.1399;10.1146;10.1399;07-Jul-2015
113047;HDFC Short Term  Debt Fund - Growth Option;INF179K01CU6;;15.5782;15.5393;15.5782;07-Jul-2015
119016;HDFC Short Term  Debt Fund - Growth Option - Direct Plan;INF179K01YM7;;15.6303;15.5912;15.6303;07-Jul-2015
133367;HDFC Short Term  Debt Fund - Normal IDCW - Direct Plan;INF179KA1Q53;;10.4490;10.4229;10.4490;07-Jul-2015
133368;HDFC Short Term  Debt Fund - Normal IDCW Option;INF179KA1Q79;;10.4742;10.4480;10.4742;07-Jul-2015

HSBC Mutual Fund
108363;HSBC Income Fund - Short Term - Inst. Plus - Growth;INF336L01925;;13.811;13.811;13.811;07-Jul-2015
108254;HSBC Income Fund Short Term Instl Plus Weekly IDCW;;INF336L01958;10.2166;10.2166;10.2166;07-Jul-2015
101598;HSBC Income Fund-Short Term-Institutional-IDCW;INF336L01974;INF336L01AB4;11.9497;11.9497;11.9497;07-Jul-2015
104429;HSBC Short Duration Fund - Closed (Direct - Monthly IDCW);;INF336L01982;10.2231;10.2231;10.2231;07-Jul-2015
101600;HSBC Short Duration Fund - Closed (Monthly IDCW);INF336L01990;INF336L01AA6;11.1124;11.1124;11.1124;07-Jul-2015
120062;HSBC Short Duration Fund - Direct Growth;INF336L01DL7;;24.0333;24.0333;24.0333;07-Jul-2015
120061;HSBC Short Duration Fund - Direct Monthly IDCW;;INF336L01DN3;10.251;10.251;10.251;07-Jul-2015
120060;HSBC Short Duration Fund - Direct Monthly IDCW (Closed);INF336L01DM5;INF336L01EQ4;11.1587;11.1587;11.1587;07-Jul-2015
104430;HSBC Short Duration Fund - Institutional-Weekly IDCW;;INF336L01AC2;13.3082;13.3082;13.3082;07-Jul-2015
101599;HSBC Short Duration Fund - Regular Growth;INF336L01917;;23.5406;23.5406;23.5406;07-Jul-2015

ICICI Prudential Mutual Fund
122674;ICICI Prudential Short Term Fund - Bonus;INF109KA1376;;29.0736;28.9282;29.0736;07-Jul-2015
122909;ICICI Prudential Short Term Fund - Direct Plan - Bonus;INF109KA1368;;29.4874;29.3400;29.4874;07-Jul-2015
120754;ICICI Prudential Short Term Fund - Direct Plan - Growth Option;INF109K013N3;;29.4874;29.3400;29.4874;07-Jul-2015
131478;ICICI Prudential Short Term Fund - Direct Plan - Half Yearly IDCW;INF109KA1X36;INF109KA1X28;10.7568;10.7030;10.7568;07-Jul-2015
120755;ICICI Prudential Short Term Fund - Direct Plan - Monthly IDCW;INF109K014N1;INF109K015N8;12.2485;12.1873;12.2485;07-Jul-2015
120753;ICICI Prudential Short Term Fund - Direct Plan - Reinvestment of IDCW Fortnightly;INF109K012N5;;12.2741;12.2127;12.2741;07-Jul-2015
101758;ICICI Prudential Short Term Fund - Growth Option;INF109K01654;;29.0736;28.9282;29.0736;07-Jul-2015
131479;ICICI Prudential Short Term Fund - Half Yearly IDCW;INF109KA1X10;INF109KA1X02;10.3901;10.3381;10.3901;07-Jul-2015
101759;ICICI Prudential Short Term Fund - Reinvestment of IDCW Fortnightly;INF109KB12M9;INF109K01662;12.0751;12.0147;12.0751;07-Jul-2015
101165;ICICI Prudential Short Term Fund - Monthly IDCW;INF109K01WL0;INF109K01647;12.0616;12.0013;12.0616;07-Jul-2015
101229;ICICI Prudential Short Term Fund - Institutional Plan - Dividend Monthly;INF109K01WK2;INF109K01670;12.5989;12.5359;12.5989;07-Jul-2015
101231;ICICI Prudential Short Term Fund-Institutional Growth;INF109K01696;;30.0649;29.9146;30.0649;07-Jul-2015
101230;ICICI Prudential Short Term Fund-Institutional Plan-Dividend Fortnightly;INF109K01688;;12.5586;12.4958;12.5586;07-Jul-2015

IDBI Mutual Fund
115005;IDBI Short Term Bond Fund Growth;INF397L01463;;14.4079;14.4079;14.4079;07-Jul-2015
118349;IDBI Short Term Bond Fund Growth Direct;INF397L01BG3;;14.6589;14.6589;14.6589;07-Jul-2015
114999;IDBI Short Term Bond Fund Monthly IDCW;INF397L01406;INF397L01414;10.7072;10.7072;10.7072;07-Jul-2015
118457;IDBI Short Term Bond Fund Monthly IDCW Direct;INF397L01BH1;INF397L01BI9;11.9804;11.9804;11.9804;07-Jul-2015
115000;IDBI Short Term Bond Fund Weekly IDCW;INF397L01430;INF397L01448;10.5733;10.5733;10.5733;07-Jul-2015
118458;IDBI Short Term Bond Fund Weekly IDCW Direct;INF397L01BK5;INF397L01BL3;10.8272;10.8272;10.8272;07-Jul-2015

Invesco Mutual Fund
117973;Invesco India Short Duration Fund - Daily IDCW (Reinvestment);;INF205K01UD7;1010.8191;1008.2921;1010.8191;07-Jul-2015
120559;Invesco India Short Duration Fund - Direct Plan - Daily IDCW (Reinvestment);;INF205K01UE5;1011.2776;1008.7494;1011.2776;07-Jul-2015
120560;Invesco India Short Duration Fund - Direct Plan - Growth;INF205K01UH8;;1933.4046;1928.5711;1933.4046;07-Jul-2015
120561;Invesco India Short Duration Fund - Direct Plan - Monthly IDCW (Payout / Reinvestment);INF205K01UI6;INF205K01UJ4;1852.6428;1848.0112;1852.6428;07-Jul-2015
120563;Invesco India Short Duration Fund - Direct Plan -Discretionary IDCW (Payout / Reinvestment);INF205K01UF2;INF205K01UG0;1364.2097;1360.7992;1364.2097;07-Jul-2015
120562;Invesco India Short Duration Fund - Direct Plan -Weekly IDCW (Reinvestment);;INF205K01UK2;1019.3016;1016.7533;1019.3016;07-Jul-2015
105185;Invesco India Short Duration Fund - Growth;INF205K01UN6;;1885.6607;1880.9465;1885.6607;07-Jul-2015
105191;Invesco India Short Duration Fund - Monthly IDCW (Payout / Reinvestment);INF205K01UO4;INF205K01UP1;1052.2646;1049.6339;1052.2646;07-Jul-2015
105189;Invesco India Short Duration Fund - Plan B - Growth;INF205K01UR7;;1878.8061;1874.1091;1878.8061;07-Jul-2015
105187;Invesco India Short Duration Fund - Plan B - Monthly IDCW (Payout / Reinvestment);INF205K01US5;INF205K01UT3;1249.7524;1246.6280;1249.7524;07-Jul-2015
105192;Invesco India Short Duration Fund - Plan B - Weekly IDCW (Reinvestment);;INF205K01UU1;1015.7818;1013.2423;1015.7818;07-Jul-2015
105190;Invesco India Short Duration Fund - Weekly IDCW (Reinvestment);;INF205K01UV9;1019.2724;1016.7242;1019.2724;07-Jul-2015
116110;Invesco India Short Duration Fund- Discretionary IDCW (Payout / Reinvestment);INF205K01UL0;INF205K01UM8;1224.4741;1221.4129;1224.4741;07-Jul-2015
105186;Invesco India Short Term Fund- Plan B - Daily Dividend;;INF205K01UQ9;1031.8000;1029.2205;1031.8000;07-Jul-2015
122797;Religare Invesco Short Term Fund - Direct Plan - Bonus Option;INF205K01VJ2;;1933.1304;1928.2976;1933.1304;07-Jul-2015

JM Financial Mutual Fund
120469;JM Short Term Fund (Direct) - Daily Dividend Option;;INF192K01DZ6;10.8665;10.8665;10.8665;07-Jul-2015
120470;JM Short Term Fund (Direct) - Dividend Option;INF192K01DX1;INF192K01DY9;10.6158;10.6158;10.6158;07-Jul-2015
120471;JM Short Term Fund (Direct) - Growth Option;INF192K01EA7;;20.1442;20.1442;20.1442;07-Jul-2015
115103;JM Short Term Fund - Daily Dividend Option;;INF192K01BD7;10.6588;10.6588;10.6588;07-Jul-2015
101524;JM Short Term Fund - Dividend Option;INF192K01BE5;INF192K01BF2;10.5773;10.5773;10.5773;07-Jul-2015
101521;JM Short Term Fund - Growth Option;INF192K01BG0;;20.0280;20.0280;20.0280;07-Jul-2015
115090;JM Short Term Fund - Regular Plan - Daily Dividend Option;;INF192K01AZ2;10.5873;10.5873;10.5873;07-Jul-2015
101519;JM Short Term Fund - Regular Plan - Dividend Option;INF192K01BA3;INF192K01BB1;11.6384;11.6384;11.6384;07-Jul-2015
101520;JM Short Term Fund - Regular Plan - Growth Option;INF192K01BC9;;27.4096;27.4096;27.4096;07-Jul-2015

Kotak Mahindra Mutual Fund
101373;Kotak Bond Short Term Plan-(Growth);INF174K01ES7;;26.6235;26.4904;26.6235;07-Jul-2015
119739;Kotak Bond Short Term Plan-(Growth) - Direct;INF174K01JI7;;26.9614;26.8266;26.9614;07-Jul-2015
125253;Kotak Bond Short Term Plan-(Half Yearly Payout of Income Distribution cum capital withdrawal option);INF174K01YP1;INF174K01YQ9;11.3363;11.2796;11.3363;07-Jul-2015
125254;Kotak Bond Short Term Plan-(Half Yearly Payout of Income Distribution cum capital withdrawal option) - Direct;INF174K01YR7;INF174K01YS5;10.685;10.6316;10.685;07-Jul-2015
101372;Kotak Bond Short Term Plan-(Payout of Income Distribution cum capital withdrawal option);INF174K01EU3;INF174K01ET5;10.191;10.14;10.191;07-Jul-2015
119738;Kotak Bond Short Term Plan-(Payout of Income Distribution cum capital withdrawal option) - Direct;INF174K01JJ5;;10.2917;10.2402;10.2917;07-Jul-2015

L&T Mutual Fund
134419;L&T Short Term Bond Fund - Direct Plan - Annual IDCW;INF917K01VR5;INF917K01VQ7;10.2200;10.1689;10.2200;07-Jul-2015
119858;L&T Short Term Bond Fund - Direct Plan - Quarterly IDCW;INF917K01IS0;INF917K01IR2;10.8951;10.8406;10.8951;07-Jul-2015
116296;L&T Short Term Bond Fund - Regular Plan - Bonus;INF917K01CM6;;13.6569;13.5886;13.6569;07-Jul-2015
116299;L&T Short Term Bond Fund - Regular Plan - Growth;INF917K01CL8;;13.6569;13.5886;13.6569;07-Jul-2015
116297;L&T Short Term Bond Fund - Regular Plan - Monthly IDCW;INF917K01CH6;INF917K01CI4;10.6051;10.5521;10.6051;07-Jul-2015
116298;L&T Short Term Bond Fund - Regular Plan - Quarterly IDCW;INF917K01CJ2;INF917K01CK0;10.7007;10.6472;10.7007;07-Jul-2015
119857;L&T Short Term Bond Fund -Direct Plan -  Monthly IDCW;INF917K01IP6;INF917K01IO9;10.7108;10.6572;10.7108;07-Jul-2015
119856;L&T Short Term Bond Fund -Direct Plan- Growth;INF917K01IQ4;;13.7874;13.7185;13.7874;07-Jul-2015

Navi Mutual Fund
128298;Essel Short Term Fund- Bonus;;INF959L01BS5;11.8879;11.8879;11.8879;07-Jul-2015
128297;Essel Short Term Fund- Direct - Bonus;;INF959L01BR7;16.1867;16.1867;16.1867;07-Jul-2015
119169;Essel Short Term Fund-Direct Plan-Dividend Option-Monthly Dividend;INF959L01791;INF959L01809;11.0492;11.0492;11.0492;07-Jul-2015
119170;Essel Short Term Fund-Direct Plan-Dividend Option-Quarterly Dividend;INF959L01817;INF959L01825;11.0901;11.0901;11.0901;07-Jul-2015
119168;Essel Short Term Fund-Direct Plan-Growth Option;INF959L01783;;16.1881;16.1881;16.1881;07-Jul-2015
113173;Essel Short Term Fund-Dividend Option-Monthly Dividend;INF959L01148;INF959L01155;10.8594;10.8594;10.8594;07-Jul-2015
113211;Essel Short Term Fund-Dividend Option-Quarterly Dividend;INF959L01163;INF959L01171;10.8551;10.8551;10.8551;07-Jul-2015
113172;Essel Short Term Fund-Growth;INF959L01189;;15.8608;15.8608;15.8608;07-Jul-2015

Nippon India Mutual Fund
125269;NIPPON INDIA SHORT DURATION FUND - Direct Plan - IDCW Option;INF204KA1ES0;INF204KA1ET8;10.9940;10.9665;10.9940;07-Jul-2015
118797;NIPPON INDIA SHORT DURATION FUND - Direct Plan - MONTHLY IDCW Option;INF204K01B40;;11.0146;10.9871;11.0146;07-Jul-2015
118800;NIPPON INDIA SHORT DURATION FUND - Direct Plan - QUARTERLY IDCW OPTION;INF204K01B65;INF204K01B73;14.1661;14.1307;14.1661;07-Jul-2015
118796;Nippon India Short Duration Fund - Direct Plan Growth Plan - Growth Option;INF204K01B32;;27.0520;26.9844;27.0520;07-Jul-2015
125268;NIPPON INDIA SHORT DURATION FUND - IDCW Option;INF204KA1EQ4;INF204KA1ER2;10.8421;10.8150;10.8421;07-Jul-2015
101667;NIPPON INDIA SHORT DURATION FUND - MONTHLY IDCW Option;INF204K01FM2;INF204K01FN0;10.9238;10.8965;10.9238;07-Jul-2015
101669;NIPPON INDIA SHORT TERM FUND - QUARTERLY IDCW OPTION;INF204K01FO8;INF204K01FP5;14.0155;13.9805;14.0155;07-Jul-2015
101665;Nippon India Short Term Fund-Growth Plan;INF204K01FL4;;26.6572;26.5906;26.6572;07-Jul-2015

Principal Mutual Fund
119463;Principal Short Term Debt Fund - Direct Plan - Income Distribution CUM Capital Withdrawal Plan - Monthly;INF173K01GQ8;INF173K01GR6;12.8932;12.8287;12.8932;07-Jul-2015
101466;Principal Short Term Debt Fund - Income Distribution CUM Capital Withdrawal Option - Monthly;INF173K01BB1;INF173K01BC9;12.8574;12.7931;12.8574;07-Jul-2015
119462;Principal Short Term Debt Fund- Direct Plan - Growth Option;INF173K01GP0;;25.2938;25.1673;25.2938;07-Jul-2015
101465;Principal Short Term Debt Fund- Growth Plan;INF173K01BA3;;24.8621;24.7378;24.8621;07-Jul-2015

SBI Mutual Fund
106230;SBI Short Horizon Debt Fund - Short Term Fund - Retail Dividend - Fortnightly Income Distribution cum Capital Withdrawal Option (IDCW);INF200K01IA9;INF200K01IB7;10.9752;10.9478;10.9752;07-Jul-2015
106229;SBI Short Horizon Debt Fund - Short Term Fund - Retail Dividend - Monthly Income Distribution cum Capital Withdrawal Option (IDCW);INF200K01IC5;INF200K01ID3;11.0128;10.9853;11.0128;07-Jul-2015
106228;SBI Short Horizon Debt Fund - Short Term Fund - Retail Dividend - Weekly Income Distribution cum Capital Withdrawal Option (IDCW);INF200K01IE1;INF200K01IF8;10.9588;10.9314;10.9588;07-Jul-2015
106227;SBI SHORT HORIZON DEBT FUND-SHORT TERM FUND - RETAIL - GROWTH;INF200K01IG6;;18.4575;18.4114;18.4575;07-Jul-2015
119813;SBI Short Term Debt Fund - Direct Plan - Monthly Income Distribution cum Capital Withdrawal Option (IDCW);INF200K01VF1;INF200K01VG9;11.7351;11.7058;11.7351;07-Jul-2015
119816;SBI SHORT TERM DEBT FUND - DIRECT PLAN -GROWTH;INF200K01VE4;;16.4514;16.4103;16.4514;07-Jul-2015
119815;SBI Short Term Debt Fund - Direct Plan Fortnightly Income Distribution cum Capital Withdrawal Option (IDCW);INF200K01VC8;INF200K01VD6;11.1045;11.0767;11.1045;07-Jul-2015
119817;SBI Short Term Debt Fund - Direct Plan Weekly Income Distribution cum Capital Withdrawal Option (IDCW);INF200K01VH7;INF200K01VI5;10.5538;10.5274;10.5538;07-Jul-2015
106233;SBI Short Term Debt Fund - Regular Plan - Monthly Income Distribution cum Capital Withdrawal Option (IDCW);INF200K01HV7;INF200K01HW5;11.5785;11.5496;11.5785;07-Jul-2015
106231;SBI SHORT TERM DEBT FUND - REGULAR PLAN -GROWTH;INF200K01HZ8;;16.3151;16.2743;16.3151;07-Jul-2015
106234;SBI Short Term Debt Fund - Regular Plan Fortnightly Income Distribution cum Capital Withdrawal Option (IDCW);INF200K01HT1;INF200K01HU9;10.1952;10.1697;10.1952;07-Jul-2015
106232;SBI Short Term Debt Fund - Regular Plan Weekly Income Distribution cum Capital Withdrawal Option (IDCW);INF200K01HX3;INF200K01HY1;10.5513;10.5249;10.5513;07-Jul-2015

Sundaram Mutual Fund
119665;Sundaram Short Term Debt Fund Direct Plan - Fortnightly Income Distribution cum Capital Withdrawal (IDCW);INF903J01QP1;INF903J01QQ9;12.6058;12.6058;12.6058;07-Jul-2015
119664;Sundaram Short Term Debt Fund Direct Plan - Growth;INF903J01QR7;;25.0135;25.0135;25.0135;07-Jul-2015
119666;Sundaram Short Term Debt Fund Direct Plan - Income Distribution cum Capital Withdrawal (IDCW);INF903J01QT3;INF903J01QU1;12.3023;12.3023;12.3023;07-Jul-2015
119662;Sundaram Short Term Debt Fund Direct Plan - Weekly Income Distribution cum Capital Withdrawal (IDCW);INF903J01QW7;INF903J01QX5;13.3819;13.3819;13.3819;07-Jul-2015
119667;Sundaram Short Term Debt Fund Direct Plan -Growth;INF903J01RP9;;12.4485;12.4485;12.4485;07-Jul-2015
119669;Sundaram Short Term Debt Fund Direct Plan -Income Distribution cum Capital Withdrawal (IDCW);INF903J01QO4;;11.1799;11.1799;11.1799;07-Jul-2015
119663;Sundaram Short Term Debt Fund Direct Plan- Income Distribution cum Capital Withdrawal ( IDCW);INF903J01QV9;;11.2194;11.2194;11.2194;07-Jul-2015
119668;Sundaram Short Term Debt Fund Direct Plan-Income Distribution cum Capital Withdrawal (IDCW);INF903J01QS5;;11.3515;11.3515;11.3515;07-Jul-2015
101565;Sundaram Short Term Debt Fund Regular Plan - Fortnightly Income Distribution cum Capital Withdrawal (IDCW);INF903J01FI9;INF903J01FO7;12.5516;12.5516;12.5516;07-Jul-2015
101563;Sundaram Short Term Debt Fund Regular Plan - Growth;INF903J01FG3;;24.5792;24.5792;24.5792;07-Jul-2015
101566;Sundaram Short Term Debt Fund Regular Plan - Income Distribution cum Capital Withdrawal (IDCW);INF903J01FJ7;INF903J01FP4;12.1645;12.1645;12.1645;07-Jul-2015
101564;Sundaram Short Term Debt Fund Regular Plan - Weekly Income Distribution cum Capital Withdrawal (IDCW);INF903J01FH1;INF903J01FN9;13.2523;13.2523;13.2523;07-Jul-2015
118332;Sundaram Short Term Debt Fund Regular Plan -Growth;INF903J01MF1;;12.2738;12.2738;12.2738;07-Jul-2015
101560;Sundaram Short Term Debt Fund Regular Plan -Income Distribution cum Capital Withdrawal ( IDCW );INF903J01FK5;;11.2756;11.2756;11.2756;07-Jul-2015
101561;Sundaram Short Term Debt Fund Regular Plan- Income Distribution cum Capital Withdrawal (IDCW );INF903J01FL3;;11.2424;11.2424;11.2424;07-Jul-2015
101562;Sundaram Short Term Debt Fund Regular Plan- Income Distribution cum Capital Withdrawal (IDCW);INF903J01FM1;;11.1513;11.1513;11.1513;07-Jul-2015

Tata Mutual Fund
119949;Tata Short Term Bond Fund - Direct Plan - Growth Option;INF277K01QR4;;26.9739;26.8390;26.9739;07-Jul-2015
101548;Tata Short Term Bond Fund -Regular Plan- Growth Option;INF277K01972;;26.5709;26.4380;26.5709;07-Jul-2015
119950;Tata Short Term Bond Fund Direct Plan - Monthly Payout of IDCW Option;INF277K01QP8;INF277K01QQ6;13.9954;13.9254;13.9954;07-Jul-2015
133974;Tata Short Term Bond Fund- Direct Plan - Periodic Payout of IDCW Option;INF277K01P38;INF277K01P46;14.2974;14.2259;14.2974;07-Jul-2015
101547;Tata Short Term Bond Fund- Regular Plan - Monthly Payout of IDCW Option;INF277K01EI9;INF277K01964;13.8085;13.7395;13.8085;07-Jul-2015
133975;Tata Short Term Bond Fund- Regular Plan - Periodic Payout of IDCW Option;INF277K01P12;INF277K01P20;14.0769;14.0065;14.0769;07-Jul-2015

Taurus Mutual Fund
101113;Taurus Short Term Income Fund- Regular Plan - Dividend Option;INF044D01583;INF044D01591;1532.2946;1528.4639;1532.2946;07-Jul-2015
101114;Taurus Short Term Income Fund- Regular Plan - Growth Option;INF044D01617;;2509.1754;2502.9025;2509.1754;07-Jul-2015
118890;Taurus Short Term Income Fund-Direct Plan-Dividend Option;INF044D01CX1;INF044D01CY9;1532.5585;1528.7271;1532.5585;07-Jul-2015
118889;Taurus Short Term Income Fund-Direct Plan-Growth Option;INF044D01CW3;;2519.0399;2512.7423;2519.0399;07-Jul-2015
111438;Taurus Ultra Short Term Bond  Fund - Retail Weekly Dividend Option  #;;INF044D01658;1002.8542;1002.8542;1002.8542;07-Jul-2015
111441;Taurus Ultra Short Term Bond Fund - Institutional Daily Div;;INF044D01674;1002.0132;1002.0132;1002.0132;07-Jul-2015
111445;Taurus Ultra Short Term Bond Fund - Regular Plan - SI Daily Dividend Option;;INF044D01716;1002.0133;1002.0133;1002.0133;07-Jul-2015
111443;Taurus Ultra Short Term Bond Fund - Regular Plan - SI Growth Option;INF044D01708;;1722.6264;1722.6264;1722.6264;07-Jul-2015
111446;Taurus Ultra Short Term Bond Fund - Regular Plan - SI Weekly Dividend Option;;INF044D01724;1003.3032;1003.3032;1003.3032;07-Jul-2015
111435;Taurus Ultra Short Term Bond Fund - Retail Growth Option #;INF044D01625;;1660.6081;1660.6081;1660.6081;07-Jul-2015
111437;Taurus Ultra Short Term Bond Fund - Retails Daily Dividend Option #;;INF044D01633;1002.0134;1002.0134;1002.0134;07-Jul-2015
118895;Taurus Ultra Short Term Bond Fund-Direct Plan-SI Daily Dividend Option;;INF044D01DF6;1002.0133;1002.0133;1002.0133;07-Jul-2015
118894;Taurus Ultra Short Term Bond Fund-Direct Plan-SI Growth Option;INF044D01DH2;;1729.2172;1729.2172;1729.2172;07-Jul-2015
118896;Taurus Ultra Short Term Bond Fund-Direct Plan-SI Weekly Dividend Option;;INF044D01DG4;1003.3304;1003.3304;1003.3304;07-Jul-2015

Union Mutual Fund
117282;Union Short Term Fund - Daily Dividend Option;;INF582M01385;1001.7531;1001.7531;1001.7531;07-Jul-2015
119320;Union Short Term Fund - Direct Plan - Daily Dividend Option;;INF582M01849;1001.7531;1001.7531;1001.7531;07-Jul-2015
119322;Union Short Term Fund - Direct Plan - Fortnightly Dividend Option;INF582M01880;INF582M01864;1005.6025;1005.6025;1005.6025;07-Jul-2015
119318;Union Short Term Fund - Direct Plan - Growth Option;INF582M01831;;1328.8423;1328.8423;1328.8423;07-Jul-2015
119319;Union Short Term Fund - Direct Plan - Monthly Dividend Option;INF582M01898;INF582M01872;1006.0883;1006.0883;1006.0883;07-Jul-2015
119321;Union Short Term Fund - Direct Plan - Weekly Dividend Option;;INF582M01856;1004.2080;1004.2080;1004.2080;07-Jul-2015
117280;Union Short Term Fund - Fortnightly Dividend Option;INF582M01427;INF582M01401;1005.5686;1005.5686;1005.5686;07-Jul-2015
117281;Union Short Term Fund - Growth Option;INF582M01377;;1326.0249;1326.0249;1326.0249;07-Jul-2015
117283;Union Short Term Fund - Monthly Dividend Option;INF582M01435;INF582M01419;1040.0490;1040.0490;1040.0490;07-Jul-2015
117284;Union Short Term Fund - Weekly Dividend Option;;INF582M01393;1004.2048;1004.2048;1004.2048;07-Jul-2015

UTI Mutual Fund
124962;UTI Short Duration Fund - Direct Plan - Flexi IDCW;INF789FB1T70;INF789FB1T62;10.5575;10.5575;0;07-Jul-2015
120718;UTI Short Duration Fund - Direct Plan - Growth Option;INF789F01XY0;;17.2657;17.2657;17.2657;07-Jul-2015
131425;UTI Short Duration Fund - Direct Plan - Half Yearly Dividend Option;INF789FA1R17;INF789FA1R25;10.7984;10.7984;0;07-Jul-2015
131548;UTI Short Duration Fund - Direct Plan - Monthly IDCW;INF789F01XZ7;INF789F01YA8;10.5339;10.5339;0;07-Jul-2015
120719;UTI Short Duration Fund - Direct Plan - Quarterly IDCW;INF789FA1R66;INF789FA1R74;11.594;11.594;11.594;07-Jul-2015
106383;UTI Short Duration Fund - Discontinued Regular Option - Dividend Sub Option;INF789F01AH3;INF789F01AI1;14.2855;14.2855;14.2855;07-Jul-2015
106384;UTI Short Duration Fund - Discontinued Regular Option -Growth Sub Option;INF789F01AJ9;;24.9018;24.9018;24.9018;07-Jul-2015
134517;UTI Short Duration Fund - Regular Plan - Annual IDCW;INF789FA1Q91;INF789FA1R09;10.1725;10.1725;0;07-Jul-2015
125045;UTI Short Duration Fund - Regular Plan - Flexi IDCW;INF789FB1T54;INF789FB1T47;10.8068;10.8068;0;07-Jul-2015
106624;UTI Short Duration Fund - Regular Plan - Growth Option;INF789F01QA4;;17.0899;17.0899;17.0899;07-Jul-2015
131547;UTI Short Duration Fund - Regular Plan - Monthly IDCW;INF789F01QB2;INF789F01QC0;10.4115;10.4115;0;07-Jul-2015
106980;UTI Short Duration Fund - Regular Plan - Quarterly IDCW;INF789FC1GD5;INF789FA1R58;11.5487;11.5487;11.5487;07-Jul-2015

Open Ended Schemes ( Debt Scheme - Medium Duration Fund )


Aditya Birla Sun Life Mutual Fund
119540;Aditya Birla Sun Life Medium Term Plan - DIRECT - HALF YEARLY IDCW;INF209KA1KN3;;11.3205;11.0941;11.3205;07-Jul-2015
119538;Aditya Birla Sun Life Medium Term Plan - Direct - IDCW;INF209KA1KO1;;13.0923;12.8305;13.0923;07-Jul-2015
119541;Aditya Birla Sun Life Medium Term Plan - DIRECT - Quarterly IDCW;INF209KA1KP8;;10.4960;10.2861;10.4960;07-Jul-2015
119539;Aditya Birla Sun Life Medium Term Plan - Growth - Direct Plan;INF209K01XA9;;17.6668;17.3135;17.6668;07-Jul-2015
111803;Aditya Birla Sun Life Medium Term Plan - Growth - Regular Plan;INF209K01603;;17.4202;17.0718;17.4202;07-Jul-2015
111804;Aditya Birla Sun Life Medium Term Plan - Institutional - Growth Plan;INF209K01660;;16.9121;16.5739;16.9121;07-Jul-2015
111811;Aditya Birla Sun Life Medium Term Plan - REGULAR - HALFYEARLY IDCW;INF209K01595;INF209K01CZ0;11.0134;10.7931;11.0134;07-Jul-2015
111812;Aditya Birla Sun Life Medium Term Plan - Regular - IDCW;INF209K01611;INF209K01DA1;12.9131;12.6548;12.9131;07-Jul-2015
111809;Aditya Birla Sun Life Medium Term Plan - REGULAR - Quarterly IDCW;INF209K01637;INF209KB1OJ2;10.3944;10.1865;10.3944;07-Jul-2015

Axis Mutual Fund
120475;Axis Strategic Bond Fund - Direct Plan - Growth Option;INF846K01DT0;;13.6972;13.6972;13.6972;07-Jul-2015
120474;Axis Strategic Bond Fund - Direct Plan - Half Yearly IDCW;INF846K01DU8;INF846K01DV6;10.9973;10.9973;10.9973;07-Jul-2015
120476;Axis Strategic Bond Fund - Direct Plan - Quarterly IDCW;INF846K01DW4;INF846K01DX2;10.8210;10.8210;10.8210;07-Jul-2015
116894;Axis Strategic Bond Fund - Regular Plan - Growth Option;INF846K01BP2;;13.3858;13.3858;13.3858;07-Jul-2015
116896;Axis Strategic Bond Fund - Regular Plan - Half Yearly IDCW;INF846K01BR8;INF846K01BT4;10.9868;10.9868;10.9868;07-Jul-2015
116895;Axis Strategic Bond Fund - Regular Plan - Quarterly IDCW;INF846K01BQ0;INF846K01BS6;10.5470;10.5470;10.5470;07-Jul-2015

Bandhan Mutual Fund
108730;BANDHAN Bond Fund - Medium Term - Regular Plan - Bi-Monthly IDCW;INF194K01KF9;INF194K01KE2;11.1826;11.1826;11.1826;07-Jul-2015
108731;BANDHAN Bond Fund - Medium Term - Regular Plan - Daily IDCW;INF194K01JW6;INF194K01JV8;10.0950;10.0950;10.0950;07-Jul-2015
108729;BANDHAN Bond Fund - Medium Term - Regular Plan - Fortnightly IDCW;INF194K01KI3;INF194K01KH5;10.1884;10.1884;10.1884;07-Jul-2015
108728;BANDHAN Bond Fund - Medium Term - Regular Plan - Growth;INF194K01JU0;;23.9277;23.9277;23.9277;07-Jul-2015
113169;BANDHAN Bond Fund - Medium Term - Regular Plan - IDCW Quarterly;INF194K01JZ9;INF194K01JY2;10.5266;10.5266;10.5266;07-Jul-2015
108727;BANDHAN Bond Fund - Medium Term - Regular Plan - Monthly IDCW;INF194K01KC6;INF194K01KB8;10.2058;10.2058;10.2058;07-Jul-2015
118399;BANDHAN Bond Fund - Medium Term Plan-Direct Plan-Bi Monthly IDCW;INF194K01T59;INF194K01T42;11.4373;11.4373;11.4373;07-Jul-2015
118400;BANDHAN Bond Fund - Medium Term Plan-Direct Plan-Daily IDCW;;INF194K01S68;10.4240;10.4240;10.4240;07-Jul-2015
118404;BANDHAN Bond Fund - Medium Term Plan-Direct Plan-Fortnightly IDCW;INF194K01T83;INF194K01T75;10.2306;10.2306;10.2306;07-Jul-2015
118401;BANDHAN Bond Fund - Medium Term Plan-Direct Plan-Growth;INF194K01S50;;24.3803;24.3803;24.3803;07-Jul-2015
118402;BANDHAN Bond Fund - Medium Term Plan-Direct Plan-Monthly IDCW;INF194K01T26;INF194K01T18;10.4798;10.4798;10.4798;07-Jul-2015
131384;BANDHAN Bond Fund - Medium Term Plan-Direct Plan-Periodic IDCW;INF194KA1TD2;INF194KA1TE0;10.8770;10.8770;10.8770;07-Jul-2015
118403;BANDHAN Bond Fund - Medium Term Plan-Direct Plan-Quartely IDCW;INF194K01S92;INF194K01S84;10.5600;10.5600;10.5600;07-Jul-2015

BNP Paribas Mutual Fund
127320;BNP Paribas Medium Term Fund - Annual Income Distribution cum Capital Withdrawal Option;INF251K01LP4;INF251K01LZ3;10.5133;10.5133;10.5133;07-Jul-2015
127307;BNP Paribas Medium Term Fund - Calendar Quarterly Income Distribution cum Capital Withdrawal Option;INF251K01LQ2;INF251K01MA4;10.3922;10.3922;10.3922;07-Jul-2015
127315;BNP Paribas Medium Term Fund - Direct Plan - Annual Income Distribution cum Capital Withdrawal Option;INF251K01LY6;INF251K01MG1;10.0000;10.0000;10.0000;07-Jul-2015
127311;BNP Paribas Medium Term Fund - Direct Plan - Calendar Quarterly Income Distribution cum Capital Withdrawal Option;INF251K01LW0;INF251K01ME6;10.2007;10.2007;10.2007;07-Jul-2015
127305;BNP Paribas Medium Term Fund - Direct Plan - Growth Option;INF251K01LU4;;11.5304;11.5304;11.5304;07-Jul-2015
127313;BNP Paribas Medium Term Fund - Direct Plan - Half yearly Income Distribution cum Capital Withdrawal Option;INF251K01LX8;INF251K01MF3;10.0000;10.0000;10.0000;07-Jul-2015
127310;BNP Paribas Medium Term Fund - Direct Plan - Monthly Income Distribution cum Capital Withdrawal Option;INF251K01LV2;INF251K01MD8;10.0000;10.0000;10.0000;07-Jul-2015
127304;BNP Paribas Medium Term Fund - Growth Option;INF251K01LT6;;11.4000;11.4000;11.4000;07-Jul-2015
127319;BNP Paribas Medium Term Fund - Half Yearly Income Distribution cum Capital Withdrawal Option;INF251K01LR0;INF251K01MB2;10.4119;10.4119;10.4119;07-Jul-2015
127308;BNP Paribas Medium Term Fund - Monthly Income Distribution cum Capital Withdrawal Option;INF251K01LS8;INF251K01MC0;10.2008;10.2008;10.2008;07-Jul-2015

DSP Mutual Fund
118924;DSP Bond Fund - Direct Plan - Growth;INF740K01MZ3;;45.0694;44.6187;45.0694;07-Jul-2015
118922;DSP Bond Fund - Direct Plan - IDCW;INF740K01NB2;INF740K01ND8;10.6837;10.5769;10.6837;07-Jul-2015
118921;DSP Bond Fund - Direct Plan - IDCW - Monthly;INF740K01NA4;INF740K01NC0;10.9572;10.8476;10.9572;07-Jul-2015
100078;DSP Bond Fund - Growth;INF740K01557;;44.3117;43.8686;44.3117;07-Jul-2015
100077;DSP Bond Fund - IDCW;INF740K01565;INF740K01995;10.5810;10.4752;10.5810;07-Jul-2015
100079;DSP Bond Fund - IDCW - Monthly;INF740K01573;INF740K01AA1;10.8642;10.7556;10.8642;07-Jul-2015

Franklin Templeton Mutual Fund
118554;Franklin India Income Opportunities Fund - Direct - Growth;INF090I01JI9;;16.8016;16.2976;16.8016;07-Jul-2015
118555;Franklin India Income Opportunities Fund - Direct - IDCW ;INF090I01JG3;INF090I01JH1;11.1643;10.8294;11.1643;07-Jul-2015
112304;Franklin India Income Opportunities Fund - Growth;INF090I01445;;16.4592;15.9654;16.4592;07-Jul-2015
112305;Franklin India Income Opportunities Fund - IDCW ;INF090I01452;INF090I01460;10.9531;10.6245;10.9531;07-Jul-2015

Groww Mutual Fund
121153;Indiabulls Income Fund - Direct Plan - Growth Option;INF666M01642;;12.0222;11.902;12.0222;07-Jul-2015
121156;Indiabulls Income Fund - Direct Plan - Half Yearly Dividend Option;INF666M01709;INF666M01675;10.2883;10.1854;10.2883;07-Jul-2015
121154;Indiabulls Income Fund - Direct Plan - Monthly Dividend Option;INF666M01683;INF666M01659;10.6321;10.5258;10.6321;07-Jul-2015
121155;Indiabulls Income Fund - Direct Plan - Quarterly Dividend Option;INF666M01691;INF666M01667;10.3131;10.21;10.3131;07-Jul-2015
121158;Indiabulls Income Fund - Regular Plan - Growth Option;INF666M01717;;11.7075;11.5904;11.7075;07-Jul-2015
121157;Indiabulls Income Fund - Regular Plan - Half Yearly Dividend Option;INF666M01774;INF666M01741;10.2441;10.1417;10.2441;07-Jul-2015
121159;Indiabulls Income Fund - Regular Plan - Monthly Dividend Option;INF666M01758;INF666M01725;10.3754;10.2716;10.3754;07-Jul-2015
121160;Indiabulls Income Fund - Regular Plan - Quarterly Dividend Option;INF666M01766;INF666M01733;10.547;10.4415;10.547;07-Jul-2015

HDFC Mutual Fund
101990;HDFC Medium Term Debt Fund - Fornightly IDCW Option;INF179K01897;INF179K01905;10.6232;10.5966;10.6232;07-Jul-2015
119080;HDFC Medium Term Debt Fund - Fortnightly IDCW Opt - Direct Plan;INF179KA1NP8;INF179KA1NO1;10.6251;10.5985;10.6251;07-Jul-2015
101989;HDFC Medium Term Debt Fund - Growth Option;INF179K01913;;27.9807;27.9107;27.9807;07-Jul-2015
119081;HDFC Medium Term Debt Fund - Growth Option - Direct Plan;INF179K01WI9;;28.3107;28.2399;28.3107;07-Jul-2015
132852;HDFC Medium Term Debt Fund - IDCW Option;INF179KA1E16;INF179KA1E08;10.6164;10.5899;10.6164;07-Jul-2015
132853;HDFC Medium Term Debt Fund - IDCW Option - Direct Plan;INF179KA1D90;INF179KA1D82;10.5994;10.5729;10.5994;07-Jul-2015

ICICI Prudential Mutual Fund
132981;ICICI Prudential Medium Term Bond Fund - Annual IDCW;INF109KA12G3;INF109KA13G1;10.6151;10.5089;10.6151;07-Jul-2015
130935;ICICI Prudential Medium Term Bond Fund - Bonus;INF109KA1B99;;10.4909;10.3860;10.4909;07-Jul-2015
120670;ICICI Prudential Medium Term Bond Fund - Direct Plan - Growth;INF109K015A5;;22.2132;21.9911;22.2132;07-Jul-2015
120672;ICICI Prudential Medium Term Bond Fund - Direct Plan - Half Yearly IDCW;INF109K016A3;INF109K017A1;10.7827;10.6749;10.7827;07-Jul-2015
120671;ICICI Prudential Medium Term Bond Fund - Direct Plan - Quarterly IDCW;INF109K018A9;INF109K019A7;10.8930;10.7841;10.8930;07-Jul-2015
130936;ICICI Prudential Medium Term Bond Fund - Direct Plan Bonus;INF109KA1B81;;10.8765;10.7677;10.8765;07-Jul-2015
102741;ICICI Prudential Medium Term Bond Fund - Growth;INF109K01AH4;;21.7707;21.5530;21.7707;07-Jul-2015
117330;ICICI Prudential Medium Term Bond Fund - Half Yearly IDCW;INF109K01B53;INF109K01B61;10.6103;10.5042;10.6103;07-Jul-2015
113137;ICICI Prudential Medium Term Bond Fund - Quarterly IDCW;INF109K01UF6;INF109K01IO3;10.5058;10.4007;10.5058;07-Jul-2015
117706;ICICI Prudential Medium Term Bond Fund Plan B - Half Yearly Dividend;INF109K01B87;;10.5424;10.4370;10.5424;07-Jul-2015
113138;ICICI Prudential Medium Term Bond Fund Plan B - Quarterly Dividend;INF109K01UI0;INF109K01IQ8;10.3984;10.2944;10.3984;07-Jul-2015
113136;ICICI Prudential Medium Term Bond Fund Plan C - Quarterly Dividend;INF109K01UO8;INF109K01UN0;10.3990;10.2950;10.3990;07-Jul-2015
102743;ICICI Prudential Medium Term Bond Fund-Plan B-Growth;INF109K01AJ0;;22.4797;22.2549;22.4797;07-Jul-2015

Kotak Mahindra Mutual Fund
128008;Kotak Medium Term Fund - Direct - Quarterly Payout of Income Distribution cum capital withdrawal option;INF174K01VR3;INF174K01VT9;10.268;10.268;10.268;07-Jul-2015
128079;Kotak Medium Term Fund - Direct - Standard Income Distribution cum capital withdrawal option;INF174K01VSI;INF174K01VU7;11.5449;11.5449;11.5449;07-Jul-2015
128006;Kotak Medium Term Fund - Direct Growth;INF174K01VQ5;;11.545;11.545;11.545;07-Jul-2015
128009;Kotak Medium Term Fund - Growth;INF174K01VL6;;11.4711;11.4711;11.4711;07-Jul-2015
128007;Kotak Medium Term Fund - Quarterly Payout of Income Distribution cum capital withdrawal option;INF174K01VM4;INF174K01VO0;10.2636;10.2636;10.2636;07-Jul-2015
128078;Kotak Medium Term Fund - Standard Income Distribution cum capital withdrawal option;INF174K01VN2;INF174K01VP7;10.4642;10.4642;10.4642;07-Jul-2015

L&T Mutual Fund
133604;L&T Resurgent India  Bond Fund - Direct Plan - Growth;INF917K01TK4;;10.4090;10.2008;10.4090;07-Jul-2015
133606;L&T Resurgent India  Bond Fund - Direct Plan - IDCW;INF917K01TM0;INF917K01TL2;10.4090;10.2008;10.4090;07-Jul-2015
134426;L&T Resurgent India  Bond Fund - Regular Plan - Annual IDCW;INF917K01WE1;INF917K01WD3;10.1678;9.9644;10.1678;07-Jul-2015
133607;L&T Resurgent India  Bond Fund - Regular Plan - Growth;INF917K01TH0;;10.3735;10.1660;10.3735;07-Jul-2015
133605;L&T Resurgent India  Bond Fund - Regular Plan - IDCW;INF917K01TJ6;INF917K01TI8;10.3735;10.1660;10.3735;07-Jul-2015

Nippon India Mutual Fund
130056;NIPPON INDIA MEDIUJM DURATION FUND - QUARTERLY IDCW Option;INF204KA1QC8;INF204KA1QE4;10.2781;10.1753;10.2781;07-Jul-2015
130051;Nippon India Medium Duration  Fund - Bonus Option;INF204KA1QA2;;11.1380;11.0266;11.1380;07-Jul-2015
130052;Nippon India Medium Duration Fund - Direct Plan - Bonus Option;INF204KA1QG9;;11.2250;11.1128;11.2250;07-Jul-2015
130050;Nippon India Medium Duration Fund - Direct Plan - Growth Option;INF204KA1QF1;;11.2250;11.1128;11.2250;07-Jul-2015
130054;NIPPON INDIA MEDIUM DURATION FUND - DIRECT Plan - IDCW Option;INF204KA1QH7;INF204KA1QJ3;11.0314;10.9211;11.0314;07-Jul-2015
130055;NIPPON INDIA MEDIUM DURATION FUND - DIRECT Plan - QUARTERLY IDCW Option;INF204KA1QI5;INF204KA1QK1;10.2893;10.1864;10.2893;07-Jul-2015
130037;Nippon India Medium Duration Fund - Growth Option;INF204KA1PZ1;;11.1380;11.0266;11.1380;07-Jul-2015
130053;NIPPON INDIA MEDIUM DURATION FUND - IDCW Option;INF204KA1QB0;INF204KA1QD6;10.9627;10.8531;10.9627;07-Jul-2015

SBI Mutual Fund
119824;SBI MAGNUM MEDIUM DURATION FUND - DIRECT PLAN - GROWTH;INF200K01VB0;;24.1989;23.9569;24.1989;07-Jul-2015
119825;SBI Magnum Medium Duration Fund - Direct Plan - Income Distribution cum Capital Withdrawal Option (IDCW);INF200K01UZ1;INF200K01VA2;12.2843;12.1615;12.2843;07-Jul-2015
102053;SBI MAGNUM MEDIUM DURATION FUND - REGULAR PLAN - GROWTH;INF200K01719;;23.9095;23.6704;23.9095;07-Jul-2015
102054;SBI Magnum Medium Duration Fund - Regular Plan - Income Distribution cum Capital Withdrawal Option (IDCW);INF200K01727;INF200K01735;12.145;12.0236;12.145;07-Jul-2015

Sundaram Mutual Fund
119675;Sundaram Medium Duration Fund (Formerly Known as Sundaram Medium Term Bond Fund) Direct Plan - Growth;INF903J01PO6;;40.9673;40.5576;40.9673;07-Jul-2015
119676;Sundaram Medium Duration Fund (Formerly Known as Sundaram Medium Term Bond Fund) Direct Plan -Income Distribution cum Capital Withdrawal (IDCW);INF903J01PH0;INF903J01PM0;11.3967;11.2827;11.3967;07-Jul-2015
119672;Sundaram Medium Duration Fund (Formerly Known as Sundaram Medium Term Bond Fund) Direct Plan-Income Distribution cum Capital Withdrawal (IDCW);INF903J01PK4;INF903J01PL2;17.6785;17.5017;17.6785;07-Jul-2015
100608;Sundaram Medium Duration Fund (Formerly Known as Sundaram Medium Term Bond Fund) Institutional Plan - Growth;INF903J01FY6;;45.0858;44.6349;45.0858;07-Jul-2015
100611;Sundaram Medium Duration Fund (Formerly Known as Sundaram Medium Term Bond Fund) Institutional Plan -Growth;INF903J01GF3;;13.6817;13.5449;13.6817;07-Jul-2015
100603;Sundaram Medium Duration Fund (Formerly Known as Sundaram Medium Term Bond Fund) Regular Plan - Growth;INF903J01FQ2;;39.8943;39.4954;39.8943;07-Jul-2015
100604;Sundaram Medium Duration Fund (Formerly Known as Sundaram Medium Term Bond Fund) Regular Plan -Growth;INF903J01FX8;;13.6255;13.4892;13.6255;07-Jul-2015
100610;Sundaram Medium Duration Fund (Formerly Known as Sundaram Medium Term Bond Fund) Regular Plan -Income Distribution cum Capital Withdrawal (IDCW);INF903J01FT6;INF903J01FW0;11.1255;11.0142;11.1255;07-Jul-2015
100609;Sundaram Medium Duration Fund (Formerly Known as Sundaram Medium Term Bond Fund) Regular Plan- Income Distribution cum Capital Withdrawal(IDCW);INF903J01FS8;INF903J01FV2;11.1685;11.0568;11.1685;07-Jul-2015
100602;Sundaram Medium Duration Fund (Formerly Known as Sundaram Medium Term Bond Fund) Regular Plan-Income Distribution cum Capital Withdrawal(IDCW);INF903J01FR0;INF903J01FU4;11.1346;11.0233;11.1346;07-Jul-2015

Tata Mutual Fund
101703;Tata Medium Term Fund -Regular Plan - Growth Option;INF277K01717;;22.0485;21.8280;22.0485;07-Jul-2015
119126;Tata Medium Term Fund- Direct Plan - Payout of IDCW Option;INF277K01PG9;INF277K01PH7;12.6138;12.4877;12.6138;07-Jul-2015
119127;Tata Medium Term Fund- Direct Plan- Growth Option;INF277K01PI5;;22.5755;22.3497;22.5755;07-Jul-2015
101605;Tata Medium Term Fund- Regular Plan - Payout of IDCW option;INF277K01DW2;INF277K01709;12.3612;12.2376;12.3612;07-Jul-2015
101704;Tata Medium Term Fund B - Growth Option;INF277K01733;;22.7258;22.4985;22.7258;07-Jul-2015
101606;Tata Medium Term Fund B - Income / Bonus Option;INF277K01DX0;;12.7586;12.6310;12.7586;07-Jul-2015

UTI Mutual Fund
134505;UTI Medium Duration Fund - Direct Plan - Annual IDCW;INF789FB1KL1;INF789FB1KM9;10.2116;10.2116;0;07-Jul-2015
134506;UTI Medium Duration Fund - Direct Plan - Flexi IDCW;INF789FB1KO5;INF789FB1KN7;10.2116;10.2116;0;07-Jul-2015
134503;UTI Medium Duration Fund - Direct Plan - Growth Option;INF789FB1KE6;;10.2116;10.2116;0;07-Jul-2015
134504;UTI Medium Duration Fund - Direct Plan - Half-Yearly IDCW;INF789FB1KJ5;INF789FB1KK3;10.2117;10.2117;0;07-Jul-2015
134501;UTI Medium Duration Fund - Direct Plan - Monthly IDCW;INF789FB1KF3;INF789FB1KG1;10.2116;10.2116;0;07-Jul-2015
134502;UTI Medium Duration Fund - Direct Plan - Quarterly IDCW;INF789FB1KH9;INF789FB1KI7;10.2116;10.2116;0;07-Jul-2015
134500;UTI Medium Duration Fund - Regular Plan - Annual IDCW;INF789FB1KA4;INF789FB1KB2;10.1867;10.1867;0;07-Jul-2015
134499;UTI Medium Duration Fund - Regular Plan - Growth Option;INF789FB1JU4;;10.1868;10.1868;0;07-Jul-2015
134497;UTI Medium Duration Fund - Regular Plan - Half-Yearly IDCW;INF789FB1JY6;INF789FB1JZ3;10.1867;10.1867;0;07-Jul-2015
134495;UTI Medium Duration Fund - Regular Plan - Monthly IDCW;INF789FB1JV2;INF789FB1KP2;10.1869;10.1869;0;07-Jul-2015
134496;UTI Medium Duration Fund - Regular Plan - Quarterly IDCW;INF789FB1JW0;INF789FB1JX8;10.1867;10.1867;0;07-Jul-2015

Open Ended Schemes ( Debt Scheme - Medium to Long Duration Fund )


Aditya Birla Sun Life Mutual Fund
111777;Aditya Birla Sun Life Income Fund (Discipline Advantage Plan);INF209K01LD8;;15.8477;15.8477;15.8477;07-Jul-2015
133446;Aditya Birla Sun Life Income Fund - Direct - IDCW;INF209KA1WL2;INF209KA1WM0;10.0232;10.0232;10.0232;07-Jul-2015
119655;Aditya Birla Sun Life Income Fund - Direct - Quarterly IDCW;INF209K01R13;INF209K01WZ8;13.1734;13.1734;13.1734;07-Jul-2015
119657;Aditya Birla Sun Life Income Fund - Growth - Direct Plan;INF209K01WY1;;63.7475;63.7475;63.7475;07-Jul-2015
100038;Aditya Birla Sun Life Income Fund - Growth - Regular Plan;INF209K01579;;62.8168;62.8168;62.8168;07-Jul-2015
133445;Aditya Birla Sun Life Income Fund - Regular - IDCW;INF209KA1WJ6;INF209KA1WK4;9.9825;9.9825;9.9825;07-Jul-2015
100037;Aditya Birla Sun Life Income Fund - Regular - Quarterly IDCW;INF209K01587;INF209K01CY3;12.9070;12.9070;12.9070;07-Jul-2015

Bandhan Mutual Fund
108766;BANDHAN Bond Fund - Income Plan - Regular Plan - Annual IDCW;INF194K01IN7;INF194K01IM9;17.7342;17.7342;17.7342;07-Jul-2015
108765;BANDHAN Bond Fund - Income Plan - Regular Plan - Growth;INF194K01IL1;;34.0665;34.0665;34.0665;07-Jul-2015
108763;BANDHAN Bond Fund - Income Plan - Regular Plan - Half-yearly IDCW;INF194K01IQ0;INF194K01IP2;11.1969;11.1969;11.1969;07-Jul-2015
108764;BANDHAN Bond Fund - Income Plan - Regular Plan - Quarterly IDCW;INF194K01IT4;INF194K01IS6;11.3624;11.3624;11.3624;07-Jul-2015
118393;BANDHAN Bond Fund - Income Plan-Direct Plan-Annual IDCW;INF194K01R77;INF194K01R69;15.0243;15.0243;15.0243;07-Jul-2015
118394;BANDHAN Bond Fund - Income Plan-Direct Plan-Growth;INF194K01R51;;34.7617;34.7617;34.7617;07-Jul-2015
131386;BANDHAN Bond Fund - Income Plan-Direct Plan-Periodic IDCW;INF194KA1SX2;INF194KA1SY0;11.1748;11.1748;11.1748;07-Jul-2015
118396;BANDHAN Bond Fund - Income Plan-Direct Plan-Quarterly IDCW;INF194K01S35;INF194K01S27;11.7020;11.7020;11.7020;07-Jul-2015
108768;BANDHAN Bond Fund - Short Term - Regular Plan - Growth;INF194K01HF5;;29.0813;29.0813;29.0813;07-Jul-2015
108767;BANDHAN Bond Fund - Short Term - Regular Plan - Monthly IDCW;INF194K01HH1;INF194K01HG3;10.1997;10.1997;10.1997;07-Jul-2015

Bank of India Mutual Fund
119395;BANK OF INDIA Conservative Hybrid  Fund-Direct Plan-Quarterly IDCW;INF761K01850;INF761K01843;11.1194;11.0082;11.1194;07-Jul-2015
111718;BANK OF INDIA Conservative Hybrid  Fund-ECO Plan-Quarterly IDCW;INF761K01439;INF761K01421;10.3202;10.2170;0.0000;07-Jul-2015
119393;BANK OF INDIA Conservative Hybrid Fund Fund-Direct Plan-Growth;INF761K01819;;16.5744;16.4087;16.5744;07-Jul-2015
119394;BANK OF INDIA Conservative Hybrid Fund-Direct Plan-Monthly IDCW;INF761K01835;INF761K01827;10.8502;10.7417;10.8502;07-Jul-2015
111715;BANK OF INDIA Conservative Hybrid Fund-ECO Plan-Growth;INF761K01397;;16.6192;16.4530;0.0000;07-Jul-2015
111717;BANK OF INDIA Conservative Hybrid Fund-ECO Plan-Monthly IDCW;INF761K01413;INF761K01405;15.3462;15.1927;0.0000;07-Jul-2015
111714;BANK OF INDIA Conservative Hybrid Fund-Regular Plan-Annual IDCW;INF761K01454;INF761K01447;10.3282;10.2249;10.3282;07-Jul-2015
111712;BANK OF INDIA Conservative Hybrid Fund-Regular Plan-Growth;INF761K01462;;16.4515;16.2870;16.4515;07-Jul-2015
111716;BANK OF INDIA Conservative Hybrid Fund-Regular Plan-Monthly IDCW;INF761K01488;INF761K01470;12.5686;12.4429;12.5686;07-Jul-2015
111713;BANK OF INDIA Conservative Hybrid Fund-Regular Plan-Quarterly IDCW;INF761K01504;INF761K01496;11.0959;10.9849;11.0959;07-Jul-2015

Baroda BNP Paribas Mutual Fund
101155;BARODA INCOME FUND - Plan A - Dividend Option;INF955L01211;INF955L01229;21.9545;21.7350;21.9545;07-Jul-2015
101154;BARODA INCOME FUND - Plan A - Growth Option;INF955L01237;;21.9545;21.7350;21.9545;07-Jul-2015
119362;BARODA INCOME FUND - Plan B (Direct) - Growth Option;INF955L01BQ7;;22.4944;22.2695;22.4944;07-Jul-2015

Canara Robeco Mutual Fund
118282;CANARA ROBECO INCOME FUND - DIRECT PLAN - GROWTH OPTION;INF760K01FI1;;30.1345;30.1345;30.1345;07-Jul-2015
118281;CANARA ROBECO INCOME FUND - DIRECT PLAN - QUARTERLY IDCW (Payout/Reinvestment);INF760K01FG5;INF760K01FH3;14.0676;14.0676;14.0676;07-Jul-2015
101588;CANARA ROBECO INCOME FUND - REGULAR PLAN - GROWTH OPTION;INF760K01324;;29.7116;29.7116;29.7116;07-Jul-2015
101587;CANARA ROBECO INCOME FUND - REGULAR PLAN - QUARTERLY IDCW (Payout/Reinvestment);INF760K01340;INF760K01357;13.8579;13.8579;13.8579;07-Jul-2015

HDFC Mutual Fund
100124;HDFC Income Fund - Growth Option;INF179K01962;;31.9144;31.7548;31.9144;07-Jul-2015
119069;HDFC Income Fund - Growth Option - Direct Plan;INF179K01WL3;;32.5786;32.4157;32.5786;07-Jul-2015
133365;HDFC Income Fund - Normal IDCW - Direct Plan;INF179KA1Q12;;10.3067;10.2552;10.3067;07-Jul-2015
133366;HDFC Income Fund - Normal IDCW Option;INF179KA1Q38;;10.0638;10.0135;10.0638;07-Jul-2015
100123;HDFC Income Fund - Quarterly IDCW Option;INF179K01947;INF179K01954;10.9339;10.8792;10.9339;07-Jul-2015
119068;HDFC Income Fund - Quarterly IDCW- Direct Plan;INF179K01WJ7;INF179K01WK5;11.1948;11.1388;11.1948;07-Jul-2015

HSBC Mutual Fund
120059;HSBC Medium to Long Duration Fund - Direct Growth;INF336L01DE2;;24.2515;24.2515;24.2515;07-Jul-2015
101685;HSBC Medium to Long Duration Fund - Regular Growth;INF336L01776;;23.7606;23.7606;23.7606;07-Jul-2015
101686;HSBC Medium to Long Duration Fund - Regular Quarterly IDCW;INF336L01784;INF336L01792;11.1094;11.1094;11.1094;07-Jul-2015

ICICI Prudential Mutual Fund
130932;ICICI Prudential Bond Fund - Bonus;INF109KA1C72;;10.1564;10.0548;10.1564;07-Jul-2015
120619;ICICI Prudential Bond Fund - Direct Plan - Growth;INF109K01V83;;19.7436;19.5462;19.7436;07-Jul-2015
131480;ICICI Prudential Bond Fund - Direct Plan - Half Yearly IDCW;INF109KA1X77;INF109KA1X69;10.1650;10.0634;10.1650;07-Jul-2015
120617;ICICI Prudential Bond Fund - Direct Plan - IDCW Monthly;INF109K01V59;INF109K01V67;11.5738;11.4581;11.5738;07-Jul-2015
120618;ICICI Prudential Bond Fund - Direct Plan - IDCW Quarterly;INF109K01V75;INF109K01V91;11.1639;11.0523;11.1639;07-Jul-2015
109740;ICICI Prudential Bond Fund - Growth;INF109K01BO8;;19.6200;19.4238;19.6200;07-Jul-2015
131481;ICICI Prudential Bond Fund - Half Yearly IDCW;INF109KA1X51;INF109KA1X44;10.1563;N.A.;N.A.;07-Jul-2015
109741;ICICI Prudential Bond Fund - IDCW Monthly;INF109K01EU9;INF109K01BP5;11.4805;11.3657;11.4805;07-Jul-2015
109743;ICICI Prudential Bond Fund - IDCW Quarterly;INF109K01EV7;INF109K01BS9;10.8485;10.7400;10.8485;07-Jul-2015
109742;ICICI Prudential Bond Fund- Institutional Growth;INF109K01BQ3;;17.1630;16.9914;17.1630;07-Jul-2015
109744;ICICI Prudential Bond Fund- Institutional Monthly Dividend;INF109K01ES3;INF109K01BR1;10.7146;10.6075;10.7146;07-Jul-2015
109745;ICICI Prudential Bond Fund- Institutional Quarterly Dividend;INF109K01ET1;INF109K01BT7;11.2501;11.1376;11.2501;07-Jul-2015

JM Financial Mutual Fund
120428;JM Medium to Long Duration Fund (Direct) - Bonus Option - Principal Units;INF192K01CX3;;17.8004;17.8004;17.8004;07-Jul-2015
120430;JM Medium to Long Duration Fund (Direct) - Growth Option;INF192K01CW5;;41.9991;41.9991;41.9991;07-Jul-2015
120431;JM Medium to Long Duration Fund (Direct) - Quarterly IDCW;INF192K01CU9;INF192K01CV7;14.6900;14.6900;14.6900;07-Jul-2015
100223;JM Medium to Long Duration Fund (Regular) - Growth Option;INF192K01AB3;;41.0475;41.0475;41.0475;07-Jul-2015
100222;JM Medium to Long Duration Fund (Regular) - Quarterly IDCW;INF192K01999;INF192K01AA5;13.9563;13.9563;13.9563;07-Jul-2015
101181;JM Medium to Long Duration Fund (Regular) - Bonus Option- Principal Units;INF192K01AC1;;16.7931;16.7931;16.7931;07-Jul-2015

Kotak Mahindra Mutual Fund
119736;Kotak Bond - Quaterly Payout of Income Distribution cum capital withdrawal option - Direct;INF174K01JF3;;11.337;11.2236;11.337;07-Jul-2015
119734;Kotak Bond Fund - Direct Plan - Standard IDCW option;INF174K01JD8;;21.1398;20.9284;21.1398;07-Jul-2015
119735;Kotak Bond Fund - Growth - Direct;INF174K01JC0;;40.4565;40.0519;40.4565;07-Jul-2015
100300;Kotak Bond Fund - Regular Plan - Standard IDCW Option;INF174K01EQ1;INF174K01EP3;24.3673;24.1236;24.3673;07-Jul-2015
100299;Kotak Bond Fund - Regular Plan Growth;INF174K01EM0;;39.7726;39.3749;39.7726;07-Jul-2015
100301;Kotak Bond Regular Plan Bonus Plan;INF174K01ER9;;26.5123;26.2472;26.5123;07-Jul-2015
133301;Kotak Bond Regular Plan Direct HF dividend;INF174K01YN6;;40.4565;40.0519;40.4565;07-Jul-2015
100298;Kotak Bond Regular Plan Quaterly Payout of Income Distribution cum capital withdrawal option;INF174K01EO6;INF174K01EN8;10.7557;10.6481;10.7557;07-Jul-2015
100291;Kotak Bond-Deposit-Dividend;INF174K01EK4;INF174K01EL2;11.8049;11.6869;11.8049;07-Jul-2015
100292;Kotak Bond-Deposit-Growth;INF174K01EJ6;;37.1028;36.7318;37.1028;07-Jul-2015

LIC Mutual Fund
120279;LIC MF Medium to Long Duration Fund-Direct Plan-Growth;INF767K01EW0;;39.3385;38.9451;39.3385;07-Jul-2015
120278;LIC MF Medium to Long Duration Fund-Direct Plan-IDCW;INF767K01EV2;INF767K01EX8;10.7176;10.6104;10.7176;07-Jul-2015
100315;LIC MF Medium to Long Duration Fund-Regular Plan-Growth;INF767K01923;;38.8309;38.4426;38.8309;07-Jul-2015
100314;LIC MF Medium to Long Duration Fund-Regular Plan-IDCW;INF767K01907;INF767K01915;10.5611;10.4555;10.5611;07-Jul-2015

Nippon India Mutual Fund
100386;NIPPON INDIA MEDIUM TO LONG DURATION  FUND - ANNUAL IDCW Option;INF204K01CT4;INF204K01CU2;12.1951;12.1951;12.1951;07-Jul-2015
118680;NIPPON INDIA MEDIUM TO LONG DURATION  FUND - Direct Plan - ANNUAL IDCW Option;INF204K01YT8;INF204K01YU6;13.3497;13.3497;13.3497;07-Jul-2015
118681;NIPPON INDIA MEDIUM TO LONG DURATION  FUND - Direct Plan - HALF YEARLY IDCW Option;INF204K01YR2;INF204K01YS0;12.8765;12.8765;12.8765;07-Jul-2015
118683;NIPPON INDIA MEDIUM TO LONG DURATION  FUND - Direct Plan - MONTHLY IDCW Option;INF204K01YN1;;10.8222;10.8222;10.8222;07-Jul-2015
118679;Nippon India Medium to Long Duration  Fund - Direct Plan Growth Plan-Bonus Option;INF204K01F38;;13.2383;13.2383;13.2383;07-Jul-2015
100388;Nippon India Medium to Long Duration  Fund - Growth Plan Bonus Option;INF204K01CM9;;13.0313;13.0313;13.0313;07-Jul-2015
100387;Nippon India Medium to Long Duration  Fund - Growth Plan Growth Option;INF204K01CL1;;45.3278;45.3278;45.3278;07-Jul-2015
100385;NIPPON INDIA MEDIUM TO LONG DURATION  FUND - HALF YEARLY IDCW Option;INF204K01CR8;INF204K01CS6;12.1317;12.1317;12.1317;07-Jul-2015
100384;NIPPON INDIA MEDIUM TO LONG DURATION  FUND - QUARTERLY IDCW Option;INF204K01CP2;INF204K01CQ0;12.8721;12.8721;12.8721;07-Jul-2015
118684;NIPPON INDIA MEDIUM TO LONG DURATION FUND - Direct Plan - QUARTERLY IDCW Option;INF204K01YP6;INF204K01YQ4;13.1989;13.1989;13.1989;07-Jul-2015
118687;Nippon India Medium to Long Duration Fund - Direct Plan Growth Plan - Growth Option;INF204K01XS2;;46.3276;46.3276;46.3276;07-Jul-2015
100383;NIPPON INDIA MEDIUM TO LONG DURATION FUND - MONTHLY IDCW Option;INF204K01CN7;INF204K01CO5;10.3832;10.3832;10.3832;07-Jul-2015

SBI Mutual Fund
119713;SBI Magnum Income Fund - Direct Plan - Half Yearly - Income Distribution cum Capital Withdrawal Option (IDCW);INF200K01SP6;INF200K01SQ4;12.4737;12.349;12.4737;07-Jul-2015
121940;SBI Magnum Income Fund - Direct Plan - Quarterly Income Distribution cum Capital Withdrawal Option (IDCW);INF200K01YS8;INF200K01YT6;12.5199;12.3947;12.5199;07-Jul-2015
100638;SBI Magnum Income Fund - Regular Plan - Half Yearly - Income Distribution cum Capital Withdrawal Option (IDCW);INF200K01610;INF200K01628;11.6524;11.5359;11.6524;07-Jul-2015
121944;SBI Magnum Income Fund - Regular Plan - Quarterly Income Distribution cum Capital Withdrawal Option (IDCW);INF200K01YQ2;INF200K01YR0;12.3758;12.252;12.3758;07-Jul-2015
119712;SBI Magnum Income Fund-DIRECT PLAN - Bonus;INF200K01SO9;;20.7031;20.4961;20.7031;07-Jul-2015
119714;SBI Magnum Income Fund-DIRECT PLAN -Growth;INF200K01SR2;;34.0983;33.7573;34.0983;07-Jul-2015
100640;SBI Magnum Income Fund-REGULAR PLAN-Bonus;INF200K01602;;20.4841;20.2793;20.4841;07-Jul-2015
100639;SBI Magnum Income Fund-REGULAR PLAN-Growth;INF200K01594;;33.8064;33.4683;33.8064;07-Jul-2015

Tata Mutual Fund
119879;Tata Income Fund - Direct Plan - Bonus;INF277K01OZ2;;13.5376;13.4022;13.5376;07-Jul-2015
119876;Tata Income Fund - Direct Plan - Growth Option;INF277K01OY5;;43.9177;43.4785;43.9177;07-Jul-2015
100418;Tata Income Fund -Regular Plan - Growth Option;INF277K01659;;43.2916;42.8587;43.2916;07-Jul-2015
101186;Tata Income Fund- Regular Plan - Periodic Payout of IDCW Option;INF277K01DT8;INF277K01667;25.0988;24.8478;25.0988;07-Jul-2015
119877;TATA Income Fund-Direct Plan - Half Yearly Payout of IDCW Option;INF277K01PA2;INF277K01PB0;12.5688;12.4431;12.5688;07-Jul-2015
100417;Tata Income Fund-Regular Plan - Half Yearly Payout of IDCW Option;INF277K01DU6;INF277K01675;12.3723;12.2486;12.3723;07-Jul-2015
119873;Tata Long Term Debt Fund - Direct Plan - Quartelry Dividend Plan;INF277K01PE4;INF277K01PF1;11.0118;10.9017;11.0118;07-Jul-2015
101419;Tata Long Term Debt Fund - Regular Plan  -Bonus;INF277K01691;;13.2396;13.1072;13.2396;07-Jul-2015
100416;Tata Long Term Debt Fund - Regular Plan - Quarterly Dividend;INF277K01DV4;INF277K01683;10.9659;10.8562;10.9659;07-Jul-2015

UTI Mutual Fund
133280;UTI Medium to Long Duration Fund - Direct Plan - Flexi IDCW;INF789FA1U04;INF789FA1U12;10.4205;10.4205;0;07-Jul-2015
134998;UTI Medium to Long Duration Fund - Direct Plan - Half-Yearly IDCW;INF789FA1T64;INF789FA1T72;10.0427;10.0427;0;07-Jul-2015
120690;UTI Medium to Long Duration Fund - Direct Plan - Quarterly IDCW;INF789F01SO1;INF789F01SP8;13.773;13.773;13.773;07-Jul-2015
133869;UTI Medium to Long Duration Fund - Regular Plan - Annual IDCW;INF789FA1T23;INF789FA1T31;10.0573;10.0573;0;07-Jul-2015
133872;UTI Medium to Long Duration Fund - Regular Plan - Flexi IDCW;INF789FA1T49;INF789FA1T56;10.0592;10.0592;0;07-Jul-2015
100742;UTI Medium to Long Duration Fund - Regular Plan - Quarterly IDCW;INF789F01380;INF789F01398;13.0051;13.0051;13.0051;07-Jul-2015
100741;UTI Medium to Long Duration Fund- Regular Plan - Growth;INF789F01406;;41.9586;41.9586;41.9586;07-Jul-2015
120689;UTI Medium to Long Duration Fund-Growth - Direct;INF789F01SQ6;;43.0599;43.0599;43.0599;07-Jul-2015

Open Ended Schemes ( Debt Scheme - Long Duration Fund )


ICICI Prudential Mutual Fund
131623;ICICI Prudential Long Term Bond Fund - Annual IDCW;INF109KA11C4;INF109KA10C6;9.9860;9.8861;9.9860;07-Jul-2015
122673;ICICI Prudential Long Term Bond Fund - Bonus;INF109KA1335;;43.6635;43.2269;43.6635;07-Jul-2015
120743;ICICI Prudential Long Term Bond Fund - Direct Plan - Growth;INF109K017L8;;44.7995;44.3515;44.7995;07-Jul-2015
120748;ICICI Prudential Long Term Bond Fund - Direct Plan - Half Yearly IDCW;INF109K018L6;INF109K019L4;11.4574;11.3428;11.4574;07-Jul-2015
120747;ICICI Prudential Long Term Bond Fund - Direct Plan - Quarterly IDCW;INF109K010M1;INF109K011M9;11.9506;11.8311;11.9506;07-Jul-2015
100365;ICICI Prudential Long Term Bond Fund - Growth;INF109K01365;;43.6632;43.2266;43.6632;07-Jul-2015
100364;ICICI Prudential Long Term Bond Fund - Half Yearly IDCW;INF109K01EX3;INF109K01357;10.7916;10.6837;10.7916;07-Jul-2015
100367;ICICI Prudential Long Term Bond Fund - Quarterly IDCW;INF109K01EZ8;INF109K01399;11.7728;11.6551;11.7728;07-Jul-2015
131622;ICICI Prudential Long Term Bond Fund Direct Plan - Annual IDCW;INF109KA13C0;INF109KA12C2;10.9468;10.8373;10.9468;07-Jul-2015
100366;ICICI Prudential Long Term Bond Fund-Institutional Quarterly Dividend;INF109K01EY1;INF109K01381;11.1598;11.0482;11.1598;07-Jul-2015
101642;ICICI Prudential Long Term Bond Fund - Institutional Dividend Halfyearly;INF109K01EW5;INF109K01373;10.4786;10.3738;10.4786;07-Jul-2015
101643;ICICI Prudential Long Term Bond Fund-Institutional Option-Growth;INF109K01407;;46.6031;46.1371;46.6031;07-Jul-2015

Open Ended Schemes ( Debt Scheme - Dynamic Bond )


360 ONE Mutual Fund
122612;360 ONE Dynamic Bond Fund - Regular Plan - Growth Option;INF579M01183;;11.3819;11.3819;11.3819;07-Jul-2015
122715;360 ONE Dynamic Bond Fund Direct Plan Growth;INF579M01266;;11.4986;11.4986;11.4986;07-Jul-2015
122721;360 ONE Dynamic Bond Fund Direct Plan Monthly Dividend;INF579M01282;INF579M01316;10.9503;10.9503;10.9503;07-Jul-2015
122717;360 ONE Dynamic Bond Fund Direct Plan Quarterly Dividend;INF579M01290;INF579M01324;11.0994;11.0994;11.0994;07-Jul-2015
122711;360 ONE Dynamic Bond Fund Regular Plan Bonus;INF579M01191;;11.3819;11.3819;11.3819;07-Jul-2015
122720;360 ONE Dynamic Bond Fund Regular Plan Half Yearly Dividend;INF579M01225;INF579M01258;10.9834;10.9834;10.9834;07-Jul-2015
122719;360 ONE Dynamic Bond Fund Regular Plan Monthly Dividend;INF579M01209;INF579M01233;10.8343;10.8343;10.8343;07-Jul-2015
122712;360 ONE Dynamic Bond Fund Regular Plan Quarterly Dividend;INF579M01217;INF579M01241;10.9834;10.9834;10.9834;07-Jul-2015

Aditya Birla Sun Life Mutual Fund
119505;Aditya Birla Sun Life Dynamic Bond Fund - Growth - Direct Plan;INF209K01N82;;25.0583;24.8077;25.0583;07-Jul-2015
102767;Aditya Birla Sun Life Dynamic Bond Fund - Growth - Regular Plan;INF209K01793;;24.7800;24.5322;24.7800;07-Jul-2015
132918;Aditya Birla Sun Life Dynamic Bond Fund -Direct - IDCW;INF209KA1TX3;;10.8034;10.8034;10.8034;07-Jul-2015
119503;Aditya Birla Sun Life Dynamic Bond Fund -DIRECT - MONTHLY IDCW;INF209K01R62;;10.8668;10.7581;10.8668;07-Jul-2015
119502;Aditya Birla Sun Life Dynamic Bond Fund -Direct - Quarterly IDCW;INF209K01R88;;11.0374;10.9270;11.0374;07-Jul-2015
132917;Aditya Birla Sun Life Dynamic Bond Fund -Regular - IDCW;INF209KA1TV7;;10.7649;10.7649;10.7649;07-Jul-2015
111521;Aditya Birla Sun Life Dynamic Bond Fund -REGULAR - MONTHLY IDCW;INF209K01801;INF209K01DG8;10.8508;10.7423;10.8508;07-Jul-2015
102766;Aditya Birla Sun Life Dynamic Bond Fund -Regular - Quarterly IDCW;INF209K01819;INF209K01DH6;10.8840;10.7752;10.8840;07-Jul-2015
111848;Aditya Birla Sun Life Dynamic Bond Fund-Discipline Advantage Plan-Growth;INF209K01JW2;;17.1413;16.9699;17.1413;07-Jul-2015

Axis Mutual Fund
120451;Axis Dynamic Bond Fund - Direct Plan - Growth Option;INF846K01DI3;;14.8227;14.6745;14.8227;07-Jul-2015
120450;Axis Dynamic Bond Fund - Direct Plan - Half Yearly IDCW;INF846K01DJ1;INF846K01DK9;11.1491;11.0376;11.1491;07-Jul-2015
120452;Axis Dynamic Bond Fund - Direct Plan - Quarterly IDCW;INF846K01DL7;INF846K01DM5;10.8956;10.7866;10.8956;07-Jul-2015
115068;Axis Dynamic Bond Fund - Regular Plan - Growth Option;INF846K01917;;14.3451;14.2016;14.3451;07-Jul-2015
115131;Axis Dynamic Bond Fund - Regular Plan - Half Yearly IDCW;INF846K01941;INF846K01958;10.8497;10.7412;10.8497;07-Jul-2015
115069;Axis Dynamic Bond Fund - Regular Plan - Quarterly IDCW;INF846K01925;INF846K01933;10.5048;10.3998;10.5048;07-Jul-2015

Bandhan Mutual Fund
108561;BANDHAN Dynamic Bond Fund - Regular Plan B - Quarterly IDCW;INF194K01QI0;INF194K01QH2;10.5733;10.5733;10.5733;07-Jul-2015
108675;BANDHAN Dynamic Bond Fund - Regular Plan B - Annual IDCW;INF194K01QL4;INF194K01QK6;10.4777;10.4777;10.4777;07-Jul-2015
111524;BANDHAN Dynamic Bond Fund - Regular Plan B - Growth;INF194K01QG4;;16.9163;16.9163;16.9163;07-Jul-2015
122868;BANDHAN Dynamic Bond Fund - Regular Plan B - Half Yearly IDCW;INF194K018R9;INF194K019R7;10.0968;10.0968;10.0968;07-Jul-2015
111523;BANDHAN Dynamic Bond Fund - Regular Plan B - IDCW;INF194K01QO8;INF194K01QN0;10.0860;10.0860;10.0860;07-Jul-2015
131397;BANDHAN Dynamic Bond Fund - Regular Plan B - Periodic IDCW;INF194KA1TM3;INF194KA1TN1;11.1344;11.1344;11.1344;07-Jul-2015
118415;BANDHAN Dynamic Bond Fund-Direct Plan-Annual IDCW;INF194K01O13;INF194K01O05;12.1115;12.1115;12.1115;07-Jul-2015
118416;BANDHAN Dynamic Bond Fund-Direct Plan-Growth;INF194K01N63;;17.3057;17.3057;17.3057;07-Jul-2015
122618;BANDHAN Dynamic Bond Fund-Direct Plan-Half Yearly IDCW;INF194K011P8;INF194K012P6;10.2090;10.2090;10.2090;07-Jul-2015
118417;BANDHAN Dynamic Bond Fund-Direct Plan-IDCW;INF194K01O47;INF194K01O39;12.1584;12.1584;12.1584;07-Jul-2015
131396;BANDHAN Dynamic Bond Fund-Direct Plan-Periodic IDCW;INF194KA1TP6;INF194KA1TQ4;11.1948;11.1948;11.1948;07-Jul-2015
118418;BANDHAN Dynamic Bond Fund-Direct Plan-Quarterly IDCW;INF194K01N89;INF194K01N71;12.2467;12.2467;12.2467;07-Jul-2015

Baroda BNP Paribas Mutual Fund
117631;Baroda Dynamic Bond Fund - Plan A - Growth Option;INF955L01906;;13.1292;13.0636;13.1292;07-Jul-2015
117629;Baroda Dynamic Bond Fund - Plan A - IDCW;INF955L01880;;11.8506;11.7913;11.8506;07-Jul-2015
119337;Baroda Dynamic Bond Fund - Plan B (Direct) - Growth Option;INF955L01AA3;;13.4712;13.4038;13.4712;07-Jul-2015
119336;Baroda Dynamic Bond Fund - Plan B (Direct) - IDCW;INF955L01989;;12.1981;12.1371;12.1981;07-Jul-2015

BNP Paribas Mutual Fund
119991;BNP Paribas Flexi Debt Fund - Direct Plan - Daily Income Distribution cum Capital Withdrawal Option;;INF251K01GX8;10.1032;10.1032;10.1032;07-Jul-2015
119992;BNP Paribas Flexi Debt Fund - Direct Plan - Growth Option;INF251K01GW0;;24.4617;24.4617;24.4617;07-Jul-2015
119993;BNP Paribas Flexi Debt Fund - Direct Plan - Half Yearly Income Distribution cum Capital Withdrawal Option;INF251K01HD8;INF251K01HE6;10.0000;10.0000;10.0000;07-Jul-2015
119994;BNP Paribas Flexi Debt Fund - Direct Plan - Monthly Income Distribution cum Capital Withdrawal Option;INF251K01GZ3;INF251K01HA4;10.0063;10.0063;10.0063;07-Jul-2015
119995;BNP Paribas Flexi Debt Fund - Direct Plan - Quarterly Income Distribution cum Capital Withdrawal Option;INF251K01HB2;INF251K01HC0;10.0756;10.0756;10.0756;07-Jul-2015
119996;BNP Paribas Flexi Debt Fund - Direct Plan - Weekly Income Distribution cum Capital Withdrawal Option;;INF251K01GY6;10.0000;10.0000;10.0000;07-Jul-2015
117958;BNP Paribas Flexi Debt Fund Daily Income Distribution cum Capital Withdrawal Option;;INF251K01DX5;10.0983;10.0983;10.0983;07-Jul-2015
117957;BNP Paribas Flexi Debt Fund Growth Option;INF251K01DW7;;24.1863;24.1863;24.1863;07-Jul-2015
117962;BNP Paribas Flexi Debt Fund Half Yearly Income Distribution cum Capital Withdrawal Option;INF251K01ED5;INF251K01EE3;10.0599;10.0599;10.0599;07-Jul-2015
117960;BNP Paribas Flexi Debt Fund Monthly Income Distribution cum Capital Withdrawal Option;INF251K01DZ0;INF251K01EA1;9.9985;9.9985;9.9985;07-Jul-2015
117961;BNP Paribas Flexi Debt Fund Quarterly Income Distribution cum Capital Withdrawal Option;INF251K01EB9;INF251K01EC7;10.0595;10.0595;10.0595;07-Jul-2015
117959;BNP Paribas Flexi Debt Fund Weekly Income Distribution cum Capital Withdrawal Option;;INF251K01DY3;10.0770;10.0770;10.0770;07-Jul-2015
113526;BNP PARIBAS Flexi Debt Fund-Regular Plan A - Growth Option;INF251K01EF0;;16.4123;16.4123;16.4123;07-Jul-2015
113528;BNP PARIBAS Flexi Debt Fund-Regular Plan A - Quarterly Dividend Option;;INF251K01EH6;10.0622;10.0622;10.0622;07-Jul-2015

Canara Robeco Mutual Fund
118284;CANARA ROBECO DYNAMIC BOND FUND - DIRECT PLAN - GROWTH OPTION;INF760K01EC7;;16.0278;16.0278;16.0278;07-Jul-2015
118283;CANARA ROBECO DYNAMIC BOND FUND - DIRECT PLAN - IDCW (Payout/Reinvestment);INF760K01EA1;INF760K01EB9;13.0897;13.0897;13.0897;07-Jul-2015
111962;CANARA ROBECO DYNAMIC BOND FUND - REGULAR PLAN - GROWTH OPTION;INF760K01449;;15.8702;15.8702;15.8702;07-Jul-2015
111963;CANARA ROBECO DYNAMIC BOND FUND - REGULAR PLAN - IDCW (Payout/Reinvestment);INF760K01423;INF760K01431;12.9489;12.9489;12.9489;07-Jul-2015

DSP Mutual Fund
119239;DSP Strategic Bond Fund - Direct Plan - Growth;INF740K01QG4;;1687.6763;1685.9886;1687.6763;07-Jul-2015
119238;DSP Strategic Bond Fund - Direct Plan - IDCW;INF740K01QI0;INF740K01QK6;1149.7935;1148.6437;1149.7935;07-Jul-2015
119240;DSP Strategic Bond Fund - Direct Plan - IDCW - Daily;;INF740KA1OX0;1041.8459;1040.8041;1041.8459;07-Jul-2015
119236;DSP Strategic Bond Fund - Direct Plan - IDCW - Monthly;INF740K01QH2;INF740K01QJ8;1048.8928;1047.8439;1048.8928;07-Jul-2015
119237;DSP Strategic Bond Fund - Direct Plan - IDCW - Weekly;INF740KA1OY8;INF740KA1OZ5;1020.5866;1019.5660;1020.5866;07-Jul-2015
105669;DSP Strategic Bond Fund - Regular Plan - Growth;INF740K01GK7;;1672.3202;1670.6479;1672.3202;07-Jul-2015
105668;DSP Strategic Bond Fund - Regular Plan - IDCW;INF740K01GO9;INF740K01GN1;1122.4279;1121.3055;1122.4279;07-Jul-2015
111786;DSP Strategic Bond Fund - Regular Plan - IDCW - Daily;;INF740KA1PA5;1024.1551;1023.1309;1024.1551;07-Jul-2015
105667;DSP Strategic Bond Fund - Regular Plan - IDCW - Monthly;INF740K01GM3;INF740K01GL5;1034.4559;1033.4214;1034.4559;07-Jul-2015
105878;DSP Strategic Bond Fund - Regular Plan - IDCW - Weekly;INF740K01GQ4;INF740K01GP6;1020.1637;1019.1435;1020.1637;07-Jul-2015

Franklin Templeton Mutual Fund
118495;Franklin India Dynamic Accrual Fund - Direct - Growth;INF090I01HB8;;48.8446;47.3793;48.8446;07-Jul-2015
118496;Franklin India Dynamic Accrual Fund - Direct - IDCW ;INF090I01GZ9;INF090I01HA0;11.6376;11.2885;11.6376;07-Jul-2015
100498;Franklin India Dynamic Accrual Fund - IDCW ;INF090I01BN6;INF090I01BO4;11.4244;11.0817;11.4244;07-Jul-2015
100499;Franklin India Dynamic Accrual Fund-Growth;INF090I01BP1;;48.0510;46.6095;48.0510;07-Jul-2015

HDFC Mutual Fund
101872;HDFC Dynamic Debt Fund - Growth Option;INF179K01848;;48.0453;47.8051;48.0453;07-Jul-2015
119075;HDFC Dynamic Debt Fund - Growth Option - Direct Plan;INF179K01WB4;;49.0496;48.8044;49.0496;07-Jul-2015
119072;HDFC Dynamic Debt Fund - Half Yearly IDCW - Direct Plan;INF179K01WC2;INF179K01WD0;11.8934;11.8339;11.8934;07-Jul-2015
101874;HDFC Dynamic Debt Fund - Half Yearly IDCW Option;INF179K01855;INF179K01863;11.3222;11.2656;11.3222;07-Jul-2015
133369;HDFC Dynamic Debt Fund - Normal IDCW - Direct Plan;INF179KA1Q95;;10.3256;10.2740;10.3256;07-Jul-2015
133370;HDFC Dynamic Debt Fund - Normal IDCW Option;INF179KA1R11;;10.2929;10.2414;10.2929;07-Jul-2015
119073;HDFC Dynamic Debt Fund - Quarterly IDCW - Direct Plan;INF179K01WE8;INF179K01WF5;11.9235;11.8639;11.9235;07-Jul-2015
101873;HDFC Dynamic Debt Fund - Quarterly IDCW Option;INF179K01871;INF179K01889;11.6560;11.5977;11.6560;07-Jul-2015
119074;HDFC Dynamic Debt Fund - Yearly IDCW - Direct Plan;INF179K01WG3;INF179K01WH1;12.5849;12.5220;12.5849;07-Jul-2015
101875;HDFC Dynamic Debt Fund - Yearly IDCW Option;INF179K01921;INF179K01939;12.2916;12.2301;12.2916;07-Jul-2015

HSBC Mutual Fund
120048;HSBC Dynamic Bond Fund - Direct Growth;INF336L01CO3;;19.6495;19.6495;19.6495;07-Jul-2015
120047;HSBC Dynamic Bond Fund - Direct Monthly IDCW;;INF336L01CN5;10.0697;10.0697;10.0697;07-Jul-2015
106736;HSBC Dynamic Bond Fund - Growth;INF336L01545;;18.8027;18.8027;18.8027;07-Jul-2015
106737;HSBC Dynamic Bond Fund - Regular Growth;INF336L01461;;19.266;19.266;19.266;07-Jul-2015
106738;HSBC Dynamic Bond Fund - Regular Monthly IDCW;;INF336L01453;10.9543;10.9543;10.9543;07-Jul-2015

ICICI Prudential Mutual Fund
113218;ICICI Prudential All Seasons Bond Fund - Annual IDCW;INF109K01GO7;INF109K01GP4;11.8295;11.7704;11.8295;07-Jul-2015
130937;ICICI Prudential All Seasons Bond Fund - Bonus;INF109KA1H36;;11.0404;10.9852;11.0404;07-Jul-2015
120601;ICICI Prudential All Seasons Bond Fund - Direct Plan - Annual IDCW;INF109K012E4;INF109K013E2;11.7913;11.7323;11.7913;07-Jul-2015
120603;ICICI Prudential All Seasons Bond Fund - Direct Plan - Growth;INF109K016E5;;16.8997;16.8152;16.8997;07-Jul-2015
120600;ICICI Prudential All Seasons Bond Fund - Direct Plan - IDCW;INF109K014E0;INF109K015E7;11.7931;11.7341;11.7931;07-Jul-2015
120602;ICICI Prudential All Seasons Bond Fund - Direct Plan - Quarterly IDCW;INF109K017E3;INF109K018E1;11.0547;10.9994;11.0547;07-Jul-2015
120604;ICICI Prudential All Seasons Bond Fund - Direct Plan - Weekly IDCW;INF109K019E9;INF109K010F5;10.4887;10.4363;10.4887;07-Jul-2015
130938;ICICI Prudential All Seasons Bond Fund - Direct Plan Bonus;INF109KA1H28;;11.1985;11.1425;11.1985;07-Jul-2015
112096;ICICI Prudential All Seasons Bond Fund - Growth;INF109K01GN9;;16.7982;16.7142;16.7982;07-Jul-2015
112097;ICICI Prudential All Seasons Bond Fund - IDCW;INF109K01GK5;INF109K01GL3;11.3124;11.2558;11.3124;07-Jul-2015
112094;ICICI Prudential All Seasons Bond Fund - Premium Growth Option;INF109K01GM1;;16.6746;16.5912;16.6746;07-Jul-2015
113403;ICICI Prudential All Seasons Bond Fund - Quarterly IDCW;INF109K01GE8;INF109K01GF5;10.8181;10.7640;10.8181;07-Jul-2015
101351;ICICI Prudential All Seasons Bond Fund - Weekly IDCW;INF109K01FD2;INF109K01704;10.4564;10.4041;10.4564;07-Jul-2015
101350;ICICI Prudential All Seasons Bond Fund Retail - Cumulative;INF109K01712;;31.9338;31.7741;31.9338;07-Jul-2015
113417;ICICI Prudential All Seasons Bond Fund Retail - Quarterly Dividend;INF109K01GG3;INF109K01GH1;10.9778;10.9229;10.9778;07-Jul-2015

IDBI Mutual Fund
118428;IDBI Dynamic Bond Fund Annual IDCW Direct;INF397L01BR0;;10.2994;10.1964;10.2994;07-Jul-2015
116582;IDBI Dynamic Bond Fund Annual IDCW Regular;INF397L01638;;10.2584;10.1558;10.2584;07-Jul-2015
116583;IDBI Dynamic Bond Fund Growth;INF397L01661;;12.5177;12.3925;12.5177;07-Jul-2015
116811;IDBI Dynamic Bond Fund Growth Direct;INF397L01BN9;;12.6428;12.5164;12.6428;07-Jul-2015
118429;IDBI Dynamic Bond Fund Quarterly IDCW Direct;INF397L01BO7;INF397L01BP4;11.0749;10.9642;11.0749;07-Jul-2015
116810;IDBI Dynamic Bond Fund Quarterly IDCW Regular;INF397L01604;INF397L01612;10.3880;10.2841;10.3880;07-Jul-2015

JM Financial Mutual Fund
120432;JM Dynamic Bond Fund (Direct) - Daily IDCW;;INF192K01CZ8;10.0068;10.0068;10.0068;07-Jul-2015
120434;JM Dynamic Bond Fund (Direct) - IDCW;INF192K01DB7;INF192K01DC5;22.1390;22.1390;22.1390;07-Jul-2015
133414;JM Dynamic Bond Fund (Direct) - Monthly IDCW;INF192K01IL5;INF192K01IM3;22.1578;22.1578;22.1578;07-Jul-2015
120433;JM Dynamic Bond Fund (Direct) - Weekly IDCW;;INF192K01DA9;10.5569;10.5569;10.5569;07-Jul-2015
122323;JM Dynamic Bond Fund (Regular) - Bonus Option - Principal Units;INF192K01EX9;;21.7118;21.7118;21.7118;07-Jul-2015
105639;JM Dynamic Bond Fund (Regular) - Daily IDCW;;INF192K01668;10.0065;10.0065;10.0065;07-Jul-2015
101806;JM Dynamic Bond Fund (Regular) - Growth Option;INF192K01700;;21.7116;21.7116;21.7116;07-Jul-2015
133389;JM Dynamic Bond Fund (Regular) - Half Yearly Bonus Option - Principal Units;INF192K01IN1;;21.7381;21.7381;21.7381;07-Jul-2015
101805;JM Dynamic Bond Fund (Regular) - IDCW;INF192K01684;INF192K01692;21.7837;21.7837;21.7837;07-Jul-2015
133390;JM Dynamic Bond Fund (Regular) - Monthly IDCW;INF192K01IJ9;INF192K01IK7;21.8136;21.8136;21.8136;07-Jul-2015
105637;JM Dynamic Bond Fund (Regular) - Weekly IDCW;;INF192K01676;10.5459;10.5459;10.5459;07-Jul-2015
101807;JM Dynamic Bond Fund (Regular)- Premium Plan IDCW;INF192K01734;INF192K01742;10.3588;10.3588;10.3588;07-Jul-2015
122315;JM Dynamic Bond Fund - (Direct) - Bonus Option-Principal Units;INF192K01EZ4;;21.9345;21.9345;21.9345;07-Jul-2015
120435;JM Dynamic Bond Fund - (Direct) - Growth Option;INF192K01DD3;;21.9604;21.9604;21.9604;07-Jul-2015
133388;JM Dynamic Bond Fund - (Direct) - Half Yearly Bonus Option - Principal Units;INF192K01IP6;;21.9958;21.9958;21.9958;07-Jul-2015
105638;JM Dynamic Bond Fund - Premium Plan - Daily Dividend Option;;INF192K01718;10.0064;10.0064;10.0064;07-Jul-2015
101808;JM Dynamic Bond Fund - Premium Plan - Growth Option;INF192K01759;;20.9931;20.9931;20.9931;07-Jul-2015

Kotak Mahindra Mutual Fund
119754;Kotak Dynamic Bond Fund - Daily Dividend - Direct;INF174K01JW8;;10.0385;10.0385;10.0385;07-Jul-2015
119753;Kotak Dynamic Bond Fund - Direct Plan - Standard Income Distribution cum capital withdrawal option;INF174K01JX6;;10.4583;10.4583;10.4583;07-Jul-2015
119755;Kotak Dynamic Bond Fund - Growth - Direct;INF174K01JU2;;17.817;17.817;17.817;07-Jul-2015
119756;Kotak Dynamic Bond Fund - Weekly Dividend Direct;INF174K01JV0;;11.9133;11.9133;11.9133;07-Jul-2015
117998;Kotak Dynamic Bond Fund Regular Plan - Standard Income Distribution cum capital withdrawal option;INF174K01IY6;INF174K01IZ3;10.8207;10.8207;10.8207;07-Jul-2015
108500;Kotak Dynamic Bond Fund Regular Plan Daily Dividend;INF174K01FB0;;10.0383;10.0383;10.0383;07-Jul-2015
108511;Kotak Dynamic Bond Fund Regular Plan Growth;INF174K01FA2;;17.5467;17.5467;17.5467;07-Jul-2015
108512;Kotak Dynamic Bond Fund Regular Plan Weekly Dividend;INF174K01FC8;;10.3433;10.3433;10.3433;07-Jul-2015

L&T Mutual Fund
119428;L&T Flexi Bond Fund - Direct Plan- Growth;INF917K01HA0;;15.1368;15.0611;15.1368;07-Jul-2015
119427;L&T Flexi Bond Fund - Direct Plan- IDCW;INF917K01GY2;;10.4678;10.4155;10.4678;07-Jul-2015
118053;L&T Flexi Bond Fund - Regular Plan - Growth;INF677K01916;;14.9851;14.9102;14.9851;07-Jul-2015
118054;L&T Flexi Bond Fund - Regular Plan - IDCW;INF677K01924;INF677K01932;10.5945;10.5415;10.5945;07-Jul-2015
118052;L&T Flexi Bond Fund - Retail Plan Dividend Option;INF677K01890;INF677K01908;10.8003;10.7463;10.8003;07-Jul-2015
118051;L&T Flexi Bond Fund - Retail Plan Growth Option;INF677K01882;;18.5768;18.4839;18.5768;07-Jul-2015

Navi Mutual Fund
117836;ESSEL FLEXIBLE INCOME FUND - QUARTERLY DIVIDEND;INF959L01510;INF959L01536;10.8467;10.8467;10.8467;07-Jul-2015
117839;ESSEL FLEXIBLE INCOME FUND MONTHLY DIVIDEND;INF959L01502;INF959L01528;10.8078;10.8078;10.8078;07-Jul-2015
119151;ESSEL FLEXIBLE INCOME FUND-DIRECT PLAN-GROWTH OPTION;INF959L01627;;12.0851;12.0851;12.0851;07-Jul-2015
119152;ESSEL FLEXIBLE INCOME FUND-DIRECT PLAN-MONTHLY DIVIDEND OPTION;INF959L01635;INF959L01643;11.0033;11.0033;11.0033;07-Jul-2015
119153;ESSEL FLEXIBLE INCOME FUND-DIRECT PLAN-QUARTERLY DIVIDEND OPTION;INF959L01650;INF959L01668;11.4751;11.4751;11.4751;07-Jul-2015
117810;ESSEL FLEXIBLE INCOME FUND-GROWTH;INF959L01494;;11.7916;11.7916;11.7916;07-Jul-2015

Nippon India Mutual Fund
118750;NIPPON INDIA DYNAMIC BOND FUND - Direct Plan - IDCW Option;INF204K01A33;INF204K01A41;14.8029;14.6549;14.8029;07-Jul-2015
118749;NIPPON INDIA DYNAMIC BOND FUND - Direct Plan - QUARTERLY IDCW Option;INF204K01A58;INF204K01A66;10.2324;10.1301;10.2324;07-Jul-2015
118747;Nippon India Dynamic Bond Fund - Direct Plan Growth Plan - Growth Option;INF204K01A25;;19.2609;19.0683;19.2609;07-Jul-2015
102851;NIPPON INDIA DYNAMIC BOND FUND - IDCW Option;INF204K01FJ8;INF204K01FK6;13.4651;13.3304;13.4651;07-Jul-2015
117974;NIPPON INDIA DYNAMIC BOND FUND - QUARTERLY IDCW Option;INF204K01XB8;INF204K01XC6;10.2905;10.1876;10.2905;07-Jul-2015
102849;Nippon India Dynamic Bond Fund-Growth Plan-Growth Option;INF204K01FI0;;18.9389;18.7495;18.9389;07-Jul-2015

PGIM India Mutual Fund
120084;PGIM India Dynamic Bond Fund - Direct Plan-Growth Option;INF663L01AD7;;1351.9690;1338.4493;1351.9690;07-Jul-2015
120085;PGIM India Dynamic Bond Fund - Direct Plan-Monthly Dividend Option;INF663L01AF2;INF663L01AE5;1032.8170;1022.4888;1032.8170;07-Jul-2015
116483;PGIM India Dynamic Bond Fund - Dividend Option - Monthly;INF663L01492;INF663L01500;1005.7811;995.7233;1005.7811;07-Jul-2015
116484;PGIM India Dynamic Bond Fund - Dividend Option - Quarterly;INF663L01526;INF663L01534;1067.0244;1056.3542;1067.0244;07-Jul-2015
116485;PGIM India Dynamic Bond Fund - Growth Option;INF663L01484;;1332.2844;1318.9616;1332.2844;07-Jul-2015
122260;PGIM India Dynamic Bond Fund-Bonus Option;INF663L01BF0;;1332.9124;1319.5833;1332.9124;07-Jul-2015

Principal Mutual Fund
119460;Principal Dynamic Bond Fund - Direct Plan - Dividend Option -Annually;INF173K01GI5;INF173K01GJ3;12.6792;12.5524;12.6792;07-Jul-2015
119461;Principal Dynamic Bond Fund - Direct Plan - Growth Option;INF173K01GL9;;24.5328;24.2875;24.5328;07-Jul-2015
100960;Principal Dynamic Bond Fund - Dividend Option -Annual;INF173K01AX7;INF173K01AY5;12.2693;12.1466;12.2693;07-Jul-2015
100963;Principal Dynamic Bond Fund - Growth Option;INF173K01AT5;;24.0737;23.8330;24.0737;07-Jul-2015
100961;Principal Dynamic Bond Fund -Dividend Option - Quarterly;INF173K01AU3;INF173K01AV1;13.1164;12.9852;13.1164;07-Jul-2015
119459;Principal Dynamic Bond Fund- Direct Plan - Dividend Option - Quarterly;INF173K01GM7;INF173K01GN5;13.1991;13.0671;13.1991;07-Jul-2015

quant Mutual Fund
100173;Quant Dynamic Bond-Bonus;INF966L01101;;25.0612;24.9359;25.0612;07-Jul-2015
120831;Quant Dynamic Bond-Bonus Option-Direct Plan;INF966L01762;;25.0612;24.9359;25.0612;07-Jul-2015
100171;Quant Dynamic Bond-Dividend;INF966L01077;INF966L01085;11.5650;11.5072;11.5650;07-Jul-2015
120829;Quant Dynamic Bond-Dividend Option-Direct Plan;INF966L01739;INF966L01747;11.6632;11.6049;11.6632;07-Jul-2015
100172;Quant Dynamic Bond-Growth;INF966L01093;;47.6595;47.4212;47.6595;07-Jul-2015
120830;Quant Dynamic Bond-Growth Option-Direct Plan;INF966L01754;;48.0669;47.8266;48.0669;07-Jul-2015

Quantum Mutual Fund
134494;Quantum Dynamic Bond Fund - Direct Plan Growth Option;INF082J01176;;10.1753;10.1753;10.1753;07-Jul-2015
134493;Quantum Dynamic Bond Fund - Direct Plan Monthly IDCW;INF082J01184;INF082J01192;10.1475;10.1475;10.1475;07-Jul-2015

SBI Mutual Fund
119671;SBI Dynamic Bond Fund - DIRECT PLAN - Growth;INF200K01RD4;;17.4114;17.3679;17.4114;07-Jul-2015
119670;SBI Dynamic Bond Fund - Direct Plan - Income Distribution cum Capital Withdrawal Option (IDCW);INF200K01RB8;INF200K01RC6;12.4482;12.4171;12.4482;07-Jul-2015
102205;SBI Dynamic Bond Fund - REGULAR PLAN - Growth;INF200K01958;;17.1379;17.0951;17.1379;07-Jul-2015
102206;SBI Dynamic Bond Fund - Regular Plan - Income Distribution cum Capital Withdrawal Option (IDCW);INF200K01966;INF200K01974;11.7234;11.6941;11.7234;07-Jul-2015

Tata Mutual Fund
119097;Tata Dynamic Bond Fund- Direct Plan-Growth Option;INF277K01MV5;;22.2562;22.1449;22.2562;07-Jul-2015
101909;Tata Dynamic Bond Fund- Regular Plan - Growth Option;INF277K01360;;21.7299;21.6213;21.7299;07-Jul-2015
101224;Tata Dynamic Bond Fund- Regular Plan - Payout of IDCW Option;INF277K01DE0;INF277K01352;14.4550;14.3827;14.4550;07-Jul-2015
119098;Tata Dynamic Bond- Direct Plan - Payout of IDCW Option;INF277K01MT9;INF277K01MU7;15.0692;14.9939;15.0692;07-Jul-2015
102031;Tata Dynamic Bond Fund B - Dividend;INF277K01DF7;INF277K01378;13.3341;13.2674;13.3341;07-Jul-2015
101910;Tata Dynamic Bond Fund B - Growth;INF277K01386;;21.9825;21.8726;21.9825;07-Jul-2015

Taurus Mutual Fund
114538;Taurus Dynamic Income Fund - Regular Plan - Dividend Option;INF044D01AH8;INF044D01AI6;10.2936;10.2936;10.2936;07-Jul-2015
114537;Taurus Dynamic Income Fund - Regular Plan - Growth Option;INF044D01AK2;;14.0355;14.0355;14.0355;07-Jul-2015
118875;Taurus Dynamic Income Fund-Direct Plan-Dividend Option;INF044D01DA7;INF044D01DB5;10.2971;10.2971;10.2971;07-Jul-2015
118874;Taurus Dynamic Income Fund-Direct Plan-Growth Option;INF044D01CZ6;;14.1946;14.1946;14.1946;07-Jul-2015

Union Mutual Fund
119311;Union Dynamic Bond Fund - Direct Plan - Growth Option;INF582M01799;;13.0313;12.9661;13.0313;07-Jul-2015
119310;Union Dynamic Bond Fund - Direct Plan - IDCW Option;INF582M01815;INF582M01807;13.0313;12.9661;13.0313;07-Jul-2015
116555;Union Dynamic Bond Fund - Growth Option;INF582M01336;;12.8317;12.7675;12.8317;07-Jul-2015
116556;Union Dynamic Bond Fund - IDCW Option;INF582M01351;INF582M01344;12.8317;12.7675;12.8317;07-Jul-2015

UTI Mutual Fund
133180;UTI Dynamic Bond Fund - Direct Plan - Flexi IDCW;INF789FA1S81;INF789FA1S99;10.1713;10.1713;10.1713;07-Jul-2015
120762;UTI Dynamic Bond Fund - Direct Plan - Growth Option;INF789F01XD4;;16.0795;16.0795;16.0795;07-Jul-2015
134788;UTI Dynamic Bond Fund - Direct Plan - Half-Yearly IDCW;INF789FA1S40;INF789FA1S57;10.0513;10.0513;0;07-Jul-2015
120763;UTI Dynamic Bond Fund - Direct Plan - Quarterly IDCW;INF789F01XB8;INF789F01XC6;13.3303;13.3303;13.3303;07-Jul-2015
133852;UTI Dynamic Bond Fund - Regular Plan - Annual IDCW;INF789FA1S08;INF789FA1S16;10.1071;10.1071;0;07-Jul-2015
113077;UTI Dynamic Bond Fund - Regular Plan - Growth Option;INF789F01JQ5;;15.8676;15.8676;15.8676;07-Jul-2015
113078;UTI Dynamic Bond Fund - Regular Plan - Quarterly IDCW;INF789F01JO0;INF789F01JP7;10.9251;10.9251;10.9251;07-Jul-2015

Open Ended Schemes ( Debt Scheme - Corporate Bond Fund )


Aditya Birla Sun Life Mutual Fund
111780;Aditya Birla Sun Life Corporate Bond Fund - Discipline Advantage Plan;INF209K01KK5;;16.3978;16.3568;16.3978;07-Jul-2015
119533;Aditya Birla Sun Life Corporate Bond Fund - Growth - Direct Plan;INF209K01S38;;53.5356;53.4018;53.5356;07-Jul-2015
103178;Aditya Birla Sun Life Corporate Bond Fund - Growth - Regular Plan;INF209K01785;;53.3949;53.2614;53.3949;07-Jul-2015
124832;Aditya Birla Sun Life Corporate Bond Fund -DIRECT - IDCW;INF209KA1KT0;;10.6115;10.5850;10.6115;07-Jul-2015
119532;Aditya Birla Sun Life Corporate Bond Fund -DIRECT - MONTHLY IDCW;INF209K01N90;INF209KA1KU8;11.8116;11.7821;11.8116;07-Jul-2015
124833;Aditya Birla Sun Life Corporate Bond Fund -REGULAR - IDCW;INF209KA1KS2;;10.6414;10.6148;10.6414;07-Jul-2015
103183;Aditya Birla Sun Life Corporate Bond Fund -REGULAR - MONTHLY IDCW;INF209K01983;INF209K01DL8;11.8012;11.7717;11.8012;07-Jul-2015

BNP Paribas Mutual Fund
119983;BNP Paribas Corporate Bond Fund - Direct Plan - Annual Income Distribution cum Capital Withdrawal Option;INF251K01GU4;INF251K01GV2;10.4607;10.4607;10.4607;07-Jul-2015
119984;BNP Paribas Corporate Bond Fund - Direct Plan - Growth Option;INF251K01GP4;;15.4328;15.4328;15.4328;07-Jul-2015
119985;BNP Paribas Corporate Bond Fund - Direct Plan - Monthly Income Distribution cum Capital Withdrawal Option;INF251K01GQ2;INF251K01GR0;10.2867;10.2867;10.2867;07-Jul-2015
119986;BNP Paribas Corporate Bond Fund - Direct Plan - Quarterly Income Distribution cum Capital Withdrawal Option;INF251K01GS8;INF251K01GT6;10.0000;10.0000;10.0000;07-Jul-2015
114100;BNP PARIBAS Corporate Bond Fund - Regular Plan - Annual-Income Distribution cum Capital Withdrawal Option;INF251K01EN4;INF251K01EO2;10.3628;10.3628;10.3628;07-Jul-2015
114099;BNP PARIBAS Corporate Bond Fund - Regular Plan - Growth Option;INF251K01EI4;;17.6111;17.6111;17.6111;07-Jul-2015
114105;BNP PARIBAS Corporate Bond Fund - Regular Plan - Monthly-Income Distribution cum Capital Withdrawal Option;INF251K01EJ2;INF251K01EK0;10.1055;10.1055;10.1055;07-Jul-2015
114097;BNP PARIBAS Corporate Bond Fund - Regular Plan - Quarterly-Income Distribution cum Capital Withdrawal Option;INF251K01EL8;INF251K01EM6;10.1394;10.1394;10.1394;07-Jul-2015
117949;BNP PARIBAS CORPORATE BOND FUND ANNUAL Income Distribution cum Capital Withdrawal OPTION;INF251K01EU9;INF251K01EV7;10.3825;10.3825;10.3825;07-Jul-2015
117951;BNP PARIBAS CORPORATE BOND FUND GROWTH OPTION;INF251K01EP9;;15.2739;15.2739;15.2739;07-Jul-2015
117950;BNP PARIBAS CORPORATE BOND FUND MONTHLY Income Distribution cum Capital Withdrawal OPTION;INF251K01EQ7;INF251K01ER5;10.1052;10.1052;10.1052;07-Jul-2015
117948;BNP PARIBAS CORPORATE BOND FUND QUARTERLY Income Distribution cum Capital Withdrawal OPTION;INF251K01ES3;INF251K01ET1;10.1386;10.1386;10.1386;07-Jul-2015

Canara Robeco Mutual Fund
126685;CANARA ROBECO CORPORATE BOND FUND - DIRECT PLAN - GROWTH OPTION;INF760K01HB2;;11.5392;11.5392;11.5392;07-Jul-2015
126686;CANARA ROBECO CORPORATE BOND FUND - DIRECT PLAN - IDCW (Payout/Reinvestment);INF760K01HC0;INF760K01HD8;10.9020;10.9020;10.9020;07-Jul-2015
126687;CANARA ROBECO CORPORATE BOND FUND - REGULAR PLAN - GROWTH OPTION;INF760K01GY6;;11.5115;11.5115;11.5115;07-Jul-2015
126688;CANARA ROBECO CORPORATE BOND FUND - REGULAR PLAN - IDCW (Payout/Reinvestment);INF760K01GZ3;INF760K01HA4;10.8742;10.8742;10.8742;07-Jul-2015

Franklin Templeton Mutual Fund
118569;Franklin India Corporate Debt Fund - Direct - GROWTH;INF090I01FW8;;50.2759;50.0245;50.2759;07-Jul-2015
100528;Franklin India Corporate Debt Fund - Growth;INF090I01DG6;;49.2030;48.9570;49.2030;07-Jul-2015
100527;Franklin India Corporate Debt Fund - Plan A - Annual - IDCW;INF090I01DH4;INF090I01DI2;16.9547;16.8699;16.9547;07-Jul-2015
118570;Franklin India Corporate Debt Fund - Plan A - Direct - Annual - IDCW;INF090I01FX6;INF090I01FY4;17.3724;17.2855;17.3724;07-Jul-2015
118573;Franklin India Corporate Debt Fund - Plan A - Direct - Half yearly - IDCW;INF090I01FU2;INF090I01FV0;14.4477;14.3755;14.4477;07-Jul-2015
118571;Franklin India Corporate Debt Fund - Plan A - Direct - Monthly - IDCW;INF090I01FQ0;INF090I01FR8;16.1480;16.0673;16.1480;07-Jul-2015
118572;Franklin India Corporate Debt Fund - Plan A - Direct - Quarterly - IDCW;INF090I01FS6;INF090I01FT4;13.8152;13.7461;13.8152;07-Jul-2015
100531;Franklin India Corporate Debt Fund - Plan B - Half yearly - IDCW;INF090I01DN2;INF090I01DO0;13.9607;13.8909;13.9607;07-Jul-2015
100529;Franklin India Corporate Debt Fund - Plan B - Monthly - IDCW;INF090I01DJ0;INF090I01DK8;15.7630;15.6842;15.7630;07-Jul-2015
100530;Franklin India Corporate Debt Fund - Plan B - Quarterly - IDCW;INF090I01DL6;INF090I01DM4;13.4785;13.4111;13.4785;07-Jul-2015

HDFC Mutual Fund
113070;HDFC Corporate Bond Fund - Growth Option;INF179K01DC2;;15.5185;15.3633;15.5185;07-Jul-2015
118987;HDFC Corporate Bond Fund - Growth Option - Direct Plan;INF179K01XD8;;15.5539;15.3984;15.5539;07-Jul-2015
132848;HDFC Corporate Bond Fund - IDCW Option;INF179KA1D33;INF179KA1D25;10.5551;10.4495;10.5551;07-Jul-2015
132849;HDFC Corporate Bond Fund - IDCW Option - Direct Plan;INF179KA1D17;;10.6744;10.5677;10.6744;07-Jul-2015
113071;HDFC Corporate Bond Fund - Quarterly IDCW Option;INF179K01DD0;INF179K01DE8;10.1718;10.0701;10.1718;07-Jul-2015
118986;HDFC Corporate Bond Fund - Quarterly IDCW Option - Direct Plan;INF179K01XB2;INF179K01XC0;10.2448;10.1424;10.2448;07-Jul-2015

ICICI Prudential Mutual Fund
130947;ICICI Prudential Corporate Bond Fund - Bonus;INF109KA1I84;;10.2973;10.2973;10.2973;07-Jul-2015
111988;ICICI Prudential Corporate Bond Fund - Daily IDCW;INF109K01CR9;;10.1269;10.1269;10.1269;07-Jul-2015
120695;ICICI Prudential Corporate Bond Fund - Direct Plan - Daily IDCW;INF109K013B8;;10.1064;10.1064;10.1064;07-Jul-2015
120696;ICICI Prudential Corporate Bond Fund - Direct Plan - Fortnightly IDCW;INF109K014B6;INF109K015B3;10.1317;10.1317;10.1317;07-Jul-2015
120692;ICICI Prudential Corporate Bond Fund - Direct Plan - Growth;INF109K016B1;;14.6564;14.6564;14.6564;07-Jul-2015
131152;ICICI Prudential Corporate Bond Fund - Direct Plan - Half Yearly IDCW Option;INF109KA1N38;INF109KA1N20;10.4442;10.4442;10.4442;07-Jul-2015
120697;ICICI Prudential Corporate Bond Fund - Direct Plan - Monthly IDCW;INF109K017B9;INF109K018B7;10.1055;10.1055;10.1055;07-Jul-2015
120694;ICICI Prudential Corporate Bond Fund - Direct Plan - Quarterly IDCW;INF109K019B5;INF109K012C8;10.8518;10.8518;10.8518;07-Jul-2015
120693;ICICI Prudential Corporate Bond Fund - Direct Plan - Weekly IDCW;INF109K010C2;INF109K011C0;10.0866;10.0866;10.0866;07-Jul-2015
111990;ICICI Prudential Corporate Bond Fund - Fortnightly IDCW;INF109K01SJ2;INF109K01CS7;10.1012;10.1012;10.1012;07-Jul-2015
111987;ICICI Prudential Corporate Bond Fund - Growth;INF109K01CQ1;;14.4011;14.4011;14.4011;07-Jul-2015
111991;ICICI Prudential Corporate Bond Fund - Monthly IDCW;INF109K01SK0;INF109K01CT5;10.0937;10.0937;10.0937;07-Jul-2015
111982;ICICI Prudential Corporate Bond Fund - Premium Daily Dividend;INF109K01CL2;;10.0546;10.0546;10.0546;07-Jul-2015
111985;ICICI Prudential Corporate Bond Fund - Premium Monthly Dividend;INF109K01CO6;;10.0949;10.0949;10.0949;07-Jul-2015
111989;ICICI Prudential Corporate Bond Fund - Weekly IDCW;INF109K01SL8;INF109K01SM6;10.0836;10.0836;10.0836;07-Jul-2015
111992;ICICI Prudential Corporate Bond Fund -Quarterly IDCW;INF109K01SN4;INF109K01SO2;10.5034;10.5034;10.5034;07-Jul-2015
111976;ICICI Prudential Corporate Bond Fund Retail Daily Dividend;INF109K01CF4;;10.0546;10.0546;10.0546;07-Jul-2015
111978;ICICI Prudential Corporate Bond Fund Retail Fort Nightly Dividend;INF109K01SF0;INF109K01CH0;10.1013;10.1013;10.1013;07-Jul-2015
111972;ICICI Prudential Corporate Bond Fund Retail Growth;INF109K01CE7;;15.6574;15.6574;15.6574;07-Jul-2015
111979;ICICI Prudential Corporate Bond Fund Retail Monthly Dividend;INF109K01QM0;INF109K01CI8;10.0938;10.0938;10.0938;07-Jul-2015
111980;ICICI Prudential Corporate Bond Fund Retail Quarterly Dividend;INF109K01FQ4;INF109K01CJ6;10.5104;10.5104;10.5104;07-Jul-2015
111977;ICICI Prudential Corporate Bond Fund Retail Weekly Dividend;INF109K01SE3;INF109K01CG2;10.0887;10.0887;10.0887;07-Jul-2015

Invesco Mutual Fund
106179;Invesco India Corporate Bond Fund - Annual IDCW (Payout / Reinvestment);INF205K01QX3;INF205K01QY1;1437.0240;1422.6538;1437.0240;07-Jul-2015
120500;Invesco India Corporate Bond Fund - Direct Plan - Annual IDCW (Payout / Reinvestment);INF205K01RA9;INF205K01RB7;1441.4721;1427.0574;1441.4721;07-Jul-2015
120499;Invesco India Corporate Bond Fund - Direct Plan - Discretionary IDCW (Payout / Reinvestment);INF205K01RD3;INF205K01RE1;1327.8286;1314.5503;1327.8286;07-Jul-2015
120497;Invesco India Corporate Bond Fund - Direct Plan - Growth;INF205K01RF8;;1660.9440;1644.3346;1660.9440;07-Jul-2015
120496;Invesco India Corporate Bond Fund - Direct Plan - Monthly IDCW (Payout / Reinvestment);INF205K01RG6;INF205K01RH4;1079.1414;1068.3500;1079.1414;07-Jul-2015
120501;Invesco India Corporate Bond Fund - Direct Plan - Quarterly IDCW (Payout / Reinvestment);INF205K01RI2;INF205K01RJ0;1047.9858;1037.5059;1047.9858;07-Jul-2015
116109;Invesco India Corporate Bond Fund - Discretionary IDCW (Payout / Reinvestment);INF205K01RK8;INF205K01RL6;1208.1944;1196.1125;1208.1944;07-Jul-2015
106177;Invesco India Corporate Bond Fund - Growth;INF205K01RM4;;1633.8702;1617.5315;1633.8702;07-Jul-2015
106171;Invesco India Corporate Bond Fund - Monthly IDCW (Payout / Reinvestment);INF205K01RN2;INF205K01RO0;1201.9389;1189.9195;1201.9389;07-Jul-2015
106172;Invesco India Corporate Bond Fund - Quarterly IDCW (Payout / Reinvestment);INF205K01RP7;INF205K01RQ5;1040.6976;1030.2906;1040.6976;07-Jul-2015
106176;Religare Invesco Active Income Fund - Bonus;INF205K01QZ8;;1214.1584;1202.0168;1214.1584;07-Jul-2015
120498;Religare Invesco Active Income Fund - Direct Plan - Bonus;INF205K01RC5;;1233.9965;1221.6565;1233.9965;07-Jul-2015
106173;Religare Invesco Active Income Fund - Plan B - Growth;INF205K01RR3;;1459.6454;1445.0489;1459.6454;07-Jul-2015
106174;Religare Invesco Active Income Fund - Plan B - MonthlyDividend;;INF205K01510;1319.3613;1306.1677;1319.3613;07-Jul-2015

Kotak Mahindra Mutual Fund
133770;Kotak Coporate Bond Fund- Retail Plan-Growth Option;;;1823.394;1805.1601;1823.394;07-Jul-2015
133791;Kotak Corporate Bond Fund- Direct Plan- Growth Option;INF178L01BY0;;1875.2319;1856.4796;1875.2319;07-Jul-2015
133792;Kotak Corporate Bond Fund- Direct Plan- Monthly Payout of Income Distribution cum capital withdrawal option;INF178L01BZ7;;1056.9444;1046.375;1056.9444;07-Jul-2015
133772;Kotak Corporate Bond Fund- Institutional Plan-Growth Option;INF178L01921;;1867.9364;1849.257;1867.9364;07-Jul-2015
133782;Kotak Corporate Bond Fund- Regular Plan-Growth Option;INF178L01BO1;;1850.3046;1831.8016;1850.3046;07-Jul-2015
133787;Kotak Corporate Bond Fund- Regular Plan-Monthly Dividend Option;INF178L01BQ6;INF178L01BP8;1032.1471;1021.8256;1032.1471;07-Jul-2015
133777;Kotak Corporate Bond Fund- Regular Plan-Quarterly Dividend Option;INF178L01BR4;;1037.8813;1027.5025;1037.8813;07-Jul-2015
133779;Kotak Corporate Bond Fund- Retail Plan- Monthly Dividend Option;INF178L01855;;1048.3929;1037.909;1048.3929;07-Jul-2015
133771;Kotak Corporate Bond Fund- Retail Plan- Weekly Dividend Option;INF178L01897;;1076.5185;1065.7533;1076.5185;07-Jul-2015
133783;Kotak Corporate Bond Fund- Retail Plan-Daily Dividend Option;;;1075.3852;1064.6313;1075.3852;07-Jul-2015
133776;Kotak Corporate Bond Fund- Standard Plan-Daily Dividend Option;INF178L01BU8;;1073.8557;1063.1171;1073.8557;07-Jul-2015
133786;Kotak Corporate Bond Fund- Standard Plan-Weekly Dividend Option;;INF178L01BT0 ;1076.0475;1065.287;1076.0475;07-Jul-2015

L&T Mutual Fund
119844;L&T Triple Ace Bond Fund - Direct Plan -Growth;INF917K01HN3;;37.0282;36.4728;37.0282;07-Jul-2015
119846;L&T Triple Ace Bond Fund - Direct Plan -Semi Annual IDCW;INF917K01HR4;INF917K01HQ6;15.4611;15.2292;15.4611;07-Jul-2015
112414;L&T Triple Ace Bond Fund - Regular Plan - Quarterly IDCW;INF917K01AF4;INF917K01AG2;11.8279;11.6505;11.8279;07-Jul-2015
119847;L&T Triple Ace Bond Fund -Direct Plan- Quarterly IDCW;INF917K01HP8;INF917K01HO1;12.4480;12.2613;12.4480;07-Jul-2015
112420;L&T Triple Ace Bond Fund -Regular Plan - Bonus;INF917K01AK4;;13.8386;13.6310;13.8386;07-Jul-2015
112416;L&T Triple Ace Bond Fund -Regular Plan - Semi Annual IDCW;INF917K01AI8;INF917K01AJ6;15.2093;14.9812;15.2093;07-Jul-2015
112410;L&T Triple Ace Bond Fund-Regular Plan-Growth;INF917K01AH0;;36.4317;35.8852;36.4317;07-Jul-2015

Nippon India Mutual Fund
109472;NIPPON INDIA CORPORATE BOND FUND - DAILY IDCW Option;;INF204K01EG7;17.0959;17.0959;17.0959;07-Jul-2015
118808;NIPPON INDIA CORPORATE BOND FUND - DIRECT Plan - DAILY IDCW Option;;INF204K01C23;17.0959;17.0959;17.0959;07-Jul-2015
125266;NIPPON INDIA CORPORATE BOND FUND - DIRECT Plan - IDCW Option;INF204KA1EO9;INF204KA1EP6;10.5505;10.5505;10.5505;07-Jul-2015
118809;NIPPON INDIA CORPORATE BOND FUND - DIRECT Plan - MONTHLY IDCW Option;INF204K01C56;INF204K01C64;10.8287;10.8287;10.8287;07-Jul-2015
118811;NIPPON INDIA CORPORATE BOND FUND - DIRECT Plan - QUARTERLY IDCW Option;INF204K01C72;INF204K01C80;11.3279;11.3279;11.3279;07-Jul-2015
118812;NIPPON INDIA CORPORATE BOND FUND - DIRECT Plan - WEEKLY IDCW Option;INF204K01C31;INF204K01C49;17.0959;17.0959;17.0959;07-Jul-2015
118807;Nippon India Corporate Bond Fund - Direct Plan Growth Plan - Bonus;INF204K01D63;;21.2943;21.2943;21.2943;07-Jul-2015
118814;Nippon India Corporate Bond Fund - Direct Plan Growth Plan - Growth Option;INF204K01C15;;29.8260;29.8260;29.8260;07-Jul-2015
100859;Nippon India Corporate Bond Fund - Growth Plan - Bonus Option;INF204KA12N8;;21.1219;21.1219;21.1219;07-Jul-2015
100856;Nippon India Corporate Bond Fund - Growth Plan - Growth Option;INF204K01EF9;;29.5745;29.5745;29.5745;07-Jul-2015
125267;NIPPON INDIA CORPORATE BOND FUND - IDCW Option;INF204KA1EM3;INF204KA1EN1;10.5308;10.5308;10.5308;07-Jul-2015
100857;NIPPON INDIA CORPORATE BOND FUND - MONTHLY IDCW Option;INF204K01EJ1;INF204K01EK9;10.7777;10.7777;10.7777;07-Jul-2015
100858;NIPPON INDIA CORPORATE BOND FUND - QUARTERLY IDCW Option;INF204K01EL7;INF204K01EM5;11.2584;11.2584;11.2584;07-Jul-2015
109473;NIPPON INDIA CORPORATE BOND FUND - WEEKLY IDCW Option;INF204K01EH5;INF204K01EI3;17.0959;17.0959;17.0959;07-Jul-2015

Principal Mutual Fund
119479;Principal Corporate Bond Fund  - Direct Plan -Growth Option;INF173K01HM5;;25.2628;25.0102;25.2628;07-Jul-2015
102169;Principal Corporate Bond Fund - Dividend - Monthly;INF173K01312;INF173K01320;10.2720;10.1693;10.2720;07-Jul-2015
102170;Principal Corporate Bond Fund - Dividend - Quarterly;INF173K01338;INF173K01346;11.9628;11.8432;11.9628;07-Jul-2015
119478;Principal Corporate Bond Fund -Direct Plan - Dividend Option - Quarterly;INF173K01HS2;INF173K01HT0;12.0395;11.9191;12.0395;07-Jul-2015
102171;Principal Corporate Bond Fund -Growth;INF173K01288;;24.7558;24.5082;24.7558;07-Jul-2015

Sundaram Mutual Fund
119621;Sundaram Corporate Bond Fund Direct Plan - Growth;INF903J01NR4;;19.6453;19.6453;19.6453;07-Jul-2015
119622;Sundaram Corporate Bond Fund Direct Plan - Income Distribution cum Capital Withdrawal(IDCW);INF903J01NS2;INF903J01NT0;10.4011;10.4011;10.4011;07-Jul-2015
100786;Sundaram Corporate Bond Fund Regular Plan - Income Distribution cum Capital Withdrawal (IDCW );INF903J01HY2;INF903J01IC6;12.6705;12.6705;12.6705;07-Jul-2015
100785;Sundaram Corporate Bond Fund Regular Plan -Income Distribution cum Capital Withdrawal(IDCW);INF903J01HX4;INF903J01IB8;10.1670;10.1670;10.1670;07-Jul-2015
100789;Sundaram Corporate Bond Fund Regular Plan- Growth;INF903J01HW6;;19.5814;19.5814;19.5814;07-Jul-2015
100788;Sundaram Corporate Bond Fund Regular Plan- Income Distribution cum Capital Withdrawal (IDCW);INF903J01IA0;INF903J01IE2;12.0313;12.0313;12.0313;07-Jul-2015

Tata Mutual Fund
106130;Tata Corporate Bond Fund -Regular Plan  -  Daily Dividend;;INF277K01AA4;1008.4750;1008.4750;1008.4750;07-Jul-2015
116516;Tata Corporate Bond Fund Retail Investment Plan Daily Dividend Option;;INF277K01GD5;1003.3596;1003.3596;1003.3596;07-Jul-2015
106128;Tata Corporate Bond Fund Retail Investment Plan Growth;INF277K01AD8;;1866.2842;1866.2842;1866.2842;07-Jul-2015
106123;Tata Corporate Bond Fund Retail Investment Plan Monthly Dividend;INF277K01CV6;INF277K01AE6;1004.8164;1004.8164;1004.8164;07-Jul-2015
119102;Tata Corporate Bond Fund- Direct Plan-Daily Dividend;;INF277K013D0;1008.5144;1008.5144;1008.5144;07-Jul-2015
119104;Tata Corporate Bond Fund- Direct Plan-Growth;INF277K01QT0;;1911.0735;1911.0735;1911.0735;07-Jul-2015
119105;Tata Corporate Bond Fund- Direct Plan-Monthly Dividend;INF277K01QU8;INF277K01QV6;1004.5260;1004.5260;1004.5260;07-Jul-2015
119103;Tata Corporate Bond Fund- Direct Plan-Weekly Dividend;INF277K014D8;INF277K015D5;1011.6437;1011.6437;1011.6437;07-Jul-2015
106129;Tata Corporate Bond Fund -Regular Plan -  Growth;INF277K01998;;1881.8111;1881.8111;1881.8111;07-Jul-2015
106132;Tata Corporate Bond Fund -Regular Plan -  Monthly Dividend;INF277K01CT0;INF277K01AB2;1004.3140;1004.3140;1004.3140;07-Jul-2015
106131;Tata Corporate Bond Fund-Regular Plan - Weekly Dividend;INF277K01CU8;INF277K01AC0;1010.7348;1010.7348;1010.7348;07-Jul-2015

Open Ended Schemes ( Debt Scheme - Credit Risk Fund )


Aditya Birla Sun Life Mutual Fund
134385;Aditya Birla Sun Life Credit Risk Fund - Direct - IDCW;INF209KA1K96;INF209KA1L04;10.2012;10.2012;10.2012;07-Jul-2015
134388;Aditya Birla Sun Life Credit Risk Fund - Direct Plan - Bonus;INF209KA1L12;;10.2012;10.2012;10.2012;07-Jul-2015
134387;Aditya Birla Sun Life Credit Risk Fund - Direct Plan - Growth;INF209KA1K88;;10.2012;10.2012;10.2012;07-Jul-2015
134386;Aditya Birla Sun Life Credit Risk Fund - Regular - IDCW;INF209KA1K54;INF209KA1K62;10.1839;10.1839;10.1839;07-Jul-2015
134384;Aditya Birla Sun Life Credit Risk Fund - Regular Plan - Bonus;INF209KA1K70;;10.1963;10.1963;10.1963;07-Jul-2015
134383;Aditya Birla Sun Life Credit Risk Fund - Regular Plan - Growth;INF209KA1K47;;10.1840;10.1840;10.1840;07-Jul-2015

Axis Mutual Fund
130314;Axis Credit Risk Fund - Direct Plan - Growth;INF846K01PJ5;;11.1166;11.0054;11.1166;07-Jul-2015
130312;Axis Credit Risk Fund - Direct Plan - Monthly IDCW;INF846K01PM9;INF846K01PN7;10.0674;9.9667;10.0674;07-Jul-2015
130311;Axis Credit Risk Fund - Direct Plan - Weekly IDCW;INF846K01PK3;INF846K01PL1;10.1543;10.0528;10.1543;07-Jul-2015
130309;Axis Credit Risk Fund - Regular Plan - Growth;INF846K01PO5;;11.0280;10.9177;11.0280;07-Jul-2015
130313;Axis Credit Risk Fund - Regular Plan - Monthly IDCW;INF846K01PR8;INF846K01PS6;10.0615;9.9609;10.0615;07-Jul-2015
130310;Axis Credit Risk Fund - Regular Plan - Weekly IDCW;INF846K01PP2;INF846K01PQ0;10.1434;10.0420;10.1434;07-Jul-2015

Bank of India Mutual Fund
133868;BANK OF INDIA Credit Risk  Fund - Direct Plan;INF761K01DG8;;10.2748;9.8638;10.2748;07-Jul-2015
133867;BANK OF INDIA Credit Risk Fund - Regular Plan;INF761K01DH6;;10.2704;9.8596;10.2704;07-Jul-2015

Baroda BNP Paribas Mutual Fund
133520;Baroda BNP Paribas Credit Risk Fund -Direct- Monthly IDCW;INF955L01FZ9;;10.4771;10.3723;10.4771;07-Jul-2015
133524;Baroda BNP Paribas Credit Risk Fund -Direct- Quarterly IDCW;INF955L01GA0;;10.3366;10.2332;10.3366;07-Jul-2015
133488;Baroda BNP Paribas Credit Risk Fund -Direct-Growth Option;INF955L01FR6;;10.5473;10.4418;10.5473;07-Jul-2015
133525;Baroda BNP Paribas Credit Risk Fund -Plan A -Bonus Option;INF955L01FT2;;10.4969;10.3919;10.4969;07-Jul-2015
133678;Baroda BNP Paribas Credit Risk Fund -Plan B(Direct)-Bonus Option;INF955L01FY2;;10.5473;10.4418;10.5473;07-Jul-2015
133486;Baroda BNP Paribas Credit Risk Fund -Regular-Growth Option;INF955L01FP0;;10.4969;10.3919;10.4969;07-Jul-2015
133517;Baroda BNP Paribas Credit Risk Fund -Regular-Monthly IDCW;INF955L01FU0;;10.4267;10.3224;10.4267;07-Jul-2015
133518;Baroda BNP Paribas Credit Risk Fund -Regular-Quarterly IDCW;INF955L01FV8;;10.2863;10.1834;10.2863;07-Jul-2015

DSP Mutual Fund
119084;DSP Credit Risk Fund - Direct Plan -  IDCW - Monthly;INF740K01OV8;INF740K01OW6;10.3866;10.2827;10.3866;07-Jul-2015
119082;DSP Credit Risk Fund - Direct Plan - Growth;INF740K01OS4;;23.1661;22.9344;23.1661;07-Jul-2015
119083;DSP Credit Risk Fund - Direct Plan - IDCW;INF740K01OT2;INF740K01OU0;11.3795;11.2657;11.3795;07-Jul-2015
119087;DSP Credit Risk Fund - Direct Plan - IDCW - Daily;;INF740KA1NX2;10.1227;10.0215;10.1227;07-Jul-2015
119085;DSP Credit Risk Fund - Direct Plan - IDCW - Quarterly ;INF740K01OX4;INF740K01OY2;10.4243;10.3201;10.4243;07-Jul-2015
119086;DSP Credit Risk Fund - Direct Plan - IDCW - Weekly;INF740KA1NY0;INF740KA1NZ7;10.1410;10.0396;10.1410;07-Jul-2015
101839;DSP Credit Risk Fund - Regular Plan - IDCW;INF740K01581;INF740K01AB9;11.3408;11.2274;11.3408;07-Jul-2015
101840;DSP Credit Risk Fund - Regular Plan - IDCW - Daily;;INF740KA1OA8;10.1227;10.0215;10.1227;07-Jul-2015
117061;DSP Credit Risk Fund - Regular Plan - IDCW - Monthly;INF740K01JW6;INF740K01JV8;10.3714;10.2677;10.3714;07-Jul-2015
117062;DSP Credit Risk Fund - Regular Plan - IDCW - Quarterly ;INF740K01JY2;INF740K01JX4;10.3986;10.2946;10.3986;07-Jul-2015
101838;DSP Credit Risk Fund - Regular Plan - IDCW - Weekly;INF740K01FR4;INF740K01FQ6;10.1403;10.0389;10.1403;07-Jul-2015
101837;DSP Credit Risk Fund - Regular Plan -Growth;INF740K01599;;22.8507;22.6222;22.8507;07-Jul-2015

Franklin Templeton Mutual Fund
118553;Franklin India Credit Risk Fund - Direct - Growth;INF090I01JL3;;14.7074;14.2662;14.7074;07-Jul-2015
118552;Franklin India Credit Risk Fund - Direct - IDCW ;INF090I01JJ7;INF090I01JK5;11.3134;10.9740;11.3134;07-Jul-2015
116153;Franklin India Credit Risk Fund - Growth;INF090I01ET7;;14.3999;13.9679;14.3999;07-Jul-2015
116154;Franklin India Credit Risk Fund - IDCW ;INF090I01ES9;INF090I01ER1;11.0426;10.7113;11.0426;07-Jul-2015

HDFC Mutual Fund
128053;HDFC Credit Risk Debt Fund - Growth Option;INF179KA1GC0;;11.4730;11.2435;11.4730;07-Jul-2015
128051;HDFC Credit Risk Debt Fund - Growth Option - Direct Plan;INF179KA1FZ3;;11.5823;11.3507;11.5823;07-Jul-2015
133148;HDFC Credit Risk Debt Fund - IDCW Option;INF179KA1I87;INF179KA1I79;10.5639;10.3526;10.5639;07-Jul-2015
133147;HDFC Credit Risk Debt Fund - IDCW Option - Direct Plan;INF179KA1I61;INF179KA1I53;10.1524;9.9494;10.1524;07-Jul-2015
128050;HDFC Credit Risk Debt Fund - Quarterly IDCW - Direct Plan;INF179KA1GA4;INF179KA1GB2;10.4983;10.2883;10.4983;07-Jul-2015
128052;HDFC Credit Risk Debt Fund - Quarterly IDCW Option;INF179KA1GD8;INF179KA1GE6;10.4735;10.2640;10.4735;07-Jul-2015

ICICI Prudential Mutual Fund
134342;ICICI Prudential Credit Risk Fund - Annual IDCW;INF109KB1AF0;INF109KB1AG8;10.2504;10.1479;10.2504;07-Jul-2015
130943;ICICI Prudential Credit Risk Fund - Bonus;INF109KA1I27;;10.8565;10.7479;10.8565;07-Jul-2015
134341;ICICI Prudential Credit Risk Fund - Direct Plan - Annual IDCW;INF109KB1AD5;INF109KB1AE3;10.2516;10.1491;10.2516;07-Jul-2015
120711;ICICI Prudential Credit Risk Fund - Direct Plan - Growth;INF109K01V00;;15.3029;15.1499;15.3029;07-Jul-2015
120710;ICICI Prudential Credit Risk Fund - Direct Plan - Half Yearly IDCW;INF109K01V18;INF109K01V26;10.7881;10.6802;10.7881;07-Jul-2015
120709;ICICI Prudential Credit Risk Fund - Direct Plan - Quarterly IDCW;INF109K01V34;INF109K01V42;10.8546;10.7461;10.8546;07-Jul-2015
130944;ICICI Prudential Credit Risk Fund - Direct Plan Bonus;INF109KA1I19;;10.8876;10.7787;10.8876;07-Jul-2015
114239;ICICI Prudential Credit Risk Fund - Growth;INF109K01GU4;;14.9721;14.8224;14.9721;07-Jul-2015
114241;ICICI Prudential Credit Risk Fund - Half Yearly IDCW;INF109K01GX8;INF109K01GY6;10.4485;10.3440;10.4485;07-Jul-2015
114240;ICICI Prudential Credit Risk Fund - Quarterly IDCW;INF109K01GV2;INF109K01GW0;10.3105;10.2074;10.3105;07-Jul-2015

IDBI Mutual Fund
128337;IDBI Credit Risk Fund Annual IDCW - Direct Plan;INF397L01GD9;;11.2600;11.0348;11.2600;07-Jul-2015
128332;IDBI Credit Risk Fund Annual IDCW - Regular Plan;INF397L01FX9;;10.4842;10.2745;10.4842;07-Jul-2015
127181;IDBI Credit Risk Fund Growth Direct;INF397L01GG2;;11.4938;11.2639;11.4938;07-Jul-2015
127183;IDBI Credit Risk Fund Growth Regular;INF397L01GH0;;11.3734;11.1459;11.3734;07-Jul-2015
127184;IDBI Credit Risk Fund Quarterly IDCW - Direct Plan;INF397L01GA5;;10.3819;10.1743;10.3819;07-Jul-2015
127182;IDBI Credit Risk Fund Quarterly IDCW - Regular Plan;INF397L01FU5;;10.2484;10.0434;10.2484;07-Jul-2015

Invesco Mutual Fund
130722;Invesco India Credit Risk Fund - Direct Plan - Growth;INF205K01I83;;1095.3511;1073.4441;1095.3511;07-Jul-2015
130724;Invesco India Credit Risk Fund - Direct Plan - Monthly IDCW (Payout / Reinvestment);INF205K01I91;INF205K01J17;1014.6441;994.3512;1014.6441;07-Jul-2015
130726;Invesco India Credit Risk Fund - Regular Plan - Discretionary IDCW (Payout / Reinvestment);INF205K01I59;INF205K01I75;1088.4694;1066.7000;1088.4694;07-Jul-2015
130721;Invesco India Credit Risk Fund - Regular Plan - Growth;INF205K01I34;;1088.4698;1066.7004;1088.4698;07-Jul-2015
130723;Invesco India Credit Risk Fund - Regular Plan - Monthly IDCW (Payout / Reinvestment);INF205K01I42;INF205K01I67;1014.4583;994.1691;1014.4583;07-Jul-2015

Kotak Mahindra Mutual Fund
119740;Kotak Credit Risk Fund - Direct Plan - Standard Income Distribution cum capital withdrawal option;INF174K01MG5;;11.6453;11.4124;11.6453;07-Jul-2015
117716;Kotak Credit Risk Fund - Growth;INF174K01DY7;;15.2624;14.9572;15.2624;07-Jul-2015
119741;Kotak Credit Risk Fund - Growth - Direct;INF174K01LZ7;;15.5046;15.1945;15.5046;07-Jul-2015
117717;Kotak Credit Risk Fund - Monthly Payout of Income Distribution cum capital withdrawal option;INF174K01EC1;INF174K01EB3;10.2479;10.0429;10.2479;07-Jul-2015
119742;Kotak Credit Risk Fund - Monthly Payout of Income Distribution cum capital withdrawal option - Direct;INF174K01MC4;;10.3879;10.1801;10.3879;07-Jul-2015
117718;Kotak Credit Risk Fund - Quarterly Payout of Income Distribution cum capital withdrawal option;INF174K01EE7;INF174K01ED9;10.3845;10.1768;10.3845;07-Jul-2015
117715;Kotak Credit Risk Fund - Regular Plan - Standard Income Distribution cum capital withdrawal option;INF174K01EG2;INF174K01EF4;10.4154;10.2071;10.4154;07-Jul-2015
117719;Kotak Credit Risk Fund - Weekly Payout of Income Distribution cum capital withdrawal option;INF174K01DZ4;;10.0108;9.8106;10.0108;07-Jul-2015
119743;Kotak Credit Risk Fund - Weekly Reinvestment of Income Distribution cum capital withdrawal option- Direct;INF174K01MA8;;10.1655;9.9622;10.1655;07-Jul-2015

L&T Mutual Fund
112629;L&T Credit Risk - Retail Qtly Dividend;INF917K01CS3;INF917K01CT1;10.8797;10.7709;10.8797;07-Jul-2015
119785;L&T Credit Risk Fund - Direct Plan - IDCW;INF917K01UJ4;INF917K01UI6;10.6981;10.5911;10.6981;07-Jul-2015
134331;L&T Credit Risk Fund - Regular Plan - Annual IDCW;INF917K01UN6;INF917K01UM8;10.2682;10.1655;10.2682;07-Jul-2015
112632;L&T Credit Risk Fund - Regular Plan - Growth;INF917K01130;;15.9085;15.7494;15.9085;07-Jul-2015
119786;L&T Credit Risk Fund- Direct Plan - Growth;INF917K01UH8;;16.0279;15.8676;16.0279;07-Jul-2015
112630;L&T Credit Risk Fund- Regular Plan - Bonus;INF917K01CU9;;15.6575;15.5009;15.6575;07-Jul-2015
112631;L&T Credit Risk Fund- Regular Plan - IDCW;INF917K01114;INF917K01122;10.6409;10.5345;10.6409;07-Jul-2015
112628;L&T Credit Risk Retail -Cumulative;INF917K01106;;15.6621;15.5055;15.6621;07-Jul-2015
112627;L&T Credit Risk- Retail Dividend;INF917K01080;INF917K01098;10.4858;10.3809;10.4858;07-Jul-2015

Nippon India Mutual Fund
112938;Nippon India Credit Risk Fund  - Growth Plan;INF204K01FQ3;;19.4194;19.2252;19.4194;07-Jul-2015
112939;Nippon India Credit Risk Fund  - Institutional Growth Plan;INF204K01FT7;;19.9118;19.7127;19.9118;07-Jul-2015
118780;Nippon India Credit Risk Fund - Direct Plan - Growth Plan;INF204K01A74;;19.8316;19.6333;19.8316;07-Jul-2015
132873;NIPPON INDIA CREDIT RISK FUND - DIRECT Plan - IDCW Option;INF204KA1WV6;;10.7367;10.6293;10.7367;07-Jul-2015
118781;NIPPON INDIA CREDIT RISK FUND - DIRECT Plan - QUARTERLY IDCW Option;INF204K01A82;INF204K01A90;13.0310;12.9007;13.0310;07-Jul-2015
132871;NIPPON INDIA CREDIT RISK FUND - IDCW Option;INF204KA1WT0;INF204KA1WS2;10.6529;10.5464;10.6529;07-Jul-2015
112941;NIPPON INDIA CREDIT RISK FUND - QUARTERLY IDCW Option;INF204K01FR1;INF204K01FS9;12.8944;12.7655;12.8944;07-Jul-2015

Principal Mutual Fund
119450;Principal Credit Risk Fund - Direct Plan - Growth Option;INF173K01FX6;;2226.2312;2215.1000;2226.2312;07-Jul-2015
119449;Principal Credit Risk Fund - Direct Plan - Monthly Dividend Option;INF173K01FY4;INF173K01FZ1;1242.3770;1236.1651;1242.3770;07-Jul-2015
102729;Principal Credit Risk Fund - Regular Plan - Growth Option;INF173K01DM4;;2201.4679;2190.4606;2201.4679;07-Jul-2015
102732;Principal Credit Risk Fund - Regular Plan - Monthly Dividend Option;INF173K01BJ4;INF173K01BK2;1239.3560;1233.1592;1239.3560;07-Jul-2015

SBI Mutual Fund
119792;SBI Credit Risk Fund - Direct Plan - Daily Income Distribution cum Capital Withdrawal Option (IDCW);;INF200K01SS0;10.1062;9.803;10.1062;07-Jul-2015
119793;SBI Credit Risk Fund - Direct Plan - Income Distribution cum Capital Withdrawal Option (IDCW);INF200K01ST8;INF200K01SU6;13.4225;13.0198;13.4225;07-Jul-2015
119798;SBI CREDIT RISK FUND - DIRECT PLAN -GROWTH;INF200K01SV4;;22.5003;21.8253;22.5003;07-Jul-2015
118211;SBI Credit Risk Fund - Regular Plan - Daily Income Distribution cum Capital Withdrawal Option (IDCW);;INF200K01QK1;10.1065;9.8033;10.1065;07-Jul-2015
102505;SBI CREDIT RISK FUND - REGULAR PLAN - GROWTH;INF200K01685;;22.2893;21.6206;22.2893;07-Jul-2015
102506;SBI Credit Risk Fund - Regular Plan - Income Distribution cum Capital Withdrawal Option (IDCW);INF200K01693;INF200K01701;13.0409;12.6497;13.0409;07-Jul-2015

Sundaram Mutual Fund
119633;Sundaram Short Term Credit Risk Fund - Direct Plan - Dividend Option;INF903J01OC4;INF903J01OD2;11.1091;11.1091;11.1091;07-Jul-2015
119632;Sundaram Short Term Credit Risk Fund - Direct Plan - Growth Option;INF903J01OE0;;21.0717;21.0717;21.0717;07-Jul-2015
101544;Sundaram Short Term Credit Risk Fund -Dividend;INF903J01EV5;INF903J01EW3;11.1010;11.1010;11.1010;07-Jul-2015
101545;Sundaram Short Term Credit Risk Fund-Appreciation;INF903J01EU7;;21.0566;21.0566;21.0566;07-Jul-2015

UTI Mutual Fund
117981;UTI Credit Risk Fund  - Regular Plan - Growth Option;INF789F01QZ1;;12.6944;12.6944;0;07-Jul-2015
120764;UTI Credit Risk Fund - Direct Plan - Growth Option;INF789F01YB6;;13.1089;13.1089;0;07-Jul-2015
120765;UTI Credit Risk Fund - Direct Plan - Quarterly IDCW;INF789F01YC4;INF789F01YD2;11.2032;11.2032;0;07-Jul-2015
133344;UTI Credit Risk Fund - Regular Plan - Annual IDCW;INF789FA1V60;INF789FA1V78;10.4213;10.4213;0;07-Jul-2015
135051;UTI Credit Risk Fund - Regular Plan - Flexi IDCW;INF789FA1V86;INF789FA1V94;10.002;10.002;0;07-Jul-2015
131418;UTI Credit Risk Fund - Regular Plan - Monthly IDCW;INF789FB1T88;INF789FB1T96;10.2998;10.2998;0;07-Jul-2015
117982;UTI Credit Risk Fund - Regular Plan - Quarterly IDCW;INF789F01RA2;INF789F01RB0;10.9828;10.9828;0;07-Jul-2015

Open Ended Schemes ( Debt Scheme - Banking and PSU Fund )


Aditya Birla Sun Life Mutual Fund
119551;Aditya Birla Sun Life Banking & PSU Debt Fund  - DIRECT - IDCW;INF209KA12Z1;INF209KA13Z9;120.0419;119.7418;120.0419;07-Jul-2015
119552;Aditya Birla Sun Life Banking & PSU Debt Fund  - DIRECT - MONTHLY IDCW;INF209K01YM2;;104.5591;104.2977;104.5591;07-Jul-2015
119553;Aditya Birla Sun Life Banking & PSU Debt Fund  - Direct - Quarterly IDCW;INF209K01YO8;;104.0280;103.7679;104.0280;07-Jul-2015
108272;Aditya Birla Sun Life Banking & PSU Debt Fund  - REGULAR - IDCW;INF209K01LX6;INF209KA11Z3;119.5594;119.2605;119.5594;07-Jul-2015
110282;Aditya Birla Sun Life Banking & PSU Debt Fund  - REGULAR - MONTHLY IDCW;INF209K01LU2;;104.1413;103.8809;104.1413;07-Jul-2015
108274;Aditya Birla Sun Life Banking & PSU Debt Fund  - REGULAR - Quarterly IDCW;INF209K01LN7;;103.7624;103.5030;103.7624;07-Jul-2015
110490;Aditya Birla Sun Life Banking & PSU Debt Fund  - retail - monthly IDCW;INF209K01LR8;;104.1196;103.8593;104.1196;07-Jul-2015
106157;Aditya Birla Sun Life Banking & PSU Debt Fund  - retail - quarterly IDCW;INF209K01LS6;;106.3997;106.1337;106.3997;07-Jul-2015
108273;Aditya Birla Sun Life Banking & PSU Debt Fund - Regular Plan-Growth;INF209K01LV0;;176.5373;176.0960;176.5373;07-Jul-2015
103176;Aditya Birla Sun Life Banking & PSU Debt Fund - Retail Plan-Growth;INF209K01LT4;;265.0082;264.3457;265.0082;07-Jul-2015
119550;Aditya Birla Sun Life Banking & PSU Debt Fund- Direct Plan-Growth;INF209K01YN0;;177.3981;176.9546;177.3981;07-Jul-2015
112015;Aditya Birla Sun Life Treasury Optimizer Plan - Discipline Advantage Plan - Growth;INF209K01KM1;;163.6592;163.2501;163.6592;07-Jul-2015
120533;Aditya Birla Sun Life Banking & PSU Debt Fund - Growth - Direct Plan;INF209K01YL4;;41.9579;41.5383;41.9579;07-Jul-2015
103188;Aditya Birla Sun Life Banking & PSU Debt Fund - Growth - Regular Plan;INF209K01BF4;;41.5212;41.1060;41.5212;07-Jul-2015
133440;Aditya Birla Sun Life Banking & PSU Debt Fund - Monthly Dividend - Direct Plan;;INF209K01YJ8;10.3222;10.2190;10.3222;07-Jul-2015
133439;Aditya Birla Sun Life Banking & PSU Debt Fund - Monthly Dividend - Regular Plan;INF209KA1WN8;;10.2894;10.1865;10.2894;07-Jul-2015
103187;Aditya Birla Sun Life Banking & PSU Debt Fund - Regular Plan;INF209K01BE7;INF209K01EA9;10.8899;10.7810;10.8899;07-Jul-2015
120532;Aditya Birla Sun Life Banking & PSU Debt Fund - Weekly Dividend - Direct Plan;INF209K01YK6;;11.3520;11.2385;11.3520;07-Jul-2015

Axis Mutual Fund
128952;Axis Banking & PSU Debt Fund - Direct Plan - Bonus Option;INF846K01NF8;;1312.9515;1312.9515;1312.9515;07-Jul-2015
120437;Axis Banking & PSU Debt Fund - Direct Plan - Daily IDCW;;INF846K01CU0;1005.2037;1005.2037;1005.2037;07-Jul-2015
120438;Axis Banking & PSU Debt Fund - Direct Plan - Growth Option;INF846K01CR6;;1312.5787;1312.5787;1312.5787;07-Jul-2015
120439;Axis Banking & PSU Debt Fund - Direct Plan - Monthly IDCW;INF846K01CT2;INF846K01CS4;1007.3625;1007.3625;1007.3625;07-Jul-2015
120436;Axis Banking & PSU Debt Fund - Direct Plan - Weekly IDCW;INF846K01CV8;INF846K01CW6;1004.8771;1004.8771;1004.8771;07-Jul-2015
117447;Axis Banking & PSU Debt Fund - Regular Plan - Daily IDCW;;INF846K01CC8;1005.2037;1005.2037;1005.2037;07-Jul-2015
117446;Axis Banking & PSU Debt Fund - Regular Plan - Growth option;INF846K01CB0;;1306.5061;1306.5061;1306.5061;07-Jul-2015
117449;Axis Banking & PSU Debt Fund - Regular Plan - Monthly IDCW;INF846K01CF1;INF846K01CG9;1007.3049;1007.3049;1007.3049;07-Jul-2015
117448;Axis Banking & PSU Debt Fund - Regular Plan - Weekly IDCW;INF846K01CD6;INF846K01CE4;1004.8724;1004.8724;1004.8724;07-Jul-2015

Bandhan Mutual Fund
127471;Bandhan Banking and PSU Fund - Direct Daily IDCW;;INF194KA1JD3;10.0301;10.0301;10.0301;07-Jul-2015
121934;Bandhan Banking and PSU Fund - Direct Fortnightly IDCW;;INF194K010N5;10.0868;10.0868;10.0868;07-Jul-2015
121279;Bandhan Banking and PSU Fund - Direct Growth;INF194K015G8;;12.2828;12.2828;12.2828;07-Jul-2015
121281;Bandhan Banking and PSU Fund - Direct IDCW;INF194K016G6;INF194K017G4;10.3293;10.3293;10.3293;07-Jul-2015
121935;Bandhan Banking and PSU Fund - Direct Monthly IDCW;;INF194K011N3;10.1287;10.1287;10.1287;07-Jul-2015
121938;Bandhan Banking and PSU Fund - Direct Quarterly IDCW;INF194K018M0;;10.4208;10.4208;10.4208;07-Jul-2015
121933;Bandhan Banking and PSU Fund - Regular Annual IDCW;INF194K015M6;;10.3373;10.3373;10.3373;07-Jul-2015
127470;Bandhan Banking and PSU Fund - Regular Daily IDCW;;INF194KA1JC5;10.0767;10.0767;10.0767;07-Jul-2015
121931;Bandhan Banking and PSU Fund - Regular Fortnightly IDCW;;INF194K016M4;10.1829;10.1829;10.1829;07-Jul-2015
121280;Bandhan Banking and PSU Fund - Regular Growth;INF194K01SN6;;12.2506;12.2506;12.2506;07-Jul-2015
121282;Bandhan Banking and PSU Fund - Regular IDCW;INF194K01SO4;INF194K012D2;10.3246;10.3246;10.3246;07-Jul-2015
121932;Bandhan Banking and PSU Fund - Regular Monthly IDCW;;INF194K017M2;10.1368;10.1368;10.1368;07-Jul-2015
121937;Bandhan Banking and PSU Fund - Regular Quarterly IDCW;INF194K014M9;;10.3702;10.3702;10.3702;07-Jul-2015

DSP Mutual Fund
124175;DSP Banking & PSU Debt Fund - Direct Plan - Growth;INF740K01ZW2;;11.9624;11.9026;11.9624;07-Jul-2015
124178;DSP Banking & PSU Debt Fund - Direct Plan - IDCW;INF740K01A18;INF740K01A26;10.3780;10.3261;10.3780;07-Jul-2015
124182;DSP Banking & PSU Debt Fund - Direct Plan - IDCW - Daily Reinvest;;INF740KA1OF7;10.1600;10.1092;10.1600;07-Jul-2015
124176;DSP Banking & PSU Debt Fund - Direct Plan - IDCW - Monthly;INF740K01ZX0;INF740K01ZY8;10.2014;10.1504;10.2014;07-Jul-2015
124177;DSP Banking & PSU Debt Fund - Direct Plan - IDCW - Quarterly ;INF740K01ZZ5;INF740K01A00;10.2028;10.1518;10.2028;07-Jul-2015
124183;DSP Banking & PSU Debt Fund - Direct Plan - IDCW - Weekly;INF740KA1OG5;INF740KA1OH3;10.2624;10.2111;10.2624;07-Jul-2015
124172;DSP Banking & PSU Debt Fund - Regular Plan - Growth;INF740K01ZP6;;11.8871;11.8277;11.8871;07-Jul-2015
124174;DSP Banking & PSU Debt Fund - Regular Plan - IDCW;INF740K01ZU6;INF740K01ZV4;10.3670;10.3152;10.3670;07-Jul-2015
124173;DSP Banking & PSU Debt Fund - Regular Plan - IDCW - Daily Reinvest;;INF740KA1OI1;10.1600;10.1092;10.1600;07-Jul-2015
124180;DSP Banking & PSU Debt Fund - Regular Plan - IDCW - Monthly;INF740K01ZQ4;INF740K01ZR2;10.2002;10.1492;10.2002;07-Jul-2015
124181;DSP Banking & PSU Debt Fund - Regular Plan - IDCW - Quarterly ;INF740K01ZS0;INF740K01ZT8;10.2010;10.1500;10.2010;07-Jul-2015
124179;DSP Banking & PSU Debt Fund - Regular Plan - IDCW - Weekly;INF740KA1OJ9;INF740KA1OK7;10.1817;10.1308;10.1817;07-Jul-2015

Franklin Templeton Mutual Fund
129008;Franklin India Banking & PSU Debt Fund - Direct - Growth;INF090I01KR8;;11.2125;11.1564;11.2125;07-Jul-2015
129006;Franklin India Banking & PSU Debt Fund - Growth;INF090I01KO5;;11.1343;11.0786;11.1343;07-Jul-2015
129009;Franklin India Banking and PSU Debt Fund - Direct - IDCW ;INF090I01KS6;INF090I01KT4;10.4883;10.4359;10.4883;07-Jul-2015
129007;Franklin India Banking and PSU Debt Fund - IDCW ;INF090I01KP2;INF090I01KQ0;10.4194;10.3673;10.4194;07-Jul-2015

HDFC Mutual Fund
128628;HDFC Banking and PSU Debt Fund - Growth Option;INF179KA1JC4;;11.2706;11.2706;11.2706;07-Jul-2015
128629;HDFC Banking and PSU Debt Fund - Growth Option - Direct Plan;INF179KA1IZ7;;11.2776;11.2776;11.2776;07-Jul-2015
128627;HDFC Banking and PSU Debt Fund - IDCW Option;INF179KA1JD2;INF179KA1JE0;10.1432;10.1432;10.1432;07-Jul-2015
128626;HDFC Banking and PSU Debt Fund - IDCW Option - Direct Plan;INF179KA1JA8;INF179KA1JB6;10.1433;10.1433;10.1433;07-Jul-2015

ICICI Prudential Mutual Fund
112343;ICICI Prudential Banking and PSU Debt Fund -  Daily IDCW;INF109K01WS5;INF109K01RV9;10.0679;10.0427;10.0679;07-Jul-2015
112344;ICICI Prudential Banking and PSU Debt Fund -  Weekly IDCW;INF109K01WR7;INF109K01RU1;10.1903;10.1648;10.1903;07-Jul-2015
130897;ICICI Prudential Banking and PSU Debt Fund - Bonus;INF109KA1B57;;10.8331;10.8060;10.8331;07-Jul-2015
120257;ICICI Prudential Banking and PSU Debt Fund - Direct Plan -  Daily IDCW;INF109K01Z89;INF109K01Z97;10.2667;10.2410;10.2667;07-Jul-2015
120256;ICICI Prudential Banking and PSU Debt Fund - Direct Plan -  Growth;INF109K010A6;;15.8620;15.8223;15.8620;07-Jul-2015
120258;ICICI Prudential Banking and PSU Debt Fund - Direct Plan -  Quarterly IDCW;INF109K011A4;INF109K012A2;10.6789;10.6522;10.6789;07-Jul-2015
120255;ICICI Prudential Banking and PSU Debt Fund - Direct Plan -  Weekly IDCW;INF109K013A0;INF109K014A8;10.3848;10.3588;10.3848;07-Jul-2015
130950;ICICI Prudential Banking and PSU Debt Fund - Direct Plan Bonus;INF109KA1B40;;10.8514;10.8514;10.8514;07-Jul-2015
131148;ICICI Prudential Banking and PSU Debt Fund - Direct Plan Half Yearly IDCW Option;INF109KA1M96;INF109KA1M88;10.3863;10.3603;10.3863;07-Jul-2015
112342;ICICI Prudential Banking and PSU Debt Fund - Growth;INF109K01RT3;;15.7928;15.7533;15.7928;07-Jul-2015
116174;ICICI Prudential Banking and PSU Debt Fund - Quarterly IDCW;INF109K01YE1;INF109K01YD3;10.2633;10.2376;10.2633;07-Jul-2015
131147;ICICI Prudential Banking and PSU Debt Fund Half Yearly IDCW Option;INF109KA1M70;INF109KA1M62;10.2970;10.2713;10.2970;07-Jul-2015
113247;ICICI Prudential Banking and PSU Debt Fund Retail Daily Dividend;INF109K01WW7;INF109K01JM5;10.0543;10.0292;10.0543;07-Jul-2015
113242;ICICI Prudential Banking and PSU Debt Fund Retail Growth;INF109K01II5;;14.8880;14.8508;14.8880;07-Jul-2015
113243;ICICI Prudential Banking and PSU Debt Fund Retail Weekly Dividend;INF109K01WV9;INF109K01IJ3;10.3205;10.2947;10.3205;07-Jul-2015

Invesco Mutual Fund
122806;Invesco India Bank Debt Fund - Bonus Option;INF205K01VE3;;1204.0858;1204.0858;1204.0858;07-Jul-2015
118234;Invesco India Banking and PSU Fund - Daily IDCW (Reinvestment);;INF205K01JX8;1003.7200;1003.7200;1003.7200;07-Jul-2015
120444;Invesco India Banking and PSU Fund - Direct Plan -  Growth Option;INF205K01KT4;;1234.9682;1234.9682;1234.9682;07-Jul-2015
120443;Invesco India Banking and PSU Fund - Direct Plan - Daily IDCW (Reinvestment);;INF205K01KS6;1003.7200;1003.7200;1003.7200;07-Jul-2015
120445;Invesco India Banking and PSU Fund - Direct Plan - Monthly IDCW (Payout / Reinvestment);INF205K01KU2;INF205K01KV0;1014.1390;1014.1390;1014.1390;07-Jul-2015
118232;Invesco India Banking and PSU Fund - Growth Option;INF205K01JV2;;1204.1161;1204.1161;1204.1161;07-Jul-2015
118233;Invesco India Banking and PSU Fund - Monthly IDCW (Payout / Reinvestment);INF205K01JW0;INF205K01JY6;1013.7688;1013.7688;1013.7688;07-Jul-2015
122805;Religare Invesco Bank Debt Fund - Direct Plan - Bonus Option;INF205K01VN4;;1234.9387;1234.9387;1234.9387;07-Jul-2015

Kotak Mahindra Mutual Fund
123688;Kotak Banking and PSU Debt - Annual Dividend;INF174K01FS4;INF174K01FR6;15.8359;15.8359;15.8359;07-Jul-2015
123858;Kotak Banking and PSU Debt - Daily Dividend Reinvestment;;INF174K01SD9;10.0335;10.0335;10.0335;07-Jul-2015
123859;Kotak Banking and PSU Debt - Direct Daily Dividend Reinvestment;INF174K01SE7;;10.0587;10.0587;10.0587;07-Jul-2015
123690;Kotak Banking and PSU Debt - Growth;INF174K01FO3;;31.8144;31.8144;31.8144;07-Jul-2015
123691;Kotak Banking and PSU Debt - Monthly Payout of Income Distribution cum capital withdrawal option;INF174K01FQ8;INF174K01FP0;10.6999;10.6999;10.6999;07-Jul-2015
123689;Kotak Banking and PSU Debt Direct - Annual Dividend;INF174K01KI5;INF174K01KJ3;16.7387;16.7387;16.7387;07-Jul-2015
123693;Kotak Banking and PSU Debt Direct - Growth;INF174K01KH7;;31.9309;31.9309;31.9309;07-Jul-2015
123692;Kotak Banking and PSU Debt Direct - Monthly Payout of Income Distribution cum capital withdrawal option;INF174K01KK1;;10.9066;10.9066;10.9066;07-Jul-2015

L&T Mutual Fund
119794;L&T Banking and PSU Debt Fund -  Direct Plan - Monthly IDCW;INF917K01HI3;;10.2728;10.2728;10.2728;07-Jul-2015
118080;L&T Banking and PSU Debt Fund -  Regular Plan - Monthly IDCW;INF677K01AI8;INF677K01AJ6;10.2337;10.2337;10.2337;07-Jul-2015
119796;L&T Banking and PSU Debt Fund - Direct Plan - Daily IDCW ;;INF917K01HL7;12.0391;12.0391;12.0391;07-Jul-2015
119795;L&T Banking and PSU Debt Fund - Direct Plan - Growth;INF917K01HH5;;12.6714;12.6714;12.6714;07-Jul-2015
119797;L&T Banking and PSU Debt Fund - Direct Plan - Weekly IDCW;;INF917K01HK9;10.2769;10.2769;10.2769;07-Jul-2015
118071;L&T Banking and PSU Debt Fund - Institutional Plan - Growth Option;INF677K01981;;17.5172;17.5172;17.5172;07-Jul-2015
118076;L&T Banking and PSU Debt Fund - Regular Plan - Daily IDCW;;INF677K01AF4;10.4742;10.4742;10.4742;07-Jul-2015
118078;L&T Banking and PSU Debt Fund - Regular Plan - Growth;INF677K01AE7;;12.5521;12.5521;12.5521;07-Jul-2015
118077;L&T Banking and PSU Debt Fund - Regular Plan - Weekly IDCW;INF917K01HM5;INF677K01AH0;10.3018;10.3018;10.3018;07-Jul-2015
118074;L&T Banking and PSU Debt Fund - Retail Plan - Growth Option;INF677K01940;;17.5700;17.5700;17.5700;07-Jul-2015
118075;L&T Banking and PSU Debt Fund - Retail Plan - Monthly Dividend Option;INF677K01965;INF677K01973;10.2523;10.2523;10.2523;07-Jul-2015

LIC Mutual Fund
120337;LIC MF Banking & PSU Fund-Direct Plan-Daily IDCW;INF767K01GJ2;INF767K01GM6;10.1000;10.1000;10.1000;07-Jul-2015
120338;LIC MF Banking & PSU Fund-Direct Plan-Growth;INF767K01GI4;;18.4805;18.4805;18.4805;07-Jul-2015
120339;LIC MF Banking & PSU Fund-Direct Plan-Monthly IDCW;INF767K01GK0;INF767K01GN4;10.2476;10.2476;10.2476;07-Jul-2015
120336;LIC MF Banking & PSU Fund-Direct Plan-Weekly IDCW;INF767K01GL8;INF767K01GO2;10.1000;10.1000;10.1000;07-Jul-2015
105822;LIC MF Banking & PSU Fund-Regular Plan-Daily IDCW;INF767K01519;INF767K01527;10.1000;10.1000;10.1000;07-Jul-2015
105823;LIC MF Banking & PSU Fund-Regular Plan-Growth;INF767K01535;;18.1479;18.1479;18.1479;07-Jul-2015
105856;LIC MF Banking & PSU Fund-Regular Plan-Monthly IDCW;INF767K01543;INF767K01550;10.2469;10.2469;10.2469;07-Jul-2015
105857;LIC MF Banking & PSU Fund-Regular Plan-Weekly IDCW;INF767K01568;INF767K01576;10.1000;10.1000;10.1000;07-Jul-2015

Nippon India Mutual Fund
134555;NIPPON INDIA BANKING and PSU  FUND - Direct Plan - IDCW Option;INF204KA1U79;INF204KA1U87;10.1524;10.1524;10.1524;07-Jul-2015
134553;NIPPON INDIA BANKING and PSU  FUND - WEEKLY IDCW Option;INF204KA1U12;INF204KA1U20;10.1000;10.1000;10.1000;07-Jul-2015
134547;Nippon India Banking and PSU  Fund- Direct Plan-Growth Plan- Growth Option;INF204KA1U53;;10.1524;10.1524;10.1524;07-Jul-2015
134550;NIPPON INDIA BANKING and PSU FUND - Direct Plan - MONTHLY IDCW Option;INF204KA1V37;INF204KA1V45;10.1524;10.1524;10.1524;07-Jul-2015
134556;NIPPON INDIA BANKING and PSU FUND - Direct Plan - QUARTERLY IDCW Option;INF204KA1U95;INF204KA1V03;10.1524;10.1524;10.1524;07-Jul-2015
134554;NIPPON INDIA BANKING and PSU FUND - Direct Plan - WEEKLY IDCW Option;INF204KA1V11;INF204KA1V29;10.1000;10.1000;10.1000;07-Jul-2015
134548;NIPPON INDIA BANKING and PSU FUND - IDCW Option;INF204KA1T72;INF204KA1T80;10.1494;10.1494;10.1494;07-Jul-2015
134549;NIPPON INDIA BANKING and PSU FUND - MONTHLY IDCW Option;INF204KA1U38;INF204KA1U46;10.1494;10.1494;10.1494;07-Jul-2015
134551;NIPPON INDIA BANKING and PSU FUND - QUARTERLY IDCW Option;INF204KA1T98;INF204KA1U04;10.1494;10.1494;10.1494;07-Jul-2015
134552;Nippon India Banking and PSU Fund- Direct Plan-Growth Plan- Bonus Option;INF204KA1U61;;10.1524;10.1524;10.1524;07-Jul-2015
134546;Nippon India Banking and PSU Fund- Growth Plan- Bonus Option;INF204KA1T64;;10.1494;10.1494;10.1494;07-Jul-2015
134545;Nippon India Banking and PSU Fund- Growth Plan- Growth Option;INF204KA1T56;;10.1494;10.1494;10.1494;07-Jul-2015

SBI Mutual Fund
125502;SBI Banking & PSU Fund - Direct Plan - Daily Income Distribution cum Capital Withdrawal Option (IDCW);;INF200K01V16;1008.2376;1003.1964;1008.2376;07-Jul-2015
125503;SBI BANKING & PSU FUND - Direct Plan - Growth;INF200K01V08;;1597.0471;1589.0619;1597.0471;07-Jul-2015
125505;SBI Banking & PSU Fund - Direct Plan - Monthly Income Distribution cum Capital Withdrawal Option (IDCW);INF200K01V40;INF200K01V57;1028.0722;1022.9318;1028.0722;07-Jul-2015
125504;SBI Banking & PSU Fund - Direct Plan - Weekly Income Distribution cum Capital Withdrawal Option (IDCW);INF200K01V32;INF200K01V24;1010.3738;1005.3219;1010.3738;07-Jul-2015
125498;SBI BANKING & PSU FUND - Regular Paln - Growth;INF200K01U41;;1578.4849;1570.5925;1578.4849;07-Jul-2015
125499;SBI Banking & PSU Fund - Regular Plan - Daily Income Distribution cum Capital Withdrawal Option (IDCW);;INF200K01U58;1006.7729;1001.739;1006.7729;07-Jul-2015
125501;SBI Banking & PSU Fund - Regular Plan - Monthly Income Distribution cum Capital Withdrawal Option (IDCW);INF200K01U82;INF200K01U90;1025.3715;1020.2446;1025.3715;07-Jul-2015
125500;SBI Banking & PSU Fund - Regular Plan - Weekly Income Distribution cum Capital Withdrawal Option (IDCW);INF200K01U74;INF200K01U66;1005.7415;1000.7128;1005.7415;07-Jul-2015

Sundaram Mutual Fund
134363;Sundaram Banking & PSU Fund (Formerly Known as Sundaram Banking & PSU Debt Fund) - Direct Growth;INF903J017I5;;10.2078;10.2078;10.2078;07-Jul-2015
134370;Sundaram Banking & PSU Fund (Formerly Known as Sundaram Banking & PSU Debt Fund) - Direct Monthly Dividend;INF903J012J4;INF903J013J2;10.3674;10.3674;10.3674;07-Jul-2015
134355;Sundaram Banking & PSU Fund (Formerly Known as Sundaram Banking & PSU Debt Fund) - Regular Annual Bonus;INF903J016I7;;10.1981;10.1981;10.1981;07-Jul-2015
134356;Sundaram Banking & PSU Fund (Formerly Known as Sundaram Banking & PSU Debt Fund) - Regular Growth;INF903J016H9;;10.1981;10.1981;10.1981;07-Jul-2015
134359;Sundaram Banking & PSU Fund (Formerly Known as Sundaram Banking & PSU Debt Fund) - Regular Monthly Dividend;INF903J018H5;INF903J012I6;10.2032;10.2032;10.2032;07-Jul-2015
134361;Sundaram Banking & PSU Fund (Formerly Known as Sundaram Banking & PSU Debt Fund) - Regular Quarterly Bonus;INF903J014I2;;10.2000;10.2000;10.2000;07-Jul-2015
134362;Sundaram Banking & PSU Fund (Formerly Known as Sundaram Banking & PSU Debt Fund) - Regular Quarterly Dividend;INF903J019H3;INF903J013I4;10.1994;10.1994;10.1994;07-Jul-2015
134360;Sundaram Banking & PSU Fund (Formerly Known as Sundaram Banking & PSU Debt Fund) - Regular Weekly Dividend;INF903J017H7;INF903J011I8;10.1977;10.1977;10.1977;07-Jul-2015
119629;Sundaram Banking & PSU Fund (Formerly Known as Sundaram Banking and PSU Debt Fund) Direct Plan - Bonus;INF903J01RI4;;11.3014;11.3014;11.3014;07-Jul-2015
119627;Sundaram Banking & PSU Fund (Formerly Known as Sundaram Banking and PSU Debt Fund) Direct Plan - Daily Reinvestment of Income Distribution cum Capital Withdrawal (IDCW);;INF903J01PC1;10.0519;10.0519;10.0519;07-Jul-2015
119625;Sundaram Banking & PSU Fund (Formerly Known as Sundaram Banking and PSU Debt Fund) Direct Plan - Growth;INF903J01PA5;;22.5890;22.5890;22.5890;07-Jul-2015
119626;Sundaram Banking & PSU Fund (Formerly Known as Sundaram Banking and PSU Debt Fund) Direct Plan - Income Distribution cum Capital Withdrawal (IDCW);INF903J01PB3;INF903J01PE7;10.7715;10.7715;10.7715;07-Jul-2015
118326;Sundaram Banking & PSU Fund (Formerly Known as Sundaram Banking and PSU Debt Fund) Regular Plan - Bonus;INF903J01LY4;;11.3605;11.3605;11.3605;07-Jul-2015
100782;Sundaram Banking & PSU Fund (Formerly Known as Sundaram Banking and PSU Debt Fund) Regular Plan - Daily Reinvestment of Income Distribution cum Capital Withdrawal (IDCW);;INF903J01IP8;10.0519;10.0519;10.0519;07-Jul-2015
100784;Sundaram Banking & PSU Fund (Formerly Known as Sundaram Banking and PSU Debt Fund) Regular Plan - Growth;INF903J01IN3;;22.5285;22.5285;22.5285;07-Jul-2015
100793;Sundaram Banking & PSU Fund (Formerly Known as Sundaram Banking and PSU Debt Fund) Regular Plan - Income Distribution cum Capital Withdrawal (IDCW);INF903J01IO1;INF903J01IR4;10.7678;10.7678;10.7678;07-Jul-2015
100783;Sundaram Banking & PSU Fund (Formerly Known as Sundaram Banking and PSU Debt Fund) Regular Plan - Weekly Reinvestment of Income Distribution cum Capital Withdrawal (IDCW);;INF903J01IQ6;10.6246;10.6246;10.6246;07-Jul-2015
100781;Sundaram Banking & PSU Fund (Formerly Known as Sundaram Banking and PSU Debt Fund) Retail Plan - Growth;INF903J01IK9;;20.6910;20.6910;20.6910;07-Jul-2015
100780;Sundaram Banking & PSU Fund (Formerly Known as Sundaram Banking and PSU Debt Fund) Retail Plan - Monthly Income Distribution cum Capital Withdrawal (IDCW);INF903J01IL7;INF903J01IM5;10.6756;10.6756;10.6756;07-Jul-2015

UTI Mutual Fund
133972;UTI Banking & PSU Fund - Direct Plan - Flexi IDCW;INF789FA1V29;INF789FA1V37;10.3371;10.3371;0;07-Jul-2015
126940;UTI Banking & PSU Fund - Direct Plan - Growth Option;INF789F015Z6;;11.3493;11.3493;0;07-Jul-2015
126942;UTI Banking & PSU Fund - Direct Plan - Quarterly IDCW;INF789F016Z4;INF789F017Z2;10.6089;10.6089;0;07-Jul-2015
126941;UTI Banking & PSU Fund - Regular Plan - Quarterly IDCW;INF789F012Z3;INF789F013Z1;10.2318;10.2318;0;07-Jul-2015
126939;UTI Banking & PSU Fund- Regular Plan - Growth Option;INF789F014Z9;;11.3267;11.3267;0;07-Jul-2015

Open Ended Schemes ( Debt Scheme - Gilt Fund )


Aditya Birla Sun Life Mutual Fund
119614;Aditya Birla Sun Life Constant Maturity 10 Year Gilt Fund - Growth - Direct Plan;INF209K01XS1;;42.2194;42.2194;42.2194;07-Jul-2015
100061;Aditya Birla Sun Life Constant Maturity 10 Year Gilt Fund - Growth - Regular Plan;INF209K01AH2;;41.9750;41.9750;41.9750;07-Jul-2015
119615;Aditya Birla Sun Life Constant Maturity 10 Year Gilt Fund - Quarterly Dividend - Direct Plan;INF209KA1KX2;INF209K01XT9;11.2811;11.2811;11.2811;07-Jul-2015
100060;Aditya Birla Sun Life Constant Maturity 10 Year Gilt Fund - Quarterly Dividend - Regular Plan;INF209K01AI0;INF209K01DR5;12.4724;12.4724;12.4724;07-Jul-2015
119611;Aditya Birla Sun Life Gilt Plus - Liquid Plan - Annual Dividend - Direct Plan;INF209K01S04;;10.7773;10.7773;10.7773;07-Jul-2015
100056;Aditya Birla Sun Life Gilt Plus - Liquid Plan - Annual Dividend - Regular Plan;INF209K01991;INF209K01DM6;10.5789;10.5789;10.5789;07-Jul-2015
123860;Aditya Birla Sun Life Gilt Plus - Liquid Plan - Daily Dividend - Direct Plan;;;10.4425;10.4425;10.4425;07-Jul-2015
123863;Aditya Birla Sun Life Gilt Plus - Liquid Plan - Daily Dividend - Regular Plan;;;10.0100;10.0100;10.0100;07-Jul-2015
119612;Aditya Birla Sun Life Gilt Plus - Liquid Plan - Growth - Direct Plan;INF209K01XM4;;31.5037;31.5037;31.5037;07-Jul-2015
100055;Aditya Birla Sun Life Gilt Plus - Liquid Plan - Growth - Regular Plan;INF209K01AA7;;31.3162;31.3162;31.3162;07-Jul-2015
119610;Aditya Birla Sun Life Gilt Plus - Liquid Plan - Quarterly Dividend - Direct Plan;;;10.8228;10.8228;10.8228;07-Jul-2015
100054;Aditya Birla Sun Life Gilt Plus - Liquid Plan - Quarterly Dividend - Regular Plan;INF209K01AB5;;10.7207;10.7207;10.7207;07-Jul-2015
123862;Aditya Birla Sun Life Gilt Plus - Liquid Plan - Weekly Dividend - Direct Plan;;;10.0200;10.0200;10.0200;07-Jul-2015
123861;Aditya Birla Sun Life Gilt Plus - Liquid Plan - Weekly Dividend - Regular Plan;;;10.0187;10.0187;10.0187;07-Jul-2015
119606;Aditya Birla Sun Life Govenment Securities Fund -DIRECT - Quarterly IDCW;INF209KA1LC4;;10.4653;10.4130;10.4653;07-Jul-2015
100057;Aditya Birla Sun Life Govenment Securities Fund -Regular - Quarterly IDCW;INF209K01AF6;INF209K01DP9;10.2707;10.2193;10.2707;07-Jul-2015
100058;Aditya Birla Sun Life Government Securities Fund  - Growth - Regular Plan;INF209K01AC3;INF209K01AD1;38.0049;37.8149;38.0049;07-Jul-2015
119605;Aditya Birla Sun Life Government Securities Fund - Growth - Direct Plan;INF209K01XP7;;38.4684;38.2761;38.4684;07-Jul-2015

Axis Mutual Fund
128957;Axis Gilt Fund - Direct Plan - Bonus Option;INF846K01NJ0;;12.6307;12.6307;12.6307;07-Jul-2015
120447;Axis Gilt Fund - Direct Plan - Growth Option;INF846K01DD4;;12.6307;12.6307;12.6307;07-Jul-2015
120448;Axis Gilt Fund - Direct Plan - Half Yearly IDCW;INF846K01DF9;INF846K01DE2;11.2240;11.2240;11.2240;07-Jul-2015
120449;Axis Gilt Fund - Direct Plan - Regular IDCW;INF846K01DG7;INF846K01DH5;10.0388;10.0388;10.0388;07-Jul-2015
116471;Axis Gilt Fund - Regular Plan - Growth Option;INF846K01AX8;;12.4681;12.4681;12.4681;07-Jul-2015
116472;Axis Gilt Fund - Regular Plan - Half Yearly IDCW;INF846K01AZ3;INF846K01BB2;11.1274;11.1274;11.1274;07-Jul-2015
116470;Axis Gilt Fund - Regular Plan - Regular IDCW;INF846K01CK1;INF846K01CL9;10.0273;10.0273;10.0273;07-Jul-2015

Bandhan Mutual Fund
108645;BANDHAN GSF - Investment Plan - Annual Dividend;INF194K01DU3;INF194K01DT5;18.5747;18.5747;18.5747;07-Jul-2015
108558;BANDHAN Government Securities Fund - IP - Regular - Plan B - Half Yearly IDCW;INF194K01EB1;INF194K01EA3;10.3816;10.3816;10.3816;07-Jul-2015
108559;BANDHAN Government Securities Fund - IP - Regular Plan - Annual IDCW;INF194K01EE5;INF194K01ED7;10.2978;10.2978;10.2978;07-Jul-2015
108557;BANDHAN Government Securities Fund - IP - Regular Plan - Quarterly IDCW;INF194K01EH8;INF194K01EG0;10.8775;10.8775;10.8775;07-Jul-2015
131395;BANDHAN Government Securities Fund - IP - Regular -Plan B - Periodic IDCW;INF194KA1RW6;INF194KA1RX4;11.1691;11.1691;11.1691;07-Jul-2015
111525;BANDHAN Government Securities Fund - IP - Regular Plan - Growth;INF194K01DZ2;;16.6035;16.6035;16.6035;07-Jul-2015
111527;BANDHAN Government Securities Fund - IP - Regular Plan - IDCW;INF194K01EK2;INF194K01EJ4;10.0661;10.0661;10.0661;07-Jul-2015
118467;BANDHAN Government Securities Fund-  Investment Plan-Direct Plan-Annual IDCW;INF194K01Q78;INF194K01Q60;11.2727;11.2727;11.2727;07-Jul-2015
118464;BANDHAN Government Securities Fund-  Investment Plan-Direct Plan-Growth;INF194K01Q29;;16.8846;16.8846;16.8846;07-Jul-2015
118463;BANDHAN Government Securities Fund-  Investment Plan-Direct Plan-IDCW;INF194K01R36;INF194K01R28;10.8691;10.8691;10.8691;07-Jul-2015
131394;BANDHAN Government Securities Fund-  Investment Plan-Direct Plan-Periodic IDCW;INF194KA1RZ9;INF194KA1SA0;11.1900;11.1900;11.1900;07-Jul-2015
118466;BANDHAN Government Securities Fund-  Investment Plan-Direct Plan-Quarterly IDCW;INF194K01R02;INF194K01Q94;10.5629;10.5629;10.5629;07-Jul-2015

Baroda BNP Paribas Mutual Fund
119341;Baroda BNP Paribas GILT FUND - Direct Plan - Growth Option;INF955L01AD7;;22.7285;22.5012;22.7285;07-Jul-2015
119340;Baroda BNP Paribas GILT FUND - Direct Plan - IDCW Option;INF955L01AB1;INF955L01AC9;19.6763;19.4795;19.6763;07-Jul-2015
101187;Baroda BNP Paribas GILT FUND - Regular Plan - Growth Option;INF955L01450;;22.1376;21.9162;22.1376;07-Jul-2015
101188;Baroda BNP Paribas GILT FUND - Regular Plan - IDCW Option;INF955L01435;INF955L01443;19.2099;19.0178;19.2099;07-Jul-2015

Canara Robeco Mutual Fund
118299;CANARA ROBECO GILT FUND - DIRECT PLAN - GROWTH OPTION;INF760K01FC4;;38.3283;38.3283;38.3283;07-Jul-2015
118298;CANARA ROBECO GILT FUND - DIRECT PLAN - IDCW (Payout/Reinvestment);INF760K01FA8;INF760K01FB6;13.4437;13.4437;13.4437;07-Jul-2015
100597;CANARA ROBECO GILT FUND - REGULAR PLAN - GROWTH OPTION;INF760K01AE1;;38.0212;38.0212;38.0212;07-Jul-2015
100596;CANARA ROBECO GILT FUND - REGULAR PLAN - IDCW (Payout/Reinvestment);INF760K01AB7;INF760K01AC5;13.3271;13.3271;13.3271;07-Jul-2015

DSP Mutual Fund
119099;DSP Gilt Fund - Direct Plan - Growth;INF740K01NF3;;44.9799;44.9349;44.9799;07-Jul-2015
119101;DSP Gilt Fund - Direct Plan - IDCW;INF740K01NG1;INF740K01NI7;11.6953;11.6836;11.6953;07-Jul-2015
119100;DSP Gilt Fund - Direct Plan - IDCW - Monthly;INF740K01NE6;INF740K01NH9;10.5072;10.4967;10.5072;07-Jul-2015
100084;DSP Gilt Fund - Regular Plan - Growth;INF740K01615;;44.6922;44.6475;44.6922;07-Jul-2015
100085;DSP Gilt Fund - Regular Plan - IDCW;INF740K01607;INF740K01AD5;11.6156;11.6040;11.6156;07-Jul-2015
100086;DSP Gilt Fund - Regular Plan - IDCW - Monthly;INF740K01623;INF740K01AE3;10.4774;10.4669;10.4774;07-Jul-2015

Franklin Templeton Mutual Fund
118502;Franklin India GOVERNMENT SECURITIES FUND - Composite Plan - Direct - Growth;INF090I01HJ1;;47.4993;47.2618;47.4993;07-Jul-2015
118501;Franklin India GOVERNMENT SECURITIES FUND - Composite Plan - Direct - Quarterly Dividend;INF090I01HH5;INF090I01HI3;11.5212;11.4636;11.5212;07-Jul-2015
118498;Franklin India Government Securities Fund - Direct - Growth;INF090I01HS2;;33.5740;33.5740;33.5740;07-Jul-2015
118497;Franklin India Government Securities Fund - Direct - IDCW ;INF090I01HQ6;INF090I01HR4;11.6422;11.6422;11.6422;07-Jul-2015
100493;Franklin India Government Securities Fund - Growth;INF090I01CU9;;32.7947;32.7947;32.7947;07-Jul-2015
100494;Franklin India Government Securities Fund - IDCW ;INF090I01CS3;INF090I01CT1;11.3472;11.3472;11.3472;07-Jul-2015
118504;Franklin India GOVERNMENT SECURITIES FUND PF PLAN - Direct - Growth;INF090I01HP8;;20.6224;20.5193;20.6224;07-Jul-2015
100486;Franklin India Govt.Sec. Fund-Composite Plan - Dividend;INF090I01CP9;INF090I01CQ7;11.2738;11.2174;11.2738;07-Jul-2015
100485;Franklin India Govt.Sec. Fund-Composite Plan - Growth;INF090I01CR5;;46.8397;46.6055;46.8397;07-Jul-2015
100491;Franklin India Govt.Sec. Fund-PF Plan - Dividend;INF090I01CW5;INF090I01CX3;20.5732;20.4703;20.5732;07-Jul-2015
100490;Franklin India Govt.Sec. Fund-PF Plan - Growth;INF090I01CY1;;20.5732;20.4703;20.5732;07-Jul-2015

Groww Mutual Fund
118427;Indiabulls Gilt Fund - Direct Plan -  Growth Option;INF666M01295;;1257.6122;1245.0361;1257.6122;07-Jul-2015
118822;Indiabulls Gilt Fund - Indirect Plan - Fortnightly Dividend Option;INF666M01402;INF666M01410;1044.1775;1033.7357;1044.1775;07-Jul-2015
118820;Indiabulls Gilt Fund - Indirect Plan - Growth Option;INF666M01378;;1222.1998;1209.9778;1222.1998;07-Jul-2015
118823;Indiabulls Gilt Fund - Indirect Plan - Monthly Dividend Option;INF666M01428;INF666M01436;1044.6546;1034.2081;1044.6546;07-Jul-2015
118821;Indiabulls Gilt Fund - Indirect Plan - Weekly Dividend Option;INF666M01386;INF666M01394;1041.2571;1030.8445;1041.2571;07-Jul-2015

HDFC Mutual Fund
119116;HDFC Gilt Fund - Growth Option - Direct Plan;INF179K01VS0;;28.5755;28.5755;28.5755;07-Jul-2015
101083;HDFC Gilt Fund - Growth Plan;INF179K01756;;28.3314;28.3314;28.3314;07-Jul-2015
119115;HDFC Gilt Fund - IDCW Option - Direct Plan;INF179K01VR2;INF179K01VT8;11.0781;11.0781;11.0781;07-Jul-2015
101084;HDFC Gilt Fund - IDCW Plan;INF179K01772;INF179K01764;10.8694;10.8694;10.8694;07-Jul-2015

ICICI Prudential Mutual Fund
130903;ICICI Prudential Gilt Fund - Bonus;INF109KA1H10;;11.1064;11.1064;11.1064;07-Jul-2015
120590;ICICI Prudential Gilt Fund - Direct Plan - Growth;INF109K018C5;;47.9161;47.9161;47.9161;07-Jul-2015
120589;ICICI Prudential Gilt Fund - Direct Plan - IDCW;INF109K016C9;INF109K017C7;12.4901;12.4901;12.4901;07-Jul-2015
130955;ICICI Prudential Gilt Fund - Direct Plan Bonus;INF109KA1H02;;11.3065;11.3065;11.3065;07-Jul-2015
100369;ICICI Prudential Gilt Fund - Growth;INF109K01JR4;;47.0202;47.0202;47.0202;07-Jul-2015
100368;ICICI Prudential Gilt Fund - IDCW;INF109K01JQ6;INF109K01JP8;12.2687;12.2687;12.2687;07-Jul-2015
120607;ICICI Prudential Short Term Gilt Fund - Direct Plan -  Dividend;INF109K012D6;INF109K013D4;12.3665;12.3665;12.3665;07-Jul-2015
120608;ICICI Prudential Short Term Gilt Fund - Direct Plan -  Growth;INF109K014D2;;35.6587;35.6587;35.6587;07-Jul-2015
130956;ICICI Prudential Short Term Gilt Fund - Direct Plan Bonus;INF109KA1I50;;10.1753;10.1753;10.1753;07-Jul-2015
100370;ICICI Prudential Short Term Gilt Fund - Dividend;INF109K01JW4;INF109K01JV6;12.2076;12.2076;12.2076;07-Jul-2015
100371;ICICI Prudential Short Term Gilt Fund - Growth;INF109K01JX2;;35.2140;35.2140;35.2140;07-Jul-2015
100372;ICICI Prudential Short Term Gilt Fund - Half Yearly Dividend;INF109K01JZ7;INF109K01JY0;11.2424;11.2424;11.2424;07-Jul-2015

IDBI Mutual Fund
118034;IDBI Gilt Fund Annual IDCW;INF397L01AA8;INF397L01AB6;10.4425;10.3903;10.4425;07-Jul-2015
118447;IDBI Gilt Fund Annual IDCW Direct;INF397L01BZ3;INF397L01CA4;10.4909;10.4384;10.4909;07-Jul-2015
118030;IDBI Gilt Fund Growth;INF397L01AD2;;12.3389;12.2772;12.3389;07-Jul-2015
118341;IDBI Gilt Fund Growth Direct;INF397L01CC0;;12.4246;12.3625;12.4246;07-Jul-2015
118031;IDBI Gilt Fund Quarterly IDCW;INF397L01AE0;INF397L01AF7;10.1936;10.1426;10.1936;07-Jul-2015
118446;IDBI Gilt Fund Quarterly IDCW Direct;INF397L01CD8;INF397L01CE6;10.7073;10.6538;10.7073;07-Jul-2015

Invesco Mutual Fund
107476;Invesco India Gilt Fund - Annual IDCW (Payout / Reinvestment);INF205K01SJ8;INF205K01SK6;1232.8721;1232.8721;1232.8721;07-Jul-2015
122799;Invesco India GILT Fund - Bonus Option;INF205K01VK0;;1497.6114;1497.6114;1497.6114;07-Jul-2015
120520;Invesco India Gilt Fund - Direct  Plan - Growth;INF205K01SN0;;1524.7531;1524.7531;1524.7531;07-Jul-2015
120519;Invesco India Gilt Fund - Direct Plan - Annual IDCW (Payout / Reinvestment);INF205K01SL4;INF205K01SM2;1345.2210;1345.2210;1345.2210;07-Jul-2015
120521;Invesco India Gilt Fund - Direct Plan - Monthly IDCW (Reinvestment);;INF205K01SO8;1191.1970;1191.1970;1191.1970;07-Jul-2015
120522;Invesco India Gilt Fund - Direct Plan - Quarterly IDCW (Payout / Reinvestment);INF205K01SP5;INF205K01SQ3;1081.8177;1081.8177;1081.8177;07-Jul-2015
107477;Invesco India Gilt Fund - Growth;INF205K01SR1;;1488.2861;1488.2861;1488.2861;07-Jul-2015
107471;Invesco India Gilt Fund - Monthly IDCW (Reinvestment);;INF205K01SS9;1090.3329;1090.3329;1090.3329;07-Jul-2015
107472;Invesco India Gilt Fund - Quarterly IDCW (Payout / Reinvestment);INF205K01ST7;INF205K01SU5;1017.8141;1017.8141;1017.8141;07-Jul-2015

JM Financial Mutual Fund
120421;JM G-Sec Fund - (Direct) - Growth Option;INF192K01CR5;;44.6335;44.6335;44.6335;07-Jul-2015
120420;JM G-Sec Fund - (Direct) - Quarterly Dividend Option;INF192K01CP9;INF192K01CQ7;20.5130;20.5130;20.5130;07-Jul-2015
134662;JM G-Sec Fund - (Direct) Annual Dividend Option;INF192K01KI7;INF192K01KJ5;20.5419;20.5419;20.5419;07-Jul-2015
120419;JM G-Sec Fund - (Direct) Bonus Option - Principal Units;INF192K01CT1;;22.5266;22.5266;22.5266;07-Jul-2015
134661;JM G-Sec Fund - (Direct) Half Yearly Dividend Option;INF192K01KE6;INF192K01KF3;20.5419;20.5419;20.5419;07-Jul-2015
134664;JM G-Sec Fund - (Direct) Monthly Dividend Option;INF192K01JY6;INF192K01KB2;20.5419;20.5419;20.5419;07-Jul-2015
134659;JM G-Sec Fund - Annual Dividend Option;INF192K01KG1;INF192K01KH9;20.1030;20.1030;20.1030;07-Jul-2015
100253;JM G-Sec Fund - Bonus Option - Principal Units;INF192K01817;;21.3637;21.3637;21.3637;07-Jul-2015
100250;JM G-Sec Fund - Growth Option;INF192K01809;;43.9250;43.9250;43.9250;07-Jul-2015
134663;JM G-Sec Fund - Half Yearly Dividend Option;INF192K01KC0;INF192K01KD8;20.1030;20.1030;20.1030;07-Jul-2015
134660;JM G-Sec Fund - Monthly Dividend Option;INF192K01JW0;INF192K01JX8;20.1030;20.1030;20.1030;07-Jul-2015
100249;JM G-Sec Fund - Quarterly Dividend Option;INF192K01783;INF192K01791;20.0747;20.0747;20.0747;07-Jul-2015

Kotak Mahindra Mutual Fund
100281;Kotak Gilt-Investment  Provident Fund and Trust-Growth;INF174K01FL9;;48.6788;48.6788;48.6788;07-Jul-2015
119757;Kotak Gilt-Investment  Provident Fund and Trust-Growth - Direct;INF174K01KM7;;49.7291;49.7291;49.7291;07-Jul-2015
100280;Kotak Gilt-Investment  Provident Fund and Trust-Payout of Income Distribution cum capital withdrawal option;INF174K01FM7;;11.4762;11.4762;11.4762;07-Jul-2015
100265;Kotak Gilt-Investment Regular-Growth;INF174K01FI5;;47.6346;47.6346;47.6346;07-Jul-2015
119759;Kotak Gilt-Investment Regular-Growth - Direct;INF174K01KE4;;48.6979;48.6979;48.6979;07-Jul-2015
100264;Kotak Gilt-Investment Regular-Payout of Income Distribution cum capital withdrawal option;INF174K01FK1;INF174K01FJ3;12.0158;12.0158;12.0158;07-Jul-2015
119758;Kotak Gilt-Investment Regular-Payout of Income Distribution cum capital withdrawal option - Direct;INF174K01KF1;;12.4616;12.4616;12.4616;07-Jul-2015

L&T Mutual Fund
119425;L&T Gilt Fund - Direct Plan - Growth;INF917K01FI7;;35.2742;35.2742;35.2742;07-Jul-2015
119426;L&T Gilt Fund - Direct Plan - Quarterly IDCW;INF917K01FK3;INF917K01FJ5;12.8735;12.8735;12.8735;07-Jul-2015
112429;L&T Gilt Fund - Regular Plan - Growth;INF917K01BP1;;34.8970;34.8970;34.8970;07-Jul-2015
112428;L&T Gilt Fund - Regular Plan - Quarterly IDCW;INF917K01BN6;INF917K01BO4;12.7598;12.7598;12.7598;07-Jul-2015

LIC Mutual Fund
120282;LIC MF Gilt Fund-Direct Plan-Growth;INF767K01EZ3;;31.2926;31.2926;31.2926;07-Jul-2015
120283;LIC MF Gilt Fund-Direct Plan-IDCW;INF767K01EY6;INF767K01FA3;10.5948;10.5948;10.5948;07-Jul-2015
100319;LIC MF Gilt Fund-PF Plan-Growth;INF767K01733;;17.7800;17.7800;17.7800;07-Jul-2015
100318;LIC MF Gilt Fund-PF Plan-IDCW;INF767K01717;INF767K01725;11.5054;11.5054;11.5054;07-Jul-2015
100317;LIC MF Gilt Fund-Regular Plan-Growth;INF767K01709;;30.8437;30.8437;30.8437;07-Jul-2015
100316;LIC MF Gilt Fund-Regular Plan-IDCW;INF767K01683;INF767K01691;10.4304;10.4304;10.4304;07-Jul-2015

Nippon India Mutual Fund
118670;NIPPON INDIA GILT  FUND - Direct Plan - MONTHLY IDCW Option;INF204K01XQ6;INF204K01XR4;11.0040;11.0040;11.0040;07-Jul-2015
118669;Nippon India Gilt  Fund - Direct Plan - P F Option - Automatic Capital Appreciation Payout Option;INF204K01E70;;18.4070;18.4070;18.4070;07-Jul-2015
118673;Nippon India Gilt  Fund - Direct Plan - P F Option - Defined Maturity Date Option;INF204K01E88;;18.4048;18.4048;18.4048;07-Jul-2015
118672;Nippon India Gilt  Fund - Direct Plan Growth Plan - Growth Option;INF204K01XP8;;18.4541;18.4541;18.4541;07-Jul-2015
109717;Nippon India Gilt  Fund - Institutional Plan-Growth Plan -Growth Option;INF204K01BX8;;18.1251;18.1251;18.1251;07-Jul-2015
109723;NIPPON INDIA GILT  FUND - MONTHLY IDCW Option;INF204K01BV2;INF204K01BW0;10.1860;10.1860;10.1860;07-Jul-2015
109720;Nippon India Gilt  Fund -Growth Plan - Growth Option;INF204K01BU4;;18.0150;18.0150;18.0150;07-Jul-2015
109716;Nippon India Gilt  Fund -P F Option-Automatic Annual Reinvest Option;INF204K01CA4;;15.1014;15.1014;15.1014;07-Jul-2015
109721;Nippon India Gilt  Fund -P F Option-Defined Maturity Date Option;INF204K01CB2;;18.0150;18.0150;18.0150;07-Jul-2015
133265;Nippon India Gilt  Fund- Direct Plan- Growth Plan- Bonus Option;INF204KA1YV2;;10.3141;10.3141;10.3141;07-Jul-2015
133264;Nippon India Gilt  Fund- Growth Plan- Bonus Option;INF204KA1YU4;;10.3366;10.3366;10.3366;07-Jul-2015
109718;Nippon India Gilt  Fund-Institutional Plan-P F Option-Automatic Capital Appreciation Payout Option;INF204K01CD8;;18.1251;18.1251;18.1251;07-Jul-2015
109724;Nippon India Gilt  Fund-P F Option-Automatic Capital Appreciation Payout Option;INF204K01CC0;;18.0150;18.0150;18.0150;07-Jul-2015
118674;Nippon India Gilt Fund - Direct Plan - P F Option - Automatic Annual Reinvest Option;;INF204K01E62;9.9864;9.9864;9.9864;07-Jul-2015

SBI Mutual Fund
102061;SBI MAGNUM GILT FUND -  GROWTH - PF (Fixed Period - 1 Yr) Option;INF200K01AB4;;18.8337;18.7395;18.8337;07-Jul-2015
101933;SBI MAGNUM GILT FUND -  GROWTH - PF (Fixed Period - 2 Yrs) Option;INF200K01AE8;;18.5703;18.4774;18.5703;07-Jul-2015
101934;SBI MAGNUM GILT FUND -  GROWTH - PF (Fixed Period - 3 Yrs) Option;INF200K01AH1;;18.2234;18.1323;18.2234;07-Jul-2015
101932;SBI MAGNUM GILT FUND -  GROWTH - PF (Regular) Option;INF200K01AK5;;19.5043;19.4068;19.5043;07-Jul-2015
119707;SBI MAGNUM GILT FUND - DIRECT PLAN - GROWTH;INF200K01SH3;;30.5982;30.5217;30.5982;07-Jul-2015
119706;SBI Magnum Gilt Fund - Direct Plan - Income Distribution cum Capital Withdrawal Option (IDCW);INF200K01SF7;INF200K01SG5;12.8456;12.8135;12.8456;07-Jul-2015
101950;SBI Magnum Gilt Fund - Income Distribution cum Capital Withdrawal Option (IDCW) - PF (Fixed Period - 1 Yr);INF200K01AC2;INF200K01AD0;12.1215;12.0609;12.1215;07-Jul-2015
101951;SBI Magnum Gilt Fund - Income Distribution cum Capital Withdrawal Option (IDCW) - PF (Fixed Period - 2 Yrs);INF200K01AF5;INF200K01AG3;12.238;12.1768;12.238;07-Jul-2015
101952;SBI Magnum Gilt Fund - Income Distribution cum Capital Withdrawal Option (IDCW) - PF (Fixed Period - 3 Yrs);INF200K01AI9;INF200K01AJ7;11.9423;11.8826;11.9423;07-Jul-2015
101935;SBI Magnum Gilt Fund - Income Distribution cum Capital Withdrawal Option (IDCW) - PF (Regular);INF200K01AL3;INF200K01AM1;12.5643;12.5015;12.5643;07-Jul-2015
101001;SBI MAGNUM GILT FUND - REGULAR PLAN - GROWTH;INF200K01982;;30.3841;30.3081;30.3841;07-Jul-2015
100999;SBI Magnum Gilt Fund - Regular Plan - Income Distribution cum Capital Withdrawal Option (IDCW);INF200K01990;INF200K01AA6;12.4333;12.4022;12.4333;07-Jul-2015

Sundaram Mutual Fund
101092;SUNDARAM GILT FUND (Growth. OPTION);INF903J01FA6;;23.6303;23.1577;23.6303;07-Jul-2015
119603;Sundaram Gilt Fund - Direct Plan - Growth Option;INF903J01NY0;;23.8345;23.3578;23.8345;07-Jul-2015
101059;SUNDARAM GILT FUND (DIV. OPTION);INF903J01FB4;INF903J01FC2;11.1806;10.9570;11.1806;07-Jul-2015
119608;Sundaram Gilt Fund - Direct Plan - Dividend Option;INF903J01NW4;INF903J01NX2;11.3183;11.0919;11.3183;07-Jul-2015

Tata Mutual Fund
101902;Tata Gilt High Fund - Dividend Opt;INF277K01DO9;INF277K01543;15.7126;15.6340;15.7126;07-Jul-2015
102016;Tata Gilt High Fund - Growth;INF277K01550;;25.4543;25.3270;25.4543;07-Jul-2015
119944;Tata Gilt Mid Term Fund - Direct Plan - Growth;INF277K01OQ1;;15.6669;15.6669;15.6669;07-Jul-2015
119945;Tata Gilt Mid Term Fund - Direct Plan - Periodic Dividend;INF277K01OR9;INF277K01OS7;14.6667;14.6667;14.6667;07-Jul-2015
119946;Tata Gilt Mid Term Fund - Direct Plan - Quarterly Dividend;INF277K01OT5;INF277K01OU3;14.2013;14.2013;14.2013;07-Jul-2015
112929;Tata Gilt Mid Term Fund - Regular Plan -Periodic Dividend;INF277K01LI4;INF277K01LJ2;14.6041;14.6041;14.6041;07-Jul-2015
112928;Tata Gilt Mid Term Fund -Regular Plan- Growth;INF277K01LH6;;15.3986;15.3986;15.3986;07-Jul-2015
112930;Tata Gilt Mid Term Fund -Regular Plan- Quarterly Dividend;INF277K01LK0;INF277K01LL8;14.1030;14.1030;14.1030;07-Jul-2015
102046;Tata Gilt Retirement Plan (28/2/25) - Payout of IDCW Option;;;18.7395;18.6458;18.7395;07-Jul-2015
101945;Tata Gilt Retirement Plan- 28/2/25 Growth Option;;;18.7632;18.6694;18.7632;07-Jul-2015
119954;Tata Gilt Securities Fund - Direct Plan - Payout of IDCW Option;INF277K01OV1;INF277K01OW9;13.6171;13.5490;13.6171;07-Jul-2015
101049;Tata Gilt Securities Fund - Regular Plan - Payout of IDCW Option;INF277K01DN1;INF277K01535;13.3151;13.2485;13.3151;07-Jul-2015
101042;Tata Gilt Securities Fund -Regular Plan- Growth Option;INF277K01519;;41.1535;40.9477;41.1535;07-Jul-2015
119953;Tata Gilt Securities Fund- Direct Plan - Growth Option;INF277K01OX7;;42.0004;41.7904;42.0004;07-Jul-2015
102263;Tata Gilt Securities Fund RIP ( Bonus);INF277K01527;;20.7592;20.6554;20.7592;07-Jul-2015

UTI Mutual Fund
120792;UTI - GILT FUND - Direct Plan - Growth Option;INF789F01TL5;;30.5583;30.5583;30.5583;07-Jul-2015
102512;UTI - GILT FUND - Discontinued PF Plan - Growth Option;INF789F01PT6;;22.5664;22.5664;22.5664;07-Jul-2015
102514;UTI - GILT FUND - Discontinued PF Plan Prescribed Date Auto Redemption Option;INF789F01PU4;;22.579;22.579;22.579;07-Jul-2015
102510;UTI - GILT FUND - Regular Plan - Growth Option;INF789F01661;;30.3502;30.3502;30.3502;07-Jul-2015
102511;UTI - GILT FUND -Discontinued PF Plan -Dividend Option;INF789F01PR0;INF789F01PS8;14.6239;14.6239;14.6239;07-Jul-2015
120791;UTI Gilt Fund - Direct Plan - IDCW;INF789F01TJ9;INF789F01TK7;17.2989;17.2989;17.2989;07-Jul-2015
102509;UTI Gilt Fund - Regular Plan - IDCW;INF789F01646;INF789F01653;18.8263;18.8263;18.8263;07-Jul-2015

Open Ended Schemes ( Debt Scheme - Gilt Fund with 10 year constant duration )


Bandhan Mutual Fund
108646;BANDHAN Government Securities Fund - Constant Maturity Plan - Regular Plan - Quarterly IDCW;INF194K01FF9;INF194K01FE2;10.6082;10.6082;10.6082;07-Jul-2015
108753;BANDHAN Government Securities Fund - Constant Maturity Plan - Regular Plan - Growth;INF194K01FA0;;20.3249;20.3249;20.3249;07-Jul-2015
111343;BANDHAN Government Securities Fund - Constant Maturity Plan - Regular Plan - Weekly IDCW;INF194K01FI3;INF194K01FH5;12.7356;12.7356;12.7356;07-Jul-2015
108644;BANDHAN Government Securities Fund - Constant Maturity Plan - Regular Plan - Monthly IDCW;INF194K01FC6;INF194K01FB8;10.4531;10.4531;10.4531;07-Jul-2015
118387;BANDHAN Government Securities Fund - Constant Maturity Plan -Direct Plan-Growth;INF194K01P38;;20.3609;20.3609;20.3609;07-Jul-2015
131390;BANDHAN Government Securities Fund - Constant Maturity Plan -Direct Plan-Periodic IDCW;INF194KA1SL7;INF194KA1SM5;10.8668;10.8668;10.8668;07-Jul-2015
118388;BANDHAN Government Securities Fund - Constant Maturity Plan -Direct Plan-Quarterly IDCW;INF194K01P87;INF194K01P79;10.8636;10.8636;10.8636;07-Jul-2015

DSP Mutual Fund
131301;DSP 10Y G-Sec Fund - Direct Plan - Growth;INF740K019I5;;10.9289;10.9180;10.9289;07-Jul-2015
131304;DSP 10Y G-Sec Fund - Direct Plan - IDCW;INF740K010J2;INF740K011J0;10.3164;10.3061;10.3164;07-Jul-2015
131303;DSP 10Y G-Sec Fund - Direct Plan - IDCW - Monthly;INF740K012J8;INF740K013J6;10.1354;10.1253;10.1354;07-Jul-2015
131302;DSP 10Y G-Sec Fund - Direct Plan - IDCW - Quarterly;INF740K014J4;INF740K015J1;10.3153;10.3050;10.3153;07-Jul-2015
131297;DSP 10Y G-Sec Fund - Regular Plan - Growth;INF740K012I0;;10.9077;10.8968;10.9077;07-Jul-2015
131298;DSP 10Y G-Sec Fund - Regular Plan - IDCW;INF740K013I8;INF740K014I6;10.3086;10.2983;10.3086;07-Jul-2015
131299;DSP 10Y G-Sec Fund - Regular Plan - IDCW - Monthly;INF740K015I3;INF740K016I1;10.2290;10.2188;10.2290;07-Jul-2015
131300;DSP 10Y G-Sec Fund - Regular Plan - IDCW - Quarterly ;INF740K017I9;INF740K018I7;10.3089;10.2986;10.3089;07-Jul-2015

ICICI Prudential Mutual Fund
131059;ICICI Prudential Constant Maturity Gilt Fund - Annual IDCW;INF109KA1N87;INF109KA1O29;11.0287;11.0011;11.0287;07-Jul-2015
131056;ICICI Prudential Constant Maturity Gilt Fund - Direct Plan - Annual IDCW;INF109KA1O78;INF109KA1P10;11.0556;11.0280;11.0556;07-Jul-2015
131061;ICICI Prudential Constant Maturity Gilt Fund - Direct Plan - Growth;INF109KA1O37;;11.0557;11.0281;11.0557;07-Jul-2015
131055;ICICI Prudential Constant Maturity Gilt Fund - Direct Plan - Half Yearly IDCW;INF109KA1O60;INF109KA1P02;10.5005;10.4742;10.5005;07-Jul-2015
131053;ICICI Prudential Constant Maturity Gilt Fund - Direct Plan - Monthly IDCW;INF109KA1O45;INF109KA1O86;10.8187;10.7917;10.8187;07-Jul-2015
131051;ICICI Prudential Constant Maturity Gilt Fund - Growth;INF109KA1N46;;11.0287;11.0011;11.0287;07-Jul-2015
131058;ICICI Prudential Constant Maturity Gilt Fund - Half Yearly IDCW;INF109KA1N79;INF109KA1O11;10.2486;10.2230;10.2486;07-Jul-2015
131062;ICICI Prudential Constant Maturity Gilt Fund - Monthly IDCW;INF109KA1N53;INF109KA1N95;10.7176;10.6908;10.7176;07-Jul-2015
131057;ICICI Prudential Constant Maturity Gilt Fund - quarterly IDCW;INF109KA1N61;INF109KA1O03;10.5245;10.4982;10.5245;07-Jul-2015

SBI Mutual Fund
120137;SBI MAGNUM CONSTANT MATURITY FUND - DIRECT PLAN - GROWTH;INF200K01SK7;;29.2955;29.2516;29.2955;07-Jul-2015
120136;SBI Magnum Constant Maturity Fund - Direct Plan - Income Distribution cum Capital Withdrawal Option (IDCW);INF200K01SI1;INF200K01SJ9;11.983;11.965;11.983;07-Jul-2015
101002;SBI MAGNUM CONSTANT MATURITY FUND - REGULAR PLAN - GROWTH;INF200K01AN9;;29.1096;29.0659;29.1096;07-Jul-2015
101003;SBI Magnum Constant Maturity Fund - Regular Plan - Income Distribution cum Capital Withdrawal Option (IDCW);INF200K01AO7;INF200K01AP4;11.9415;11.9236;11.9415;07-Jul-2015

Open Ended Schemes ( Debt Scheme - Floater Fund )


Aditya Birla Sun Life Mutual Fund
122645;Aditya Birla Sun Life Floating Rate Fund-Direct - daily IDCW;INF209K01UW9;;100.3918;100.3918;100.3918;07-Jul-2015
122648;Aditya Birla Sun Life Floating Rate Fund-Direct - weekly IDCW;INF209K01UY5;;100.4658;100.4658;100.4658;07-Jul-2015
122646;Aditya Birla Sun Life Floating Rate Fund-Direct Plan-Growth;INF209K01UX7;;172.2732;172.2732;172.2732;07-Jul-2015
122643;Aditya Birla Sun Life Floating Rate Fund-Regular - DAILY IDCW;;INF209KA1LN1;100.3952;100.3952;100.3952;07-Jul-2015
122647;Aditya Birla Sun Life Floating Rate Fund-REGULAR - WEEKLY IDCW;;INF209K01MH7;100.4609;100.4609;100.4609;07-Jul-2015
122644;Aditya Birla Sun Life Floating Rate Fund-Regular Plan-Growth;INF209K01MG9;;171.3819;171.3819;171.3819;07-Jul-2015
122649;Aditya Birla Sun Life Floating Rate Fund-RETAIL - WEEKLY IDCW;;INF209K01MI5;100.4609;100.4609;100.4609;07-Jul-2015
122650;Aditya Birla Sun Life Floating Rate Fund-Retail Plan-Growth;INF209K01MF1;;247.8773;247.8773;247.8773;07-Jul-2015

Franklin Templeton Mutual Fund
118508;Franklin India Floating Rate Fund - Direct - Growth;INF090I01LK1;;22.6454;22.6454;22.6454;07-Jul-2015
118507;Franklin India Floating Rate Fund - Direct - IDCW ;INF090I01LL9;;10.0095;10.0095;10.0095;07-Jul-2015
101048;Franklin India Floating Rate Fund - Growth Plan;INF090I01LM7;;22.1836;22.1836;22.1836;07-Jul-2015
101044;Franklin India Floating Rate Fund - IDCW ;INF090I01LN5;;10.0085;10.0085;10.0085;07-Jul-2015

HDFC Mutual Fund
106838;HDFC Floating Rate Debt Fund - Daily IDCW Option;;INF179K01699;10.0809;10.0809;10.0809;07-Jul-2015
118959;HDFC Floating Rate Debt Fund - Direct Plan - Daily IDCW;;;10.0809;10.0809;10.0809;07-Jul-2015
118961;HDFC Floating Rate Debt Fund - Direct Plan - Growth Option;INF179K01VQ4;;24.5561;24.5561;24.5561;07-Jul-2015
118960;HDFC Floating Rate Debt Fund - Direct Plan - Monthly IDCW;INF179K01VO9;INF179K01VP6;10.1689;10.1689;10.1689;07-Jul-2015
118962;HDFC Floating Rate Debt Fund - Direct Plan - Weekly IDCW;;;10.1388;10.1388;10.1388;07-Jul-2015
106841;HDFC Floating Rate Debt Fund - Growth Option;INF179K01707;;24.5209;24.5209;24.5209;07-Jul-2015
106839;HDFC Floating Rate Debt Fund - Monthly IDCW Option;INF179K01715;INF179K01723;10.1686;10.1686;10.1686;07-Jul-2015
106840;HDFC Floating Rate Debt Fund - Weekly IDCW Option;INF179K01731;INF179K01749;10.1387;10.1387;10.1387;07-Jul-2015
101483;HDFC Floating Rate Debt Fund - Retail Daily Div Option;;INF179K01640;10.0809;10.0809;10.0809;07-Jul-2015
101481;HDFC Floating Rate Debt Fund - Retail Growth Option;INF179K01632;;23.9041;23.9041;23.9041;07-Jul-2015
101484;HDFC Floating Rate Debt Fund - Retail Monthly Div option;INF179K01657;INF179K01665;10.1682;10.1682;10.1682;07-Jul-2015
101482;HDFC Floating Rate Debt Fund - Retail Weekly Div Option;INF179K01681;INF179K01673;10.1387;10.1387;10.1387;07-Jul-2015

ICICI Prudential Mutual Fund
130899;ICICI Prudential Floating Interest Fund - Bonus;INF109KA1I43;;107.0888;107.0888;107.0888;07-Jul-2015
101804;ICICI Prudential Floating Interest Fund - Daily IDCW;INF109K01AW3;;100.7530;100.7530;100.7530;07-Jul-2015
120423;ICICI Prudential Floating Interest Fund - Direct Plan - Daily IDCW;;INF109K01P24;100.3840;100.3840;100.3840;07-Jul-2015
120427;ICICI Prudential Floating Interest Fund - Direct Plan - Fortnightly IDCW;INF109K01P40;;100.8001;100.8001;100.8001;07-Jul-2015
120425;ICICI Prudential Floating Interest Fund - Direct Plan - Growth;INF109K01P57;;215.0140;215.0140;215.0140;07-Jul-2015
122607;ICICI Prudential Floating Interest Fund - Direct Plan - Monthly IDCW;INF109K018Z6;INF109K017Z8;101.1591;101.1591;101.1591;07-Jul-2015
125216;ICICI Prudential Floating Interest Fund - Direct Plan - Quarterly IDCW;INF109KA1012;INF109K019Z4;102.5657;102.5657;102.5657;07-Jul-2015
120424;ICICI Prudential Floating Interest Fund - Direct Plan - Weekly IDCW;INF109K01P73;INF109K01P81;100.5283;100.5283;100.5283;07-Jul-2015
101803;ICICI Prudential Floating Interest Fund - Fortnightly IDCW;INF109K01AZ6;;100.8487;100.8487;100.8487;07-Jul-2015
101802;ICICI Prudential Floating Interest Fund - Growth;INF109K01AX1;;212.0743;212.0743;212.0743;07-Jul-2015
115510;ICICI Prudential Floating Interest Fund - IDCW Others;INF109K01WQ9;INF109K01WP1;107.0863;107.0863;107.0863;07-Jul-2015
122606;ICICI Prudential Floating Interest Fund - Monthly IDCW;INF109KA1038;INF109KA1020;100.9389;100.9389;100.9389;07-Jul-2015
122891;ICICI Prudential Floating Interest Fund - Quarterly IDCW;INF109KA1053;INF109KA1046;101.7697;101.7697;101.7697;07-Jul-2015
111545;ICICI Prudential Floating Interest Fund - Weekly IDCW;INF109K01EN4;INF109K01AY9;100.5257;100.5257;100.5257;07-Jul-2015
101800;ICICI Prudential Floating Interest Fund Plan A - Dividend Daily;INF109K01928;;100.3840;100.3840;100.3840;07-Jul-2015
101796;ICICI Prudential Floating Interest Fund Plan A - Fortnightly Dividend;INF109K01910;;100.8911;100.8911;100.8911;07-Jul-2015
101795;ICICI Prudential Floating Interest Fund Plan A - Growth;INF109K01936;;213.3639;213.3639;213.3639;07-Jul-2015
111544;ICICI Prudential Floating Interest Fund Plan A - Weekly Dividend Option;INF109K01EK0;INF109K01944;100.5244;100.5244;100.5244;07-Jul-2015
101799;ICICI Prudential Floating Interest Fund Plan B - Dividend Daily;INF109K01951;;100.3840;100.3840;100.3840;07-Jul-2015
101794;ICICI Prudential Floating Interest Fund Plan B - Fortnightly Dividend;INF109K01969;;101.2651;101.2651;101.2651;07-Jul-2015
101793;ICICI Prudential Floating Interest Fund Plan B - Growth;INF109K01977;;230.3812;230.3812;230.3812;07-Jul-2015
111543;ICICI Prudential Floating Interest Fund Plan B - Weekly Dividend Option;INF109K01EL8;INF109K01985;100.5244;100.5244;100.5244;07-Jul-2015
101801;ICICI Prudential Floating Interest Fund Plan C - Dividend Daily;INF109K01AA9;;100.3840;100.3840;100.3840;07-Jul-2015
101798;ICICI Prudential Floating Interest Fund Plan C - Fortnightly Dividend;INF109K01993;;100.8891;100.8891;100.8891;07-Jul-2015
111546;ICICI Prudential Savings Fund Plan C - Weekly Dividend Option;INF109K01EM6;INF109K01AC5;100.5243;100.5243;100.5243;07-Jul-2015

Nippon India Mutual Fund
118660;NIPPON INDIA FLOATER  FUND - DIRECT Plan - WEEKLY IDCW Option;INF204K01D14;INF204K01E13;10.1146;10.0640;10.1146;07-Jul-2015
118656;Nippon India Floater Fund  - Direct Plan Growth Plan - Growth Option;INF204K01E05;;22.7635;22.6497;22.7635;07-Jul-2015
102676;NIPPON INDIA FLOATER FUND - DAILY IDCW REINVESTMENT Option;;INF204K01CI7;10.1172;10.0666;10.1172;07-Jul-2015
118654;NIPPON INDIA FLOATER FUND - DIRECT Plan - DAILY IDCW Option;;INF204K01D71;10.1187;10.0681;10.1187;07-Jul-2015
124590;NIPPON INDIA FLOATER FUND - DIRECT Plan - IDCW Option;INF204KA1DU8;INF204KA1DV6;10.6310;10.5778;10.6310;07-Jul-2015
118655;NIPPON INDIA FLOATER FUND - DIRECT Plan - MONTHLY IDCW Option;INF204K01D89;INF204K01D97;10.5510;10.4982;10.5510;07-Jul-2015
118661;NIPPON INDIA FLOATER FUND - DIRECT Plan - QUARTERLY IDCW Option;INF204K01C98;INF204K01D06;10.1505;10.0997;10.1505;07-Jul-2015
102673;Nippon India Floater Fund - Growth Plan-Growth Option;INF204K01CG1;;22.4696;22.3573;22.4696;07-Jul-2015
124589;NIPPON INDIA FLOATER FUND - IDCW Option;INF204KA1DS2;INF204KA1DT0;10.6020;10.5490;10.6020;07-Jul-2015
102675;NIPPON INDIA FLOATER FUND - MONTHLY IDCW Option;INF204K01CH9;INF204K01CK3;10.4335;10.3813;10.4335;07-Jul-2015
112942;NIPPON INDIA FLOATER FUND - QUARTERLY IDCW Option;INF204K01HK2;INF204K01HL0;10.3193;10.2677;10.3193;07-Jul-2015
102677;NIPPON INDIA FLOATER FUND - WEEKLY IDCW Option;INF204K01OQ5;INF204K01CJ5;10.1137;10.0631;10.1137;07-Jul-2015

Open Ended Schemes ( Hybrid Scheme - Conservative Hybrid Fund )


Aditya Birla Sun Life Mutual Fund
120550;Aditya Birla Sun Life Regular Savings Fund - DIRECT - MONTHLY IDCW;INF209K01R47;;16.3309;16.1676;16.3309;07-Jul-2015
120705;Aditya Birla Sun Life Regular Savings Fund - Growth / Payment - Direct Plan;INF209K01XH4;INF209K01XJ0;30.0538;29.7533;30.0538;07-Jul-2015
101818;Aditya Birla Sun Life Regular Savings Fund - Growth / Payment - Regular Plan;INF209K01751;INF209K01777;29.5949;29.2990;29.5949;07-Jul-2015
101816;Aditya Birla Sun Life Regular Savings Fund - REGULAR - MONTHLY IDCW;INF209K01769;INF209K01DF0;13.9284;13.7891;13.9284;07-Jul-2015

Axis Mutual Fund
120477;Axis Conservative Hybrid Fund - Direct Plan - Annual IDCW;INF846K01DY0;INF846K01DZ7;12.3575;12.2339;12.3575;07-Jul-2015
120480;Axis Conservative Hybrid Fund - Direct Plan - Growth Option;INF846K01EA8;;16.0152;15.8550;16.0152;07-Jul-2015
120478;Axis Conservative Hybrid Fund - Direct Plan - Half Yearly;INF846K01EB6;INF846K01EC4;12.2055;12.0834;12.2055;07-Jul-2015
120479;Axis Conservative Hybrid Fund - Direct Plan - Quarterly;INF846K01ED2;INF846K01EE0;12.9177;12.7885;12.9177;07-Jul-2015
112927;Axis Conservative Hybrid Fund - Regular Plan - Annual IDCW;INF846K01743;INF846K01750;12.3738;12.2501;12.3738;07-Jul-2015
112924;Axis Conservative Hybrid Fund - Regular Plan - Growth Option;INF846K01693;;15.5150;15.3599;15.5150;07-Jul-2015
112926;Axis Conservative Hybrid Fund - Regular Plan - Half Yearly IDCW;INF846K01727;INF846K01735;11.9779;11.8581;11.9779;07-Jul-2015
112925;Axis Conservative Hybrid Fund - Regular Plan - Quarterly IDCW;INF846K01701;INF846K01719;11.4842;11.3694;11.4842;07-Jul-2015

Bandhan Mutual Fund
112353;BANDHAN Conservative Hybrid Fund - Regular Plan - Growth;INF194K01RW9;;16.8051;16.8051;16.8051;07-Jul-2015
112352;BANDHAN Conservative Hybrid Fund - Regular Plan - IDCW;INF194K01RY5;INF194K01RX7;12.7433;12.7433;12.7433;07-Jul-2015
113361;BANDHAN Conservative Hybrid Fund - Regular Plan - Quarterly IDCW;INF194K01SB1;INF194K01SA3;12.6110;12.6110;12.6110;07-Jul-2015
118491;BANDHAN Conservative Hybrid Fund-Direct Plan-Growth;INF194K015B9;;17.2026;17.2026;17.2026;07-Jul-2015
118490;BANDHAN Conservative Hybrid Fund-Direct Plan-IDCW;INF194K017B5;INF194K016B7;13.1632;13.1632;13.1632;07-Jul-2015
118492;BANDHAN Conservative Hybrid Fund-Direct Plan-Quarterly IDCW;INF194K010C8;INF194K019B1;13.2580;13.2580;13.2580;07-Jul-2015

Baroda BNP Paribas Mutual Fund
102661;BARODA CONSERVATIVE HYBRID FUND - Plan A - Growth Option;INF955L01161;;18.8459;18.6574;18.8459;07-Jul-2015
102662;BARODA CONSERVATIVE HYBRID FUND - Plan A - Monthly IDCW Option;INF955L01179;INF955L01187;13.3657;13.2320;13.3657;07-Jul-2015
102663;BARODA CONSERVATIVE HYBRID FUND - Plan A - Quarterly IDCW Option;INF955L01195;INF955L01203;13.0232;12.8930;13.0232;07-Jul-2015
119389;BARODA CONSERVATIVE HYBRID FUND - Plan B (Direct) - Growth Option;INF955L01AQ9;;19.2661;19.0734;19.2661;07-Jul-2015
119391;BARODA CONSERVATIVE HYBRID FUND - Plan B (Direct) - Quarterly IDCW Option;INF955L01AR7;;13.1174;12.9862;13.1174;07-Jul-2015
119390;BARODA CONSERVATIVE HYBRID FUND - Plan B (Direct)- Monthly IDCW Option;INF955L01AO4;;13.4308;13.2965;13.4308;07-Jul-2015

BNP Paribas Mutual Fund
120082;BNP Paribas Conservative Hybrid Fund - Direct Plan - Growth Option;INF251K01HR8;;22.5916;22.5916;22.5916;07-Jul-2015
120083;BNP Paribas Conservative Hybrid Fund - Direct Plan - Monthly Income Distribution cum Capital Withdrawal Option;INF251K01HS6;INF251K01HT4;11.5584;11.5584;11.5584;07-Jul-2015
120111;BNP Paribas Conservative Hybrid Fund - Direct Plan - Quarterly Income Distribution cum Capital Withdrawal Option;INF251K01HU2;INF251K01HV0;10.1486;10.1486;10.1486;07-Jul-2015
113560;BNP PARIBAS Conservative Hybrid Fund-Regular Plan-Growth Option;INF251K01845;;22.1888;22.1888;22.1888;07-Jul-2015
113561;BNP PARIBAS Conservative hybrid Fund-Regular Plan-Monthly Income Distribution cum Capital Withdrawal Option;INF251K01852;INF251K01860;10.8856;10.8856;10.8856;07-Jul-2015
113562;BNP PARIBAS Conservative Hybrid Fund-Regular Plan-Quarterly Income Distribution cum Capital Withdrawal Option;INF251K01878;INF251K01886;10.3465;10.3465;10.3465;07-Jul-2015

Canara Robeco Mutual Fund
118309;CANARA ROBECO CONSERVATIVE HYBRID FUND - DIRECT PLAN - GROWTH OPTION;INF760K01GB4;;46.1364;46.1364;46.1364;07-Jul-2015
118311;CANARA ROBECO CONSERVATIVE HYBRID FUND - DIRECT PLAN - MONTHLY IDCW (Payout/Reinvestment);INF760K01FZ5;INF760K01GA6;15.3499;15.3499;15.3499;07-Jul-2015
118310;CANARA ROBECO CONSERVATIVE HYBRID FUND - DIRECT PLAN - QUARTERLY IDCW (Payout/Reinvestment);INF760K01GC2;INF760K01GD0;15.6024;15.6024;15.6024;07-Jul-2015
100601;CANARA ROBECO CONSERVATIVE HYBRID FUND - REGULAR PLAN - GROWTH OPTION;INF760K01282;;45.1290;45.1290;45.1290;07-Jul-2015
100600;CANARA ROBECO CONSERVATIVE HYBRID FUND - REGULAR PLAN - MONTHLY IDCW (Payout/Reinvestment);INF760K01308;INF760K01316;14.9892;14.9892;14.9892;07-Jul-2015
112378;CANARA ROBECO CONSERVATIVE HYBRID FUND - REGULAR PLAN - QUARTERLY IDCW (Payout/Reinvestment);INF760K01AP7;INF760K01AQ5;15.2139;15.2139;15.2139;07-Jul-2015

DSP Mutual Fund
118994;DSP Regular Savings Fund - Direct Plan - Growth;INF740K01NO5;;29.6409;29.0481;29.6409;07-Jul-2015
118992;DSP Regular Savings Fund - Direct Plan - IDCW - Monthly;INF740K01NP2;INF740K01NR8;12.5131;12.2628;12.5131;07-Jul-2015
118993;DSP Regular Savings Fund - Direct Plan - IDCW - Quarterly ;INF740K01NQ0;INF740K01NS6;13.2983;13.0323;13.2983;07-Jul-2015
102450;DSP Regular Savings Fund - Regular Plan - IDCW - Monthly;INF740K01458;INF740K01466;12.1110;11.8688;12.1110;07-Jul-2015
102451;DSP Regular Savings Fund - Regular Plan - IDCW - Quarterly ;INF740K01474;INF740K01482;13.0806;12.8190;13.0806;07-Jul-2015
102448;DSP Regular Savings Fund- Regular Plan - Growth;INF740K01441;;29.1726;28.5891;29.1726;07-Jul-2015

Franklin Templeton Mutual Fund
118574;Franklin India Debt Hybrid Fund - Direct - GROWTH;INF090I01GF1;;44.5574;44.1118;44.5574;07-Jul-2015
100948;Franklin India Debt Hybrid Fund - Growth;INF090I01EA7;;43.8310;43.3927;43.8310;07-Jul-2015
118575;Franklin India Debt Hybrid Fund - Plan A - Direct - Monthly - IDCW;INF090I01GG9;INF090I01GH7;14.4954;14.3504;14.4954;07-Jul-2015
118576;Franklin India Debt Hybrid Fund - Plan A - Direct - Quarterly - IDCW;INF090I01GI5;INF090I01GJ3;13.9189;13.7797;13.9189;07-Jul-2015
100949;Franklin India Debt Hybrid Fund - Plan A - Monthly - IDCW;INF090I01EB5;INF090I01EC3;14.2381;14.0957;14.2381;07-Jul-2015
100950;Franklin India Debt Hybrid Fund - Plan A - Quarterly - IDCW;INF090I01ED1;INF090I01EE9;13.6715;13.5348;13.6715;07-Jul-2015

HDFC Mutual Fund
119118;HDFC Hybrid Debt Fund - Growth Option - Direct Plan;INF179K01XE6;;35.3248;34.9716;35.3248;07-Jul-2015
102147;HDFC Hybrid Debt Fund - Growth Plan;INF179K01AE4;;34.9441;34.5947;34.9441;07-Jul-2015
102148;HDFC Hybrid Debt Fund - IDCW Monthly;INF179K01AA2;INF179K01AB0;14.3779;14.2341;14.3779;07-Jul-2015
119119;HDFC Hybrid Debt Fund - IDCW Monthly - Direct Plan;INF179K01XF3;INF179K01XG1;14.5512;14.4057;14.5512;07-Jul-2015
102149;HDFC Hybrid Debt Fund - IDCW Quarterly;INF179K01AC8;INF179K01AD6;14.8204;14.6722;14.8204;07-Jul-2015
119120;HDFC Hybrid Debt Fund - IDCW Quarterly - Direct Plan;INF179K01XH9;INF179K01XI7;15.0029;14.8529;15.0029;07-Jul-2015
119121;HDFC MF MIP STP -Direct Plan - Growth Option;INF179K01XJ5;;25.1226;24.8714;25.1226;07-Jul-2015
119122;HDFC MF MIP STP -Direct Plan - Monthly Dividend Option;INF179K01XK3;INF179K01XL1;12.0409;11.9205;12.0409;07-Jul-2015
119117;HDFC MF MIP STP-Direct Plan - Quarterly Dividend Option;INF179K01XM9;INF179K01XN7;12.3689;12.2452;12.3689;07-Jul-2015
102144;HDFC MF Monthly Income Plan-Short Term Plan-Growth Option;INF179K01AF1;;24.8385;24.5901;24.8385;07-Jul-2015
102145;HDFC MF Monthly Income Plan-Short Term Plan-Monthly Dividend Option;INF179K01AG9;INF179K01AH7;11.8925;11.7736;11.8925;07-Jul-2015
102146;HDFC MF Monthly Income Plan-Short Term Plan-Quarterly Dividend Option;INF179K01AI5;INF179K01AJ3;12.2156;12.0934;12.2156;07-Jul-2015

HSBC Mutual Fund
120073;HSBC Conservative Hybrid Fund - Direct Growth;INF336L01DW4;;29.6224;29.6224;29.6224;07-Jul-2015
120074;HSBC Conservative Hybrid Fund - Direct Monthly IDCW;INF336L01DX2;INF336L01DY0;14.4237;14.4237;14.4237;07-Jul-2015
120075;HSBC Conservative Hybrid Fund - Direct Quarterly IDCW;INF336L01DZ7;INF336L01EA8;14.092;14.092;14.092;07-Jul-2015
102262;HSBC Conservative Hybrid Fund - Regular Growth;INF336L01099;;29.2163;29.2163;29.2163;07-Jul-2015
102260;HSBC Conservative Hybrid Fund - Regular Monthly IDCW;INF336L01107;INF336L01115;13.5494;13.5494;13.5494;07-Jul-2015
102261;HSBC Conservative Hybrid Fund - Regular Quarterly IDCW;INF336L01123;INF336L01131;13.4444;13.4444;13.4444;07-Jul-2015

ICICI Prudential Mutual Fund
123183;ICICI Prudential Regular Savings Fund - Direct Plan - Bonus;INF109KA1301;;31.1716;30.8599;31.1716;07-Jul-2015
120616;ICICI Prudential Regular Savings Fund - Direct Plan - Growth;INF109K01S39;;31.1764;30.8646;31.1764;07-Jul-2015
120613;ICICI Prudential Regular Savings Fund - Direct Plan - Half Yearly IDCW;INF109K01S47;INF109K01S54;13.9617;13.8221;13.9617;07-Jul-2015
120615;ICICI Prudential Regular Savings Fund - Direct Plan - Monthly IDCW;INF109K01S62;INF109K01S70;14.0922;13.9513;14.0922;07-Jul-2015
120614;ICICI Prudential Regular Savings Fund - Direct Plan - Quarterly IDCW;INF109K01S88;INF109K01S96;12.5937;12.4678;12.5937;07-Jul-2015
128110;ICICI Prudential Regular Savings Fund - Plan - Bonus;INF109KA1319;;12.7860;12.6581;12.7860;07-Jul-2015
102330;ICICI Prudential Regular Savings Fund - Plan - Growth;INF109K01902;;30.6141;30.3080;30.6141;07-Jul-2015
113098;ICICI Prudential Regular Savings Fund - Plan - Half Yearly IDCW;INF109K01IW6;INF109K01WX5;12.1506;12.0291;12.1506;07-Jul-2015
102331;ICICI Prudential Regular Savings Fund - Plan - Monthly IDCW;INF109K01ER5;INF109K01894;13.4846;13.3498;13.4846;07-Jul-2015
113097;ICICI Prudential Regular Savings Fund - Plan - Quarterly IDCW;INF109K01IX4;INF109K01WY3;11.5772;11.4614;11.5772;07-Jul-2015

Invesco Mutual Fund
120554;Invesco India Regular Savings Fund - Direct Plan  - Growth;INF205K01TX7;;1445.2239;1430.7717;1445.2239;07-Jul-2015
120555;Invesco India Regular Savings Fund - Direct Plan - Monthly Dividend;INF205K01TY5;INF205K01TZ2;1072.9054;1062.1763;1072.9054;07-Jul-2015
112887;Invesco India Regular Savings Fund - Growth;INF205K01UA3;;1426.4895;1412.2246;1426.4895;07-Jul-2015
112888;Invesco India Regular Savings Fund - Monthly Dividend;INF205K01UB1;INF205K01UC9;1138.1348;1126.7535;1138.1348;07-Jul-2015

Kotak Mahindra Mutual Fund
114859;Kotak Debt Hybrid - Growth;INF174K01393;;23.4805;23.4805;23.4805;07-Jul-2015
120154;Kotak Debt Hybrid - Growth - Direct;INF174K01JZ1;;23.8878;23.8878;23.8878;07-Jul-2015
114858;Kotak Debt Hybrid - Monthly Payout of Income Distribution cum capital withdrawal option;INF174K01419;INF174K01401;12.2997;12.2997;12.2997;07-Jul-2015
120155;Kotak Debt Hybrid - Monthly Payout of Income Distribution cum capital withdrawal option - Direct;INF174K01KA2;INF174K01KB0;12.4289;12.4289;12.4289;07-Jul-2015
114860;Kotak Debt Hybrid - Quarterly Payout of Income Distribution cum capital withdrawal option;INF174K01435;INF174K01427;13.0132;13.0132;13.0132;07-Jul-2015
120156;Kotak Debt Hybrid - Quarterly Payout of Income Distribution cum capital withdrawal option - Direct;INF174K01KC8;;13.2653;13.2653;13.2653;07-Jul-2015

L&T Mutual Fund
119852;L&T Conservative Hybrid Fund -Direct Plan- Growth;INF917K01GF1;;28.0517;27.7712;28.0517;07-Jul-2015
112487;L&T Conservative Hybrid Fund- Regular Plan - Growth;INF917K01056;;27.5768;27.3010;27.5768;07-Jul-2015
119853;L&T Conservative Hybrid Fund -Direct Plan-Monthly IDCW;INF917K01GH7;INF917K01GG9;11.3078;11.1947;11.3078;07-Jul-2015
112488;L&T Conservative Hybrid Fund -Regular Plan - Monthly IDCW;INF917K01031;INF917K01049;11.1611;11.0495;11.1611;07-Jul-2015
119854;L&T Conservative Hybrid Fund -Direct Plan-Quarterly IDCW;INF917K01GJ3;INF917K01GI5;11.8888;11.7699;11.8888;07-Jul-2015
112489;L&T Conservative Hybrid Fund -Regular Plan -Quarterly IDCW;INF917K01064;INF917K01072;11.6795;11.5627;11.6795;07-Jul-2015

LIC Mutual Fund
120276;LIC MF Conservative Hybrid Fund-Direct Plan-Growth;INF767K01EO7;;44.5921;44.1462;44.5921;07-Jul-2015
120277;LIC MF Conservative Hybrid Fund-Direct Plan-Monthly IDCW;INF767K01EP4;INF767K01ES8;10.7777;10.6699;10.7777;07-Jul-2015
120274;LIC MF Conservative Hybrid Fund-Direct Plan-Quarterly IDCW;INF767K01EQ2;INF767K01ET6;10.8078;10.6997;10.8078;07-Jul-2015
120275;LIC MF Conservative Hybrid Fund-Direct Plan-Yearly IDCW;INF767K01ER0;INF767K01EU4;11.5182;11.4030;11.5182;07-Jul-2015
101869;LIC MF Conservative Hybrid Fund-Regular Plan-Growth;INF767K01808;;43.9959;43.5559;43.9959;07-Jul-2015
101866;LIC MF Conservative Hybrid Fund-Regular Plan-Monthly IDCW;INF767K01816;INF767K01824;10.6221;10.5159;10.6221;07-Jul-2015
101867;LIC MF Conservative Hybrid Fund-Regular Plan-Quarterly IDCW;INF767K01832;INF767K01840;10.7832;10.6754;10.7832;07-Jul-2015
101868;LIC MF Conservative Hybrid Fund-Regular Plan-Yearly IDCW;INF767K01857;INF767K01865;11.3546;11.2411;11.3546;07-Jul-2015

Navi Mutual Fund
113143;Navi Conservative Hybrid  Fund - Quarterly IDCW;INF959L01114;INF959L01122;11.3477;11.3477;11.3477;07-Jul-2015
119157;Navi Conservative Hybrid Fund - Direct Plan Monthly IDCW;INF959L01684;INF959L01692;11.3960;11.3960;11.3960;07-Jul-2015
119158;Navi Conservative Hybrid Fund - Direct Plan Quarterly IDCW;INF959L01700;INF959L01718;11.9164;11.9164;11.9164;07-Jul-2015
113141;Navi Conservative Hybrid Fund - Monthly IDCW;INF959L01098;INF959L01106;10.8471;10.8471;10.8471;07-Jul-2015
119156;Navi Conservative Hybrid Fund-Direct Plan-Growth Option;INF959L01676;;15.5607;15.5607;15.5607;07-Jul-2015
113142;Navi Conservative Hybrid Fund-Growth;INF959L01130;;15.1355;15.1355;15.1355;07-Jul-2015

Nippon India Mutual Fund
118727;NIPPON INDIA CONSERVATIVE HYBRID  FUND - DIRECT Plan - MONTHLY IDCW Option;INF204K01YW2;INF204K01YX0;12.9531;12.7588;12.9531;07-Jul-2015
118729;NIPPON INDIA CONSERVATIVE HYBRID  FUND - DIRECT Plan - QUARTERLY IDCW Option;INF204K01YY8;INF204K01YZ5;13.0241;12.8287;13.0241;07-Jul-2015
118726;Nippon India Conservative Hybrid  Fund - Direct Plan Growth Plan - Growth Option;INF204K01YV4;;34.3596;33.8442;34.3596;07-Jul-2015
102173;NIPPON INDIA CONSERVATIVE HYBRID  FUND - MONTHLY IDCW Option;INF204K01FE9;INF204K01FF6;12.3373;12.1522;12.3373;07-Jul-2015
102174;NIPPON INDIA CONSERVATIVE HYBRID  FUND - QUARTERLY IDCW Option;INF204K01FG4;INF204K01FH2;12.8720;12.6789;12.8720;07-Jul-2015
102172;Nippon India Conservative Hybrid  Fund-Growth Plan;INF204K01FD1;;33.6425;33.1379;33.6425;07-Jul-2015

SBI Mutual Fund
119836;SBI Conservative Hybrid Fund  - Direct Plan - Quarterly Income Distribution cum Capital Withdrawal Option (IDCW);INF200K01TV2;INF200K01TW0;12.3997;12.2757;12.3997;07-Jul-2015
119837;SBI Conservative Hybrid Fund - Direct Plan - Annual Income Distribution cum Capital Withdrawal Option (IDCW);INF200K01TQ2;INF200K01TR0;14.9212;14.772;14.9212;07-Jul-2015
119839;SBI Conservative Hybrid Fund - Direct Plan - Growth;INF200K01TS8;;30.9373;30.6279;30.9373;07-Jul-2015
119838;SBI Conservative Hybrid Fund - Direct Plan - Monthly Income Distribution cum Capital Withdrawal Option (IDCW);INF200K01TT6;INF200K01TU4;13.8303;13.692;13.8303;07-Jul-2015
100929;SBI Conservative Hybrid Fund - Regular Plan - Annual Income Distribution cum Capital Withdrawal Option (IDCW);INF200K01909;INF200K01917;13.3698;13.2361;13.3698;07-Jul-2015
100968;SBI Conservative Hybrid Fund - Regular Plan - Growth;INF200K01859;;30.3842;30.0804;30.3842;07-Jul-2015
100927;SBI Conservative Hybrid Fund - Regular Plan - Monthly Income Distribution cum Capital Withdrawal Option (IDCW);INF200K01867;INF200K01875;11.8832;11.7644;11.8832;07-Jul-2015
100928;SBI Conservative Hybrid Fund - Regular Plan - Quarterly Income Distribution cum Capital Withdrawal Option (IDCW);INF200K01883;INF200K01891;11.7057;11.5886;11.7057;07-Jul-2015

Sundaram Mutual Fund
102175;Sundaram  Monthly Income Plan-Monthly Dividend;INF903J01HQ8;INF903J01HT2;11.8201;11.8201;11.8201;07-Jul-2015
102176;Sundaram  Monthly Income Plan-Quarterly-Dividend;INF903J01HR6;INF903J01HU0;11.0269;11.0269;11.0269;07-Jul-2015
118331;Sundaram Monthly Income Plan - Moderate Plan - Bonus Option;INF903J01ME4;;13.2950;13.2950;13.2950;07-Jul-2015
119654;Sundaram Monthly Income Plan - Moderate Plan - Direct Plan - Growth Option;INF903J01QH8;;20.3781;20.3781;20.3781;07-Jul-2015
119650;Sundaram Monthly Income Plan - Moderate Plan - Direct Plan - Monthly Dividend Option;INF903J01QK2;INF903J01QL0;12.0244;12.0244;12.0244;07-Jul-2015
119651;Sundaram Monthly Income Plan - Moderate Plan - Direct Plan - Quarterly Dividend Option;INF903J01QM8;INF903J01QN6;11.1315;11.1315;11.1315;07-Jul-2015
102178;Sundaram Monthly Income Plan-Growth;INF903J01HP0;;19.9521;19.9521;19.9521;07-Jul-2015
102177;Sundaram Monthly Income Plan-Half-yearly Dividend;INF903J01HS4;INF903J01HV8;11.0126;11.0126;11.0126;07-Jul-2015
119635;Sundaram Conservative Hybrid Fund (Formerly Known as Sundaram Debt Oriented Hybrid Fund) Direct Plan - Growth;INF903J01OP6;;15.3720;15.3720;15.3720;07-Jul-2015
119637;Sundaram Conservative Hybrid Fund (Formerly Known as Sundaram Debt Oriented Hybrid Fund) Direct Plan -Income Distribution cum Capital Withdrawal (IDCW);INF903J01OR2;INF903J01OU6;13.2239;13.2239;13.2239;07-Jul-2015
112868;Sundaram Conservative Hybrid Fund (Formerly Known as Sundaram Debt Oriented Hybrid Fund) Regular Plan - Growth;INF903J01HB0;;15.2392;15.2392;15.2392;07-Jul-2015
112867;Sundaram Conservative Hybrid Fund (Formerly Known as Sundaram Debt Oriented Hybrid Fund) Regular Plan - Income Distribution cum Capital Withdrawal (IDCW);INF903J01HC8;INF903J01HF1;13.2266;13.2266;13.2266;07-Jul-2015
112870;Sundaram Conservative Hybrid Fund (Formerly Known as Sundaram Debt Oriented Hybrid Fund) Regular Plan -Income Distribution cum Capital Withdrawal (IDCW);INF903J01HD6;INF903J01HG9;13.1597;13.1597;13.1597;07-Jul-2015
112869;Sundaram Conservative Hybrid Fund (Formerly Known as Sundaram Debt Oriented Hybrid Fund) Regular Plan- Income Distribution cum Capital Withdrawal (IDCW);INF903J01HE4;INF903J01HH7;12.8316;12.8316;12.8316;07-Jul-2015
119644;Sundaram Regular Savings Fund - Direct Plan - Growth Option;INF903J01OF7;;13.6500;13.3088;13.6500;07-Jul-2015
112873;Sundaram Regular Savings Fund - DIVIDEND;INF903J01HJ3;INF903J01HM7;11.3760;11.0916;11.3760;07-Jul-2015
112874;Sundaram Regular Savings Fund - GROWTH;INF903J01HI5;;13.4578;13.1214;13.4578;07-Jul-2015
112871;Sundaram Regular Savings Fund - Half-yearly Dividend;INF903J01HL9;INF903J01HO3;11.1294;10.8512;11.1294;07-Jul-2015
112872;Sundaram Regular Savings Fund - Quarterly Dividend;INF903J01HK1;INF903J01HN5;11.1055;10.8279;11.1055;07-Jul-2015

UTI Mutual Fund
102533;UTI Conservative Hybrd Fund - Regular Plan - Monthly Payment Option;INF789F01927;;31.166;31.166;31.166;07-Jul-2015
120789;UTI Conservative Hybrid Fund - Direct Plan - Flexi IDCW;INF789F01UH1;INF789F01UI9;30.5791;30.5791;30.5791;07-Jul-2015
120779;UTI Conservative Hybrid Fund - Direct Plan - Growth Option;INF789F01UJ7;;31.5886;31.5886;31.5886;07-Jul-2015
120778;UTI Conservative Hybrid Fund - Direct Plan - Monthly IDCW;INF789F01UK5;INF789F01UL3;14.8916;14.8916;14.8916;07-Jul-2015
102534;UTI Conservative Hybrid Fund - Regular Plan - Flexi IDCW;INF789F01877;INF789F01885;30.1399;30.1399;30.1399;07-Jul-2015
102535;UTI Conservative Hybrid Fund - Regular Plan - Growth Option;INF789F01893;;31.1502;31.1502;31.1502;07-Jul-2015
102536;UTI Conservative Hybrid Fund - Regular Plan - Monthly IDCW;INF789F01901;INF789F01919;14.6637;14.6637;14.6637;07-Jul-2015

Open Ended Schemes ( Hybrid Scheme - Balanced Hybrid Fund )


Nippon India Mutual Fund
118738;NIPPON INDIA BALANCED ADVANTAGE FUND - DIRECT Plan - IDCW Option;INF204K01G78;INF204K01G86;29.9624;29.6628;29.9624;07-Jul-2015
118737;Nippon India Balanced Advantage Fund - Direct Plan Growth Plan - Bonus Option;INF204K01G60;;10.4129;10.3088;10.4129;07-Jul-2015
118736;Nippon India Balanced Advantage Fund - Direct Plan Growth Plan - Growth Option;INF204K01G94;;70.5383;69.8329;70.5383;07-Jul-2015
102848;NIPPON INDIA BALANCED ADVANTAGE FUND - IDCW Option;INF204K01570;INF204K01588;27.1939;26.9220;27.1939;07-Jul-2015
102847;Nippon India Balanced Advantage Fund-Growth Plan-Bonus Option;INF204K01596;;69.5234;68.8282;69.5234;07-Jul-2015
102846;Nippon India Balanced Advantage Fund-Growth Plan-Growth Option;INF204K01604;;69.5234;68.8282;69.5234;07-Jul-2015

Sundaram Mutual Fund
119542;Sundaram Equity Hybrid Fund Direct Plan - Growth;INF903J01MP0;;65.7067;65.0496;65.7067;07-Jul-2015
119545;Sundaram Equity Hybrid Fund Direct Plan - Income Distribution cum Capital Withdrawal (IDCW);INF903J01MN5;INF903J01MO3;14.6245;14.4783;14.6245;07-Jul-2015
111924;Sundaram Equity Hybrid Fund Institutional Plan - Income Distribution cum Capital Withdrawal (IDCW);INF903J01751;INF903J01769;15.3324;15.1791;15.3324;07-Jul-2015
100617;Sundaram Equity Hybrid Fund Regular Plan - Growth;INF903J01744;;64.8189;64.1707;64.8189;07-Jul-2015
101472;Sundaram Equity Hybrid Fund Regular Plan - Income Distribution cum Capital Withdrawal (IDCW);INF903J01728;INF903J01736;14.3916;14.2477;14.3916;07-Jul-2015

Open Ended Schemes ( Hybrid Scheme - Aggressive Hybrid Fund )


Aditya Birla Sun Life Mutual Fund
120517;Aditya Birla Sun Life Equity Hybrid'95 Fund - Direct Plan-Growth;INF209K01ZC0;;578.38;572.60;578.38;07-Jul-2015
103155;Aditya Birla Sun Life Equity Hybrid'95 Fund - Regular Plan-Growth;INF209K01BT5;;566.60;560.93;566.60;07-Jul-2015
120518;Aditya Birla Sun Life Equity Hybrid'95 Fund -DIRECT - IDCW;INF209KA1LH3;INF209K01ZB2;175.79;174.03;175.79;07-Jul-2015
103154;Aditya Birla Sun Life Equity Hybrid'95 Fund -Regular - IDCW;INF209K01BS7;INF209K01EE1;147.28;145.81;147.28;07-Jul-2015

Baroda BNP Paribas Mutual Fund
101912;BARODA  HYBRID EQUITY FUND - Plan A - Growth Option;INF955L01708;;43.83;43.39;43.83;07-Jul-2015
101913;BARODA HYBRID EQUITY FUND - Plan A - IDCW Option;INF955L01682;INF955L01690;21.97;21.75;21.97;07-Jul-2015
119326;BARODA HYBRID EQUITY FUND - Plan B (Direct) - Growth Option;INF955L01948;;44.90;44.45;44.90;07-Jul-2015
119325;BARODA HYBRID EQUITY FUND - Plan B (Direct) - IDCW Option;INF955L01922;;22.73;22.50;22.73;07-Jul-2015
125112;Baroda Pioneer Hybrid Equity Fund - Plan A - Bonus Option;INF955L01DB5;;43.83;43.39;43.83;07-Jul-2015

Canara Robeco Mutual Fund
118272;CANARA ROBECO EQUITY HYBRID FUND - DIRECT PLAN - GROWTH OPTION;INF760K01EZ8;;115.0900;115.0900;115.0900;07-Jul-2015
118271;CANARA ROBECO EQUITY HYBRID FUND - DIRECT PLAN - MONTHLY IDCW (Payout/Reinvestment);INF760K01EX3;INF760K01EY1;82.1500;82.1500;82.1500;07-Jul-2015
106166;CANARA ROBECO EQUITY HYBRID FUND - REGULAR PLAN - GROWTH OPTION;INF760K01050;;114.4100;114.4100;114.4100;07-Jul-2015
106167;CANARA ROBECO EQUITY HYBRID FUND - REGULAR PLAN - MONTHLY IDCW (Payout/Reinvestment);INF760K01068;INF760K01076;81.6200;81.6200;81.6200;07-Jul-2015

DSP Mutual Fund
119019;DSP Aggressive Hybrid Fund - Direct Plan - Growth;INF740K01NY4;;112.227;111.105;112.227;07-Jul-2015
119020;DSP Aggressive Hybrid Fund - Direct Plan - IDCW;INF740K01NZ1;INF740K01OA2;33.578;33.242;33.578;07-Jul-2015
131086;DSP Aggressive Hybrid Fund - Direct Plan - Quarterly Dividend;INF740K010D5;INF740K011D3;11.826;11.708;11.826;07-Jul-2015
131087;DSP Aggressive Hybrid Fund - Regular Plan - Quarterly Dividend;INF740K018C0;INF740K019C8;11.696;11.579;11.696;07-Jul-2015
100081;DSP Aggressive Hybrid Fund- Regular Plan - Growth;INF740K01318;;110.601;109.495;110.601;07-Jul-2015
100082;DSP Aggressive Hybrid Fund- Regular Plan - IDCW;INF740K01326;INF740K01334;26.046;25.786;26.046;07-Jul-2015

Edelweiss Mutual Fund
118625;Edelweiss Aggressive Hybrid Fund  - Direct Plan - IDCW Option;INF754K01CB6;INF754K01CC4;18.17;18.17;18.17;07-Jul-2015
112013;Edelweiss Aggressive Hybrid Fund  - Plan B - IDCW Option;INF754K01137;INF754K01145;19.84;19.84;19.84;07-Jul-2015
112108;Edelweiss Aggressive Hybrid Fund - Regular Plan - Growth Option;INF754K01202;;19.75;19.75;19.75;07-Jul-2015
112109;Edelweiss Aggressive Hybrid Fund - Regular Plan - IDCW Option;INF754K01178;INF754K01186;17.99;17.99;17.99;07-Jul-2015
112012;Edelweiss Aggressive Hybrid Fund- Plan B-Growth Option;INF754K01160;;19.46;19.46;19.46;07-Jul-2015
118624;Edelweiss Aggressive Hybrid Fund-Direct Plan-Growth Option;INF754K01CE0;;19.89;19.89;19.89;07-Jul-2015

Franklin Templeton Mutual Fund
118546;Franklin India Equity Hybrid Fund - Direct - Growth;INF090I01FZ1;;93.6102;92.6741;93.6102;07-Jul-2015
118547;Franklin India Equity Hybrid Fund - Direct - IDCW ;INF090I01GA2;INF090I01GB0;22.3691;22.1454;22.3691;07-Jul-2015
100550;Franklin India Equity Hybrid Fund - Growth Plan;INF090I01817;;92.0918;91.1709;92.0918;07-Jul-2015
100549;Franklin India Equity Hybrid Fund - IDCW ;INF090I01825;INF090I01833;21.9509;21.7314;21.9509;07-Jul-2015

HDFC Mutual Fund
119062;HDFC Hybrid Equity Fund - Growth Option - Direct Plan;INF179K01XZ1;;44.607;44.161;44.607;07-Jul-2015
102948;HDFC Hybrid Equity Fund - Growth Plan;INF179K01AS4;;43.982;43.542;43.982;07-Jul-2015
119061;HDFC Hybrid Equity Fund - IDCW Option - Direct Plan;INF179K01XX6;INF179K01XY4;15.447;15.293;15.447;07-Jul-2015
102947;HDFC Hybrid Equity Fund - IDCW Plan;INF179K01AQ8;INF179K01AR6;15.200;15.048;15.200;07-Jul-2015

ICICI Prudential Mutual Fund
120251;ICICI Prudential Equity & Debt Fund - Direct Plan - Growth;INF109K01Y07;;95.03;94.08;95.03;07-Jul-2015
131453;ICICI Prudential Equity & Debt Fund - Direct Plan - Half Yearly IDCW;INF109KA1Y19;INF109KA1Y01;11.14;11.03;11.14;07-Jul-2015
120252;ICICI Prudential Equity & Debt Fund - Direct Plan - Monthly IDCW;INF109K01X81;INF109K01X99;26.41;26.15;26.41;07-Jul-2015
100356;ICICI Prudential Equity & Debt Fund - Growth;INF109K01480;;93.05;92.12;93.05;07-Jul-2015
131452;ICICI Prudential Equity & Debt Fund - Half Yearly IDCW;INF109KA1X93;INF109KA1X85;11.16;11.05;11.16;07-Jul-2015
100355;ICICI Prudential Equity & Debt Fund - Monthly IDCW;INF109K01DX5;INF109K01498;23.32;23.09;23.32;07-Jul-2015

JM Financial Mutual Fund
130904;JM Aggressive Hybrid Fund (Direct) - Annual Bonus Option;INF192K01HB8;;39.6788;39.6788;39.6788;07-Jul-2015
131477;JM Aggressive Hybrid Fund (Direct) - Annual IDCW;INF192K01HJ1;INF192K01HK9;28.0484;28.0484;28.0484;07-Jul-2015
133401;JM Aggressive Hybrid Fund (Direct) - Bonus Option - Principal Units;INF192K01GP0;;39.8085;39.8085;39.8085;07-Jul-2015
120484;JM Aggressive Hybrid Fund (Direct) - Growth Option;INF192K01BQ9;;39.6903;39.6903;39.6903;07-Jul-2015
133409;JM Aggressive Hybrid Fund (Direct) - Half Yearly Bonus Option - Principal Units;INF192K01HV6;;39.8085;39.8085;39.8085;07-Jul-2015
133402;JM Aggressive Hybrid Fund (Direct) - Half Yearly IDCW;INF192K01HH5;INF192K01HI3;28.0733;28.0733;28.0733;07-Jul-2015
120483;JM Aggressive Hybrid Fund (Direct) - IDCW;INF192K01BO4;INF192K01BP1;27.9625;27.9625;27.9625;07-Jul-2015
133412;JM Aggressive Hybrid Fund (Direct) - Monthly IDCW;INF192K01HN3;INF192K01HO1;28.0733;28.0733;28.0733;07-Jul-2015
133411;JM Aggressive Hybrid Fund (Direct) - Quarterly Bonus Option - Principal Units;INF192K01HZ7;;39.8085;39.8085;39.8085;07-Jul-2015
133406;JM Aggressive Hybrid Fund (Direct) - Quarterly IDCW;INF192K01HR4;INF192K01HS2;28.0634;28.0634;28.0634;07-Jul-2015
133407;JM Aggressive Hybrid Fund (Regular) - Annual Bonus Option - Principal Units;INF192K01GZ9;;38.6323;38.6323;38.6323;07-Jul-2015
131476;JM Aggressive Hybrid Fund (Regular) - Annual IDCW;INF192K01HF9;INF192K01HG7;27.5452;27.5452;27.5452;07-Jul-2015
133400;JM Aggressive Hybrid Fund (Regular) - Bonus Option - Principal Units;INF192K01GN5;;38.6323;38.6323;38.6323;07-Jul-2015
133403;JM Aggressive Hybrid Fund (Regular) - Half Yearly Bonus Option - Principal Units;INF192K01HT0;;38.6323;38.6323;38.6323;07-Jul-2015
133408;JM Aggressive Hybrid Fund (Regular) - Half Yearly IDCW;INF192K01HD4;INF192K01HE2;27.5432;27.5432;27.5432;07-Jul-2015
100220;JM Aggressive Hybrid Fund (Regular) - IDCW;INF192K01528;INF192K01536;13.2910;13.2910;13.2910;07-Jul-2015
133404;JM Aggressive Hybrid Fund (Regular) - Monthly IDCW;INF192K01HL7;INF192K01HM5;27.5432;27.5432;27.5432;07-Jul-2015
133410;JM Aggressive Hybrid Fund (Regular) - Quarterly Bonus Option - Principal Units;INF192K01HX2;;38.6323;38.6323;38.6323;07-Jul-2015
133405;JM Aggressive Hybrid Fund (Regular) - Quarterly IDCW;INF192K01HP8;INF192K01HQ6;22.5501;22.5501;22.5501;07-Jul-2015
100221;JM Aggressive Hybrid Fund (Regular) -Growth Option;INF192K01544;;38.4758;38.4758;38.4758;07-Jul-2015

Kotak Mahindra Mutual Fund
119767;Kotak Aggressive Hybrid Fund - Direct Plan - IDCW - Payout & Reinvestment of Income Distribution cum  capital withdrawal option;INF174K01LL7;INF174K01LM5;16.129;15.968;16.129;07-Jul-2015
133035;Kotak Aggressive Hybrid Fund - Direct Plan -Growth;INF174K01F00;;19.205;19.013;19.205;07-Jul-2015
100286;Kotak Aggressive Hybrid Fund - Regular Plan - IDCW - Payout & Reinvestment of Income Distribution cum capital withdrawal option;INF174K01450;INF174K01443;15.737;15.58;15.737;07-Jul-2015
133036;Kotak Aggressive Hybrid Fund - Regular Plan -Growth;INF174K01E92;;18.803;18.615;18.803;07-Jul-2015

L&T Mutual Fund
133871;L&T Hybrid Equity Fund - Direct Plan - Annual IDCW;INF917K01TY5;INF917K01TX7;10.468;10.363;10.468;07-Jul-2015
119348;L&T Hybrid Equity Fund - Direct Plan -IDCW;INF917K01LD6;;18.912;18.723;18.912;07-Jul-2015
119347;L&T Hybrid Equity Fund - Direct Plan-Growth;INF917K01LE4;;19.974;19.774;19.974;07-Jul-2015
133870;L&T Hybrid Equity Fund - Regular Plan- Annual IDCW;INF917K01TW9;INF917K01TV1;10.424;10.320;10.424;07-Jul-2015
118191;L&T Hybrid Equity Fund- Regular Plan - Growth;INF917K01LB0;;19.522;19.327;19.522;07-Jul-2015
118192;L&T Hybrid Equity Fund- Regular Plan - IDCW;INF917K01KZ1;INF917K01LA2;17.979;17.799;17.979;07-Jul-2015

LIC Mutual Fund
120261;LIC MF Aggressive Hybrid Fund-Direct Plan-Growth;INF767K01ED0;;86.6213;85.7551;86.6213;07-Jul-2015
120260;LIC MF Aggressive Hybrid Fund-Direct Plan-IDCW;INF767K01EC2;INF767K01EE8;14.6909;14.5440;14.6909;07-Jul-2015
100323;LIC MF Aggressive Hybrid Fund-Regular Plan-Growth;INF767K01030;;85.2982;84.4452;85.2982;07-Jul-2015
100321;LIC MF Aggressive Hybrid Fund-Regular Plan-IDCW;INF767K01022;INF767K01014;14.4498;14.3053;14.4498;07-Jul-2015

Nippon India Mutual Fund
118794;Nippon India Aggressive Hybrid Fund  - Direct Plan Growth Plan;INF204K01B08;;41.2095;40.7974;41.2095;07-Jul-2015
118793;NIPPON INDIA AGGRESSIVE HYBRID FUND - DIRECT Plan - IDCW Option;INF204K01B16;INF204K01B24;20.0629;19.8623;20.0629;07-Jul-2015
122766;NIPPON INDIA AGGRESSIVE HYBRID FUND - DIRECT Plan - QUARTERLY IDCW Option;INF204K011R2;INF204K012R0;14.7093;14.5622;14.7093;07-Jul-2015
112936;Nippon India Aggressive Hybrid Fund - Growth Plan;INF204K01FW1;;40.3809;39.9771;40.3809;07-Jul-2015
112937;NIPPON INDIA AGGRESSIVE HYBRID FUND - IDCW Option;INF204K01FX9;INF204K01FY7;17.3380;17.1646;17.3380;07-Jul-2015
122765;NIPPON INDIA AGGRESSIVE HYBRID FUND - QUARTERLY IDCW Option;INF204K013R8;INF204K014R6;14.9339;14.7846;14.9339;07-Jul-2015

Principal Mutual Fund
119484;Principal Hybrid Equity Fund- Direct Plan - Growth Option;INF173K01FE6;;52.45;51.93;52.45;07-Jul-2015
101266;Principal Hybrid Equity Fund- Monthly Income Distribution CUM Capital Withdrawal;INF173K01CI4;INF173K01CJ2;23.55;23.31;23.55;07-Jul-2015
119485;Principal Hybrid Equity Fund-Direct Plan - Monthly Income Distribution CUM Capital Withdrawal Option;INF173K01FB2;INF173K01FC0;26.13;25.87;26.13;07-Jul-2015
101265;Principal Hybrid Equity Fund-Growth;INF173K01CL8;;51.39;50.88;51.39;07-Jul-2015

quant Mutual Fund
101070;quant Aggressive Hybrid Fund - Growth Option - Regular Plan;INF966L01267;;99.7126;98.7155;99.7126;07-Jul-2015
120819;quant Aggressive Hybrid Fund-Growth Option-Direct Plan;INF966L01556;;100.1154;99.1142;100.1154;07-Jul-2015
101069;quant Aggressive Hybrid Fund-IDCW Option - Regular Plan;INF966L01242;INF966L01259;17.2444;17.0720;17.2444;07-Jul-2015
120818;quant Aggressive Hybrid Fund-IDCW Option-Direct Plan;INF966L01531;INF966L01549;17.4007;17.2267;17.4007;07-Jul-2015

SBI Mutual Fund
119609;SBI EQUITY HYBRID FUND - DIRECT PLAN - Growth;INF200K01RY0;;98.0498;97.0693;98.0498;07-Jul-2015
119604;SBI Equity Hybrid Fund - Direct Plan - Income Distribution cum Capital Withdrawal Option (IDCW);INF200K01RW4;INF200K01RX2;40.1167;39.7155;40.1167;07-Jul-2015
101551;SBI Equity Hybrid Fund - Regular Plan - Income Distribution cum Capital Withdrawal Option (IDCW);INF200K01115;INF200K01123;28.6669;28.3802;28.6669;07-Jul-2015
102885;SBI EQUITY HYBRID FUND - REGULAR PLAN -Growth;INF200K01107;;96.4455;95.481;96.4455;07-Jul-2015

Shriram Mutual Fund
125711;Shriram Aggressive Hybrid Fund- Direct Growth;INF680P01042;;13.5226;13.3874;13.5226;07-Jul-2015
125712;Shriram Aggressive Hybrid Fund- Direct- IDCW;INF680P01059;INF680P01067;12.0127;11.8926;12.0127;07-Jul-2015
125713;Shriram Aggressive Hybrid Fund- Regular Growth;INF680P01018;;13.4063;13.2722;13.4063;07-Jul-2015
125714;Shriram Aggressive Hybrid Fund- Regular-IDCW;INF680P01026;INF680P01034;11.9289;11.8096;11.9289;07-Jul-2015

Tata Mutual Fund
119053;Tata Hybrid Equity Fund -Direct Plan- Growth Option;INF277K01MN2;;173.9315;172.1922;173.9315;07-Jul-2015
119057;Tata Hybrid Equity Fund- Direct Plan - Monthly Payout of IDCW Option;INF277K01MO0;INF277K01MP7;70.2677;69.5650;70.2677;07-Jul-2015
119058;Tata Hybrid Equity Fund- Direct Plan - Periodic Payout of IDCW Option;INF277K01ML6;INF277K01MM4;80.3184;79.5152;80.3184;07-Jul-2015
100414;Tata Hybrid Equity Fund- Regular Plan - Growth Option;INF277K01303;;171.3288;169.6155;171.3288;07-Jul-2015
113134;Tata Hybrid Equity Fund- Regular Plan - Monthly Payout of IDCW Option;INF277K01CS2;INF277K01CW4;69.0324;68.3421;69.0324;07-Jul-2015
101222;Tata Hybrid Equity Fund- Regular Plan - Periodic Payout of IDCW Option;INF277K01DB6;INF277K01295;78.9143;78.1252;78.9143;07-Jul-2015

UTI Mutual Fund
120673;UTI Aggressive Hybrid Fund - Direct Plan - IDCW;INF789F01SI3;INF789F01SJ1;29.5011;29.5011;29.5;07-Jul-2015
100684;UTI Aggressive Hybrid Fund - Regular Plan - Growth;INF789F01323;;128.0694;128.0694;128.07;07-Jul-2015
100685;UTI Aggressive Hybrid Fund - Regular Plan - IDCW;INF789F01307;INF789F01315;29.2466;29.2466;29.25;07-Jul-2015
120674;UTI Aggressive Hybrid Fund -Direct Plan - Growth;INF789F01SK9;;129.0649;129.0649;129.06;07-Jul-2015

Open Ended Schemes ( Hybrid Scheme - Dynamic Asset Allocation or Balanced Advantage )


Aditya Birla Sun Life Mutual Fund
131670;Aditya Birla Sun Life Balanced Advantage Fund - Direct Plan - Growth Option;INF084M01DJ5;;38.57;38.18;38.57;07-Jul-2015
131666;Aditya Birla Sun Life Balanced Advantage Fund - Regular Plan - Growth Option;INF084M01AB8;;37.79;37.41;37.79;07-Jul-2015
131671;Aditya Birla Sun Life Balanced Advantage Fund -DIRECT - IDCW;INF084M01DK3;INF084M01DL1;18.20;18.02;18.20;07-Jul-2015
131665;Aditya Birla Sun Life Balanced Advantage Fund -REGULAR - IDCW;INF084M01AC6;INF084M01AD4;17.83;17.65;17.83;07-Jul-2015

Bandhan Mutual Fund
131355;BANDHAN Balanced Advantage Fund Direct Plan Growth;INF194KA1UH1;;10.9422;10.9422;10.9422;07-Jul-2015
131356;BANDHAN Balanced Advantage Fund Direct Plan IDCW;INF194KA1UI9;INF194KA1UJ7;10.9346;10.9346;10.9346;07-Jul-2015
131357;BANDHAN Balanced Advantage Fund Regular Plan Growth;INF194KA1UE8;;10.8327;10.8327;10.8327;07-Jul-2015
131354;BANDHAN Balanced Advantage Fund Regular Plan IDCW;INF194KA1UF5;INF194KA1UG3;10.8327;10.8327;10.8327;07-Jul-2015

Bank of India Mutual Fund
127852;BANK OF INDIA BALANCED ADVANTAGE FUND  DIRECT PLAN IDCW;INF761K01BM0;INF761K01BN8;12.0084;12.0084;12.0084;07-Jul-2015
127851;BANK OF INDIA BALANCED ADVANTAGE FUND  REGULAR PLAN IDCW;INF761K01BP3;INF761K01BQ1;10.8552;10.8552;10.8552;07-Jul-2015
127850;BANK OF INDIA BALANCED ADVANTAGE FUND DIRECT PLAN  GROWTH;INF761K01BO6;;12.5229;12.5229;12.5229;07-Jul-2015
127849;BANK OF INDIA BALANCED ADVANTAGE FUND REGULAR PLAN  GROWTH;INF761K01BR9;;12.4656;12.4656;12.4656;07-Jul-2015

DSP Mutual Fund
126393;DSP Dynamic Asset Allocation Fund - Direct Plan - Growth;INF740K01K81;;11.7288;11.6115;11.7288;07-Jul-2015
126391;DSP Dynamic Asset Allocation Fund - Direct Plan - IDCW - Monthly;INF740K01K99;INF740K01L07;10.2531;10.1506;10.2531;07-Jul-2015
126394;DSP Dynamic Asset Allocation Fund - Regular Plan - Growth;INF740K01K57;;11.5809;11.4651;11.5809;07-Jul-2015
126392;DSP Dynamic Asset Allocation Fund - Regular Plan - IDCW - Monthly;INF740K01K65;INF740K01K73;10.1136;10.0125;10.1136;07-Jul-2015

Edelweiss Mutual Fund
118614;Edelweiss Balanced Advantage Fund - Direct Plan - Quarterly - IDCW Option;INF754K01BP8;INF754K01BQ6;15.50;15.35;15.50;07-Jul-2015
112117;Edelweiss Balanced Advantage Fund - Regular Plan - Growth Option;INF754K01285;;19.29;19.10;19.29;07-Jul-2015
112118;Edelweiss Balanced Advantage Fund - Regular Plan - Quarterly - IDCW Option;INF754K01251;INF754K01269;14.06;13.92;14.06;07-Jul-2015
118615;Edelweiss Balanced Advantage Fund -Direct Plan-Growth Option;INF754K01BS2;;19.49;19.30;19.49;07-Jul-2015

HDFC Mutual Fund
100119;HDFC Balanced Advantage Fund - Growth Plan;INF179K01830;;135.157;132.454;135.157;07-Jul-2015
118968;HDFC Balanced Advantage Fund - Growth Plan - Direct Plan;INF179K01WA6;;136.746;134.011;136.746;07-Jul-2015
100120;HDFC Balanced Advantage Fund - IDCW Plan;INF179K01814;INF179K01822;30.662;30.049;30.662;07-Jul-2015
118969;HDFC Balanced Advantage Fund - IDCW Plan - Direct Plan;INF179K01VY8;INF179K01VZ5;31.078;30.456;31.078;07-Jul-2015

HSBC Mutual Fund
106671;HSBC Dynamic Asset Allocation Fund - Dividend;INF336L01404;INF336L01396;14.2175;14.2175;14.2175;07-Jul-2015
106670;HSBC Dynamic Asset Allocation Fund - Growth;INF336L01412;;14.2175;14.2175;14.2175;07-Jul-2015
120041;HSBC Dynamic Asset Allocation Fund-Dividend Direct;INF336L01CE4;INF336L01CF1;14.4784;14.4784;14.4784;07-Jul-2015
120042;HSBC Dynamic Asset Allocation Fund-Growth Direct;INF336L01CG9;;14.4784;14.4784;14.4784;07-Jul-2015

ICICI Prudential Mutual Fund
120377;ICICI Prudential Balanced Advantage Fund - Direct Plan -  Growth;INF109K012B0;;26.61;26.34;26.61;07-Jul-2015
120376;ICICI Prudential Balanced Advantage Fund - Direct Plan -  IDCW;INF109K010B4;INF109K011B2;19.33;19.14;19.33;07-Jul-2015
122236;ICICI Prudential Balanced Advantage Fund - Direct Plan - Monthly IDCW;INF109K016W7;INF109K015W9;14.15;14.01;14.15;07-Jul-2015
131451;ICICI Prudential Balanced Advantage Fund - Direct Plan - Quarterly IDCW;INF109KA1Y50;INF109KA1Y43;11.07;10.96;11.07;07-Jul-2015
104685;ICICI Prudential Balanced Advantage Fund - Growth;INF109K01BH2;;26.00;25.74;26.00;07-Jul-2015
104686;ICICI Prudential Balanced Advantage Fund - IDCW;INF109K01EG8;INF109K01BG4;16.92;16.75;16.92;07-Jul-2015
122168;ICICI Prudential Balanced Advantage Fund - Monthly IDCW;INF109K018W3;INF109K017W5;13.82;13.68;13.82;07-Jul-2015
131450;ICICI Prudential Balanced Advantage Fund - Quarterly IDCW;INF109KA1Y35;INF109KA1Y27;10.98;10.87;10.98;07-Jul-2015

Invesco Mutual Fund
120333;Invesco India Balanced Advantage Fund - Direct Plan - Growth;INF205K01LN5;;23.01;22.78;23.01;07-Jul-2015
120332;Invesco India Balanced Advantage Fund - Direct Plan - IDCW (Payout / Reinvestment);INF205K01LL9;INF205K01LM7;19.79;19.59;19.79;07-Jul-2015
106317;Invesco India Balanced Advantage Fund - Growth;INF205K01213;;22.32;22.10;22.32;07-Jul-2015
106316;Invesco India Balanced Advantage Fund - IDCW (Payout / Reinvestment);INF205K01239;INF205K01221;19.90;19.70;19.90;07-Jul-2015

L&T Mutual Fund
119298;L&T Balanced Advantage Fund-Direct Plan-Growth;INF917K01IN1;;20.961;20.751;20.961;07-Jul-2015
119297;L&T Balanced Advantage Fund-Direct Plan-IDCW;INF917K01IM3;INF917K01IL5;19.446;19.252;19.446;07-Jul-2015
118194;L&T Balanced Advantage Fund-Regular Plan-Growth;INF917K01KY4;;20.523;20.318;20.523;07-Jul-2015
118193;L&T Balanced Advantage Fund-Regular Plan-IDCW;INF917K01KW8;INF917K01KX6;19.014;18.824;19.014;07-Jul-2015

Principal Mutual Fund
119482;Principal Balanced Advantage Fund - Direct Plan - Growth Option;INF173K01FI7;;17.09;16.92;17.09;07-Jul-2015
119483;Principal Balanced Advantage Fund - Direct Plan - Monthly Income Distribution CUM Capital Withdrawal Option;INF173K01FF3;INF173K01FG1;16.31;16.15;16.31;07-Jul-2015
114301;Principal Balanced Advantage Fund - Growth Option;INF173K01585;;16.76;16.59;16.76;07-Jul-2015
114302;Principal Balanced Advantage Fund - Monthly Income Distribution CUM Capital Withdrawal Option;INF173K01551;INF173K01569;15.17;15.02;15.17;07-Jul-2015

SBI Mutual Fund
134110;SBI Dynamic Asset Allocation Fund - Direct Plan - Growth;INF200KA1671;;10.0671;9.9664;10.0671;07-Jul-2015
134109;SBI Dynamic Asset Allocation Fund - Regular Plan - Growth;INF200KA1648;;10.0451;9.9446;10.0451;07-Jul-2015
134111;SBI Dynamic Asset Allocation Fund- Direct Plan - Income Distribution cum Capital Withdrawal Option (IDCW);INF200KA1689;INF200KA1697;10.0668;9.9661;10.0668;07-Jul-2015
134108;SBI Dynamic Asset Allocation Fund- Regular Plan - Income Distribution cum Capital Withdrawal Option (IDCW);INF200KA1655;INF200KA1663;10.0451;9.9446;10.0451;07-Jul-2015

UTI Mutual Fund
100646;UTI - Unit Linked Insurance Plan;;;19.4064;19.4064;19.4064;07-Jul-2015
120784;UTI - Unit Linked Insurance Plan- Direct;;;19.6426;19.6426;19.6426;07-Jul-2015

Open Ended Schemes ( Hybrid Scheme - Multi Asset Allocation )


Axis Mutual Fund
120524;Axis Multi Asset Allocation Fund - Direct Plan - Growth Option;INF846K01EV4;;15.7154;15.5582;15.7154;07-Jul-2015
120523;Axis Multi Asset Allocation Fund - Direct Plan - Monthly IDCW;INF846K01ET8;INF846K01EU6;13.5349;13.3996;13.5349;07-Jul-2015
113064;Axis Multi Asset Allocation Fund - Regular Plan - Growth Option;INF846K01768;;15.3069;15.1538;15.3069;07-Jul-2015
113065;Axis Multi Asset Allocation Fund - Regular Plan - Monthly IDCW;INF846K01776;INF846K01784;12.4845;12.3597;12.4845;07-Jul-2015

HDFC Mutual Fund
103131;HDFC Multi-Asset Fund - Growth Option;INF179K01AP0;;24.9418;24.6924;24.9418;07-Jul-2015
119131;HDFC Multi-Asset Fund - Growth Option - Direct Plan;INF179K01XW8;;25.3154;25.0622;25.3154;07-Jul-2015
103130;HDFC Multi-Asset Fund - IDCW Option;INF179K01AN5;INF179K01AO3;11.7122;11.5951;11.7122;07-Jul-2015
119130;HDFC Multi-Asset Fund - IDCW Option - Direct Plan;INF179K01XU2;INF179K01XV0;12.3094;12.1863;12.3094;07-Jul-2015

ICICI Prudential Mutual Fund
120334;ICICI Prudential Multi-Asset Fund - Direct Plan - Growth;INF109K015K4;;188.1264;186.2451;188.1264;07-Jul-2015
120335;ICICI Prudential Multi-Asset Fund - Direct Plan - IDCW;INF109K013K9;INF109K014K7;23.0785;22.8477;23.0785;07-Jul-2015
101144;ICICI Prudential Multi-Asset Fund - Growth;INF109K01761;;184.7513;182.9038;184.7513;07-Jul-2015
101143;ICICI Prudential Multi-Asset Fund - IDCW;INF109K01ED5;INF109K01779;22.6330;22.4067;22.6330;07-Jul-2015
115269;ICICI Prudential Multi-Asset Fund- Institutional Growth Option;INF109K01TN2;;17.7429;17.5655;17.7429;07-Jul-2015
104898;ICICI Prudential Multi-Asset Fund-Institutional Option - I;INF109K01787;;30.1838;29.8820;30.1838;07-Jul-2015

Navi Mutual Fund
119174;Navi 3 IN 1 FUND - Direct Plan Monthly IDCW Payout;INF959L01551;INF959L01569;14.6617;14.6617;14.6617;07-Jul-2015
119175;Navi 3 IN 1 FUND - Direct Plan Quarterly IDCW Payout;INF959L01577;INF959L01585;14.6329;14.6329;14.6329;07-Jul-2015
114854;Navi 3 IN 1 FUND - MONTHLY IDCW Payout;INF959L01023;INF959L01049;14.4062;14.4062;14.4062;07-Jul-2015
115101;Navi 3 IN 1 FUND - QUARTERLY IDCW Payout;INF959L01031;INF959L01056;14.3998;14.3998;14.3998;07-Jul-2015
119176;Navi 3 in 1 Fund-Direct Plan-Growth Option;INF959L01544;;14.7315;14.7315;14.7315;07-Jul-2015
114855;Navi 3 in 1 Fund-Growth;INF959L01015;;14.4021;14.4021;14.4021;07-Jul-2015

quant Mutual Fund
120820;quant Multi Asset Allocation Fund - IDCW Option - Direct Plan;INF966L01564;INF966L01572;26.4925;26.3600;26.4925;07-Jul-2015
101071;quant Multi Asset Allocation Fund - IDCW Option - Regular Plan;INF966L01184;INF966L01192;26.4925;26.3600;26.4925;07-Jul-2015
101072;quant Multi Asset Allocation Fund-GROWTH OPTION - Regular Plan;INF966L01200;;28.9270;28.7824;28.9270;07-Jul-2015
120821;quant Multi Asset Allocation Fund-GROWTH OPTION-Direct Plan;INF966L01580;;28.9270;28.7824;28.9270;07-Jul-2015

SBI Mutual Fund
119840;SBI Multi Asset Allocation Fund - Direct Plan - Annual Income Distribution cum Capital Withdrawal Option (IDCW);INF200K01TX8;INF200K01TY6;14.5358;14.3904;14.5358;07-Jul-2015
119843;SBI MULTI ASSET ALLOCATION FUND - DIRECT PLAN - GROWTH;INF200K01TZ3;;20.9339;20.7246;20.9339;07-Jul-2015
119841;SBI Multi Asset Allocation Fund - Direct Plan - Monthly Income Distribution cum Capital Withdrawal Option (IDCW);INF200K01UA4;INF200K01UB2;11.8759;11.7571;11.8759;07-Jul-2015
119842;SBI Multi Asset Allocation Fund - Direct Plan - Quarterly Income Distribution cum Capital Withdrawal Option (IDCW);INF200K01UC0;INF200K01UD8;12.7013;12.5743;12.7013;07-Jul-2015
103409;SBI Multi Asset Allocation Fund - Regular Plan - Annual Income Distribution cum Capital Withdrawal Option (IDCW);INF200K01784;INF200K01792;14.365;14.2214;14.365;07-Jul-2015
103408;SBI MULTI ASSET ALLOCATION FUND - REGULAR PLAN - GROWTH;INF200K01800;;20.6895;20.4826;20.6895;07-Jul-2015
103400;SBI Multi Asset Allocation Fund - Regular Plan - Monthly Income Distribution cum Capital Withdrawal Option (IDCW);INF200K01818;INF200K01826;11.7798;11.662;11.7798;07-Jul-2015
103401;SBI Multi Asset Allocation Fund - Regular Plan - Quarterly Income Distribution cum Capital Withdrawal Option (IDCW);INF200K01834;INF200K01842;12.0453;11.9248;12.0453;07-Jul-2015

Sundaram Mutual Fund
119573;Sundaram Multi Asset Fund Direct Dividend;INF903J01NO1;INF903J01NP8;12.5442;12.4188;12.5442;07-Jul-2015
119572;Sundaram Multi Asset Fund Direct Growth;INF903J01NQ6;;13.6438;13.5074;13.6438;07-Jul-2015
115242;Sundaram Multi Asset Fund Dividend Payout;INF903J01CL0;INF903J01CM8;12.3606;12.2370;12.3606;07-Jul-2015
115241;Sundaram Multi Asset Fund Growth;INF903J01CK2;;13.4272;13.2929;13.4272;07-Jul-2015

Union Mutual Fund
119328;Union Asset Allocation Fund - Direct Plan - Dividend Option;INF582M01948;INF582M01930;13.1466;13.0809;13.1466;07-Jul-2015
119327;Union Asset Allocation Fund - Direct Plan - Growth Option;INF582M01922;;13.1466;13.0809;13.1466;07-Jul-2015
117394;Union Asset Allocation Fund - Dividend Option;INF582M01484;INF582M01476;12.9337;12.8690;12.9337;07-Jul-2015
117393;Union Asset Allocation Fund - Growth Option;INF582M01468;;12.9337;12.8690;12.9337;07-Jul-2015

UTI Mutual Fund
120760;UTI Multi Asset Allocation Fund - Direct Plan - Growth Option;INF789F01VE6;;28.8047;28.8047;28.8;07-Jul-2015
120761;UTI Multi Asset Allocation Fund - Direct Plan - IDCW;INF789F01VC0;INF789F01VD8;20.4648;20.4648;20.46;07-Jul-2015
111599;UTI Multi Asset Allocation Fund - Regular Plan - Growth Option;INF789F01AP6;;28.3458;28.3458;28.35;07-Jul-2015
111602;UTI Multi Asset Allocation Fund - Regular Plan - IDCW;INF789F01AN1;INF789F01AO9;20.1338;20.1338;20.13;07-Jul-2015

Open Ended Schemes ( Hybrid Scheme - Arbitrage Fund )


Aditya Birla Sun Life Mutual Fund
119526;Aditya Birla Sun Life Arbitrage Fund - Growth - Direct Plan;INF209K01VP1;;15.3764;15.2995;15.3764;07-Jul-2015
112088;Aditya BIRLA SUN LIFE ARBITRAGE FUND - REGULAR PLAN - GROWTH;INF209K01264;;15.2155;15.1394;15.2155;07-Jul-2015
119525;Aditya Birla Sun Life Arbitrage Fund-DIRECT - IDCW;INF209K01P80;INF209K01VQ9;11.0135;10.9584;11.0135;07-Jul-2015
112087;Aditya Birla Sun Life Arbitrage Fund-Regular - IDCW;INF209K01256;INF209K01CI6;10.9066;10.8521;10.9066;07-Jul-2015

Axis Mutual Fund
130773;Axis Arbitrage Fund - Direct Plan - Growth;INF846K01PZ1;;10.8189;10.7919;10.8189;07-Jul-2015
130774;Axis Arbitrage Fund - Direct Plan - Monthly IDCW;INF846K01QA2;INF846K01QB0;10.5989;10.5724;10.5989;07-Jul-2015
130771;Axis Arbitrage Fund - Regular Plan - Growth;INF846K01QC8;;10.7362;10.7094;10.7362;07-Jul-2015
130776;Axis Arbitrage Fund - Regular Plan - Monthly IDCW;INF846K01QD6;INF846K01QE4;10.4299;10.4038;10.4299;07-Jul-2015

Bandhan Mutual Fund
108844;BANDHAN Arbitrage Fund - Plan B - Dividend;INF194K01623;INF194K01631;14.4411;14.4411;14.4411;07-Jul-2015
108846;BANDHAN Arbitrage Fund - Plan B - Growth;INF194K01615;;19.2875;19.2875;19.2875;07-Jul-2015
133680;BANDHAN Arbitrage Fund - Regular Plan - Annual IDCW;INF194KA1YD2;INF194KA1YE0;10.3517;10.3517;10.3517;07-Jul-2015
108845;BANDHAN Arbitrage Fund - Regular Plan - Growth;INF194K01649;;18.6840;18.6840;18.6840;07-Jul-2015
108847;BANDHAN Arbitrage Fund - Regular Plan - Monthly IDCW;INF194K01656;INF194K01664;12.4898;12.4898;12.4898;07-Jul-2015
118474;BANDHAN Arbitrage Fund-Direct Plan- Growth;INF194K01Y60;;18.8962;18.8962;18.8962;07-Jul-2015
133679;BANDHAN Arbitrage Fund-Direct Plan-Annual IDCW;INF194KA1YG5;INF194KA1YH3;10.3674;10.3674;10.3674;07-Jul-2015
118475;BANDHAN Arbitrage Fund-Direct Plan-Monthly IDCW;INF194K01Y78;INF194K01Y86;12.7569;12.7569;12.7569;07-Jul-2015

Edelweiss Mutual Fund
130209;Edelweiss Arbitrage Fund - Direct Plan - IDCW Option;INF754K01EB2;INF754K01EC0;10.3565;10.3047;10.3565;07-Jul-2015
130207;Edelweiss Arbitrage Fund - Regular Plan - IDCW Option;INF754K01EG1;INF754K01EH9;10.3595;10.3077;10.3595;07-Jul-2015
130206;Edelweiss Arbitrage Fund- Direct Plan- Growth Option;INF754K01EA4;;10.9785;10.9236;10.9785;07-Jul-2015
130208;Edelweiss Arbitrage Fund- Regular Plan -Bonus Option;INF754K01EJ5;;10.9379;10.8832;10.9379;07-Jul-2015
130205;Edelweiss Arbitrage Fund- Regular Plan- Growth Option;INF754K01EF3;;10.9379;10.8832;10.9379;07-Jul-2015

Groww Mutual Fund
133181;Groww Arbitrage Fund (formerly known as Indiabulls Arbitrage Fund) - Direct Plan - Growth Option;INF666M01AW8;;10.5419;10.5155;10.5419;07-Jul-2015
133184;Groww Arbitrage Fund (formerly known as Indiabulls Arbitrage Fund) - Regular Plan - Growth Option;INF666M01BA2;;10.5063;10.48;10.5063;07-Jul-2015
133182;Indiabulls Arbitrage Fund - Direct Plan - Dividend Option;;;10.3419;10.316;10.3419;07-Jul-2015
133185;Indiabulls Arbitrage Fund - Regular Plan - Dividend Option;;;10.3063;10.2805;10.3063;07-Jul-2015

HDFC Mutual Fund
118931;HDFC ARBITRAGE FUND - Growth Option - Direct Plan;INF179K01UU8;;17.493;17.406;17.493;07-Jul-2015
118930;HDFC ARBITRAGE FUND - Quarterly IDCW Option - Direct Plan;INF179K01UV6;INF179K01UW4;13.255;13.189;13.255;07-Jul-2015
106796;HDFC ARBITRAGE FUND - Retail Growth Option;INF179K01319;;17.374;17.287;17.374;07-Jul-2015
106799;HDFC ARBITRAGE FUND - Retail IDCW Option;;;12.902;12.837;12.902;07-Jul-2015
106797;HDFC ARBITRAGE FUND - Retail Quarterly IDCW Option;INF179K01327;;12.348;12.286;12.348;07-Jul-2015
106793;HDFC ARBITRAGE FUND - Wholesale Growth Option;INF179K01343;;17.661;17.573;17.661;07-Jul-2015
129052;HDFC ARBITRAGE FUND - Wholesale Growth Option - Direct Plan;INF179KA1KT6;;11.035;10.980;11.035;07-Jul-2015
106795;HDFC ARBITRAGE FUND - Wholesale IDCW Option;INF179KA1KM1;INF179KA1KL3;10.453;10.401;10.453;07-Jul-2015
129053;HDFC ARBITRAGE FUND - Wholesale IDCW Option - Direct Plan;INF179KA1KQ2;INF179KA1KP4;10.580;10.527;10.580;07-Jul-2015
129054;HDFC ARBITRAGE FUND - Wholesale Monthly IDCW - Direct Plan;INF179KA1KS8;INF179KA1KR0;10.353;10.301;10.353;07-Jul-2015
129051;HDFC ARBITRAGE FUND - Wholesale Monthly IDCW Option  ;INF179KA1KO7;INF179KA1KN9;10.730;10.676;10.730;07-Jul-2015

ICICI Prudential Mutual Fund
104684;ICICI Prudential Equity - Arbitrage Fund-Institutional Growth Option;INF109K01BD1;;19.7848;19.6859;19.7848;07-Jul-2015
130898;ICICI Prudential Equity Arbitrage Fund - Bonus;INF109KA1C15;;10.7354;10.6817;10.7354;07-Jul-2015
120364;ICICI Prudential Equity Arbitrage Fund - Direct Plan - Growth;INF109K016O4;;19.7707;19.6718;19.7707;07-Jul-2015
120365;ICICI Prudential Equity Arbitrage Fund - Direct Plan - IDCW;INF109K017O2;INF109K015O6;14.6240;14.5509;14.6240;07-Jul-2015
130951;ICICI Prudential Equity Arbitrage Fund - Direct Plan Bonus;INF109KA1C07;;10.7568;10.7030;10.7568;07-Jul-2015
104683;ICICI Prudential Equity Arbitrage Fund - Growth;INF109K01BF6;;19.5339;19.4362;19.5339;07-Jul-2015
104681;ICICI Prudential Equity Arbitrage Fund - IDCW;INF109K01EF0;INF109K01BE9;13.8490;13.7798;13.8490;07-Jul-2015

Invesco Mutual Fund
130788;Invesco India Arbitrage Fund - Annual Bonus;INF205K01P50;;18.1300;17.9940;18.1300;07-Jul-2015
122785;Invesco India Arbitrage Fund - Bonus Option;INF205K01VF0;;12.0870;11.9963;12.0870;07-Jul-2015
130787;Invesco India Arbitrage Fund - Direct Plan - Annual Bonus;INF205K01P68;;18.4131;18.2750;18.4131;07-Jul-2015
122784;Invesco India Arbitrage Fund - Direct Plan - Bonus Option;INF205K01VO2;;12.2754;12.1833;12.2754;07-Jul-2015
120401;Invesco India Arbitrage Fund - Direct Plan - Growth Option;INF205K01KR8;;18.4133;18.2752;18.4133;07-Jul-2015
120400;Invesco India Arbitrage Fund - Direct Plan - IDCW (Payout / Reinvestment);INF205K01KP2;INF205K01KQ0;12.8342;12.7379;12.8342;07-Jul-2015
105603;Invesco India Arbitrage Fund - Growth Option;INF205K01122;;18.1300;17.9940;18.1300;07-Jul-2015
105604;Invesco India Arbitrage Fund - IDCW (Payout / Reinvestment);INF205K01148;INF205K01130;12.5514;12.4573;12.5514;07-Jul-2015

JM Financial Mutual Fund
133395;JM Arbitrage Fund (Direct) - Annual Bonus Option - Principal Units;INF192K01GX4;;10.2760;10.2246;10.2760;07-Jul-2015
130604;JM Arbitrage Fund (Direct) - Bonus Option - Principal Units;INF192K01GL9;;10.7064;10.6529;10.7064;07-Jul-2015
120482;JM Arbitrage Fund (Direct) - Growth Option;INF192K01BN6;;19.9467;19.8470;19.9467;07-Jul-2015
133397;JM Arbitrage Fund (Direct) - Half Yearly Bonus Option - Principal Units;INF192K01ID2;;19.9511;19.8513;19.9511;07-Jul-2015
133398;JM Arbitrage Fund (Direct) - Quarterly Bonus Option - Principal Units;INF192K01IH3;;19.9511;19.8513;19.9511;07-Jul-2015
120481;JM Arbitrage Fund (Direct)- IDCW;INF192K01BL0;INF192K01BM8;10.7478;10.6941;10.7478;07-Jul-2015
133394;JM Arbitrage Fund (Regular) - Annual Bonus Option - Principal Units;INF192K01GV8;;19.7037;19.6052;19.7037;07-Jul-2015
130603;JM Arbitrage Fund (Regular) - Bonus Option - Principal Units;INF192K01GJ3;;10.7071;10.6536;10.7071;07-Jul-2015
103780;JM Arbitrage Fund (Regular) - Growth Option;INF192K01510;;19.6944;19.5959;19.6944;07-Jul-2015
133399;JM Arbitrage Fund (Regular) - Half Yearly Bonus Option - Principal Units;INF192K01IB6;;19.7231;19.6245;19.7231;07-Jul-2015
103781;JM Arbitrage Fund (Regular) - IDCW ;INF192K01494;INF192K01502;10.4661;10.4138;10.4661;07-Jul-2015
133396;JM Arbitrage Fund (Regular) - Quarterly Bonus Option - Principal Units;INF192K01IF7;;19.7231;19.6245;19.7231;07-Jul-2015

Kotak Mahindra Mutual Fund
119770;Kotak  Arbitrage Fund - Direct Plan - IDCW -Payout &  Reinvestment of Income Distribution cum capital withdrawal option;INF174K01LE2;INF174K01LD4;10.9106;10.856;10.9106;07-Jul-2015
133034;Kotak  Arbitrage Fund -Payout of Income Distribution cum capital withdrawal option Bimonthly;INF174K01F18;INF174K01F34;20.1196;20.019;20.1196;07-Jul-2015
133033;Kotak Arbitrage Fund -  Payout of Income Distribution cum capital withdrawal option-Bimonthly Direct;INF174K01F26;INF174K01F42;20.323;20.2214;20.323;07-Jul-2015
119771;Kotak Arbitrage Fund - Direct Plan - Growth;INF174K01LC6;;21.3127;21.2061;21.3127;07-Jul-2015
105968;Kotak Arbitrage Fund - Regular Plan - Growth;INF174K01302;;21.0447;20.9395;21.0447;07-Jul-2015
105967;Kotak Arbitrage Fund - Regular Plan - IDCW - Payout & Re-investment of Income Distribution cum capital withdrawal option;INF174K01328;INF174K01310;10.7675;10.7137;10.7675;07-Jul-2015

L&T Mutual Fund
130453;L&T Arbitrage Opportunities Fund - Direct Plan - Bonus;INF917K01QW5;;10.923;10.868;10.923;07-Jul-2015
130450;L&T Arbitrage Opportunities Fund - Direct Plan - Growth;INF917K01QR5;;10.923;10.868;10.923;07-Jul-2015
130447;L&T Arbitrage Opportunities Fund - Direct Plan - Monthly IDCW;INF917K01QT1;INF917K01QS3;10.281;10.230;10.281;07-Jul-2015
130448;L&T Arbitrage Opportunities Fund - Direct Plan - Quarterly IDCW;INF917K01QV7;INF917K01QU9;10.349;10.297;10.349;07-Jul-2015
130451;L&T Arbitrage Opportunities Fund - Regular Plan - Bonus;INF917K01QQ7;;10.854;10.800;10.854;07-Jul-2015
130446;L&T Arbitrage Opportunities Fund - Regular Plan - Growth;INF917K01QL8;;10.854;10.800;10.854;07-Jul-2015
130452;L&T Arbitrage Opportunities Fund - Regular Plan - Monthly IDCW;INF917K01QN4;INF917K01QM6;10.243;10.192;10.243;07-Jul-2015
130449;L&T Arbitrage Opportunities Fund - Regular Plan - Quarterly IDCW;INF917K01QP9;INF917K01QO2;10.305;10.253;10.305;07-Jul-2015

Nippon India Mutual Fund
118587;NIPPON INDIA ARBITRAGE FUND - DIRECT Plan - IDCW Option;INF204K01YA8;INF204K01YB6;12.0745;12.0443;12.0745;07-Jul-2015
128821;NIPPON INDIA ARBITRAGE FUND - DIRECT Plan - MONTHLY IDCW Option;INF204KA1MV7;INF204KA1MW5;10.5629;10.5365;10.5629;07-Jul-2015
118585;Nippon India Arbitrage Fund - Direct Plan Growth Plan - Growth Option;INF204K01XZ7;;15.2579;15.2198;15.2579;07-Jul-2015
113345;Nippon India Arbitrage Fund - Growth Plan - Growth Option;INF204K01IY1;;15.1005;15.0627;15.1005;07-Jul-2015
113346;NIPPON INDIA ARBITRAGE FUND - IDCW Option;INF204K01IZ8;INF204K01JA9;11.7693;11.7399;11.7693;07-Jul-2015
128820;NIPPON INDIA ARBITRAGE FUND - MONTHLY IDCW Option;INF204KA1MT1;INF204KA1MU9;10.4843;10.4581;10.4843;07-Jul-2015

SBI Mutual Fund
119574;SBI Arbitrage Opportunities Fund - Direct Plan - Gr;INF200K01QU0;;19.5875;19.4896;19.5875;07-Jul-2015
119567;SBI Arbitrage Opportunities Fund - Direct Plan - Income Distribution cum Capital Withdrawal Option (IDCW);INF200K01QS4;INF200K01QT2;13.7867;13.7178;13.7867;07-Jul-2015
104457;SBI Arbitrage Opportunities Fund - Regular Plan - Gr;INF200K01156;;19.3812;19.2843;19.3812;07-Jul-2015
104458;SBI Arbitrage Opportunities Fund - Regular Plan - Income Distribution cum Capital Withdrawal Option (IDCW);INF200K01131;INF200K01149;13.1457;13.08;13.1457;07-Jul-2015

UTI Mutual Fund
120795;UTI Arbitrage Fund - Direct Plan - Growth Option;INF789FB1RG6;;20.1007;0;20.1007;07-Jul-2015
120796;UTI Arbitrage Fund - Direct Plan - IDCW;INF789FB1RE1;INF789FB1RF8;15.7158;0;15.7158;07-Jul-2015
104075;UTI Arbitrage Fund - Regular Plan - Growth Option;INF789FB1RJ0;;19.9062;0;19.9062;07-Jul-2015
104074;UTI Arbitrage Fund - Regular Plan - IDCW;INF789FB1RH4;INF789FB1RI2;15.5595;0;15.5595;07-Jul-2015

Open Ended Schemes ( Hybrid Scheme - Equity Savings )


Aditya Birla Sun Life Mutual Fund
132996;Aditya Birla Sun Life Equity Savings Fund - Direct - IDCW;INF209KA1TQ7;INF209KA1TR5;10.36;10.20;10.36;07-Jul-2015
132995;Aditya Birla Sun Life Equity Savings Fund - Direct Plan - Growth;INF209KA1TP9;;10.57;10.41;10.57;07-Jul-2015
132997;Aditya Birla Sun Life Equity Savings Fund - Regular - IDCW;INF209KA1TT1;INF209KA1TU9;10.30;10.15;10.30;07-Jul-2015
132998;Aditya Birla Sun Life Equity Savings Fund - Regular Plan - Growth;INF209KA1TS3;;10.50;10.34;10.50;07-Jul-2015

Bandhan Mutual Fund
108995;BANDHAN Equity Savings Fund - Regular Plan - Growth;INF194K01581;;16.3978;16.3978;16.3978;07-Jul-2015
108992;BANDHAN Equity Savings Fund - Regular Plan - Monthly IDCW;INF194K01599;INF194K01607;11.8881;11.8881;11.8881;07-Jul-2015
133682;BANDHAN Equity Savings Fund - Regular Plan -Annual IDCW;INF194KA1XX2;INF194KA1XY0;10.1281;10.1281;10.1281;07-Jul-2015
108993;BANDHAN Equity Savings Fund -B-DIVIDEND;INF194K01565;INF194K01573;12.0895;12.0895;12.0895;07-Jul-2015
118477;BANDHAN Equity Savings Fund-Direct Plan-Growth;INF194K01Z02;;16.5636;16.5636;16.5636;07-Jul-2015
118476;BANDHAN Equity Savings Fund-Direct Plan-Monthly IDCW;INF194K01Z10;INF194K01Z28;12.0621;12.0621;12.0621;07-Jul-2015

HDFC Mutual Fund
119128;HDFC Equity Savings Fund - Growth Option - Direct Plan;INF179K01XT4;;26.5689;26.3032;26.5689;07-Jul-2015
101585;HDFC Equity Savings Fund - GROWTH PLAN;INF179K01AM7;;26.2878;26.0249;26.2878;07-Jul-2015
119129;HDFC Equity Savings Fund - IDCW Option - Direct Plan;INF179K01XR8;INF179K01XS6;11.4083;11.2942;11.4083;07-Jul-2015
101586;HDFC Equity Savings Fund - IDCW PLAN;INF179K01AK1;INF179K01AL9;11.2756;11.1628;11.2756;07-Jul-2015

ICICI Prudential Mutual Fund
133051;ICICI Prudential Equity Savings Fund - Cumulative option;INF109KA14I5;;10.24;10.14;10.24;07-Jul-2015
133054;ICICI Prudential Equity Savings Fund - Direct Plan - Cumulative option;INF109KA11J9;;10.29;10.19;10.29;07-Jul-2015
133056;ICICI Prudential Equity Savings Fund - Direct Plan - Half Yearly IDCW;INF109KA14J3;INF109KA17J6;10.29;10.19;10.29;07-Jul-2015
133049;ICICI Prudential Equity Savings Fund - Direct Plan - Monthly IDCW;INF109KA12J7;INF109KA15J0;10.13;10.03;10.13;07-Jul-2015
133052;ICICI Prudential Equity Savings Fund - Direct Plan - Quarterly IDCW;INF109KA13J5;INF109KA16J8;10.17;10.07;10.17;07-Jul-2015
133057;ICICI Prudential Equity Savings Fund - Half Yearly IDCW;INF109KA17I8;INF109KA10J1;10.24;10.14;10.24;07-Jul-2015
133050;ICICI Prudential Equity Savings Fund - Monthly IDCW;INF109KA15I2;INF109KA18I6;10.08;9.98;10.08;07-Jul-2015
133053;ICICI Prudential Equity Savings Fund - Quarterly IDCW;INF109KA16I0;INF109KA19I4;10.12;10.02;10.12;07-Jul-2015

IDBI Mutual Fund
114982;IDBI Equity Savings Fund Growth Option;INF397L01315;;14.1487;14.0072;14.1487;07-Jul-2015
118452;IDBI Equity Savings Fund Growth Option Direct;INF397L01AZ5;;14.3115;14.1684;14.3115;07-Jul-2015
114630;IDBI Equity Savings Fund IDCW Option;INF397L01257;INF397L01265;12.0472;11.9267;12.0472;07-Jul-2015
118453;IDBI Equity Savings Fund IDCW Option Direct;INF397L01BA6;INF397L01BB4;11.5980;11.4820;11.5980;07-Jul-2015
118454;IDBI Equity Savings Fund Option Direct;INF397L01BD0;INF397L01BE8;12.2342;12.1119;12.2342;07-Jul-2015
114983;IDBI Equity Savings Fund Quarterly IDCW Option;INF397L01281;INF397L01299;11.5837;11.4679;11.5837;07-Jul-2015

Kotak Mahindra Mutual Fund
131373;Kotak Equity Savings Fund - Direct - Growth;INF174K01D28;;10.8576;10.8576;10.8576;07-Jul-2015
131375;Kotak Equity Savings Fund - Direct - Monthly Payout of Income Distribution cum capital withdrawal option;INF174K01D36;INF174K01D51;10.5655;10.5655;10.5655;07-Jul-2015
131377;Kotak Equity Savings Fund - Direct - Quarterly Payout of Income Distribution cum capital withdrawal option;INF174K01D44;INF174K01D69;10.5633;10.5633;10.5633;07-Jul-2015
131372;Kotak Equity Savings Fund - Regular - Growth;INF174K01C78;;10.8099;10.8099;10.8099;07-Jul-2015
131374;Kotak Equity Savings Fund - Regular - Monthly Payout of Income Distribution cum capital withdrawal option;INF174K01C86;INF174K01D02;10.5367;10.5367;10.5367;07-Jul-2015
131376;Kotak Equity Savings Fund - Regular - QuarterlyPayout of Income Distribution cum capital withdrawal option;INF174K01C94;INF174K01D10;10.5309;10.5309;10.5309;07-Jul-2015

L&T Mutual Fund
119802;L&T Equity Savings Fund - Direct Plan-Growth;INF917K01GE4;;14.663;14.516;14.663;07-Jul-2015
119803;L&T Equity Savings Fund - Direct Plan-Monthly IDCW;INF917K01GA2;;11.818;11.700;11.818;07-Jul-2015
115887;L&T Equity Savings Fund - Regular Plan - Growth;INF917K01AA5;;14.413;14.269;14.413;07-Jul-2015
115883;L&T Equity Savings Fund - Regular Plan - Monthly IDCW;INF917K01965;INF917K01973;12.242;12.120;12.242;07-Jul-2015
115886;L&T Equity Savings Fund - Regular Plan - Quarterly IDCW;INF917K01981;INF917K01999;11.742;11.625;11.742;07-Jul-2015
119801;L&T Equity Savings Fund- Direct Plan-Quarterly IDCW;INF917K01GD6;INF917K01GC8;12.079;11.958;12.079;07-Jul-2015

Nippon India Mutual Fund
134597;NIPPON INDIA EQUITY SAVINGS FUND - Direct Plan - IDCW Option;INF204KA1W93;INF204KA1X01;10.2921;10.1892;10.2921;07-Jul-2015
134599;NIPPON INDIA EQUITY SAVINGS FUND - Direct Plan - MONTHLY IDCW Option;INF204KA1X35;INF204KA1X43;10.2921;10.1892;10.2921;07-Jul-2015
134601;NIPPON INDIA EQUITY SAVINGS FUND - Direct Plan - QUARTERLY IDCW Option;INF204KA1X19;INF204KA1X27;10.2921;10.1892;10.2921;07-Jul-2015
134596;NIPPON INDIA EQUITY SAVINGS FUND - IDCW Option;INF204KA1W10;INF204KA1W28;10.2812;10.1784;10.2812;07-Jul-2015
134598;NIPPON INDIA EQUITY SAVINGS FUND - MONTHLY IDCW Option;INF204KA1W51;INF204KA1W69;10.2812;10.1784;10.2812;07-Jul-2015
134600;NIPPON INDIA EQUITY SAVINGS FUND - QUARTERLY IDCW Option;INF204KA1W36;INF204KA1W44;10.2812;10.1784;10.2812;07-Jul-2015
134595;Nippon India Equity Savings Fund- Direct Plan- Growth Plan- Bonus Option;INF204KA1W85;;10.2921;10.1892;10.2921;07-Jul-2015
134594;Nippon India Equity Savings Fund- Direct Plan- Growth Plan-Growth Option;INF204KA1W77;;10.2921;10.1892;10.2921;07-Jul-2015
134602;Nippon India Equity Savings Fund- Growth Plan- Bonus Option;INF204KA1W02;;10.2812;10.1784;10.2812;07-Jul-2015
134593;Nippon India Equity Savings Fund- Growth Plan- Growth Option;INF204KA1V94;;10.2812;10.1784;10.2812;07-Jul-2015

Principal Mutual Fund
119472;Principal Equity Savings Fund - Direct Plan - Growth Option;INF173K01GZ9;;28.7703;28.4826;28.7703;07-Jul-2015
119470;Principal Equity Savings Fund - Direct Plan - Income Distribution CUM Capital Withdrawal Option - Half Yearly;INF173K01HC6;INF173K01HD4;11.1228;11.0116;11.1228;07-Jul-2015
101498;Principal Equity Savings Fund - Growth Option;INF173K01213;;28.2211;27.9389;28.2211;07-Jul-2015
101499;Principal Equity Savings Fund - Half Yearly Income Distribution CUM Capital Withdrawal;INF173K01247;INF173K01254;10.8475;10.7390;10.8475;07-Jul-2015
101500;Principal Equity Savings Fund -Quaterly Income Distribution CUM Capital Withdrawal;INF173K01262;INF173K01270;12.1929;12.0710;12.1929;07-Jul-2015
119471;Principal Equity Savings Fund- Direct Plan - Income Distribution CUM Capital Withdrawal Option - Quaterly;INF173K01HF9;INF173K01HG7;12.4797;12.3549;12.4797;07-Jul-2015

SBI Mutual Fund
134643;SBI Equity Savings Fund - Direct Plan - Growth;INF200KA1DF3;;10.1906;10.0887;10.1906;07-Jul-2015
134641;SBI Equity Savings Fund - Direct Plan - Monthly Income Distribution cum Capital Withdrawal Option (IDCW);INF200KA1DG1;INF200KA1DH9;10.1865;10.0846;10.1865;07-Jul-2015
134640;SBI Equity Savings Fund - Direct Plan - Quarterly Income Distribution cum Capital Withdrawal Option (IDCW);INF200KA1DI7;INF200KA1DJ5;10.1864;10.0845;10.1864;07-Jul-2015
134644;SBI Equity Savings Fund - Regular Plan - Growth;INF200KA1DA4;;10.1691;10.0674;10.1691;07-Jul-2015
134639;SBI Equity Savings Fund - Regular Plan - Monthly Income Distribution cum Capital Withdrawal Option (IDCW);INF200KA1DB2;INF200KA1DC0;10.169;10.0673;10.169;07-Jul-2015
134642;SBI Equity Savings Fund - Regular Plan - Quarterly Income Distribution cum Capital Withdrawal Option (IDCW);INF200KA1DD8;INF200KA1DE6;10.1691;10.0674;10.1691;07-Jul-2015

Tata Mutual Fund
101906;Tata Equity Savings Fund -Regular Plan-Growth Option;INF277K01907;;27.2152;26.9430;27.2152;07-Jul-2015
119960;Tata Equity Savings Fund- Direct Plan- Growth Option;INF277K01QH5;;27.8035;27.5255;27.8035;07-Jul-2015
102118;Tata Equity Savings Fund- Regular Plan - Periodic Payout of IDCW Option;INF277K01EF5;INF277K01915;13.8058;13.6677;13.8058;07-Jul-2015
101609;TATA Equity Savings Fund- Regular Plan -Monthly Payout of IDCW option;INF277K01EE8;INF277K01899;13.8518;13.7133;13.8518;07-Jul-2015
119958;Tata Equity Savings Fund-Direct Plan - Monthly Payout of IDCW Option;INF277K01QI3;INF277K01QJ1;13.9532;13.8137;13.9532;07-Jul-2015
119959;Tata Equity Savings Fund-Direct Plan - Periodic Payout of IDCWS Option;INF277K01QK9;INF277K01QL7;14.2823;14.1395;14.2823;07-Jul-2015

Open Ended Schemes ( Solution Oriented Scheme - Retirement Fund )


Franklin Templeton Mutual Fund
118548;Franklin India  PENSION PLAN - Direct - Growth;INF090I01JZ3;;100.7273;100.7273;100.7273;07-Jul-2015
118549;Franklin India Pension Plan - Direct - IDCW ;INF090I01KA4;INF090I01KB2;18.2957;18.2957;18.2957;07-Jul-2015
100535;Franklin India Pension Plan - IDCW ;INF090I01528;INF090I01536;18.0068;18.0068;18.0068;07-Jul-2015
100536;Franklin India Pension Plan-Growth;INF090I01510;;99.2154;99.2154;99.2154;07-Jul-2015

Nippon India Mutual Fund
133570;NIPPON INDIA RETIREMENT FUND - INCOME GENERATION SCHEME - Direct Plan - IDCW Option;INF204KA1C71;;10.1347;10.0334;10.1347;07-Jul-2015
133571;NIPPON INDIA RETIREMENT FUND - INCOME GENERATION SCHEME - IDCW Option;INF204KA1C63;;10.0757;9.9749;10.0757;07-Jul-2015
133569;Nippon India Retirement Fund- Income Generation Scheme- Direct Plan- Growth Plan - Growth Option;INF204KA1C30;;10.1347;10.0334;10.1347;07-Jul-2015
133629;Nippon India Retirement Fund- Income Generation Scheme- Direct Plan-Growth Plan- Bonus Option;INF204KA1C55;;10.1347;10.0334;10.1347;07-Jul-2015
133628;Nippon India Retirement Fund- Income Generation Scheme- Growth Plan- Bonus Option;INF204KA1C48;;10.0757;9.9749;10.0757;07-Jul-2015
133572;Nippon India Retirement Fund- Income Generation Scheme-Growth Plan - Growth Option;INF204KA1C22;;10.0757;9.9749;10.0757;07-Jul-2015
133566;NIPPON INDIA RETIREMENT FUND - WEALTH CREATION SCHEME - Direct Plan - IDCW Option;INF204KA1C14;;10.3752;10.2714;10.3752;07-Jul-2015
133567;NIPPON INDIA RETIREMENT FUND - WEALTH CREATION SCHEME - IDCW Option;INF204KA1C06;;10.3161;10.2129;10.3161;07-Jul-2015
133568;Nippon India Retirement Fund- Wealth Creation Scheme- Direct Plan- Growth Plan - Growth Option;INF204KA1B72;;10.3752;10.2714;10.3752;07-Jul-2015
133630;Nippon India Retirement Fund- Wealth Creation Scheme- Direct Plan-Growth Plan- Bonus Option;INF204KA1B98;;10.3752;10.2714;10.3752;07-Jul-2015
133565;Nippon India Retirement Fund- Wealth Creation Scheme- Growth Plan - Growth Option;INF204KA1B64;;10.3161;10.2129;10.3161;07-Jul-2015
133631;Nippon India Retirement Fund- Wealth Creation Scheme- Growth Plan- Bonus Option;INF204KA1B80;;10.3161;10.2129;10.3161;07-Jul-2015

Tata Mutual Fund
119256;Tata Retirement Savings Fund- Conservative Plan-Direct Plan-Growth Option;INF277K01QM5;;15.4394;14.9762;15.4394;07-Jul-2015
115944;Tata Retirement Savings Fund- Conservative Plan-Regular Plan-Growth Option;INF277K01FI6;;15.0248;14.5741;15.0248;07-Jul-2015
119255;Tata Retirement Savings Fund- Moderate Plan -Direct Plan-Growth Option;INF277K01QN3;;21.5970;20.9491;21.5970;07-Jul-2015
115943;Tata Retirement Savings Fund- Moderate Plan-Regular Plan-Growth Option;INF277K01FH8;;20.8590;20.2332;20.8590;07-Jul-2015
115942;Tata Retirement Savings Fund - Progressive Plan -Regular Plan-Growth Option;INF277K01FG0;;19.0146;18.4442;19.0146;07-Jul-2015
119251;Tata Retirement Savings Fund- Progressive Plan -Direct Plan-Growth Option;INF277K01QO1;;19.8679;19.2719;19.8679;07-Jul-2015

UTI Mutual Fund
100682;UTI Retirement Fund - Regular Plan;;;19.9686;19.9686;19.9686;07-Jul-2015
120766;UTI Retirement Fund- Direct Plan;;;20.2201;20.2201;20.2201;07-Jul-2015

Open Ended Schemes ( Solution Oriented Scheme - Children’s Fund )


HDFC Mutual Fund
119066;HDFC Childrens Fund - Direct Plan;;;86.091;83.508;86.091;07-Jul-2015
100900;HDFC Childrens Fund - Growth Plan;;;84.723;82.181;84.723;07-Jul-2015
119067;HDFC Childrens Fund Savings Plan-Direct Plan;;;36.2394;35.1522;36.2394;07-Jul-2015
100899;HDFC Childrens Fund-Savings;;;35.5145;34.4491;35.5145;07-Jul-2015

ICICI Prudential Mutual Fund
101127;ICICI Prudential Child Care Fund (Gift Plan) - Cumulative;INF109K01605;;101.73;100.71;101.73;07-Jul-2015
120579;ICICI Prudential Child Care Fund (Gift Plan) - Direct Plan - Cumulative;INF109K01Y49;;103.48;102.45;103.48;07-Jul-2015

LIC Mutual Fund
120285;LIC MF Children's Fund-Direct Plan-Growth;INF767K01FB1;;14.9670;14.8173;14.9670;07-Jul-2015
101271;LIC MF Children's Fund-Regular Plan-Growth;INF767K01048;;14.6836;14.5368;14.6836;07-Jul-2015

SBI Mutual Fund
119719;SBI Magnum Children's Benefit Fund - Savings Plan - DIRECT PLAN - GROWTH;INF200K01QR6;;37.2162;36.0997;37.2162;07-Jul-2015
101169;SBI Magnum Children's Benefit Fund - Savings Plan - REGULAR PLAN - GROWTH;INF200K01776;;36.3858;35.2942;36.3858;07-Jul-2015

Tata Mutual Fund
101491;Tata Young Citizens' Fund -Regular Plan-Growth Option;INF277K01AJ5;;21.1124;20.9013;21.1124;07-Jul-2015
119312;Tata Young Citizens' Fund-Direct Plan-Growth Option;INF277K01QW4;;21.5889;21.3730;21.5889;07-Jul-2015
101490;Tata Young Citizen Fund [>3 years upto 7 years] Regular Plan;;;21.1124;20.6902;21.1124;07-Jul-2015
101489;Tata Young Citizen Fund [Upto 3 years] Regular Plan;;;21.1124;20.4790;21.1124;07-Jul-2015
119299;Tata Young Citizens' Fund [> 3 years upto 7 years]-Direct Plan Growth;;;21.5889;21.1571;21.5889;07-Jul-2015
119296;Tata Young Citizens' Fund [Upto 3 years]-Direct Plan Growth;;;21.5889;20.9412;21.5889;07-Jul-2015

UTI Mutual Fund
120724;UTI Children's Equity Fund - Direct Plan - Growth Option;;;27.512;27.512;27.512;07-Jul-2015
120725;UTI Children's Equity Fund - Direct Plan - IDCW;;;27.551;27.551;27.551;07-Jul-2015
102267;UTI Children's Equity Fund - Regular Plan - Growth Option;;;27.1817;27.1817;27.1817;07-Jul-2015
102266;UTI Children's Equity Fund - Regular Plan - IDCW;;;27.1817;27.1817;27.1817;07-Jul-2015
120771;UTI Children's Hybrid Fund - Direct Plan;;;17.6998;17.6998;17.6998;07-Jul-2015
100678;UTI Children's Hybrid Fund - Regular Plan;;;17.6517;17.6517;17.6517;07-Jul-2015

Open Ended Schemes ( Other Scheme - Index Funds )


Aditya Birla Sun Life Mutual Fund
119648;Aditya Birla Sun Life Nifty 50 Index Fund - Growth - Direct Plan;INF209K01VY3;;83.0990;82.2680;83.0990;07-Jul-2015
101314;Aditya Birla Sun Life Nifty 50 Index Fund - Growth - Regular Plan;INF209K01LB2;;83.4386;82.6042;83.4386;07-Jul-2015
119649;Aditya Birla Sun Life Nifty 50 Index Fund -DIRECT - IDCW;INF209K01VX5;;16.5900;16.4241;16.5900;07-Jul-2015
101313;Aditya Birla Sun Life Nifty 50 Index Fund -REGULAR - IDCW;INF209K01LA4;INF209K01LC0;16.4069;16.2428;16.4069;07-Jul-2015

Bandhan Mutual Fund
112877;BANDHAN Nifty 50 Index Fund - Regular Plan - Growth;INF194K01920;;17.0025;17.0025;17.0025;07-Jul-2015
112878;BANDHAN Nifty 50 Index Fund - Regular Plan - IDCW;INF194K01938;INF194K01946;17.1362;17.1362;17.1362;07-Jul-2015
118482;BANDHAN Nifty 50 Index Fund-Direct Plan-Growth;INF194K012A8;;17.0264;17.0264;17.0264;07-Jul-2015
118483;BANDHAN Nifty 50 Index Fund-Direct Plan-IDCW;INF194K013A6;INF194K014A4;17.1721;17.1721;17.1721;07-Jul-2015

Franklin Templeton Mutual Fund
118580;Franklin India INDEX FUND- NSE Nifty 50 Index Fund - Direct - IDCW;INF090I01GQ8;INF090I01GR6;67.7947;67.1168;67.7947;07-Jul-2015
100484;Franklin India Index Fund- NSE Nifty 50 Index Fund - Growth;INF090I01890;;67.2717;66.5990;67.2717;07-Jul-2015
105067;Franklin India INDEX FUND- NSE NIFTY 50 INDEX FUND - IDCW;INF090I01874;INF090I01882;67.2717;66.5990;67.2717;07-Jul-2015
118581;Franklin India INDEX FUND- NSE NIFTY 50 INDEX FUND- Direct - Growth;INF090I01GS4;;67.7947;67.1168;67.7947;07-Jul-2015

HDFC Mutual Fund
119065;HDFC BSE Sensex Index Fund - Direct Plan;INF179K01WN9;;242.1998;239.7778;242.1998;07-Jul-2015
101281;HDFC BSE Sensex Index Fund - Growth Plan;INF179K01LA9;;240.6303;238.2240;240.6303;07-Jul-2015
119063;HDFC Nifty 50 Index Fund - Direct Plan;INF179K01WM1;;75.2953;74.5423;75.2953;07-Jul-2015
101525;HDFC Nifty 50 Index Fund - Growth Plan;INF179K01KZ8;;74.9475;74.1980;74.9475;07-Jul-2015

ICICI Prudential Mutual Fund
101349;ICICI Prudential Nifty 50 Index Fund - Cumulative Option;INF109K01PI0;;81.2003;80.9973;81.2003;07-Jul-2015
120620;ICICI Prudential Nifty 50 Index Fund - Direct Plan Cumulative Option;INF109K012M7;;82.0297;81.8246;82.0297;07-Jul-2015
120684;ICICI Prudential Nifty Next 50 Index Fund - Direct Plan -  Growth;INF109K01Y80;;18.0297;17.9846;18.0297;07-Jul-2015
120683;ICICI Prudential Nifty Next 50 Index Fund - Direct Plan -  IDCW;INF109K01Y64;INF109K01Y72;18.0242;17.9791;18.0242;07-Jul-2015
112957;ICICI Prudential Nifty Next 50 Index Fund - Growth;INF109K01IF1;;17.8282;17.7836;17.8282;07-Jul-2015
112958;ICICI Prudential Nifty Next 50 Index Fund -IDCW;INF109K01PR1;INF109K01IE4;17.8282;17.7836;17.8282;07-Jul-2015

IDBI Mutual Fund
118347;IDBI NIFTY 50  Index Fund Growth Direct;INF397L01AP6;;16.1598;16.1598;16.1598;07-Jul-2015
113062;IDBI Nifty 50  Index Fund IDCW;INF397L01083;INF397L01075;15.2683;15.2683;15.2683;07-Jul-2015
113063;IDBI NIFTY 50 Index Fund Growth;INF397L01091;;16.0091;16.0091;16.0091;07-Jul-2015
118455;IDBI Nifty 50 Index Fund IDCW Direct;INF397L01AN1;INF397L01AO9;15.4116;15.4116;15.4116;07-Jul-2015
113250;IDBI Nifty Next 50  Index Fund IDCW;INF397L01166;INF397L01182;15.6771;15.6771;15.6771;07-Jul-2015
113249;IDBI Nifty Next 50 Index Fund Growth;INF397L01174;;15.6771;15.6771;15.6771;07-Jul-2015
118348;IDBI Nifty Next 50 Index Fund Growth Direct;INF397L01AW2;;15.8666;15.8666;15.8666;07-Jul-2015
118456;IDBI Nifty Next 50 Index Fund IDCW Direct;INF397L01AY8;INF397L01AX0;15.8666;15.8666;15.8666;07-Jul-2015

LIC Mutual Fund
120308;LIC MF BSE Sensex Index Fund-Direct Plan-Growth;INF767K01FJ4;;53.6336;53.0973;53.6336;07-Jul-2015
120312;LIC MF BSE Sensex Index Fund-Direct Plan-IDCW;INF767K01FI6;INF767K01FK2;18.0227;17.8425;18.0227;07-Jul-2015
101199;LIC MF BSE Sensex Index Fund-Regular Plan-Growth;INF767K01139;;52.9767;52.4469;52.9767;07-Jul-2015
101198;LIC MF BSE Sensex Index Fund-Regular Plan-IDCW;INF767K01121;INF767K01113;18.1565;17.9749;18.1565;07-Jul-2015
120306;LIC  MF Index Fund-Sensex Advantage-Direct Plan Growth Option;INF767K01FC9;;52.4167;51.8925;52.4167;07-Jul-2015
120305;LIC MF Index Fund-Sensex Advantage-Direct Plan Dividend Option;INF767K01FD7;INF767K01FE5;18.5541;18.3686;18.5541;07-Jul-2015
101202;LIC MF Index Fund-Sensex Advantage-Dividend;INF767K01188;INF767K01170;18.3242;18.1410;18.3242;07-Jul-2015
101203;LIC MF Index Fund-Sensex Advantage-Growth;INF767K01196;;51.8020;51.2840;51.8020;07-Jul-2015
120307;LIC MF Nifty 50 Index Fund-Direct Plan-Growth;INF767K01FF2;;47.9301;47.4508;47.9301;07-Jul-2015
120309;LIC MF Nifty 50 Index Fund-Direct Plan-IDCW;INF767K01FG0;INF767K01FH8;17.6783;17.5015;17.6783;07-Jul-2015
101201;LIC MF Nifty 50 Index Fund-Regular Plan-Growth;INF767K01162;;47.3364;46.8630;47.3364;07-Jul-2015
101200;LIC MF Nifty 50 Index Fund-Regular Plan-IDCW;INF767K01154;INF767K01147;17.4604;17.2858;17.4604;07-Jul-2015

Nippon India Mutual Fund
113295;NIPPON INDIA INDEX FUND - BSE SENSEX PLAN - ANNUAL - IDCW Option;INF204K01IQ7;INF204K01IT1;13.8188;13.7843;13.8188;07-Jul-2015
118786;NIPPON INDIA INDEX FUND - BSE SENSEX PLAN - DIRECT Plan - ANNUAL - IDCW Option;INF204K01K64;INF204K01K72;13.9379;13.9031;13.9379;07-Jul-2015
118788;NIPPON INDIA INDEX FUND - BSE SENSEX PLAN - DIRECT Plan - HALF YEARLY - IDCW Option;INF204K01K98;INF204K01L06;13.9379;13.9031;13.9379;07-Jul-2015
118790;NIPPON INDIA INDEX FUND - BSE SENSEX PLAN - DIRECT Plan - QUARTERLY - IDCW Option;INF204K01L14;INF204K01L22;13.9379;13.9031;13.9379;07-Jul-2015
118785;Nippon India Index Fund - BSE Sensex Plan - Direct Plan Growth Plan - Bonus Option;INF204K01K56;;13.9379;13.9031;13.9379;07-Jul-2015
118791;Nippon India Index Fund - BSE Sensex Plan - Direct Plan Growth Plan - Growth Option;INF204K01K80;;13.9379;13.9031;13.9379;07-Jul-2015
113270;Nippon India Index Fund - BSE Sensex Plan - Growth Plan - Bonus Option;INF204K01IN4;;13.8188;13.7843;13.8188;07-Jul-2015
113269;Nippon India Index Fund - BSE Sensex Plan - Growth Plan - Growth Option;INF204K01IM6;;13.8188;13.7843;13.8188;07-Jul-2015
113294;NIPPON INDIA INDEX FUND - BSE SENSEX PLAN - HALF YEARLY - IDCW Option;INF204K01IP9;INF204K01IS3;13.8188;13.7843;13.8188;07-Jul-2015
113271;NIPPON INDIA INDEX FUND - BSE SENSEX PLAN - QUARTERLY - IDCW Option;INF204K01IO2;INF204K01IR5;13.8188;13.7843;13.8188;07-Jul-2015
113300;NIPPON INDIA INDEX FUND - NIFTY 50 PLAN - ANNUAL - IDCW Option;INF204K01II4;INF204K01IL8;14.2222;14.1866;14.2222;07-Jul-2015
118743;NIPPON INDIA INDEX FUND - NIFTY 50 PLAN - DIRECT Plan - ANNUAL - IDCW Option;INF204K01H10;INF204K01H28;14.3462;14.3103;14.3462;07-Jul-2015
118745;NIPPON INDIA INDEX FUND - NIFTY 50 PLAN - DIRECT Plan - HALF YEARLY - IDCW Option;INF204K01H44;INF204K01H51;14.3462;14.3103;14.3462;07-Jul-2015
118740;NIPPON INDIA INDEX FUND - NIFTY 50 PLAN - DIRECT Plan - QUARTERLY - IDCW Option;INF204K01H69;INF204K01H77;14.3462;14.3103;14.3462;07-Jul-2015
118742;Nippon India Index Fund - Nifty 50 Plan - Direct Plan Growth Plan - Bonus Option;INF204K01H02;;14.3462;14.3103;14.3462;07-Jul-2015
118741;Nippon India Index Fund - Nifty 50 Plan - Direct Plan Growth Plan - Growth Option;INF204K01H36;;14.3462;14.3103;14.3462;07-Jul-2015
113297;Nippon India Index Fund - Nifty 50 Plan - Growth Plan - Bonus Option;INF204K01IF0;;14.2222;14.1866;14.2222;07-Jul-2015
113296;Nippon India Index Fund - Nifty 50 Plan - Growth Plan - Growth Option;INF204K01IE3;;14.2222;14.1866;14.2222;07-Jul-2015
113299;NIPPON INDIA INDEX FUND - NIFTY 50 PLAN - HALF YEARLY - IDCW Option;INF204K01IH6;INF204K01IK0;14.2222;14.1866;14.2222;07-Jul-2015
113298;NIPPON INDIA INDEX FUND - NIFTY 50 PLAN - QUARTERLY - IDCW Option;INF204K01IG8;INF204K01IJ2;14.2222;14.1866;14.2222;07-Jul-2015

Principal Mutual Fund
119488;Principal Nifty 100 Equal Weight Fund - Direct Plan - Growth Option;INF173K01EZ4;;59.2604;58.6678;59.2604;07-Jul-2015
119487;Principal Nifty 100 Equal Weight Fund- Direct Plan - Income Distribution CUM Capital Withdrawal Option;INF173K01EW1;INF173K01EX9;34.8268;34.4785;34.8268;07-Jul-2015
100153;Principal Nifty 100 Equal Weight Fund-Growth;INF173K01AG2;;58.5848;57.9990;58.5848;07-Jul-2015
100152;Principal Nifty 100 Equal Weight Fund-Income Distribution CUM Capital Withdrawal;INF173K01AH0;INF173K01AI8;34.4315;34.0872;34.4315;07-Jul-2015

SBI Mutual Fund
119827;SBI NIFTY INDEX FUND - DIRECT PLAN - GROWTH;INF200K01TE8;;72.542;71.8166;72.542;07-Jul-2015
119826;SBI Nifty Index Fund - Direct Plan - Income Distribution cum Capital Withdrawal Option (IDCW);INF200K01TC2;INF200K01TD0;37.2304;36.8581;37.2304;07-Jul-2015
102272;SBI NIFTY INDEX FUND - REGULAR PLAN - GROWTH;INF200K01537;;71.9087;71.1896;71.9087;07-Jul-2015
102273;SBI Nifty Index Fund - Regular Plan - Income Distribution cum Capital Withdrawal Option (IDCW);INF200K01545;INF200K01552;36.8314;36.4631;36.8314;07-Jul-2015

Tata Mutual Fund
119287;Tata S&P BSE Sensex Index Fund - Direct Plan;INF277K01PK1;;68.8512;68.6791;68.8512;07-Jul-2015
101746;Tata S&P BSE Sensex Index Fund -Regular Plan;INF277K01758;;68.1397;67.9694;68.1397;07-Jul-2015
119288;Tata Nifty 50 Index Fund -Direct Plan;INF277K01PJ3;;52.5706;52.4392;52.5706;07-Jul-2015
101659;Tata Nifty 50 Index Fund -Regular Plan;INF277K01741;;50.5910;50.4645;50.5910;07-Jul-2015

Taurus Mutual Fund
118881;Taurus Nifty 50 Index Fund - Direct Plan - Growth;INF044D01CQ5;;16.1295;15.9682;16.1295;07-Jul-2015
118882;Taurus Nifty 50 Index Fund - Direct Plan - Payout of Income Distribution cum Capital Withdrawal option;INF044D01CR3;INF044D01CS1;16.1201;15.9589;16.1201;07-Jul-2015
112948;Taurus Nifty 50 Index Fund - Regular Plan - Growth;INF044D01948;;15.8809;15.7221;15.8809;07-Jul-2015
112949;Taurus Nifty 50 Index Fund - Regular Plan - Payout of Income Distribution cum Capital Withdrawal option;INF044D01914;INF044D01922;15.8791;15.7203;15.8791;07-Jul-2015

UTI Mutual Fund
120717;UTI Nifty 50 Index Fund - Direct Plan - IDCW;INF789F01WY2;INF789F01WZ9;27.3821;27.3821;27.3821;07-Jul-2015
120716;UTI Nifty 50 Index Fund - Growth Option- Direct;INF789F01XA0;;53.7918;53.7918;53.7918;07-Jul-2015
100822;UTI Nifty 50 Index Fund - Regular Plan - Growth Option;INF789F01JN2;;53.5327;53.5327;53.5327;07-Jul-2015
100823;UTI Nifty 50 Index Fund - Regular Plan - IDCW;INF789F01JL6;INF789F01JM4;27.2523;27.2523;27.2523;07-Jul-2015

Open Ended Schemes ( Other Scheme - Gold ETF )


Aditya Birla Sun Life Mutual Fund
115127;Aditya Birla Sun Life Gold ETF;INF209KB18D3;;2552.0531;2552.0531;2552.0531;07-Jul-2015

Axis Mutual Fund
113434;Axis Gold ETF;INF846K01W80;;2490.1556;2490.1556;2490.1556;07-Jul-2015

Canara Robeco Mutual Fund
117076;Canara Robeco Gold Exchange Traded Fund;INF760K01BR1;;2501.5014;2501.5014;2501.5014;07-Jul-2015

HDFC Mutual Fund
113049;HDFC Gold ETF - Growth Option;INF179KC1981;;2495.0593;0.0000;0.0000;07-Jul-2015

ICICI Prudential Mutual Fund
113076;ICICI Prudential Gold ETF;INF109KC1NT3;;2520.9158;N.A.;N.A.;07-Jul-2015

IDBI Mutual Fund
115939;IDBI Gold Exchange Traded Fund;INF397L01554;;2552.5922;2552.5922;0.0000;07-Jul-2015

Invesco Mutual Fund
112368;Invesco India Gold Exchange Traded Fund;INF205K01361;;2518.1702;2518.1702;2518.1702;07-Jul-2015

Kotak Mahindra Mutual Fund
106193;KOTAK GOLD ETF;INF174KA1HJ8;;243.9091;243.9091;243.9091;07-Jul-2015

Quantum Mutual Fund
107693;Quantum Gold Fund;INF082J01408;;1218.3177;1218.3177;1218.3177;07-Jul-2015

SBI Mutual Fund
111954;SBI Gold ETF;INF200KA16D8;;2505.304;2505.304;2505.304;07-Jul-2015

UTI Mutual Fund
105463;UTI GOLD Exchange Traded Fund;INF789F1AUX7;;2443.6478;0;2443.6478;07-Jul-2015

Open Ended Schemes ( Other Scheme - Other  ETFs )


Aditya Birla Sun Life Mutual Fund
115512;Aditya Birla Sun Life Nifty 50 ETF;INF209KB19D1;;87.9965;87.9965;87.9965;07-Jul-2015

Edelweiss Mutual Fund
134536;Edelweiss ETF - Nifty 50;INF754K01EK3;;8549.5011;8549.5011;8549.5011;07-Jul-2015

ICICI Prudential Mutual Fund
101705;ICICI Prudential BSE Sensex ETF;INF346A01034;;285.0676;285.0676;285.0676;07-Jul-2015
123004;ICICI Prudential Nifty 100 ETF;INF109KC16V9;;88.5135;N.A.;N.A.;07-Jul-2015
121366;ICICI Prudential Nifty 50 ETF;INF109K012R6;;87.2971;N.A.;N.A.;07-Jul-2015

Invesco Mutual Fund
115284;Invesco India Nifty 50 Exchange Traded Fund;INF205K01DA9;;864.0889;864.0889;864.0889;07-Jul-2015

Kotak Mahindra Mutual Fund
109010;Kotak BSE Sensex ETF;INF174KA1JD7;;284.8139;284.8139;284.8139;07-Jul-2015
112351;Kotak Nifty 50 ETF;INF174K014P6;;857.8218;857.8218;857.8218;07-Jul-2015
133122;Kotak Nifty Bank ETF;INF174K01F59;;189.5213;189.5213;189.5213;07-Jul-2015
106929;Kotak Nifty PSU Bank ETF;INF373I01023;;344.9659;344.9659;344.9659;07-Jul-2015

LIC Mutual Fund
133307;LIC MF Nifty 8-13 yr G-Sec ETF;INF767K01MV5;;13.9412;13.9412;13.9412;07-Jul-2015

Motilal Oswal Mutual Fund
114984;Motilal Oswal Nasdaq 100 ETF (MOFN100);INF247L01AP3;;278.9813;278.9813;278.9813;07-Jul-2015
113069;Motilal Oswal Nifty 50 ETF;INF247L01536;;81.6014;81.6014;81.6014;07-Jul-2015
114456;Motilal Oswal Nifty Midcap 100 ETF;INF247L01023;;14.0046;14.0046;14.0046;07-Jul-2015

Nippon India Mutual Fund
131331;Nippon India ETF BSE Sensex;INF204KA1UN7;;284.7977;284.7977;284.7977;07-Jul-2015
121146;Nippon India ETF Nifty 100;INF204K014N5;;87.1468;87.1468;87.1468;07-Jul-2015
134782;Nippon India ETF Nifty 50 Value 20;INF204KA17D8;;382.5917;382.5917;382.5917;07-Jul-2015
128639;Nippon India ETF Nifty Dividend Opportunities 50;INF204KA1MS3;;21.1447;21.1447;21.1447;07-Jul-2015
128331;Nippon India ETF Nifty India Consumption;INF204KA1LD7;;36.4446;36.4446;36.4446;07-Jul-2015

Quantum Mutual Fund
108479;Quantum Nifty 50 ETF;INF082J01028;;898.6754;898.6754;898.6754;07-Jul-2015

SBI Mutual Fund
134014;SBI BSE 100 ETF;INF200KA1572;;86.8605;86.8605;86.8605;07-Jul-2015
121109;SBI BSE SENSEX ETF;INF200K01VT2;;292.2171;292.2171;292.2171;07-Jul-2015
134008;SBI Nifty Bank ETF;INF200KA1580;;189.4003;189.4003;189.4003;07-Jul-2015
134013;SBI Nifty Next 50 ETF;INF200KA1598;;204.1485;204.1485;204.1485;07-Jul-2015

Open Ended Schemes ( Other Scheme - FoF Overseas )


Aditya Birla Sun Life Mutual Fund
132141;Aditya Birla Sun Life Global Emerging Opportunities Fund - Direct - IDCW;INF084M01EC8;INF084M01ED6;11.4021;11.4021;11.4021;07-Jul-2015
132140;Aditya Birla Sun Life Global Emerging Opportunities Fund - Direct plan - Growth Option;INF084M01EB0;;11.4231;11.4231;11.4231;07-Jul-2015
132139;Aditya Birla Sun Life Global Emerging Opportunities Fund - Regular - IDCW;INF084M01AU8;INF084M01AV6;11.3183;11.3183;11.3183;07-Jul-2015
132138;Aditya Birla SUn Life Global Emerging Opportunities Fund - Regular Plan - Growth Option;INF084M01AT0;;11.3154;11.3154;11.3154;07-Jul-2015
132009;Aditya Birla Sun Life Global Excellence Equity Fund Of Fund - Retail Plan - Direct Plan - Growth Option;INF084M01EH7;;16.94;16.77;16.94;07-Jul-2015
132005;Aditya Birla Sun Life Global Excellence Equity Fund Of Fund- Retail Plan - Regular Plan - Growth Option;INF084M01AZ7;;16.75;16.58;16.75;07-Jul-2015
132010;Aditya Birla Sun Life Global Excellence Equity Fund Of Fund-DIRECT - RETAIL - IDCW;INF084M01EI5;INF084M01EJ3;16.95;16.78;16.95;07-Jul-2015
132003;Aditya Birla Sun Life Global Excellence Equity Fund Of Fund-REGULAR - RETAIL - IDCW;INF084M01BA8;INF084M01BB6;16.76;16.59;16.76;07-Jul-2015

DSP Mutual Fund
119275;DSP Global Clean Energy Fund of Fund - Direct Plan - Growth;INF740K01PC5;;12.5333;12.4080;12.5333;07-Jul-2015
119276;DSP Global Clean Energy Fund of Fund - Direct Plan - IDCW;INF740K01PD3;INF740K01PE1;11.3014;11.1884;11.3014;07-Jul-2015
112126;DSP Global Clean Energy Fund of Fund - Regular Plan - Growth;INF740K01284;;12.4544;12.3299;12.4544;07-Jul-2015
112127;DSP Global Clean Energy Fund of Fund - Regular Plan - IDCW;INF740K01292;INF740K01300;10.6515;10.5450;10.6515;07-Jul-2015
119252;DSP US Flexible Equity Fund of Fund - Direct Plan - Growth;INF740K01OH7;;16.9207;16.7515;16.9207;07-Jul-2015
119253;DSP US Flexible Equity Fund of Fund - Direct Plan - IDCW;INF740K01OI5;INF740K01OJ3;16.9207;16.7515;16.9207;07-Jul-2015
117691;DSP US Flexible Equity Fund of Fund - Regular Plan - Growth Option;INF740K01LP6;;16.6725;16.5058;16.6725;07-Jul-2015
117692;DSP US Flexible Equity Fund of Fund - Regular Plan - IDCW;INF740K01LQ4;;14.0256;13.8853;14.0256;07-Jul-2015
119271;DSP World Agriculture Fund - Direct Plan - Growth;INF740K01OE4;;15.3106;15.1575;15.3106;07-Jul-2015
119272;DSP World Agriculture Fund - Direct Plan - IDCW;INF740K01OF1;INF740K01OG9;14.4360;14.2916;14.4360;07-Jul-2015
115882;DSP World Agriculture Fund - Regular Plan - Growth;INF740K01EK2;;15.1852;15.0333;15.1852;07-Jul-2015
115881;DSP World Agriculture Fund - Regular Plan - IDCW;INF740K01EL0;;12.9407;12.8113;12.9407;07-Jul-2015
119277;DSP World Gold Fund of Fund - Direct Plan - Growth;INF740K01OZ9;;9.2893;9.1964;9.2893;07-Jul-2015
119278;DSP World Gold Fund of Fund - Direct Plan - IDCW;INF740K01PA9;INF740K01PB7;7.6087;7.5326;7.6087;07-Jul-2015
106597;DSP World Gold Fund of Fund - Regular Plan - Growth;INF740K01250;;9.1992;9.1072;9.1992;07-Jul-2015
106596;DSP World Gold Fund of Fund - Regular Plan - IDCW;INF740K01268;INF740K01276;7.5324;7.4571;7.5324;07-Jul-2015
119279;DSP World Mining Fund of Fund - Direct Plan - Growth;INF740K01PF8;;6.1357;6.0743;6.1357;07-Jul-2015
119280;DSP World Mining Fund of Fund - Direct Plan - IDCW;INF740K01PG6;INF740K01PH4;6.1357;6.0743;6.1357;07-Jul-2015
112293;DSP World Mining Fund of Fund - Regular Plan - Growth;INF740K01730;;6.0610;6.0004;6.0610;07-Jul-2015
112347;DSP World Mining Fund of Fund - Regular Plan - IDCW;INF740K01748;INF740K01AL8;6.0610;6.0004;6.0610;07-Jul-2015

Franklin Templeton Mutual Fund
129440;Franklin India Feeder - Templeton European Opportunities Fund - Direct - Growth;INF090I01KX6;;9.0451;8.9546;9.0451;07-Jul-2015
129441;Franklin India Feeder - Templeton European Opportunities Fund - Direct - IDCW ;INF090I01KY4;INF090I01KZ1;9.0451;8.9546;9.0451;07-Jul-2015
129438;Franklin India Feeder - Templeton European Opportunities Fund - Growth;INF090I01KU2;;8.9154;8.8262;8.9154;07-Jul-2015
129439;Franklin India Feeder - Templeton European Opportunities Fund - IDCW ;INF090I01KV0;INF090I01KW8;8.9154;8.8262;8.9154;07-Jul-2015
118551;Franklin U.S. Opportunities Equity Active Fund of Funds - Direct - Growth;INF090I01JR0;;21.1625;20.9509;21.1625;07-Jul-2015
118550;Franklin U.S. Opportunities Equity Active Fund of Funds - Direct - IDCW;INF090I01JP4;INF090I01JQ2;21.1625;20.9509;21.1625;07-Jul-2015
116633;Franklin U.S. Opportunities Equity Active Fund of Funds - Growth;INF090I01EW1;;20.5875;20.3816;20.5875;07-Jul-2015
116632;Franklin U.S. Opportunities Equity Active Fund of Funds - IDCW;INF090I01EV3;INF090I01EU5;20.5875;20.3816;20.5875;07-Jul-2015

HSBC Mutual Fund
127073;HSBC Asia Pacific (Ex Japan) Dividend Yield Fund - Growth;INF336L01HC7;;10.4232;10.4232;10.4232;07-Jul-2015
127071;HSBC Asia Pacific (Ex Japan) Dividend Yield Fund - Growth Direct;INF336L01HF0;;10.5237;10.5237;10.5237;07-Jul-2015
127072;HSBC Asia Pacific IDCW Yield Fund Direct Plan IDCW;INF336L01HG8;INF336L01HH6;10.5237;10.5237;10.5237;07-Jul-2015
127070;HSBC Asia Pacific IDCW Yield Fund IDCW;INF336L01HD5;INF336L01HE3;10.4232;10.4232;10.4232;07-Jul-2015
120035;HSBC Brazil Fund - Growth Direct;INF336L01BY4;;6.1884;6.1884;6.1884;07-Jul-2015
115117;HSBC Brazil Fund - IDCW;INF336L01172;INF336L01180;6.076;6.076;6.076;07-Jul-2015
120036;HSBC Brazil Fund - IDCW Direct Plan;INF336L01BW8;INF336L01BX6;6.1884;6.1884;6.1884;07-Jul-2015
115116;HSBC Brazil Fund-Growth;INF336L01164;;6.076;6.076;6.076;07-Jul-2015
133713;HSBC Global Consumer Opportunities Fund - Growth;INF336L01JU5;;9.7235;9.7235;9.7235;07-Jul-2015
133714;HSBC Global Consumer Opportunities Fund - Growth Direct;INF336L01JT7;;9.7487;9.7487;9.7487;07-Jul-2015
120043;HSBC Global Emerging Market Fund - Growth Direct;INF336L01CJ3;;11.2159;11.2159;11.2159;07-Jul-2015
107988;HSBC Global Emerging Markets Fund - Growth;INF336L01446;;11.0088;11.0088;11.0088;07-Jul-2015
107989;HSBC Global Emerging Markets Fund - IDCW;INF336L01438;INF336L01420;10.5326;10.5326;10.5326;07-Jul-2015
120044;HSBC Global Emerging Markets Fund - IDCW Direct Plan;INF336L01CH7;INF336L01CI5;10.7397;10.7397;10.7397;07-Jul-2015

ICICI Prudential Mutual Fund
123654;ICICI Prudential Global Stable Equity Fund (FOF) - Direct - Growth;INF109KA1CE0;;11.80;11.45;11.80;07-Jul-2015
123652;ICICI Prudential Global Stable Equity Fund (FOF) - Direct - IDCW;INF109KA1CG5;INF109KA1CF7;11.80;11.45;11.80;07-Jul-2015
123651;ICICI Prudential Global Stable Equity Fund (FOF) - Growth;INF109KA1CB6;;11.63;11.28;11.63;07-Jul-2015
123653;ICICI Prudential Global Stable Equity Fund (FOF) - IDCW;INF109KA1CD2;INF109KA1CC4;11.63;11.28;11.63;07-Jul-2015

Invesco Mutual Fund
129188;Invesco India - Invesco Global Equity Income Fund of Fund - Direct Plan - Growth;INF205K01B49;;10.5358;10.4304;10.5358;07-Jul-2015
129190;Invesco India - Invesco Global Equity Income Fund of Fund - Direct Plan - IDCW (Payout / Reinvestment);INF205K01B56;INF205K01B64;10.5356;10.4302;10.5356;07-Jul-2015
129187;Invesco India - Invesco Global Equity Income Fund of Fund - Regular Plan - Growth;INF205K01B15;;10.3741;10.2704;10.3741;07-Jul-2015
129189;Invesco India - Invesco Global Equity Income Fund of Fund - Regular Plan - IDCW (Payout / Reinvestment);INF205K01B23;INF205K01B31;10.3742;10.2705;10.3742;07-Jul-2015
126353;Invesco India - Invesco Pan European Equity Fund of Fund - Direct Plan - Growth Option;INF205K01A24;;9.8904;9.7915;9.8904;07-Jul-2015
126352;Invesco India - Invesco Pan European Equity Fund of Fund - Direct Plan - IDCW (Payout / Reinvestment);INF205K01A32;INF205K01A40;9.8892;9.7903;9.8892;07-Jul-2015
126351;Invesco India - Invesco Pan European Equity Fund of Fund - Regular Plan - Growth Option;INF205K01ZZ9;;9.7333;9.6360;9.7333;07-Jul-2015
126350;Invesco India - Invesco Pan European Equity Fund of Fund - Regular Plan - IDCW (Payout / Reinvestment);INF205K01A08;INF205K01A16;9.7329;9.6356;9.7329;07-Jul-2015

Kotak Mahindra Mutual Fund
106441;Kotak Global Emerging Market Fund - Growth;INF174K01DV3;;13.879;13.74;13.879;07-Jul-2015
119779;Kotak Global Emerging Market Fund - Growth - Direct;INF174K01LW4;;14.059;13.918;14.059;07-Jul-2015
106442;Kotak Global Emerging Market Fund - Payout of Income Distribution cum capital withdrawal option;INF174K01DX9;INF174K01DW1;13.878;13.739;13.878;07-Jul-2015
119778;Kotak Global Emerging Market Fund - Payout of Income Distribution cum capital withdrawal option - Direct;INF174K01LX2;;14.105;13.964;14.105;07-Jul-2015
133832;Kotak US Equity Fund - Direct Plan - Dividend option;INF178L01CM3;INF178L01CN1;11.77;11.652;11.77;07-Jul-2015
133831;Kotak US Equity Fund - Direct Plan - Growth option;INF178L01CL5;;11.77;11.652;11.77;07-Jul-2015
133830;Kotak US Equity Fund - Standard Plan - Dividend option;INF178L01CJ9;INF178L01CK7;11.634;11.518;11.634;07-Jul-2015
133833;Kotak US Equity Fund - Standard Plan - Growth option;INF178L01CI1;;11.634;11.518;11.634;07-Jul-2015
133814;Kotak World Gold Fund - Standard Plan - Dividend Option;INF178L01145;INF178L01137;6.081;6.02;6.081;07-Jul-2015
133815;Kotak World Gold Fund - Standard Plan - Growth Option;INF178L01152;;7.335;7.262;7.335;07-Jul-2015
133817;Kotak World Gold Fund- Direct Plan- Dividend Option;INF178L01AM7;INF178L01AN5;6.15;6.089;6.15;07-Jul-2015
133816;Kotak World Gold Fund- Direct Plan- Growth Option;INF178L01AO3;;7.473;7.398;7.473;07-Jul-2015

Principal Mutual Fund
119458;Principal Global Opportunities Fund- Direct Plan - Income Distribution CUM Capital Withdrawal Option;INF173K01FJ5;INF173K01FK3;22.5694;22.3437;22.5694;07-Jul-2015
102336;Principal Global Opportunities Fund- Income Distribution CUM Capital Withdrawal Option;INF173K01CQ7;INF173K01CR5;22.3526;22.1291;22.3526;07-Jul-2015
119457;Principal Global Opportunities Fund-Direct Plan - Growth Option;INF173K01FM9;;22.5694;22.3437;22.5694;07-Jul-2015
102337;Principal Global Opportunities Fund-Growth Option;INF173K01CT1;;22.3526;22.1291;22.3526;07-Jul-2015

Sundaram Mutual Fund
119602;Sundaram Global Brand Theme-Equity Active FOF - Direct Growth;INF903J01OB6;;13.7967;13.7967;13.7967;07-Jul-2015
119601;Sundaram Global Brand Theme-Equity Active FOF - Direct IDCW;INF903J01NZ7;INF903J01OA8;12.4966;12.4966;12.4966;07-Jul-2015
106370;Sundaram Global Brand Theme-Equity Active FOF - Regular Growth;INF903J01EX1;;13.6565;13.6565;13.6565;07-Jul-2015
106369;Sundaram Global Brand Theme-Equity Active FOF - Regular IDCW;INF903J01EY9;INF903J01EZ6;11.7075;11.7075;11.7075;07-Jul-2015

Open Ended Schemes ( Other Scheme - FoF Domestic )


Aditya Birla Sun Life Mutual Fund
131865;Aditya Birla Sun Life Asset Allocator FoF- Direct Plan - Growth Option;INF084M01DM9;;10.7451;10.7451;10.7451;07-Jul-2015
131864;Aditya Birla Sun Life Asset Allocator FoF- Regular Plan - Growth Option;INF084M01AE2;;21.5059;21.5059;21.5059;07-Jul-2015
131866;Aditya Birla Sun Life Asset Allocator FoF-DIRECT - IDCW;INF084M01DN7;INF084M01DO5;10.2377;10.2377;10.2377;07-Jul-2015
131863;Aditya Birla Sun Life Asset Allocator FoF-REGULAR - IDCW;INF084M01AF9;INF084M01AG7;19.7966;19.7966;19.7966;07-Jul-2015
131897;Aditya Birla Sun Life Debt Plus Arbitrage FoF Scheme - DIRECT - IDCW;INF084M01DQ0;INF084M01DR8;12.0543;12.0543;12.0543;07-Jul-2015
131898;Aditya Birla Sun Life Debt Plus Arbitrage FoF Scheme - Direct Plan - Growth Option;INF084M01DP2;;19.2416;19.2416;19.2416;07-Jul-2015
131895;Aditya Birla Sun Life Debt Plus Arbitrage FoF Scheme - REGULAR - IDCW;INF084M01AI3;INF084M01AJ1;11.9485;11.9485;11.9485;07-Jul-2015
131896;Aditya Birla Sun Life Debt Plus Arbitrage FoF Scheme - Regular Plan - Growth Option;INF084M01AH5;;19.0545;19.0545;19.0545;07-Jul-2015
132187;Aditya Birla Sun Life Financial Planning Fund - Aggressive Plan - Direct - IDCW;INF084M01EX4;INF084M01EY2;15.5138;15.5138;15.5138;07-Jul-2015
132186;Aditya Birla Sun Life Financial Planning Fund - Aggressive Plan - Direct Plan - Growth Option;INF084M01EW6;;16.9432;16.9432;16.9432;07-Jul-2015
132180;Aditya Birla Sun Life Financial Planning Fund - Aggressive Plan - Regular Plan - Growth Option;INF084M01101;;16.7298;16.7298;16.7298;07-Jul-2015
132181;Aditya Birla Sun Life Financial Planning Fund - Aggressive Plan -Regular - IDCW;INF084M01119;INF084M01127;15.3114;15.3114;15.3114;07-Jul-2015
132183;Aditya Birla Sun Life Financial Planning Fund - Conservative Plan - Direct Plan - Growth Option;INF084M01EQ8;;14.5196;14.5196;14.5196;07-Jul-2015
132178;Aditya Birla Sun life Financial Planning Fund - Conservative Plan - Regular Plan - Growth Option;INF084M01044;;14.3422;14.3422;14.3422;07-Jul-2015
132179;Aditya Birla Sun Life Financial Planning Fund - Conservative Plan -Regular - IDCW;INF084M01051;INF084M01069;13.0500;13.0500;13.0500;07-Jul-2015
132185;Aditya Birla Sun Life Financial Planning Fund - Moderate Plan - Direct Plan - Growth Option;INF084M01ET2;;15.4753;15.4753;15.4753;07-Jul-2015
132174;Aditya Birla Sun Life Financial Planning Fund - Moderate Plan - Regular Plan - Growth Option;INF084M01077;;15.3074;15.3074;15.3074;07-Jul-2015
132175;Aditya Birla Sun Life Financial Planning Fund -Moderate  Plan -  Regular -  IDCW;INF084M01085;INF084M01093;13.7286;13.7286;13.7286;07-Jul-2015
132189;Aditya Birla Sun Life Financial Planning Fund -Moderate  Plan - Direct - IDCW;INF084M01EU0;INF084M01EV8;14.0190;14.0190;14.0190;07-Jul-2015
120546;Aditya Birla Sun Life Gold Fund - Growth - Direct Plan;INF209K01YU5;;8.8180;8.6416;8.8180;07-Jul-2015
120545;Aditya Birla Sun Life Gold Fund-DIRECT - IDCW;INF209K01YT7;;8.8129;8.6366;8.8129;07-Jul-2015
116796;Aditya Birla Sun Life Gold Fund-Growth;INF209K01PF4;;8.7651;8.5898;8.7651;07-Jul-2015
116795;Aditya Birla Sun Life Gold Fund-REGULAR - IDCW;INF209K01PG2;INF209K01PH0;8.7635;8.5882;8.7635;07-Jul-2015

Axis Mutual Fund
120473;Axis Gold Fund - Direct Plan - Growth option;INF846K01DS2;;9.3263;9.2330;9.3263;07-Jul-2015
120472;Axis Gold Fund - Direct Plan - IDCW;INF846K01DQ6;INF846K01DR4;9.3185;9.2253;9.3185;07-Jul-2015
115897;Axis Gold Fund - Regular Plan - Growth Option;INF846K01AL3;;8.9956;8.9056;8.9956;07-Jul-2015
115898;Axis Gold Fund - Regular Plan - IDCW;INF846K01AM1;INF846K01AN9;9.0053;8.9152;9.0053;07-Jul-2015

Bandhan Mutual Fund
112332;BANDHAN Asset Allocation Fund - Regular Plan - Aggressive Plan - Growth;INF194K01953;;18.0259;18.0259;18.0259;07-Jul-2015
112331;BANDHAN Asset Allocation Fund - Regular Plan - Aggressive Plan - IDCW;INF194K01961;INF194K01979;14.6559;14.6559;14.6559;07-Jul-2015
118485;BANDHAN Asset Allocation Fund Of Fund-Aggressive Plan-Direct Plan-Growth;INF194K012B6;;18.1311;18.1311;18.1311;07-Jul-2015
118484;BANDHAN Asset Allocation Fund Of Fund-Aggressive Plan-Direct Plan-IDCW;INF194K013B4;INF194K014B2;15.6823;15.6823;15.6823;07-Jul-2015
112327;BANDHAN Asset Allocation Fund - Regular Plan - Conservative Plan - Growth;INF194K01987;;16.2655;16.2655;16.2655;07-Jul-2015
112328;BANDHAN Asset Allocation Fund - Regular Plan - Conservative Plan - IDCW;INF194K01995;INF194K01AA1;13.2273;13.2273;13.2273;07-Jul-2015
118486;BANDHAN Asset Allocation Fund Of Fund-Conservative Plan-Direct Plan-Growth;INF194K016A9;;16.3722;16.3722;16.3722;07-Jul-2015
118487;BANDHAN Asset Allocation Fund Of Fund-Conservative Plan-Direct Plan-IDCW;INF194K017A7;INF194K018A5;13.3377;13.3377;13.3377;07-Jul-2015
112329;BANDHAN Asset Allocation Fund - Regular Plan - Moderate Plan - Growth;INF194K01AB9;;17.3814;17.3814;17.3814;07-Jul-2015
112330;BANDHAN Asset Allocation Fund - Regular Plan - Moderate Plan - IDCW;INF194K01AC7;INF194K01AD5;14.5134;14.5134;14.5134;07-Jul-2015
118489;BANDHAN Asset Allocation Fund Of Fund-Moderate Plan-Direct Plan-Growth;INF194K019A3;;17.4892;17.4892;17.4892;07-Jul-2015
118409;Bandhan Income Plus Arbitrage Fund of Funds - Direct Plan - Daily IDCW;;INF194K01V63;10.7440;10.7440;10.7440;07-Jul-2015
118414;Bandhan Income Plus Arbitrage Fund of Funds - Direct Plan - Fortnightly IDCW;INF194K01V55;INF194K01V48;10.7443;10.7443;10.7443;07-Jul-2015
118410;Bandhan Income Plus Arbitrage Fund of Funds - Direct Plan - Growth;INF194K01U72;;22.2669;22.2669;22.2669;07-Jul-2015
131398;Bandhan Income Plus Arbitrage Fund of Funds - Direct Plan - Periodic IDCW;INF194KA1TV4;INF194KA1TW2;10.8220;10.8220;10.8220;07-Jul-2015
118413;Bandhan Income Plus Arbitrage Fund of Funds - Direct Plan - Quarterly IDCW;INF194K01V30;INF194K01V22;12.2679;12.2679;12.2679;07-Jul-2015
118412;Bandhan Income Plus Arbitrage Fund of Funds - Direct Plan - Weekly IDCW;;INF194K01V71;10.7441;10.7441;10.7441;07-Jul-2015
108547;Bandhan Income Plus Arbitrage Fund of Funds - Regular Plan - Annual IDCW;INF194K01SG0;INF194K01SF2;17.3823;17.3823;17.3823;07-Jul-2015
117868;Bandhan Income Plus Arbitrage Fund of Funds - Regular Plan - Daily IDCW;;INF194K01F55;10.8291;10.8291;10.8291;07-Jul-2015
115874;Bandhan Income Plus Arbitrage Fund of Funds - Regular Plan - Fortnightly IDCW;INF194K01SM8;INF194K01SL0;10.7432;10.7432;10.7432;07-Jul-2015
108545;Bandhan Income Plus Arbitrage Fund of Funds - Regular Plan - Growth;INF194K01SE5;;22.0210;22.0210;22.0210;07-Jul-2015
108546;Bandhan Income Plus Arbitrage Fund of Funds - Regular Plan - Half Yearly IDCW;INF194K01SI6;INF194K01SH8;11.7355;11.7355;11.7355;07-Jul-2015
131399;Bandhan Income Plus Arbitrage Fund of Funds - Regular Plan - Periodic IDCW;INF194KA1TS0;INF194KA1TT8;10.8137;10.8137;10.8137;07-Jul-2015
108544;Bandhan Income Plus Arbitrage Fund of Funds - Regular Plan - Quarterly IDCW;INF194K01SK2;INF194K01SJ4;12.1404;12.1404;12.1404;07-Jul-2015
117867;Bandhan Income Plus Arbitrage Fund of Funds - Regular Plan - Weekly IDCW;;INF194K01F63;10.7427;10.7427;10.7427;07-Jul-2015

Canara Robeco Mutual Fund
118300;Canara Robeco Gold Savings Fund - Direct Plan - Dividend Option;INF760K01FD2;INF760K01FE0;8.2624;8.2624;8.2624;07-Jul-2015
118301;Canara Robeco Gold Savings Fund - Direct Plan - Growth Option;INF760K01FF7;;8.2592;8.2592;8.2592;07-Jul-2015
117540;Canara Robeco Gold Savings Fund - Regular Plan - Dividend;INF760K01BY7;INF760K01BX9;8.2420;8.2420;8.2420;07-Jul-2015
117541;Canara Robeco Gold Savings Fund - Regular Plan - Growth;INF760K01BW1;;8.2369;8.2369;8.2369;07-Jul-2015

DSP Mutual Fund
130493;DSP Income Plus Arbitrage Fund of Fund - Direct Plan - Growth;INF740K01Z50;;10.4516;10.3471;10.4516;07-Jul-2015
130491;DSP Income Plus Arbitrage Fund of Fund - Direct Plan - IDCW;INF740K01Z68;INF740K01Z76;10.4516;10.3471;10.4516;07-Jul-2015
130492;DSP Income Plus Arbitrage Fund of Fund - Regular Plan - Growth;INF740K01Z27;;10.3972;10.2932;10.3972;07-Jul-2015
130490;DSP Income Plus Arbitrage Fund of Fund - Regular Plan - IDCW;INF740K01Z35;INF740K01Z43;10.3972;10.2932;10.3972;07-Jul-2015

Franklin Templeton Mutual Fund
118543;Franklin India Dynamic Asset Allocation Fund Of Funds - Direct - Growth;INF090I01HV6;;63.8548;63.2163;63.8548;07-Jul-2015
118542;Franklin India Dynamic Asset Allocation Fund of funds - Direct - IDCW ;INF090I01HT0;INF090I01HU8;40.1989;39.7969;40.1989;07-Jul-2015
101657;Franklin India Dynamic Asset Allocation Fund of funds - IDCW ;INF090I01247;INF090I01254;39.2827;38.8899;39.2827;07-Jul-2015
101656;Franklin India Dynamic Asset Allocation Fund of Funds-Growth;INF090I01262;;62.5187;61.8935;62.5187;07-Jul-2015
132990;Franklin India Income Plus Arbitrage Active Fund of Funds - Direct - IDCW;INF090I01LI5;INF090I01LJ3;10.3972;10.2932;10.3972;07-Jul-2015
132987;Franklin India Income Plus Arbitrage Active Fund of Funds- Growth Plan;INF090I01LE4;;10.2920;10.1891;10.2920;07-Jul-2015
132989;Franklin India Income Plus Arbitrage Active Fund of Funds- Growth Plan - Direct;INF090I01LH7;;10.3972;10.2932;10.3972;07-Jul-2015
132988;Franklin India Income Plus Arbitrage Active Fund of Funds- IDCW;INF090I01LF1;INF090I01LG9;10.2920;10.1891;10.2920;07-Jul-2015
118511;Franklin India Life Stage Fund of Funds - 20's Plan - Direct - IDCW ;INF090I01HW4;INF090I01HX2;32.7441;32.4167;32.7441;07-Jul-2015
102108;Franklin India Life Stage Fund of Funds - 20's Plan - IDCW ;INF090I01577;;32.2949;31.9720;32.2949;07-Jul-2015
102107;Franklin INDIA LIFE STAGE FUND OF FUNDS - THE 20S PLAN (G);INF090I01593;;63.5250;62.8898;63.5250;07-Jul-2015
118512;Franklin INDIA LIFE STAGE FUND OF FUNDS - THE 20S PLAN - Direct - Growth;INF090I01HY0;;64.3117;63.6686;64.3117;07-Jul-2015
118513;Franklin India Life Stage Fund of Funds - 30's Plan - Direct - IDCW ;INF090I01HZ7;INF090I01IA8;25.3171;25.1272;25.3171;07-Jul-2015
102110;Franklin India Life Stage Fund of Funds - 30's Plan - IDCW ;INF090I01601;;24.9910;24.8036;24.9910;07-Jul-2015
102109;Franklin INDIA LIFE STAGE FUND OF FUNDS - THE 30S PLAN (G);INF090I01627;;45.6299;45.2877;45.6299;07-Jul-2015
118514;Franklin India Life Stage Fund of Funds - The 30s Plan - Direct - Growth;INF090I01IB6;;46.1852;45.8388;46.1852;07-Jul-2015
118515;Franklin India Life Stage Fund of Funds - 40's Plan - Direct - IDCW ;INF090I01IC4;INF090I01ID2;16.0958;15.9751;16.0958;07-Jul-2015
102111;Franklin India Life Stage Fund of Funds - 40's Plan - IDCW ;INF090I01635;;15.9091;15.7898;15.9091;07-Jul-2015
102112;Franklin INDIA LIFE STAGE FUND OF FUNDS - THE 40S PLAN (G);INF090I01650;;36.5333;36.2593;36.5333;07-Jul-2015
118516;Franklin India Life Stage Fund of Funds - The 40s Plan - Direct - Growth;INF090I01IE0;;36.9620;36.6848;36.9620;07-Jul-2015
118520;Franklin India Life Stage Fund of Funds - 50's Plus Floating Rate Plan - Direct - IDCW ;INF090I01JM1;INF090I01JN9;14.6322;14.4859;14.6322;07-Jul-2015
102546;Franklin India Life Stage Fund Of Funds - 50's Plus Floating Rate Plan - IDCW ;INF090I01692;;14.4733;14.3286;14.4733;07-Jul-2015
102547;Franklin India Life Stage Fund of Funds - The 50s Plus Flo (Gro);INF090I01718;;28.7851;28.4972;28.7851;07-Jul-2015
118519;Franklin India Life Stage Fund Of Funds - The 50S Plus Floating Rate Plan - Direct - Growth;INF090I01JO7;;29.0858;28.7949;29.0858;07-Jul-2015
118517;Franklin India Life Stage Fund of Funds - 50's Plus Plan - Direct - IDCW ;INF090I01IF7;INF090I01IG5;13.7604;13.6228;13.7604;07-Jul-2015
102113;Franklin India Life Stage Fund of Funds - 50's Plus Plan - IDCW ;INF090I01668;;13.5782;13.4424;13.5782;07-Jul-2015
102114;Franklin INDIA LIFE STAGE FUND OF FUNDS - THE 50+S PLAN (G);INF090I01684;;27.2560;26.9834;27.2560;07-Jul-2015
118518;Franklin India Life Stage Fund of Funds - The 50s Plus - Direct - Growth;INF090I01IH3;;27.6046;27.3286;27.6046;07-Jul-2015

HDFC Mutual Fund
119132;HDFC Gold ETF Fund of Fund - Direct Plan;INF179K01VX0;;9.0348;9.0348;9.0348;07-Jul-2015
115934;HDFC Gold ETF Fund of Fund - Growth Option;INF179K01LC5;;8.9743;8.9743;8.9743;07-Jul-2015
130533;HDFC Income Plus Arbitrage Active FOF - Growth Option;INF179KA1SF8;;13.9671;13.8274;13.9671;07-Jul-2015
130543;HDFC Income Plus Arbitrage Active FOF - Growth Option - Direct Plan;INF179KA1SC5;;14.2011;14.0591;14.2011;07-Jul-2015
130540;HDFC Income Plus Arbitrage Active FOF - IDCW Option;INF179KA1SG6;;12.2407;12.1183;12.2407;07-Jul-2015
130547;HDFC Income Plus Arbitrage Active FOF - IDCW Option - Direct Plan;INF179KA1SD3;;12.4732;12.3485;12.4732;07-Jul-2015

HSBC Mutual Fund
129199;HSBC Aggressive Hybrid Active FOF - Dividend;INF336L01HY1;INF336L01HZ8;13.058;13.058;13.058;07-Jul-2015
129201;HSBC Aggressive Hybrid Active FOF - Dividend Direct;INF336L01IB7;INF336L01IC5;13.1;13.1;13.1;07-Jul-2015
129065;HSBC Aggressive Hybrid Active FOF - Growth;INF336L01IA9;;13.058;13.058;13.058;07-Jul-2015
129200;HSBC Aggressive Hybrid Active FOF - Growth Direct;INF336L01ID3;;13.1;13.1;13.1;07-Jul-2015
129195;HSBC Income Plus Arbitrage Active FOF - Growth;INF336L01IM4;;11.5838;11.5838;11.5838;07-Jul-2015
129197;HSBC Income Plus Arbitrage Active FOF - Growth Direct;INF336L01IP7;;11.6183;11.6183;11.6183;07-Jul-2015
129196;HSBC Income Plus Arbitrage Active FOF IDCW;INF336L01IK8;INF336L01IL6;11.5838;11.5838;11.5838;07-Jul-2015
129191;HSBC Multi Asset Active FOF - Growth;INF336L01IG6;;12.5097;12.5097;12.5097;07-Jul-2015
129193;HSBC Multi Asset Active FOF - Growth Direct;INF336L01IJ0;;12.5469;12.5469;12.5469;07-Jul-2015
129192;HSBC Multi Asset Active FOF IDCW;INF336L01IE1;INF336L01IF8;12.5097;12.5097;12.5097;07-Jul-2015

ICICI Prudential Mutual Fund
120679;ICICI Prudential Asset Allocator Fund (FOF) - Direct Plan - Growth;INF109K01X16;;38.7029;38.3159;38.7029;07-Jul-2015
120680;ICICI Prudential Asset Allocator Fund (FOF) - Direct Plan - IDCW;INF109K01W90;INF109K01X08;38.6843;38.2975;38.6843;07-Jul-2015
102137;ICICI Prudential Asset Allocator Fund (FOF) - Growth;INF109K01837;;38.0739;37.6932;38.0739;07-Jul-2015
102138;ICICI Prudential Asset Allocator Fund (FOF) - IDCW;INF109K01FJ9;INF109K01845;38.0739;37.6932;38.0739;07-Jul-2015
120703;ICICI Prudential Debt Management Fund (FOF) - Direct Plan -  IDCW;INF109K01X57;INF109K01X65;22.1185;22.1185;22.1185;07-Jul-2015
120702;ICICI Prudential Debt Management Fund (FOF) - Direct Plan - Growth;INF109K01X73;;22.0367;22.0367;22.0367;07-Jul-2015
102141;ICICI Prudential Debt Management Fund (FOF) - Growth;INF109K01878;;21.9537;21.9537;21.9537;07-Jul-2015
102143;ICICI Prudential Debt Management Fund (FOF ) - IDCW;INF109K01FS0;INF109K01886;21.9537;21.9537;21.9537;07-Jul-2015
120313;ICICI Prudential Income plus Arbitrage Active FOF - Direct Plan - Growth;INF109K01W82;;27.4100;27.1359;27.4100;07-Jul-2015
120314;ICICI Prudential Income plus Arbitrage Active FOF - Direct Plan - IDCW;INF109K01W66;INF109K01W74;27.2218;26.9496;27.2218;07-Jul-2015
102139;ICICI Prudential Income Plus Arbitrage Active FOF - Growth;INF109K01811;;26.9995;26.7295;26.9995;07-Jul-2015
102140;ICICI Prudential Income plus Arbitrage Active FOF - IDCW;INF109K01EB9;INF109K01829;26.9995;26.7295;26.9995;07-Jul-2015
102134;ICICI Prudential Passive Strategy Fund (FOF) - IDCW;INF109K01DW7;INF109K01803;47.2152;46.7430;47.2152;07-Jul-2015
120243;ICICI Prudential Passive Strategy Fund (FOF) - Direct Plan -  IDCW;INF109K01W33;INF109K01W41;47.8092;47.3311;47.8092;07-Jul-2015
120242;ICICI Prudential Passive Strategy Fund (FOF) - Direct Plan - Growth;INF109K01W58;;47.8106;47.3325;47.8106;07-Jul-2015
102133;ICICI Prudential Passive Strategy Fund (FOF) - Growth;INF109K01795;;47.2152;46.7430;47.2152;07-Jul-2015
120685;ICICI Prudential Regular Gold Savings Fund (FOF) - Direct Plan -  Growth;INF109K01U92;;9.4726;9.2831;9.4726;07-Jul-2015
120686;ICICI Prudential Regular Gold Savings Fund (FOF) - Direct Plan -  IDCW;INF109K01U76;INF109K01U84;9.4730;9.2835;9.4730;07-Jul-2015
115833;ICICI Prudential Regular Gold Savings Fund (FOF) - Growth;INF109K01TK8;;9.4040;9.2159;9.4040;07-Jul-2015
115834;ICICI Prudential Regular Gold Savings Fund (FOF) - IDCW;INF109K01TM4;INF109K01TL6;9.4040;9.2159;9.4040;07-Jul-2015
120700;ICICI Prudential Thematic Advantage Fund (FOF) - Direct Plan - Growth;INF109K01X40;;50.8386;50.3302;50.8386;07-Jul-2015
102135;ICICI Prudential Thematic Advantage Fund (FOF) - Growth;INF109K01852;;50.7914;50.2835;50.7914;07-Jul-2015
102136;ICICI Prudential Thematic Advantage Fund (FOF) - IDCW;INF109K01FR2;INF109K01860;50.7914;50.2835;50.7914;07-Jul-2015

IDBI Mutual Fund
117714;IDBI GOLD FUND;INF397L01992;;8.2586;8.1760;8.2586;07-Jul-2015
118343;IDBI GOLD FUND Direct;INF397L01BU4;;8.3145;8.2314;8.3145;07-Jul-2015

Invesco Mutual Fund
120530;Invesco India Gold ETF Fund of Fund - Direct Plan - IDCW (Payout / Reinvestment);INF205K01NH3;INF205K01NI1;8.5824;8.5824;8.5824;07-Jul-2015
120531;Invesco India Gold ETF Fund of Fund - Direct Plan- - Growth;INF205K01NJ9;;8.5841;8.5841;8.5841;07-Jul-2015
116077;Invesco India Gold ETF Fund of Fund - Growth;INF205K01FA4;;8.5291;8.5291;8.5291;07-Jul-2015
116075;Invesco India Gold ETF Fund of Fund - IDCW (Payout / Reinvestment);INF205K01FB2;INF205K01FC0;8.5290;8.5290;8.5290;07-Jul-2015

Kotak Mahindra Mutual Fund
114758;Kotak Gold Fund Growth;INF174K01AT3;;11.2552;11.0301;11.2552;07-Jul-2015
119781;Kotak Gold Fund Growth - Direct;INF174K01MP6;;11.3765;11.149;11.3765;07-Jul-2015
114757;Kotak Gold Fund Payout of Income Distribution cum capital withdrawal option;INF174K01AU1;INF174K01AV9;11.2554;11.0303;11.2554;07-Jul-2015
119780;Kotak Gold Fund Payout of Income Distribution cum capital withdrawal option- Direct;INF174K01MQ4;INF174K01MR2;11.3772;11.1497;11.3772;07-Jul-2015
119777;Kotak Multi Asset Allocator Fund of Fund - Dynamic - Direct Growth - Direct;INF174K01LN3;;59.769;59.171;59.769;07-Jul-2015
119776;Kotak Multi Asset Allocator Fund of Fund - Dynamic - Direct Payout of Income Distribution cum capital withdrawal option;INF174K01LO1;INF174K01LP8;58.7;58.113;58.7;07-Jul-2015
102574;Kotak Multi Asset Allocator Fund of Fund - Dynamic - Growth;INF174K01468;;59.64;59.044;59.64;07-Jul-2015
102573;Kotak Multi Asset Allocator Fund of Fund - Dynamic - Payout of Income Distribution cum capital withdrawal option;INF174K01484;INF174K01476;58.055;57.474;58.055;07-Jul-2015

Nippon India Mutual Fund
118662;NIPPON INDIA GOLD SAVINGS FUND - Direct Plan - IDCW Option;INF204K01YD2;INF204K01YE0;11.7650;11.5297;11.7650;07-Jul-2015
118663;Nippon India Gold Savings Fund - Direct Plan Growth Plan - Growth Option;INF204K01YC4;;11.7650;11.5297;11.7650;07-Jul-2015
114617;NIPPON INDIA GOLD SAVINGS FUND - IDCW Option;INF204K01KO8;INF204K01KP5;11.6535;11.4204;11.6535;07-Jul-2015
114616;Nippon India Gold Savings Fund-Growth plan- Growth Option;INF204K01KN0;;11.6535;11.4204;11.6535;07-Jul-2015

Quantum Mutual Fund
112039;Quantum Equity Fund of Funds - Direct Plan Growth Option;INF082J01093;;25.447;25.065;25.447;07-Jul-2015
112038;Quantum Equity Fund Of Funds - Direct Plan IDCW;INF082J01101;INF082J01119;25.447;25.065;25.447;07-Jul-2015
115132;Quantum Gold Savings Fund - Direct Plan Growth Option;INF082J01150;;11.3761;11.2055;11.3761;07-Jul-2015
117608;Quantum Multi Asset Fund of Funds - Direct Plan Growth Option;INF082J01168;;13.7681;13.6304;13.7681;07-Jul-2015

SBI Mutual Fund
119789;SBI Gold Fund - Direct Plan - Income Distribution cum Capital Withdrawal Option (IDCW);INF200K01RN3;INF200K01RO1;8.8198;8.7316;8.8198;07-Jul-2015
115677;SBI Gold Fund - Regular Plan - Income Distribution cum Capital Withdrawal Option (IDCW);INF200K01HB9;INF200K01HC7;8.7361;8.6487;8.7361;07-Jul-2015
115676;SBI GOLD FUND REGULAR PLAN - GROWTH;INF200K01HA1;;8.7346;8.6473;8.7346;07-Jul-2015
119788;SBI GOLD FUND- DIRECT PLAN - GROWTH;INF200K01RP8;;8.8229;8.7347;8.8229;07-Jul-2015

Open Ended Schemes ( Equity Scheme - Flexi Cap Fund )


Aditya Birla Sun Life Mutual Fund
120564;Aditya Birla Sun Life Flexi Cap Fund - Growth - Direct Plan;INF209K01XX1;;497.44;489.98;497.44;07-Jul-2015
103166;Aditya Birla Sun Life Flexi Cap Fund - Growth - Regular Plan;INF209K01AJ8;;487.71;480.39;487.71;07-Jul-2015
120565;Aditya Birla Sun Life Flexi Cap Fund -DIRECT - IDCW;INF209KA1LE0;INF209K01XY9;105.36;103.78;105.36;07-Jul-2015
103165;Aditya Birla Sun Life Flexi Cap Fund -Regular - IDCW;INF209K01AQ3;INF209K01DT1;95.84;94.40;95.84;07-Jul-2015

Bandhan Mutual Fund
108594;BANDHAN Flexi Cap Fund - Regular Plan - Growth;INF194K01391;;74.0175;74.0175;74.0175;07-Jul-2015
108595;BANDHAN Flexi Cap Fund - Regular Plan - IDCW;INF194K01409;INF194K01417;35.1625;35.1625;35.1625;07-Jul-2015
118424;BANDHAN Flexi Cap Fund-Direct Plan-Growth;INF194K01W62;;75.3145;75.3145;75.3145;07-Jul-2015
118423;BANDHAN Flexi Cap Fund-Direct Plan-IDCW;INF194K01W70;INF194K01W88;35.5974;35.5974;35.5974;07-Jul-2015

Canara Robeco Mutual Fund
118275;CANARA ROBECO FLEXICAP FUND - DIRECT PLAN - GROWTH OPTION;INF760K01EF0;;98.9500;98.9500;98.9500;07-Jul-2015
118276;CANARA ROBECO FLEXICAP FUND - DIRECT PLAN - IDCW (Payout/Reinvestment);INF760K01ED5;INF760K01EE3;42.8100;42.8100;42.8100;07-Jul-2015
101922;CANARA ROBECO FLEXICAP FUND - REGULAR PLAN - GROWTH OPTION;INF760K01019;;97.7200;97.7200;97.7200;07-Jul-2015
101923;CANARA ROBECO FLEXICAP FUND - REGULAR PLAN - IDCW (Payout/Reinvestment);INF760K01027;INF760K01035;36.1500;36.1500;36.1500;07-Jul-2015

DSP Mutual Fund
119076;DSP Flexi Cap Fund - Direct Plan - Growth;INF740K01PI2;;28.380;28.096;28.380;07-Jul-2015
119077;DSP Flexi Cap Fund - Direct Plan - IDCW;INF740K01PJ0;INF740K01PK8;72.235;71.513;72.235;07-Jul-2015
105875;DSP Flexi Cap Fund - Regular Plan - Growth;INF740K01037;;27.981;27.701;27.981;07-Jul-2015
100080;DSP Flexi Cap Fund - Regular Plan - IDCW;INF740K01011;INF740K01029;58.648;58.062;58.648;07-Jul-2015

Franklin Templeton Mutual Fund
118535;Franklin India Flexi Cap Fund - Direct - Growth;INF090I01FK3;;460.0586;455.4580;460.0586;07-Jul-2015
118534;Franklin India Flexi Cap Fund - Direct - IDCW ;INF090I01FL1;INF090I01FM9;38.3503;37.9668;38.3503;07-Jul-2015
100520;Franklin India Flexi Cap Fund - Growth;INF090I01239;;451.3785;446.8647;451.3785;07-Jul-2015
100519;Franklin India Flexi Cap Fund - IDCW ;INF090I01213;INF090I01221;37.5616;37.1860;37.5616;07-Jul-2015

HDFC Mutual Fund
118955;HDFC Flexi Cap Fund - Growth Option - Direct Plan;INF179K01UT0;;483.424;478.590;483.424;07-Jul-2015
101762;HDFC Flexi Cap Fund - Growth Plan;INF179K01608;;474.907;470.158;474.907;07-Jul-2015
118954;HDFC Flexi Cap Fund - IDCW Option - Direct Plan;INF179K01VL5;INF179K01VM3;55.403;54.849;55.403;07-Jul-2015
101763;HDFC Flexi Cap Fund - IDCW Plan;INF179K01582;INF179K01590;54.289;53.746;54.289;07-Jul-2015

HSBC Mutual Fund
120046;HSBC Flexi Cap Fund - Direct Growth;INF336L01DH5;;67.633;67.633;67.633;07-Jul-2015
120045;HSBC Flexi Cap Fund - Direct IDCW;INF336L01DF9;INF336L01DG7;25.805;25.805;25.805;07-Jul-2015
102252;HSBC Flexi Cap Fund - Regular Growth;INF336L01AF5;;66.3731;66.3731;66.3731;07-Jul-2015
102251;HSBC Flexi Cap Fund - Regular IDCW;INF336L01AE8;INF336L01AD0;24.0917;24.0917;24.0917;07-Jul-2015

IDBI Mutual Fund
128236;IDBI FLEXI CAP FUND Growth Direct;INF397L01HF2;;17.1300;16.9600;17.1300;07-Jul-2015
128235;IDBI FLEXI CAP FUND Growth Regular;INF397L01HJ4;;17.0200;16.8500;17.0200;07-Jul-2015
128233;IDBI FLEXI CAP FUND IDCW - Direct Plan;INF397L01HC9;;16.1100;15.9500;16.1100;07-Jul-2015
128234;IDBI FLEXI CAP FUND IDCW - Regular Plan;INF397L01HG0;;16.0000;15.8400;16.0000;07-Jul-2015

JM Financial Mutual Fund
120492;JM Flexicap Fund (Direct) - Growth Option;INF192K01CC7;;23.4324;23.4324;23.4324;07-Jul-2015
120491;JM Flexicap Fund (Direct) - IDCW;INF192K01CA1;INF192K01CB9;21.7635;21.7635;21.7635;07-Jul-2015
109522;JM Flexicap Fund (Regular) - Growth option;INF192K01635;;23.0206;23.0206;23.0206;07-Jul-2015
109523;JM Flexicap Fund (Regular) - IDCW;INF192K01619;INF192K01627;21.4105;21.4105;21.4105;07-Jul-2015

Kotak Mahindra Mutual Fund
112090;Kotak Flexicap Fund - Growth;INF174K01336;;23.43;23.196;23.43;07-Jul-2015
120166;Kotak Flexicap Fund - Growth - Direct;INF174K01LS2;;23.905;23.666;23.905;07-Jul-2015
112089;Kotak Flexicap Fund - Payout of Income Distribution cum capital withdrawal option;INF174K01351;INF174K01344;19.961;19.761;19.961;07-Jul-2015
120165;Kotak Flexicap Fund - Payout of Income Distribution cum capital withdrawal option- Direct;INF174K01LQ6;INF174K01LR4;20.377;20.173;20.377;07-Jul-2015

LIC Mutual Fund
120264;LIC MF Flexi Cap Fund-Direct Plan-Growth;INF767K01EG3;;41.0732;40.6625;41.0732;07-Jul-2015
120263;LIC MF Flexi Cap Fund-Direct Plan-IDCW;INF767K01EF5;INF767K01EH1;15.8452;15.6867;15.8452;07-Jul-2015
100313;LIC MF Flexi Cap Fund-Regular Plan-Growth;INF767K01071;;40.5181;40.1129;40.5181;07-Jul-2015
100312;LIC MF Flexi Cap Fund-Regular Plan-IDCW;INF767K01063;INF767K01055;14.9325;14.7832;14.9325;07-Jul-2015

Motilal Oswal Mutual Fund
129047;Motilal Oswal Flexi Cap Fund Direct - IDCW Payout/Reinvestment;INF247L01528;INF247L01510;18.3624;18.3624;18.3624;07-Jul-2015
129046;Motilal Oswal Flexi cap Fund Direct Plan-Growth Option;INF247L01502;;18.3624;18.3624;18.3624;07-Jul-2015
129049;Motilal Oswal Flexi cap Fund Regular - IDCW Payout/Reinvestment;INF247L01494;INF247L01486;18.1000;18.1000;18.1000;07-Jul-2015
129048;Motilal Oswal Flexi Cap Fund Regular Plan-Growth Option;INF247L01478;;18.1000;18.1000;18.1000;07-Jul-2015

PGIM India Mutual Fund
133837;PGIM India Flexi Cap Fund - Direct Plan - Dividend Option;INF663L01FG9;INF663L01FH7;10.42;10.32;10.42;07-Jul-2015
133839;PGIM India Flexi Cap Fund - Direct Plan - Growth Option;INF663L01FF1;;10.42;10.32;10.42;07-Jul-2015
133838;PGIM India Flexi Cap Fund - Regular Plan - Dividend Option;INF663L01FK1;INF663L01FL9;10.40;10.30;10.40;07-Jul-2015
133836;PGIM India Flexi Cap Fund - Regular Plan - Growth Option;INF663L01FJ3;;10.40;10.30;10.40;07-Jul-2015

PPFAS Mutual Fund
122639;Parag Parikh Flexi Cap Fund - Direct Plan - Growth;INF879O01027;;17.0401;16.6993;17.0401;07-Jul-2015
122640;Parag Parikh Flexi Cap Fund - Regular Plan - Growth;INF879O01019;;16.8688;16.5314;16.8688;07-Jul-2015

quant Mutual Fund
109830;quant Flexi Cap Fund - Growth Option - Regular Plan;INF966L01457;;17.8225;17.6443;17.8225;07-Jul-2015
120843;quant Flexi Cap Fund - Growth Option-Direct Plan;INF966L01911;;18.0886;17.9077;18.0886;07-Jul-2015
120842;quant Flexi Cap Fund - IDCW Option - Direct Plan;INF966L01895;INF966L01903;12.7721;12.6444;12.7721;07-Jul-2015
109831;quant Flexi Cap Fund - IDCW Option - Regular Plan;INF966L01432;INF966L01440;12.7630;12.6354;12.7630;07-Jul-2015

SBI Mutual Fund
119718;SBI Flexicap Fund - DIRECT PLAN - Growth Option;INF200K01UG1;;33.625;33.625;33.625;07-Jul-2015
119717;SBI Flexicap Fund - Direct Plan - Income Distribution cum Capital Withdrawal Option (IDCW);INF200K01UE6;INF200K01UF3;25.5617;25.5617;25.5617;07-Jul-2015
103216;SBI Flexicap Fund - Regular Plan - Income Distribution cum Capital Withdrawal Option (IDCW);INF200K01230;INF200K01248;22.6479;22.6479;22.6479;07-Jul-2015
103215;SBI Flexicap Fund - REGULAR PLAN -Growth Option;INF200K01222;;33.1484;33.1484;33.1484;07-Jul-2015

Taurus Mutual Fund
118884;Taurus Flexi Cap Fund - Direct Plan -  Payout of Income Distribution cum Capital Withdrawal option;INF044D01BV7;INF044D01BW5;68.54;67.85;68.54;07-Jul-2015
118883;Taurus Flexi Cap Fund - Direct Plan - Growth;INF044D01BU9;;97.93;96.95;97.93;07-Jul-2015
100476;Taurus Flexi Cap Fund - Regular Plan - Growth ;INF044D01989;;97.12;96.15;97.12;07-Jul-2015
111640;Taurus Flexi Cap Fund - Regular Plan - Payout of Income Distribution cum Capital Withdrawal option;INF044D01955;INF044D01963;68.37;67.69;68.37;07-Jul-2015

Union Mutual Fund
119292;Union Flexi Cap Fund - Direct Plan - Growth Option;INF582M01633;;16.58;16.41;16.58;07-Jul-2015
119293;Union Flexi Cap Fund - Direct Plan - IDCW Option;INF582M01658;INF582M01641;16.58;16.41;16.58;07-Jul-2015
115270;Union Flexi Cap Fund - Growth Option;INF582M01104;;16.29;16.13;16.29;07-Jul-2015
115290;Union Flexi Cap Fund - IDCW Option;INF582M01120;INF582M01112;15.19;15.04;15.19;07-Jul-2015

UTI Mutual Fund
100669;UTI - Flexi Cap Fund-Growth Option;INF789F01513;;103.599;103.599;103.6;07-Jul-2015
120662;UTI - Flexi Cap Fund-Growth Option - Direct;INF789F01TC4;;104.3707;104.3707;104.37;07-Jul-2015
120663;UTI Flexi Cap Fund - Direct Plan - IDCW;INF789F01TA8;INF789F01TB6;84.7825;84.7825;84.78;07-Jul-2015
100668;UTI Flexi Cap Fund - Regular Plan - IDCW;INF189A01053;INF789F01505;84.12;84.12;84.12;07-Jul-2015

Close Ended Schemes ( Income )


360 ONE Mutual Fund
121898;IIFL Fixed Maturity Plan - Series 6 - Direct Plan - Growth Option;INF579M01951;;12.2459;12.2459;12.2459;07-Jul-2015
121900;IIFL Fixed Maturity Plan - Series 6 - Regular Plan - Growth Option;INF579M01936;;12.2222;12.2222;12.2222;07-Jul-2015
121899;IIFL Fixed Maturity Plan - Series 6 - Regular Plan -Dividend Payout Option;INF579M01969;;12.2222;12.2222;12.2222;07-Jul-2015

Aditya Birla Sun Life Mutual Fund
117636;Aditya Birla Sun Life Capital Protection Oriented Fund - Series 10-Growth;INF209K01RY1;;13.3701;13.3701;13.3701;07-Jul-2015
117926;Aditya Birla Sun Life Capital Protection Oriented Fund - Series 11- Growth;INF209K01TF6;;12.8926;12.8926;12.8926;07-Jul-2015
117801;Aditya Birla Sun Life Capital Protection Oriented Fund - Series 12 - Growth;INF209KA17K2;;14.4594;14.4594;14.4594;07-Jul-2015
117985;Aditya Birla Sun Life Capital Protection Oriented Fund - Series 13 - Growth;INF209K01TK6;;13.9868;13.9868;13.9868;07-Jul-2015
118027;Aditya Birla Sun Life Capital Protection Oriented Fund - Series 14 - Growth;INF209K01TP5;;13.2119;13.2119;13.2119;07-Jul-2015
125057;Aditya Birla Sun Life Capital Protection Oriented Fund - Series 16 - Direct Plan-Growth;INF209KB1887;;12.3735;12.3735;12.3735;07-Jul-2015
125056;Aditya Birla Sun Life Capital Protection Oriented Fund - Series 16 - Regular Plan-Growth;INF209KB1879;;12.0985;12.0985;12.0985;07-Jul-2015
125517;Aditya Birla Sun Life Capital Protection Oriented Fund - Series 17 - Direct Plan-Growth;INF209KB1AG7;;12.3624;12.3624;12.3624;07-Jul-2015
125518;Aditya Birla Sun Life Capital Protection Oriented Fund - Series 17 - Regular Plan-Growth;INF209KB1AF9;;12.0668;12.0668;12.0668;07-Jul-2015
126611;Aditya Birla Sun Life Capital Protection Oriented Fund - Series 18 - Direct Plan-Growth;INF209KB1AO1;;12.1161;12.1161;12.1161;07-Jul-2015
126610;Aditya Birla Sun Life Capital Protection Oriented Fund - Series 18 - Regular Plan-Growth;INF209KB1AN3;;11.8713;11.8713;11.8713;07-Jul-2015
127535;Aditya Birla Sun Life Capital Protection Oriented Fund - Series 19 - Direct Plan-Growth;INF209KB1CS8;;11.8223;11.8223;11.8223;07-Jul-2015
127534;Aditya Birla Sun Life Capital Protection Oriented Fund - Series 19 - Regular Plan-Growth;INF209KB1CR0;;11.5818;11.5818;11.5818;07-Jul-2015
129215;Aditya Birla Sun Life Capital Protection Oriented Fund - Series 20 - Direct Plan-Growth;INF209KA1HH1;;11.5703;11.5703;11.5703;07-Jul-2015
129214;Aditya Birla Sun Life Capital Protection Oriented Fund - Series 20 - Regular Plan-Growth;INF209KA1HI9;;11.3612;11.3612;11.3612;07-Jul-2015
129921;Aditya Birla Sun Life Capital Protection Oriented Fund - Series 21 - Direct Plan-Growth;INF209KB1HJ6;;11.1173;11.1173;11.1173;07-Jul-2015
129922;Aditya Birla Sun Life Capital Protection Oriented Fund - Series 21 - Regular Plan-Growth;INF209KB1HK4;;10.9347;10.9347;10.9347;07-Jul-2015
130785;Aditya Birla Sun Life Capital Protection Oriented Fund - Series 22 - Direct Plan - Growth;INF209KB1IR7;;10.9959;10.9959;10.9959;07-Jul-2015
130786;Aditya Birla Sun Life Capital Protection Oriented Fund - Series 22 - Regular Plan - Growth;INF209KB1IS5;;10.8522;10.8522;10.8522;07-Jul-2015
131165;Aditya Birla Sun Life Capital Protection Oriented Fund - Series 23 - Direct Plan - Growth;INF209KA1OP0;;10.8231;10.8231;10.8231;07-Jul-2015
131166;Aditya Birla Sun Life Capital Protection Oriented Fund - Series 23 - Regular Plan - Growth;INF209KA1OQ8;;10.6974;10.6974;10.6974;07-Jul-2015
132977;Aditya Birla Sun Life Capital Protection Oriented Fund - Series 25 - Direct Plan - Growth;INF209KA1TN4;;10.4325;10.4325;10.4325;07-Jul-2015
132978;Aditya Birla Sun Life Capital Protection Oriented Fund - Series 25 - Regular Plan - Growth;INF209KA1TO2;;10.3399;10.3399;10.3399;07-Jul-2015
134149;Aditya Birla Sun Life Capital Protection Oriented Fund - Series 26 - Direct Plan-Growth;INF209KA1J73;;9.7679;9.7679;9.7679;07-Jul-2015
134148;Aditya Birla Sun Life Capital Protection Oriented Fund - Series 26 - Regular Plan-Growth;INF209KA1J81;;9.7304;9.7304;9.7304;07-Jul-2015
126600;Aditya Birla Sun Life Fixed Term Plan - Corporate Bond Series A (1170 days) - Direct Plan-Dividend;INF209KA1623;;11.5792;11.5792;11.5792;07-Jul-2015
126598;Aditya Birla Sun Life Fixed Term Plan - Corporate Bond Series A (1170 days) - Direct Plan-Growth;INF209KA1615;;11.7208;11.7208;11.7208;07-Jul-2015
126599;Aditya Birla Sun Life Fixed Term Plan - Corporate Bond Series A (1170 days) - Regular Plan-Dividend;INF209KA1607;;11.5461;11.5461;11.5461;07-Jul-2015
126601;Aditya Birla Sun Life Fixed Term Plan - Corporate Bond Series A (1170 days) - Regular Plan-Growth;INF209KA1599;;11.6874;11.6874;11.6874;07-Jul-2015
126744;Aditya Birla Sun Life Fixed Term Plan - Corporate Bond Series B (1168 days) - Direct Plan-Dividend;INF209KA1664;;11.6434;11.6434;11.6434;07-Jul-2015
126745;Aditya Birla Sun Life Fixed Term Plan - Corporate Bond Series B (1168 days) - Direct Plan-Growth;INF209KA1656;;11.6434;11.6434;11.6434;07-Jul-2015
126743;Aditya Birla Sun Life Fixed Term Plan - Corporate Bond Series B (1168 days) - Regular Plan-Dividend;INF209KA1649;;11.5724;11.5724;11.5724;07-Jul-2015
126746;Aditya Birla Sun Life Fixed Term Plan - Corporate Bond Series B (1168 days) - Regular Plan-Growth;INF209KA1631;;11.5724;11.5724;11.5724;07-Jul-2015
116499;Aditya Birla Sun Life Fixed Term Plan-Series EN-Dividend;INF209K01OA8;;13.6488;13.6488;13.6488;07-Jul-2015
116500;Aditya Birla Sun Life Fixed Term Plan-Series EN-Growth;INF209K01NZ7;;13.6488;13.6488;13.6488;07-Jul-2015
117802;Aditya Birla Sun Life Fixed Term Plan - Series FW (1105 days) - Dividend;INF209KA18J2;;12.7133;12.7133;12.7133;07-Jul-2015
117803;Aditya Birla Sun Life Fixed Term Plan - Series FW (1105 days) - Growth;INF209KA17J4;;12.7133;12.7133;12.7133;07-Jul-2015
117844;Aditya Birla Sun Life Fixed Term Plan - Series FX (1093 days) - Dividend;INF209K01TC3;;12.6306;12.6306;12.6306;07-Jul-2015
117845;Aditya Birla Sun Life Fixed Term Plan - Series FX (1093 days) - Growth;INF209K01TB5;;12.6306;12.6306;12.6306;07-Jul-2015
117930;Aditya Birla Sun Life Fixed Term Plan - Series FZ (1093 days) - Dividend;INF209K01TJ8;;12.4375;12.4375;12.4375;07-Jul-2015
117929;Aditya Birla Sun Life Fixed Term Plan - Series FZ (1093 days) - Growth;INF209K01TI0;;12.4375;12.4375;12.4375;07-Jul-2015
118242;Aditya Birla Sun Life Fixed Term Plan-Series GC (1217 days)-Dividend;INF209KA1X75;;10.1940;10.1940;10.1940;07-Jul-2015
118243;Aditya Birla Sun Life Fixed Term Plan-Series GC (1217 days)-Growth;INF209KA1X18;;12.3839;12.3839;12.3839;07-Jul-2015
120942;Aditya Birla Sun Life Fixed Term Plan - Series GI (1185 days) - Direct Plan-Growth;INF209K01ZS6;;12.4821;12.4821;12.4821;07-Jul-2015
120938;Aditya Birla Sun Life Fixed Term Plan - Series GI (1185 days) - Direct Plan-Normal Dividend;INF209K01ZT4;;12.1593;12.1593;12.1593;07-Jul-2015
120939;Aditya Birla Sun Life Fixed Term Plan - Series GI (1185 days) - Direct Plan-Quarterly Dividend;INF209K01ZU2;;10.9408;10.9408;10.9408;07-Jul-2015
120940;Aditya Birla Sun Life Fixed Term Plan - Series GI (1185 days) - Regular Plan-Normal Dividend;INF209K01ZQ0;;12.1017;12.1017;12.1017;07-Jul-2015
120941;Aditya Birla Sun Life Fixed Term Plan - Series GI (1185 days) - Regular Plan-Quarterly Dividend;INF209K01ZR8;;10.9238;10.9238;10.9238;07-Jul-2015
120943;Aditya Birla Sun Life Fixed Term Plan - Series GI (1185 days) -Regular Plan-Growth;INF209K01ZP2;;12.4247;12.4247;12.4247;07-Jul-2015
123007;Aditya Birla Sun Life Fixed Term Plan - Series HC (1099 days) - Direct Plan-Growth;INF209KA1Q74;;11.9088;11.9088;11.9088;07-Jul-2015
123005;Aditya Birla Sun Life Fixed Term Plan - Series HC (1099 days) - Direct Plan-Normal Dividend;INF209KA1Q82;;10.2170;10.2170;10.2170;07-Jul-2015
123006;Aditya Birla Sun Life Fixed Term Plan - Series HC (1099 days) - Direct Plan-Quarterly Dividend;INF209KA1Q90;;10.2171;10.2171;10.2171;07-Jul-2015
123010;Aditya Birla Sun Life Fixed Term Plan - Series HC (1099 days) - Regular Plan-Growth;INF209KA1R08;;11.8820;11.8820;11.8820;07-Jul-2015
123009;Aditya Birla Sun Life Fixed Term Plan - Series HC (1099 days) - Regular Plan-Quarterly Dividend;INF209KA1Q66;;10.2127;10.2127;10.2127;07-Jul-2015
123235;Aditya Birla Sun Life Fixed Term Plan - Series HI (1099 days) - Direct Plan-Growth;INF209KA1NC0;;11.9950;11.9950;11.9950;07-Jul-2015
123233;Aditya Birla Sun Life Fixed Term Plan - Series HI (1099 days) - Regular Plan-Growth;INF209KA1MZ3;;11.9881;11.9881;11.9881;07-Jul-2015
123236;Aditya Birla Sun Life Fixed Term Plan - Series HI (1099 days) - Regular Plan-Normal Dividend;INF209KA1NA4;;10.9225;10.9225;10.9225;07-Jul-2015
123442;Aditya Birla Sun Life Fixed Term Plan - Series HJ (1105 days) - Direct Plan-Growth;INF209KA1NO5;;12.0053;12.0053;12.0053;07-Jul-2015
123443;Aditya Birla Sun Life Fixed Term Plan - Series HJ (1105 days) - Regular Plan-Growth;INF209KA1NL1;;11.9989;11.9989;11.9989;07-Jul-2015
123438;Aditya Birla Sun Life Fixed Term Plan - Series HJ (1105 days) - Regular Plan-Normal Dividend;INF209KA1NM9;;10.9147;10.9147;10.9147;07-Jul-2015
123439;Aditya Birla Sun Life Fixed Term Plan - Series HJ (1105 days) - Regular Plan-Quarterly Dividend;INF209KA1NN7;;10.6336;10.6336;10.6336;07-Jul-2015
123433;Aditya Birla Sun Life Fixed Term Plan - Series HK (1100 days) - Direct Plan-Growth;INF209KA1NU2;;12.0244;12.0244;12.0244;07-Jul-2015
123437;Aditya Birla Sun Life Fixed Term Plan - Series HK (1100 days) - Regular Plan-Growth;INF209KA1NR8;;12.0179;12.0179;12.0179;07-Jul-2015
123602;Aditya Birla Sun Life Fixed Term Plan - Series HL (1463 days) - Direct Plan-Growth;INF209KB1382;;12.0259;12.0259;12.0259;07-Jul-2015
123601;Aditya Birla Sun Life Fixed Term Plan - Series HL (1463 days) - Direct Plan-Normal Dividend;INF209KB1390;;10.8876;10.8876;10.8876;07-Jul-2015
123603;Aditya Birla Sun Life Fixed Term Plan - Series HL (1463 days) - Regular Plan-Growth;INF209KB1416;;12.0174;12.0174;12.0174;07-Jul-2015
123605;Aditya Birla Sun Life Fixed Term Plan - Series HL (1463 days) - Regular Plan-Normal Dividend;INF209KB1424;;10.8835;10.8835;10.8835;07-Jul-2015
123805;Aditya Birla Sun Life Fixed Term Plan - Series HM (1098 days) - Direct Plan-Growth;INF209KA1OM7;;12.0232;12.0232;12.0232;07-Jul-2015
123802;Aditya Birla Sun Life Fixed Term Plan - Series HM (1098 days) - Direct Plan-Normal Dividend;INF209KA1ON5;;10.8723;10.8723;10.8723;07-Jul-2015
123803;Aditya Birla Sun Life Fixed Term Plan - Series HM (1098 days) - Regular Plan-Growth;INF209KA1OJ3;;11.9966;11.9966;11.9966;07-Jul-2015
123806;Aditya Birla Sun Life Fixed Term Plan - Series HM (1098 days) - Regular Plan-Normal Dividend;INF209KA1OK1;;10.8644;10.8644;10.8644;07-Jul-2015
123807;Aditya Birla Sun Life Fixed Term Plan - Series HM (1098 days) - Regular Plan-Quarterly Dividend;INF209KA1OL9;;10.5993;10.5993;10.5993;07-Jul-2015
123828;Aditya Birla Sun Life Fixed Term Plan - Series HQ (1098 days) - Direct Plan-Growth;INF209KA1OU0;;12.0122;12.0122;12.0122;07-Jul-2015
123831;Aditya Birla Sun Life Fixed Term Plan - Series HQ (1098 days) - Direct Plan-Quarterly Dividend;INF209KA1OW6;;10.5950;10.5950;10.5950;07-Jul-2015
123827;Aditya Birla Sun Life Fixed Term Plan - Series HQ (1098 days) - Regular Plan-Growth;INF209KA1OR6;;11.9855;11.9855;11.9855;07-Jul-2015
123829;Aditya Birla Sun Life Fixed Term Plan - Series HQ (1098 days) - Regular Plan-Normal Dividend;INF209KA1OS4;;10.8460;10.8460;10.8460;07-Jul-2015
124047;Aditya Birla Sun Life Fixed Term Plan - Series HR (1096 days) - Direct Plan-Growth;INF209K019B4;;11.9102;11.9102;11.9102;07-Jul-2015
124043;Aditya Birla Sun Life Fixed Term Plan - Series HR (1096 days) - Direct Plan-Normal Dividend;INF209K010C1;;11.9102;11.9102;11.9102;07-Jul-2015
124046;Aditya Birla Sun Life Fixed Term Plan - Series HR (1096 days) - Direct Plan-Quarterly Dividend;INF209K011C9;;10.9830;10.9830;10.9830;07-Jul-2015
124045;Aditya Birla Sun Life Fixed Term Plan - Series HR (1096 days) - Regular Plan-Growth;INF209K016B0;;11.8022;11.8022;11.8022;07-Jul-2015
124044;Aditya Birla Sun Life Fixed Term Plan - Series HR (1096 days) - Regular Plan-Normal Dividend;INF209K017B8;;11.8022;11.8022;11.8022;07-Jul-2015
124048;Aditya Birla Sun Life Fixed Term Plan - Series HR (1096 days) - Regular Plan-Quarterly Dividend;INF209K018B6;;10.9340;10.9340;10.9340;07-Jul-2015
124053;Aditya Birla Sun Life Fixed Term Plan - Series HS (1465 days) - Direct Plan-Growth;INF209KB1598;;12.0017;12.0017;12.0017;07-Jul-2015
124052;Aditya Birla Sun Life Fixed Term Plan - Series HS (1465 days) - Regular Plan-Growth;INF209KB1606;;11.9723;11.9723;11.9723;07-Jul-2015
124054;Aditya Birla Sun Life Fixed Term Plan - Series HS (1465 days) - Regular Plan-Normal Dividend;INF209KB1614;;10.8389;10.8389;10.8389;07-Jul-2015
124051;Aditya Birla Sun Life Fixed Term Plan - Series HS (1465 days) - Regular Plan-Quarterly Dividend;INF209KB1622;;10.5812;10.5812;10.5812;07-Jul-2015
124064;Aditya Birla Sun Life Fixed Term Plan - Series HV (1098 days) - Direct Plan-Growth;INF209KA1PG6;;11.9296;11.9296;11.9296;07-Jul-2015
124063;Aditya Birla Sun Life Fixed Term Plan - Series HV (1098 days) - Direct Plan-Normal Dividend;INF209KA1PH4;;10.8326;10.8326;10.8326;07-Jul-2015
124066;Aditya Birla Sun Life Fixed Term Plan - Series HV (1098 days) - Regular Plan-Growth;INF209KA1PD3;;11.9048;11.9048;11.9048;07-Jul-2015
124065;Aditya Birla Sun Life Fixed Term Plan - Series HV (1098 days) - Regular Plan-Quarterly Dividend;INF209KA1PF8;;10.5782;10.5782;10.5782;07-Jul-2015
124071;Aditya Birla Sun Life Fixed Term Plan - Series HW (1099 days) - Direct Plan-Growth;INF209KA12K3;;11.7795;11.7795;11.7795;07-Jul-2015
124069;Aditya Birla Sun Life Fixed Term Plan - Series HW (1099 days) - Direct Plan-Normal Dividend;INF209KA13K1;;11.7795;11.7795;11.7795;07-Jul-2015
124073;Aditya Birla Sun Life Fixed Term Plan - Series HW (1099 days) - Regular Plan-Growth;INF209KA15K6;;11.6737;11.6737;11.6737;07-Jul-2015
124072;Aditya Birla Sun Life Fixed Term Plan - Series HW (1099 days) - Regular Plan-Normal Dividend;INF209KA16K4;;11.6737;11.6737;11.6737;07-Jul-2015
124074;Aditya Birla Sun Life Fixed Term Plan - Series HW (1099 days) - Regular Plan-Quarterly Dividend;INF209KA11K5;;10.8234;10.8234;10.8234;07-Jul-2015
124410;Aditya Birla Sun Life Fixed Term Plan - Series HY (1098 days) - Direct Plan-Growth;INF209KA1PS1;;11.9415;11.9415;11.9415;07-Jul-2015
124405;Aditya Birla Sun Life Fixed Term Plan - Series HY (1098 days) - Direct Plan-Normal Dividend;INF209KA1PT9;;10.8345;10.8345;10.8345;07-Jul-2015
124408;Aditya Birla Sun Life Fixed Term Plan - Series HY (1098 days) - Regular Plan-Growth;INF209KA1PP7;;11.9136;11.9136;11.9136;07-Jul-2015
124406;Aditya Birla Sun Life Fixed Term Plan - Series HY (1098 days) - Regular Plan-Normal Dividend;INF209KA1PQ5;;10.8200;10.8200;10.8200;07-Jul-2015
124407;Aditya Birla Sun Life Fixed Term Plan - Series HY (1098 days) - Regular Plan-Quarterly Dividend;INF209KA1PR3;;10.5737;10.5737;10.5737;07-Jul-2015
124481;Aditya Birla Sun Life Fixed Term Plan - Series IC (1098 days) - Direct Plan-Growth;INF209KA1QK6;;11.8456;11.8456;11.8456;07-Jul-2015
124479;Aditya Birla Sun Life Fixed Term Plan - Series IC (1098 days) - Direct Plan-Normal Dividend;INF209KA1QL4;;10.7993;10.7993;10.7993;07-Jul-2015
124484;Aditya Birla Sun Life Fixed Term Plan - Series IC (1098 days) - Regular Plan-Growth;INF209KA1QH2;;11.8163;11.8163;11.8163;07-Jul-2015
124482;Aditya Birla Sun Life Fixed Term Plan - Series IC (1098 days) - Regular Plan-Normal Dividend;INF209KA1QI0;;10.7886;10.7886;10.7886;07-Jul-2015
124483;Aditya Birla Sun Life Fixed Term Plan - Series IC (1098 days) - Regular Plan-Quarterly Dividend;INF209KA1QJ8;;10.5545;10.5545;10.5545;07-Jul-2015
124486;Aditya Birla Sun Life Fixed Term Plan - Series ID (1094 days) - Direct Plan-Growth;INF209K019G3;;11.8643;11.8643;11.8643;07-Jul-2015
124485;Aditya Birla Sun Life Fixed Term Plan - Series ID (1094 days) - Direct Plan-Normal Dividend;INF209K010H0;;11.8643;11.8643;11.8643;07-Jul-2015
124490;Aditya Birla Sun Life Fixed Term Plan - Series ID (1094 days) - Regular Plan-Growth;INF209K016G9;;11.7624;11.7624;11.7624;07-Jul-2015
124487;Aditya Birla Sun Life Fixed Term Plan - Series ID (1094 days) - Regular Plan-Normal Dividend;INF209K017G7;;11.7624;11.7624;11.7624;07-Jul-2015
124489;Aditya Birla Sun Life Fixed Term Plan - Series ID (1094 days) - Regular Plan-Quarterly Dividend;INF209K018G5;;10.8869;10.8869;10.8869;07-Jul-2015
124765;Aditya Birla Sun Life Fixed Term Plan - Series IG (1098 days) - Direct Plan-Growth;INF209KA1QY7;;11.7974;11.7974;11.7974;07-Jul-2015
124768;Aditya Birla Sun Life Fixed Term Plan - Series IG (1098 days) - Regular Plan-Growth;INF209KA1QT7;;11.7662;11.7662;11.7662;07-Jul-2015
124856;Aditya Birla Sun Life Fixed Term Plan - Series IL (1097 days) - Direct Plan-Growth;INF209KA1SE5;;11.7144;11.7144;11.7144;07-Jul-2015
124854;Aditya Birla Sun Life Fixed Term Plan - Series IL (1097 days) - Direct Plan-Normal Dividend;INF209KA1SF2;;10.7280;10.7280;10.7280;07-Jul-2015
124859;Aditya Birla Sun Life Fixed Term Plan - Series IL (1097 days) - Regular Plan-Growth;INF209KA1SB1;;11.6854;11.6854;11.6854;07-Jul-2015
124858;Aditya Birla Sun Life Fixed Term Plan - Series IL (1097 days) - Regular Plan-Quarterly Dividend;INF209KA1SD7;;10.5307;10.5307;10.5307;07-Jul-2015
125053;Aditya Birla Sun Life Fixed Term Plan - Series IO (1097 days) - Direct Plan-Growth;INF209KA1SQ9;;11.6488;11.6488;11.6488;07-Jul-2015
125055;Aditya Birla Sun Life Fixed Term Plan - Series IO (1097 days) - Regular Plan-Growth;INF209KA1SN6;;11.6171;11.6171;11.6171;07-Jul-2015
125073;Aditya Birla Sun Life Fixed Term Plan - Series IP (1100 days) - Direct Plan-Growth;INF209KB1069;;11.7774;11.7774;11.7774;07-Jul-2015
125071;Aditya Birla Sun Life Fixed Term Plan - Series IP (1100 days) - Direct Plan-Normal Dividend;INF209KB1077;;11.7773;11.7773;11.7773;07-Jul-2015
125076;Aditya Birla Sun Life Fixed Term Plan - Series IP (1100 days) - Regular Plan-Growth;INF209KB1093;;11.7220;11.7220;11.7220;07-Jul-2015
125074;Aditya Birla Sun Life Fixed Term Plan - Series IP (1100 days) - Regular Plan-Normal Dividend;INF209KB1101;;11.7220;11.7220;11.7220;07-Jul-2015
125072;Aditya Birla Sun Life Fixed Term Plan - Series IP (1100 days) -Direct Plan-Quarterly Dividend;INF209KB1085;;10.8545;10.8545;10.8545;07-Jul-2015
125170;Aditya Birla Sun Life Fixed Term Plan - Series IU (1099 days) - Direct Plan-Growth;INF209KA1W35;;11.5706;11.5706;11.5706;07-Jul-2015
125173;Aditya Birla Sun Life Fixed Term Plan - Series IU (1099 days) - Regular Plan-Growth;INF209KA1W68;;11.4912;11.4912;11.4912;07-Jul-2015
125171;Aditya Birla Sun Life Fixed Term Plan - Series IU (1099 days) - Regular Plan-Normal Dividend;INF209KA1W76;;10.1928;10.1928;10.1928;07-Jul-2015
125172;Aditya Birla Sun Life Fixed Term Plan - Series IU (1099 days) - Regular Plan-Quarterly Dividend;INF209KA1W27;;10.1928;10.1928;10.1928;07-Jul-2015
125447;Aditya Birla Sun Life Fixed Term Plan - Series IX (1105 days) - Direct Plan-Growth;INF209KB1903;;11.7069;11.7069;11.7069;07-Jul-2015
125448;Aditya Birla Sun Life Fixed Term Plan - Series IX (1105 days) - Direct Plan-Normal Dividend;INF209KB1911;;11.7069;11.7069;11.7069;07-Jul-2015
125451;Aditya Birla Sun Life Fixed Term Plan - Series IX (1105 days) - Regular Plan-Growth;INF209KB1937;;11.6213;11.6213;11.6213;07-Jul-2015
125450;Aditya Birla Sun Life Fixed Term Plan - Series IX (1105 days) - Regular Plan-Normal Dividend;INF209KB1945;;11.6213;11.6213;11.6213;07-Jul-2015
125449;Aditya Birla Sun Life Fixed Term Plan - Series IX (1105 days) - Regular Plan-Quarterly Dividend;INF209KB1895;;10.8833;10.8833;10.8833;07-Jul-2015
125442;Aditya Birla Sun Life Fixed Term Plan - Series IY (1598 days) - Direct Plan-Growth;INF209KA1V77;;11.4597;11.4597;11.4597;07-Jul-2015
125445;Aditya Birla Sun Life Fixed Term Plan - Series IY (1598 days) - Regular Plan-Growth;INF209KA1W01;;11.3809;11.3809;11.3809;07-Jul-2015
125443;Aditya Birla Sun Life Fixed Term Plan - Series IY (1598 days) - Regular Plan-Normal Dividend;INF209KA1W19;;10.1465;10.1465;10.1465;07-Jul-2015
125444;Aditya Birla Sun Life Fixed Term Plan - Series IY (1598 days) - Regular Plan-Quarterly Dividend;INF209KA1V69;;10.1468;10.1468;10.1468;07-Jul-2015
125581;Aditya Birla Sun Life Fixed Term Plan - Series JA (1464 days) - Direct Plan-Growth;INF209KB1AA0;;11.5146;11.5146;11.5146;07-Jul-2015
125584;Aditya Birla Sun Life Fixed Term Plan - Series JA (1464 days) - Regular Plan-Growth;INF209KB1AD4;;11.5009;11.5009;11.5009;07-Jul-2015
126067;Aditya Birla Sun Life Fixed Term Plan - Series JI (1099 days) - Direct Plan-Growth;INF209KA1VU5;;11.4659;11.4659;11.4659;07-Jul-2015
126068;Aditya Birla Sun Life Fixed Term Plan - Series JI (1099 days) - Regular Plan-Growth;INF209KA1VX9;;11.4501;11.4501;11.4501;07-Jul-2015
126015;Aditya Birla Sun Life Fixed Term Plan - Series JJ (1092 days) - Direct Plan-Growth;INF209K011Y3;;11.6358;11.6358;11.6358;07-Jul-2015
126013;Aditya Birla Sun Life Fixed Term Plan - Series JJ (1092 days) - Direct Plan-Normal Dividend;INF209K012Y1;;11.6358;11.6358;11.6358;07-Jul-2015
126017;Aditya Birla Sun Life Fixed Term Plan - Series JJ (1092 days) - Regular Plan-Growth;INF209K018X0;;11.5518;11.5518;11.5518;07-Jul-2015
126016;Aditya Birla Sun Life Fixed Term Plan - Series JJ (1092 days) - Regular Plan-Normal Dividend;INF209K019X8;;11.5518;11.5518;11.5518;07-Jul-2015
126018;Aditya Birla Sun Life Fixed Term Plan - Series JJ (1092 days) - Regular Plan-Quarterly Dividend;INF209K010Y5;;10.8703;10.8703;10.8703;07-Jul-2015
126108;Aditya Birla Sun Life Fixed Term Plan - Series JK (1099 days) - Direct Plan-Growth;INF209KA19B7;;11.5019;11.5019;11.5019;07-Jul-2015
126107;Aditya Birla Sun Life Fixed Term Plan - Series JK (1099 days) - Direct Plan-Quarterly Dividend;INF209KA11C2;;10.1601;10.1601;10.1601;07-Jul-2015
126112;Aditya Birla Sun Life Fixed Term Plan - Series JK (1099 days) - Regular Plan-Growth;INF209KA12C0;;11.4445;11.4445;11.4445;07-Jul-2015
126110;Aditya Birla Sun Life Fixed Term Plan - Series JK (1099 days) - Regular Plan-Normal Dividend;INF209KA13C8;;10.1549;10.1549;10.1549;07-Jul-2015
126111;Aditya Birla Sun Life Fixed Term Plan - Series JK (1099 days) - Regular Plan-Quarterly Dividend;INF209KA18B9;;10.1549;10.1549;10.1549;07-Jul-2015
126228;Aditya Birla Sun Life Fixed Term Plan - Series JP (1175 days) - Direct Plan-Growth;INF209KA15C3;;11.4464;11.4464;11.4464;07-Jul-2015
126225;Aditya Birla Sun Life Fixed Term Plan - Series JP (1175 days) - Regular Plan-Growth;INF209KA18C7;;11.3954;11.3954;11.3954;07-Jul-2015
126229;Aditya Birla Sun Life Fixed Term Plan - Series JP (1175 days) - Regular Plan-Normal Dividend;INF209KA19C5;;10.1398;10.1398;10.1398;07-Jul-2015
126365;Aditya Birla Sun Life Fixed Term Plan-Series JQ (1099 days)-Direct Plan-Growth;INF209KA1XE5;;11.3987;11.3987;11.3987;07-Jul-2015
126367;Aditya Birla Sun Life Fixed Term Plan-Series JQ (1099 days)-Regular Plan-Growth;INF209KA1XH8;;11.3758;11.3758;11.3758;07-Jul-2015
126368;Aditya Birla Sun Life Fixed Term Plan-Series JQ (1099 days)-Regular Plan-Normal Dividend;INF209KA1XI6;;10.4170;10.4170;10.4170;07-Jul-2015
126369;Aditya Birla Sun Life Fixed Term Plan-Series JQ (1099 days)-Regular Plan-Quarterly Dividend;INF209KA1XD7;;10.3478;10.3478;10.3478;07-Jul-2015
126453;Aditya Birla Sun Life Fixed Term Plan - Series JR (1162 days) - Direct Plan-Growth;INF209KA11D0;;11.3741;11.3741;11.3741;07-Jul-2015
126452;Aditya Birla Sun Life Fixed Term Plan - Series JR (1162 days) - Direct Plan-Quarterly Dividend;INF209KA13D6;;10.0997;10.0997;10.0997;07-Jul-2015
126450;Aditya Birla Sun Life Fixed Term Plan - Series JR (1162 days) - Regular Plan-Growth;INF209KA14D4;;11.3247;11.3247;11.3247;07-Jul-2015
126449;Aditya Birla Sun Life Fixed Term Plan - Series JR (1162 days) - Regular Plan-Normal Dividend;INF209KA15D1;;10.0961;10.0961;10.0961;07-Jul-2015
126908;Aditya Birla Sun Life Fixed Term Plan - Series JX (1530 days) - Direct Plan-Growth;INF209KA1R32;;11.3071;11.3071;11.3071;07-Jul-2015
126911;Aditya Birla Sun Life Fixed Term Plan - Series JX (1530 days) - Regular Plan-Growth;INF209KA1R65;;11.2489;11.2489;11.2489;07-Jul-2015
126986;Aditya Birla Sun Life Fixed Term Plan - Series JY (1162 days) - Direct Plan-Growth;INF209KB1AW4;;11.3729;11.3729;11.3729;07-Jul-2015
126984;Aditya Birla Sun Life Fixed Term Plan - Series JY (1162 days) - Direct Plan-Normal Dividend;INF209KB1AX2;;10.3712;10.3712;10.3712;07-Jul-2015
126985;Aditya Birla Sun Life Fixed Term Plan - Series JY (1162 days) - Direct Plan-Quarterly Dividend;INF209KB1AY0;;10.3109;10.3109;10.3109;07-Jul-2015
126983;Aditya Birla Sun Life Fixed Term Plan - Series JY (1162 days) - Regular Plan-Growth;INF209KB1AZ7;;11.3514;11.3514;11.3514;07-Jul-2015
126987;Aditya Birla Sun Life Fixed Term Plan - Series JY (1162 days) - Regular Plan-Normal Dividend;INF209KB1BA8;;10.3652;10.3652;10.3652;07-Jul-2015
127062;Aditya Birla Sun Life Fixed Term Plan - Series KA (1154 days) - Direct Plan-Growth;INF209KA1R99;;11.3244;11.3244;11.3244;07-Jul-2015
127064;Aditya Birla Sun Life Fixed Term Plan - Series KA (1154 days) - Regular Plan-Growth;INF209KA1S23;;11.2658;11.2658;11.2658;07-Jul-2015
127063;Aditya Birla Sun Life Fixed Term Plan - Series KA (1154 days) - Regular Plan-Normal Dividend;INF209KA1S31;;10.1785;10.1785;10.1785;07-Jul-2015
127349;Aditya Birla Sun Life Fixed Term Plan - Series KC (1159 days) - Direct Plan-Growth;INF209KB1AQ6;;11.3472;11.3472;11.3472;07-Jul-2015
127347;Aditya Birla Sun Life Fixed Term Plan - Series KC (1159 days) - Regular Plan-Growth;INF209KB1AT0;;11.3408;11.3408;11.3408;07-Jul-2015
127486;Aditya Birla Sun Life Fixed Term Plan - Series KD (1143 days) - Direct Plan-Growth;INF209KB1BI1;;11.3305;11.3305;11.3305;07-Jul-2015
127489;Aditya Birla Sun Life Fixed Term Plan - Series KD (1143 days) - Regular Plan-Growth;INF209KB1BL5;;11.3241;11.3241;11.3241;07-Jul-2015
127395;Aditya Birla Sun Life Fixed Term Plan - Series KE (1511 days) - Direct Plan-Growth;INF209KA1Q17;;11.2728;11.2728;11.2728;07-Jul-2015
127398;Aditya Birla Sun Life Fixed Term Plan - Series KE (1511 days) - Regular Plan-Growth;INF209KA1Q41;;11.2164;11.2164;11.2164;07-Jul-2015
127589;Aditya Birla Sun Life Fixed Term Plan - Series KF (1140 days) - Direct Plan-Growth;INF209KB1BO9;;11.3326;11.3326;11.3326;07-Jul-2015
127592;Aditya Birla Sun Life Fixed Term Plan - Series KF (1140 days) - Regular Plan-Growth;INF209KB1BR2;;11.3258;11.3258;11.3258;07-Jul-2015
127596;Aditya Birla Sun Life Fixed Term Plan - Series KG (1136 days) - Direct Plan-Growth;INF209KB1BU6;;11.3110;11.3110;11.3110;07-Jul-2015
127594;Aditya Birla Sun Life Fixed Term Plan - Series KG (1136 days) - Regular Plan-Growth;INF209KB1BX0;;11.3048;11.3048;11.3048;07-Jul-2015
127597;Aditya Birla Sun Life Fixed Term Plan - Series KG (1136 days) - Regular Plan-Normal Dividend;INF209KB1BY8;;10.3039;10.3039;10.3039;07-Jul-2015
127603;Aditya Birla Sun Life Fixed Term Plan - Series KH (1505 days) - Direct Plan-Growth;INF209KA1S49;;11.2659;11.2659;11.2659;07-Jul-2015
127604;Aditya Birla Sun Life Fixed Term Plan - Series KH (1505 days) - Regular Plan-Growth;INF209KA1T06;;11.1992;11.1992;11.1992;07-Jul-2015
127601;Aditya Birla Sun Life Fixed Term Plan - Series KH (1505 days) - Regular Plan-Quarterly Dividend;INF209KA1S80;;10.1518;10.1518;10.1518;07-Jul-2015
127827;Aditya Birla Sun Life Fixed Term Plan - Series KI (1133 days) - Direct Plan-Growth;INF209KB1CA6;;11.3021;11.3021;11.3021;07-Jul-2015
127830;Aditya Birla Sun Life Fixed Term Plan - Series KI (1133 days) - Regular Plan-Growth;INF209KB1CD0;;11.2957;11.2957;11.2957;07-Jul-2015
127829;Aditya Birla Sun Life Fixed Term Plan - Series KI (1133 days) - Regular Plan-Quarterly Dividend;INF209KB1BZ5;;10.2482;10.2482;10.2482;07-Jul-2015
127833;Aditya Birla Sun Life Fixed Term Plan - Series KJ (1499 days) - Direct Plan-Growth;INF209KA1T30;;11.2279;11.2279;11.2279;07-Jul-2015
127835;Aditya Birla Sun Life Fixed Term Plan - Series KJ (1499 days) - Regular Plan-Growth;INF209KA1T63;;11.1587;11.1587;11.1587;07-Jul-2015
127836;Aditya Birla Sun Life Fixed Term Plan - Series KJ (1499 days) - Regular Plan-Normal Dividend;INF209KA1T71;;10.1357;10.1357;10.1357;07-Jul-2015
127990;Aditya Birla Sun Life Fixed Term Plan - Series KK (1129 days) - Direct Plan-Growth;INF209KB1CG3;;11.3241;11.3241;11.3241;07-Jul-2015
127994;Aditya Birla Sun Life Fixed Term Plan - Series KK (1129 days) - Direct Plan-Normal Dividend;INF209KB1CH1;;10.3022;10.3022;10.3022;07-Jul-2015
127993;Aditya Birla Sun Life Fixed Term Plan - Series KK (1129 days) - Regular Plan-Growth;INF209KB1CJ7;;11.3173;11.3173;11.3173;07-Jul-2015
127992;Aditya Birla Sun Life Fixed Term Plan - Series KK (1129 days) - Regular Plan-Quarterly Dividend;INF209KB1CF5;;10.2546;10.2546;10.2546;07-Jul-2015
128002;Aditya Birla Sun Life Fixed Term Plan - Series KM (1099 days) - Direct Plan-Growth;INF209KB1CM1;;11.2681;11.2681;11.2681;07-Jul-2015
128005;Aditya Birla Sun Life Fixed Term Plan - Series KM (1099 days) - Regular Plan-Growth;INF209KB1CP4;;11.2621;11.2621;11.2621;07-Jul-2015
128003;Aditya Birla Sun Life Fixed Term Plan - Series KM (1099 days) - Regular Plan-Normal Dividend;INF209KB1CQ2;;10.2830;10.2830;10.2830;07-Jul-2015
128171;Aditya Birla Sun Life Fixed Term Plan - Series KN (1121 days) - Direct Plan-Growth;INF209KB1EO3;;11.2548;11.2548;11.2548;07-Jul-2015
128169;Aditya Birla Sun Life Fixed Term Plan - Series KN (1121 days) - Direct Plan-Normal Dividend;INF209KB1EP0;;10.2829;10.2829;10.2829;07-Jul-2015
128174;Aditya Birla Sun Life Fixed Term Plan - Series KN (1121 days) - Regular Plan-Growth;INF209KB1ER6;;11.2479;11.2479;11.2479;07-Jul-2015
128303;Aditya Birla Sun Life Fixed Term Plan - Series KO (1498 days) - Direct Plan-Growth;INF209KA1U52;;11.2085;11.2085;11.2085;07-Jul-2015
128305;Aditya Birla Sun Life Fixed Term Plan - Series KO (1498 days) - Direct Plan-Quarterly Dividend;INF209KA1U78;;10.1415;10.1415;10.1415;07-Jul-2015
128304;Aditya Birla Sun Life Fixed Term Plan - Series KO (1498 days) - Regular Plan-Growth;INF209KA1U86;;11.1560;11.1560;11.1560;07-Jul-2015
128308;Aditya Birla Sun Life Fixed Term Plan - Series KO (1498 days) - Regular Plan-Normal Dividend;INF209KA1U94;;10.1330;10.1330;10.1330;07-Jul-2015
128190;Aditya Birla Sun Life Fixed Term Plan - Series KP (1504 days) - Direct Plan-Growth;INF209KA1X34;;11.2117;11.2117;11.2117;07-Jul-2015
128187;Aditya Birla Sun Life Fixed Term Plan - Series KP (1504 days) - Regular Plan-Growth;INF209KA1X67;;11.1530;11.1530;11.1530;07-Jul-2015
128454;Aditya Birla Sun Life Fixed Term Plan - Series KQ (1119 days) - Direct Plan-Growth;INF209KB1EU0;;11.2383;11.2383;11.2383;07-Jul-2015
128456;Aditya Birla Sun Life Fixed Term Plan - Series KQ (1119 days) - Regular Plan-Growth;INF209KB1EX4;;11.2266;11.2266;11.2266;07-Jul-2015
128486;Aditya Birla Sun Life Fixed Term Plan - Series KR (1124 days) - Direct Plan-Growth;INF209KA1M52;;11.2318;11.2318;11.2318;07-Jul-2015
128490;Aditya Birla Sun Life Fixed Term Plan - Series KR (1124 days) - Direct Plan-Normal Dividend;INF209KA1M60;;10.1900;10.1900;10.1900;07-Jul-2015
128489;Aditya Birla Sun Life Fixed Term Plan - Series KR (1124 days) - Regular Plan-Growth;INF209KA1M86;;11.2052;11.2052;11.2052;07-Jul-2015
128506;Aditya Birla Sun Life Fixed Term Plan - Series KS (1100 days) - Direct Plan-Growth;INF209KA1G27;;11.2234;11.2234;11.2234;07-Jul-2015
128509;Aditya Birla Sun Life Fixed Term Plan - Series KS (1100 days) - Regular Plan-Growth;INF209KA1G50;;11.2147;11.2147;11.2147;07-Jul-2015
128507;Aditya Birla Sun Life Fixed Term Plan - Series KS (1100 days) - Regular Plan-Normal Dividend;INF209KA1G68;;10.2531;10.2531;10.2531;07-Jul-2015
128642;Aditya Birla Sun Life Fixed Term Plan - Series KT (1119 days) - Direct Plan-Growth;INF209KA1N10;;11.2062;11.2062;11.2062;07-Jul-2015
128645;Aditya Birla Sun Life Fixed Term Plan - Series KT (1119 days) - Regular Plan-Growth;INF209KA1N44;;11.1571;11.1571;11.1571;07-Jul-2015
128644;Aditya Birla Sun Life Fixed Term Plan - Series KT (1119 days) - Regular Plan-Quarterly Dividend;INF209KA1N02;;10.1810;10.1810;10.1810;07-Jul-2015
128826;Aditya Birla Sun Life Fixed Term Plan - Series KW (1477 days) - Direct Plan-Growth;INF209KA1O35;;11.1230;11.1230;11.1230;07-Jul-2015
128824;Aditya Birla Sun Life Fixed Term Plan - Series KW (1477 days) - Regular Plan-Growth;INF209KA1O68;;11.0906;11.0906;11.0906;07-Jul-2015
128823;Aditya Birla Sun Life Fixed Term Plan - Series KW (1477 days) - Regular Plan-Quarterly Dividend;INF209KA1O27;;10.1547;10.1547;10.1547;07-Jul-2015
128892;Aditya Birla Sun Life Fixed Term Plan - Series KX (1475 days) - Direct Plan-Growth;INF209KA1O92;;11.1200;11.1200;11.1200;07-Jul-2015
128895;Aditya Birla Sun Life Fixed Term Plan - Series KX (1475 days) - Regular Plan-Growth;INF209KA1P26;;11.1132;11.1132;11.1132;07-Jul-2015
128893;Aditya Birla Sun Life Fixed Term Plan - Series KX (1475 days) - Regular Plan-Normal Dividend;INF209KA1P34;;10.1561;10.1561;10.1561;07-Jul-2015
128969;Aditya Birla Sun Life Fixed Term Plan - Series KZ (1103 days)  - Direct Plan-Growth;INF209KA1P59;;11.1319;11.1319;11.1319;07-Jul-2015
128973;Aditya Birla Sun Life Fixed Term Plan - Series KZ (1103 days)  - Direct Plan-Normal Dividend;INF209KA1P67;;10.1919;10.1919;10.1919;07-Jul-2015
128970;Aditya Birla Sun Life Fixed Term Plan - Series KZ (1103 days)  - Regular Plan-Normal Dividend;INF209KA1P91;;10.1907;10.1907;10.1907;07-Jul-2015
128971;Aditya Birla Sun Life Fixed Term Plan - Series KZ (1103 days)  - Regular Plan-Quarterly Dividend;INF209KA1P42;;10.1907;10.1907;10.1907;07-Jul-2015
128972;Aditya Birla Sun Life Fixed Term Plan - Series KZ (1103 days) - Regular Plan-Growth;INF209KA1P83;;11.1255;11.1255;11.1255;07-Jul-2015
129059;Aditya Birla Sun Life Fixed Term Plan - Series LA (1099 days)  - Direct Plan-Growth;INF209KA1T97;;11.1261;11.1261;11.1261;07-Jul-2015
129060;Aditya Birla Sun Life Fixed Term Plan - Series LA (1099 days)  - Regular Plan-Normal Dividend;INF209KA1U37;;10.1751;10.1751;10.1751;07-Jul-2015
129064;Aditya Birla Sun Life Fixed Term Plan - Series LA (1099 days) - Regular Plan-Growth;INF209KA1U29;;11.1134;11.1134;11.1134;07-Jul-2015
129121;Aditya Birla Sun Life Fixed Term Plan - Series LC (1099 days) - Direct Plan-Growth;INF209KA1Y17;;11.1077;11.1077;11.1077;07-Jul-2015
129122;Aditya Birla Sun Life Fixed Term Plan - Series LC (1099 days) - Regular Plan-Growth;INF209KA1Y41;;11.0946;11.0946;11.0946;07-Jul-2015
129125;Aditya Birla Sun Life Fixed Term Plan - Series LC (1099 days) - Regular Plan-Normal Dividend;INF209KA1Y58;;10.1507;10.1507;10.1507;07-Jul-2015
129128;Aditya Birla Sun Life Fixed Term Plan - Series LD (1106 days) - Direct Plan-Growth;INF209KA16Y5;;11.3019;11.3019;11.3019;07-Jul-2015
129130;Aditya Birla Sun Life Fixed Term Plan - Series LD (1106 days) - Direct Plan-Normal Dividend;INF209KA17Y3;;11.3019;11.3019;11.3019;07-Jul-2015
129129;Aditya Birla Sun Life Fixed Term Plan - Series LD (1106 days) - Regular Plan-Growth;INF209KA19Y9;;11.2534;11.2534;11.2534;07-Jul-2015
129132;Aditya Birla Sun Life Fixed Term Plan - Series LD (1106 days) - Regular Plan-Normal Dividend;INF209KA10Z5;;11.2534;11.2534;11.2534;07-Jul-2015
129131;Aditya Birla Sun Life Fixed Term Plan - Series LD (1106 days) - Regular Plan-Quarterly Dividend;INF209KA15Y7;;10.7728;10.7728;10.7728;07-Jul-2015
129397;Aditya Birla Sun Life Fixed Term Plan - Series LF (1100 days) - Direct Plan-Growth;INF209KA1Y74;;11.1294;11.1294;11.1294;07-Jul-2015
129398;Aditya Birla Sun Life Fixed Term Plan - Series LF (1100 days) - Regular Plan-Growth;INF209KA1Z08;;11.1172;11.1172;11.1172;07-Jul-2015
129399;Aditya Birla Sun Life Fixed Term Plan - Series LF (1100 days) - Regular Plan-Normal Dividend;INF209KA1Z16;;10.1757;10.1757;10.1757;07-Jul-2015
129432;Aditya Birla Sun Life Fixed Term Plan - Series LG (1157 days) - Direct Plan-Growth;INF209KA1Z32;;11.1131;11.1131;11.1131;07-Jul-2015
129435;Aditya Birla Sun Life Fixed Term Plan - Series LG (1157 days) - Regular Plan-Growth;INF209KA1Z65;;11.1013;11.1013;11.1013;07-Jul-2015
129490;Aditya Birla Sun Life Fixed Term Plan - Series LI (1173 days) - Direct Plan-Growth;INF209KA1Z99;;11.0917;11.0917;11.0917;07-Jul-2015
129488;Aditya Birla Sun Life Fixed Term Plan - Series LI (1173 days) - Direct Plan-Normal Dividend;INF209KA10A8;;10.1500;10.1500;10.1500;07-Jul-2015
129492;Aditya Birla Sun Life Fixed Term Plan - Series LI (1173 days) - Regular Plan-Growth;INF209KA12A4;;11.0797;11.0797;11.0797;07-Jul-2015
129493;Aditya Birla Sun Life Fixed Term Plan - Series LI (1173 days) - Regular Plan-Normal Dividend;INF209KA13A2;;10.1484;10.1484;10.1484;07-Jul-2015
129536;Aditya Birla Sun Life Fixed Term Plan - Series LJ (1150 days) - Direct Plan-Growth;INF209KA15A7;;11.0927;11.0927;11.0927;07-Jul-2015
129538;Aditya Birla Sun Life Fixed Term Plan - Series LJ (1150 days) - Regular Plan-Growth;INF209KA18A1;;11.0811;11.0811;11.0811;07-Jul-2015
129539;Aditya Birla Sun Life Fixed Term Plan - Series LJ (1150 days) - Regular Plan-Normal Dividend;INF209KA19A9;;10.1494;10.1494;10.1494;07-Jul-2015
129535;Aditya Birla Sun Life Fixed Term Plan - Series LJ (1150days) - Direct Plan-Quarterly Dividend;INF209KA17A3;;10.1510;10.1510;10.1510;07-Jul-2015
129635;Aditya Birla Sun Life Fixed Term Plan - Series LK (1148 days) - Direct Plan-Growth;INF209KA11B4;;11.0925;11.0925;11.0925;07-Jul-2015
129634;Aditya Birla Sun Life Fixed Term Plan - Series LK (1148 days) - Regular Plan-Growth;INF209KA14B8;;11.0809;11.0809;11.0809;07-Jul-2015
129671;Aditya Birla Sun Life Fixed Term Plan - Series LL (1104 days) - Direct Plan-Growth;INF209KA15Z4;;11.1175;11.1175;11.1175;07-Jul-2015
129669;Aditya Birla Sun Life Fixed Term Plan - Series LL (1104 days) - Direct Plan-Normal Dividend;INF209KA16Z2;;11.1175;11.1175;11.1175;07-Jul-2015
129667;Aditya Birla Sun Life Fixed Term Plan - Series LL (1104 days) - Regular Plan-Growth;INF209KA18Z8;;11.0721;11.0721;11.0721;07-Jul-2015
129666;Aditya Birla Sun Life Fixed Term Plan - Series LL (1104 days) - Regular Plan-Normal Dividend;INF209KA19Z6;;11.0721;11.0721;11.0721;07-Jul-2015
129668;Aditya Birla Sun Life Fixed Term Plan - Series LL (1104 days) - Regular Plan-Quarterly Dividend;INF209KA14Z7;;10.6676;10.6676;10.6676;07-Jul-2015
129954;Aditya Birla Sun Life Fixed Term Plan - Series LO (1142 days) - Direct Plan-Growth;INF209KA15F6;;10.9749;10.9749;10.9749;07-Jul-2015
129958;Aditya Birla Sun Life Fixed Term Plan-Series LO (1142 days) - Regular Plan-Growth Option;INF209KA18F0;;10.9642;10.9642;10.9642;07-Jul-2015
129959;Aditya Birla Sun Life Fixed Term Plan-Series LO (1142 days) - Regular Plan-Normal Dividend;INF209KA19F8;;10.0706;10.0706;10.0706;07-Jul-2015
129957;Aditya Birla Sun Life Fixed Term Plan-Series LO (1142 days) - Regular Plan-Quarterly Dividend;INF209KA14F9;;10.0706;10.0706;10.0706;07-Jul-2015
130569;Aditya Birla Sun Life Fixed Term Plan - Series LQ (1113 days) - Direct Plan - Growth;INF209KA19H4;;10.8934;10.8934;10.8934;07-Jul-2015
130573;Aditya Birla Sun Life Fixed Term Plan - Series LQ (1113 days) - Regular Plan - Growth Option;INF209KA12I7;;10.8835;10.8835;10.8835;07-Jul-2015
130570;Aditya Birla Sun Life Fixed Term Plan - Series LQ (1113 days) - Regular Plan - Normal Dividend;INF209KA13I5;;10.0042;10.0042;10.0042;07-Jul-2015
130912;Aditya Birla Sun Life Fixed Term Plan - Series LU (1104 days) - Direct Plan - Growth;INF209KA1NI7;;10.9693;10.9693;10.9693;07-Jul-2015
130917;Aditya Birla Sun Life Fixed Term Plan - Series LU (1104 days) - Direct Plan - Normal Dividend;INF209KA1NJ5;;10.9698;10.9698;10.9698;07-Jul-2015
130916;Aditya Birla Sun Life Fixed Term Plan - Series LU (1104 days) - Direct Plan - Quarterly Dividend;INF209KA1NK3;;10.6900;10.6900;10.6900;07-Jul-2015
130913;Aditya Birla Sun Life Fixed Term Plan - Series LU (1104 days) - Regular Plan - Growth;INF209KA1NF3;;10.9471;10.9471;10.9471;07-Jul-2015
130914;Aditya Birla Sun Life Fixed Term Plan - Series LU (1104 days) - Regular Plan - Normal Dividend;INF209KA1NG1;;10.9470;10.9470;10.9470;07-Jul-2015
130915;Aditya Birla Sun Life Fixed Term Plan - Series LU (1104 days) - Regular Plan - Quarterly Dividend;INF209KA1NH9;;10.6752;10.6752;10.6752;07-Jul-2015
131088;Aditya Birla Sun Life Fixed Term Plan - Series LV (1099 days) - Direct Plan - Growth;INF209KA1OG9;;10.9146;10.9146;10.9146;07-Jul-2015
131090;Aditya Birla Sun Life Fixed Term Plan - Series LV (1099 days) - Direct Plan - Quarterly Dividend;INF209KA1OI5;;10.6529;10.6529;10.6529;07-Jul-2015
131091;Aditya Birla Sun Life Fixed Term Plan - Series LV (1099 days) - Regular Plan - Growth;INF209KA1OD6;;10.9063;10.9063;10.9063;07-Jul-2015
131092;Aditya Birla Sun Life Fixed Term Plan - Series LV (1099 days) - Regular Plan - Normal Dividend;INF209KA1OE4;;10.9064;10.9064;10.9064;07-Jul-2015
131093;Aditya Birla Sun Life Fixed Term Plan - Series LV (1099 days) - Regular Plan - Quarterly Dividend;INF209KA1OF1;;10.6473;10.6473;10.6473;07-Jul-2015
131362;Aditya Birla Sun Life Fixed Term Plan - Series LX (1099 days) - Direct Plan - Growth;INF209KA1PY9;;10.8594;10.8594;10.8594;07-Jul-2015
131359;Aditya Birla Sun Life Fixed Term Plan - Series LX (1099 days) - Direct Plan - Normal Dividend;INF209KA1PZ6;;10.8595;10.8595;10.8595;07-Jul-2015
131364;Aditya Birla Sun Life Fixed Term Plan - Series LX (1099 days) - Regular Plan - Growth;INF209KA1PV5;;10.8518;10.8518;10.8518;07-Jul-2015
131361;Aditya Birla Sun Life Fixed Term Plan - Series LX (1099 days) - Regular Plan - Normal Dividend;INF209KA1PW3;;10.8518;10.8518;10.8518;07-Jul-2015
131360;Aditya Birla Sun Life Fixed Term Plan - Series LX (1099 days) - Regular Plan - Quarterly Dividend;INF209KA1PX1;;10.6219;10.6219;10.6219;07-Jul-2015
131553;Aditya Birla Sun Life Fixed Term Plan - Series MA (1099 days) - Direct Plan - Growth;INF209KA1RO6;;10.7482;10.7482;10.7482;07-Jul-2015
131554;Aditya Birla Sun Life Fixed Term Plan - Series MA (1099 days) - Direct Plan - Normal Dividend;INF209KA1RP3;;10.7482;10.7482;10.7482;07-Jul-2015
131549;Aditya Birla Sun Life Fixed Term Plan - Series MA (1099 days) - Direct Plan - Quarterly Dividend;INF209KA1RQ1;;10.5649;10.5649;10.5649;07-Jul-2015
131550;Aditya Birla Sun Life Fixed Term Plan - Series MA (1099 days) - Regular Plan - Growth;INF209KA1RL2;;10.7412;10.7412;10.7412;07-Jul-2015
131552;Aditya Birla Sun Life Fixed Term Plan - Series MA (1099 days) - Regular Plan - Normal Dividend;INF209KA1RM0;;10.7412;10.7412;10.7412;07-Jul-2015
131551;Aditya Birla Sun Life Fixed Term Plan - Series MA (1099 days) - Regular Plan - Quarterly Dividend;INF209KA1RN8;;10.5599;10.5599;10.5599;07-Jul-2015
132903;Aditya Birla Sun Life Fixed Term Plan - Series MD (1099 days) - Direct Plan - Growth;INF209KA1TC7;;10.5863;10.5863;10.5863;07-Jul-2015
132907;Aditya Birla Sun Life Fixed Term Plan - Series MD (1099 days) - Direct Plan - Normal Dividend;INF209KA1TD5;;10.5863;10.5863;10.5863;07-Jul-2015
132906;Aditya Birla Sun Life Fixed Term Plan - Series MD (1099 days) - Regular Plan - Growth;INF209KA1SZ0;;10.5646;10.5646;10.5646;07-Jul-2015
132908;Aditya Birla Sun Life Fixed Term Plan - Series MD (1099 days) - Regular Plan - Normal Dividend;INF209KA1TA1;;10.5646;10.5646;10.5646;07-Jul-2015
132905;Aditya Birla Sun Life Fixed Term Plan - Series MD (1099 days) - Regular Plan - Quarterly Dividend;INF209KA1TB9;;10.4200;10.4200;10.4200;07-Jul-2015
134052;Aditya Birla Sun Life Fixed Term Plan - Series MK (1105 days) - Direct Plan - Growth;INF209KA1I82;;10.2229;10.2229;10.2229;07-Jul-2015
134054;Aditya Birla Sun Life Fixed Term Plan - Series MK (1105 days) - Direct Plan - Quarterly Dividend;INF209KA1J08;;10.2230;10.2230;10.2230;07-Jul-2015
134055;Aditya Birla Sun Life Fixed Term Plan - Series MK (1105 days) - Regular Plan - Growth;INF209KA1I58;;10.2205;10.2205;10.2205;07-Jul-2015
134056;Aditya Birla Sun Life Fixed Term Plan - Series MK (1105 days) - Regular Plan - Normal Dividend;INF209KA1I66;;10.2205;10.2205;10.2205;07-Jul-2015
134057;Aditya Birla Sun Life Fixed Term Plan - Series MK (1105 days) - Regular Plan - Quarterly Dividend;INF209KA1I74;;10.2205;10.2205;10.2205;07-Jul-2015
134691;Aditya Birla Sun Life Fixed Term Plan - Series MP (1141 days) - Direct Plan-Growth;INF209KA19D3;;10.0773;10.0773;10.0773;07-Jul-2015
134692;Aditya Birla Sun Life Fixed Term Plan - Series MP (1141 days) - Direct Plan-Normal Dividend;INF209KA10E0;;10.0773;10.0773;10.0773;07-Jul-2015
134695;Aditya Birla Sun Life Fixed Term Plan - Series MP (1141 days) - Regular Plan-Growth;INF209KA16D9;;10.0719;10.0719;10.0719;07-Jul-2015
134694;Aditya Birla Sun Life Fixed Term Plan - Series MP (1141 days) - Regular Plan-Quarterly Dividend;INF209KA18D5;;10.0719;10.0719;10.0719;07-Jul-2015
134723;Aditya Birla Sun Life Fixed Term Plan - Series MQ (1159 days)-Direct Plan-Growth;INF209KA12E6;;10.0740;10.0740;10.0740;07-Jul-2015
134725;Aditya Birla Sun Life Fixed Term Plan - Series MQ (1159 days)-Direct Plan-Normal Dividend;INF209KA13E4;;10.0740;10.0740;10.0740;07-Jul-2015
134724;Aditya Birla Sun Life Fixed Term Plan - Series MQ (1159 days)-Direct Plan-Quarterly Dividend;INF209KA14E2;;10.0740;10.0740;10.0740;07-Jul-2015
134721;Aditya Birla Sun Life Fixed Term Plan - Series MQ (1159 days)-Regular Plan-Growth;INF209KA15E9;;10.0733;10.0733;10.0733;07-Jul-2015
134720;Aditya Birla Sun Life Fixed Term Plan - Series MQ (1159 days)-Regular Plan-Normal Dividend;INF209KA16E7;;10.0733;10.0733;10.0733;07-Jul-2015
134722;Aditya Birla Sun Life Fixed Term Plan - Series MQ (1159 days)-Regular Plan-Quarterly Dividend;INF209KA17E5;;10.0733;10.0733;10.0733;07-Jul-2015
134738;Aditya Birla Sun Life Fixed Term Plan - Series MR (1153 days) - Direct Plan-Normal Dividend;INF209KA19E1;;10.0734;10.0734;10.0734;07-Jul-2015
134735;Aditya Birla Sun Life Fixed Term Plan - Series MR (1153 days) - Regular Plan-Growth;INF209KA11F5;;10.0725;10.0725;10.0725;07-Jul-2015
134734;Aditya Birla Sun Life Fixed Term Plan - Series MR (1153 days) - Regular Plan-Normal Dividend;INF209KA12F3;;10.0725;10.0725;10.0725;07-Jul-2015
134736;Aditya Birla Sun Life Fixed Term Plan - Series MR (1153 days) - Regular Plan-Quarterly Plan;INF209KA13F1;;10.0725;10.0725;10.0725;07-Jul-2015
134737;Aditya Birla Sun Life Fixed Term Plan - Series MR (1153 days)-Direct Plan-Growth;INF209KA18E3;;10.0734;10.0734;10.0734;07-Jul-2015
120221;Aditya Birla Sun Life Interval Income Fund - Annual Plan I-Direct Plan-Growth;INF209K01UG2;;12.3809;12.3809;12.3809;07-Jul-2015
120219;Aditya Birla Sun Life Interval Income Fund - Annual Plan I-Regular Plan-Growth;INF209K01UJ6;;12.3967;12.3967;12.3967;07-Jul-2015
120218;Aditya Birla Sun Life Interval Income Fund - Annual Plan I-Regular Plan-Quarterly Dividend;INF209K01UL2;;10.3467;10.3467;10.3467;07-Jul-2015
123115;Aditya Birla Sun Life Interval Income Fund - Annual Plan IX-Direct Plan-Growth;INF209K01U26;;11.9118;11.9118;11.9118;07-Jul-2015
123114;Aditya Birla Sun Life Interval Income Fund - Annual Plan IX-Direct Plan-Normal Dividend;INF209K01U34;;10.8430;10.8430;10.8430;07-Jul-2015
123116;Aditya Birla Sun Life Interval Income Fund - Annual Plan IX-Regular Plan-Growth;INF209K01U59;;11.9050;11.9050;11.9050;07-Jul-2015
123117;Aditya Birla Sun Life Interval Income Fund - Annual Plan IX-Regular Plan-Normal Dividend;INF209K01U67;;10.8401;10.8401;10.8401;07-Jul-2015
123119;Aditya Birla Sun Life Interval Income Fund - Annual Plan IX-Regular Plan-Quarterly Dividend;INF209K01U75;;10.5516;10.5516;10.5516;07-Jul-2015
121816;Aditya Birla Sun Life Interval Income Fund - Annual Plan V - Direct Plan-Growth;INF209K01J62;;12.1932;12.1932;12.1932;07-Jul-2015
121815;Aditya Birla Sun Life Interval Income Fund - Annual Plan V - Direct Plan-Normal Dividend;INF209K01J70;;10.2623;10.2623;10.2623;07-Jul-2015
121820;Aditya Birla Sun Life Interval Income Fund - Annual Plan V - Regular Plan-Growth;INF209K01J96;;12.1828;12.1828;12.1828;07-Jul-2015
123609;Aditya Birla Sun Life Interval Income Fund - Annual Plan X-Direct Plan-Growth;INF209K01X49;;11.9350;11.9350;11.9350;07-Jul-2015
123611;Aditya Birla Sun Life Interval Income Fund - Annual Plan X-Regular Plan-Growth;INF209K01X72;;11.9184;11.9184;11.9184;07-Jul-2015
123610;Aditya Birla Sun Life Interval Income Fund - Annual Plan X-Regular Plan-Normal Dividend;INF209K01X80;;10.7862;10.7862;10.7862;07-Jul-2015
123612;Aditya Birla Sun Life Interval Income Fund - Annual Plan X-Regular Plan-Quarterly Dividend;INF209K01X98;;10.5252;10.5252;10.5252;07-Jul-2015
119534;Aditya Birla Sun Life Interval Income Fund - Quarterly Series 1 - Direct - IDCW;INF209K01YP5;;10.0849;10.0849;10.0849;07-Jul-2015
106412;Aditya Birla Sun Life Interval Income Fund - Quarterly Series 1 - Growth - Regular Plan;INF209K01HN5;;18.8010;18.8010;18.8010;07-Jul-2015
106413;Aditya Birla Sun Life Interval Income Fund - Quarterly Series 1 - institutional - IDCW;INF209K01HR6;INF209K01HS4;10.0847;10.0847;10.0847;07-Jul-2015
106411;Aditya Birla Sun Life Interval Income Fund - Quarterly Series 1 - Regular - IDCW;INF209K01HO3;INF209K01HP0;10.0847;10.0847;10.0847;07-Jul-2015
119535;Aditya Birla Sun Life Interval Income Fund - Quarterly Series I - Growth - Direct Plan;INF209K01YQ3;;18.8070;18.8070;18.8070;07-Jul-2015
106414;Aditya Birla Sun Life Interval Income Fund - Quarterly Series I- Institutional Growth;INF209K01HQ8;;15.3377;15.3377;15.3377;07-Jul-2015
120708;Aditya Birla Sun Life Quarterly Interval Fund -  Series 4 - Growth - Direct Plan;INF209K01YS9;;18.3276;18.3276;18.3276;07-Jul-2015
107308;Aditya Birla Sun Life Quarterly Interval Fund - Series 4 DIVIDEND;INF209K01HL9;INF209K01HM7;10.0134;10.0134;10.0134;07-Jul-2015
107307;Aditya Birla Sun Life Quarterly Interval Fund - Series 4 GROWTH;INF209K01HK1;;18.3278;18.3278;18.3278;07-Jul-2015

Axis Mutual Fund
117980;Axis Capital Protection Oriented Fund - Series 5 - Dividend option;INF846K01XO9;;13.7910;13.7910;13.7910;07-Jul-2015
117979;Axis Capital Protection Oriented Fund - Series 5 - Growth Option;INF846K01XN1;;13.7910;13.7910;13.7910;07-Jul-2015
125017;Axis Fixed Term Plan - Series 42 - Direct Plan - Growth;INF846K01UO5;;11.5496;11.5496;11.5496;07-Jul-2015
125014;Axis Fixed Term Plan - Series 42 - Regular Plan - Dividend;INF846K01UJ5;;11.4661;11.4661;11.4661;07-Jul-2015
125013;Axis Fixed Term Plan - Series 42 - Regular Plan - Growth;INF846K01UL1;;11.4667;11.4667;11.4667;07-Jul-2015
125429;Axis Fixed Term Plan - Series 43 - Direct Plan - growth;INF846K01UU2;;11.4833;11.4833;11.4833;07-Jul-2015
125426;Axis Fixed Term Plan - Series 43 - Regular Plan - Growth;INF846K01UR8;;11.4042;11.4042;11.4042;07-Jul-2015
126203;Axis Fixed Term Plan - Series 47 - Direct Plan - Growth;INF846K01VE4;;11.3914;11.3914;11.3914;07-Jul-2015
126200;Axis Fixed Term Plan - Series 47 - Regular Plan - Growth;INF846K01VB0;;11.3099;11.3099;11.3099;07-Jul-2015
126202;Axis Fixed Term Plan - Series 47 - Regular Plan - Quarterly Dividend;INF846K01VA2;;10.1346;10.1346;10.1346;07-Jul-2015
126252;Axis Fixed Term Plan - Series 48 (30 Days) - Direct - Dividend;INF846K01YQ2;;11.5948;11.5948;11.5948;07-Jul-2015
126251;Axis Fixed Term Plan - Series 48 (30 Days) - Direct Plan - Growth;INF846K01YS8;;11.5948;11.5948;11.5948;07-Jul-2015
126249;Axis Fixed Term Plan - Series 48 (30 Days) - Regular Plan - Dividend (Payout Facility);INF846K01YN9;;11.5121;11.5121;11.5121;07-Jul-2015
126248;Axis Fixed Term Plan - Series 48 (30 Days) - Regular Plan - Growth;INF846K01YP4;;11.5121;11.5121;11.5121;07-Jul-2015
126250;Axis Fixed Term Plan - Series 48 (30 Days) - Regular Plan - Half Yearly Dividend;INF846K01YO7;;10.8746;10.8746;10.8746;07-Jul-2015
126759;Axis Fixed Term Plan - Series 49 - Direct Plan - Growth;INF846K01TY6;;11.2989;11.2989;11.2989;07-Jul-2015
126757;Axis Fixed Term Plan - Series 49 - Regular Plan - Dividend;INF846K01TT6;;11.2048;11.2048;11.2048;07-Jul-2015
126756;Axis Fixed Term Plan - Series 49 - Regular Plan - Growth;INF846K01TV2;;11.2107;11.2107;11.2107;07-Jul-2015
127276;Axis Fixed Term Plan - Series 52 - Direct Plan - Growth;INF846K01UE6;;11.2805;11.2805;11.2805;07-Jul-2015
127272;Axis Fixed Term Plan - Series 52 - Regular Plan - Growth;INF846K01UB2;;11.2016;11.2016;11.2016;07-Jul-2015
127274;Axis Fixed Term Plan - Series 52 - Regular Plan - Quarterly Dividend;INF846K01UA4;;10.1084;10.1084;10.1084;07-Jul-2015
127278;Axis Fixed Term Plan - Series 53 (1150 Days) - Direct Plan - Growth;INF846K01KD9;;11.5332;11.5332;11.5332;07-Jul-2015
127280;Axis Fixed Term Plan - Series 53 (1150 Days) - Regular Plan - Dividend;INF846K01KE7;;11.4460;11.4460;11.4460;07-Jul-2015
127279;Axis Fixed Term Plan - Series 53 (1150 Days) - Regular Plan - Growth;INF846K01KG2;;11.4459;11.4459;11.4459;07-Jul-2015
129384;Axis Fixed Term plan - Series 64 - Direct Plan - Dividend;INF846K01XK7;;11.2096;11.2096;11.2096;07-Jul-2015
129383;Axis Fixed Term Plan - Series 64 - Direct plan - Growth;INF846K01XM3;;11.2097;11.2097;11.2097;07-Jul-2015
129386;Axis Fixed Term Plan - Series 64 - Regular plan -  Dividend;INF846K01XH3;;11.1357;11.1357;11.1357;07-Jul-2015
129381;Axis Fixed Term Plan - Series 64 - Regular Plan - Growth;INF846K01XJ9;;11.1357;11.1357;11.1357;07-Jul-2015
129382;Axis Fixed Term Plan - Series 64 - Regular Plan - Quarterly dividend;INF846K01XI1;;10.3075;10.3075;10.3075;07-Jul-2015
130047;Axis Fixed Term Plan - Series 67 (1218 days) - Direct Plan - Growth;INF846K01OT7;;11.2256;11.2256;11.2256;07-Jul-2015
130045;Axis Fixed Term Plan - Series 67 (1218 days) - Regular Plan - Dividend;INF846K01OX9;;11.1292;11.1292;11.1292;07-Jul-2015
130044;Axis Fixed Term Plan - Series 67 (1218 days) - Regular plan - Growth;INF846K01OW1;;11.1292;11.1292;11.1292;07-Jul-2015
130665;Axis Fixed Term Plan - Series 69 (3 Years) - Direct Plan - Growth;INF846K01PT4;;11.0278;11.0278;11.0278;07-Jul-2015
130663;Axis Fixed Term Plan - Series 69 (3 Years) - Regular Plan - Dividend;INF846K01PX6;;10.9604;10.9604;10.9604;07-Jul-2015
130662;Axis Fixed Term Plan - Series 69 (3 Years) - Regular Plan - Growth;INF846K01PW8;;10.9604;10.9604;10.9604;07-Jul-2015
130664;Axis Fixed Term Plan - Series 69 - (3 Years) - Regular Plan - Half Yearly Dividend;INF846K01PY4;;10.7042;10.7042;10.7042;07-Jul-2015
134301;Axis Fixed Term Plan - Series 74 (1105 days) - Direct Plan - Dividend;INF846K01RY0;;10.2487;10.2487;10.2487;07-Jul-2015
134302;Axis Fixed Term Plan - Series 74 (1105 days) - Direct Plan - Growth;INF846K01RX2;;10.2475;10.2475;10.2475;07-Jul-2015
134300;Axis Fixed Term Plan - Series 74 (1105 days) - Regular Plan - Dividend;INF846K01SB6;;10.2432;10.2432;10.2432;07-Jul-2015
134299;Axis Fixed Term Plan - Series 74 (1105 days) - Regular Plan - Growth;INF846K01SA8;;10.2432;10.2432;10.2432;07-Jul-2015
134303;Axis Fixed Term Plan - Series 74 (1105 days) - Regular Plan - Half yearly dividend;INF846K01SC4;;10.2432;10.2432;10.2432;07-Jul-2015
128151;Axis Fixed Term Plan - Series 61 (1122 Days) - Direct Plan - Growth;INF846K01MP9;;11.4338;11.4338;11.4338;07-Jul-2015
128148;Axis Fixed Term Plan - Series 61 (1122 Days) - Regular Plan - Dividend;INF846K01MT1;;11.3530;11.3530;11.3530;07-Jul-2015
128147;Axis Fixed Term Plan - Series 61 (1122 Days) - Regular Plan - Growth;INF846K01MS3;;11.3531;11.3531;11.3531;07-Jul-2015
128149;Axis Fixed Term Plan - Series 61 (1122 Days) - Regular Plan - Half yearly dividend;INF846K01MU9;;10.8282;10.8282;10.8282;07-Jul-2015
133430;Axis Hybrid Fund - Series 18 - Direct Plan - Direct Plan - Dividend;INF846K01QY2;;10.1939;10.1939;10.1939;07-Jul-2015
133429;Axis Hybrid Fund - Series 18 - Direct Plan - Growth;INF846K01QX4;;10.1939;10.1939;10.1939;07-Jul-2015
133428;Axis Hybrid Fund - Series 18 - Regular Plan - Dividend;INF846K01RA0;;10.1531;10.1531;10.1531;07-Jul-2015
133427;Axis Hybrid Fund - Series 18 - Regular Plan - Growth;INF846K01QZ9;;10.1532;10.1532;10.1532;07-Jul-2015
129390;Axis Hybrid Fund - Series 11 - Direct Plan - Dividend;INF846K01OA7;;11.5040;11.5040;11.5040;07-Jul-2015
129389;Axis Hybrid Fund - Series 11 - Direct Plan - Growth;INF846K01NZ6;;11.5040;11.5040;11.5040;07-Jul-2015
129388;Axis Hybrid Fund - Series 11 - Regular Plan - Dividend;INF846K01OC3;;11.3507;11.3507;11.3507;07-Jul-2015
129387;Axis Hybrid Fund - Series 11 - Regular plan - Growth;INF846K01OB5;;11.3498;11.3498;11.3498;07-Jul-2015
129756;Axis Hybrid Fund - Series 12 - Direct Plan - Dividend;INF846K01OE9;;11.4142;11.4142;11.4142;07-Jul-2015
129755;Axis Hybrid Fund - Series 12 - Direct Plan - Growth;INF846K01OD1;;11.4140;11.4140;11.4140;07-Jul-2015
129754;Axis Hybrid Fund - Series 12 - Regular Plan - Dividend;INF846K01OG4;;11.2653;11.2653;11.2653;07-Jul-2015
129753;Axis Hybrid Fund - Series 12 - Regular Plan - Growth;INF846K01OF6;;11.2653;11.2653;11.2653;07-Jul-2015
130060;Axis Hybrid Fund - Series 13 - Direct Plan - Dividend;INF846K01PA4;;11.3062;11.3062;11.3062;07-Jul-2015
130059;Axis Hybrid Fund - Series 13 - Direct Plan - Growth;INF846K01OZ4;;11.3062;11.3062;11.3062;07-Jul-2015
130058;Axis Hybrid Fund - Series 13 - Regular Plan - Dividend;INF846K01PC0;;11.1697;11.1697;11.1697;07-Jul-2015
130057;Axis Hybrid Fund - Series 13 - Regular Plan - Growth;INF846K01PB2;;11.1698;11.1698;11.1698;07-Jul-2015
130887;Axis Hybrid Fund - Series 14 - Direct Plan - Dividend;INF846K01QG9;;11.1317;11.1317;11.1317;07-Jul-2015
130886;Axis Hybrid Fund - Series 14 - Direct Plan - Growth;INF846K01QF1;;11.0106;11.0106;11.0106;07-Jul-2015
130889;Axis Hybrid Fund - Series 14 - Regular Plan - Dividend;INF846K01QI5;;10.8260;10.8260;10.8260;07-Jul-2015
130888;Axis Hybrid Fund - Series 14 - Regular Plan - Growth;INF846K01QH7;;10.8259;10.8259;10.8259;07-Jul-2015
131084;Axis Hybrid Fund - Series 15 - Direct Plan - Dividend;INF846K01QK1;;10.8771;10.8771;10.8771;07-Jul-2015
131083;Axis Hybrid Fund - Series 15 - Direct Plan - Growth;INF846K01QJ3;;10.8771;10.8771;10.8771;07-Jul-2015
131082;Axis Hybrid Fund - Series 15 - Regular Plan - Dividend;INF846K01QM7;;10.7671;10.7671;10.7671;07-Jul-2015
131085;Axis Hybrid Fund - Series 15 - Regular Plan - Growth;INF846K01QL9;;10.7671;10.7671;10.7671;07-Jul-2015
133564;Axis Hybrid Fund - Series 19 - Direct plan - Dividend;INF846K01RC6;;10.0689;10.0689;10.0689;07-Jul-2015
133562;Axis Hybrid Fund - Series 19 - Regular Plan - Dividend;INF846K01RE2;;10.0345;10.0345;10.0345;07-Jul-2015
133561;Axis Hybrid Fund - Series 19 - Regular plan - Growth;INF846K01RD4;;10.0329;10.0329;10.0329;07-Jul-2015
133563;Axis Hybrid Fund - Series 19 -Direct Plan - Growth;INF846K01RB8;;10.0720;10.0720;10.0720;07-Jul-2015
134534;Axis Hybrid Fund - Series 22 - Direct Plan - Dividend;INF846K01UG1;;9.9819;9.9819;9.9819;07-Jul-2015
134535;Axis Hybrid Fund - Series 22 - Direct Plan - Growth;INF846K01UF3;;9.9819;9.9819;9.9819;07-Jul-2015
134533;Axis Hybrid Fund - Series 22 - Regular Plan - Dividend;INF846K01UI7;;9.9647;9.9647;9.9647;07-Jul-2015
134532;Axis Hybrid Fund - Series 22 - Regular Plan - Growth;INF846K01UH9;;9.9647;9.9647;9.9647;07-Jul-2015
134622;Axis Hybrid Fund - Series 23 - Direct Plan - Dividend;INF846K01UW8;;10.0644;10.0644;10.0644;07-Jul-2015
134621;Axis Hybrid Fund - Series 23 - Direct Plan - Growth;INF846K01UV0;;10.0644;10.0644;10.0644;07-Jul-2015
134619;Axis Hybrid Fund - Series 23 - Regular Plan - Growth;INF846K01UX6;;10.0520;10.0520;10.0520;07-Jul-2015
134620;Axis Hybrid Funs - Series 23 - Regular Plan - Dividend;INF846K01UY4;;10.0520;10.0520;10.0520;07-Jul-2015
134743;Axis Hybrid Fund - Series 24 - Direct Plan - Dividend;INF846K01VF1;;10.1421;10.1421;10.1421;07-Jul-2015
134741;Axis Hybrid Fund - Series 24 - Direct Plan - Growth;INF846K01VG9;;10.1419;10.1419;10.1419;07-Jul-2015
134740;Axis Hybrid Fund - Series 24 - Regular Plan - Dividend;INF846K01VH7;;10.1354;10.1354;10.1354;07-Jul-2015
134742;Axis Hybrid Fund - Series 24 - Regular Plan - Growth;INF846K01VI5;;10.1354;10.1354;10.1354;07-Jul-2015
122951;Axis Hybrid Fund - Series 5 (1346 Days) - Direct Plan - Growth;INF846K01YW0;;13.3108;13.3108;13.3108;07-Jul-2015
122953;Axis Hybrid Fund - Series 5 (1346 Days) - Regular Plan - Dividend;INF846K01YT6;;13.0672;13.0672;13.0672;07-Jul-2015
122950;Axis Hybrid Fund - Series 5 (1346 Days) - Regular Plan - Growth;INF846K01YU4;;13.0674;13.0674;13.0674;07-Jul-2015
122952;Axis Hybrid Fund - Series 5 (1346 Days)- Direct Plan - Dividend;INF846K01YV2;;13.3108;13.3108;13.3108;07-Jul-2015
123062;Axis Hybrid Fund Series 6 (1324 Days) - Direct - Dividend;INF846K01ZD7;;13.4950;13.4950;13.4950;07-Jul-2015
123065;Axis Hybrid Fund Series 6 (1324 Days) - Direct - Growth;INF846K01ZE5;;13.4991;13.4991;13.4991;07-Jul-2015
123064;Axis Hybrid Fund Series 6 (1324 Days) - Regular - Dividend;INF846K01ZB1;;13.2560;13.2560;13.2560;07-Jul-2015
123063;Axis Hybrid Fund Series 6 (1324 Days) - Regular - Growth;INF846K01ZC9;;13.2561;13.2561;13.2561;07-Jul-2015
123980;Axis Hybrid Fund - Series 7 (1305 Day) - Direct Plan - Growth;INF846K01ZI6;;13.4020;13.4020;13.4020;07-Jul-2015
123981;Axis Hybrid Fund - Series 7 (1305 Days) - Direct Plan -Dividend;INF846K01ZH8;;13.3923;13.3923;13.3923;07-Jul-2015
123979;Axis Hybrid Fund - Series 7 (1305 Days) - Regular Plan - Dividend;INF846K01ZF2;;13.1620;13.1620;13.1620;07-Jul-2015
123978;Axis Hybrid Fund - Series 7 (1305 Days) - Regular Plan - Growth;INF846K01ZG0;;13.1620;13.1620;13.1620;07-Jul-2015
126357;Axis Hybrid Fund Series 8 (1279 days) - Direct Plan - Dividend;INF846K01JG4;;12.1730;12.1730;12.1730;07-Jul-2015
126356;Axis Hybrid Fund Series 8 (1279 days) - Direct Plan - Growth;INF846K01JF6;;12.1734;12.1734;12.1734;07-Jul-2015
126355;Axis Hybrid Fund Series 8 (1279 days) - Regular Plan - Dividend;INF846K01JE9;;11.9999;11.9999;11.9999;07-Jul-2015
126354;Axis Hybrid Fund Series 8 (1279 days) - Regular Plan - Growth;INF846K01JD1;;12.0000;12.0000;12.0000;07-Jul-2015
126958;Axis Hybrid Fund Series 9 (1282 days) -  Direct Plan - Dividend;INF846K01JK6;;12.1784;12.1784;12.1784;07-Jul-2015
126956;Axis Hybrid Fund Series 9 (1282 days) -  Direct Plan - Growth;INF846K01JJ8;;12.1784;12.1784;12.1784;07-Jul-2015
126955;Axis Hybrid Fund Series 9 (1282 days) - Regular Plan - Dividend;INF846K01JI0;;12.0140;12.0140;12.0140;07-Jul-2015
126957;Axis Hybrid Fund Series 9 (1282 days) - Regular Plan - Growth;INF846K01JH2;;12.0140;12.0140;12.0140;07-Jul-2015

Bandhan Mutual Fund
117774;IDFC FTP SERIES I (36 Months) - Dividend;INF194K01E64;;10.2864;10.2864;10.2864;07-Jul-2015
117773;IDFC FTP SERIES I (36 Months) - Growth;INF194K01E56;;12.7056;12.7056;12.7056;07-Jul-2015
117775;IDFC FTP SERIES I (36 Months) - Monthly Dividend;INF194K01E72;;11.2502;11.2502;11.2502;07-Jul-2015
117772;IDFC FTP SERIES I (36 Months)- Half Yearly Dividend;INF194K01E98;;10.3750;10.3750;10.3750;07-Jul-2015
117771;IDFC FTP SERIES I(36 Months) - Quarterly Dividend;INF194K01E80;;10.3029;10.3029;10.3029;07-Jul-2015
117792;IDFC FTP SERIES - 2 (1 Year) - Growth;INF194KA1RH7;;12.8180;12.8180;12.8180;07-Jul-2015
117791;IDFC FTP SERIES - 2 (1 Year)- Half Yearly Dividend;INF194KA1RL9;;10.3110;10.3110;10.3110;07-Jul-2015
117931;IDFC FTP S4 (36 Months) -Dividend;INF194K01G39;;10.3181;10.3181;10.3181;07-Jul-2015
117932;IDFC FTP S4 (36 Months) -Growth;INF194K01G21;;12.4324;12.4324;12.4324;07-Jul-2015
117934;IDFC FTP S4 (36 Months)-Half Yearly Dividend;INF194K01G62;;10.4244;10.4244;10.4244;07-Jul-2015
117933;IDFC FTP S4 (36 Months)-Monthly Dividend;INF194K01G47;;11.3006;11.3006;11.3006;07-Jul-2015
117935;IDFC FTP S4 (36 Months)-Quarterly Dividend;INF194K01G54;;10.4263;10.4263;10.4263;07-Jul-2015
122858;IDFC FTP - Series 21(370 Days)- Direct Plan-Growth;INF194KA1J77;;11.8093;11.8093;11.8093;07-Jul-2015
122863;IDFC FTP - Series 21(370 Days)- Regular Plan-Growth;INF194KA1J36;;11.7622;11.7622;11.7622;07-Jul-2015
122865;IDFC FTP - Series 21(370 Days)- Regular Plan-Half Yearly Dividend;INF194KA1J51;;10.3172;10.3172;10.3172;07-Jul-2015
122866;IDFC FTP - Series 21(370 Days)- Regular Plan-Periodic Dividend;INF194KA1J69;;10.7164;10.7164;10.7164;07-Jul-2015
122864;IDFC FTP - Series 21(370 Days)- Regular Plan-Quarterly Dividend;INF194KA1J44;;10.3097;10.3097;10.3097;07-Jul-2015
122976;IDFC FTP - Series 23 (365 Days) -Direct Plan_Growth;INF194KA1K17;;11.9984;11.9984;11.9984;07-Jul-2015
122975;IDFC FTP - Series 23 (365 Days) -Regular Plan_Periodic Dividend;INF194KA1K09;;10.8609;10.8609;10.8609;07-Jul-2015
122971;IDFC FTP - Series 23 (365 Days) -Regular Plan_Quarterly Dividend;INF194KA1J93;;10.3787;10.3787;10.3787;07-Jul-2015
122968;IDFC FTP - Series 23 (365 Days)-Regular Plan_Growth;INF194KA1J85;;11.9396;11.9396;11.9396;07-Jul-2015
123013;IDFC FTP-S 24 (729 days) -Regular Plan_Growth;INF194KA1QV0;;11.9630;11.9630;11.9630;07-Jul-2015
123015;IDFC FTP-S 24 (729 days) -Regular Plan_Quarterly Dividend;INF194KA1QW8;;10.1725;10.1725;10.1725;07-Jul-2015
123018;IDFC FTP-S 24(729 days) -Direct Plan_Growth;INF194KA1QT4;;11.9827;11.9827;11.9827;07-Jul-2015
123271;IDFC FTP -S 25 (729 days) _Regular Plan_Half yearly Dividend;INF194KA1QZ1;;10.3517;10.3517;10.3517;07-Jul-2015
123030;IDFC FTP -S 25 (729 days)_Direct Plan_Growth;INF194KA1QY4;;11.9978;11.9978;11.9978;07-Jul-2015
123028;IDFC FTP -S 25 (729 days)_Regular Plan_Growth;INF194KA1RA2;;11.9782;11.9782;11.9782;07-Jul-2015
123353;IDFC FTP - S 26 (489 days) _Direct Plan Growth;INF194KA1H12;;11.9329;11.9329;11.9329;07-Jul-2015
123360;IDFC FTP - S 26 (489 days) _Regular Plan Growth;INF194KA1H20;;11.8715;11.8715;11.8715;07-Jul-2015
123359;IDFC FTP - S 26 (489 days) _Regular Plan Half yearly Dividend;INF194KA1H38;;10.0971;10.0971;10.0971;07-Jul-2015
123357;IDFC FTP - S 26 (489 days)_Regular Plan Quarterly Dividend;INF194KA1H46;;10.0971;10.0971;10.0971;07-Jul-2015
123513;IDFC FTP - S 27 (366 days)_Direct Plan Growth;INF194KA1T83;;11.9901;11.9901;11.9901;07-Jul-2015
123509;IDFC FTP - S 27 (366 days)_Regular Plan Growth;INF194KA1T67;;11.9495;11.9495;11.9495;07-Jul-2015
123514;IDFC FTP - S 27 (366 days)_Regular Plan Periodic Dividend;INF194KA1T75;;10.8260;10.8260;10.8260;07-Jul-2015
123587;IDFC FTP - Series 28 (1098 days) _Direct Plan_Growth;INF194K017W1;;12.2336;12.2336;12.2336;07-Jul-2015
123585;IDFC FTP - Series 28 (1098 days) _Regular Plan_Quarterly Dividend;INF194K014W8;;10.6286;10.6286;10.6286;07-Jul-2015
123583;IDFC FTP - Series 28 (1098 days)_Regular Plan_Growth;INF194K013W0;;12.1589;12.1589;12.1589;07-Jul-2015
123586;IDFC FTP - Series 28 (1098 days)_Regular Plan_Half Yearly Dividend;INF194K015W5;;10.5924;10.5924;10.5924;07-Jul-2015
123591;IDFC FTP - Series 28 (1098 days)_Regular Plan_Periodic Dividend;INF194K016W3;;11.1128;11.1128;11.1128;07-Jul-2015
123702;IDFC FTP - Series 29 (485 days)_Regular Plan_Growth;INF194KA1H61;;11.8721;11.8721;11.8721;07-Jul-2015
123697;IDFC FTP - Series 29 (485 days)_Regular Plan_Quarterly Dividend;INF194KA1H79;;10.0848;10.0848;10.0848;07-Jul-2015
123694;IDFC FTP - Series 29(485 days)_Direct Plan_Growth;INF194KA1H53;;11.9361;11.9361;11.9361;07-Jul-2015
123789;IDFC FTP - Series 31 (729 days)_Direct Plan_Growth;INF194KA1RQ8;;11.9999;11.9999;11.9999;07-Jul-2015
123780;IDFC FTP - Series 31 (729 days)_Regular Plan_Growth;INF194KA1RM7;;11.9838;11.9838;11.9838;07-Jul-2015
123788;IDFC FTP - Series 31 (729 days)_Regular Plan_Periodic Dividend;INF194KA1RP0;;10.8233;10.8233;10.8233;07-Jul-2015
123880;IDFC FTP - Series 32 (729 days)_Direct Plan_Growth;INF194KA1RV8;;11.9030;11.9030;11.9030;07-Jul-2015
123879;IDFC FTP - Series 32 (729 days)_Regular Plan_Growth;INF194KA1RR6;;11.8631;11.8631;11.8631;07-Jul-2015
124194;IDFC FTP - Series 33 (729 days)_Direct Plan_Growth;INF194KA1UB4;;11.9233;11.9233;11.9233;07-Jul-2015
124188;IDFC FTP - Series 33 (729 days)_Regular Plan_Growth;INF194KA1TY8;;11.8834;11.8834;11.8834;07-Jul-2015
124279;IDFC FTP - Series 34 (728 days)_Direct Plan_Growth;INF194KA1UN9;;11.9089;11.9089;11.9089;07-Jul-2015
124271;IDFC FTP - Series 34 (728 days)_Regular Plan_Growth;INF194KA1UK5;;11.8694;11.8694;11.8694;07-Jul-2015
124378;IDFC FTP - Series 35 (732 days)-Direct Plan_Growth;INF194KA1UR0;;11.8411;11.8411;11.8411;07-Jul-2015
124384;IDFC FTP - Series 35 (732 days)-Regular Plan_Growth;INF194KA1UO7;;11.7624;11.7624;11.7624;07-Jul-2015
124440;IDFC FTP - Series 39 (506 days)- Direct Plan_Growth;INF194KA1D65;;11.7370;11.7370;11.7370;07-Jul-2015
124442;IDFC FTP - Series 39 (506 days)- Regular Plan_Growth;INF194KA1D32;;11.6589;11.6589;11.6589;07-Jul-2015
124604;IDFC FTP - S 40 (729 days) -Direct Plan-Growth;INF194KA1UX8;;11.7898;11.7898;11.7898;07-Jul-2015
124608;IDFC FTP - S 40 (729 days)-Regular Plan-Growth;INF194KA1UU4;;11.7198;11.7198;11.7198;07-Jul-2015
124689;IDFC FTP -S 41 (566 days)- Direct Plan_Growth;INF194KA1I60;;11.6179;11.6179;11.6179;07-Jul-2015
124686;IDFC FTP -S 41 (566 days)- Regular Plan_Growth;INF194KA1I45;;11.5590;11.5590;11.5590;07-Jul-2015
124735;IDFC FTP -S 42  (731 days)-Direct Plan_Growth;INF194KA1VD8;;11.7046;11.7046;11.7046;07-Jul-2015
124737;IDFC FTP -S 42 (731 days)-Regular Plan_Quarterly Dividend;INF194KA1VB2;;10.1758;10.1758;10.1758;07-Jul-2015
124743;IDFC FTP -S 42(731 days) -Regular Plan_Growth;INF194KA1VA4;;11.6352;11.6352;11.6352;07-Jul-2015
124788;IDFC FTP -S 44 (730 days)_Direct Plan_Growth;INF194KA1VX6;;11.5978;11.5978;11.5978;07-Jul-2015
124784;IDFC FTP -S 44 (730 days)_Regular Plan_Growth;INF194KA1VU2;;11.5818;11.5818;11.5818;07-Jul-2015
125281;IDFC FTP - Series 48 (601 days)_Direct Plan_Growth;INF194KA1F06;;11.6096;11.6096;11.6096;07-Jul-2015
125284;IDFC FTP - Series 48 (601 days)_Regular Plan_Growth;INF194KA1E72;;11.5956;11.5956;11.5956;07-Jul-2015
125286;IDFC FTP - Series 48 (601 days)_Regular Plan_Quarterly Dividend;INF194KA1E80;;10.1666;10.1666;10.1666;07-Jul-2015
125472;IDFC FTP S 49 (729 Days)_Direct Plan_Growth;INF194KA1XA0;;11.5040;11.5040;11.5040;07-Jul-2015
125475;IDFC FTP S 49 (729 Days)_Direct Plan_Quarterly Dividend;INF194KA1XB8;;10.0952;10.0952;10.0952;07-Jul-2015
125468;IDFC FTP S 49 (729 Days)_Regular Plan_Growth;INF194KA1WX4;;11.4734;11.4734;11.4734;07-Jul-2015
125602;IDFC FTP S-50 (729 Days)_Direct Plan_Growth;INF194KA1XF9;;11.4756;11.4756;11.4756;07-Jul-2015
125604;IDFC FTP S-50 (729 Days)_Regular Plan_Growth;INF194KA1XC6;;11.4459;11.4459;11.4459;07-Jul-2015
125609;IDFC FTP S -51(597 Days)_Direct Plan_Growth;INF194KA1E49;;11.5170;11.5170;11.5170;07-Jul-2015
125616;IDFC FTP S -51(597 Days)_Regular Plan_Growth;INF194KA1E15;;11.4692;11.4692;11.4692;07-Jul-2015
125615;IDFC FTP S -51(597 Days)_Regular Plan_Quarterly Dividend;INF194KA1E23;;10.1461;10.1461;10.1461;07-Jul-2015
125727;IDFC FTP S52(728 Days)_Direct Plan_Growth;INF194KA1XL7;;11.4700;11.4700;11.4700;07-Jul-2015
125723;IDFC FTP S52(728 Days)_Regular Plan_Growth;INF194KA1XI3;;11.4264;11.4264;11.4264;07-Jul-2015
125726;IDFC FTP S52(728 Days)_Regular Plan_Half Yearly Dividend;INF194KA1XK9;;10.2712;10.2712;10.2712;07-Jul-2015
125910;IDFC FTP S-54(732 Days)_Direct Plan_Growth;INF194KA1XN3;;11.4653;11.4653;11.4653;07-Jul-2015
125901;IDFC FTP S-54(732 Days)_Regular Plan_Growth;INF194KA1XM5;;11.4349;11.4349;11.4349;07-Jul-2015
126050;IDFC FTP S 57(594 Days)_Direct Plan_Growth;INF194KA1G13;;11.4692;11.4692;11.4692;07-Jul-2015
126042;IDFC FTP S 57(594 Days)_Regular Plan_Growth;INF194KA1F71;;11.4215;11.4215;11.4215;07-Jul-2015
126175;IDFC FTP S-59(728 Days)_Direct Plan_Growth;INF194KA1XO1;;11.4639;11.4639;11.4639;07-Jul-2015
126171;IDFC FTP S-59(728 Days)_Regular Plan_Growth;INF194KA1XQ6;;11.3481;11.3481;11.3481;07-Jul-2015
126188;IDFC FTP S-60(643 Days)_Direct Plan_Growth;INF194KA1G62;;11.4290;11.4290;11.4290;07-Jul-2015
126181;IDFC FTP S-60(643 Days)_Regular Plan_Growth;INF194KA1G21;;11.3822;11.3822;11.3822;07-Jul-2015
126299;IDFC FTP S-62(636 Days)_Direct Plan_Growth;INF194KA1H04;;11.4117;11.4117;11.4117;07-Jul-2015
126294;IDFC FTP S-62(636 Days)_Regular Plan_Growth;INF194KA1G70;;11.3419;11.3419;11.3419;07-Jul-2015
126296;IDFC FTP S-62(636 Days)_Regular Plan_Half Yearly Dividend;INF194KA1G96;;10.0957;10.0957;10.0957;07-Jul-2015
126297;IDFC FTP S-62(636 Days)_Regular Plan_Quarterly Dividend;INF194KA1G88;;10.0957;10.0957;10.0957;07-Jul-2015
126536;IDFC FTP-65(728 Days)_Direct Plan_Growth;INF194KA1XV6;;11.3410;11.3410;11.3410;07-Jul-2015
126533;IDFC FTP-65(728 Days)_Regular Plan_Growth;INF194KA1XS2;;11.3078;11.3078;11.3078;07-Jul-2015
126546;IDFC FTP - S 66(1170 Days)_Direct Plan_Growth;INF194KA1ZX7;;11.3302;11.3302;11.3302;07-Jul-2015
126552;IDFC FTP - S 66(1170 Days)_Regular Plan_Growth;INF194KA1ZW9;;11.2605;11.2605;11.2605;07-Jul-2015
126722;IDFC FTP-S67 (729 Days)_Regular Plan_Growth;INF194KA1YJ9;;11.2969;11.2969;11.2969;07-Jul-2015
126713;IDFC FTP-S67(729 Days)_Direct Plan_Growth;INF194KA1YM3;;11.3529;11.3529;11.3529;07-Jul-2015
126720;IDFC FTP-S67(729 Days)_Regular Plan_Periodic Dividend;INF194KA1YL5;;10.3497;10.3497;10.3497;07-Jul-2015
126719;IDFC FTP-S67(729 Days)_Regular Plan_Quaterly Dividend;INF194KA1YK7;;10.0982;10.0982;10.0982;07-Jul-2015
126799;IDFC FTP S-69(728 Days)_Direct Plan_Growth;INF194KA1YQ4;;11.3398;11.3398;11.3398;07-Jul-2015
126796;IDFC FTP S-69(728 Days)_Direct Plan_Periodic Dividend;INF194KA1YP6;;10.3230;10.3230;10.3230;07-Jul-2015
126791;IDFC FTP S-69(728 Days)_Regular Plan_Growth;INF194KA1YN1;;11.3138;11.3138;11.3138;07-Jul-2015
126808;IDFC FTP S-70(1169 Days)_Direct Plan_Growth;INF194KA1A19;;11.3080;11.3080;11.3080;07-Jul-2015
126805;IDFC FTP S-70(1169 Days)_Regular Plan_Growth;INF194KA1ZY5;;11.2202;11.2202;11.2202;07-Jul-2015
126810;IDFC FTP S-70(1169 Days)_Regular Plan_Quaterly Dividend;INF194KA1A01;;10.0708;10.0708;10.0708;07-Jul-2015
126820;IDFC FTP S-71 (795 Days)_Direct Plan_Growth;INF194KA1HO4;INF194KA1R10;11.4446;11.4446;11.4446;07-Jul-2015
126819;IDFC FTP S-71 (795 Days)_Regular Plan_Growth;INF194KA1HS5;INF194KA1Q94;11.3704;11.3704;11.3704;07-Jul-2015
126823;IDFC FTP S-71 (795 Days)_Regular Plan_Quaterly Dividend;INF194KA1HT3;INF194KA1R02;10.2420;10.2420;10.2420;07-Jul-2015
127172;IDFC FTP -S74(1169 Days) -Direct Plan_Growth;INF194KA1A92;;11.2885;11.2885;11.2885;07-Jul-2015
127165;IDFC FTP -S74(1169 Days) -Regular Plan_Growth;INF194KA1A50;;11.2172;11.2172;11.2172;07-Jul-2015
127494;IDFC FTP S-75(1170 Days)_Direct Plan_Growth;INF194KA1B26;;11.2790;11.2790;11.2790;07-Jul-2015
127490;IDFC FTP S-75(1170 Days)_Regular Plan_Growth;INF194KA1B18;;11.2091;11.2091;11.2091;07-Jul-2015
127687;IDFC FTP S-77(1170 Days)_Direct Plan_Growth;INF194KA1B42;;11.2542;11.2542;11.2542;07-Jul-2015
127684;IDFC FTP S-77(1170 Days)_Regular Plan_Growth;INF194KA1B34;;11.2233;11.2233;11.2233;07-Jul-2015
127863;IDFC FTP S-78(1096 Days)_Direct Plan_Growth;INF194KA1ZA5;;11.2440;11.2440;11.2440;07-Jul-2015
127864;IDFC FTP S-78(1096 Days)_Regular Plan_Growth;INF194KA1YZ5;;11.2057;11.2057;11.2057;07-Jul-2015
127944;IDFC FTP S-79(1170 Days)_Direct Plan_Growth;INF194KA1B91;;11.2094;11.2094;11.2094;07-Jul-2015
127938;IDFC FTP S-79(1170 Days)_Regular Plan_Growth;INF194KA1B59;;11.1393;11.1393;11.1393;07-Jul-2015
127940;IDFC FTP S-79(1170 Days)_Regular Plan_Periodic Dividend;INF194KA1B83;;10.1656;10.1656;10.1656;07-Jul-2015
127947;IDFC FTP S-83(729 Days)_Direct Plan_Growth;INF194KA1ZC1;;11.2456;11.2456;11.2456;07-Jul-2015
127950;IDFC FTP S-83(729 Days)_Regular Plan_Growth;INF194KA1ZB3;;11.2308;11.2308;11.2308;07-Jul-2015
128010;IDFC FTP S-84(1175 Days)_Direct Plan_Growth;INF194KA1ZQ1;;11.2015;11.2015;11.2015;07-Jul-2015
128014;IDFC FTP S-84(1175 Days)_Regular Plan_Growth;INF194KA1ZP3;;11.1699;11.1699;11.1699;07-Jul-2015
128214;IDFC FTP S-85(728 Days)_Direct Plan_Growth;INF194KA14B2;;11.2161;11.2161;11.2161;07-Jul-2015
128213;IDFC FTP S-85(728 Days)_Regular Plan_Growth;INF194KA13B4;;11.1959;11.1959;11.1959;07-Jul-2015
128226;IDFC FTP S-86(1175 Days)_Direct Plan_Growth;INF194KA1ZI8;;11.1745;11.1745;11.1745;07-Jul-2015
128221;IDFC FTP S-86(1175 Days)_Regular Plan_Growth;INF194KA1ZF4;;11.1201;11.1201;11.1201;07-Jul-2015
128474;IDFC FTP S-88(1175 Days)_Direct Plan_Growth;INF194KA1ZO6;;11.1402;11.1402;11.1402;07-Jul-2015
128475;IDFC FTP S-88(1175 Days)_Regular Plan_Growth;INF194KA1ZL2;;11.1199;11.1199;11.1199;07-Jul-2015
128549;IDFC FTP-S 89(742 Days)_Direct Plan_Growth;INF194KA17B5;;11.2933;11.2933;11.2933;07-Jul-2015
128553;IDFC FTP-S 89(742 Days)_Direct Plan_Periodic Dividend;INF194KA1NH6;INF194KA1Q86;10.8709;10.8709;10.8709;07-Jul-2015
128546;IDFC FTP-S 89(742 Days)_Regular Plan_Growth;INF194KA15B9;;11.2228;11.2228;11.2228;07-Jul-2015
128551;IDFC FTP-S 89(742 Days)_Regular Plan_Half Yearly Dividend;INF194KA1NK0;INF194KA1Q60;10.3863;10.3863;10.3863;07-Jul-2015
128550;IDFC FTP-S 89(742 Days)_Regular Plan_Quarterly Dividend;INF194KA16B7;;10.2240;10.2240;10.2240;07-Jul-2015
128934;IDFC FTP S -90(728 Days)_Direct Plan_Growth;INF194KA1NM6;INF194KA1Q29;11.2726;11.2726;11.2726;07-Jul-2015
128938;IDFC FTP S -90(728 Days)_Direct Plan_Half Yearly Dividend;INF194KA1NO2;INF194KA1Q37;10.4302;10.4302;10.4302;07-Jul-2015
128936;IDFC FTP S -90(728 Days)_Regular Plan_Growth;INF194KA1NQ7;INF194KA1P87;11.2378;11.2378;11.2378;07-Jul-2015
128940;IDFC FTP S -90(728 Days)_Regular Plan_Half Yearly Dividend;INF194KA1NS3;INF194KA1Q03;10.4215;10.4215;10.4215;07-Jul-2015
128941;IDFC FTP S -90(728 Days)_Regular Plan_Periodic Dividend;INF194KA1NT1;INF194KA1Q11;10.8715;10.8715;10.8715;07-Jul-2015
128937;IDFC FTP S -90(728 Days)_Regular Plan_Quaterly Dividend;INF194KA1NR5;INF194KA1P95;10.2523;10.2523;10.2523;07-Jul-2015
129011;IDFC FTP S -91(1158 Days)_Direct Plan_ Growth;INF194KA1C41;;11.0814;11.0814;11.0814;07-Jul-2015
129015;IDFC FTP S -91(1158 Days)_Regular Plan_ Growth;INF194KA1C09;;11.0565;11.0565;11.0565;07-Jul-2015
129465;IDFC FTP-S 92(735 Days)_Direct Plan_Growth;INF194KA1E07;;11.0832;11.0832;11.0832;07-Jul-2015
129462;IDFC FTP-S 92(735 Days)_Regular Plan_Growth;INF194KA1D73;;11.0703;11.0703;11.0703;07-Jul-2015
129463;IDFC FTP-S 92(735 Days)_Regular Plan_Quarterly Dividend;INF194KA1D81;;10.1342;10.1342;10.1342;07-Jul-2015
129501;IDFC FTP S - 93 (732 Days)_Regular Plan_Growth;INF194KA1F22;;11.0542;11.0542;11.0542;07-Jul-2015
129505;IDFC FTP S-93 (732 Days)_DIrect Plan_Growth;INF194KA1F55;;11.0669;11.0669;11.0669;07-Jul-2015
129929;IDFC FTP S -97 (788 Days) _Direct Plan_Growth;INF194KA1H87;;10.9988;10.9988;10.9988;07-Jul-2015
129934;IDFC FTP S-97 (788 Days)_Regular Plan_Growth;INF194KA1I11;;10.9794;10.9794;10.9794;07-Jul-2015
129985;IDFC FTP S_99(777Days)_Direct_Growth;INF194KA1J10;;10.9565;10.9565;10.9565;07-Jul-2015
129979;IDFC FTP S_99(777Days)_Regular_Growth;INF194KA1I78;;10.9338;10.9338;10.9338;07-Jul-2015
134585;IDFC FIXED TERM PLAN SERIES-108 (1144Days)- Direct Plan- Growth;INF194KA1C58;;10.1399;10.1399;10.1399;07-Jul-2015
134588;IDFC FIXED TERM PLAN SERIES-108 (1144Days)- Regular Plan- Growth;INF194KA1D16;;10.1231;10.1231;10.1231;07-Jul-2015
134583;IDFC FIXED TERM PLAN SERIES-108(1144Days)- Regular Plan- Quarterly Dividend;INF194KA1C90;;10.1231;10.1231;10.1231;07-Jul-2015

Bank of India Mutual Fund
133060;BOI AXA Capital Protection Oriented Fund Series 2  Regular Plan Growth;INF761K01DB9;;10.3675;10.3675;10.3675;07-Jul-2015
133061;BOI AXA Capital Protection Oriented Fund Series 2 Direct Plan Dividend;INF761K01CY3;;10.4076;10.4076;10.4076;07-Jul-2015
133063;BOI AXA Capital Protection Oriented Fund Series 2 Direct Plan Growth;INF761K01CZ0;;10.4076;10.4076;10.4076;07-Jul-2015
133062;BOI AXA Capital Protection Oriented Fund Series 2 Regular Plan Dividend;INF761K01DA1;;10.3674;10.3674;10.3674;07-Jul-2015
133496;BOI AXA Capital Protection Oriented Fund Series 3 Direct Plan Dividend;INF761K01DC7;;9.9939;9.9939;9.9939;07-Jul-2015
133495;BOI AXA Capital Protection Oriented Fund Series 3 Direct Plan Growth;INF761K01DD5;;9.9938;9.9938;9.9938;07-Jul-2015
133494;BOI AXA Capital Protection Oriented Fund Series 3 Regular Plan Dividend;INF761K01DE3;;9.9692;9.9692;9.9692;07-Jul-2015
133493;BOI AXA Capital Protection Oriented Fund Series 3 Regular Plan Growth;INF761K01DF0;;9.9692;9.9692;9.9692;07-Jul-2015
125371;BOI AXA Capital Protection Oriented Fund- Series 1  Direct Growth;INF761K01AY7;;12.9308;12.9308;12.9308;07-Jul-2015
125369;BOI AXA Capital Protection Oriented Fund- Series 1  Regular Dividend;INF761K01AX9;;12.7270;12.7270;12.7270;07-Jul-2015
125368;BOI AXA Capital Protection Oriented Fund- Series 1  Regular Growth;INF761K01AW1;;12.7270;12.7270;12.7270;07-Jul-2015

Baroda BNP Paribas Mutual Fund
123911;Baroda Pioneer Fixed Maturity Plan Series E -Plan B (Direct) -Dividend Payout;INF955L01FC8;;10.8312;10.8312;10.8312;07-Jul-2015
123910;Baroda Pioneer Fixed Maturity Plan Series E -Plan B (Direct)- Growth;INF955L01FB0;;11.9938;11.9938;11.9938;07-Jul-2015
123909;Baroda Pioneer Fixed Maturity Plan Series E- Plan A- Dividend Payout;INF955L01FA2;;10.8126;10.8126;10.8126;07-Jul-2015
123908;Baroda Pioneer Fixed Maturity Plan Series E- Plan A- Growth;INF955L01EZ2;;11.9501;11.9501;11.9501;07-Jul-2015
126090;Baroda Pioneer Fixed Maturity Plan Series J - Plan A - Growth;INF955L01EB3;;11.4498;11.4498;11.4498;07-Jul-2015
126091;Baroda Pioneer Fixed Maturity Plan Series J - Plan B (Direct) - Growth;INF955L01ED9;;11.4707;11.4707;11.4707;07-Jul-2015
128861;Baroda Pioneer Fixed Maturity Plan - Series N - Plan A - Growth;INF955L01ER9;;11.1123;11.1123;11.1123;07-Jul-2015
128862;Baroda Pioneer Fixed Maturity Plan - Series N - Plan B (Direct) - Growth;INF955L01ET5;;11.1284;11.1284;11.1284;07-Jul-2015
128054;Baroda Pioneer Fixed Maturity Plan Series M -Plan B (Direct) -Dividend Payout;INF955L01EQ1;;10.1752;10.1752;10.1752;07-Jul-2015
128055;Baroda Pioneer Fixed Maturity Plan Series M -Plan B (Direct)- Growth;INF955L01EP3;;11.2362;11.2362;11.2362;07-Jul-2015
128057;Baroda Pioneer Fixed Maturity Plan Series M- Plan A- Growth;INF955L01EN8;;11.2108;11.2108;11.2108;07-Jul-2015
134121;Baroda Pioneer Hybrid Fund - Series 1 - Plan A - Dividend Pay-out option;INF955L01GG7;;9.8740;9.8740;9.8740;07-Jul-2015
134122;Baroda Pioneer Hybrid Fund - Series 1- Plan A - Growth Option;INF955L01GF9;;9.8740;9.8740;9.8740;07-Jul-2015
134123;Baroda Pioneer Hybrid Fund - Series 1- Plan B (Direct) - Growth Option;INF955L01GH5;;9.9242;9.9242;9.9242;07-Jul-2015
134120;Baroda Pioneer Hybrid Fund- Series 1- Plan B (Direct) - Dividend Pay-out Option;INF955L01GI3;;9.9242;9.9242;9.9242;07-Jul-2015

BNP Paribas Mutual Fund
122286;BNP Paribas Capital Protection Oriented Fund - Direct Plan - Growth;INF251K01OD4;;13.3484;13.3484;13.3484;07-Jul-2015
122285;BNP Paribas Capital Protection Oriented Fund - Dividend Option;INF251K01IY2;;13.2748;13.2748;13.2748;07-Jul-2015
122288;BNP Paribas Capital Protection Oriented Fund - Growth;INF251K01IX4;;13.2748;13.2748;13.2748;07-Jul-2015
122857;BNP Paribas Capital Protection Oriented Fund Series II - Direct Plan - Dividend on maturity Option;INF251K01OI3;;13.6087;13.6087;13.6087;07-Jul-2015
122854;BNP Paribas Capital Protection Oriented Fund Series II - Direct Plan - Growth Option;INF251K01OH5;;13.6104;13.6104;13.6104;07-Jul-2015
122855;BNP Paribas Capital Protection Oriented Fund Series II - Dividend on Maturity Option;INF251K01OG7;;13.5428;13.5428;13.5428;07-Jul-2015
122856;BNP Paribas Capital Protection Oriented Fund Series II - Growth Option;INF251K01OF9;;13.5428;13.5428;13.5428;07-Jul-2015
125011;BNP Paribas Dual Advantage Fund - Series I Direct Plan Dividend Option;INF251K01LJ7;;11.8881;11.8881;11.8881;07-Jul-2015
125012;BNP Paribas Dual Advantage Fund - Series I Direct Plan Growth Option;INF251K01LK5;;11.8891;11.8891;11.8891;07-Jul-2015
125009;BNP Paribas Dual Advantage Fund - Series I Dividend Option;INF251K01LH1;;11.8386;11.8386;11.8386;07-Jul-2015
125010;BNP Paribas Dual Advantage Fund - Series I Growth Option;INF251K01LI9;;11.8386;11.8386;11.8386;07-Jul-2015

Canara Robeco Mutual Fund
133879;Canara Robeco Capital Protection Oriented Fund - Series 4 - Direct Plan - Growth Option;INF760K01HM9;;10.2147;10.2147;10.2147;07-Jul-2015
133881;Canara Robeco Capital Protection Oriented Fund - Series 4 - Regular Plan - Dividend Payout Option;INF760K01HP2;;10.2026;10.2026;10.2026;07-Jul-2015
133880;Canara Robeco Capital Protection Oriented Fund - Series 4 - Regular Plan - Growth Option;INF760K01HO5;;10.2026;10.2026;10.2026;07-Jul-2015
134157;Canara Robeco Capital Protection Oriented Fund - Series 5 - Direct Plan - Dividend Option;INF760K01HV0;;10.0934;10.0934;10.0934;07-Jul-2015
134156;Canara Robeco Capital protection Oriented Fund - Series 5 - Direct Plan - Growth Option;INF760K01HU2;;10.0934;10.0934;10.0934;07-Jul-2015
134159;Canara Robeco Capital protection Oriented Fund - Series 5 - Regular Plan - Growth Option;INF760K01HW8;;10.0899;10.0899;10.0899;07-Jul-2015
134158;Canara Robeco Capital protection Oriented Fund - Serries 5 - Regular Plan - Dividend option;INF760K01HX6;;10.0899;10.0899;10.0899;07-Jul-2015
131012;CANARA ROBECO CAPITAL PROTECTION ORIENDED FUND- SERIES 3 -DIRECT PLAN- DIVIDEND PAYOUT OPTION;INF760K01HF3;;10.8808;10.8808;10.8808;07-Jul-2015
131010;CANARA ROBECO CAPITAL PROTECTION ORIENTED FUND - SERIES 3-GROWTH PLAN;INF760K01HG1;;10.8404;10.8404;10.8404;07-Jul-2015
131011;CANARA ROBECO CAPITAL PROTECTION ORIENTED FUND-SERIES 3- DIvidend PLAN;INF760K01HH9;;10.8404;10.8404;10.8404;07-Jul-2015
131013;CANARA ROBECO CAPITAL PROTECTION ORIENTED FUND-SERIES 3-DIRECT PLAN-GROWTH OPTION;INF760K01HE6;;10.8808;10.8808;10.8808;07-Jul-2015
125021;Canara Robeco Capital Protection Oriented Fund- Series 2 (Plan A) - Direct Plan - Dividend;INF760K01GV2;;12.1694;12.1694;12.1694;07-Jul-2015
125020;Canara Robeco Capital Protection Oriented Fund- Series 2 (Plan A) - Direct Plan - Growth;INF760K01GU4;;12.1694;12.1694;12.1694;07-Jul-2015
125022;Canara Robeco Capital Protection Oriented Fund- Series 2 (Plan A) - Regular Plan - Dividend;INF760K01GX8;;12.0802;12.0802;12.0802;07-Jul-2015
125019;Canara Robeco Capital Protection Oriented Fund- Series 2 (Plan A) - Regular Plan - Growth;INF760K01GW0;;12.0802;12.0802;12.0802;07-Jul-2015

Deutsche Mutual Fund
117886;DWS Fixed Maturity Plan - Series 16 (DFMP - 16) - Annual Dividend (Payout Option);INF223JA1KT5;;10.825;10.825;10.825;07-Jul-2015
117888;DWS Fixed Maturity Plan - Series 16 (DFMP - 16) - Dividend (Payout Option);INF223JA1KS7;;10.5391;10.5391;10.5391;07-Jul-2015
117887;DWS Fixed Maturity Plan - Series 16 (DFMP - 16) - Growth;INF223JA1KR9;;12.5136;12.5136;12.5136;07-Jul-2015
117889;DWS Fixed Maturity Plan - Series 16 (DFMP - 16) - Quarterly Dividend (Payout Option);INF223JA1KU3;;10.5809;10.5809;10.5809;07-Jul-2015
130014;DWS FIXED MATURITY PLAN - SERIES 70 - DIRECT PLAN -GROWTH;INF223J016D1;;11.0904;11.0904;11.0904;07-Jul-2015
130019;DWS FIXED MATURITY PLAN - SERIES 70 - REGULAR PLAN -ANNUAL DIVIDEND;INF223J011D2;;10.3492;10.3492;10.3492;07-Jul-2015
130016;DWS FIXED MATURITY PLAN - SERIES 70 - REGULAR PLAN -GROWTH;INF223J012D0;;11.0157;11.0157;11.0157;07-Jul-2015
130017;DWS FIXED MATURITY PLAN - SERIES 70 - REGULAR PLAN -QUARTERLY DIVIDEND;INF223J010D4;;10.5975;10.5975;10.5975;07-Jul-2015
130018;DWS FIXED MATURITY PLAN - SERIES 70 - REGULAR PLAN -REGULAR DIVIDEND;INF223J019C7;;10.3451;10.3451;10.3451;07-Jul-2015
130036;DWS Fixed Maturity Plan - Series 71 - Direct Plan -Growth;INF223J012F5;;11.0651;11.0651;11.0651;07-Jul-2015
130033;DWS Fixed Maturity Plan - Series 71 - Regular Plan - Growth;INF223J018E5;;10.9931;10.9931;10.9931;07-Jul-2015
130032;DWS Fixed Maturity Plan - Series 71 - Regular Plan -Annual Dividend;INF223J017E7;;10.3772;10.3772;10.3772;07-Jul-2015
130034;DWS Fixed Maturity Plan - Series 71 - Regular Plan -Quarterly Dividend;INF223J016E9;;10.2853;10.2853;10.2853;07-Jul-2015
130035;DWS Fixed Maturity Plan - Series 71 - Regular Plan -Regular Dividend;INF223J015E1;;10.3741;10.3741;10.3741;07-Jul-2015
130115;DWS Fixed Maturity Plan - Series 72 - Direct Plan -Growth;INF223J014E4;;11.0894;11.0894;11.0894;07-Jul-2015
130114;DWS Fixed Maturity Plan - Series 72 - Regular Plan -Annual Dividend;INF223J019D5;;10.4112;10.4112;10.4112;07-Jul-2015
130111;DWS Fixed Maturity Plan - Series 72 - Regular Plan -Growth;INF223J010E2;;11.0259;11.0259;11.0259;07-Jul-2015
130112;DWS Fixed Maturity Plan - Series 72 - Regular Plan -Quarterly Dividend;INF223J018D7;;10.3502;10.3502;10.3502;07-Jul-2015
130113;DWS Fixed Maturity Plan - Series 72 - Regular Plan -Regular Dividend;INF223J017D9;;10.4064;10.4064;10.4064;07-Jul-2015
130811;DWS Fixed Maturity Plan - Series 75 - Direct Plan - Growth;INF223J010K9;;11.0304;11.0304;11.0304;07-Jul-2015
130813;DWS Fixed Maturity Plan - Series 75 - Regular Plan - Growth;INF223J016J8;;10.9641;10.9641;10.9641;07-Jul-2015
130814;DWS Fixed Maturity Plan - Series 75 - Regular Plan - Quarterly Dividend;INF223J014J3;;10.4496;10.4496;10.4496;07-Jul-2015
130815;DWS Fixed Maturity Plan - Series 75 - Regular Plan - Regular Dividend;INF223J013J5;;10.4474;10.4474;10.4474;07-Jul-2015
131366;DWS Fixed Maturity Plan - Series 77 - Direct Plan - Growth;INF223J018V9;;10.8753;10.8753;10.8753;07-Jul-2015
131368;DWS Fixed Maturity Plan - Series 77 - Regular Plan - Growth;INF223J014V8;;10.8318;10.8318;10.8318;07-Jul-2015
131370;DWS Fixed Maturity Plan - Series 77 - Regular Plan - Quarterly Dividend;INF223J012V2;;10.5741;10.5741;10.5741;07-Jul-2015
131449;DWS Fixed Maturity Plan - Series 78 - Direct Plan - Annual Dividend;INF223J016W1;;10.4058;10.4058;10.4058;07-Jul-2015
131493;DWS Fixed Maturity Plan - Series 78 - Direct Plan - Growth;INF223J017W9;;10.766;10.766;10.766;07-Jul-2015
131491;DWS Fixed Maturity Plan - Series 78 - Regular Plan - Growth;INF223J013W8;;10.7206;10.7206;10.7206;07-Jul-2015
133009;DWS Fixed Maturity Plan - Series 82 - Direct Plan - Growth;INF223JA1172;;10.5689;10.5689;10.5689;07-Jul-2015
133014;DWS Fixed Maturity Plan - Series 82 - Regular Plan - Growth;INF223JA1131;;10.5622;10.5622;10.5622;07-Jul-2015
133015;DWS Fixed Maturity Plan - Series 82 - Regular Plan - Quarterly Dividend;INF223JA1115;;10.5608;10.5608;10.5608;07-Jul-2015
133936;DWS Fixed Matuirty Plan - Series 85 - Regular Plan - Annual Dividend;INF223JA1AB4;;10.2654;10.2654;10.2654;07-Jul-2015
133932;DWS Fixed Maturity Plan - Series 85 - Direct Plan - Growth;INF223JA1AG3;;10.267;10.267;10.267;07-Jul-2015
133934;DWS Fixed Maturity Plan - Series 85 - Regular Plan - Growth;INF223JA1AC2;;10.2654;10.2654;10.2654;07-Jul-2015
133931;DWS Fixed Maturity Plan - Series 85 - Regular Plan - Quarterly Dividend;INF223JA1AA6;;10.2666;10.2666;10.2666;07-Jul-2015
133935;DWS Fixed Maturity Plan - Series 85 - Regular Plan - Regular Dividend;INF223JA1990;;10.2657;10.2657;10.2657;07-Jul-2015
134220;DWS Fixed Maturity Plan - Series 86 - Direct Plan - Growth;INF223JA1CH7;;10.2449;10.2449;10.2449;07-Jul-2015
134226;DWS Fixed Maturity Plan - Series 86 - Regular Plan - Growth;INF223JA1CD6;;10.2362;10.2362;10.2362;07-Jul-2015
134223;DWS Fixed Maturity Plan - Series 86 - Regular Plan - Regular Dividend;INF223JA1CA2;;10.2362;10.2362;10.2362;07-Jul-2015
134234;DWS Fixed Maturity Plan - Series 87 - Direct Plan - Growth;INF223JA1CP0;;10.2361;10.2361;10.2361;07-Jul-2015
134230;DWS Fixed Maturity Plan - Series 87 - Regular Plan - Growth;INF223JA1CL9;;10.2346;10.2346;10.2346;07-Jul-2015
134754;DWS Fixed Maturity Plan - Series 91 - Direct Option - Growth;INF223JA1HT1;;10.0645;10.0645;10.0645;07-Jul-2015
134780;DWS Fixed Maturity Plan - Series 91 - Regular Option - Growth;INF223JA1HX3;;10.0641;10.0641;10.0641;07-Jul-2015
122958;DWS FIXED MATURITY PLAN - SERIES 31 - DIRECT PLAN - DIVIDEND PAYOUT;INF223JA1JG4;;10.8966;10.8966;10.8966;07-Jul-2015
122962;DWS FIXED MATURITY PLAN - SERIES 31 - REGULAR PLAN - DIVIDEND PAYOUT;INF223JA1JB5;;10.6848;10.6848;10.6848;07-Jul-2015
122960;DWS FIXED MATURITY PLAN - SERIES 31- DIRECT PLAN - ANNUAL DIVIDEND PAYOUT;INF223JA1JJ8;;10.94;10.94;10.94;07-Jul-2015
122961;DWS FIXED MATURITY PLAN - SERIES 31- DIRECT PLAN - GROWTH;INF223JA1JK6;;11.9625;11.9625;11.9625;07-Jul-2015
122967;DWS FIXED MATURITY PLAN - SERIES 31- REGULAR PLAN - ANNUAL DIVIDEND PAYOUT;INF223JA1JE9;;10.875;10.875;10.875;07-Jul-2015
122963;DWS FIXED MATURITY PLAN - SERIES 31- REGULAR PLAN - GROWTH;INF223JA1JF6;;11.9047;11.9047;11.9047;07-Jul-2015
122966;DWS FIXED MATURITY PLAN - SERIES 31- REGULAR PLAN - QUARTERLY DIVIDEND;INF223JA1JD1;;10.6511;10.6511;10.6511;07-Jul-2015
123245;DWS FIXED MATURITY PLAN - SERIES 32- DIRECT PLAN - GROWTH;INF223J018L0;;12.0065;12.0065;12.0065;07-Jul-2015
123242;DWS FIXED MATURITY PLAN - SERIES 32- REGULAR PLAN - GROWTH;INF223J013L1;;11.943;11.943;11.943;07-Jul-2015
123383;DWS FIXED MATURITY PLAN - SERIES 33 - REGULAR PLAN - DIVIDEND PAYOUT;INF223JA1JL4;;10.732;10.732;10.732;07-Jul-2015
123390;DWS FIXED MATURITY PLAN - SERIES 33- DIRECT PLAN - GROWTH;INF223JA1JU5;;11.9114;11.9114;11.9114;07-Jul-2015
123385;DWS FIXED MATURITY PLAN - SERIES 33- REGULAR PLAN - GROWTH;INF223JA1JP5;;11.8558;11.8558;11.8558;07-Jul-2015
123855;DWS FIXED MATURITY PLAN - SERIES 34 - DIRECT PLAN - GROWTH;INF223J016R1;;11.985;11.985;11.985;07-Jul-2015
123856;DWS FIXED MATURITY PLAN - SERIES 34 - REGULAR PLAN - DIVIDEND PAYOUT;INF223J013R8;;10.7975;10.7975;10.7975;07-Jul-2015
123857;DWS FIXED MATURITY PLAN - SERIES 34 - REGULAR PLAN - GROWTH;INF223J014R6;;11.9375;11.9375;11.9375;07-Jul-2015
124155;DWS FIXED MATURITY PLAN - SERIES 37 - DIRECT PLAN - GROWTH;INF223JA1JY7;;11.8188;11.8188;11.8188;07-Jul-2015
124157;DWS FIXED MATURITY PLAN - SERIES 37 - REGULAR PLAN - DIVIDEND PAYOUT;INF223JA1JV3;;10.6766;10.6766;10.6766;07-Jul-2015
124156;DWS FIXED MATURITY PLAN - SERIES 37 - REGULAR PLAN - GROWTH;INF223JA1JW1;;11.7547;11.7547;11.7547;07-Jul-2015
124321;DWS FIXED MATURITY PLAN - SERIES 38 - DIRECT PLAN - DIVIDEND PAYOUT;INF223J01ZT7;;10.4515;10.4515;10.4515;07-Jul-2015
124323;DWS FIXED MATURITY PLAN - SERIES 38 - DIRECT PLAN - GROWTH;INF223J01ZU5;;11.8979;11.8979;11.8979;07-Jul-2015
124325;DWS FIXED MATURITY PLAN - SERIES 38 - REGULAR PLAN - DIVIDEND PAYOUT;INF223J01ZR1;;10.4228;10.4228;10.4228;07-Jul-2015
124324;DWS FIXED MATURITY PLAN - SERIES 38 - REGULAR PLAN - GROWTH;INF223J01ZS9;;11.8137;11.8137;11.8137;07-Jul-2015
124577;DWS FIXED MATURITY PLAN - SERIES 39 - DIRECT PLAN - DIVIDEND PAYOUT;INF223J018X5;;10.502;10.502;10.502;07-Jul-2015
124587;DWS FIXED MATURITY PLAN - SERIES 39 - DIRECT PLAN - GROWTH;INF223J019X3;;11.4943;11.4943;11.4943;07-Jul-2015
124586;DWS FIXED MATURITY PLAN - SERIES 39 - REGULAR PLAN - GROWTH;INF223J017X7;;11.4576;11.4576;11.4576;07-Jul-2015
126849;DWS FIXED MATURITY PLAN - SERIES 45 - DIRECT PLAN -GROWTH;INF223JA1GD7;;11.3169;11.3169;11.3169;07-Jul-2015
126853;DWS FIXED MATURITY PLAN - SERIES 45 - REGULAR PLAN -GROWTH;INF223JA1FZ2;;11.2462;11.2462;11.2462;07-Jul-2015
127326;DWS FIXED MATURITY PLAN - SERIES 49 - DIRECT PLAN -GROWTH;INF223JA1EC4;;11.2933;11.2933;11.2933;07-Jul-2015
127323;DWS FIXED MATURITY PLAN - SERIES 49 - REGULAR PLAN -GROWTH;INF223JA1DY0;;11.26;11.26;11.26;07-Jul-2015
127978;DWS FIXED MATURITY PLAN - SERIES 54 - DIRECT PLAN -GROWTH;INF223JA1ET8;;11.1886;11.1886;11.1886;07-Jul-2015
127980;DWS FIXED MATURITY PLAN - SERIES 54 - REGULAR PLAN -GROWTH;INF223JA1EO9;;11.1633;11.1633;11.1633;07-Jul-2015
128024;DWS FIXED MATURITY PLAN - SERIES 56 - DIRECT PLAN -GROWTH;INF223JA1HJ2;;11.3196;11.3196;11.3196;07-Jul-2015
128026;DWS FIXED MATURITY PLAN - SERIES 56 - REGULAR PLAN -GROWTH;INF223JA1HF0;;11.2273;11.2273;11.2273;07-Jul-2015
128384;DWS FIXED MATURITY PLAN - SERIES 57 - DIRECT PLAN -GROWTH;INF223JA1FB3;;11.1975;11.1975;11.1975;07-Jul-2015
128385;DWS FIXED MATURITY PLAN - SERIES 57 - REGULAR PLAN -GROWTH;INF223JA1EX0;;11.1693;11.1693;11.1693;07-Jul-2015
128096;DWS FIXED MATURITY PLAN - SERIES 58 - DIRECT PLAN -GROWTH;INF223J01Q84;;11.3736;11.3736;11.3736;07-Jul-2015
128098;DWS FIXED MATURITY PLAN - SERIES 58 - REGULAR PLAN -GROWTH;INF223J01Q43;;11.2854;11.2854;11.2854;07-Jul-2015
128099;DWS FIXED MATURITY PLAN - SERIES 58 - REGULAR PLAN -QUARTERLY DIVIDEND;INF223J01Q27;;10.2907;10.2907;10.2907;07-Jul-2015
128094;DWS FIXED MATURITY PLAN - SERIES 58 - REGULAR PLAN -REGULAR DIVIDEND;INF223J01Q19;;10.391;10.391;10.391;07-Jul-2015
128614;DWS FIXED MATURITY PLAN - SERIES 60 - DIRECT PLAN -ANNUAL DIVIDEND;INF223J01T99;;10.4685;10.4685;10.4685;07-Jul-2015
128615;DWS FIXED MATURITY PLAN - SERIES 60 - DIRECT PLAN -GROWTH;INF223J01U05;;11.4633;11.4633;11.4633;07-Jul-2015
128621;DWS FIXED MATURITY PLAN - SERIES 60 - REGULAR PLAN -GROWTH;INF223J01T65;;11.3898;11.3898;11.3898;07-Jul-2015
128618;DWS FIXED MATURITY PLAN - SERIES 60 - REGULAR PLAN -REGULAR DIVIDEND;INF223J01T32;;10.4419;10.4419;10.4419;07-Jul-2015
128619;DWS FIXED MATURITY PLAN- SERIES 60 - REGULAR PLAN -ANNUAL DIVIDEND;INF223J01T57;;10.4484;10.4484;10.4484;07-Jul-2015
128659;DWS FIXED MATURITY PLAN - SERIES 61 - DIRECT PLAN -GROWTH;INF223JA1FJ6;;11.1659;11.1659;11.1659;07-Jul-2015
128657;DWS FIXED MATURITY PLAN - SERIES 61 - REGULAR PLAN -GROWTH;INF223JA1FF4;;11.1243;11.1243;11.1243;07-Jul-2015
128716;DWS FIXED MATURITY PLAN - SERIES 62 - DIRECT PLAN -GROWTH;INF223JA1DV6;;11.169;11.169;11.169;07-Jul-2015
128718;DWS FIXED MATURITY PLAN - SERIES 62 - REGULAR PLAN -GROWTH;INF223JA1DR4;;11.1605;11.1605;11.1605;07-Jul-2015
128719;DWS FIXED MATURITY PLAN - SERIES 62 - REGULAR PLAN -REGULAR DIVIDEND;INF223JA1DO1;;10.2325;10.2325;10.2325;07-Jul-2015
128706;DWS FIXED MATURITY PLAN - SERIES 63 - DIRECT PLAN -ANNUAL DIVIDEND;INF223JA1FQ1;;10.6799;10.6799;10.6799;07-Jul-2015
128729;DWS FIXED MATURITY PLAN - SERIES 63 - DIRECT PLAN -GROWTH;INF223JA1FR9;;11.1065;11.1065;11.1065;07-Jul-2015
128730;DWS FIXED MATURITY PLAN - SERIES 63 - REGULAR PLAN -GROWTH;INF223JA1FN8;;11.093;11.093;11.093;07-Jul-2015
129161;DWS FIXED MATURITY PLAN - SERIES 64 - DIRECT PLAN -GROWTH;INF223J01Y84;;11.3486;11.3486;11.3486;07-Jul-2015
129163;DWS FIXED MATURITY PLAN - SERIES 64 - REGULAR PLAN -GROWTH;INF223J01Y43;;11.2648;11.2648;11.2648;07-Jul-2015
129164;DWS FIXED MATURITY PLAN - SERIES 64 - REGULAR PLAN -QUARTERLY DIVIDEND;INF223J01Y27;;10.4777;10.4777;10.4777;07-Jul-2015
129165;DWS FIXED MATURITY PLAN - SERIES 64 - REGULAR PLAN -REGULAR DIVIDEND;INF223J01Y19;;10.4282;10.4282;10.4282;07-Jul-2015
129166;DWS FIXED MATURITY PLAN- SERIES 64 - REGULAR PLAN -ANNUAL DIVIDEND;INF223J01Y35;;10.4281;10.4281;10.4281;07-Jul-2015
129141;DWS FIXED MATURITY PLAN - SERIES 66 - DIRECT PLAN -GROWTH;INF223J01Y01;;11.2913;11.2913;11.2913;07-Jul-2015
129145;DWS FIXED MATURITY PLAN - SERIES 66 - REGULAR PLAN -GROWTH;INF223J01X69;;11.2048;11.2048;11.2048;07-Jul-2015
129146;DWS FIXED MATURITY PLAN - SERIES 66 - REGULAR PLAN -QUARTERLY DIVIDEND;INF223J01X44;;10.3149;10.3149;10.3149;07-Jul-2015
129142;DWS FIXED MATURITY PLAN - SERIES 66 - REGULAR PLAN -REGULAR DIVIDEND;INF223J01X36;;10.3664;10.3664;10.3664;07-Jul-2015
129565;DWS FIXED MATURITY PLAN - SERIES 68 - DIRECT PLAN -GROWTH;INF223J012B4;;11.2015;11.2015;11.2015;07-Jul-2015
129570;DWS FIXED MATURITY PLAN - SERIES 68 - REGULAR PLAN -ANNUAL DIVIDEND;INF223J017A5;;10.3883;10.3883;10.3883;07-Jul-2015
129568;DWS FIXED MATURITY PLAN - SERIES 68 - REGULAR PLAN -QUARTERLY DIVIDEND;INF223J016A7;;10.3361;10.3361;10.3361;07-Jul-2015
129569;DWS FIXED MATURITY PLAN - SERIES 68 - REGULAR PLAN -REGULAR DIVIDEND;INF223J015A9;;10.3851;10.3851;10.3851;07-Jul-2015
129567;DWS FIXED MATURITY PLAN - SERIES 68 - REGULAR PLAN-GROWTH;INF223J018A3;;11.1211;11.1211;11.1211;07-Jul-2015
129581;DWS FIXED MATURITY PLAN - SERIES 69 - DIRECT PLAN -GROWTH;INF223J010C6;;11.1866;11.1866;11.1866;07-Jul-2015
129580;DWS FIXED MATURITY PLAN - SERIES 69 - REGULAR PLAN -ANNUAL DIVIDEND;INF223J015B7;;10.4258;10.4258;10.4258;07-Jul-2015
129575;DWS FIXED MATURITY PLAN - SERIES 69 - REGULAR PLAN -GROWTH;INF223J016B5;;11.1045;11.1045;11.1045;07-Jul-2015
129578;DWS FIXED MATURITY PLAN - SERIES 69 - REGULAR PLAN -QUARTERLY DIVIDEND;INF223J014B0;;10.4823;10.4823;10.4823;07-Jul-2015
129577;DWS FIXED MATURITY PLAN - SERIES 69 - REGULAR PLAN -REGULAR DIVIDEND;INF223J013B2;;10.3324;10.3324;10.3324;07-Jul-2015
129748;DWS Hybird Fixed Term Fund - Series 22 - DIRECT PLAN -QUARTERLY DIVIDEND;INF223J016C3;;10.7415;10.7415;10.7415;07-Jul-2015
129749;DWS Hybird Fixed Term fund - Series 22 - REGULAR PLAN -QUARTERLY DIVIDEND;INF223J012C2;;10.5585;10.5585;10.5585;07-Jul-2015
129747;DWS Hybrid Fixed Term Fund - Series 22 - DIRECT PLAN -GROWTH;INF223J018C9;;11.2625;11.2625;11.2625;07-Jul-2015
129750;DWS Hybrid Fixed Term Fund - Series 22 - REGULAR PLAN -ANNUAL DIVIDEND;INF223J013C0;;10.5683;10.5683;10.5683;07-Jul-2015
129751;DWS Hybrid Fixed Term Fund - Series 22 - REGULAR PLAN -GROWTH;INF223J014C8;;11.0754;11.0754;11.0754;07-Jul-2015
129752;DWS Hybrid Fixed Term Fund - Series 22 - REGULAR PLAN -REGULAR DIVIDEND;INF223J011C4;;10.5615;10.5615;10.5615;07-Jul-2015
117890;DWS Hybrid Fixed Term Fund - Series 10 - Annual Dividend (Payout);INF223J01MG2;;10.7805;10.7805;10.7805;07-Jul-2015
117891;DWS Hybrid Fixed Term Fund - Series 10 - Growth;INF223J01MI8;;12.4005;12.4005;12.4005;07-Jul-2015
117892;DWS Hybrid Fixed Term Fund - Series 10 - Quarterly Dividend (Payout);INF223J01MH0;;10.6934;10.6934;10.6934;07-Jul-2015
117893;DWS Hybrid Fixed Term Fund - Series 10 - Regular Dividend (Payout);INF223J01MF4;;10.6714;10.6714;10.6714;07-Jul-2015
120904;DWS Hybrid Fixed Term Fund - Series 11 - Direct Plan - Dividend (Payout);INF223J01RF3;;12.342;12.342;12.342;07-Jul-2015
120907;DWS Hybrid Fixed Term Fund - Series 11 - Direct Plan - Growth;INF223J01RG1;;13.5845;13.5845;13.5845;07-Jul-2015
120905;DWS Hybrid Fixed Term Fund - Series 11 - Regular Plan - Dividend (Payout);INF223J01RD8;;12.2932;12.2932;12.2932;07-Jul-2015
120906;DWS Hybrid Fixed Term Fund - Series 11 - Regular Plan - Growth;INF223J01RE6;;13.3743;13.3743;13.3743;07-Jul-2015
121401;DWS Hybrid Fixed Term Fund - Series 12 - Direct Plan - Growth;INF223J01SS4;;14.2659;14.2659;14.2659;07-Jul-2015
121399;DWS Hybrid Fixed Term Fund - Series 12 - Regular Plan - Dividend (Payout);INF223J01SP0;;13.1052;13.1052;13.1052;07-Jul-2015
121402;DWS Hybrid Fixed Term Fund - Series 12 - Regular Plan - Growth;INF223J01SQ8;;14.0339;14.0339;14.0339;07-Jul-2015
121750;DWS Hybrid Fixed Term Fund - Series 13 - Direct Plan - Growth;INF223J01TK9;;12.576;12.576;12.576;07-Jul-2015
121748;DWS Hybrid Fixed Term Fund - Series 13 - Regular Plan - Dividend (Payout);INF223J01TH5;;10.8769;10.8769;10.8769;07-Jul-2015
121749;DWS Hybrid Fixed Term Fund - Series 13 - Regular Plan - Growth;INF223J01TI3;;12.2235;12.2235;12.2235;07-Jul-2015
122596;DWS Hybrid Fixed Term Fund - Series 14 - Direct Plan - Growth;INF223J01VC2;;13.8523;13.8523;13.8523;07-Jul-2015
122595;DWS Hybrid Fixed Term Fund - Series 14 - Regular Plan - Dividend (Payout);INF223J01UZ5;;12.7118;12.7118;12.7118;07-Jul-2015
122594;DWS Hybrid Fixed Term Fund - Series 14 - Regular Plan - Growth;INF223J01VA6;;13.4768;13.4768;13.4768;07-Jul-2015
124899;DWS Hybrid Fixed Term Fund - Series 17 - Direct Plan - Growth;INF223J01B08;;12.0636;12.0636;12.0636;07-Jul-2015
124900;DWS Hybrid Fixed Term Fund - Series 17 - Regular Plan - Dividend (Payout);INF223J01A74;;10.9655;10.9655;10.9655;07-Jul-2015
124898;DWS Hybrid Fixed Term Fund - Series 17 - Regular Plan - Growth;INF223J01A82;;11.7412;11.7412;11.7412;07-Jul-2015
125423;DWS Hybrid Fixed Term Fund - Series 19 - Direct Plan - Growth;INF223J01C23;;11.8236;11.8236;11.8236;07-Jul-2015
125424;DWS Hybrid Fixed Term Fund - Series 19 - Regular Plan - Dividend (Payout);INF223J01B99;;10.8149;10.8149;10.8149;07-Jul-2015
125425;DWS Hybrid Fixed Term Fund - Series 19 - Regular Plan - Growth;INF223J01C07;;11.5973;11.5973;11.5973;07-Jul-2015
129154;DWS Hybrid Fixed Term Fund - Series 21  - DIRECT PLAN -GROWTH;INF223J014A2;;11.619;11.619;11.619;07-Jul-2015
129156;DWS Hybrid Fixed Term Fund - Series 21  - REGULAR PLAN -GROWTH;INF223J010A0;;11.3979;11.3979;11.3979;07-Jul-2015
129157;DWS Hybrid Fixed Term Fund - Series 21  - REGULAR PLAN -QUARTERLY DIVIDEND;INF223J01Z83;;10.8814;10.8814;10.8814;07-Jul-2015
129158;DWS Hybrid Fixed Term Fund - Series 21  - REGULAR PLAN -REGULAR DIVIDEND;INF223J01Z75;;10.8404;10.8404;10.8404;07-Jul-2015
129159;DWS Hybrid Fixed Term Fund - Series 21 - REGULAR PLAN -ANNUAL DIVIDEND;INF223J01Z91;;10.8404;10.8404;10.8404;07-Jul-2015
130277;DWS Hybrid Fixed Term Fund - Series 23 - Direct Plan -Growth;INF223J018G0;;11.363;11.363;11.363;07-Jul-2015
130275;DWS Hybrid Fixed Term Fund - Series 23 - Regular Plan -Annual Dividend;INF223J013G1;;10.825;10.825;10.825;07-Jul-2015
130278;DWS Hybrid Fixed Term Fund - Series 23 - Regular Plan -Growth;INF223J014G9;;11.1754;11.1754;11.1754;07-Jul-2015
130279;DWS Hybrid Fixed Term Fund - Series 23 - Regular Plan -Quarterly Dividend;INF223J012G3;;10.8191;10.8191;10.8191;07-Jul-2015
130280;DWS Hybrid Fixed Term Fund - Series 23 - Regular Plan -Regular Dividend;INF223J011G5;;10.8417;10.8417;10.8417;07-Jul-2015
130848;DWS Hybrid Fixed Term Dund - Series 26 - Direct Plan - Growth;INF223J018O4;;10.8476;10.8476;10.8476;07-Jul-2015
130846;DWS Hybrid Fixed Term Fund - Series 26 - Direct Plan - Annunal Dividend;INF223J017O6;;10.4967;10.4967;10.4967;07-Jul-2015
130853;DWS Hybrid Fixed Term Fund - Series 26 - Regular Plan - Annual Dividend;INF223J013O5;;10.4551;10.4551;10.4551;07-Jul-2015
130850;DWS Hybrid Fixed Term Fund - Series 26 - Regular Plan - Growth;INF223J014O3;;10.7047;10.7047;10.7047;07-Jul-2015
130851;DWS Hybrid Fixed Term Fund - Series 26 - Regular Plan - Quarterly Dividend;INF223J012O7;;10.4534;10.4534;10.4534;07-Jul-2015
130852;DWS Hybrid Fixed Term Fund - Series 26 - Regular Plan - Regular Dividend;INF223J011O9;;10.4551;10.4551;10.4551;07-Jul-2015
130819;DWS Hybrid Fixed Term Fund - Series 27 - Direct Plan - Dividend;INF223J015K8;;10.78;10.78;10.78;07-Jul-2015
130818;DWS Hybrid Fixed Term Fund - Series 27 - Direct Plan - Growth;INF223J018K2;;11.0799;11.0799;11.0799;07-Jul-2015
130824;DWS Hybrid Fixed Term Fund - Series 27 - Regular Plan - Growth;INF223J014K1;;10.9895;10.9895;10.9895;07-Jul-2015
130823;DWS Hybrid Fixed Term Fund - Series 27 - Regular Plan - Regular Dividend;INF223J011K7;;10.7405;10.7405;10.7405;07-Jul-2015
131114;DWS Hybrid Fixed Term Fund - Series 29 - Direct Plan - Growth;INF223J012R0;;10.9003;10.9003;10.9003;07-Jul-2015
131119;DWS Hybrid Fixed Term Fund - Series 29 - Regular Plan - Annual Dividend;INF223J017Q1;;10.4375;10.4375;10.4375;07-Jul-2015
131116;DWS Hybrid Fixed Term Fund - Series 29 - Regular Plan - Growth;INF223J018Q9;;10.8458;10.8458;10.8458;07-Jul-2015
131117;DWS Hybrid Fixed Term Fund - Series 29 - Regular Plan - Quarterly Dividend;INF223J016Q3;;10.5882;10.5882;10.5882;07-Jul-2015
131118;DWS Hybrid Fixed Term Fund - Series 29 - Regular Plan - Regular Dividend;INF223J015Q5;;10.4376;10.4376;10.4376;07-Jul-2015
131499;DWS Hybrid Fixed Term Fund - Series 31 - Direct Plan - Growth;INF223J015X1;;10.894;10.894;10.894;07-Jul-2015
131504;DWS Hybrid Fixed Term Fund - Series 31 - Regular Plan - Annual Dividend;INF223J010X2;;10.7655;10.7655;10.7655;07-Jul-2015
131501;DWS Hybrid Fixed Term Fund - Series 31 - Regular Plan - Growth;INF223J011X0;;10.7655;10.7655;10.7655;07-Jul-2015
131502;DWS Hybrid Fixed Term Fund - Series 31 - Regular Plan - Quarterly Dividend;INF223J019W5;;10.7655;10.7655;10.7655;07-Jul-2015
131503;DWS Hybrid Fixed Term Fund - Series 31 - Regular Plan - Regular Dividend;INF223J018W7;;10.7655;10.7655;10.7655;07-Jul-2015
132936;DWS Hybrid Fixed Term Fund - Series 32 - Direct Plan - Growth;INF223JA1032;;10.3225;10.3225;10.3225;07-Jul-2015
132940;DWS Hybrid Fixed Term Fund - Series 32 - Regular Plan - Annual Dividend;INF223JA1065;;10.2181;10.2181;10.2181;07-Jul-2015
132939;DWS Hybrid Fixed Term Fund - Series 32 - Regular Plan - Growth;INF223JA1073;;10.2182;10.2182;10.2182;07-Jul-2015
132941;DWS Hybrid Fixed Term Fund - Series 32 - Regular Plan - Quarterly Dividend;INF223JA1081;;10.2181;10.2181;10.2181;07-Jul-2015
132942;DWS Hybrid Fixed Term Fund - Series 32 - Regular Plan - Regular Dividend;INF223JA1099;;10.2181;10.2181;10.2181;07-Jul-2015
133352;DWS Hybird Fixed Term Fund - Series 33 - Regular Plan - Growth;INF223JA1339;;9.9003;9.9003;9.9003;07-Jul-2015
133348;DWS Hybrid Fixed Term Fund - Sereis 33 - Direct Plan - Dividend;INF223JA1347;;9.9748;9.9748;9.9748;07-Jul-2015
133345;DWS Hybrid Fixed Term Fund - Series 33 - Direct Plan - Growth;INF223JA1370;;9.9748;9.9748;9.9748;07-Jul-2015
133351;DWS Hybrid Fixed term Fund - Series 33 - Regular Plan - Annual Dividend;INF223JA1321;;9.9003;9.9003;9.9003;07-Jul-2015
133349;DWS Hybrid Fixed Term Fund - Series 33 - Regular Plan - Quarterly Dividend;INF223JA1313;;9.9003;9.9003;9.9003;07-Jul-2015
133350;DWS Hybrid Fixed Term Fund - Series 33 - Regular Plan - Regular Dividend;INF223JA1305;;9.9003;9.9003;9.9003;07-Jul-2015
133621;DWS Hybrid Fixed Term Fund - Series 34 - Direct Plan - Growth;INF223JA1537;;10.0412;10.0412;10.0412;07-Jul-2015
133626;DWS Hybrid Fixed Term Fund - Series 34 - Regular Plan - Annual Dividend;INF223JA1487;;9.98;9.98;9.98;07-Jul-2015
133624;DWS Hybrid Fixed Term Fund - Series 34 - Regular Plan - Growth;INF223JA1495;;9.98;9.98;9.98;07-Jul-2015
133627;DWS Hybrid Fixed Term Fund - Series 34 - Regular Plan - Quarterly Dividend;INF223JA1479;;9.98;9.98;9.98;07-Jul-2015
133625;DWS Hybrid Fixed Term Fund - Series 34 - Regular Plan - Regular Dividend;INF223JA1461;;9.98;9.98;9.98;07-Jul-2015
133726;DWS Hybrid Fixed Term Fund - Series 35 - Direct Plan - Dividend;INF223JA1719;;9.8439;9.8439;9.8439;07-Jul-2015
133727;DWS Hybrid fixed Term Fund - Series 35 - Direct Plan - Growth;INF223JA1743;;9.8444;9.8444;9.8444;07-Jul-2015
133732;DWS Hybrid Fixed Term Fund - Series 35 - Regular Plan - Annual Dividend;INF223JA1693;;9.7866;9.7866;9.7866;07-Jul-2015
133729;DWS Hybrid Fixed Term Fund - Series 35 - Regular Plan - Growth;INF223JA1701;;9.7865;9.7865;9.7865;07-Jul-2015
133730;DWS Hybrid Fixed Term Fund - Series 35 - Regular Plan - Quarterly Dividend;INF223JA1685;;9.7866;9.7866;9.7866;07-Jul-2015
133731;DWS Hybrid Fixed Term Fund - Series 35 - Regular Plan - Regular Dividend;INF223JA1677;;9.7866;9.7866;9.7866;07-Jul-2015
134146;DWS Hybrid Fixed Term Fund - Series 37 - Direct Plan - Growth;INF223JA1BR8;;9.8573;9.8573;9.8573;07-Jul-2015
134145;DWS hybrid Fixed Term Fund - Series 37 - Regular Plan - Annual Dividend;INF223JA1BM9;;9.8069;9.8069;9.8069;07-Jul-2015
134142;DWS Hybrid Fixed Term Fund - Series 37 - Regular Plan - Growth;INF223JA1BN7;;9.8069;9.8069;9.8069;07-Jul-2015
134143;DWS Hybrid Fixed Term Fund - Series 37 - Regular Plan - Quarterly Dividend;INF223JA1BL1;;9.807;9.807;9.807;07-Jul-2015
134144;DWS Hybrid Fixed Term Fund - Series 37 - Regular Plan - Regular Dividend;INF223JA1BK3;;9.807;9.807;9.807;07-Jul-2015
134700;DWS Hybrid Fixed Term Fund - Series 39 - Direct Plan - Annual Dividend;INF223JA1HK0;;10.1511;10.1511;10.1511;07-Jul-2015
134699;DWS Hybrid Fixed Term Fund - Series 39 - Direct Plan - Growth;INF223JA1HL8;;10.1515;10.1515;10.1515;07-Jul-2015
134697;DWS Hybrid Fixed Term Fund - Series 39 - Direct Plan - Regular Dividend;INF223JA1HN4;;10.1515;10.1515;10.1515;07-Jul-2015
134704;DWS Hybrid Fixed Term Fund - Series 39 - Regular Plan - Annual Dividend;INF223JA1HO2;;10.1442;10.1442;10.1442;07-Jul-2015
134701;DWS Hybrid Fixed Term Fund - Series 39 - Regular Plan - Growth;INF223JA1HP9;;10.1442;10.1442;10.1442;07-Jul-2015
134702;DWs Hybrid Fixed Term Fund - Series 39 - Regular Plan - Quarterly Dividend;INF223JA1HQ7;;10.1442;10.1442;10.1442;07-Jul-2015
134703;DWS Hybrid Fixed Term Fund - Series 39 - Regular Plan - Regular Dividend;INF223JA1HR5;;10.1442;10.1442;10.1442;07-Jul-2015
116417;DWS Hybrid Fixed Term Fund - Series 4 - Dividend (Payout);INF223JA1669;;10.006;10.006;10.006;07-Jul-2015
116416;DWS Hybrid Fixed Term Fund - Series 4- Growth;INF223JA1651;;15.2586;15.2586;15.2586;07-Jul-2015
116684;DWS Hybrid Fixed Term Fund - Series 5 - Dividend (Payout);INF223JA1AW0;;12.9093;12.9093;12.9093;07-Jul-2015
116683;DWS Hybrid Fixed Term Fund - Series 5 - Growth;INF223JA1AV2;;14.1554;14.1554;14.1554;07-Jul-2015
117134;DWS Hybrid Fixed Term Fund - Series 6 - Dividend (Payout);INF223JA1KI8;;14.6251;14.6251;14.6251;07-Jul-2015
117135;DWS Hybrid Fixed Term Fund - Series 6 - Growth;INF223JA1KH0;;15.6603;15.6603;15.6603;07-Jul-2015
117566;DWS Hybrid Fixed Term Fund - Series 7 - Annual Dividend (Payout);INF223JA1KX7;;13.792;13.792;13.792;07-Jul-2015
117565;DWS Hybrid Fixed Term Fund - Series 7 - Dividend (Payout);INF223JA1KW9;;13.9908;13.9908;13.9908;07-Jul-2015
117568;DWS Hybrid Fixed Term Fund - Series 7 - Growth;INF223JA1KV1;;14.9737;14.9737;14.9737;07-Jul-2015
117567;DWS Hybrid Fixed Term Fund - Series 7 - Quarterly Dividend (Payout);INF223JA1KY5;;13.514;13.514;13.514;07-Jul-2015
117817;DWS Hybrid Fixed Term Fund - Series 8 - Annual Dividend (Payout);INF223JA1KP3;;13.5285;13.5285;13.5285;07-Jul-2015
117818;DWS Hybrid Fixed Term Fund - Series 8 - Dividend (Payout);INF223JA1KO6;;13.5912;13.5912;13.5912;07-Jul-2015
117819;DWS Hybrid Fixed Term Fund - Series 8 - Growth;INF223JA1KN8;;14.5739;14.5739;14.5739;07-Jul-2015
117820;DWS Hybrid Fixed Term Fund - Series 8 - Quarterly Dividend (Payout);INF223JA1KQ1;;13.2539;13.2539;13.2539;07-Jul-2015
117885;DWS Hybrid Fixed Term Fund - Series 9 - Annual Dividend (Payout);INF223JA1KL2;;12.7136;12.7136;12.7136;07-Jul-2015
117884;DWS Hybrid Fixed Term Fund - Series 9 - Growth;INF223JA1KJ6;;13.7274;13.7274;13.7274;07-Jul-2015
117883;DWS Hybrid Fixed Term Fund - Series 9 - Quarterly Dividend (Payout);INF223JA1KM0;;12.4586;12.4586;12.4586;07-Jul-2015
117882;DWS Hybrid Fixed Term Fund - Series 9 - Regular Dividend (Payout);INF223JA1KK4;;12.7136;12.7136;12.7136;07-Jul-2015
122448;DWS Interval Fund - Annual Plan Series 1 (DIF 1)- Direct Plan-Growth;INF223J01UY8;;11.8191;11.8191;11.8191;07-Jul-2015
122452;DWS Interval Fund - Annual Plan Series 1 (DIF 1)- Regular Plan-Annual Dividend;INF223J01US0;;10.8892;10.8892;10.8892;07-Jul-2015
122451;DWS Interval Fund - Annual Plan Series 1 (DIF 1)- Regular Plan-Growth;INF223J01UT8;;11.8072;11.8072;11.8072;07-Jul-2015
122450;DWS Interval Fund - Annual Plan Series 1 (DIF 1)-Regular Plan-Quarterly Dividend;INF223J01UQ4;;10.8959;10.8959;10.8959;07-Jul-2015

DSP Mutual Fund
120817;DSP BlackRock Dual Advantage Fund - Series 11 - 36M - Direct Plan - Dividend Payout Option (Maturity Date 04-Apr-2016);INF740KA1223;;13.9855;13.9855;13.9855;07-Jul-2015
120816;DSP BlackRock Dual Advantage Fund - Series 11 - 36M - Direct Plan - Growth Option (Maturity Date 04-Apr-2016);INF740KA1215;;13.9855;13.9855;13.9855;07-Jul-2015
118865;DSP BlackRock Dual Advantage Fund - Series 11 - 36M - Regular Plan - Dividend Payout Option (Maturity Date 04-Apr-2016);INF740KA1207;;13.8002;13.8002;13.8002;07-Jul-2015
118864;DSP BlackRock Dual Advantage Fund - Series 11 - 36M - Regular Plan - Growth Option (Maturity Date 04-Apr-2016);INF740KA1199;;13.8002;13.8002;13.8002;07-Jul-2015
121093;DSP BlackRock Dual Advantage Fund - Series 13 - 35M - Direct Plan - Dividend Payout Option (Maturity Date 04-Apr-2016);INF740KA1264;;14.1902;14.1902;14.1902;07-Jul-2015
121094;DSP BlackRock Dual Advantage Fund - Series 13 - 35M - Direct Plan - Growth Option (Maturity Date 04-Apr-2016);INF740KA1256;;14.1902;14.1902;14.1902;07-Jul-2015
121091;DSP BlackRock Dual Advantage Fund - Series 13 - 35M - Regular Plan - Dividend Payout Option (Maturity Date 04-Apr-2016);INF740KA1249;;14.0087;14.0087;14.0087;07-Jul-2015
121092;DSP BlackRock Dual Advantage Fund - Series 13 - 35M - Regular Plan - Growth Option (Maturity Date 04-Apr-2016);INF740KA1231;;14.0087;14.0087;14.0087;07-Jul-2015
122160;DSP BlackRock Dual Advantage Fund - Series 14 - 33M - Direct Plan - Dividend Payout Option (Maturity Date 03-May-2016);INF740KA1306;;14.1805;14.1805;14.1805;07-Jul-2015
122162;DSP BlackRock Dual Advantage Fund - Series 14 - 33M - Direct Plan - Growth Option (Maturity Date 03-May-2016);INF740KA1298;;14.1805;14.1805;14.1805;07-Jul-2015
122161;DSP BlackRock Dual Advantage Fund - Series 14 - 33M - Regular Plan - Dividend Payout Option (Maturity Date 03-May-2016);INF740KA1280;;14.0260;14.0260;14.0260;07-Jul-2015
122159;DSP BlackRock Dual Advantage Fund - Series 14 - 33M - Regular Plan - Growth Option (Maturity Date 03-May-2016);INF740KA1272;;14.0260;14.0260;14.0260;07-Jul-2015
122488;DSP BlackRock Dual Advantage Fund - Series 15 - 36M - Direct Plan - Dividend Payout Option;INF740K01VI0;;13.6181;13.6181;13.6181;07-Jul-2015
122487;DSP BlackRock Dual Advantage Fund - Series 15 - 36M - Direct Plan - Growth Option;INF740K01VH2;;13.6181;13.6181;13.6181;07-Jul-2015
122490;DSP BlackRock Dual Advantage Fund - Series 15 - 36M - Regular Plan - Dividend Payout Option;INF740K01VG4;;13.4726;13.4726;13.4726;07-Jul-2015
122489;DSP BlackRock Dual Advantage Fund - Series 15 - 36M - Regular Plan - Growth Option;INF740K01VF6;;13.4726;13.4726;13.4726;07-Jul-2015
122698;DSP BlackRock Dual Advantage Fund - Series 16 - 36M - Direct Plan - Growth Option;INF740K01VL4;;13.9814;13.9814;13.9814;07-Jul-2015
122696;DSP BlackRock Dual Advantage Fund - Series 16 - 36M - Regular Plan - Dividend Payout Option;INF740K01VK6;;13.8418;13.8418;13.8418;07-Jul-2015
122695;DSP BlackRock Dual Advantage Fund - Series 16 - 36M - Regular Plan - Growth Option;INF740K01VJ8;;13.8418;13.8418;13.8418;07-Jul-2015
123286;DSP BlackRock Dual Advantage Fund - Series 17 - 35M - Direct Plan - Growth Option (Maturity Date 10-Oct-2016);INF740KA1751;;14.9979;14.9979;14.9979;07-Jul-2015
123285;DSP BlackRock Dual Advantage Fund - Series 17 - 35M - Regular Plan - Dividend Payout Option (Maturity Date 10-Oct-2016);INF740KA1744;;14.5784;14.5784;14.5784;07-Jul-2015
123284;DSP BlackRock Dual Advantage Fund - Series 17 - 35M - Regular Plan - Growth Option (Maturity Date 10-Oct-2016);INF740KA1736;;14.5784;14.5784;14.5784;07-Jul-2015
124119;DSP BlackRock Dual Advantage Fund - Series 18 - 34M - Direct Plan - Dividend Payout Option (Maturity Date 10-Oct-2016);INF740KA1801;;13.5045;13.5045;13.5045;07-Jul-2015
124118;DSP BlackRock Dual Advantage Fund - Series 18 - 34M - Direct Plan - Growth Option (Maturity Date 10-Oct-2016);INF740KA1793;;13.5045;13.5045;13.5045;07-Jul-2015
124117;DSP BlackRock Dual Advantage Fund - Series 18 - 34M - Regular Plan - Dividend Payout Option (Maturity Date 10-Oct-2016);INF740KA1785;;13.3874;13.3874;13.3874;07-Jul-2015
124116;DSP BlackRock Dual Advantage Fund - Series 18 - 34M - Regular Plan - Growth Option (Maturity Date 10-Oct-2016);INF740KA1777;;13.3874;13.3874;13.3874;07-Jul-2015
124915;DSP BlackRock Dual Advantage Fund - Series 19 - 36M - Direct Plan - Dividend Payout Option;INF740K01E22;;12.3492;12.3492;12.3492;07-Jul-2015
124914;DSP BlackRock Dual Advantage Fund - Series 19 - 36M - Direct Plan - Growth Option;INF740K01E14;;12.3492;12.3492;12.3492;07-Jul-2015
124913;DSP BlackRock Dual Advantage Fund - Series 19 - 36M - Regular Plan - Dividend Payout Option;INF740K01E06;;12.2469;12.2469;12.2469;07-Jul-2015
124912;DSP BlackRock Dual Advantage Fund - Series 19 - 36M - Regular Plan - Growth Option;INF740K01D98;;12.2469;12.2469;12.2469;07-Jul-2015
131182;DSP BlackRock Dual Advantage Fund - Series 29 - 40M - Direct Plan - Growth Option;INF740K016H3;;11.0325;11.0325;11.0325;07-Jul-2015
131180;DSP BlackRock Dual Advantage Fund - Series 29 - 40M - Regular Plan - Dividend Payout Option;INF740K015H5;;10.9901;10.9901;10.9901;07-Jul-2015
131179;DSP BlackRock Dual Advantage Fund - Series 29 - 40M - Regular Plan - Growth option;INF740K014H8;;10.9901;10.9901;10.9901;07-Jul-2015
133507;DSP BlackRock Dual Advantage Fund - Series 34 - 36M - Direct Plan - Dividend Payout Option;INF740K011N2;;9.9133;9.9133;9.9133;07-Jul-2015
133505;DSP BlackRock Dual Advantage Fund - Series 34 - 36M - Direct Plan - Growth Option;INF740K010N4;;9.9133;9.9133;9.9133;07-Jul-2015
133506;DSP BlackRock Dual Advantage Fund - Series 34 - 36M - Regular Plan - Dividend Payout Option;INF740K019M7;;9.8923;9.8923;9.8923;07-Jul-2015
133508;DSP BlackRock Dual Advantage Fund - Series 34 - 36M - Regular Plan - Growth Option;INF740K018M9;;9.8923;9.8923;9.8923;07-Jul-2015
133666;DSP BlackRock Dual Advantage Fund - Series 35 - 36M - Direct Plan - Dividend Payout Option;INF740K015N3;;9.8426;9.8426;9.8426;07-Jul-2015
133667;DSP BlackRock Dual Advantage Fund - Series 35 - 36M - Direct Plan - Growth Option;INF740K014N6;;9.8426;9.8426;9.8426;07-Jul-2015
133668;DSP BlackRock Dual Advantage Fund - Series 35 - 36M - Regular Plan - Dividend Payout Option;INF740K013N8;;9.8247;9.8247;9.8247;07-Jul-2015
133669;DSP BlackRock Dual Advantage Fund - Series 35 - 36M - Regular Plan - Growth Option;INF740K012N0;;9.8247;9.8247;9.8247;07-Jul-2015
133915;DSP BlackRock Dual Advantage Fund - Series 36 - 36M - Direct Plan - Dividend Payout Option;INF740K011P7;;9.8770;9.8770;9.8770;07-Jul-2015
133916;DSP BlackRock Dual Advantage Fund - Series 36 - 36M - Direct Plan - Growth Option;INF740K010P9;;9.8770;9.8770;9.8770;07-Jul-2015
133918;DSP BlackRock Dual Advantage Fund - Series 36 - 36M - Regular Plan - Dividend Payout Option;INF740K019O3;;9.8620;9.8620;9.8620;07-Jul-2015
133917;DSP BlackRock Dual Advantage Fund - Series 36 - 36M - Regular Plan - Growth Option;INF740K018O5;;9.8620;9.8620;9.8620;07-Jul-2015
117658;DSP BlackRock Dual Advantage Fund - Series 5 - 36M - Dividend Options;INF740KO1LO9;;15.1790;15.1790;15.1790;07-Jul-2015
117657;DSP BlackRock Dual Advantage Fund - Series 5 - 36M - Growth Options;INF740KO1LN1;;15.1790;15.1790;15.1790;07-Jul-2015
122942;DSP BlackRock FMP - Series 104 -12M (July 2016 Maturity) - Direct Plan - Dividend Payout - Quarterly Payout;INF740K013A5;;10.9075;10.9075;10.9075;07-Jul-2015
122941;DSP BlackRock FMP - Series 104 -12M (July 2016 Maturity) - Direct Plan - Growth Option;INF740K011A9;;11.9302;11.9302;11.9302;07-Jul-2015
122940;DSP BlackRock FMP - Series 104 -12M (July 2016 Maturity) - Regular Plan - Dividend Payout - Regular Payout;INF740K01Z92;;10.8973;10.8973;10.8973;07-Jul-2015
122938;DSP BlackRock FMP - Series 104 -12M (July 2016 Maturity) - Regular Plan - Growth Option;INF740K01Z84;;11.9135;11.9135;11.9135;07-Jul-2015
123034;DSP BlackRock FMP - Series 105 -12M (Maturity Date 04-Aug-2016) - Direct Plan - Growth Option;INF740K017A6;;11.9825;11.9825;11.9825;07-Jul-2015
123031;DSP BlackRock FMP - Series 105 -12M (Maturity Date 04-Aug-2016) - Regular Plan - Growth Option;INF740K014A3;;11.9659;11.9659;11.9659;07-Jul-2015
123144;DSP BlackRock FMP - Series 107 -12M (Maturity Date 11-Aug-2016) - Direct Plan - Growth Option;INF740K013B3;;11.9769;11.9769;11.9769;07-Jul-2015
123149;DSP BlackRock FMP - Series 107 -12M (Maturity Date 11-Aug-2016) - Regular Plan - Dividend Payout - Regular Payout;INF740K011B7;;10.8798;10.8798;10.8798;07-Jul-2015
123148;DSP BlackRock FMP - Series 107 -12M (Maturity Date 11-Aug-2016) - Regular Plan - Growth Option;INF740K010B9;;11.9606;11.9606;11.9606;07-Jul-2015
123275;DSP BlackRock FMP - Series 108 -12M (Maturity Date 18-Aug-2016) - Direct Plan - Growth Option;INF740K015C6;;11.9863;11.9863;11.9863;07-Jul-2015
123274;DSP BlackRock FMP - Series 108 -12M (Maturity Date 18-Aug-2016) - Regular Plan - Dividend Payout - Quarterly Payout;INF740K014C9;;10.8531;10.8531;10.8531;07-Jul-2015
123278;DSP BlackRock FMP - Series 108 -12M (Maturity Date 18-Aug-2016) - Regular Plan - Dividend Payout - Regular Payout;INF740K013C1;;10.8530;10.8530;10.8530;07-Jul-2015
123273;DSP BlackRock FMP - Series 108 -12M (Maturity Date 18-Aug-2016) - Regular Plan - Growth Option;INF740K012C3;;11.9702;11.9702;11.9702;07-Jul-2015
123302;DSP BlackRock FMP - Series 109 -12M (Maturity Date 18-Aug-2016) - Direct Plan - Growth Option;INF740K019B0;;11.9958;11.9958;11.9958;07-Jul-2015
123301;DSP BlackRock FMP - Series 109 -12M (Maturity Date 18-Aug-2016) - Regular Plan - Dividend Payout - Regular Payout;INF740K017B4;;10.8494;10.8494;10.8494;07-Jul-2015
123299;DSP BlackRock FMP - Series 109 -12M (Maturity Date 18-Aug-2016) - Regular Plan - Growth Option;INF740K016B6;;11.9521;11.9521;11.9521;07-Jul-2015
123444;DSP BlackRock FMP - Series 110 -12M (Maturity Date 29-Aug-2014) - Regular Plan - Growth Option;INF740K012D1;;11.9503;11.9503;11.9503;07-Jul-2015
123446;DSP BlackRock FMP - Series 110 -12M (Maturity Date 29-Aug-2016) - Direct Plan - Growth Option;INF740K015D4;;11.9661;11.9661;11.9661;07-Jul-2015
123445;DSP BlackRock FMP - Series 110 -12M (Maturity Date 29-Aug-2016)- Regular Plan - Dividend Payout - Regular Payout;INF740K013D9;;10.8228;10.8228;10.8228;07-Jul-2015
123517;DSP BlackRock FMP - Series 111 -12M (Maturity Date 29-Sep-2016) - Direct Plan - Growth Option;INF740K011E1;;11.9640;11.9640;11.9640;07-Jul-2015
123516;DSP BlackRock FMP - Series 111 -12M (Maturity Date 29-Sep-2016) - Regular Plan - Dividend Payout - Quarterly Payout;INF740K010E3;;10.8139;10.8139;10.8139;07-Jul-2015
123520;DSP BlackRock FMP - Series 111 -12M (Maturity Date 29-Sep-2016) - Regular Plan - Dividend Payout - Regular Payout;INF740K019D6;;10.8139;10.8139;10.8139;07-Jul-2015
123519;DSP BlackRock FMP - Series 111 -12M (Maturity Date 29-Sep-2016) - Regular Plan - Growth Option;INF740K018D8;;11.9485;11.9485;11.9485;07-Jul-2015
123673;DSP BlackRock FMP - Series 113 -12M (Maturity Date 29-Sep-2016) - Direct Plan - Growth Option;INF740K017E8;;11.9767;11.9767;11.9767;07-Jul-2015
123675;DSP BlackRock FMP - Series 113 -12M (Maturity Date 29-Sep-2016) - Regular Plan - Dividend Payout - Quarterly Payout;INF740K01YF0;;10.8028;10.8028;10.8028;07-Jul-2015
123676;DSP BlackRock FMP - Series 113 -12M (Maturity Date 29-Sep-2016) - Regular Plan - Growth Option;INF740K01YD5;;11.9337;11.9337;11.9337;07-Jul-2015
124105;DSP BlackRock FMP - Series 115 -12M (Maturity Date 29-Sep-2016) - Direct Plan - Dividend Payout - Regular Payout;INF740K014F2;;10.7774;10.7774;10.7774;07-Jul-2015
124103;DSP BlackRock FMP - Series 115 -12M (Maturity Date 29-Sep-2016) - Direct Plan - Growth Option;INF740K013F4;;11.8700;11.8700;11.8700;07-Jul-2015
124101;DSP BlackRock FMP - Series 115 -12M (Maturity Date 29-Sep-2016) - Regular Plan - Dividend Payout - Quarterly Payout;INF740K012F6;;10.7688;10.7688;10.7688;07-Jul-2015
124100;DSP BlackRock FMP - Series 115 -12M (Maturity Date 29-Sep-2016) - Regular Plan - Growth Option;INF740K010F0;;11.8549;11.8549;11.8549;07-Jul-2015
124170;DSP BlackRock FMP - Series 117 -12M (Maturity Date 29-Sep-2016) - Direct Plan - Dividend Payout - Regular Payout;INF740K010G8;;10.7650;10.7650;10.7650;07-Jul-2015
124168;DSP BlackRock FMP - Series 117 -12M (Maturity Date 29-Sep-2016) - Direct Plan - Growth Option;INF740K019F1;;11.8706;11.8706;11.8706;07-Jul-2015
124167;DSP BlackRock FMP - Series 117 -12M (Maturity Date 29-Sep-2016) - Regular Plan - Dividend Payout - Quarterly Payout;INF740K018F3;;10.7565;10.7565;10.7565;07-Jul-2015
124171;DSP BlackRock FMP - Series 117 -12M (Maturity Date 29-Sep-2016) - Regular Plan - Dividend Payout - Regular Payout;INF740K017F5;;10.7566;10.7566;10.7566;07-Jul-2015
124166;DSP BlackRock FMP - Series 117 -12M (Maturity Date 29-Sep-2016) - Regular Plan - Growth Option;INF740K016F7;;11.8558;11.8558;11.8558;07-Jul-2015
124231;DSP BlackRock FMP - Series 118 -12M (Maturity Date 29-Sep-2016) - Direct Plan - Dividend Payout - Regular Payout;INF740K01A75;;10.7456;10.7456;10.7456;07-Jul-2015
124230;DSP BlackRock FMP - Series 118 -12M (Maturity Date 29-Sep-2016) - Direct Plan - Growth Option;INF740K01A67;;11.7777;11.7777;11.7777;07-Jul-2015
124232;DSP BlackRock FMP - Series 118 -12M (Maturity Date 29-Sep-2016) - Regular Plan - Dividend Payout - Regular Payout;INF740K01A42;;10.7372;10.7372;10.7372;07-Jul-2015
124227;DSP BlackRock FMP - Series 118 -12M (Maturity Date 29-Sep-2016) - Regular Plan - Growth Option;INF740K01A34;;11.7412;11.7412;11.7412;07-Jul-2015
124240;DSP BlackRock FMP - Series 119 -12M (Maturity Date 29-Sep-2016) - Direct Plan - Dividend Payout - Regular Payout;INF740K012H2;;10.7325;10.7325;10.7325;07-Jul-2015
124239;DSP BlackRock FMP - Series 119 -12M (Maturity Date 29-Sep-2016) - Direct Plan - Growth Option;INF740K011H4;;11.7715;11.7715;11.7715;07-Jul-2015
124236;DSP BlackRock FMP - Series 119 -12M (Maturity Date 29-Sep-2016) - Regular Plan - Dividend Payout - Quarterly Payout;INF740K010H6;;10.7243;10.7243;10.7243;07-Jul-2015
124235;DSP BlackRock FMP - Series 119 -12M (Maturity Date 29-Sep-2016) - Regular Plan - Growth Option;INF740K018G1;;11.7570;11.7570;11.7570;07-Jul-2015
125205;DSP BlackRock FMP - Series 126 -12M (Maturity Date 28-Nov-2016) - Direct Plan - Dividend Payout - Quarterly Payout;INF740K01F47;;10.5198;10.5198;10.5198;07-Jul-2015
125203;DSP BlackRock FMP - Series 126 -12M (Maturity Date 28-Nov-2016) - Direct Plan - Dividend Payout - Regular Payout;INF740K01F39;;10.5197;10.5197;10.5197;07-Jul-2015
125204;DSP BlackRock FMP - Series 126 -12M (Maturity Date 28-Nov-2016) - Direct Plan - Growth Option;INF740K01F21;;11.4901;11.4901;11.4901;07-Jul-2015
125207;DSP BlackRock FMP - Series 126 -12M (Maturity Date 28-Nov-2016) - Regular Plan - Dividend Payout - Quarterly Payout;INF740K01F13;;10.5133;10.5133;10.5133;07-Jul-2015
125202;DSP BlackRock FMP - Series 126 -12M (Maturity Date 28-Nov-2016) - Regular Plan - Dividend Payout - Regular Payout;INF740K01F05;;10.5149;10.5149;10.5149;07-Jul-2015
125206;DSP BlackRock FMP - Series 126 -12M (Maturity Date 28-Nov-2016) - Regular Plan - Growth Option;INF740K01E97;;11.4777;11.4777;11.4777;07-Jul-2015
125648;DSP FMP - Series 129 - 12M (Maturity Date 29-Dec-2016) - Direct Plan - Growth;INF740K013L2;;11.4379;11.4379;11.4379;07-Jul-2015
125645;DSP FMP - Series 129 - 12M (Maturity Date 29-Dec-2016) - Regular Plan - Growth;INF740K010L8;;11.4263;11.4263;11.4263;07-Jul-2015
128942;DSP BlackRock FMP - Series 161 - 12M (Maturity Date 27 April 2017) - Direct Plan - Dividend Payout - Quarterly Payout;INF740K013X7;;10.1651;10.1651;10.1651;07-Jul-2015
128945;DSP BlackRock FMP - Series 161 - 12M (Maturity Date 27 April 2017) - Direct Plan - Growth;INF740K011X1;;11.1232;11.1232;11.1232;07-Jul-2015
128947;DSP BlackRock FMP - Series 161 - 12M (Maturity Date 27 April 2017) - Regular Plan - Dividend Payout - Regular Payout;INF740K019W6;;10.1629;10.1629;10.1629;07-Jul-2015
128943;DSP BlackRock FMP - Series 161 - 12M (Maturity Date 27 April 2017) - Regular Plan - Growth;INF740K018X6;;11.1104;11.1104;11.1104;07-Jul-2015
126683;DSP BlackRock FMP - Series 144 - 12M (Maturity Date 20-Feb-2017) - Direct Plan - Growth;INF740K01L56;;11.3742;11.3742;11.3742;07-Jul-2015
126684;DSP BlackRock FMP - Series 144 - 12M (Maturity Date 20-Feb-2017) - Regular Plan - Growth;INF740K01L23;;11.3643;11.3643;11.3643;07-Jul-2015
127146;DSP BlackRock FMP - Series 146 - 12M (Maturity Date 06-Jun-2017)  - Regular Plan - Growth;INF740KA1AJ8;;11.3299;11.3299;11.3299;07-Jul-2015
127149;DSP BlackRock FMP - Series 146 - 12M (Maturity Date 6-Jun-2017) - Direct Plan - Growth;INF740KA1AM2;;11.3444;11.3444;11.3444;07-Jul-2015
127456;DSP BlackRock FMP - Series 148 - 12M (Maturity Date 06-Jun-2017) - Direct Plan - Growth;INF740KA1AS9;;11.3131;11.3131;11.3131;07-Jul-2015
127459;DSP BlackRock FMP - Series 148 - 12M (Maturity Date 06-Jun-2017) - Regular Plan - Growth;INF740KA1AP5;;11.2987;11.2987;11.2987;07-Jul-2015
127607;DSP BlackRock FMP - Series 149 - 12M (Maturity Date 19-Jun-2017) - Direct Plan - Growth;INF740KA1BE7;;11.3334;11.3334;11.3334;07-Jul-2015
127610;DSP BlackRock FMP - Series 149 - 12M (Maturity Date 19-Jun-2017) - Regular Plan - Growth;INF740KA1BB3;;11.3192;11.3192;11.3192;07-Jul-2015
127667;DSP BlackRock FMP - Series 150 - 13M - (Maturity Date 11 April 2017) - Direct Plan - Growth;INF740K017U4;;11.2587;11.2587;11.2587;07-Jul-2015
127664;DSP BlackRock FMP - Series 150 - 13M - (Maturity Date 11 April 2017) - Regular Plan - Dividend Payout - Regular Payout;INF740K015U8;;10.1858;10.1858;10.1858;07-Jul-2015
127665;DSP BlackRock FMP - Series 150 - 13M - (Maturity Date 11 April 2017) - Regular Plan - Growth;INF740K014U1;;11.2447;11.2447;11.2447;07-Jul-2015
127854;DSP BlackRock FMP - Series 151 - 12M (Maturity Date 19-Jun-2017) - Direct Plan - Dividend Payout - Regular Payout;INF740KA1BL2;;10.2872;10.2872;10.2872;07-Jul-2015
127855;DSP BlackRock FMP - Series 151 - 12M (Maturity Date 19-Jun-2017) - Direct Plan - Growth;INF740KA1BK4;;11.2862;11.2862;11.2862;07-Jul-2015
127858;DSP BlackRock FMP - Series 151 - 12M (Maturity Date 19-Jun-2017) - Regular Plan - Growth;INF740KA1BH0;;11.2723;11.2723;11.2723;07-Jul-2015
127988;DSP BlackRock FMP - Series 152 - 12.5M (Maturity Date 11 April 2017) - Direct Plan - Growth;INF740K013V1;;11.2147;11.2147;11.2147;07-Jul-2015
127987;DSP BlackRock FMP - Series 152 - 12.5M (Maturity Date 11 April 2017) - Regular Plan - Growth;INF740K010V7;;11.1572;11.1572;11.1572;07-Jul-2015
128106;DSP BlackRock FMP - Series 153 - 12M (Maturity Date 27-Jun-2017) - Direct Plan - Growth;INF740KA1BQ1;;11.2319;11.2319;11.2319;07-Jul-2015
128107;DSP BlackRock FMP - Series 153 - 12M (Maturity Date 27-Jun-2017) - Regular Plan - Dividend Payout - Quarterly Payout;INF740KA1BP3;;10.2565;10.2565;10.2565;07-Jul-2015
128108;DSP BlackRock FMP - Series 153 - 12M (Maturity Date 27-Jun-2017) - Regular Plan - Dividend Payout - Regular Payout;INF740KA1BO6;;10.2564;10.2564;10.2564;07-Jul-2015
128109;DSP BlackRock FMP - Series 153 - 12M (Maturity Date 27-Jun-2017) - Regular Plan - Growth;INF740KA1BN8;;11.2183;11.2183;11.2183;07-Jul-2015
128342;DSP BlackRock FMP - Series 154 - 12.5M (Maturity Date 11 April 2017)  - Direct Plan - Growth;INF740K018V0;;11.1638;11.1638;11.1638;07-Jul-2015
128345;DSP BlackRock FMP - Series 154 - 12.5M (Maturity Date 11 April 2017) - Regular Plan - Growth;INF740K011W3;;11.1503;11.1503;11.1503;07-Jul-2015
128376;DSP BlackRock FMP - Series 155 - 12M (Maturity Date 03-Apr-2017) - Direct Plan - Growth;INF740K017T6;;11.1831;11.1831;11.1831;07-Jul-2015
128378;DSP BlackRock FMP - Series 155 - 12M (Maturity Date 03-Apr-2017) - Regular Plan - Dividend Payout - Regular Payout;INF740K015T0;;10.2339;10.2339;10.2339;07-Jul-2015
128379;DSP BlackRock FMP - Series 155 - 12M (Maturity Date 03-Apr-2017) - Regular Plan - Growth;INF740K014T3;;11.1696;11.1696;11.1696;07-Jul-2015
128975;DSP BlackRock FMP - Series 162 - 12M (Maturity Date 27 April 2017) - Direct Plan - Growth;INF740K017X8;;11.1237;11.1237;11.1237;07-Jul-2015
128977;DSP BlackRock FMP - Series 162 - 12M (Maturity Date 27 April 2017) - Regular Plan - Dividend Payout - Regular Payout;INF740K015X2;;10.1656;10.1656;10.1656;07-Jul-2015
128978;DSP BlackRock FMP - Series 162 - 12M (Maturity Date 27 April 2017) - Regular Plan - Growth;INF740K014X5;;11.1108;11.1108;11.1108;07-Jul-2015
129001;DSP BlackRock FMP - Series 163 - 12M (Maturity Date 27 April 2017)  - Regular Plan - Dividend Payout - Regular Payout;INF740K013Y5;;10.1713;10.1713;10.1713;07-Jul-2015
128997;DSP BlackRock FMP - Series 163 - 12M (Maturity Date 27 April 2017) - Direct Plan - Dividend Payout - Quarterly Payout;INF740K017Y6;;10.1734;10.1734;10.1734;07-Jul-2015
128999;DSP BlackRock FMP - Series 163 - 12M (Maturity Date 27 April 2017) - Direct Plan - Growth;INF740K015Y0;;11.1247;11.1247;11.1247;07-Jul-2015
128996;DSP BlackRock FMP - Series 163 - 12M (Maturity Date 27 April 2017) - Regular Plan - Growth;INF740K012Y7;;11.1120;11.1120;11.1120;07-Jul-2015
129495;DSP BlackRock FMP - Series 164 - 12M (Maturity Date 16 May 2017) - Direct Plan - Dividend Payout - Regular Payout;INF740K012Z4;;10.1125;10.1125;10.1125;07-Jul-2015
129497;DSP BlackRock FMP - Series 164 - 12M (Maturity Date 16 May 2017) - Direct Plan - Growth;INF740K011Z6;;11.0609;11.0609;11.0609;07-Jul-2015
129496;DSP BlackRock FMP - Series 164 - 12M (Maturity Date 16 May 2017) - Regular Plan - Growth;INF740K018Y4;;11.0490;11.0490;11.0490;07-Jul-2015
117809;DSP BlackRock FTP - Series 11 - 36M - Dividend Payout Option;INF740K01MB4;;12.7258;12.7258;12.7258;07-Jul-2015
117808;DSP BlackRock FTP - Series 11 - 36M - Growth Option;INF740K01MA6;;12.7258;12.7258;12.7258;07-Jul-2015
123249;DSP BlackRock FTP - Series 31 - 36M - Direct Plan - Dividend Payout Option;INF740K01XK2;;12.1899;12.1899;12.1899;07-Jul-2015
123248;DSP BlackRock FTP - Series 31 - 36M - Direct Plan - Growth Option;INF740K01XJ4;;12.1899;12.1899;12.1899;07-Jul-2015
123247;DSP BlackRock FTP - Series 31 - 36M - Regular Plan - Dividend Payout Option;INF740K01XI6;;12.0764;12.0764;12.0764;07-Jul-2015
123250;DSP BlackRock FTP - Series 31 - 36M - Regular Plan - Growth Option;INF740K01XH8;;12.0764;12.0764;12.0764;07-Jul-2015
124114;DSP BlackRock FTP - Series 32 - 24M (Maturity Date 21 Sep 2016) - Direct Plan - Dividend Payout Option;INF740K01ZO9;;11.7908;11.7908;11.7908;07-Jul-2015
124113;DSP BlackRock FTP - Series 32 - 24M (Maturity Date 21 Sep 2016) - Direct Plan - Growth Option;INF740K01ZN1;;11.7908;11.7908;11.7908;07-Jul-2015
124115;DSP BlackRock FTP - Series 32 - 24M (Maturity Date 21 Sep 2016) - Regular Plan - Growth Option;INF740K01ZL5;;11.6850;11.6850;11.6850;07-Jul-2015
124112;DSP BlackRock FTP - Series 32 - 24M (Maturity Date 21 Sep 2016)- Regular Plan - Dividend Payout Option;INF740K01ZM3;;11.6850;11.6850;11.6850;07-Jul-2015
125416;DSP BlackRock FTP - Series 33 - 24M - Direct Plan - Dividend Payout Option ( Maturity Date 01-Dec-2016);INF740KA1124;;11.5467;11.5467;11.5467;07-Jul-2015
125415;DSP BlackRock FTP - Series 33 - 24M - Direct Plan - Growth Option (Maturity Date 01-Dec-2016);INF740KA1116;;11.5467;11.5467;11.5467;07-Jul-2015
125414;DSP BlackRock FTP - Series 33 - 24M - Regular Plan - Dividend Payout Option (Maturity Date 01-Dec-2016);INF740KA1108;;11.4548;11.4548;11.4548;07-Jul-2015
125413;DSP BlackRock FTP - Series 33 - 24M - Regular Plan - Growth Option (Maturity Date 01-Dec-2016);INF740KA1090;;11.4548;11.4548;11.4548;07-Jul-2015
126374;DSP BlackRock FTP - Series 36 - 15M  - (Maturity Date 27 April 2017)- Regular Plan - Growth Option;INF740K012W1;;11.3313;11.3313;11.3313;07-Jul-2015
126376;DSP BlackRock FTP - Series 36 - 15M - (Maturity Date 27 April 2017 ) - Direct Plan - Growth Option;INF740K019X4;;11.3594;11.3594;11.3594;07-Jul-2015
131268;DSP BlackRock FTP - Series 44 - 36M - Direct Plan - Dividend Payout Option;INF740K011I2;;10.8939;10.8939;10.8939;07-Jul-2015
131266;DSP BlackRock FTP - Series 44 - 36M - Direct Plan - Growth Option;INF740K010I4;;10.8939;10.8939;10.8939;07-Jul-2015
131267;DSP BlackRock FTP - Series 44 - 36M - Regular Plan - Dividend Payout Option;INF740K019H7;;10.8516;10.8516;10.8516;07-Jul-2015
131265;DSP BlackRock FTP - Series 44 - 36M - Regular Plan - Growth Option;INF740K018H9;;10.8516;10.8516;10.8516;07-Jul-2015
127001;DSP BlackRock FTP - Series 37 - 14M (Maturity Date 27 April 2017) - Direct Plan - Growth Option;INF740K017W0;;11.3393;11.3393;11.3393;07-Jul-2015
127004;DSP BlackRock FTP - Series 37 - 14M - (Maturity Date 27 April 2017) - Regular Plan - Growth Option;INF740K015W4;;11.3125;11.3125;11.3125;07-Jul-2015
127473;DSP BlackRock FTP - Series 38 - 25M - Direct Plan - Dividend Payout Option (Maturity Date 17-Apr-2017);INF740KA1603;;11.3948;11.3948;11.3948;07-Jul-2015
127472;DSP BlackRock FTP - Series 38 - 25M - Direct Plan - Growth Option (Maturity Date 17-Apr-2017);INF740KA1595;;11.3948;11.3948;11.3948;07-Jul-2015
127474;DSP BlackRock FTP - Series 38 - 25M - Regular Plan - Dividend Payout Option ( Maturity Date 17-Apr-2017);INF740KA1587;;11.3197;11.3197;11.3197;07-Jul-2015
127475;DSP BlackRock FTP - Series 38 - 25M - Regular Plan - Growth Option (Maturity Date 17-Apr-2017);INF740KA1579;;11.3197;11.3197;11.3197;07-Jul-2015

Franklin Templeton Mutual Fund
117978;Franklin India Fixed Tenure Fund - Series XVII - Dividend;INF090I01FD8;;11.8388;11.8388;11.8388;07-Jul-2015
117977;Franklin India Fixed Tenure Fund - Series XVII - Growth;INF090I01FC0;;13.0110;13.0110;13.0110;07-Jul-2015

HDFC Mutual Fund
121545;HDFC Annual Interval Fund - Series I - Plan A-Direct Option-Dividend Option;INF179K01F13;INF179K01F21;10.2879;0.0000;0.0000;07-Jul-2015
121541;HDFC Annual Interval Fund - Series I - Plan A-Direct Option-Growth Option;INF179K01F05;;12.3578;0.0000;0.0000;07-Jul-2015
121537;HDFC Annual Interval Fund - Series I - Plan A-Regular Option-Dividend Option;INF179K01F62;INF179K01F70;10.2907;0.0000;0.0000;07-Jul-2015
121536;HDFC Annual Interval Fund - Series I - Plan A-Regular Option-Growth Option;INF179K01F54;;12.3431;0.0000;0.0000;07-Jul-2015
121553;HDFC Annual Interval Fund - Series I - Plan B-Direct Option-Dividend Option;INF179K01G12;INF179K01G20;10.2951;0.0000;0.0000;07-Jul-2015
121549;HDFC Annual Interval Fund - Series I - Plan B-Direct Option-Flexi Option;INF179K01G46;;11.2539;0.0000;0.0000;07-Jul-2015
121552;HDFC Annual Interval Fund - Series I - Plan B-Direct Option-Growth Option;INF179K01G04;;12.2880;0.0000;0.0000;07-Jul-2015
121554;HDFC Annual Interval Fund - Series I - Plan B-Direct Option-Quarterly Dividend Option;INF179K01G38;;10.0533;0.0000;0.0000;07-Jul-2015
121547;HDFC Annual Interval Fund - Series I - Plan B-Regular Option-Dividend Option;INF179K01G61;INF179K01G79;10.2740;0.0000;0.0000;07-Jul-2015
121546;HDFC Annual Interval Fund - Series I - Plan B-Regular Option-Growth Option;INF179K01G53;;12.2697;0.0000;0.0000;07-Jul-2015
123535;HDFC CPO - I - 36M August 2013 - Direct Option - Dividend Option;INF179K011D3;;12.3196;0.0000;0.0000;07-Jul-2015
123537;HDFC CPO - I - 36M August 2013 - Direct Option - Growth Option;INF179K010D5;;12.3196;0.0000;0.0000;07-Jul-2015
123536;HDFC CPO - I - 36M August 2013 - Regular Option - Dividend Option;INF179K013D9;;12.2022;0.0000;0.0000;07-Jul-2015
123534;HDFC CPO - I - 36M August 2013 - Regular Option - Growth Option;INF179K012D1;;12.2022;0.0000;0.0000;07-Jul-2015
125038;HDFC CPO - I - 36M October 2013 - Direct Option - Dividend Option;INF179K017Q2;;11.9043;0.0000;0.0000;07-Jul-2015
125037;HDFC CPO - I - 36M October 2013 - Direct Option - Growth Option;INF179K016Q4;;11.9043;0.0000;0.0000;07-Jul-2015
125036;HDFC CPO - I - 36M October 2013 - Regular Option - Dividend Option;INF179K019Q8;;11.8053;0.0000;0.0000;07-Jul-2015
125035;HDFC CPO - I - 36M October 2013 - Regular Option - Growth Option;INF179K018Q0;;11.8053;0.0000;0.0000;07-Jul-2015
124351;HDFC CPO - I - 36M September 2013 -  Direct Option - Dividend Option;INF179K013I8;;11.9764;0.0000;0.0000;07-Jul-2015
124350;HDFC CPO - I - 36M September 2013 - Direct Option - Growth Option;INF179K012I0;;11.9764;0.0000;0.0000;07-Jul-2015
124352;HDFC CPO - I - 36M September 2013 - Regular Option - Dividend Option;INF179K015I3;;11.8722;0.0000;0.0000;07-Jul-2015
124349;HDFC CPO - I - 36M September 2013 - Regular Option - Growth Option;INF179K014I6;;11.8722;0.0000;0.0000;07-Jul-2015
127379;HDFC CPO - II - 36M February 2014 - Direct Option - Dividend Option;INF179KA1DS3;;11.4585;0.0000;0.0000;07-Jul-2015
127380;HDFC CPO - II - 36M February 2014 - Direct Option - Growth Option;INF179KA1DR5;;11.4585;0.0000;0.0000;07-Jul-2015
127381;HDFC CPO - II - 36M February 2014 - Regular Option - Dividend Option;INF179KA1DU9;;11.3808;0.0000;0.0000;07-Jul-2015
127382;HDFC CPO - II - 36M February 2014 - Regular Option - Growth Option;INF179KA1DT1;;11.3808;0.0000;0.0000;07-Jul-2015
126439;HDFC CPO - II - 36M January 2014 - Direct Option - Dividend Option;INF179KA1645;;11.6970;0.0000;0.0000;07-Jul-2015
126440;HDFC CPO - II - 36M January 2014 - Direct Option - Growth Option;INF179KA1637;;11.6970;0.0000;0.0000;07-Jul-2015
126437;HDFC CPO - II - 36M January 2014 - Regular Option - Dividend Option;INF179KA1660;;11.6121;0.0000;0.0000;07-Jul-2015
126438;HDFC CPO - II - 36M January 2014 - Regular Option - Growth Option;INF179KA1652;;11.6121;0.0000;0.0000;07-Jul-2015
130262;HDFC CPO - II - 36M JUNE 2014-Direct Option-Dividend Option;INF179KA1RF0;;10.9457;0.0000;0.0000;07-Jul-2015
130260;HDFC CPO - II - 36M JUNE 2014-Direct Option-Growth Option;INF179KA1RE3;;10.9457;0.0000;0.0000;07-Jul-2015
130261;HDFC CPO - II - 36M JUNE 2014-Regular Option-Dividend Option;INF179KA1RH6;;10.8898;0.0000;0.0000;07-Jul-2015
130263;HDFC CPO - II - 36M JUNE 2014-Regular Option-Growth Option;INF179KA1RG8;;10.8898;0.0000;0.0000;07-Jul-2015
129816;HDFC CPO - II - 36M May 2014 - Direct Option - Dividend Option;INF179KA1OX0;;10.9449;0.0000;0.0000;07-Jul-2015
129814;HDFC CPO - II - 36M May 2014 - Direct Option - Growth Option;INF179KA1OW2;;10.9449;0.0000;0.0000;07-Jul-2015
129813;HDFC CPO - II - 36M May 2014 - Regular Option - Dividend Option;INF179KA1OZ5;;10.8868;0.0000;0.0000;07-Jul-2015
129815;HDFC CPO - II - 36M May 2014 - Regular Option - Growth Option;INF179KA1OY8;;10.8868;0.0000;0.0000;07-Jul-2015
133632;HDFC CPO - III - 1173D January 2015 - Direct Option - Dividend Option;INF179KA1W55;;10.2190;0.0000;0.0000;07-Jul-2015
133633;HDFC CPO - III - 1173D January 2015 - Direct Option - Growth Option;INF179KA1W48;;10.2190;0.0000;0.0000;07-Jul-2015
133635;HDFC CPO - III - 1173D January 2015 - Regular Option - Dividend Option;INF179KA1W71;;10.1986;0.0000;0.0000;07-Jul-2015
133634;HDFC CPO - III - 1173D January 2015 - Regular Option - Growth Option;INF179KA1W63;;10.1986;0.0000;0.0000;07-Jul-2015
133252;HDFC CPO - III - 1207D December 2014 - Direct Option - Dividend Option;INF179KA1L74;;10.3692;0.0000;0.0000;07-Jul-2015
133253;HDFC CPO - III - 1207D December 2014 - Direct Option - Growth Option;INF179KA1L66;;10.3692;0.0000;0.0000;07-Jul-2015
133254;HDFC CPO - III - 1207D December 2014 - Regular Option - Dividend Option;INF179KA1L90;;10.3408;0.0000;0.0000;07-Jul-2015
133255;HDFC CPO - III - 1207D December 2014 - Regular Option - Growth Option;INF179KA1L82;;10.3408;0.0000;0.0000;07-Jul-2015
131513;HDFC CPO-III-1100D October 2014-Direct Option-Dividend Option;INF179KA1ZV0;;10.5037;0.0000;0.0000;07-Jul-2015
131514;HDFC CPO-III-1100D October 2014-Direct Option-Growth Option;INF179KA1ZU2;;10.5037;0.0000;0.0000;07-Jul-2015
131515;HDFC CPO-III-1100D October 2014-Regular Option-Dividend Option;INF179KA1ZX6;;10.4674;0.0000;0.0000;07-Jul-2015
131516;HDFC CPO-III-1100D October 2014-Regular Option-Growth Option;INF179KA1ZW8;;10.4674;0.0000;0.0000;07-Jul-2015
127075;HDFC DEBT FUND FOR CANCER CURE 2014 - Direct Plan;INF179KB1E14;;10.4336;0.0000;0.0000;07-Jul-2015
127074;HDFC DEBT FUND FOR CANCER CURE 2014 - Regular Plan;INF179KB1E30;;10.4336;0.0000;0.0000;07-Jul-2015
123412;HDFC FMP 1001D August 2013 (1)-Direct Option-Dividend Option;INF179K016B6;;12.0974;0.0000;0.0000;07-Jul-2015
123414;HDFC FMP 1001D August 2013 (1)-Direct Option-Growth Option;INF179K015B8;;12.0974;0.0000;0.0000;07-Jul-2015
123415;HDFC FMP 1001D August 2013 (1)-Direct Option-Quarterly Dividend Option;INF179K017B4;;10.3691;0.0000;0.0000;07-Jul-2015
123410;HDFC FMP 1001D August 2013 (1)-Regular Option-Dividend Option;INF179K010C7;;12.0521;0.0000;0.0000;07-Jul-2015
123416;HDFC FMP 1001D August 2013 (1)-Regular Option-Flexi Option;INF179K018B2;;12.0521;0.0000;0.0000;07-Jul-2015
123409;HDFC FMP 1001D August 2013 (1)-Regular Option-Growth Option;INF179K019B0;;12.0521;0.0000;0.0000;07-Jul-2015
123411;HDFC FMP 1001D August 2013 (1)-Regular Option-Quarterly Dividend Option;INF179K011C5;;10.3684;0.0000;0.0000;07-Jul-2015
128737;HDFC FMP 1095D March 2014 (1) - Direct Option-Dividend Option;INF179KA1HU0;;11.4648;0.0000;0.0000;07-Jul-2015
128738;HDFC FMP 1095D March 2014 (1) - Direct Option-Growth Option;INF179KA1HT2;;11.4648;0.0000;0.0000;07-Jul-2015
128736;HDFC FMP 1095D March 2014 (1) - Direct Option-Quarterly Dividend Option;INF179KA1HV8;;10.1527;0.0000;0.0000;07-Jul-2015
128739;HDFC FMP 1095D March 2014 (1) - Regular Option-Dividend Option;INF179KA1HY2;;11.4356;0.0000;0.0000;07-Jul-2015
128740;HDFC FMP 1095D March 2014 (1) - Regular Option-Flexi Option;INF179KA1IA0;;11.4356;0.0000;0.0000;07-Jul-2015
128741;HDFC FMP 1095D March 2014 (1) - Regular Option-Growth Option;INF179KA1HX4;;11.4356;0.0000;0.0000;07-Jul-2015
128742;HDFC FMP 1095D March 2014 (1) - Regular Option-Quarterly Dividend Option;INF179KA1HZ9;;10.1523;0.0000;0.0000;07-Jul-2015
131189;HDFC FMP 1099D August 2014 (1) - Direct Option - Dividend Option;INF179KA1WT1;;10.9394;0.0000;0.0000;07-Jul-2015
131184;HDFC FMP 1099D August 2014 (1) - Direct Option - Growth Option;INF179KA1WS3;;10.9394;0.0000;0.0000;07-Jul-2015
131187;HDFC FMP 1099D August 2014 (1) - Direct Option - Quarterly Dividend Option;INF179KA1WU9;;10.1918;0.0000;0.0000;07-Jul-2015
131188;HDFC FMP 1099D August 2014 (1) - Regular Option - Dividend Option;INF179KA1WX3;;10.9120;0.0000;0.0000;07-Jul-2015
131190;HDFC FMP 1099D August 2014 (1) - Regular Option - Flexi Option;INF179KA1WZ8;;10.9120;0.0000;0.0000;07-Jul-2015
131185;HDFC FMP 1099D August 2014 (1) - Regular Option - Growth Option;INF179KA1WW5;;10.9120;0.0000;0.0000;07-Jul-2015
131186;HDFC FMP 1099D August 2014 (1) - Regular Option - Quarterly Dividend Option;INF179KA1WY1;;10.1901;0.0000;0.0000;07-Jul-2015
129167;HDFC FMP 1100D April 2014 (1)-Direct Option-Dividend Option;INF179KA1LL1;;11.3097;0.0000;0.0000;07-Jul-2015
129168;HDFC FMP 1100D April 2014 (1)-Direct Option-Flexi Option;INF179KA1LN7;;11.3097;0.0000;0.0000;07-Jul-2015
129169;HDFC FMP 1100D April 2014 (1)-Direct Option-Growth Option;INF179KA1LK3;;11.3097;0.0000;0.0000;07-Jul-2015
129170;HDFC FMP 1100D April 2014 (1)-Direct Option-Quarterly Dividend Option;INF179KA1LM9;;10.1600;0.0000;0.0000;07-Jul-2015
129171;HDFC FMP 1100D April 2014 (1)-Regular Option-Dividend Option;INF179KA1LP2;;11.2385;0.0000;0.0000;07-Jul-2015
129172;HDFC FMP 1100D April 2014 (1)-Regular Option-Flexi Option;INF179KA1LR8;;11.2385;0.0000;0.0000;07-Jul-2015
129173;HDFC FMP 1100D April 2014 (1)-Regular Option-Growth Option;INF179KA1LO5;;11.2385;0.0000;0.0000;07-Jul-2015
129174;HDFC FMP 1100D April 2014 (1)-Regular Option-Quarterly Dividend Option;INF179KA1LQ0;;10.1583;0.0000;0.0000;07-Jul-2015
134603;HDFC FMP 1106D May 2015 (1)- Direct Option-Dividend Option;INF179KB1362;;10.0781;0.0000;0.0000;07-Jul-2015
134608;HDFC FMP 1106D May 2015 (1)-Direct Option-Flexi Option;INF179KB1370;;10.0781;0.0000;0.0000;07-Jul-2015
134607;HDFC FMP 1106D May 2015 (1)-Direct Option-Growth Option;INF179KB1354;;10.0781;0.0000;0.0000;07-Jul-2015
134609;HDFC FMP 1106D May 2015 (1)-Direct Option-Quarterly Dividend Option;INF179KB1420;;10.0781;0.0000;0.0000;07-Jul-2015
134604;HDFC FMP 1106D May 2015 (1)-Regular Option-Dividend Option;INF179KB1396;;10.0740;0.0000;0.0000;07-Jul-2015
134610;HDFC FMP 1106D May 2015 (1)-Regular Option-Flexi Option;INF179KB1412;;10.0740;0.0000;0.0000;07-Jul-2015
134605;HDFC FMP 1106D May 2015 (1)-Regular Option-Growth Option;INF179KB1388;;10.0740;0.0000;0.0000;07-Jul-2015
134606;HDFC FMP 1106D May 2015 (1)-Regular Option-Quarterly Dividend Option;INF179KB1404;;10.0740;0.0000;0.0000;07-Jul-2015
133371;HDFC FMP 1107D December 2014 (1) - Direct Option - Dividend Option;INF179KA1O55;;10.4673;0.0000;0.0000;07-Jul-2015
133374;HDFC FMP 1107D December 2014 (1) - Direct Option - Quarterly Dividend Option;INF179KA1O63;;10.0607;0.0000;0.0000;07-Jul-2015
133375;HDFC FMP 1107D December 2014 (1) - Regular Option - Dividend Option;INF179KA1O97;;10.4516;0.0000;0.0000;07-Jul-2015
133376;HDFC FMP 1107D December 2014 (1) - Regular Option - Flexi Option;INF179KA1P13;;10.4516;0.0000;0.0000;07-Jul-2015
133377;HDFC FMP 1107D December 2014 (1) - Regular Option - Growth Option;INF179KA1O89;;10.4516;0.0000;0.0000;07-Jul-2015
133378;HDFC FMP 1107D December 2014 (1) - Regular Option - Quarterly Dividend Option;INF179KA1P05;;10.0599;0.0000;0.0000;07-Jul-2015
133373;HDFC FMP 1107D December 2014 (1) -Direct Option - Growth Option;INF179KA1O48;;10.4673;0.0000;0.0000;07-Jul-2015
122587;HDFC FMP 1107D May 2013 (1)-Direct Option-Dividend Option;INF179K01R84;;11.9536;0.0000;0.0000;07-Jul-2015
122589;HDFC FMP 1107D May 2013 (1)-Direct Option-Flexi Option;INF179K01R68;;11.9536;0.0000;0.0000;07-Jul-2015
122586;HDFC FMP 1107D May 2013 (1)-Direct Option-Growth Option;INF179K01R76;;11.9536;0.0000;0.0000;07-Jul-2015
122588;HDFC FMP 1107D May 2013 (1)-Direct Option-Quarterly Dividend Option;INF179K01R92;;10.0316;0.0000;0.0000;07-Jul-2015
122583;HDFC FMP 1107D May 2013 (1)-Regular Option-Dividend Option;INF179K01S26;;11.9029;0.0000;0.0000;07-Jul-2015
122584;HDFC FMP 1107D May 2013 (1)-Regular Option-Flexi Option;INF179K01S00;;11.9029;0.0000;0.0000;07-Jul-2015
122582;HDFC FMP 1107D May 2013 (1)-Regular Option-Growth Option;INF179K01S18;;11.9029;0.0000;0.0000;07-Jul-2015
122585;HDFC FMP 1107D May 2013 (1)-Regular Option-Quarterly Dividend Option;INF179K01S34;;10.0309;0.0000;0.0000;07-Jul-2015
132930;HDFC FMP 1107D October 2014 (1)-Direct Option-Dividend Option;INF179KA1F15;;10.6117;0.0000;0.0000;07-Jul-2015
132927;HDFC FMP 1107D October 2014 (1)-Direct Option-Growth Option;INF179KA1F07;;10.6117;0.0000;0.0000;07-Jul-2015
132928;HDFC FMP 1107D October 2014 (1)-Direct Option-Quarterly Dividend Option;INF179KA1F23;;10.0588;0.0000;0.0000;07-Jul-2015
132926;HDFC FMP 1107D October 2014 (1)-Regular Option-Dividend Option;INF179KA1F56;;10.5909;0.0000;0.0000;07-Jul-2015
132932;HDFC FMP 1107D October 2014 (1)-Regular Option-Flexi Option;INF179KA1F72;;10.5909;0.0000;0.0000;07-Jul-2015
132925;HDFC FMP 1107D October 2014 (1)-Regular Option-Growth Option;INF179KA1F49;;10.5909;0.0000;0.0000;07-Jul-2015
132931;HDFC FMP 1107D October 2014 (1)-Regular Option-Quarterly Dividend Option;INF179KA1F64;;10.0580;0.0000;0.0000;07-Jul-2015
133193;HDFC FMP 1111D November 2014 (1) - Direct Option - Dividend Option;INF179KA1J86;;10.5174;0.0000;0.0000;07-Jul-2015
133188;HDFC FMP 1111D November 2014 (1) - Direct Option - Growth Option;INF179KA1J78;;10.5174;0.0000;0.0000;07-Jul-2015
133189;HDFC FMP 1111D November 2014 (1) - Direct Option - Quarterly Dividend Option;INF179KA1J94;;10.0424;0.0000;0.0000;07-Jul-2015
133190;HDFC FMP 1111D November 2014 (1) - Regular Option - Dividend Option;INF179KA1K26;;10.4988;0.0000;0.0000;07-Jul-2015
133191;HDFC FMP 1111D November 2014 (1) - Regular Option - Flexi Option;INF179KA1K42;;10.4988;0.0000;0.0000;07-Jul-2015
133194;HDFC FMP 1111D November 2014 (1) - Regular Option - Growth Option;INF179KA1K18;;10.4988;0.0000;0.0000;07-Jul-2015
133192;HDFC FMP 1111D November 2014 (1) - Regular Option - Quarterly Dividend Option;INF179KA1K34;;10.0415;0.0000;0.0000;07-Jul-2015
134938;HDFC FMP 1112D June 2015 (1)-Direct Option-Flexi Option;INF179KB1FB3;;10.0194;0.0000;0.0000;07-Jul-2015
134935;HDFC FMP 1112D June 2015 (1)-Direct Option-Growth Option;INF179KB1EY8;;10.0194;0.0000;0.0000;07-Jul-2015
134939;HDFC FMP 1112D June 2015 (1)-Direct Option-Normal Dividend Option;INF179KB1EZ5;;10.0194;0.0000;0.0000;07-Jul-2015
134940;HDFC FMP 1112D June 2015 (1)-Direct Option-Quarterly Dividend Option;INF179KB1FA5;;10.0194;0.0000;0.0000;07-Jul-2015
134934;HDFC FMP 1112D June 2015 (1)-Regular Option-Flexi Option;INF179KB1FF4;;10.0190;0.0000;0.0000;07-Jul-2015
134936;HDFC FMP 1112D June 2015 (1)-Regular Option-Growth Option;INF179KB1FC1;;10.0190;0.0000;0.0000;07-Jul-2015
134941;HDFC FMP 1112D June 2015 (1)-Regular Option-Normal Dividend Option;INF179KB1FD9;;10.0190;0.0000;0.0000;07-Jul-2015
134937;HDFC FMP 1112D June 2015 (1)-Regular Option-Quarterly Dividend Option;INF179KB1FE7;;10.0190;0.0000;0.0000;07-Jul-2015
131038;HDFC FMP 1113D August 2014 (1) - Direct Option - Dividend Option;INF179KA1VV9;;10.9625;0.0000;0.0000;07-Jul-2015
131037;HDFC FMP 1113D August 2014 (1) - Direct Option - Growth Option;INF179KA1VU1;;10.9625;0.0000;0.0000;07-Jul-2015
131039;HDFC FMP 1113D August 2014 (1) - Direct Option - Quarterly Dividend Option;INF179KA1VW7;;10.1854;0.0000;0.0000;07-Jul-2015
131040;HDFC FMP 1113D August 2014 (1) - Regular Option - Dividend Option;INF179KA1VZ0;;10.9341;0.0000;0.0000;07-Jul-2015
131041;HDFC FMP 1113D August 2014 (1) - Regular Option - Flexi Option;INF179KA1WB9;;10.9341;0.0000;0.0000;07-Jul-2015
131042;HDFC FMP 1113D August 2014 (1) - Regular Option - Growth Option;INF179KA1VY3;;10.9341;0.0000;0.0000;07-Jul-2015
131035;HDFC FMP 1113D August 2014 (1) - Regular Option - Quarterly Dividend Option;INF179KA1WA1;;10.1843;0.0000;0.0000;07-Jul-2015
133084;HDFC FMP 1113D November 2014 (1) - Direct Option - Dividend Option;INF179KA1H88;;10.5588;0.0000;0.0000;07-Jul-2015
133085;HDFC FMP 1113D November 2014 (1) - Direct Option - Flexi Option;INF179KA1I04;;10.5588;0.0000;0.0000;07-Jul-2015
133086;HDFC FMP 1113D November 2014 (1) - Direct Option - Growth Option;INF179KA1H70;;10.5588;0.0000;0.0000;07-Jul-2015
133087;HDFC FMP 1113D November 2014 (1) - Direct Option - Quarterly Dividend Option;INF179KA1H96;;10.0500;0.0000;0.0000;07-Jul-2015
133080;HDFC FMP 1113D November 2014 (1) - Regular Option - Dividend Option;INF179KA1I20;;10.5395;0.0000;0.0000;07-Jul-2015
133081;HDFC FMP 1113D November 2014 (1) - Regular Option - Flexi Option;INF179KA1I46;;10.5395;0.0000;0.0000;07-Jul-2015
133082;HDFC FMP 1113D November 2014 (1) - Regular Option - Growth Option;INF179KA1I12;;10.5395;0.0000;0.0000;07-Jul-2015
133083;HDFC FMP 1113D November 2014 (1) - Regular Option - Quarterly Dividend Option;INF179KA1I38;;10.0490;0.0000;0.0000;07-Jul-2015
132795;HDFC FMP 1113D October 2014 (1)-Direct Option-Dividend Option;INF179KA1A77;;10.7062;0.0000;0.0000;07-Jul-2015
132788;HDFC FMP 1113D October 2014 (1)-Direct Option-Growth Option;INF179KA1A69;;10.7062;0.0000;0.0000;07-Jul-2015
132789;HDFC FMP 1113D October 2014 (1)-Direct Option-Quarterly Dividend Option;INF179KA1A85;;10.1073;0.0000;0.0000;07-Jul-2015
132792;HDFC FMP 1113D October 2014 (1)-Regular Option-Dividend Option;INF179KA1B19;;10.6835;0.0000;0.0000;07-Jul-2015
132794;HDFC FMP 1113D October 2014 (1)-Regular Option-Flexi Option;INF179KA1B35;;10.6835;0.0000;0.0000;07-Jul-2015
132791;HDFC FMP 1113D October 2014 (1)-Regular Option-Growth Option;INF179KA1B01;;10.6835;0.0000;0.0000;07-Jul-2015
132793;HDFC FMP 1113D October 2014 (1)-Regular Option-Quarterly Dividend Option;INF179KA1B27;;10.1063;0.0000;0.0000;07-Jul-2015
133466;HDFC FMP 1115D JANUARY 2015(1) - DIRECT OPTION - DIVIDEND OPTION;INF179KA1R37;;10.3883;0.0000;0.0000;07-Jul-2015
133460;HDFC FMP 1115D JANUARY 2015(1) - DIRECT OPTION - GROWTH OPTION;INF179KA1R29;;10.3883;0.0000;0.0000;07-Jul-2015
133461;HDFC FMP 1115D JANUARY 2015(1) - DIRECT OPTION - QUARTERLY DIVIDEND OPTION;INF179KA1R45;;10.0386;0.0000;0.0000;07-Jul-2015
133462;HDFC FMP 1115D JANUARY 2015(1) - REGULAR OPTION - DIVIDEND OPTION;INF179KA1R78;;10.3734;0.0000;0.0000;07-Jul-2015
133463;HDFC FMP 1115D JANUARY 2015(1) - REGULAR OPTION - FLEXI OPTION;INF179KA1R94;;10.3734;0.0000;0.0000;07-Jul-2015
133464;HDFC FMP 1115D JANUARY 2015(1) - REGULAR OPTION - GROWTH OPTION;INF179KA1R60;;10.3734;0.0000;0.0000;07-Jul-2015
133465;HDFC FMP 1115D JANUARY 2015(1) - REGULAR OPTION - QUARTERLY DIVIDEND OPTION;INF179KA1R86;;10.0375;0.0000;0.0000;07-Jul-2015
134380;HDFC FMP 1115D March 2015 (1)-Direct Option-Dividend Option;INF179KA19N7;;10.1492;0.0000;0.0000;07-Jul-2015
134377;HDFC FMP 1115D March 2015 (1)-Direct Option-Flexi Option;INF179KA11O2;;10.1492;0.0000;0.0000;07-Jul-2015
134381;HDFC FMP 1115D March 2015 (1)-Direct Option-Growth Option;INF179KA18N9;;10.1492;0.0000;0.0000;07-Jul-2015
134379;HDFC FMP 1115D March 2015 (1)-Direct Option-Quarterly Dividend Option;INF179KA10O4;;10.0436;0.0000;0.0000;07-Jul-2015
134375;HDFC FMP 1115D March 2015 (1)-Regular Option-Dividend Option;INF179KA13O8;;10.1416;0.0000;0.0000;07-Jul-2015
134378;HDFC FMP 1115D March 2015 (1)-Regular Option-Flexi Option;INF179KA15O3;;10.1416;0.0000;0.0000;07-Jul-2015
134376;HDFC FMP 1115D March 2015 (1)-Regular Option-Growth Option;INF179KA12O0;;10.1416;0.0000;0.0000;07-Jul-2015
134382;HDFC FMP 1115D March 2015 (1)-Regular Option-Quarterly Dividend Option;INF179KA14O6;;10.0426;0.0000;0.0000;07-Jul-2015
130844;HDFC FMP 1116D JULY 2014(1) - Direct Option - Dividend Option;INF179KA1UH0;;10.9926;0.0000;0.0000;07-Jul-2015
130843;HDFC FMP 1116D JULY 2014(1) - Direct Option - Flexi Option;INF179KA1UJ6;;10.9926;0.0000;0.0000;07-Jul-2015
130838;HDFC FMP 1116D JULY 2014(1) - Direct Option - Growth Option;INF179KA1UG2;;10.9926;0.0000;0.0000;07-Jul-2015
130839;HDFC FMP 1116D JULY 2014(1) - Direct Option - Quarterly Dividend Option;INF179KA1UI8;;10.1780;0.0000;0.0000;07-Jul-2015
130840;HDFC FMP 1116D JULY 2014(1) - Regular Option - Dividend Option;INF179KA1UL2;;10.9629;0.0000;0.0000;07-Jul-2015
130841;HDFC FMP 1116D JULY 2014(1) - Regular Option - Flexi Option;INF179KA1UN8;;10.9629;0.0000;0.0000;07-Jul-2015
130845;HDFC FMP 1116D JULY 2014(1) - Regular Option - Growth Option;INF179KA1UK4;;10.9629;0.0000;0.0000;07-Jul-2015
130842;HDFC FMP 1116D JULY 2014(1) - Regular Option - Quarterly Dividend Option;INF179KA1UM0;;10.1769;0.0000;0.0000;07-Jul-2015
117590;HDFC FMP 1120D June 2012 (1)-Dividend Option;INF179K01SC0;;12.9226;0.0000;0.0000;07-Jul-2015
117589;HDFC FMP 1120D June 2012 (1)-Growth Option;INF179K01SB2;;12.9226;0.0000;0.0000;07-Jul-2015
117591;HDFC FMP 1120D June 2012 (1)-Quarterly Dividend Option;INF179K01SD8;;10.2201;0.0000;0.0000;07-Jul-2015
130802;HDFC FMP 1123D July 2014 (1) - Direct Option - Dividend Option;INF179KA1TZ4;;11.0150;0.0000;0.0000;07-Jul-2015
130800;HDFC FMP 1123D July 2014 (1) - Direct Option - Growth Option;INF179KA1TY7;;11.0150;0.0000;0.0000;07-Jul-2015
130801;HDFC FMP 1123D July 2014 (1) - Direct Option - Quarterly Dividend Option;INF179KA1UA5;;10.1811;0.0000;0.0000;07-Jul-2015
130795;HDFC FMP 1123D July 2014 (1) - Regular Option - Dividend Option;INF179KA1UD9;;10.9845;0.0000;0.0000;07-Jul-2015
130796;HDFC FMP 1123D July 2014 (1) - Regular Option - Flexi Option;INF179KA1UF4;;10.9845;0.0000;0.0000;07-Jul-2015
130797;HDFC FMP 1123D July 2014 (1) - Regular Option - Growth Option;INF179KA1UC1;;10.9845;0.0000;0.0000;07-Jul-2015
130798;HDFC FMP 1123D July 2014 (1) - Regular Option - Quarterly Dividend Option;INF179KA1UE7;;10.1798;0.0000;0.0000;07-Jul-2015
131522;HDFC FMP 1125D SEPTEMBER 2014 (1) - Direct Option - Dividend Option;INF179KA1ZN7;;10.7862;0.0000;0.0000;07-Jul-2015
131521;HDFC FMP 1125D SEPTEMBER 2014 (1) - Direct Option - Growth Option;INF179KA1ZM9;;10.7862;0.0000;0.0000;07-Jul-2015
131523;HDFC FMP 1125D SEPTEMBER 2014 (1) - Direct Option - Quarterly Dividend Option;INF179KA1ZO5;;10.1440;0.0000;0.0000;07-Jul-2015
131519;HDFC FMP 1125D SEPTEMBER 2014 (1) - Regular Option - Dividend Option;INF179KA1ZR8;;10.7622;0.0000;0.0000;07-Jul-2015
131520;HDFC FMP 1125D SEPTEMBER 2014 (1) - Regular Option - Flexi Option;INF179KA1ZT4;;10.7622;0.0000;0.0000;07-Jul-2015
131518;HDFC FMP 1125D SEPTEMBER 2014 (1) - Regular Option - Growth Option;INF179KA1ZQ0;;10.7622;0.0000;0.0000;07-Jul-2015
131524;HDFC FMP 1125D SEPTEMBER 2014 (1) - Regular Option - Quarterly Dividend Option;INF179KA1ZS6;;10.1431;0.0000;0.0000;07-Jul-2015
128800;HDFC FMP 1127D March 2014 (1) - Direct Option-Dividend Option;INF179KA1JG5;;11.6506;0.0000;0.0000;07-Jul-2015
128802;HDFC FMP 1127D March 2014 (1) - Direct Option-Growth Option;INF179KA1JF7;;11.6506;0.0000;0.0000;07-Jul-2015
128803;HDFC FMP 1127D March 2014 (1) - Direct Option-Quarterly Dividend Option;INF179KA1JH3;;10.2031;0.0000;0.0000;07-Jul-2015
128804;HDFC FMP 1127D March 2014 (1) - Regular Option-Dividend Option;INF179KA1JK7;;11.6128;0.0000;0.0000;07-Jul-2015
128805;HDFC FMP 1127D March 2014 (1) - Regular Option-Flexi Option;INF179KA1JM3;;11.6128;0.0000;0.0000;07-Jul-2015
128806;HDFC FMP 1127D March 2014 (1) - Regular Option-Growth Option;INF179KA1JJ9;;11.6128;0.0000;0.0000;07-Jul-2015
128807;HDFC FMP 1127D March 2014 (1) - Regular Option-Quarterly Dividend Option;INF179KA1JL5;;10.2024;0.0000;0.0000;07-Jul-2015
134755;HDFC FMP 1127D May 2015 (1) - Direct Option - Dividend Option;INF179KB1DE2;;10.0527;0.0000;0.0000;07-Jul-2015
134762;HDFC FMP 1127D May 2015 (1) - Direct Option - Flexi Option;INF179KB1DC6;;10.0527;0.0000;0.0000;07-Jul-2015
134756;HDFC FMP 1127D May 2015 (1) - Direct Option - Growth Option;INF179KB1DD4;;10.0527;0.0000;0.0000;07-Jul-2015
134757;HDFC FMP 1127D May 2015 (1) - Direct Option - Quarterly Dividend Option;INF179KB1DF9;;10.0527;0.0000;0.0000;07-Jul-2015
134758;HDFC FMP 1127D May 2015 (1) - Regular Option - Dividend Option;INF179KB1DI3;;10.0496;0.0000;0.0000;07-Jul-2015
134759;HDFC FMP 1127D May 2015 (1) - Regular Option - Flexi Option;INF179KB1DG7;;10.0496;0.0000;0.0000;07-Jul-2015
134760;HDFC FMP 1127D May 2015 (1) - Regular Option - Growth Option;INF179KB1DH5;;10.0496;0.0000;0.0000;07-Jul-2015
134761;HDFC FMP 1127D May 2015 (1) - Regular Option - Quarterly Dividend Option;INF179KB1DJ1;;10.0496;0.0000;0.0000;07-Jul-2015
134292;HDFC FMP 1128D March 2015 (1)-Direct Option-Dividend Option;INF179KA15L9;;10.2282;0.0000;0.0000;07-Jul-2015
134289;HDFC FMP 1128D March 2015 (1)-Direct Option-Growth Option;INF179KA14L2;;10.2282;0.0000;0.0000;07-Jul-2015
134290;HDFC FMP 1128D March 2015 (1)-Direct Option-Quarterly Dividend Option;INF179KA16L7;;10.0394;0.0000;0.0000;07-Jul-2015
134287;HDFC FMP 1128D March 2015 (1)-Regular Option Quarterly Dividend Option;INF179KA10M8;;10.0385;0.0000;0.0000;07-Jul-2015
134293;HDFC FMP 1128D March 2015 (1)-Regular Option-Dividend Option;INF179KA19L1;;10.2195;0.0000;0.0000;07-Jul-2015
134294;HDFC FMP 1128D March 2015 (1)-Regular Option-Growth Option;INF179KA18L3;;10.2195;0.0000;0.0000;07-Jul-2015
131426;HDFC FMP 1128D September 2014 (1)-Direct Plan-Dividend Option;INF179KA1YP5;;10.8731;0.0000;0.0000;07-Jul-2015
131427;HDFC FMP 1128D September 2014 (1)-Direct Plan-Growth Option;INF179KA1YO8;;10.8731;0.0000;0.0000;07-Jul-2015
131428;HDFC FMP 1128D September 2014 (1)-Direct Plan-Quarterly Dividend Option;INF179KA1YQ3;;10.1755;0.0000;0.0000;07-Jul-2015
131431;HDFC FMP 1128D September 2014 (1)-Regular Plan-Dividend Option;INF179KA1YT7;;10.8476;0.0000;0.0000;07-Jul-2015
131429;HDFC FMP 1128D September 2014 (1)-Regular Plan-Flexi Option;INF179KA1YV3;;10.8476;0.0000;0.0000;07-Jul-2015
131433;HDFC FMP 1128D September 2014 (1)-Regular Plan-Growth Option;INF179KA1YS9;;10.8476;0.0000;0.0000;07-Jul-2015
131430;HDFC FMP 1128D September 2014 (1)-Regular Plan-Quarterly Dividend Option;INF179KA1YU5;;10.1746;0.0000;0.0000;07-Jul-2015
131277;HDFC FMP 1134D September 2014 (1) - Direct Option - Dividend Option;INF179KA1XJ0;;10.9375;0.0000;0.0000;07-Jul-2015
131279;HDFC FMP 1134D September 2014 (1) - Direct Option - Flexi Option;INF179KA1XL6;;10.9375;0.0000;0.0000;07-Jul-2015
131280;HDFC FMP 1134D September 2014 (1) - Direct Option - Growth Option;INF179KA1XI2;;10.9375;0.0000;0.0000;07-Jul-2015
131281;HDFC FMP 1134D September 2014 (1) - Direct Option - Quarterly Dividend Option;INF179KA1XK8;;10.1836;0.0000;0.0000;07-Jul-2015
131282;HDFC FMP 1134D September 2014 (1) - Regular Option - Dividend Option;INF179KA1XN2;;10.9116;0.0000;0.0000;07-Jul-2015
131278;HDFC FMP 1134D September 2014 (1) - Regular Option - Flexi Option;INF179KA1XP7;;10.9116;0.0000;0.0000;07-Jul-2015
131283;HDFC FMP 1134D September 2014 (1) - Regular Option - Growth Option;INF179KA1XM4;;10.9116;0.0000;0.0000;07-Jul-2015
131284;HDFC FMP 1134D September 2014 (1) - Regular Option - Quarterly Dividend Option;INF179KA1XO0;;10.1825;0.0000;0.0000;07-Jul-2015
134197;HDFC FMP 1135D March 2015 (1)-Direct Option-Dividend Option;INF179KA18I9;;10.2535;0.0000;0.0000;07-Jul-2015
134198;HDFC FMP 1135D March 2015 (1)-Direct Option-Growth Option;INF179KA14J6;;10.2535;0.0000;0.0000;07-Jul-2015
134201;HDFC FMP 1135D March 2015 (1)-Direct Option-Quarterly Dividend Option;INF179KA15J3;;10.0438;0.0000;0.0000;07-Jul-2015
134204;HDFC FMP 1135D March 2015 (1)-Regular Option-Dividend Option;INF179KA11J2;;10.2437;0.0000;0.0000;07-Jul-2015
134199;HDFC FMP 1135D March 2015 (1)-Regular Option-Flexi Option;INF179KA13J8;;10.2437;0.0000;0.0000;07-Jul-2015
134203;HDFC FMP 1135D March 2015 (1)-Regular Option-Growth Option;INF179KA10J4;;10.2437;0.0000;0.0000;07-Jul-2015
134200;HDFC FMP 1135D March 2015 (1)-Regular Option-Quarterly Dividend Option;INF179KA12J0;;10.0429;0.0000;0.0000;07-Jul-2015
123200;HDFC FMP 1143D July 2013 (1)-Direct Option-Dividend Option;INF179K01Y44;;12.1095;0.0000;0.0000;07-Jul-2015
123199;HDFC FMP 1143D July 2013 (1)-Direct Option-Flexi Option;INF179K01Y28;;12.1095;0.0000;0.0000;07-Jul-2015
123203;HDFC FMP 1143D July 2013 (1)-Direct Option-Growth Option;INF179K01Y36;;12.1095;0.0000;0.0000;07-Jul-2015
123201;HDFC FMP 1143D July 2013 (1)-Direct Option-Quarterly Dividend Option;INF179K01Y51;;10.2593;0.0000;0.0000;07-Jul-2015
123196;HDFC FMP 1143D July 2013 (1)-Regular Option-Dividend Option;INF179K01Y85;;12.0632;0.0000;0.0000;07-Jul-2015
123198;HDFC FMP 1143D July 2013 (1)-Regular Option-Flexi Option;INF179K01Y69;;12.0632;0.0000;0.0000;07-Jul-2015
123202;HDFC FMP 1143D July 2013 (1)-Regular Option-Growth Option;INF179K01Y77;;12.0632;0.0000;0.0000;07-Jul-2015
123197;HDFC FMP 1143D July 2013 (1)-Regular Option-Quarterly Dividend Option;INF179K01Y93;;10.2585;0.0000;0.0000;07-Jul-2015
133904;HDFC FMP 1157D February 2015 (1)-Direct Option-Dividend Option;INF179KA15C8;;10.3147;0.0000;0.0000;07-Jul-2015
133907;HDFC FMP 1157D February 2015 (1)-Direct Option-Flexi Option;INF179KA17C4;;10.3147;0.0000;0.0000;07-Jul-2015
133906;HDFC FMP 1157D February 2015 (1)-Direct Option-Growth Option;INF179KA14C1;;10.3147;0.0000;0.0000;07-Jul-2015
133901;HDFC FMP 1157D February 2015 (1)-Regular Option-Dividend Option;INF179KA19C0;;10.3034;0.0000;0.0000;07-Jul-2015
133903;HDFC FMP 1157D February 2015 (1)-Regular Option-Flexi Option;INF179KA11D5;;10.3034;0.0000;0.0000;07-Jul-2015
133900;HDFC FMP 1157D February 2015 (1)-Regular Option-Growth Option;INF179KA18C2;;10.3034;0.0000;0.0000;07-Jul-2015
133902;HDFC FMP 1157D February 2015 (1)-Regular Option-QuarterlyDividend Option;INF179KA10D7;;10.0412;0.0000;0.0000;07-Jul-2015
126768;HDFC FMP 1175D January 2014 (1) - Direct Option-Dividend Option;INF179KB1K08;;11.8319;0.0000;0.0000;07-Jul-2015
126769;HDFC FMP 1175D January 2014 (1) - Direct Option-Flexi Option;INF179KB1K24;;11.8319;0.0000;0.0000;07-Jul-2015
126770;HDFC FMP 1175D January 2014 (1) - Direct Option-Growth Option;INF179KB1J92;;11.8319;0.0000;0.0000;07-Jul-2015
126771;HDFC FMP 1175D January 2014 (1) - Direct Option-Quarterly Dividend Option;INF179KB1K16;;10.2423;0.0000;0.0000;07-Jul-2015
126772;HDFC FMP 1175D January 2014 (1) - Regular Option-Dividend Option;INF179KB1J68;;11.8073;0.0000;0.0000;07-Jul-2015
126766;HDFC FMP 1175D January 2014 (1) - Regular Option-Growth Option;INF179KB1J84;;11.8073;0.0000;0.0000;07-Jul-2015
126767;HDFC FMP 1175D January 2014 (1) - Regular Option-Quarterly Dividend Option;INF179KB1J76;;10.2416;0.0000;0.0000;07-Jul-2015
133600;HDFC FMP 1184D January 2015 (1) - Direct Option - Dividend Option;INF179KA1V72;;10.4535;0.0000;0.0000;07-Jul-2015
133599;HDFC FMP 1184D January 2015 (1) - Direct Option - Growth Option;INF179KA1V64;;10.4535;0.0000;0.0000;07-Jul-2015
133602;HDFC FMP 1184D January 2015 (1) - Direct Option - Quarterly Dividend Option;INF179KA1V80;;10.0475;0.0000;0.0000;07-Jul-2015
133596;HDFC FMP 1184D January 2015 (1) - Regular Option - Dividend Option;INF179KA1W14;;10.4397;0.0000;0.0000;07-Jul-2015
133598;HDFC FMP 1184D January 2015 (1) - Regular Option - Flexi Option;INF179KA1W30;;10.4397;0.0000;0.0000;07-Jul-2015
133601;HDFC FMP 1184D January 2015 (1) - Regular Option - Growth Option;INF179KA1W06;;10.4397;0.0000;0.0000;07-Jul-2015
133597;HDFC FMP 1184D January 2015 (1) - Regular Option - Quarterly Dividend Option;INF179KA1W22;;10.0464;0.0000;0.0000;07-Jul-2015
120996;HDFC FMP 1198D February 2013 (1)-Direct Plan-Dividend Option;INF179K01C73;;12.3061;0.0000;0.0000;07-Jul-2015
120998;HDFC FMP 1198D February 2013 (1)-Direct Plan-Flexi Option;INF179K01C99;;12.3061;0.0000;0.0000;07-Jul-2015
120992;HDFC FMP 1198D February 2013 (1)-Direct Plan-Growth Option;INF179K01C65;;12.3061;0.0000;0.0000;07-Jul-2015
120997;HDFC FMP 1198D February 2013 (1)-Direct Plan-Quarterly Dividend Option;INF179K01C81;;10.0702;0.0000;0.0000;07-Jul-2015
120995;HDFC FMP 1198D February 2013 (1)-Regular Plan-Dividend Option;INF179K01C32;;12.2150;0.0000;0.0000;07-Jul-2015
120999;HDFC FMP 1198D February 2013 (1)-Regular Plan-Flexi Option;INF179K01C57;;12.2150;0.0000;0.0000;07-Jul-2015
120993;HDFC FMP 1198D February 2013 (1)-Regular Plan-Growth Option;INF179K01C24;;12.2150;0.0000;0.0000;07-Jul-2015
120994;HDFC FMP 1198D February 2013 (1)-Regular Plan-Quarterly Dividend Option;INF179K01C40;;10.0692;0.0000;0.0000;07-Jul-2015
123401;HDFC FMP 1846D August 2013 (1) - Growth Option;INF179KB15P8;;12.2442;0.0000;0.0000;07-Jul-2015
123402;HDFC FMP 1846D August 2013 (1) - Growth Option - Direct Plan;INF179KB11P7;;12.3141;0.0000;0.0000;07-Jul-2015
123406;HDFC FMP 1846D August 2013 (1) - IDCW Option;INF179KB16P6;;12.2442;0.0000;0.0000;07-Jul-2015
123403;HDFC FMP 1846D August 2013 (1) - IDCW Option - Direct Plan;INF179KB12P5;;12.3141;0.0000;0.0000;07-Jul-2015
123405;HDFC FMP 1846D August 2013 (1)-Direct Option-Quarterly Dividend Option;INF179KB13P3;;10.5862;0.0000;0.0000;07-Jul-2015
123407;HDFC FMP 1846D August 2013 (1)-Regular Option-Flexi Option;INF179K012A7;;12.2442;0.0000;0.0000;07-Jul-2015
123408;HDFC FMP 1846D August 2013 (1)-Regular Option-Quarterly Dividend Option;INF179K015A0;;10.5851;0.0000;0.0000;07-Jul-2015
123735;HDFC FMP 1875D August 2013 (1) - Direct Option - Dividend Option;INF179K010F0;;12.3073;0.0000;0.0000;07-Jul-2015
123736;HDFC FMP 1875D August 2013 (1) - Direct Option - Flexi Option;INF179K017E8;;12.3073;0.0000;0.0000;07-Jul-2015
123732;HDFC FMP 1875D August 2013 (1) - Direct Option - Growth Option;INF179K018E6;;12.3073;0.0000;0.0000;07-Jul-2015
123737;HDFC FMP 1875D August 2013 (1) - Direct Option - Quarterly Dividend Option;INF179K011F8;;10.4046;0.0000;0.0000;07-Jul-2015
123738;HDFC FMP 1875D August 2013 (1) - Regular Option - Dividend Option;INF179K013E7;;12.2171;0.0000;0.0000;07-Jul-2015
123733;HDFC FMP 1875D August 2013 (1) - Regular Option - Growth Option;INF179K013F4;;12.2171;0.0000;0.0000;07-Jul-2015
123734;HDFC FMP 1875D August 2013 (1) - Regular Option - Quarterly Dividend Option;INF179K014E5;;10.4031;0.0000;0.0000;07-Jul-2015
120096;HDFC FMP 1919D January 2013 (1) Direct Plan Dividend Option;INF179K01ZF8;;12.4767;0.0000;0.0000;07-Jul-2015
120092;HDFC FMP 1919D January 2013 (1) Direct Plan Flexi Option;INF179K01ZH4;;12.4767;0.0000;0.0000;07-Jul-2015
120095;HDFC FMP 1919D January 2013 (1) Direct Plan Growth Option;INF179K01ZE1;;12.4767;0.0000;0.0000;07-Jul-2015
120091;HDFC FMP 1919D January 2013 (1) Direct Plan Quarterly Dividend Option;INF179K01ZG6;;10.1067;0.0000;0.0000;07-Jul-2015
120090;HDFC FMP 1919D January 2013 (1) Dividend Option;INF179K01ZB7;;12.4767;0.0000;0.0000;07-Jul-2015
120094;HDFC FMP 1919D January 2013 (1) Flexi Option;INF179K01ZD3;;12.4767;0.0000;0.0000;07-Jul-2015
120089;HDFC FMP 1919D January 2013 (1) Growth Option;INF179K01ZA9;;12.4767;0.0000;0.0000;07-Jul-2015
120093;HDFC FMP 1919D January 2013 (1) Quarterly Dividend Option;INF179K01ZC5;;10.1066;0.0000;0.0000;07-Jul-2015
128541;HDFC FMP 3360D March 2014 (1) - Flexi Option;INF179KA1II3;;10.1042;0.0000;0.0000;07-Jul-2015
128539;HDFC FMP 3360D March 2014 (1) - Flexi Option - Direct Plan;INF179KA1IE2;;10.1173;0.0000;0.0000;07-Jul-2015
128542;HDFC FMP 3360D March 2014 (1) - Growth Option;INF179KA1IF9;;10.1042;0.0000;0.0000;07-Jul-2015
128544;HDFC FMP 3360D March 2014 (1) - Growth Option - Direct Plan;INF179KA1IB8;;10.1173;0.0000;0.0000;07-Jul-2015
128540;HDFC FMP 3360D March 2014 (1) - IDCW Option;INF179KA1IG7;;10.1042;0.0000;0.0000;07-Jul-2015
128538;HDFC FMP 3360D March 2014 (1) - IDCW Option - Direct Plan;INF179KA1IC6;;10.1173;0.0000;0.0000;07-Jul-2015
128543;HDFC FMP 3360D March 2014 (1) - Quarterly IDCW Option;INF179KA1IH5;;10.0500;0.0000;0.0000;07-Jul-2015
128545;HDFC FMP 3360D March 2014 (1) - Quarterly IDCW Option - Direct Plan;INF179KA1ID4;;10.0607;0.0000;0.0000;07-Jul-2015
128714;HDFC FMP 366D March 2014 (1) - Direct Option-Dividend Option;INF179KA10L0;;10.2625;0.0000;0.0000;07-Jul-2015
128707;HDFC FMP 366D March 2014 (1) - Direct Option-Growth Option;INF179KA19K3;;11.2303;0.0000;0.0000;07-Jul-2015
128710;HDFC FMP 366D March 2014 (1) - Direct Option-Quarterly Dividend Option;INF179KA11L8;;10.0356;0.0000;0.0000;07-Jul-2015
128712;HDFC FMP 366D March 2014 (1) - Regular Option-Flexi Option;INF179KA12L6;;11.2217;0.0000;0.0000;07-Jul-2015
128713;HDFC FMP 366D March 2014 (1) - Regular Option-Growth Option;INF179KA13L4;;11.2217;0.0000;0.0000;07-Jul-2015
128915;HDFC FMP 366D March 2014 (2)-Direct Option-Growth Option;INF179KA13N0;;11.1656;0.0000;0.0000;07-Jul-2015
128914;HDFC FMP 366D March 2014 (2)-Regular Option-Growth Option;INF179KA16N3;;11.1570;0.0000;0.0000;07-Jul-2015
129774;HDFC FMP 366d May 2014 (1) - Direct Option - Dividend option;INF179KB1BJ5;;10.1097;0.0000;0.0000;07-Jul-2015
129770;HDFC FMP 366d May 2014 (1) - Direct Option - Flexi option;INF179KB1BH9;;11.0247;0.0000;0.0000;07-Jul-2015
129769;HDFC FMP 366d May 2014 (1) - Direct Option - Growth option;INF179KB1BI7;;11.0247;0.0000;0.0000;07-Jul-2015
129771;HDFC FMP 366DMay 2014 (1) - Direct Option - Quarterly Dividend option;INF179KB1BK3;;10.1097;0.0000;0.0000;07-Jul-2015
129772;HDFC FMP 366DMay 2014 (1) - Regular Option - Dividend option;INF179KB1BF3;;10.1083;0.0000;0.0000;07-Jul-2015
129773;HDFC FMP 366DMay 2014 (1) - Regular Option - Growth option;INF179KB1BM9;;11.0177;0.0000;0.0000;07-Jul-2015
129991;HDFC FMP 366D MAY 2014 (2)-Direct Option-Dividend Option;INF179KB1BX6;;10.0762;0.0000;0.0000;07-Jul-2015
129993;HDFC FMP 366D MAY 2014 (2)-Direct Option-Growth Option;INF179KB1BW8;;10.9861;0.0000;0.0000;07-Jul-2015
129997;HDFC FMP 366D MAY 2014 (2)-Regular Dividend-Dividend Option;INF179KB1CB0;;10.0753;0.0000;0.0000;07-Jul-2015
129995;HDFC FMP 366D MAY 2014 (2)-Regular Option-Flexi Option;INF179KB1BZ1;;10.9797;0.0000;0.0000;07-Jul-2015
129996;HDFC FMP 366D MAY 2014 (2)-Regular Option-Growth Option;INF179KB1CA2;;10.9797;0.0000;0.0000;07-Jul-2015
129998;HDFC FMP 366D MAY 2014 (2)-Regular Option-Quarterly Dividend Option;INF179KB1CC8;;10.0753;0.0000;0.0000;07-Jul-2015
129453;HDFC FMP 367D April 2014 (1)-Direct Option-Dividend Option;INF179KA10Z0;;10.1432;0.0000;0.0000;07-Jul-2015
129446;HDFC FMP 367D April 2014 (1)-Direct Option-Flexi Option;INF179KA18Y6;;11.0867;0.0000;0.0000;07-Jul-2015
129450;HDFC FMP 367D April 2014 (1)-Direct Option-Growth Option;INF179KA19Y4;;11.0867;0.0000;0.0000;07-Jul-2015
129448;HDFC FMP 367D April 2014 (1)-Regular Option-Flexi Option;INF179KA12Z6;;11.0791;0.0000;0.0000;07-Jul-2015
129449;HDFC FMP 367D April 2014 (1)-Regular Option-Growth Option;INF179KA13Z4;;11.0791;0.0000;0.0000;07-Jul-2015
129587;HDFC FMP 367D May 2014 (1)-Direct Option-Dividend Option;INF179KB1479;;10.1385;0.0000;0.0000;07-Jul-2015
129588;HDFC FMP 367D May 2014 (1)-Direct Option-Flexi Option;INF179KB1453;;11.0819;0.0000;0.0000;07-Jul-2015
129586;HDFC FMP 367D May 2014 (1)-Direct Option-Growth Option;INF179KB1461;;11.0819;0.0000;0.0000;07-Jul-2015
129584;HDFC FMP 367D May 2014 (1)-Regular Option-Dividend Option;INF179KB1438;;10.1369;0.0000;0.0000;07-Jul-2015
129583;HDFC FMP 367D May 2014 (1)-Regular Option-Flexi Option;INF179KB1495;;11.0743;0.0000;0.0000;07-Jul-2015
129582;HDFC FMP 367D May 2014 (1)-Regular Option-Growth Option;INF179KB1503;;11.0743;0.0000;0.0000;07-Jul-2015
129585;HDFC FMP 367D May 2014 (1)-Regular Option-Quarterly Dividend Option;INF179KB1446;;10.0312;0.0000;0.0000;07-Jul-2015
129782;HDFC FMP 367D MAY 2014 (2)-DIRECT OPTION-DIVIDEND OPTION;INF179KB1719;;10.1271;0.0000;0.0000;07-Jul-2015
129784;HDFC FMP 367D MAY 2014 (2)-DIRECT OPTION-GROWTH OPTION;INF179KB1701;;11.0660;0.0000;0.0000;07-Jul-2015
129777;HDFC FMP 367D MAY 2014 (2)-DIRECT OPTION-QUARTERLY DIVIDEND OPTION;INF179KB1727;;10.1271;0.0000;0.0000;07-Jul-2015
129778;HDFC FMP 367D MAY 2014 (2)-REGULAR OPTION-DIVIDEND OPTION;INF179KB1677;;10.1253;0.0000;0.0000;07-Jul-2015
129780;HDFC FMP 367D MAY 2014 (2)-REGULAR OPTION-GROWTH OPTION;INF179KB1743;;11.0588;0.0000;0.0000;07-Jul-2015
129781;HDFC FMP 367D MAY 2014 (2)-REGULAR OPTION-QUARTERLY DIVIDEND OPTION;INF179KB1685;;10.1253;0.0000;0.0000;07-Jul-2015
129100;HDFC FMP 369D April 2014 (1) - Direct Option-Growth Option;INF179KA15S4;;11.1328;0.0000;0.0000;07-Jul-2015
129095;HDFC FMP 369D April 2014 (1) - Direct Option-Quarterly Dividend Option;INF179KA17S0;;10.0326;0.0000;0.0000;07-Jul-2015
129097;HDFC FMP 369D April 2014 (1) - Regular Option-Growth Option;INF179KA19S6;;11.1243;0.0000;0.0000;07-Jul-2015
129094;HDFC FMP 369D April 2014 (1) - Regular Option-Quarterly Dividend Option;INF179KA13S9;;10.0321;0.0000;0.0000;07-Jul-2015
129325;HDFC FMP 369D April 2014 (2)-Direct Option-Growth Option;INF179KA13X9;;11.0879;0.0000;0.0000;07-Jul-2015
129327;HDFC FMP 369D April 2014 (2)-Regular Option-Dividend Option;INF179KA10X5;;10.1466;0.0000;0.0000;07-Jul-2015
129329;HDFC FMP 369D April 2014 (2)-Regular Option-Growth Option;INF179KA16X2;;11.0800;0.0000;0.0000;07-Jul-2015
125995;HDFC FMP 369D December 2013 (1)-Direct Option-Dividend Option;INF179KA1P62;;10.4900;0.0000;0.0000;07-Jul-2015
125989;HDFC FMP 369D December 2013 (1)-Direct Option-Growth Option;INF179KA1P54;;11.4928;0.0000;0.0000;07-Jul-2015
125991;HDFC FMP 369D December 2013 (1)-Regular Option-Dividend Option;INF179KA1P21;;10.4842;0.0000;0.0000;07-Jul-2015
125993;HDFC FMP 369D December 2013 (1)-Regular Option-Growth Option;INF179KA1P96;;11.4808;0.0000;0.0000;07-Jul-2015
125994;HDFC FMP 369D December 2013 (1)-Regular Option-Quarterly Dividend Option;INF179KA1P39;;10.0361;0.0000;0.0000;07-Jul-2015
127202;HDFC FMP 369D February 2014 (1) - Direct Option-Growth Option;INF179KA13A7;;11.3686;0.0000;0.0000;07-Jul-2015
127203;HDFC FMP 369D February 2014 (1) - Direct Option-Quarterly Dividend Option;INF179KA15A2;;10.0331;0.0000;0.0000;07-Jul-2015
127207;HDFC FMP 369D February 2014 (1) - Regular Option-Growth Option;INF179KA17A8;;11.3575;0.0000;0.0000;07-Jul-2015
127550;HDFC FMP 369D February 2014 (2) - Direct Option-Growth Option;INF179KA11F0;;11.3221;0.0000;0.0000;07-Jul-2015
127552;HDFC FMP 369D February 2014 (2) - Regular Option-Dividend Option;INF179KA18E8;;10.3025;0.0000;0.0000;07-Jul-2015
127553;HDFC FMP 369D February 2014 (2) - Regular Option-Flexi Option;INF179KA14F4;;11.3123;0.0000;0.0000;07-Jul-2015
127554;HDFC FMP 369D February 2014 (2) - Regular Option-Growth Option;INF179KA15F1;;11.3123;0.0000;0.0000;07-Jul-2015
126503;HDFC FMP 369D January 2014 (1) - Direct Option-Dividend Option;INF179KA1V23;;10.3882;0.0000;0.0000;07-Jul-2015
126504;HDFC FMP 369D January 2014 (1) - Direct Option-Growth Option;INF179KA1V15;;11.3758;0.0000;0.0000;07-Jul-2015
126505;HDFC FMP 369D January 2014 (1) - Direct Option-Quarterly Dividend Option;INF179KA1V31;;10.0361;0.0000;0.0000;07-Jul-2015
126506;HDFC FMP 369D January 2014 (1) - Regular Option-Dividend Option;INF179KA1U81;;10.3833;0.0000;0.0000;07-Jul-2015
126507;HDFC FMP 369D January 2014 (1) - Regular Option-Flexi Option;INF179KA1V49;;11.3649;0.0000;0.0000;07-Jul-2015
126508;HDFC FMP 369D January 2014 (1) - Regular Option-Growth Option;INF179KA1V56;;11.3649;0.0000;0.0000;07-Jul-2015
126509;HDFC FMP 369D January 2014 (1) - Regular Option-Quarterly Dividend Option;INF179KA1U99;;10.0358;0.0000;0.0000;07-Jul-2015
128244;HDFC FMP 369D March 2014 (1)-Direct Option-Flexi Option;INF179KA14H0;;11.2808;0.0000;0.0000;07-Jul-2015
128240;HDFC FMP 369D March 2014 (1)-Direct Option-Growth Option;INF179KA15H7;;11.2808;0.0000;0.0000;07-Jul-2015
128237;HDFC FMP 369D March 2014 (1)-Regular Option-Growth Option;INF179KA19H9;;11.2715;0.0000;0.0000;07-Jul-2015
128606;HDFC FMP 369D March 2014 (2) - Direct Option-Dividend Option;INF179KA12K8;;10.2652;0.0000;0.0000;07-Jul-2015
128613;HDFC FMP 369D March 2014 (2) - Direct Option-Flexi Option;INF179KA10K2;;11.2521;0.0000;0.0000;07-Jul-2015
128607;HDFC FMP 369D March 2014 (2) - Direct Option-Growth Option;INF179KA11K0;;11.2521;0.0000;0.0000;07-Jul-2015
128608;HDFC FMP 369D March 2014 (2) - Direct Option-Quarterly Dividend Option;INF179KA13K6;;10.0340;0.0000;0.0000;07-Jul-2015
128611;HDFC FMP 369D March 2014 (2) - Regular Option-Growth Option;INF179KA15K1;;11.2428;0.0000;0.0000;07-Jul-2015
128792;HDFC FMP 369D March 2014 (3) - Direct Option-Dividend Option;INF179KA16M5;;10.2479;0.0000;0.0000;07-Jul-2015
128794;HDFC FMP 369D March 2014 (3) - Direct Option-Growth Option;INF179KA15M7;;11.2073;0.0000;0.0000;07-Jul-2015
128798;HDFC FMP 369D March 2014 (3) - Regular Option-Growth Option;INF179KA19M9;;11.1985;0.0000;0.0000;07-Jul-2015
129090;HDFC FMP 370D April 2014 (1) - Direct Option-Dividend Option;INF179KA10V9;;10.1556;0.0000;0.0000;07-Jul-2015
129091;HDFC FMP 370D April 2014 (1) - Direct Option-Flexi Option;INF179KA18U4;;11.1110;0.0000;0.0000;07-Jul-2015
129085;HDFC FMP 370D April 2014 (1) - Direct Option-Growth Option;INF179KA19U2;;11.1110;0.0000;0.0000;07-Jul-2015
129086;HDFC FMP 370D April 2014 (1) - Direct Option-Quarterly Dividend Option;INF179KA11V7;;10.0319;0.0000;0.0000;07-Jul-2015
129087;HDFC FMP 370D April 2014 (1) - Regular Option-Dividend Option;INF179KA16U8;;10.1532;0.0000;0.0000;07-Jul-2015
129089;HDFC FMP 370D April 2014 (1) - Regular Option-Growth Option;INF179KA13V3;;11.1029;0.0000;0.0000;07-Jul-2015
129092;HDFC FMP 370D April 2014 (1) - Regular Option-Quarterly Dividend Option;INF179KA17U6;;10.0318;0.0000;0.0000;07-Jul-2015
129331;HDFC FMP 370D April 2014 (2)-Direct Option-Dividend Option;INF179KA16W4;;10.1462;0.0000;0.0000;07-Jul-2015
129335;HDFC FMP 370D April 2014 (2)-Direct Option-Flexi Option;INF179KA14W9;;11.0974;0.0000;0.0000;07-Jul-2015
129336;HDFC FMP 370D April 2014 (2)-Direct Option-Growth Option;INF179KA15W6;;11.0974;0.0000;0.0000;07-Jul-2015
129338;HDFC FMP 370D April 2014 (2)-Regular Option-Dividend Option;INF179KA12W3;;10.1441;0.0000;0.0000;07-Jul-2015
129333;HDFC FMP 370D April 2014 (2)-Regular Option-Growth Option;INF179KA19W8;;11.0893;0.0000;0.0000;07-Jul-2015
129345;HDFC FMP 370D April 2014 (3)-Direct Option-Growth Option;INF179KA11Y1;;11.0976;0.0000;0.0000;07-Jul-2015
129347;HDFC FMP 370D April 2014 (3)-Regular Option-Dividend Option;INF179KA18X8;;10.1446;0.0000;0.0000;07-Jul-2015
129349;HDFC FMP 370D April 2014 (3)-Regular Option-Growth Option;INF179KA15Y2;;11.0898;0.0000;0.0000;07-Jul-2015
129455;HDFC FMP 370D April 2014 (4)- Direct Option-Growth Option;INF179KB1305;;11.0981;0.0000;0.0000;07-Jul-2015
129461;HDFC FMP 370D April 2014 (4)- Regular Option- Growth Option;INF179KB1347;;11.0906;0.0000;0.0000;07-Jul-2015
129456;HDFC FMP 370D April 2014 (4)- Regular Option-Dividend Option;INF179KB1271;;10.1399;0.0000;0.0000;07-Jul-2015
129460;HDFC FMP 370D April 2014 (4)-Direct Option-Quarterly Dividend Option;INF179KB1321;;10.0360;0.0000;0.0000;07-Jul-2015
123347;HDFC FMP 370D August 2013 (1)-Direct Option-Dividend Option;INF179KA1VK2;;10.8973;0.0000;0.0000;07-Jul-2015
123345;HDFC FMP 370D August 2013 (1)-Direct Option-Growth Option;INF179KA1VJ4;;11.9896;0.0000;0.0000;07-Jul-2015
123350;HDFC FMP 370D August 2013 (1)-Regular Option-Dividend Option;INF179KA1VG0;;10.8856;0.0000;0.0000;07-Jul-2015
123352;HDFC FMP 370D August 2013 (1)-Regular Option-Flexi Option;INF179KA1VE5;;11.9732;0.0000;0.0000;07-Jul-2015
123349;HDFC FMP 370D August 2013 (1)-Regular Option-Growth Option;INF179KA1VF2;;11.9732;0.0000;0.0000;07-Jul-2015
123351;HDFC FMP 370D August 2013 (1)-Regular Option-Quarterly Dividend Option;INF179KA1VH8;;10.8856;0.0000;0.0000;07-Jul-2015
123529;HDFC FMP 370D August 2013 (2) - Direct Option - Dividend Option;INF179KA1WE3;;10.8815;0.0000;0.0000;07-Jul-2015
123528;HDFC FMP 370D August 2013 (2) - Direct Option - Growth Option;INF179KA1WD5;;12.0234;0.0000;0.0000;07-Jul-2015
123533;HDFC FMP 370D August 2013 (2) - Direct Option - Quarterly Dividend Option;INF179KA1WF0;;10.1276;0.0000;0.0000;07-Jul-2015
123526;HDFC FMP 370D August 2013 (2) - Regular Option - Dividend Option;INF179KA1WI4;;10.8720;0.0000;0.0000;07-Jul-2015
123531;HDFC FMP 370D August 2013 (2) - Regular Option - Flexi Option;INF179KA1WG8;;12.0068;0.0000;0.0000;07-Jul-2015
123530;HDFC FMP 370D August 2013 (2) - Regular Option - Growth Option;INF179KA1WH6;;12.0068;0.0000;0.0000;07-Jul-2015
123618;HDFC FMP 370D August 2013 (3) - Direct Option - Dividend Option;INF179KA1WO2;;10.8735;0.0000;0.0000;07-Jul-2015
123617;HDFC FMP 370D August 2013 (3) - Direct Option - Growth Option;INF179KA1WN4;;12.0142;0.0000;0.0000;07-Jul-2015
123613;HDFC FMP 370D August 2013 (3) - Direct Option - Quarterly Dividend Option;INF179KA1WP9;;10.1087;0.0000;0.0000;07-Jul-2015
123614;HDFC FMP 370D August 2013 (3) - Regular Option - Dividend Option;INF179KA1WK0;;10.8645;0.0000;0.0000;07-Jul-2015
123615;HDFC FMP 370D August 2013 (3) - Regular Option - Flexi Option;INF179KA1WQ7;;11.9981;0.0000;0.0000;07-Jul-2015
123619;HDFC FMP 370D August 2013 (3) - Regular Option - Growth Option;INF179KA1WR5;;11.9981;0.0000;0.0000;07-Jul-2015
123616;HDFC FMP 370D August 2013 (3) - Regular Option - Quarterly Dividend Option;INF179KA1WL8;;10.1109;0.0000;0.0000;07-Jul-2015
123958;HDFC FMP 370D August 2013 (4)-Direct Option-Flexi Option;INF179KA1XC5;;12.0120;0.0000;0.0000;07-Jul-2015
123961;HDFC FMP 370D August 2013 (4)-Direct Option-Growth Option;INF179KA1XD3;;12.0120;0.0000;0.0000;07-Jul-2015
123960;HDFC FMP 370D August 2013 (4)-Regular Option-Dividend Option;INF179KA1XA9;;10.8425;0.0000;0.0000;07-Jul-2015
123959;HDFC FMP 370D August 2013 (4)-Regular Option-Growth Option;INF179KA1XH4;;11.9961;0.0000;0.0000;07-Jul-2015
123954;HDFC FMP 370D August 2013 (4)-Regular Option-Quarterly Dividend Option;INF179KA1XB7;;10.1143;0.0000;0.0000;07-Jul-2015
127363;HDFC FMP 370D February 2014 (1) - Direct Option-Dividend Option;INF179KA10C9;;10.3277;0.0000;0.0000;07-Jul-2015
127365;HDFC FMP 370D February 2014 (1) - Direct Option-Growth Option;INF179KA19B2;;11.3466;0.0000;0.0000;07-Jul-2015
127367;HDFC FMP 370D February 2014 (1) - Regular Option-Dividend Option;INF179KA16B8;;10.3237;0.0000;0.0000;07-Jul-2015
127369;HDFC FMP 370D February 2014 (1) - Regular Option-Growth Option;INF179KA13C3;;11.3366;0.0000;0.0000;07-Jul-2015
126706;HDFC FMP 370D January 2014 (1)- Direct Option-Growth Option;INF179KA1X96;;11.3480;0.0000;0.0000;07-Jul-2015
126709;HDFC FMP 370D January 2014 (1)- Regular Option-Growth Option;INF179KA1Y38;;11.3373;0.0000;0.0000;07-Jul-2015
123175;HDFC FMP 370D July 2013 (3)-Direct Option-Dividend Option;INF179KA1UY5;;10.9271;0.0000;0.0000;07-Jul-2015
123174;HDFC FMP 370D July 2013 (3)-Direct Option-Growth Option;INF179KA1UX7;;12.0128;0.0000;0.0000;07-Jul-2015
123178;HDFC FMP 370D July 2013 (3)-Regular Option-Dividend Option;INF179KA1VC9;;10.9190;0.0000;0.0000;07-Jul-2015
123173;HDFC FMP 370D July 2013 (3)-Regular Option-Flexi Option;INF179KA1VA3;;10.9190;0.0000;0.0000;07-Jul-2015
123171;HDFC FMP 370D July 2013 (3)-Regular Option-Growth Option;INF179KA1VB1;;11.9978;0.0000;0.0000;07-Jul-2015
123172;HDFC FMP 370D July 2013 (3)-Regular Option-Quarterly Dividend Option;INF179KA1VD7;;10.1246;0.0000;0.0000;07-Jul-2015
130337;HDFC FMP 370D June 2014 (2) Direct Option-Dividend Option;INF179KB1EU6;;10.0313;0.0000;0.0000;07-Jul-2015
130339;HDFC FMP 370D June 2014 (2) Direct Option-Growth Option;INF179KB1ET8;;10.9370;0.0000;0.0000;07-Jul-2015
130341;HDFC FMP 370D June 2014 (2) Regular Option-Dividend Option;INF179KB1EQ4;;10.0312;0.0000;0.0000;07-Jul-2015
130343;HDFC FMP 370D June 2014 (2) Regular Option-Growth Option;INF179KB1EX0;;10.9313;0.0000;0.0000;07-Jul-2015
130169;HDFC FMP 370D JUNE 2014(1) - Direct Option - Growth Option;INF179KB1DN3;;10.9733;0.0000;0.0000;07-Jul-2015
130170;HDFC FMP 370D JUNE 2014(1) - Regular Option - Dividend Option;INF179KB1DK9;;10.0605;0.0000;0.0000;07-Jul-2015
130171;HDFC FMP 370D JUNE 2014(1) - Regular Option - Flexi Option;INF179KB1DQ6;;10.9652;0.0000;0.0000;07-Jul-2015
130173;HDFC FMP 370D JUNE 2014(1) - Regular Option - Growth Option;INF179KB1DR4;;10.9652;0.0000;0.0000;07-Jul-2015
130172;HDFC FMP 370D JUNE 2014(1) - Regular Option - Quarterly Dividend Option;INF179KB1DL7;;10.0605;0.0000;0.0000;07-Jul-2015
127924;HDFC FMP 370D March 2014 (1)-Direct Option-Growth Option;INF179KA13I0;;11.3051;0.0000;0.0000;07-Jul-2015
127922;HDFC FMP 370D March 2014 (1)-Regular Option-Dividend Option;INF179KA10I6;;10.2802;0.0000;0.0000;07-Jul-2015
127928;HDFC FMP 370D March 2014 (1)-Regular Option-Growth Option;INF179KA17I1;;11.2957;0.0000;0.0000;07-Jul-2015
129628;HDFC FMP 370D May 2014 (1)-Direct Option-Flexi Option;INF179KB1610;;11.0692;0.0000;0.0000;07-Jul-2015
129625;HDFC FMP 370D May 2014 (1)-Direct Option-Growth Option;INF179KB1628;;11.0692;0.0000;0.0000;07-Jul-2015
129627;HDFC FMP 370D May 2014 (1)-Direct Option-Quarterly Dividend Option;INF179KB1644;;10.1300;0.0000;0.0000;07-Jul-2015
129630;HDFC FMP 370D May 2014 (1)-Regular Option-Growth Option;INF179KB1669;;11.0620;0.0000;0.0000;07-Jul-2015
129900;HDFC FMP 370D MAY 2014 (2)-Direct Option-Dividend Option;INF179KB1BR8;;10.0973;0.0000;0.0000;07-Jul-2015
129898;HDFC FMP 370D MAY 2014 (2)-Direct Option-Flexi Option;INF179KB1BP2;;11.0152;0.0000;0.0000;07-Jul-2015
129899;HDFC FMP 370D MAY 2014 (2)-Direct Option-Growth Option;INF179KB1BQ0;;11.0152;0.0000;0.0000;07-Jul-2015
129903;HDFC FMP 370D MAY 2014 (2)-Regular Option-Growth Option;INF179KB1BU2;;11.0083;0.0000;0.0000;07-Jul-2015
125544;HDFC FMP 370D November 2013 (1) - Direct Option-Dividend Option;INF179KA1K91;;10.5147;0.0000;0.0000;07-Jul-2015
125545;HDFC FMP 370D November 2013 (1) - Direct Option-Flexi Option;INF179KA1K75;;11.4849;0.0000;0.0000;07-Jul-2015
125546;HDFC FMP 370D November 2013 (1) - Direct Option-Growth Option;INF179KA1K83;;11.4849;0.0000;0.0000;07-Jul-2015
125547;HDFC FMP 370D November 2013 (1) - Regular Option-Dividend Option;INF179KA1K59;;10.5085;0.0000;0.0000;07-Jul-2015
125549;HDFC FMP 370D November 2013 (1) - Regular Option-Growth Option;INF179KA1L25;;11.4722;0.0000;0.0000;07-Jul-2015
125550;HDFC FMP 370D November 2013 (1) - Regular Option-Quarterly Dividend Option;INF179KA1K67;;10.0365;0.0000;0.0000;07-Jul-2015
124777;HDFC FMP 370D October 2013 (1) - Direct Option - Dividend Option;INF179KA1ZI7;;10.7487;0.0000;0.0000;07-Jul-2015
124774;HDFC FMP 370D October 2013 (1) - Direct Option - Growth Option;INF179KA1ZH9;;11.7787;0.0000;0.0000;07-Jul-2015
124776;HDFC FMP 370D October 2013 (1) - Direct Option - Quarterly Dividend Option;INF179KA1ZJ5;;10.0928;0.0000;0.0000;07-Jul-2015
124771;HDFC FMP 370D October 2013 (1) - Regular Option - Dividend Option;INF179KA1ZE6;;10.7408;0.0000;0.0000;07-Jul-2015
124773;HDFC FMP 370D October 2013 (1) - Regular Option - Flexi Option;INF179KA1ZK3;;11.7640;0.0000;0.0000;07-Jul-2015
124770;HDFC FMP 370D October 2013 (1) - Regular Option - Growth Option;INF179KA1ZL1;;11.7640;0.0000;0.0000;07-Jul-2015
124881;HDFC FMP 370D October 2013 (2) - Direct Option - Dividend Option;INF179KA1A28;;10.7045;0.0000;0.0000;07-Jul-2015
124878;HDFC FMP 370D October 2013 (2) - Direct Option - Growth Option;INF179KA1A10;;11.6679;0.0000;0.0000;07-Jul-2015
124879;HDFC FMP 370D October 2013 (2) - Regular Option - Dividend Option;INF179KA1ZY4;;10.6960;0.0000;0.0000;07-Jul-2015
124880;HDFC FMP 370D October 2013 (2) - Regular Option - Flexi Option;INF179KA1A44;;11.6535;0.0000;0.0000;07-Jul-2015
124884;HDFC FMP 370D October 2013 (2) - Regular Option - Growth Option;INF179KA1A51;;11.6535;0.0000;0.0000;07-Jul-2015
125027;HDFC FMP 370D October 2013 (3) - Direct Option - Dividend Option;INF179KA1C67;;10.6655;0.0000;0.0000;07-Jul-2015
125029;HDFC FMP 370D October 2013 (3) - Direct Option - Growth Option;INF179KA1C59;;11.6449;0.0000;0.0000;07-Jul-2015
125031;HDFC FMP 370D October 2013 (3) - Regular Option - Dividend Option;INF179KA1C26;;10.6582;0.0000;0.0000;07-Jul-2015
125033;HDFC FMP 370D October 2013 (3) - Regular Option - Growth Option;INF179KA1C91;;11.6301;0.0000;0.0000;07-Jul-2015
125034;HDFC FMP 370D October 2013 (3) - Regular Option - Quarterly Dividend Option;INF179KA1C34;;10.0493;0.0000;0.0000;07-Jul-2015
125149;HDFC FMP 370D October 2013 (4) - Direct Option - Dividend Option;INF179KA1E65;;10.6506;0.0000;0.0000;07-Jul-2015
125148;HDFC FMP 370D October 2013 (4) - Direct Option - Growth Option;INF179KA1E57;;11.6249;0.0000;0.0000;07-Jul-2015
125145;HDFC FMP 370D October 2013 (4) - Regular Option - Flexi Option;INF179KA1E81;;11.6112;0.0000;0.0000;07-Jul-2015
125146;HDFC FMP 370D October 2013 (4) - Regular Option - Growth Option;INF179KA1E99;;11.6112;0.0000;0.0000;07-Jul-2015
125234;HDFC FMP 370D October 2013 (5)-Direct Option-Dividend Option;INF179KA1G22;;10.5975;0.0000;0.0000;07-Jul-2015
125233;HDFC FMP 370D October 2013 (5)-Direct Option-Growth Option;INF179KA1G14;;11.5570;0.0000;0.0000;07-Jul-2015
125231;HDFC FMP 370D October 2013 (5)-Regular Option-Growth Option;INF179KA1G55;;11.5435;0.0000;0.0000;07-Jul-2015
125232;HDFC FMP 370D October 2013 (5)-Regular Option-Quarterly Dividend Option;INF179KA1F98;;10.0354;0.0000;0.0000;07-Jul-2015
124163;HDFC FMP 370D September 2013 (1)-Direct Option-Dividend Option;INF179KA1XU7;;10.8387;0.0000;0.0000;07-Jul-2015
124162;HDFC FMP 370D September 2013 (1)-Direct Option-Growth Option;INF179KA1XT9;;11.9762;0.0000;0.0000;07-Jul-2015
124159;HDFC FMP 370D September 2013 (1)-Regular Option-Dividend Option;INF179KA1XQ5;;10.8300;0.0000;0.0000;07-Jul-2015
124158;HDFC FMP 370D September 2013 (1)-Regular Option-Growth Option;INF179KA1XW3;;11.9603;0.0000;0.0000;07-Jul-2015
124160;HDFC FMP 370D September 2013 (1)-Regular Option-Quarterly Dividend Option;INF179KA1XR3;;10.1128;0.0000;0.0000;07-Jul-2015
124341;HDFC FMP 370D September 2013 (2)-Direct Option-Dividend Option;INF179KA1YC3;;10.8121;0.0000;0.0000;07-Jul-2015
124343;HDFC FMP 370D September 2013 (2)-Direct Option-Growth Option;INF179KA1YB5;;11.9382;0.0000;0.0000;07-Jul-2015
124345;HDFC FMP 370D September 2013 (2)-Regular Option-Dividend Option;INF179KA1XY9;;10.8104;0.0000;0.0000;07-Jul-2015
124347;HDFC FMP 370D September 2013 (2)-Regular Option-Growth Option;INF179KA1YF6;;11.9224;0.0000;0.0000;07-Jul-2015
124348;HDFC FMP 370D September 2013 (2)-Regular Option-Quarterly Dividend Option;INF179KA1XZ6;;10.1064;0.0000;0.0000;07-Jul-2015
124506;HDFC FMP 370D September 2013 (3)-Direct Option-Dividend Option;INF179KA1YK6;;10.8114;0.0000;0.0000;07-Jul-2015
124508;HDFC FMP 370D September 2013 (3)-Direct Option-Flexi Option;INF179KA1YI0;;11.9304;0.0000;0.0000;07-Jul-2015
124504;HDFC FMP 370D September 2013 (3)-Direct Option-Growth Option;INF179KA1YJ8;;11.9304;0.0000;0.0000;07-Jul-2015
124509;HDFC FMP 370D September 2013 (3)-Regular Option-Dividend Option;INF179KA1YG4;;10.7855;0.0000;0.0000;07-Jul-2015
124505;HDFC FMP 370D September 2013 (3)-Regular Option-Growth Option;INF179KA1YN0;;11.8661;0.0000;0.0000;07-Jul-2015
124515;HDFC FMP 370D September 2013 (4)-Direct Option-Growth Option;INF179KA1YZ4;;11.9061;0.0000;0.0000;07-Jul-2015
124512;HDFC FMP 370D September 2013 (4)-Regular Option-Dividend Option;INF179KA1YW1;;10.7982;0.0000;0.0000;07-Jul-2015
124517;HDFC FMP 370D September 2013 (4)-Regular Option-Growth Option;INF179KA1ZD8;;11.8908;0.0000;0.0000;07-Jul-2015
123395;HDFC FMP 371D August 2013 (1)-Direct Option-Growth Option;INF179KA1VN6;;11.9925;0.0000;0.0000;07-Jul-2015
123400;HDFC FMP 371D August 2013 (1)-Direct Option-Quarterly Dividend Option;INF179KA1VP1;;10.2646;0.0000;0.0000;07-Jul-2015
123394;HDFC FMP 371D August 2013 (1)-Regular Option-Flexi Option;INF179KA1VQ9;;11.9352;0.0000;0.0000;07-Jul-2015
123393;HDFC FMP 371D August 2013 (1)-Regular Option-Growth Option;INF179KA1VR7;;11.9352;0.0000;0.0000;07-Jul-2015
125703;HDFC FMP 371D December 2013 (1) - Direct Option-Dividend Option;INF179KA1N23;;10.5026;0.0000;0.0000;07-Jul-2015
125704;HDFC FMP 371D December 2013 (1) - Direct Option-Flexi Option;INF179KA1N07;;11.4880;0.0000;0.0000;07-Jul-2015
125705;HDFC FMP 371D December 2013 (1) - Direct Option-Growth Option;INF179KA1N15;;11.4880;0.0000;0.0000;07-Jul-2015
125709;HDFC FMP 371D December 2013 (1) - Regular Option-Growth Option;INF179KA1N56;;11.4756;0.0000;0.0000;07-Jul-2015
125875;HDFC FMP 371D December 2013 (2)-Direct Option-Dividend Option;INF179KA1O06;;10.4976;0.0000;0.0000;07-Jul-2015
125876;HDFC FMP 371D December 2013 (2)-Direct Option-Growth Option;INF179KA1N98;;11.4976;0.0000;0.0000;07-Jul-2015
125873;HDFC FMP 371D December 2013 (2)-Direct Option-Quarterly Dividend Option;INF179KA1O14;;10.0400;0.0000;0.0000;07-Jul-2015
125870;HDFC FMP 371D December 2013 (2)-Regular Option-Dividend Option;INF179KA1N64;;10.4917;0.0000;0.0000;07-Jul-2015
125872;HDFC FMP 371D December 2013 (2)-Regular Option-Flexi Option;INF179KA1O22;;11.4854;0.0000;0.0000;07-Jul-2015
125869;HDFC FMP 371D December 2013 (2)-Regular Option-Growth Option;INF179KA1O30;;11.4854;0.0000;0.0000;07-Jul-2015
127375;HDFC FMP 371D February 2014 (1) - Direct Option-Growth Option;INF179KA11B9;;11.3497;0.0000;0.0000;07-Jul-2015
127376;HDFC FMP 371D February 2014 (1) - Direct Option-Quarterly Dividend Option;INF179KA13B5;;10.0360;0.0000;0.0000;07-Jul-2015
127371;HDFC FMP 371D February 2014 (1) - Regular Option-Growth Option;INF179KA15B0;;11.3396;0.0000;0.0000;07-Jul-2015
127756;HDFC FMP 371D February 2014 (2) - Direct Option-Growth Option;INF179KA17G5;;11.3079;0.0000;0.0000;07-Jul-2015
127758;HDFC FMP 371D February 2014 (2) - Regular Option-Growth Option;INF179KA11H6;;11.2983;0.0000;0.0000;07-Jul-2015
126402;HDFC FMP 371D January 2014 (1) - Direct Option-Dividend Option;INF179KA1U40;;10.4136;0.0000;0.0000;07-Jul-2015
126400;HDFC FMP 371D January 2014 (1) - Direct Option-Growth Option;INF179KA1U32;;11.3994;0.0000;0.0000;07-Jul-2015
126403;HDFC FMP 371D January 2014 (1) - Regular Option-Dividend Option;INF179KA1U08;;10.4089;0.0000;0.0000;07-Jul-2015
126405;HDFC FMP 371D January 2014 (1) - Regular Option-Growth Option;INF179KA1U73;;11.3881;0.0000;0.0000;07-Jul-2015
126401;HDFC FMP 371D January 2014 (1) - Regular Option-Quarterly Dividend Option;INF179KA1U16;;10.0338;0.0000;0.0000;07-Jul-2015
126877;HDFC FMP 371D January 2014 (2) - Direct Option-Dividend Option;INF179KA1Y87;;10.3709;0.0000;0.0000;07-Jul-2015
126879;HDFC FMP 371D January 2014 (2) - Direct Option-Growth Option;INF179KA1Y79;;11.3834;0.0000;0.0000;07-Jul-2015
126883;HDFC FMP 371D January 2014 (2) - Regular Option-Growth Option;INF179KA1Z11;;11.3729;0.0000;0.0000;07-Jul-2015
126884;HDFC FMP 371D January 2014 (2) - Regular Option-Quarterly Dividend Option;INF179KA1Y53;;10.0324;0.0000;0.0000;07-Jul-2015
122985;HDFC FMP 371D July 2013 (1)-Direct Option-Dividend Option;INF179KA1UQ1;;10.9328;0.0000;0.0000;07-Jul-2015
122986;HDFC FMP 371D July 2013 (1)-Direct Option-Flexi Option;INF179KA1UO6;;11.9766;0.0000;0.0000;07-Jul-2015
122989;HDFC FMP 371D July 2013 (1)-Direct Option-Growth Option;INF179KA1UP3;;11.9766;0.0000;0.0000;07-Jul-2015
122984;HDFC FMP 371D July 2013 (1)-Regular Option-Dividend Option;INF179KA1UU3;;10.9228;0.0000;0.0000;07-Jul-2015
122988;HDFC FMP 371D July 2013 (1)-Regular Option-Flexi Option;INF179KA1US7;;11.9613;0.0000;0.0000;07-Jul-2015
122983;HDFC FMP 371D July 2013 (1)-Regular Option-Growth Option;INF179KA1UT5;;11.9613;0.0000;0.0000;07-Jul-2015
122987;HDFC FMP 371D July 2013 (1)-Regular Option-Quarterly Dividend Option;INF179KA1UV1;;10.0957;0.0000;0.0000;07-Jul-2015
130151;HDFC FMP 371D JUNE 2014(1) - Direct Option - Growth Option;INF179KB1ED2;;10.9588;0.0000;0.0000;07-Jul-2015
130152;HDFC FMP 371D JUNE 2014(1) - Direct Option - Quarterly Dividend Option;INF179KB1EF7;;10.0516;0.0000;0.0000;07-Jul-2015
130153;HDFC FMP 371D JUNE 2014(1) - Regular Option - Dividend Option;INF179KB1EA8;;10.0509;0.0000;0.0000;07-Jul-2015
130156;HDFC FMP 371D JUNE 2014(1) - Regular Option - Growth Option;INF179KB1EH3;;10.9525;0.0000;0.0000;07-Jul-2015
130215;HDFC FMP 371D June 2014 (2)-Direct Option-Dividend Option;INF179KB1EM3;;10.0392;0.0000;0.0000;07-Jul-2015
130214;HDFC FMP 371D June 2014 (2)-Direct Option-Flexi Option;INF179KB1EK7;;10.9558;0.0000;0.0000;07-Jul-2015
130218;HDFC FMP 371D June 2014 (2)-Direct Option-Growth Option;INF179KB1EL5;;10.9558;0.0000;0.0000;07-Jul-2015
130216;HDFC FMP 371D June 2014 (2)-Regular Option-Dividend Option;INF179KB1EI1;;10.0389;0.0000;0.0000;07-Jul-2015
130211;HDFC FMP 371D June 2014 (2)-Regular Option-Growth Option;INF179KB1EP6;;10.9499;0.0000;0.0000;07-Jul-2015
130430;HDFC FMP 371D June 2014 (3) - Direct Option - Dividend Option;INF179KB1FK4;;10.0000;0.0000;0.0000;07-Jul-2015
130432;HDFC FMP 371D June 2014 (3) - Direct Option - Flexi Option;INF179KB1FI8;;10.9023;0.0000;0.0000;07-Jul-2015
130431;HDFC FMP 371D June 2014 (3) - Direct Option - Growth Option;INF179KB1FJ6;;10.9023;0.0000;0.0000;07-Jul-2015
130433;HDFC FMP 371D June 2014 (3) - Direct Option - Quarterly Dividend Option;INF179KB1FL2;;10.0000;0.0000;0.0000;07-Jul-2015
130434;HDFC FMP 371D June 2014 (3) - Regular Option - Dividend Option;INF179KB1FG2;;10.0000;0.0000;0.0000;07-Jul-2015
130436;HDFC FMP 371D June 2014 (3) - Regular Option - Growth Option;INF179KB1FN8;;10.8967;0.0000;0.0000;07-Jul-2015
130437;HDFC FMP 371D June 2014 (3) - Regular Option - Quarterly Dividend Option;INF179KB1FH0;;10.0000;0.0000;0.0000;07-Jul-2015
129907;HDFC FMP 371D MAY 2014 (1)-Direct Option-Dividend Option;INF179KB1CF1;;10.0741;0.0000;0.0000;07-Jul-2015
129910;HDFC FMP 371D MAY 2014 (1)-Direct Option-Growth Option;INF179KB1CE4;;11.0026;0.0000;0.0000;07-Jul-2015
129904;HDFC FMP 371D MAY 2014 (1)-Direct Option-Quarterly Dividend Option;INF179KB1CG9;;10.0741;0.0000;0.0000;07-Jul-2015
129905;HDFC FMP 371D MAY 2014 (1)-Regular Dividend-Dividend Option;INF179KB1CJ3;;10.0731;0.0000;0.0000;07-Jul-2015
129906;HDFC FMP 371D MAY 2014 (1)-Regular Option-Flexi Option;INF179KB1CH7;;10.9959;0.0000;0.0000;07-Jul-2015
129911;HDFC FMP 371D MAY 2014 (1)-Regular Option-Growth Option;INF179KB1CI5;;10.9959;0.0000;0.0000;07-Jul-2015
129909;HDFC FMP 371D MAY 2014 (1)-Regular Option-Quarterly Dividend Option;INF179KB1CK1;;10.0364;0.0000;0.0000;07-Jul-2015
125321;HDFC FMP 371D November 2013 (1)-Direct Option-Dividend Option;INF179KA1H39;;10.5741;0.0000;0.0000;07-Jul-2015
125322;HDFC FMP 371D November 2013 (1)-Direct Option-Flexi Option;INF179KA1H13;;11.5273;0.0000;0.0000;07-Jul-2015
125323;HDFC FMP 371D November 2013 (1)-Direct Option-Growth Option;INF179KA1H21;;11.5273;0.0000;0.0000;07-Jul-2015
125324;HDFC FMP 371D November 2013 (1)-Direct Option-Quarterly Dividend Option;INF179KA1H47;;10.0369;0.0000;0.0000;07-Jul-2015
125325;HDFC FMP 371D November 2013 (1)-Regular Option-Dividend Option;INF179KA1G97;;10.5676;0.0000;0.0000;07-Jul-2015
125327;HDFC FMP 371D November 2013 (1)-Regular Option-Growth Option;INF179KA1H62;;11.5141;0.0000;0.0000;07-Jul-2015
125363;HDFC FMP 371D November 2013 (2)-Direct Option-Dividend Option;INF179KA1J37;;10.5597;0.0000;0.0000;07-Jul-2015
125360;HDFC FMP 371D November 2013 (2)-Direct Option-Growth Option;INF179KA1J29;;11.5334;0.0000;0.0000;07-Jul-2015
125361;HDFC FMP 371D November 2013 (2)-Direct Option-Quarterly Dividend Option;INF179KA1J45;;10.0369;0.0000;0.0000;07-Jul-2015
125365;HDFC FMP 371D November 2013 (2)-Regular Option-Growth Option;INF179KA1J60;;11.5202;0.0000;0.0000;07-Jul-2015
125366;HDFC FMP 371D November 2013 (2)-Regular Option-Quarterly Dividend Option;INF179KA1J03;;10.0366;0.0000;0.0000;07-Jul-2015
126147;HDFC FMP 372D December 2013 (1)-Direct Option-Dividend Option;INF179KA1S44;;10.4608;0.0000;0.0000;07-Jul-2015
126148;HDFC FMP 372D December 2013 (1)-Direct Option-Flexi Option;INF179KA1S28;;11.4583;0.0000;0.0000;07-Jul-2015
126149;HDFC FMP 372D December 2013 (1)-Direct Option-Growth Option;INF179KA1S36;;11.4583;0.0000;0.0000;07-Jul-2015
126153;HDFC FMP 372D December 2013 (1)-Regular Option-Growth Option;INF179KA1S77;;11.4466;0.0000;0.0000;07-Jul-2015
126154;HDFC FMP 372D December 2013 (1)-Regular Option-Quarterly Dividend Option;INF179KA1S10;;10.0346;0.0000;0.0000;07-Jul-2015
126240;HDFC FMP 372D December 2013 (2) - Direct Option-Dividend Option;INF179KA1T27;;10.4410;0.0000;0.0000;07-Jul-2015
126247;HDFC FMP 372D December 2013 (2) - Direct Option-Flexi Option;INF179KA1T01;;11.4412;0.0000;0.0000;07-Jul-2015
126241;HDFC FMP 372D December 2013 (2) - Direct Option-Growth Option;INF179KA1T19;;11.4412;0.0000;0.0000;07-Jul-2015
126242;HDFC FMP 372D December 2013 (2) - Direct Option-Quarterly Dividend Option;INF179KA1T35;;10.0363;0.0000;0.0000;07-Jul-2015
126244;HDFC FMP 372D December 2013 (2) - Regular Option-Flexi Option;INF179KA1T43;;11.4296;0.0000;0.0000;07-Jul-2015
126245;HDFC FMP 372D December 2013 (2) - Regular Option-Growth Option;INF179KA1T50;;11.4296;0.0000;0.0000;07-Jul-2015
126246;HDFC FMP 372D December 2013 (2) - Regular Option-Quarterly Dividend Option;INF179KA1S93;;10.0359;0.0000;0.0000;07-Jul-2015
127025;HDFC FMP 372D February 2014 (1) - Direct Option-Dividend Option;INF179KA1Z60;;10.3616;0.0000;0.0000;07-Jul-2015
127019;HDFC FMP 372D February 2014 (1) - Direct Option-Flexi Option;INF179KA1Z45;;11.3793;0.0000;0.0000;07-Jul-2015
127020;HDFC FMP 372D February 2014 (1) - Direct Option-Growth Option;INF179KA1Z52;;11.3793;0.0000;0.0000;07-Jul-2015
127023;HDFC FMP 372D February 2014 (1) - Regular Option-Flexi Option;INF179KA1Z86;;11.3689;0.0000;0.0000;07-Jul-2015
127026;HDFC FMP 372D February 2014 (1) - Regular Option-Growth Option;INF179KA1Z94;;11.3689;0.0000;0.0000;07-Jul-2015
127024;HDFC FMP 372D February 2014 (1) - Regular Option-Quarterly Dividend Option;INF179KA1Z37;;10.0329;0.0000;0.0000;07-Jul-2015
126609;HDFC FMP 372D January 2014 (1)-Direct Option-Dividend Option;INF179KA1X21;;10.3601;0.0000;0.0000;07-Jul-2015
126608;HDFC FMP 372D January 2014 (1)-Direct Option-Flexi Option;INF179KA1X05;;11.3474;0.0000;0.0000;07-Jul-2015
126606;HDFC FMP 372D January 2014 (1)-Direct Option-Growth Option;INF179KA1X13;;11.3474;0.0000;0.0000;07-Jul-2015
126607;HDFC FMP 372D January 2014 (1)-Direct Option-Quarterly Dividend Option;INF179KA1X39;;10.0335;0.0000;0.0000;07-Jul-2015
126603;HDFC FMP 372D January 2014 (1)-Regular Option-Dividend Option;INF179KA1W89;;10.3556;0.0000;0.0000;07-Jul-2015
126602;HDFC FMP 372D January 2014 (1)-Regular Option-Growth Option;INF179KA1X54;;11.3366;0.0000;0.0000;07-Jul-2015
126604;HDFC FMP 372D January 2014 (1)-Regular Option-Quarterly Dividend Option;INF179KA1W97;;10.0332;0.0000;0.0000;07-Jul-2015
124963;HDFC FMP 372D October 2013 (1) - Direct Option - Dividend Option;INF179KA1B84;;10.6855;0.0000;0.0000;07-Jul-2015
124968;HDFC FMP 372D October 2013 (1) - Direct Option - Growth Option;INF179KA1B76;;11.6567;0.0000;0.0000;07-Jul-2015
124965;HDFC FMP 372D October 2013 (1) - Regular Option - Flexi Option;INF179KA1C00;;11.6426;0.0000;0.0000;07-Jul-2015
124966;HDFC FMP 372D October 2013 (1) - Regular Option - Growth Option;INF179KA1C18;;11.6426;0.0000;0.0000;07-Jul-2015
128929;HDFC FMP 377D March 2014 (1)-Direct Option-Growth Option;INF179KA17R2;;11.1471;0.0000;0.0000;07-Jul-2015
128923;HDFC FMP 377D March 2014 (1)-Regular Option-Dividend Option;INF179KA14R9;;10.1768;0.0000;0.0000;07-Jul-2015
128925;HDFC FMP 377D March 2014 (1)-Regular Option-Flexi Option;INF179KA10S5;;11.1043;0.0000;0.0000;07-Jul-2015
128922;HDFC FMP 377D March 2014 (1)-Regular Option-Growth Option;INF179KA11S3;;11.1043;0.0000;0.0000;07-Jul-2015
128776;HDFC FMP 378D March 2014 (1) - Direct Option-Dividend Option;INF179KA10R7;;10.1777;0.0000;0.0000;07-Jul-2015
128779;HDFC FMP 378D March 2014 (1) - Direct Option-Growth Option;INF179KA19Q0;;11.1532;0.0000;0.0000;07-Jul-2015
128778;HDFC FMP 378D March 2014 (1) - Regular Option-Dividend Option;INF179KA16Q6;;10.1752;0.0000;0.0000;07-Jul-2015
128780;HDFC FMP 378D March 2014 (1) - Regular Option-Flexi Option;INF179KA12R3;;11.1102;0.0000;0.0000;07-Jul-2015
128781;HDFC FMP 378D March 2014 (1) - Regular Option-Growth Option;INF179KA13R1;;11.1102;0.0000;0.0000;07-Jul-2015
128782;HDFC FMP 378D March 2014 (1) - Regular Option-Quarterly Dividend Option;INF179KA17Q4;;10.0322;0.0000;0.0000;07-Jul-2015
128790;HDFC FMP 384D March 2014 (1) - Direct Option-Flexi Option;INF179KA10Q9;;11.1843;0.0000;0.0000;07-Jul-2015
128791;HDFC FMP 384D March 2014 (1) - Direct Option-Growth Option;INF179KA11Q7;;11.1843;0.0000;0.0000;07-Jul-2015
128786;HDFC FMP 384D March 2014 (1) - Regular Option-Dividend Option;INF179KA18P4;;10.1749;0.0000;0.0000;07-Jul-2015
128788;HDFC FMP 384D March 2014 (1) - Regular Option-Growth Option;INF179KA15Q8;;11.1399;0.0000;0.0000;07-Jul-2015
128599;HDFC FMP 390D March 2014 (1) - Direct Option-Dividend Option;INF179KA14P3;;10.1790;0.0000;0.0000;07-Jul-2015
128598;HDFC FMP 390D March 2014 (1) - Direct Option-Flexi Option;INF179KA12P7;;11.2149;0.0000;0.0000;07-Jul-2015
128600;HDFC FMP 390D March 2014 (1) - Direct Option-Growth Option;INF179KA13P5;;11.2149;0.0000;0.0000;07-Jul-2015
128602;HDFC FMP 390D March 2014 (1) - Regular Option-Dividend Option;INF179KA10P1;;10.1783;0.0000;0.0000;07-Jul-2015
128603;HDFC FMP 390D March 2014 (1) - Regular Option-Flexi Option;INF179KA16P8;;11.1703;0.0000;0.0000;07-Jul-2015
128604;HDFC FMP 390D March 2014 (1) - Regular Option-Growth Option;INF179KA17P6;;11.1703;0.0000;0.0000;07-Jul-2015
128269;HDFC FMP 400D March 2014 (1)-Direct Option-Dividend Option;INF179KA12U7;;10.1567;0.0000;0.0000;07-Jul-2015
128271;HDFC FMP 400D March 2014 (1)-Direct Option-Growth Option;INF179KA11U9;;11.2311;0.0000;0.0000;07-Jul-2015
128273;HDFC FMP 400D March 2014 (1)-Regular Option-Dividend Option;INF179KA18T6;;10.1545;0.0000;0.0000;07-Jul-2015
128274;HDFC FMP 400D March 2014 (1)-Regular Option-Flexi Option;INF179KA14U3;;11.1855;0.0000;0.0000;07-Jul-2015
128275;HDFC FMP 400D March 2014 (1)-Regular Option-Growth Option;INF179KA15U0;;11.1855;0.0000;0.0000;07-Jul-2015
127765;HDFC FMP 434D February 2014 (1)-Direct Option-Growth Option;INF179KB1065;;11.3190;0.0000;0.0000;07-Jul-2015
127762;HDFC FMP 434D February 2014 (1)-Regular Option-Dividend Option;INF179KB1032;;10.1367;0.0000;0.0000;07-Jul-2015
127767;HDFC FMP 434D February 2014 (1)-Regular Option-Growth Option;INF179KB1107;;11.2699;0.0000;0.0000;07-Jul-2015
127936;HDFC FMP 435D March 2014 (1)-Direct Option-Dividend Option;INF179KB1AD0;;10.1291;0.0000;0.0000;07-Jul-2015
127937;HDFC FMP 435D March 2014 (1)-Direct Option-Flexi Option;INF179KB1AB4;;11.3050;0.0000;0.0000;07-Jul-2015
127935;HDFC FMP 435D March 2014 (1)-Direct Option-Growth Option;INF179KB1AC2;;11.3050;0.0000;0.0000;07-Jul-2015
127930;HDFC FMP 435D March 2014 (1)-Direct Option-Quarterly Dividend Option;INF179KB1AE8;;10.1291;0.0000;0.0000;07-Jul-2015
127932;HDFC FMP 435D March 2014 (1)-Regular Option-Dividend Option;INF179KB1982;;10.1276;0.0000;0.0000;07-Jul-2015
127934;HDFC FMP 435D March 2014 (1)-Regular Option-Flexi Option;INF179KB1AF5;;11.2563;0.0000;0.0000;07-Jul-2015
127931;HDFC FMP 435D March 2014 (1)-Regular Option-Growth Option;INF179KB1AG3;;11.2563;0.0000;0.0000;07-Jul-2015
127933;HDFC FMP 435D March 2014 (1)-Regular Option-Quarterly Dividend Option;INF179KB1990;;10.1276;0.0000;0.0000;07-Jul-2015
127432;HDFC FMP 441D February 2014 (1) - Direct Option-Dividend Option;INF179KB1230;;10.1442;0.0000;0.0000;07-Jul-2015
127434;HDFC FMP 441D February 2014 (1) - Direct Option-Growth Option;INF179KB1222;;11.3470;0.0000;0.0000;07-Jul-2015
127436;HDFC FMP 441D February 2014 (1) - Regular Option-Dividend Option;INF179KB1198;;10.1426;0.0000;0.0000;07-Jul-2015
127437;HDFC FMP 441D February 2014 (1) - Regular Option-Flexi Option;INF179KB1255;;11.2970;0.0000;0.0000;07-Jul-2015
127438;HDFC FMP 441D February 2014 (1) - Regular Option-Growth Option;INF179KB1263;;11.2970;0.0000;0.0000;07-Jul-2015
127439;HDFC FMP 441D February 2014 (1) - Regular Option-Quarterly Dividend Option;INF179KB1206;;10.0351;0.0000;0.0000;07-Jul-2015
127219;HDFC FMP 447D February 2014 (1) - Direct Option-Dividend Option;INF179KB1156;;10.1442;0.0000;0.0000;07-Jul-2015
127221;HDFC FMP 447D February 2014 (1) - Direct Option-Growth Option;INF179KB1149;;11.3463;0.0000;0.0000;07-Jul-2015
127222;HDFC FMP 447D February 2014 (1) - Direct Option-Quarterly Dividend Option;INF179KB1164;;10.0355;0.0000;0.0000;07-Jul-2015
127223;HDFC FMP 447D February 2014 (1) - Regular Option-Dividend Option;INF179KB1115;;10.1426;0.0000;0.0000;07-Jul-2015
127225;HDFC FMP 447D February 2014 (1) - Regular Option-Growth Option;INF179KB1180;;11.2957;0.0000;0.0000;07-Jul-2015
127226;HDFC FMP 447D February 2014 (1) - Regular Option-Quarterly Dividend Option;INF179KB1123;;10.1426;0.0000;0.0000;07-Jul-2015
127011;HDFC FMP 453D February 2014 (1) - Direct Option-Dividend Option;INF179KA18Z3;;10.1411;0.0000;0.0000;07-Jul-2015
127012;HDFC FMP 453D February 2014 (1) - Direct Option-Growth Option;INF179KA17Z5;;11.3615;0.0000;0.0000;07-Jul-2015
127007;HDFC FMP 453D February 2014 (1) - Regular Option-Dividend Option;INF179KA14Z2;;10.1393;0.0000;0.0000;07-Jul-2015
127008;HDFC FMP 453D February 2014 (1) - Regular Option-Flexi Option;INF179KB1016;;11.3103;0.0000;0.0000;07-Jul-2015
127009;HDFC FMP 453D February 2014 (1) - Regular Option-Growth Option;INF179KB1024;;11.3103;0.0000;0.0000;07-Jul-2015
127010;HDFC FMP 453D February 2014 (1) - Regular Option-Quarterly Dividend Option;INF179KA15Z9;;10.1393;0.0000;0.0000;07-Jul-2015
126775;HDFC FMP 472D January 2014 (1) - Direct Option-Growth Option;INF179KB1933;;11.3622;0.0000;0.0000;07-Jul-2015
126778;HDFC FMP 472D January 2014 (1) - Regular Option-Flexi Option;INF179KB1966;;11.3092;0.0000;0.0000;07-Jul-2015
126779;HDFC FMP 472D January 2014 (1) - Regular Option-Growth Option;INF179KB1974;;11.3092;0.0000;0.0000;07-Jul-2015
126780;HDFC FMP 472D January 2014 (1) - Regular Option-Quarterly Dividend Option;INF179KB1917;;10.1230;0.0000;0.0000;07-Jul-2015
126622;HDFC FMP 478D January 2014 (1) - Direct Option-Flexi Option;INF179KB1AZ3;;11.3854;0.0000;0.0000;07-Jul-2015
126623;HDFC FMP 478D January 2014 (1) - Direct Option-Growth Option;INF179KB1BA4;;11.3854;0.0000;0.0000;07-Jul-2015
126620;HDFC FMP 478D January 2014 (1) - Regular Option-Dividend Option;INF179KB1AX8;;10.1199;0.0000;0.0000;07-Jul-2015
126626;HDFC FMP 478D January 2014 (1) - Regular Option-Growth Option;INF179KB1BE6;;11.3317;0.0000;0.0000;07-Jul-2015
126494;HDFC FMP 491D January 2014 (1) - Direct Option-Dividend Option;INF179KB1867;;10.1255;0.0000;0.0000;07-Jul-2015
126487;HDFC FMP 491D January 2014 (1) - Direct Option-Growth Option;INF179KB1859;;11.4204;0.0000;0.0000;07-Jul-2015
126488;HDFC FMP 491D January 2014 (1) - Direct Option-Quarterly Dividend Option;INF179KB1875;;10.1255;0.0000;0.0000;07-Jul-2015
126489;HDFC FMP 491D January 2014 (1) - Regular Option-Dividend Option;INF179KB1826;;10.1239;0.0000;0.0000;07-Jul-2015
126491;HDFC FMP 491D January 2014 (1) - Regular Option-Growth Option;INF179KB1891;;11.3652;0.0000;0.0000;07-Jul-2015
126492;HDFC FMP 491D January 2014 (1) - Regular Option-Quarterly Dividend Option;INF179KB1834;;10.1239;0.0000;0.0000;07-Jul-2015
126139;HDFC FMP 504D December 2013 (1)-Direct Option-Dividend Option;INF179KB1AA6;;10.1271;0.0000;0.0000;07-Jul-2015
126141;HDFC FMP 504D December 2013 (1)-Direct Option-Growth Option;INF179KB1784;;11.4552;0.0000;0.0000;07-Jul-2015
126142;HDFC FMP 504D December 2013 (1)-Direct Option-Quarterly Dividend Option;INF179KB1792;;10.1271;0.0000;0.0000;07-Jul-2015
126143;HDFC FMP 504D December 2013 (1)-Regular Option-Dividend Option;INF179KB1750;;10.1256;0.0000;0.0000;07-Jul-2015
126144;HDFC FMP 504D December 2013 (1)-Regular Option-Flexi Option;INF179KB1800;;11.3983;0.0000;0.0000;07-Jul-2015
126145;HDFC FMP 504D December 2013 (1)-Regular Option-Growth Option;INF179KB1818;;11.3983;0.0000;0.0000;07-Jul-2015
126146;HDFC FMP 504D December 2013 (1)-Regular Option-Quarterly Dividend Option;INF179KB1768;;10.1256;0.0000;0.0000;07-Jul-2015
125984;HDFC FMP 531D December 2013 (1)-Direct Option-Dividend Option;INF179KB1CN5;;10.0862;0.0000;0.0000;07-Jul-2015
125986;HDFC FMP 531D December 2013 (1)-Direct Option-Growth Option;INF179KB1CM7;;11.4888;0.0000;0.0000;07-Jul-2015
125981;HDFC FMP 531D December 2013 (1)-Direct Option-Quarterly Dividend Option;INF179KB1CO3;;10.0862;0.0000;0.0000;07-Jul-2015
125987;HDFC FMP 531D December 2013 (1)-Regular Option-Dividend Option;INF179KB1CR6;;10.0851;0.0000;0.0000;07-Jul-2015
125982;HDFC FMP 531D December 2013 (1)-Regular Option-Growth Option;INF179KB1CQ8;;11.4294;0.0000;0.0000;07-Jul-2015
125983;HDFC FMP 531D December 2013 (1)-Regular Option-Quarterly Dividend Option;INF179KB1CS4;;10.0851;0.0000;0.0000;07-Jul-2015
125536;HDFC FMP 538D November 2013 (1) - Direct Option-Flexi Option;INF179KB1AR0;;11.5308;0.0000;0.0000;07-Jul-2015
125537;HDFC FMP 538D November 2013 (1) - Direct Option-Growth Option;INF179KB1AS8;;11.5308;0.0000;0.0000;07-Jul-2015
125539;HDFC FMP 538D November 2013 (1) - Regular Option-Dividend Option;INF179KB1AP4;;10.1117;0.0000;0.0000;07-Jul-2015
125541;HDFC FMP 538D November 2013 (1) - Regular Option-Growth Option;INF179KB1AW0;;11.4699;0.0000;0.0000;07-Jul-2015
125542;HDFC FMP 538D November 2013 (1) - Regular Option-Quarterly Dividend Option;INF179KB1AQ2;;10.1117;0.0000;0.0000;07-Jul-2015
125737;HDFC FMP 540D December 2013 (1) - Direct Option-Dividend Option;INF179KB1CV8;;10.0852;0.0000;0.0000;07-Jul-2015
125738;HDFC FMP 540D December 2013 (1) - Direct Option-Flexi Option;INF179KB1CT2;;11.4960;0.0000;0.0000;07-Jul-2015
125743;HDFC FMP 540D December 2013 (1) - Direct Option-Growth Option;INF179KB1CU0;;11.4960;0.0000;0.0000;07-Jul-2015
125744;HDFC FMP 540D December 2013 (1) - Direct Option-Quarterly Dividend Option;INF179KB1CW6;;10.0852;0.0000;0.0000;07-Jul-2015
125739;HDFC FMP 540D December 2013 (1) - Regular Option-Dividend Option;INF179KB1CZ9;;10.0843;0.0000;0.0000;07-Jul-2015
125741;HDFC FMP 540D December 2013 (1) - Regular Option-Growth Option;INF179KB1CY2;;11.4355;0.0000;0.0000;07-Jul-2015
125742;HDFC FMP 540D December 2013 (1) - Regular Option-Quarterly Dividend Option;INF179KB1DA0;;10.0843;0.0000;0.0000;07-Jul-2015
125334;HDFC FMP 554D November 2013 (1)-Direct Option-Dividend Option;INF179KB1AL3;;10.1189;0.0000;0.0000;07-Jul-2015
125335;HDFC FMP 554D November 2013 (1)-Direct Option-Flexi Option;INF179KB1AJ7;;11.5674;0.0000;0.0000;07-Jul-2015
125336;HDFC FMP 554D November 2013 (1)-Direct Option-Growth Option;INF179KB1AK5;;11.5674;0.0000;0.0000;07-Jul-2015
125329;HDFC FMP 554D November 2013 (1)-Direct Option-Quarterly Dividend Option;INF179KB1AM1;;10.1189;0.0000;0.0000;07-Jul-2015
125330;HDFC FMP 554D November 2013 (1)-Regular Option-Dividend Option;INF179KB1AH1;;10.1177;0.0000;0.0000;07-Jul-2015
125331;HDFC FMP 554D November 2013 (1)-Regular Option-Flexi Option;INF179KB1AN9;;11.5054;0.0000;0.0000;07-Jul-2015
125332;HDFC FMP 554D November 2013 (1)-Regular Option-Growth Option;INF179KB1AO7;;11.5054;0.0000;0.0000;07-Jul-2015
125333;HDFC FMP 554D November 2013 (1)-Regular Option-Quarterly Dividend Option;INF179KB1AI9;;10.1177;0.0000;0.0000;07-Jul-2015
124981;HDFC FMP 572D October 2013 (1) - Direct Option - Dividend Option;INF179KB1552;;10.1325;0.0000;0.0000;07-Jul-2015
124987;HDFC FMP 572D October 2013 (1) - Direct Option - Flexi Option;INF179KB1537;;11.6431;0.0000;0.0000;07-Jul-2015
124988;HDFC FMP 572D October 2013 (1) - Direct Option - Growth Option;INF179KB1545;;11.6431;0.0000;0.0000;07-Jul-2015
124982;HDFC FMP 572D October 2013 (1) - Direct Option - Quarterly Dividend Option;INF179KB1560;;10.1325;0.0000;0.0000;07-Jul-2015
124983;HDFC FMP 572D October 2013 (1) - Regular Option - Dividend Option;INF179KB1511;;10.1311;0.0000;0.0000;07-Jul-2015
124984;HDFC FMP 572D October 2013 (1) - Regular Option - Flexi Option;INF179KB1578;;11.5686;0.0000;0.0000;07-Jul-2015
124985;HDFC FMP 572D October 2013 (1) - Regular Option - Growth Option;INF179KB1586;;11.5686;0.0000;0.0000;07-Jul-2015
124986;HDFC FMP 572D October 2013 (1) - Regular Option - Quarterly Dividend Option;INF179KB1529;;10.1311;0.0000;0.0000;07-Jul-2015
129475;HDFC FMP 730D APRIL 2014 (1) - Direct Option - Flexi Option;INF179KA1NJ1;;11.1319;0.0000;0.0000;07-Jul-2015
129476;HDFC FMP 730D APRIL 2014 (1) - Direct Option - Growth Option;INF179KA1NG7;;11.1319;0.0000;0.0000;07-Jul-2015
129477;HDFC FMP 730D APRIL 2014 (1) - Direct Option - Quarterly Dividend Option;INF179KA1NI3;;10.1120;0.0000;0.0000;07-Jul-2015
129474;HDFC FMP 730D APRIL 2014 (1) - Direct Option Dividend Option;INF179KA1NH5;;11.1319;0.0000;0.0000;07-Jul-2015
129478;HDFC FMP 730D APRIL 2014 (1) - Regular Option - Dividend Option;INF179KA1NL7;;11.0796;0.0000;0.0000;07-Jul-2015
129481;HDFC FMP 730D APRIL 2014 (1) - Regular Option - Flexi Option;INF179KA1NN3;;11.0796;0.0000;0.0000;07-Jul-2015
129479;HDFC FMP 730D APRIL 2014 (1) - Regular Option - Growth Option;INF179KA1NK9;;11.0796;0.0000;0.0000;07-Jul-2015
129480;HDFC FMP 730D APRIL 2014 (1) - Regular Option - Quarterly Dividend Option;INF179KA1NM5;;10.1106;0.0000;0.0000;07-Jul-2015
125004;HDFC FMP 737D October 2013 (1) - Direct Option - Growth Option;INF179KB1JY7;;11.7176;0.0000;0.0000;07-Jul-2015
125002;HDFC FMP 737D October 2013 (1) - Regular Option - Growth Option;INF179KB1KB3;;11.6362;0.0000;0.0000;07-Jul-2015
125003;HDFC FMP 737D October 2013 (1) - Regular Option - Quarterly Dividend Option;INF179K014Q9;;10.0699;0.0000;0.0000;07-Jul-2015
124542;HDFC FMP 742D September 2013 (1)-Direct Option-Dividend Option;INF179KB1IZ6;;11.8489;0.0000;0.0000;07-Jul-2015
124546;HDFC FMP 742D September 2013 (1)-Direct Option-Flexi Option;INF179K015K9;;11.8489;0.0000;0.0000;07-Jul-2015
124540;HDFC FMP 742D September 2013 (1)-Direct Option-Growth Option;INF179KB1IY9;;11.8489;0.0000;0.0000;07-Jul-2015
124543;HDFC FMP 742D September 2013 (1)-Direct Option-Quarterly Dividend Option;INF179K014K2;;10.1110;0.0000;0.0000;07-Jul-2015
124541;HDFC FMP 742D September 2013 (1)-Regular Option-Dividend Option;INF179K017K5;;11.7966;0.0000;0.0000;07-Jul-2015
124545;HDFC FMP 742D September 2013 (1)-Regular Option-Growth Option;INF179KB1JC3;;11.7966;0.0000;0.0000;07-Jul-2015
124539;HDFC FMP 742D September 2013 (1)-Regular Option-Quarterly Dividend Option;INF179K018K3;;10.1102;0.0000;0.0000;07-Jul-2015
130165;HDFC FMP 747D June 2014 (1)-Direct Option-Dividend Option;INF179KA1QH8;;11.0296;0.0000;0.0000;07-Jul-2015
130166;HDFC FMP 747D June 2014 (1)-Direct Option-Flexi Option;INF179KA1QJ4;;11.0296;0.0000;0.0000;07-Jul-2015
130163;HDFC FMP 747D June 2014 (1)-Direct Option-Growth Option;INF179KA1QG0;;11.0296;0.0000;0.0000;07-Jul-2015
130161;HDFC FMP 747D June 2014 (1)-Direct Option-Quarterly Dividend Option;INF179KA1QI6;;10.0972;0.0000;0.0000;07-Jul-2015
130167;HDFC FMP 747D June 2014 (1)-Regular Dividend-Dividend Option;INF179KA1QL0;;10.9936;0.0000;0.0000;07-Jul-2015
130162;HDFC FMP 747D June 2014 (1)-Regular Option-Flexi Option;INF179KA1QN6;;10.9936;0.0000;0.0000;07-Jul-2015
130168;HDFC FMP 747D June 2014 (1)-Regular Option-Growth Option;INF179KA1QK2;;10.9936;0.0000;0.0000;07-Jul-2015
130164;HDFC FMP 747D June 2014 (1)-Regular Option-Quarterly Dividend Option;INF179KA1QM8;;10.0961;0.0000;0.0000;07-Jul-2015
130424;HDFC FMP 750D June 2014 (1) - Direct Option - Dividend Option;INF179KA1TB5;;10.9774;0.0000;0.0000;07-Jul-2015
130425;HDFC FMP 750D June 2014 (1) - Direct Option - Growth Option;INF179KA1TA7;;10.9774;0.0000;0.0000;07-Jul-2015
130426;HDFC FMP 750D June 2014 (1) - Direct Option - Quarterly Dividend Option;INF179KA1TC3;;10.1091;0.0000;0.0000;07-Jul-2015
130422;HDFC FMP 750D June 2014 (1) - Regular Option - Dividend Option;INF179KA1TF6;;10.9445;0.0000;0.0000;07-Jul-2015
130423;HDFC FMP 750D June 2014 (1) - Regular Option - Flexi Option;INF179KA1TH2;;10.9445;0.0000;0.0000;07-Jul-2015
130427;HDFC FMP 750D June 2014 (1) - Regular Option - Growth Option;INF179KA1TE9;;10.9445;0.0000;0.0000;07-Jul-2015
130428;HDFC FMP 750D June 2014 (1) - Regular Option - Quarterly Dividend Option;INF179KA1TG4;;10.1084;0.0000;0.0000;07-Jul-2015
127562;HDFC FMP 793D February 2014 (1) - Direct Option-Dividend Option;INF179KB1QB0;;11.6215;0.0000;0.0000;07-Jul-2015
127556;HDFC FMP 793D February 2014 (1) - Direct Option-Flexi Option;INF179KB1PZ1;;11.6215;0.0000;0.0000;07-Jul-2015
127557;HDFC FMP 793D February 2014 (1) - Direct Option-Growth Option;INF179KB1QA2;;11.6215;0.0000;0.0000;07-Jul-2015
127558;HDFC FMP 793D February 2014 (1) - Direct Option-Quarterly Dividend Option;INF179KA1EN2;;10.1096;0.0000;0.0000;07-Jul-2015
127559;HDFC FMP 793D February 2014 (1) - Regular Option-Dividend Option;INF179KB1PX6;;11.5978;0.0000;0.0000;07-Jul-2015
127563;HDFC FMP 793D February 2014 (1) - Regular Option-Flexi Option;INF179KB1QD6;;11.5978;0.0000;0.0000;07-Jul-2015
127560;HDFC FMP 793D February 2014 (1) - Regular Option-Growth Option;INF179KB1QE4;;11.5978;0.0000;0.0000;07-Jul-2015
127561;HDFC FMP 793D February 2014 (1) - Regular Option-Quarterly Dividend Option;INF179KA1ER3;;10.1091;0.0000;0.0000;07-Jul-2015
126994;HDFC FMP 840D January 2014 (1) - Direct Option-Dividend Option;INF179KA1BG2;;11.5489;0.0000;0.0000;07-Jul-2015
126989;HDFC FMP 840D January 2014 (1) - Direct Option-Growth Option;INF179KA1BF4;;11.5489;0.0000;0.0000;07-Jul-2015
126990;HDFC FMP 840D January 2014 (1) - Direct Option-Quarterly Dividend Option;INF179KA1BH0;;10.1911;0.0000;0.0000;07-Jul-2015
126992;HDFC FMP 840D January 2014 (1) - Regular Option-Dividend Option;INF179KA1BK4;;11.4918;0.0000;0.0000;07-Jul-2015
126991;HDFC FMP 840D January 2014 (1) - Regular Option-Growth Option;INF179KA1BJ6;;11.4918;0.0000;0.0000;07-Jul-2015
126995;HDFC FMP 840D January 2014 (1) - Regular Option-Quarterly Dividend Option;INF179KA1BL2;;10.1898;0.0000;0.0000;07-Jul-2015
125452;HDFC FMP 923D November 2013 (1) - Direct Option-Dividend Option;INF179K019V8;;11.6638;0.0000;0.0000;07-Jul-2015
125453;HDFC FMP 923D November 2013 (1) - Direct Option-Flexi Option;INF179K011W3;;11.6638;0.0000;0.0000;07-Jul-2015
125454;HDFC FMP 923D November 2013 (1) - Direct Option-Growth Option;INF179K018V0;;11.6638;0.0000;0.0000;07-Jul-2015
125455;HDFC FMP 923D November 2013 (1) - Direct Option-Quarterly Dividend Option;INF179K010W5;;10.2678;0.0000;0.0000;07-Jul-2015
125457;HDFC FMP 923D November 2013 (1) - Regular Option-Dividend Option;INF179K013W9;;11.5994;0.0000;0.0000;07-Jul-2015
125458;HDFC FMP 923D November 2013 (1) - Regular Option-Flexi Option;INF179K015W4;;11.5994;0.0000;0.0000;07-Jul-2015
125459;HDFC FMP 923D November 2013 (1) - Regular Option-Growth Option;INF179K012W1;;11.5994;0.0000;0.0000;07-Jul-2015
125456;HDFC FMP 923D November 2013 (1) - Regular Option-Quarterly Dividend Option;INF179K014W7;;10.2666;0.0000;0.0000;07-Jul-2015
105428;HDFC QUARTERLY INTERVAL FUND - PLAN A - RETAIL PLAN - Growth Option;INF179K01GT9;;19.9683;0.0000;0.0000;07-Jul-2015
105429;HDFC QUARTERLY INTERVAL FUND - PLAN A - RETAIL PLAN -Dividend Option;INF179K01GU7;INF179K01GV5;10.0506;0.0000;0.0000;07-Jul-2015
118995;HDFC Quarterly Interval Fund - Plan A-Direct Plan - Retail Dividend Option;INF179K01YE4;INF179K01YF1;10.0556;0.0000;0.0000;07-Jul-2015
118996;HDFC Quarterly Interval Fund - Plan A-Direct Plan - Retail Growth Option;INF179K01YD6;;19.9858;0.0000;0.0000;07-Jul-2015
105420;HDFC QUARTERLY INTERVAL FUND - PLAN B - RETAIL PLAN - Growth Option;INF179K01GZ6;;19.4424;0.0000;0.0000;07-Jul-2015
105421;HDFC QUARTERLY INTERVAL FUND - PLAN B - RETAIL PLAN -Dividend Option;INF179K01HA7;INF179K01HB5;10.0020;0.0000;0.0000;07-Jul-2015
119005;HDFC Quarterly Interval Fund - Plan B-Direct Plan - Retail Dividend Option;;INF179K01YG9;10.0024;0.0000;0.0000;07-Jul-2015
119004;HDFC Quarterly Interval Fund - Plan B-Direct Plan - Retail Growth Option;INF179K01YH7;;11.9106;0.0000;0.0000;07-Jul-2015
105762;HDFC QUARTERLY INTERVAL FUND - PLAN C - RETAIL PLAN - Dividend Option;INF179K01HG4;INF179K01HH2;10.1435;0.0000;0.0000;07-Jul-2015
105761;HDFC QUARTERLY INTERVAL FUND - PLAN C - RETAIL PLAN -Growth Option;INF179K01HF6;;19.4906;0.0000;0.0000;07-Jul-2015
119006;HDFC Quarterly Interval Fund - Plan C-Direct Plan - Retail Dividend Option;;INF179K01YK1;10.1444;0.0000;0.0000;07-Jul-2015
119007;HDFC Quarterly Interval Fund - Plan C-Direct Plan - Retail Growth Option;INF179K01YL9;;19.5168;0.0000;0.0000;07-Jul-2015

HSBC Mutual Fund
122380;HSBC Capital Protection Oriented Fund - Series I - Plan I - Dividend;INF336L01FF4;;10;10;10;07-Jul-2015
122379;HSBC Capital Protection Oriented Fund - Series I - Plan I - Growth;INF336L01FE7;;12.4169;12.4169;12.4169;07-Jul-2015
122381;HSBC Capital Protection Oriented Fund - Series I - Plan I - Growth Direct;INF336L01FG2;;12.6064;12.6064;12.6064;07-Jul-2015
134184;HSBC Capital Protection Oriented Fund - Series II - Plan I - Dividend;INF336L01JY7;;10.1036;10.1036;10.1036;07-Jul-2015
134263;HSBC Capital Protection Oriented Fund - Series II - Plan I - Growth;INF336L01JX9;;10.1036;10.1036;10.1036;07-Jul-2015
134463;HSBC Capital Protection Oriented Fund - Series II - Plan II - Dividend;INF336L01KC1;;9.9274;9.9274;9.9274;07-Jul-2015
134462;HSBC Capital Protection Oriented Fund - Series II - Plan II - Growth;INF336L01KB3;;9.9274;9.9274;9.9274;07-Jul-2015
127188;HSBC Fixed Term Series 105 - Direct Plan Growth Option;INF336L01HK0;;11.311;11.311;11.311;07-Jul-2015
127187;HSBC Fixed Term Series 105 - Dividend Option;INF336L01HJ2;;10.1777;10.1777;10.1777;07-Jul-2015
127185;HSBC Fixed Term Series 105 - Growth Option;INF336L01HI4;;11.2606;11.2606;11.2606;07-Jul-2015
128247;HSBC Fixed Term Series 107 - Direct Plan Growth Option;INF336L01HQ7;;11.2326;11.2326;11.2326;07-Jul-2015
128246;HSBC Fixed Term Series 107 - Dividend Option;INF336L01HT1;;10.1751;10.1751;10.1751;07-Jul-2015
128245;HSBC Fixed Term Series 107 - Growth Option;INF336L01HS3;;11.1859;11.1859;11.1859;07-Jul-2015
128854;HSBC Fixed Term Series 109 - Direct Plan Growth Option;INF336L01HU9;;11.1423;11.1423;11.1423;07-Jul-2015
128853;HSBC Fixed Term Series 109 - Dividend Option;INF336L01HX3;;10.1729;10.1729;10.1729;07-Jul-2015
128852;HSBC Fixed Term Series 109 - Growth Option;INF336L01HW5;;11.1027;11.1027;11.1027;07-Jul-2015
123251;HSBC Fixed Term Series 91-Dividend;INF336L01FU3;;10.8907;10.8907;10.8907;07-Jul-2015
123253;HSBC Fixed Term Series 91-Growth;INF336L01FV1;;11.9148;11.9148;11.9148;07-Jul-2015
123254;HSBC Fixed Term Series 91-Growth Direct;INF336L01FT5;;11.9854;11.9854;11.9854;07-Jul-2015
123718;HSBC Fixed Term Series 94-Dividend;INF336L01FY5;;10.8381;10.8381;10.8381;07-Jul-2015
123716;HSBC Fixed Term Series 94-Growth;NF336L01FZ2;;11.9839;11.9839;11.9839;07-Jul-2015
123717;HSBC Fixed Term Series 94-Growth Direct;INF336L01FX7;;12.057;12.057;12.057;07-Jul-2015
123722;HSBC Fixed Term Series 95-Dividend;INF336L01GC9;;12.0256;12.0256;12.0256;07-Jul-2015
123721;HSBC Fixed Term Series 95-Growth;INF336L01GD7;;12.0256;12.0256;12.0256;07-Jul-2015
123723;HSBC Fixed Term Series 95-Growth Direct;INF336L01GB1;;12.0839;12.0839;12.0839;07-Jul-2015
124013;HSBC Fixed Term Series 96 - Direct Plan Growth Option;INF336L01GF2;;11.9987;11.9987;11.9987;07-Jul-2015
124010;HSBC Fixed Term Series 96 - Dividend Option;INF336L01GG0;;10.8013;10.8013;10.8013;07-Jul-2015
124012;HSBC Fixed Term Series 96 - Growth Option;INF336L01GH8;;11.9271;11.9271;11.9271;07-Jul-2015
124994;HSBC Fixed Term Series 98 - Direct Plan Growth Option;INF336L01GJ4;;11.6772;11.6772;11.6772;07-Jul-2015
124995;HSBC Fixed Term Series 98 - Dividend Option;INF336L01GK2;;10.6637;10.6637;10.6637;07-Jul-2015
124996;HSBC Fixed Term Series 98 - Growth Option;INF336L01GL0;;11.6145;11.6145;11.6145;07-Jul-2015

ICICI Prudential Mutual Fund
115768;ICICI Prudential Capital Protection Oriented Fund - Series V - 60 Months - Cumulative;INF109K01SX3;;16.3928;N.A.;N.A.;07-Jul-2015
115767;ICICI Prudential Capital Protection Oriented Fund - Series V - 60 Months - Dividend;INF109K01SY1;;16.3928;N.A.;N.A.;07-Jul-2015
130181;ICICI Prudential Capital Protection Oriented Fund Series VI -1100 Days Plan B Cumulative Option;INF109KA1XD8;;11.1247;N.A.;N.A.;07-Jul-2015
130183;ICICI Prudential Capital Protection Oriented Fund Series VI- 1100 Days Plan B Direct Plan Cumulative option;INF109KA1XF3;;11.3329;N.A.;N.A.;07-Jul-2015
130182;ICICI Prudential Capital Protection Oriented Fund Series VI- 1100 Days Plan B Direct Plan Dividend Option;INF109KA1XG1;;11.3328;N.A.;N.A.;07-Jul-2015
130184;ICICI Prudential Capital Protection Oriented Fund Series VI- 1100 Days Plan B Dividend Option;INF109KA1XE6;;11.1247;N.A.;N.A.;07-Jul-2015
130333;ICICI Prudential Capital Protection Oriented Fund - Series VI - 1100 Days Plan D Direct Plan Cumulative Option;INF109KA1XX6;;11.3253;N.A.;N.A.;07-Jul-2015
130335;ICICI Prudential Capital Protection Oriented Fund - Series VI - 1100 Days Plan D Direct Plan Dividend Option;INF109KA1XY4;;11.3253;N.A.;N.A.;07-Jul-2015
130334;ICICI Prudential Capital Protection Oriented Fund - Series VI - 1100 Days Plan D Dividend Option;INF109KA1XW8;;11.1246;N.A.;N.A.;07-Jul-2015
130336;ICICI Prudential Capital Protection Oriented Fund - Series VI -1100 Days Plan D Cumulative Option;INF109KA1XV0;;11.1246;N.A.;N.A.;07-Jul-2015
130642;ICICI Prudential Capital Protection Oriented Fund - Series VI - 1100 Days Plan E Cumulative Option;INF109KA1YZ9;;10.9786;N.A.;N.A.;07-Jul-2015
130641;ICICI Prudential Capital Protection Oriented Fund - Series VI - 1100 Days Plan E Direct Plan Cumulative Option;INF109KA1ZB7;;11.1655;N.A.;N.A.;07-Jul-2015
130643;ICICI Prudential Capital Protection Oriented Fund - Series VI - 1100 Days Plan E Dividend Option;INF109KA1ZA9;;10.9786;N.A.;N.A.;07-Jul-2015
130837;ICICI Prudential Capital Protection Oriented Fund - Series VI - 1100 Days Plan F Cumulative Option;INF109KA1A66;;10.8575;N.A.;N.A.;07-Jul-2015
130834;ICICI Prudential Capital Protection Oriented Fund - Series VI - 1100 Days Plan F Direct Plan Cumulative Option;INF109KA1A82;;11.0018;N.A.;N.A.;07-Jul-2015
130835;ICICI Prudential Capital Protection Oriented Fund - Series VI - 1100 Days Plan F Direct Plan Dividend Option;INF109KA1A90;;11.0018;N.A.;N.A.;07-Jul-2015
130836;ICICI Prudential Capital Protection Oriented Fund - Series VI - 1100 Days Plan F Dividend Option;INF109KA1A74;;10.8575;N.A.;N.A.;07-Jul-2015
130872;ICICI Prudential Capital Protection Oriented Fund - Series VI - 1100 Days Plan G Cumulative Option;INF109KA1B08;;10.8162;N.A.;N.A.;07-Jul-2015
130870;ICICI Prudential Capital Protection Oriented Fund - Series VI - 1100 Days Plan G Direct Plan Cumulative Option;INF109KA1B24;;10.9599;N.A.;N.A.;07-Jul-2015
130871;ICICI Prudential Capital Protection Oriented Fund - Series VI - 1100 Days Plan G Direct Plan Dividend Option;INF109KA1B32;;10.9599;N.A.;N.A.;07-Jul-2015
130873;ICICI Prudential Capital Protection Oriented Fund - Series VI - 1100 Days Plan G Dividend Option;INF109KA1B16;;10.8162;N.A.;N.A.;07-Jul-2015
131176;ICICI Prudential Capital Protection Oriented Fund - Series VI - 1100 Days Plan H Cumulative Option;INF109KA1Q01;;10.7803;N.A.;N.A.;07-Jul-2015
131175;ICICI Prudential Capital Protection Oriented Fund - Series VI - 1100 Days Plan H Direct Plan Cumulative Option;INF109KA1Q27;;10.9391;N.A.;N.A.;07-Jul-2015
131177;ICICI Prudential Capital Protection Oriented Fund - Series VI - 1100 Days Plan H Direct Plan Dividend Option;INF109KA1Q35;;10.9391;N.A.;N.A.;07-Jul-2015
131178;ICICI Prudential Capital Protection Oriented Fund - Series VI - 1100 Days Plan H Dividend Option;INF109KA1Q19;;10.7803;N.A.;N.A.;07-Jul-2015
133218;ICICI Prudential Capital Protection Oriented Fund - Series VII - 1284 Days Plan C Cumulative Option;INF109KA18M8;;10.4674;N.A.;N.A.;07-Jul-2015
133216;ICICI Prudential Capital Protection Oriented Fund - Series VII - 1284 Days Plan C Direct Plan Cumulative Option;INF109KA10N3;;10.5554;N.A.;N.A.;07-Jul-2015
133217;ICICI Prudential Capital Protection Oriented Fund - Series VII - 1284 Days Plan C Direct Plan Dividend Option;INF109KA11N1;;10.5554;N.A.;N.A.;07-Jul-2015
133219;ICICI Prudential Capital Protection Oriented Fund - Series VII - 1284 Days Plan C Dividend Option;INF109KA19M6;;10.4674;N.A.;N.A.;07-Jul-2015
133382;ICICI Prudential Capital Protection Oriented Fund - Series VII - 1284 Days Plan E Cumulative Option;INF109KA14P0;;10.2016;N.A.;N.A.;07-Jul-2015
133379;ICICI Prudential Capital Protection Oriented Fund - Series VII - 1284 Days Plan E Direct Plan Cumulative Option;INF109KA16P5;;10.2778;N.A.;N.A.;07-Jul-2015
133380;ICICI Prudential Capital Protection Oriented Fund - Series VII - 1284 Days Plan E Direct Plan Dividend Option;INF109KA17P3;;10.2778;N.A.;N.A.;07-Jul-2015
133381;ICICI Prudential Capital Protection Oriented Fund - Series VII - 1284 Days Plan E Dividend Option;INF109KA15P7;;10.2016;N.A.;N.A.;07-Jul-2015
131455;ICICI Prudential Capital Protection Oriented Fund - Series VII - 1285 Days Plan A Cumulative Option;INF109KA1W29;;10.7061;N.A.;N.A.;07-Jul-2015
131454;ICICI Prudential Capital Protection Oriented Fund - Series VII - 1285 Days Plan A Direct Plan Cumulative Option;INF109KA1W45;;10.8268;N.A.;N.A.;07-Jul-2015
131457;ICICI Prudential Capital Protection Oriented Fund - Series VII - 1285 Days Plan A Direct Plan Dividend Option;INF109KA1W52;;10.8268;N.A.;N.A.;07-Jul-2015
131456;ICICI Prudential Capital Protection Oriented Fund - Series VII - 1285 Days Plan A Dividend Option;INF109KA1W37;;10.7061;N.A.;N.A.;07-Jul-2015
132877;ICICI Prudential Capital Protection Oriented Fund - Series VII - 1285 Days Plan B Cumulative Option;INF109KA14E4;;10.4647;N.A.;N.A.;07-Jul-2015
132875;ICICI Prudential Capital Protection Oriented Fund - Series VII - 1285 Days Plan B Direct Plan Cumulative Option;INF109KA16E9;;10.5696;N.A.;N.A.;07-Jul-2015
132876;ICICI Prudential Capital Protection Oriented Fund - Series VII - 1285 Days Plan B Direct Plan Dividend Option;INF109KA17E7;;10.5696;N.A.;N.A.;07-Jul-2015
132878;ICICI Prudential Capital Protection Oriented Fund - Series VII - 1285 Days Plan B Dividend Option;INF109KA15E1;;10.4647;N.A.;N.A.;07-Jul-2015
133438;ICICI Prudential Capital Protection Oriented Fund - Series VII - 1288 Days Plan F Cumulative Option;INF109KA18Q9;;10.1696;N.A.;N.A.;07-Jul-2015
133436;ICICI Prudential Capital Protection Oriented Fund - Series VII - 1288 Days Plan F Direct Plan Cumulative Option;INF109KA10R4;;10.2419;N.A.;N.A.;07-Jul-2015
133435;ICICI Prudential Capital Protection Oriented Fund - Series VII - 1288 Days Plan F Dividend Option;INF109KA19Q7;;10.1696;N.A.;N.A.;07-Jul-2015
134717;ICICI Prudential Capital Protection Oriented Fund - Series VIII -1101 Days Plan D Cumulative Option;INF109KB1GZ5;;10.0561;N.A.;N.A.;07-Jul-2015
134716;ICICI Prudential Capital Protection Oriented Fund - Series VIII -1101 Days Plan D Direct Plan Cumulative Option;INF109KB1GX0;;10.0633;N.A.;N.A.;07-Jul-2015
134718;ICICI Prudential Capital Protection Oriented Fund - Series VIII -1101 Days Plan D Direct Plan Dividend Option;INF109KB1GY8;;10.0633;N.A.;N.A.;07-Jul-2015
134719;ICICI Prudential Capital Protection Oriented Fund - Series VIII -1101 Days Plan D Dividend Option;INF109KB1HA6;;10.0561;N.A.;N.A.;07-Jul-2015
134347;ICICI Prudential Capital Protection Oriented Fund - Series VIII - 1103 Days Plan B Cumulative Option;INF109KB1AT1;;10.1854;N.A.;N.A.;07-Jul-2015
134348;ICICI Prudential Capital Protection Oriented Fund - Series VIII - 1103 Days Plan B Direct Plan Cumulative Option;INF109KB1AV7;;10.2199;N.A.;N.A.;07-Jul-2015
134350;ICICI Prudential Capital Protection Oriented Fund - Series VIII - 1103 Days Plan B Direct Plan Dividend Option;INF109KB1AW5;;10.2199;N.A.;N.A.;07-Jul-2015
134349;ICICI Prudential Capital Protection Oriented Fund - Series VIII - 1103 Days Plan B Dividend Option;INF109KB1AU9;;10.1854;N.A.;N.A.;07-Jul-2015
134544;ICICI Prudential Capital Protection Oriented Fund - Series VIII - 1103 Days Plan C Cumulative Option;INF109KB1DB3;;10.0986;N.A.;N.A.;07-Jul-2015
134541;ICICI Prudential Capital Protection Oriented Fund - Series VIII - 1103 Days Plan C Direct Plan Cumulative Option;INF109KB1DD9;;10.1232;N.A.;N.A.;07-Jul-2015
134543;ICICI Prudential Capital Protection Oriented Fund - Series VIII - 1103 Days Plan C Direct Plan Dividend Option;INF109KB1DE7;;10.1232;N.A.;N.A.;07-Jul-2015
134542;ICICI Prudential Capital Protection Oriented Fund - Series VIII - 1103 Days Plan C Dividend Option;INF109KB1DC1;;10.0986;N.A.;N.A.;07-Jul-2015
118003;ICICI Prudential Capital Protection Oriented Fund III - PLAN A - 36 Months - Cumulative;INF109K01G66;;13.0768;N.A.;N.A.;07-Jul-2015
118004;ICICI Prudential Capital Protection Oriented Fund III - PLAN A - 36 Months - Dividend;INF109K01G74;;13.0768;N.A.;N.A.;07-Jul-2015
118007;ICICI Prudential Capital Protection Oriented Fund III - PLAN B - 60 Months - Cumulative;INF109K01G41;;13.8712;N.A.;N.A.;07-Jul-2015
118008;ICICI Prudential Capital Protection Oriented Fund III - PLAN B - 60 Months - Dividend;INF109K01G58;;13.8712;N.A.;N.A.;07-Jul-2015
118226;ICICI Prudential Capital Protection Oriented Fund III - PLAN C - 36 Months - Cumulative;INF109K01H24;;12.9067;N.A.;N.A.;07-Jul-2015
118227;ICICI Prudential Capital Protection Oriented Fund III - PLAN C - 36 Months - Dividend;INF109K01H32;;12.9067;N.A.;N.A.;07-Jul-2015
118898;ICICI Prudential Capital Protection Oriented Fund III - PLAN D - 36 Months - Cumulative;INF109K01I80;;12.8113;N.A.;N.A.;07-Jul-2015
118900;ICICI Prudential Capital Protection Oriented Fund III - PLAN D - 36 Months - Direct Plan - Cumulative;INF109K01I98;;13.2199;N.A.;N.A.;07-Jul-2015
118897;ICICI Prudential Capital Protection Oriented Fund III - PLAN D - 36 Months - Direct Plan - Dividend;INF109K01J14;;13.2199;N.A.;N.A.;07-Jul-2015
118899;ICICI Prudential Capital Protection Oriented Fund III - PLAN D - 36 Months - Dividend;INF109K01J06;;12.8113;N.A.;N.A.;07-Jul-2015
120813;ICICI Prudential Capital Protection Oriented Fund III - PLAN E - 60 Months - Cumulative;INF109K01K03;;13.7818;N.A.;N.A.;07-Jul-2015
120814;ICICI Prudential Capital Protection Oriented Fund III - PLAN E - 60 Months - Direct Plan - Cumulative;INF109K01K29;;14.1929;N.A.;N.A.;07-Jul-2015
120815;ICICI Prudential Capital Protection Oriented Fund III - PLAN E - 60 Months - Direct Plan - Dividend;INF109K01K37;;14.1929;N.A.;N.A.;07-Jul-2015
120812;ICICI Prudential Capital Protection Oriented Fund III - PLAN E - 60 Months - Dividend;INF109K01K11;;13.7818;N.A.;N.A.;07-Jul-2015
121089;ICICI Prudential Capital Protection Oriented Fund III - PLAN F - 36 Months - Cumulative;INF109K011F3;;12.8257;N.A.;N.A.;07-Jul-2015
121087;ICICI Prudential Capital Protection Oriented Fund III - PLAN F - 36 Months - Direct Plan - Cumulative;INF109K013F9;;13.2146;N.A.;N.A.;07-Jul-2015
121088;ICICI Prudential Capital Protection Oriented Fund III - PLAN F - 36 Months - Direct Plan - Dividend;INF109K014F7;;13.2146;N.A.;N.A.;07-Jul-2015
121090;ICICI Prudential Capital Protection Oriented Fund III - PLAN F - 36 Months - Dividend;INF109K012F1;;12.8257;N.A.;N.A.;07-Jul-2015
121145;ICICI Prudential Capital Protection Oriented Fund III - PLAN G - 60 Months - Cumulative;INF109K017I4;;13.5822;N.A.;N.A.;07-Jul-2015
121144;ICICI Prudential Capital Protection Oriented Fund III - PLAN G - 60 Months - Direct Plan - Cumulative;INF109K019I0;;13.9705;N.A.;N.A.;07-Jul-2015
121143;ICICI Prudential Capital Protection Oriented Fund III - PLAN G - 60 Months - Dividend;INF109K018I2;;13.5822;N.A.;N.A.;07-Jul-2015
121795;ICICI Prudential Capital Protection Oriented Fund III - PLAN H - 60 Months - Cumulative;INF109K013V6;;13.5341;N.A.;N.A.;07-Jul-2015
121794;ICICI Prudential Capital Protection Oriented Fund III - PLAN H - 60 Months - Direct Plan - Cumulative;INF109K015V1;;13.8924;N.A.;N.A.;07-Jul-2015
121793;ICICI Prudential Capital Protection Oriented Fund III - PLAN H - 60 Months - Direct Plan - Dividend;INF109K016V9;;13.8924;N.A.;N.A.;07-Jul-2015
121796;ICICI Prudential Capital Protection Oriented Fund III - PLAN H - 60 Months - Dividend;INF109K014V4;;13.5341;N.A.;N.A.;07-Jul-2015
122956;ICICI Prudential Capital Protection Oriented Fund IV - PLAN A - 60 Months - Cumulative;INF109KA1863;;13.7812;N.A.;N.A.;07-Jul-2015
122954;ICICI Prudential Capital Protection Oriented Fund IV - PLAN A - 60 Months - Direct Plan - Cumulative;INF109KA1848;;14.0595;N.A.;N.A.;07-Jul-2015
122957;ICICI Prudential Capital Protection Oriented Fund IV - PLAN A - 60 Months - Dividend;INF109KA1871;;13.7812;N.A.;N.A.;07-Jul-2015
123561;ICICI Prudential Capital Protection Oriented Fund IV - PLAN C - 60 Months - Cumulative;INF109KA1BR4;;13.5221;N.A.;N.A.;07-Jul-2015
123559;ICICI Prudential Capital Protection Oriented Fund IV - PLAN C - 60 Months - Direct Plan - Cumulative;INF109KA1BP8;;13.7854;N.A.;N.A.;07-Jul-2015
123560;ICICI Prudential Capital Protection Oriented Fund IV - PLAN C - 60 Months - Direct Plan - Dividend;INF109KA1BQ6;;13.7854;N.A.;N.A.;07-Jul-2015
123562;ICICI Prudential Capital Protection Oriented Fund IV - PLAN C - 60 Months - Dividend;INF109KA1BS2;;13.5221;N.A.;N.A.;07-Jul-2015
124468;ICICI Prudential Capital Protection Oriented Fund IV - PLAN D - 60 Months - Cumulative;INF109KA1EF3;;13.2122;N.A.;N.A.;07-Jul-2015
124467;ICICI Prudential Capital Protection Oriented Fund IV - PLAN D - 60 Months - Direct Plan - Cumulative;INF109KA1ED8;;13.5570;N.A.;N.A.;07-Jul-2015
124469;ICICI Prudential Capital Protection Oriented Fund IV - PLAN D - 60 Months - Direct Plan - Dividend;INF109KA1EE6;;13.5570;N.A.;N.A.;07-Jul-2015
124470;ICICI Prudential Capital Protection Oriented Fund IV - PLAN D - 60 Months - Dividend;INF109KA1EG1;;13.2122;N.A.;N.A.;07-Jul-2015
124795;ICICI Prudential Capital Protection Oriented Fund IV - PLAN E - 36 Months - Cumulative;INF109KA1FN4;;12.5182;N.A.;N.A.;07-Jul-2015
124797;ICICI Prudential Capital Protection Oriented Fund IV - PLAN E - 36 Months - Direct Plan - Cumulative;INF109KA1FP9;;12.8078;N.A.;N.A.;07-Jul-2015
124794;ICICI Prudential Capital Protection Oriented Fund IV - PLAN E - 36 Months - Direct Plan - Dividend;INF109KA1FQ7;;12.8078;N.A.;N.A.;07-Jul-2015
124796;ICICI Prudential Capital Protection Oriented Fund IV - PLAN E - 36 Months - Dividend;INF109KA1FO2;;12.5182;N.A.;N.A.;07-Jul-2015
125186;ICICI Prudential Capital Protection Oriented Fund IV - PLAN F - 60 Months - Cumulative;INF109KA1GN2;;12.9626;N.A.;N.A.;07-Jul-2015
125184;ICICI Prudential Capital Protection Oriented Fund IV - PLAN F - 60 Months - Direct Plan - Cumulative;INF109KA1GP7;;13.2550;N.A.;N.A.;07-Jul-2015
125185;ICICI Prudential Capital Protection Oriented Fund IV - PLAN F - 60 Months - Direct Plan - Dividend;INF109KA1GQ5;;13.2550;N.A.;N.A.;07-Jul-2015
125187;ICICI Prudential Capital Protection Oriented Fund IV - PLAN F - 60 Months - Dividend;INF109KA1GO0;;12.9626;N.A.;N.A.;07-Jul-2015
125576;ICICI Prudential Capital Protection Oriented Fund IV - PLAN G - 60 Months plan - Cumulative;INF109KA1HR1;;12.7930;N.A.;N.A.;07-Jul-2015
125577;ICICI Prudential Capital Protection Oriented Fund IV - PLAN G - 60 Months Plan - Direct Plan - Cumulative;INF109KA1HT7;;13.0570;N.A.;N.A.;07-Jul-2015
125578;ICICI Prudential Capital Protection Oriented Fund IV - PLAN G - 60 Months Plan - Direct Plan - Dividend;INF109KA1HU5;;13.0570;N.A.;N.A.;07-Jul-2015
125575;ICICI Prudential Capital Protection Oriented Fund IV - PLAN G - 60 Months Plan - Dividend;INF109KA1HS9;;12.7930;N.A.;N.A.;07-Jul-2015
125818;ICICI Prudential Capital Protection Oriented Fund IV - PLAN H - 36 Months plan - Cumulative;INF109KA1IP3;;12.3409;N.A.;N.A.;07-Jul-2015
125820;ICICI Prudential Capital Protection Oriented Fund IV - PLAN H - 36 Months Plan - Direct Plan - Cumulative;INF109KA1IR9;;12.5895;N.A.;N.A.;07-Jul-2015
125817;ICICI Prudential Capital Protection Oriented Fund IV - PLAN H - 36 Months Plan - Direct Plan - Dividend;INF109KA1IS7;;12.5895;N.A.;N.A.;07-Jul-2015
125819;ICICI Prudential Capital Protection Oriented Fund IV - PLAN H - 36 Months Plan - Dividend;INF109KA1IQ1;;12.3409;N.A.;N.A.;07-Jul-2015
126232;ICICI Prudential Capital Protection Oriented Fund V - PLAN A - 5 Years Plan - Cumulative;INF109KA1KD5;;12.5748;N.A.;N.A.;07-Jul-2015
126231;ICICI Prudential Capital Protection Oriented Fund V - PLAN A - 5 Years Plan - Direct Plan - Cumulative;INF109KA1KF0;;12.8199;N.A.;N.A.;07-Jul-2015
126234;ICICI Prudential Capital Protection Oriented Fund V - PLAN A - 5 Years Plan - Direct Plan - Dividend;INF109KA1KG8;;12.8199;N.A.;N.A.;07-Jul-2015
126233;ICICI Prudential Capital Protection Oriented Fund V - PLAN A - 5 Years Plan - Dividend;INF109KA1KE3;;12.5748;N.A.;N.A.;07-Jul-2015
126566;ICICI Prudential Capital Protection Oriented Fund V - PLAN B - 1100 Days - Cumulative;INF109KA1LF8;;12.3611;N.A.;N.A.;07-Jul-2015
126564;ICICI Prudential Capital Protection Oriented Fund V - PLAN B - 1100 Days - Direct Plan - Cumulative;INF109KA1LH4;;12.6003;N.A.;N.A.;07-Jul-2015
126565;ICICI Prudential Capital Protection Oriented Fund V - PLAN B - 1100 Days - Direct Plan - Dividend;INF109KA1LI2;;12.6003;N.A.;N.A.;07-Jul-2015
126567;ICICI Prudential Capital Protection Oriented Fund V - PLAN B - 1100 Days - Dividend;INF109KA1LG6;;12.3611;N.A.;N.A.;07-Jul-2015
126905;ICICI Prudential Capital Protection Oriented Fund V - PLAN C - 1825 Days - Cumulative;INF109KA1MN0;;12.5783;N.A.;N.A.;07-Jul-2015
126904;ICICI Prudential Capital Protection Oriented Fund V - PLAN C - 1825 Days - Direct Plan - Cumulative;INF109KA1ML4;;12.8105;N.A.;N.A.;07-Jul-2015
126902;ICICI Prudential Capital Protection Oriented Fund V - PLAN C - 1825 Days - Direct Plan - Dividend;INF109KA1MM2;;12.8105;N.A.;N.A.;07-Jul-2015
126903;ICICI Prudential Capital Protection Oriented Fund V - PLAN C - 1825 Days - Dividend;INF109KA1MO8;;12.5783;N.A.;N.A.;07-Jul-2015
128210;ICICI Prudential Capital Protection Oriented Fund V - PLAN D - 1100 Days - Cumulative;INF109KA1QF7;;11.8622;N.A.;N.A.;07-Jul-2015
128212;ICICI Prudential Capital Protection Oriented Fund V - PLAN D - 1100 Days - Direct Plan - Cumulative;INF109KA1QH3;;12.0714;N.A.;N.A.;07-Jul-2015
128209;ICICI Prudential Capital Protection Oriented Fund V - PLAN D - 1100 Days - Direct Plan - Dividend;INF109KA1QI1;;12.0714;N.A.;N.A.;07-Jul-2015
128211;ICICI Prudential Capital Protection Oriented Fund V - PLAN D - 1100 Days - Dividend;INF109KA1QG5;;11.8622;N.A.;N.A.;07-Jul-2015
129071;ICICI Prudential Capital Protection Oriented Fund V - PLAN E- 1100 Days - Cumulative;INF109KA1SJ5;;11.7750;N.A.;N.A.;07-Jul-2015
129070;ICICI Prudential Capital Protection Oriented Fund V - PLAN E- 1100 Days - Direct Plan - Cumulative;INF109KA1SL1;;11.9889;N.A.;N.A.;07-Jul-2015
129072;ICICI Prudential Capital Protection Oriented Fund V - PLAN E- 1100 Days - Dividend;INF109KA1SK3;;11.7750;N.A.;N.A.;07-Jul-2015
129738;ICICI Prudential Capital Protection Oriented Fund V -Plan F -1100 Days Direct Plan Cumulative Option;INF109KA1VL5;;11.6202;N.A.;N.A.;07-Jul-2015
129737;ICICI Prudential Capital Protection Oriented Fund V- Plan F - 1100 Days -Dividend Option;INF109KA1VK7;;11.3982;N.A.;N.A.;07-Jul-2015
129740;ICICI Prudential Capital Protection Oriented Fund V- Plan F -1100 Days Direct Plan Dividend Option;INF109KA1VM3;;11.6202;N.A.;N.A.;07-Jul-2015
129739;ICICI Prudential Capital Protection Oriented Fund V- Plan F- 1100 Days -Cumulative Option;INF109KA1VJ9;;11.3982;N.A.;N.A.;07-Jul-2015
129857;ICICI Prudential Capital Protection Oriented Fund Series VI -1825 Days Plan A Cumulative Option;INF109KA1VV4;;11.5363;N.A.;N.A.;07-Jul-2015
129859;ICICI Prudential Capital Protection Oriented Fund Series VI- 1825 Days Plan A Direct Plan Cumulative option;INF109KA1VX0;;11.7714;N.A.;N.A.;07-Jul-2015
129860;ICICI Prudential Capital Protection Oriented Fund Series VI- 1825 Days Plan A Direct Plan Dividend Option;INF109KA1VY8;;11.7714;N.A.;N.A.;07-Jul-2015
129858;ICICI Prudential Capital Protection Oriented Fund Series VI- 1825 Days Plan A Dividend Option;INF109KA1VW2;;11.5363;N.A.;N.A.;07-Jul-2015
130220;ICICI Prudential Capital Protection Oriented Fund Series VI -1825 Days Plan C Direct Plan Cumulative Option;INF109KA1XJ5;;11.5163;N.A.;N.A.;07-Jul-2015
130219;ICICI Prudential Capital Protection Oriented Fund Series VI- 1825 Days Plan C Cumulative Option;INF109KA1XH9;;11.2990;N.A.;N.A.;07-Jul-2015
130221;ICICI Prudential Capital Protection Oriented Fund Series VI- 1825 Days Plan C Direct Plan Dividend option;INF109KA1XK3;;11.5163;N.A.;N.A.;07-Jul-2015
130222;ICICI Prudential Capital Protection Oriented Fund Series VI- 1825 Days Plan C Dividend Option;INF109KA1XI7;;11.2990;N.A.;N.A.;07-Jul-2015
133293;ICICI Prudential Capital Protection Oriented Fund - Series VII - 1822 Days Plan D Cumulative Option;INF109KA10P8;;10.3468;N.A.;N.A.;07-Jul-2015
133295;ICICI Prudential Capital Protection Oriented Fund - Series VII - 1822 Days Plan D Direct Plan Cumulative Option;INF109KA12P4;;10.4440;N.A.;N.A.;07-Jul-2015
133294;ICICI Prudential Capital Protection Oriented Fund - Series VII - 1822 Days Plan D Direct Plan Dividend Option;INF109KA13P2;;10.4440;N.A.;N.A.;07-Jul-2015
133296;ICICI Prudential Capital Protection Oriented Fund - Series VII - 1822 Days Plan D Dividend Option;INF109KA11P6;;10.3468;N.A.;N.A.;07-Jul-2015
133636;ICICI Prudential Capital Protection Oriented Fund - Series VII - 1285 Days Plan G Cumulative Option;INF109KA18T3;;10.2127;N.A.;N.A.;07-Jul-2015
133639;ICICI Prudential Capital Protection Oriented Fund - Series VII - 1285 Days Plan G Direct Plan Cumulative Option;INF109KA10U8;;10.2735;N.A.;N.A.;07-Jul-2015
133637;ICICI Prudential Capital Protection Oriented Fund - Series VII - 1285 Days Plan G Dividend Option;INF109KA19T1;;10.2127;N.A.;N.A.;07-Jul-2015
133861;ICICI Prudential Capital Protection Oriented Fund - Series VII - 1284 Days Plan H Cumulative Option;INF109KA14X4;;10.1580;N.A.;N.A.;07-Jul-2015
133864;ICICI Prudential Capital Protection Oriented Fund - Series VII - 1284 Days Plan H Direct Plan Cumulative Option;INF109KA16X9;;10.2116;N.A.;N.A.;07-Jul-2015
133863;ICICI Prudential Capital Protection Oriented Fund - Series VII - 1284 Days Plan H Direct Plan Dividend Option;INF109KA17X7;;10.2116;N.A.;N.A.;07-Jul-2015
133862;ICICI Prudential Capital Protection Oriented Fund - Series VII - 1284 Days Plan H Dividend Option;INF109KA15X1;;10.1580;N.A.;N.A.;07-Jul-2015
134021;ICICI Prudential Capital Protection Oriented Fund - Series VIII - 1300 Days Plan A Cumulative Option;INF109KB1250;;10.1621;N.A.;N.A.;07-Jul-2015
134018;ICICI Prudential Capital Protection Oriented Fund - Series VIII - 1300 Days Plan A Direct Plan Cumulative Option;INF109KB1276;;10.2089;N.A.;N.A.;07-Jul-2015
134020;ICICI Prudential Capital Protection Oriented Fund - Series VIII - 1300 Days Plan A Dividend Option;INF109KB1268;;10.1621;N.A.;N.A.;07-Jul-2015
128989;ICICI Prudential Fixed Maturity Plan-Corporate Bond Series A-750 Days - Cumulative Option;INF109KA1SF3;;11.2185;N.A.;N.A.;07-Jul-2015
128991;ICICI Prudential Fixed Maturity Plan-Corporate Bond Series A-750 Days - Direct Plan-Cumulative Option;INF109KA1SH9;;11.2952;N.A.;N.A.;07-Jul-2015
130806;ICICI Prudential Fixed Maturity Plan - Corporate Bond Series B - 1100 Days - Cumulative Option;INF109KA1ZU7;;11.0827;N.A.;N.A.;07-Jul-2015
130803;ICICI Prudential Fixed Maturity Plan - Corporate Bond Series B - 1100 Days - Direct Plan - Cumulative Option;INF109KA1ZW3;;11.1326;N.A.;N.A.;07-Jul-2015
130804;ICICI Prudential Fixed Maturity Plan - Corporate Bond Series B - 1100 Days - Direct Plan - Dividend Option;INF109KA1ZX1;;11.1326;N.A.;N.A.;07-Jul-2015
130805;ICICI Prudential Fixed Maturity Plan - Corporate Bond Series B - 1100 Days - Dividend Option;INF109KA1ZV5;;11.0827;N.A.;N.A.;07-Jul-2015
130404;ICICI Prudential Fixed Maturity Plan - Series - 74 -367 days Plan Z Cumulative Option;INF109KB1JF1;;10.8852;N.A.;N.A.;07-Jul-2015
130403;ICICI Prudential Fixed Maturity Plan - Series -74 - 367 Days Plan Z Direct Plan Dividend Option;INF109KB1JI5;;10.8906;N.A.;N.A.;07-Jul-2015
130405;ICICI Prudential Fixed Maturity Plan - Series -74 - 367 Days Plan Z Dividend Option;INF109KB1JG9;;10.8851;N.A.;N.A.;07-Jul-2015
130402;ICICI Prudential Fixed Maturity Plan - Series 74 - 367 Days Plan Z Direct Plan Cumulative Option;INF109KB1JH7;;10.8906;N.A.;N.A.;07-Jul-2015
123545;ICICI Prudential Fixed Maturity Plan-Series 69-1821 Days Plan I - Cumulative;INF109KA1BV6;;12.0229;N.A.;N.A.;07-Jul-2015
123543;ICICI Prudential Fixed Maturity Plan-Series 69-1821 Days Plan I - Direct Plan - Cumulative;INF109KA1BT0;;12.1268;N.A.;N.A.;07-Jul-2015
123544;ICICI Prudential Fixed Maturity Plan-Series 69-1821 Days Plan I - Direct Plan - Dividend;INF109KA1BU8;;11.0984;N.A.;N.A.;07-Jul-2015
123546;ICICI Prudential Fixed Maturity Plan-Series 69-1821 Days Plan I - Dividend;INF109KA1BW4;;11.0675;N.A.;N.A.;07-Jul-2015
125318;ICICI Prudential Fixed Maturity Plan-Series 71-366 Days Plan C - Cumulative;INF109KA10H5;;11.5384;N.A.;N.A.;07-Jul-2015
125320;ICICI Prudential Fixed Maturity Plan-Series 71-366 Days Plan C - Direct Plan - Cumulative;INF109KA18G0;;11.5514;N.A.;N.A.;07-Jul-2015
125319;ICICI Prudential Fixed Maturity Plan-Series 71-366 Days Plan C - Dividend;INF109KA11H3;;10.6632;N.A.;N.A.;07-Jul-2015
125316;ICICI Prudential Fixed Maturity Plan-Series 71-547 Days Plan B - Cumulative;INF109KB1FF9;;11.5493;N.A.;N.A.;07-Jul-2015
125314;ICICI Prudential Fixed Maturity Plan-Series 71-547 Days Plan B - Direct Plan - Cumulative;INF109KB1FH5;;11.5860;N.A.;N.A.;07-Jul-2015
125315;ICICI Prudential Fixed Maturity Plan-Series 71-547 Days Plan B - Direct Plan - Dividend;INF109KB1FI3;;11.5353;N.A.;N.A.;07-Jul-2015
126817;ICICI Prudential Fixed Maturity Plan-Series 72-366 Days Plan K - Cumulative;INF109KA18V9;;11.3493;N.A.;N.A.;07-Jul-2015
126815;ICICI Prudential Fixed Maturity Plan-Series 72-366 Days Plan K - Direct Plan - Cumulative;INF109KA10W4;;11.3688;N.A.;N.A.;07-Jul-2015
126816;ICICI Prudential Fixed Maturity Plan-Series 72-366 Days Plan K - Direct Plan - Dividend;INF109KA11W2;;11.3167;N.A.;N.A.;07-Jul-2015
127726;ICICI Prudential Fixed Maturity Plan-Series 73-1140 Days Plan E - Cumulative;INF109KA1OV9;;11.4601;N.A.;N.A.;07-Jul-2015
127724;ICICI Prudential Fixed Maturity Plan-Series 73-1140 Days Plan E - Direct Plan - Cumulative;INF109KA1OX5;;11.4927;N.A.;N.A.;07-Jul-2015
127725;ICICI Prudential Fixed Maturity Plan-Series 73-1140 Days Plan E - Direct Plan - Dividend;INF109KA1OY3;;10.9523;N.A.;N.A.;07-Jul-2015
127727;ICICI Prudential Fixed Maturity Plan-Series 73-1140 Days Plan E - Dividend;INF109KA1OW7;;10.9324;N.A.;N.A.;07-Jul-2015
130330;ICICI Prudential Fixed Maturity Plan - Series 74 - 368 Days Plan Y Cumulative Option;INF109KB1JB0;;10.8904;N.A.;N.A.;07-Jul-2015
130331;ICICI Prudential Fixed Maturity Plan - Series 74 - 368 Days Plan Y Direct Plan Cumulative Option;INF109KB1JD6;;10.8959;N.A.;N.A.;07-Jul-2015
130329;ICICI Prudential Fixed Maturity Plan - Series 74 - 368 Days Plan Y Dividend Option;INF109KB1JC8;;10.6406;N.A.;N.A.;07-Jul-2015
130316;ICICI Prudential Fixed Maturity Plan - Series 74 - 370 Days Plan X Cumulative Option;INF109KB1JJ3;;10.8963;N.A.;N.A.;07-Jul-2015
130315;ICICI Prudential Fixed Maturity Plan - Series 74 - 370 Days Plan X Direct Plan Cumulative Option;INF109KB1JL9;;10.9018;N.A.;N.A.;07-Jul-2015
130318;ICICI Prudential Fixed Maturity Plan - Series 74 - 370 Days Plan X Dividend Option;INF109KB1JK1;;10.6417;N.A.;N.A.;07-Jul-2015
130062;ICICI Prudential Fixed Maturity Plan - Series 74 - 9 Years Plan U Direct Plan IDCW Option;INF109KA1WP4;;10.1096;N.A.;N.A.;07-Jul-2015
130064;ICICI Prudential Fixed Maturity Plan - Series 74 -9 Years Plan U Direct Plan Cumulative Option;INF109KA1WO7;;10.1096;N.A.;N.A.;07-Jul-2015
130063;ICICI Prudential Fixed Maturity Plan -Series 74 -9 Years Plan U Cumulative Option;INF109KA1WM1;;10.0578;N.A.;N.A.;07-Jul-2015
130061;ICICI Prudential Fixed Maturity Plan -Series 74 -9 Years Plan U IDCW Option;INF109KA1WN9;;10.0578;N.A.;N.A.;07-Jul-2015
131016;ICICI Prudential Fixed Maturity Plan - Series 75 - 1100 Days Plan F Cumulative Option;INF109KA1K23;;10.9121;N.A.;N.A.;07-Jul-2015
131014;ICICI Prudential Fixed Maturity Plan - Series 75 - 1100 Days Plan F Direct Plan Cumulative Option;INF109KA1K49;;10.9563;N.A.;N.A.;07-Jul-2015
131017;ICICI Prudential Fixed Maturity Plan - Series 75 - 1100 Days Plan F Dividend Option;INF109KA1K31;;10.9121;N.A.;N.A.;07-Jul-2015
131008;ICICI Prudential Fixed Maturity Plan - Series 75 - 1100 Days Plan G Cumulative Option;INF109KA1K64;;10.9906;N.A.;N.A.;07-Jul-2015
131007;ICICI Prudential Fixed Maturity Plan - Series 75 - 1100 Days Plan G Direct Plan Cumulative Option;INF109KA1K80;;11.0352;N.A.;N.A.;07-Jul-2015
131006;ICICI Prudential Fixed Maturity Plan - Series 75 - 1100 Days Plan G Direct Plan Dividend Option;INF109KA1K98;;11.0352;N.A.;N.A.;07-Jul-2015
131009;ICICI Prudential Fixed Maturity Plan - Series 75 - 1100 Days Plan G Dividend Option;INF109KA1K72;;10.9906;N.A.;N.A.;07-Jul-2015
131112;ICICI Prudential Fixed Maturity Plan - Series 75 - 1100 Days Plan H Cumulative Option;INF109KA1P69;;10.8689;N.A.;N.A.;07-Jul-2015
131111;ICICI Prudential Fixed Maturity Plan - Series 75 - 1100 Days Plan H Direct Plan Cumulative Option;INF109KA1P85;;10.9129;N.A.;N.A.;07-Jul-2015
131109;ICICI Prudential Fixed Maturity Plan - Series 75 - 1100 Days Plan H Direct Plan Dividend Option;INF109KA1P93;;10.9129;N.A.;N.A.;07-Jul-2015
131110;ICICI Prudential Fixed Maturity Plan - Series 75 - 1100 Days Plan H Dividend Option;INF109KA1P77;;10.8689;N.A.;N.A.;07-Jul-2015
131195;ICICI Prudential Fixed Maturity Plan - Series 75 - 1100 Days Plan I Cumulative Option;INF109KA1R26;;10.9441;N.A.;N.A.;07-Jul-2015
131197;ICICI Prudential Fixed Maturity Plan - Series 75 - 1100 Days Plan I Direct Plan Cumulative Option;INF109KA1R42;;10.9872;N.A.;N.A.;07-Jul-2015
131198;ICICI Prudential Fixed Maturity Plan - Series 75 - 1100 Days Plan I Direct Plan Dividend Option;INF109KA1R59;;10.9872;N.A.;N.A.;07-Jul-2015
131196;ICICI Prudential Fixed Maturity Plan - Series 75 - 1100 Days Plan I Dividend Option;INF109KA1R34;;10.9441;N.A.;N.A.;07-Jul-2015
131311;ICICI Prudential Fixed Maturity Plan - Series 75 - 1100 Days Plan J Cumulative Option;INF109KA1T40;;10.8067;N.A.;N.A.;07-Jul-2015
131310;ICICI Prudential Fixed Maturity Plan - Series 75 - 1100 Days Plan J Direct Plan Cumulative Option;INF109KA1T65;;10.8489;N.A.;N.A.;07-Jul-2015
131309;ICICI Prudential Fixed Maturity Plan - Series 75 - 1100 Days Plan J Direct Plan Dividend Option;INF109KA1T73;;10.8489;N.A.;N.A.;07-Jul-2015
131312;ICICI Prudential Fixed Maturity Plan - Series 75 - 1100 Days Plan J Dividend Option;INF109KA1T57;;10.8067;N.A.;N.A.;07-Jul-2015
131601;ICICI Prudential Fixed Maturity Plan - Series 75 - 1100 Days Plan N Cumulative Option;INF109KA18A3;;10.6841;N.A.;N.A.;07-Jul-2015
131599;ICICI Prudential Fixed Maturity Plan - Series 75 - 1100 Days Plan N Direct Plan Cumulative Option;INF109KA10B8;;10.6877;N.A.;N.A.;07-Jul-2015
131600;ICICI Prudential Fixed Maturity Plan - Series 75 - 1100 Days Plan N Dividend Option;INF109KA19A1;;10.6841;N.A.;N.A.;07-Jul-2015
131603;ICICI Prudential Fixed Maturity Plan - Series 75 - 1100 Days Plan O Cumulative Option;INF109KA12B4;;10.7089;N.A.;N.A.;07-Jul-2015
131602;ICICI Prudential Fixed Maturity Plan - Series 75 - 1100 Days Plan O Direct Plan Cumulative Option;INF109KA14B0;;10.7165;N.A.;N.A.;07-Jul-2015
131604;ICICI Prudential Fixed Maturity Plan - Series 75 - 1100 Days Plan O Dividend Option;INF109KA13B2;;10.7089;N.A.;N.A.;07-Jul-2015
132837;ICICI Prudential Fixed Maturity Plan - Series 75 - 1100 Days Plan Q Cumulative Option;INF109KA10E2;;10.6849;N.A.;N.A.;07-Jul-2015
132834;ICICI Prudential Fixed Maturity Plan - Series 75 - 1100 Days Plan Q Direct Plan Cumulative Option;INF109KA12E8;;10.7194;N.A.;N.A.;07-Jul-2015
132835;ICICI Prudential Fixed Maturity Plan - Series 75 - 1100 Days Plan Q Direct Plan Dividend Option;INF109KA13E6;;10.7194;N.A.;N.A.;07-Jul-2015
132836;ICICI Prudential Fixed Maturity Plan - Series 75 - 1100 Days Plan Q Dividend Option;INF109KA11E0;;10.6849;N.A.;N.A.;07-Jul-2015
132901;ICICI Prudential Fixed Maturity Plan - Series 75 - 1100 Days Plan R Cumulative Option;INF109KA18E5;;10.6025;N.A.;N.A.;07-Jul-2015
132900;ICICI Prudential Fixed Maturity Plan - Series 75 - 1100 Days Plan R Direct Plan Cumulative Option;INF109KA10F9;;10.6060;N.A.;N.A.;07-Jul-2015
132902;ICICI Prudential Fixed Maturity Plan - Series 75 - 1100 Days Plan R Dividend Option;INF109KA19E3;;10.6025;N.A.;N.A.;07-Jul-2015
133006;ICICI Prudential Fixed Maturity Plan - Series 75 - 1100 Days Plan T Cumulative Option;INF109KA14F1;;10.5775;N.A.;N.A.;07-Jul-2015
133005;ICICI Prudential Fixed Maturity Plan - Series 75 - 1100 Days Plan T Direct Plan Cumulative Option;INF109KA12F5;;10.5808;N.A.;N.A.;07-Jul-2015
133003;ICICI Prudential Fixed Maturity Plan - Series 75 - 1100 Days Plan T Dividend Option;INF109KA15F8;;10.5775;N.A.;N.A.;07-Jul-2015
131461;ICICI Prudential Fixed Maturity Plan - Series 75 - 1103 Days Plan L Cumulative Option;INF109KA1V87;;10.8094;N.A.;N.A.;07-Jul-2015
131460;ICICI Prudential Fixed Maturity Plan - Series 75 - 1103 Days Plan L Direct Plan Cumulative Option;INF109KA1W03;;10.8480;N.A.;N.A.;07-Jul-2015
131458;ICICI Prudential Fixed Maturity Plan - Series 75 - 1103 Days Plan L Direct Plan Dividend Option;INF109KA1W11;;10.8480;N.A.;N.A.;07-Jul-2015
131459;ICICI Prudential Fixed Maturity Plan - Series 75 - 1103 Days Plan L Dividend Option;INF109KA1V95;;10.8094;N.A.;N.A.;07-Jul-2015
132831;ICICI Prudential Fixed Maturity Plan - Series 75 - 1103 Days Plan P Cumulative Option;INF109KA16D1;;10.5901;N.A.;N.A.;07-Jul-2015
132830;ICICI Prudential Fixed Maturity Plan - Series 75 - 1103 Days Plan P Direct Plan Cumulative Option;INF109KA18D7;;10.6086;N.A.;N.A.;07-Jul-2015
132833;ICICI Prudential Fixed Maturity Plan - Series 75 - 1103 Days Plan P Direct Plan Dividend Option;INF109KA19D5;;10.6086;N.A.;N.A.;07-Jul-2015
132832;ICICI Prudential Fixed Maturity Plan - Series 75 - 1103 Days Plan P Dividend Option;INF109KA17D9;;10.5901;N.A.;N.A.;07-Jul-2015
133044;ICICI Prudential Fixed Maturity Plan - Series 75 - 1246 Days Plan U Cumulative Option;INF109KA12H1;;10.6039;N.A.;N.A.;07-Jul-2015
133041;ICICI Prudential Fixed Maturity Plan - Series 75 - 1246 Days Plan U Direct Plan Cumulative Option;INF109KA14H7;;10.6421;N.A.;N.A.;07-Jul-2015
133042;ICICI Prudential Fixed Maturity Plan - Series 75 - 1246 Days Plan U Direct Plan Dividend Option;INF109KA15H4;;10.6421;N.A.;N.A.;07-Jul-2015
133043;ICICI Prudential Fixed Maturity Plan - Series 75 - 1246 Days Plan U Dividend Option;INF109KA13H9;;10.6039;N.A.;N.A.;07-Jul-2015
130779;ICICI Prudential Fixed Maturity Plan - Series 75 - 1352 Days Plan E Cumulative Option;INF109KA1ZQ5;;11.0444;N.A.;N.A.;07-Jul-2015
130777;ICICI Prudential Fixed Maturity Plan - Series 75 - 1352 Days Plan E Direct Plan Cumulative Option;INF109KA1ZS1;;11.0744;N.A.;N.A.;07-Jul-2015
130778;ICICI Prudential Fixed Maturity Plan - Series 75 - 1352 Days Plan E Direct Plan Dividend Option;INF109KA1ZT9;;11.0744;N.A.;N.A.;07-Jul-2015
130780;ICICI Prudential Fixed Maturity Plan - Series 75 - 1352 Days Plan E Dividend Option;INF109KA1ZR3;;11.0444;N.A.;N.A.;07-Jul-2015
133246;ICICI Prudential Fixed Maturity Plan - Series 76 - 1100 Days Plan D Cumulative Option;INF109KA12N9;;10.5020;N.A.;N.A.;07-Jul-2015
133244;ICICI Prudential Fixed Maturity Plan - Series 76 - 1100 Days Plan D Direct Plan Cumulative Option;INF109KA14N5;;10.5216;N.A.;N.A.;07-Jul-2015
133245;ICICI Prudential Fixed Maturity Plan - Series 76 - 1100 Days Plan D Direct Plan Dividend Option;INF109KA15N2;;10.5216;N.A.;N.A.;07-Jul-2015
133247;ICICI Prudential Fixed Maturity Plan - Series 76 - 1100 Days Plan D Dividend Option;INF109KA13N7;;10.5020;N.A.;N.A.;07-Jul-2015
133457;ICICI Prudential Fixed Maturity Plan - Series 76 - 1100 Days Plan G Cumulative Option;INF109KA16R1;;10.3431;N.A.;N.A.;07-Jul-2015
133458;ICICI Prudential Fixed Maturity Plan - Series 76 - 1100 Days Plan G Direct Plan Cumulative Option;INF109KA15S1;;10.3566;N.A.;N.A.;07-Jul-2015
133456;ICICI Prudential Fixed Maturity Plan - Series 76 - 1100 Days Plan G Dividend Option;INF109KA17R9;;10.3431;N.A.;N.A.;07-Jul-2015
134163;ICICI Prudential Fixed Maturity Plan - Series 76 - 1100 Days Plan T Cumulative Option;INF109KB1359;;10.2424;N.A.;N.A.;07-Jul-2015
134160;ICICI Prudential Fixed Maturity Plan - Series 76 - 1100 Days Plan T Direct Plan Cumulative Option;INF109KB1375;;10.2541;N.A.;N.A.;07-Jul-2015
134162;ICICI Prudential Fixed Maturity Plan - Series 76 - 1100 Days Plan T Dividend Option;INF109KB1367;;10.2424;N.A.;N.A.;07-Jul-2015
133434;ICICI Prudential Fixed Maturity Plan - Series 76 - 1103 Days Plan F Cumulative option;INF109KA14Q8;;10.3691;N.A.;N.A.;07-Jul-2015
133431;ICICI Prudential Fixed Maturity Plan - Series 76 - 1103 Days Plan F Direct Plan Cumulative Option;INF109KA16Q3;;10.3847;N.A.;N.A.;07-Jul-2015
133432;ICICI Prudential Fixed Maturity Plan - Series 76 - 1103 Days Plan F Direct Plan Dividend Option;INF109KA17Q1;;10.3847;N.A.;N.A.;07-Jul-2015
133433;ICICI Prudential Fixed Maturity Plan - Series 76 - 1103 Days Plan F Dividend Option;INF109KA15Q5;;10.3691;N.A.;N.A.;07-Jul-2015
134308;ICICI Prudential Fixed Maturity Plan - Series 76 - 1108 Days Plan V Cumulative Option;INF109KB1672;;10.2091;N.A.;N.A.;07-Jul-2015
134305;ICICI Prudential Fixed Maturity Plan - Series 76 - 1108 Days Plan V Direct Plan Cumulative Option;INF109KB1698;;10.2202;N.A.;N.A.;07-Jul-2015
134307;ICICI Prudential Fixed Maturity Plan - Series 76 - 1108 Days Plan V Dividend Option;INF109KB1680;;10.2091;N.A.;N.A.;07-Jul-2015
134186;ICICI Prudential Fixed Maturity Plan - Series 76 - 1120 Days Plan U Cumulative Option;INF109KB1391;;10.2174;N.A.;N.A.;07-Jul-2015
134188;ICICI Prudential Fixed Maturity Plan - Series 76 - 1120 Days Plan U Direct Plan Cumulative Option;INF109KB1417;;10.2289;N.A.;N.A.;07-Jul-2015
134187;ICICI Prudential Fixed Maturity Plan - Series 76 - 1120 Days Plan U Dividend Option;INF109KB1409;;10.2174;N.A.;N.A.;07-Jul-2015
134312;ICICI Prudential Fixed Maturity Plan - Series 76 - 1127 Days Plan W Cumulative Option;INF109KB1953;;10.1961;N.A.;N.A.;07-Jul-2015
134309;ICICI Prudential Fixed Maturity Plan - Series 76 - 1127 Days Plan W Direct Plan Cumulative Option;INF109KB1979;;10.1986;N.A.;N.A.;07-Jul-2015
134310;ICICI Prudential Fixed Maturity Plan - Series 76 - 1127 Days Plan W Direct Plan Dividend Option;INF109KB1987;;10.1986;N.A.;N.A.;07-Jul-2015
134311;ICICI Prudential Fixed Maturity Plan - Series 76 - 1127 Days Plan W Dividend Option;INF109KB1961;;10.1961;N.A.;N.A.;07-Jul-2015
134005;ICICI Prudential Fixed Maturity Plan - Series 76 - 1132 Days Plan P Cumulative Option;INF109KB1219;;10.2665;N.A.;N.A.;07-Jul-2015
134007;ICICI Prudential Fixed Maturity Plan - Series 76 - 1132 Days Plan P Direct Plan Cumulative Option;INF109KB1235;;10.2796;N.A.;N.A.;07-Jul-2015
134399;ICICI Prudential Fixed Maturity Plan - Series 76 - 1134 Days Plan Y Cumulative Option;INF109KB1BF8;;10.1422;N.A.;N.A.;07-Jul-2015
134397;ICICI Prudential Fixed Maturity Plan - Series 76 - 1134 Days Plan Y Direct Plan Cumulative Option;INF109KB1BH4;;10.1444;N.A.;N.A.;07-Jul-2015
134400;ICICI Prudential Fixed Maturity Plan - Series 76 - 1134 Days Plan Y Dividend Option;INF109KB1BG6;;10.1422;N.A.;N.A.;07-Jul-2015
134458;ICICI Prudential Fixed Maturity Plan - Series 76 - 1135 Days Plan Z Cumulative Option;INF109KB1BB7;;10.1274;N.A.;N.A.;07-Jul-2015
134461;ICICI Prudential Fixed Maturity Plan - Series 76 - 1135 Days Plan Z Direct Plan Cumulative Option;INF109KB1BD3;;10.1295;N.A.;N.A.;07-Jul-2015
134460;ICICI Prudential Fixed Maturity Plan - Series 76 - 1135 Days Plan Z Direct Plan Dividend Option;INF109KB1BE1;;10.1295;N.A.;N.A.;07-Jul-2015
134459;ICICI Prudential Fixed Maturity Plan - Series 76 - 1135 Days Plan Z Dividend Option;INF109KB1BC5;;10.1274;N.A.;N.A.;07-Jul-2015
133874;ICICI Prudential Fixed Maturity Plan - Series 76 - 1142 Days Plan M Cumulative Option;INF109KA16Y7;;10.3002;N.A.;N.A.;07-Jul-2015
133875;ICICI Prudential Fixed Maturity Plan - Series 76 - 1142 Days Plan M Direct Plan Cumulative Option;INF109KA18Y3;;10.3186;N.A.;N.A.;07-Jul-2015
133876;ICICI Prudential Fixed Maturity Plan - Series 76 - 1142 Days Plan M Direct Plan Dividend Option;INF109KA19Y1;;10.3186;N.A.;N.A.;07-Jul-2015
133877;ICICI Prudential Fixed Maturity Plan - Series 76 - 1142 Days Plan M Dividend Option;INF109KA17Y5;;10.3002;N.A.;N.A.;07-Jul-2015
133673;ICICI Prudential Fixed Maturity Plan - Series 76 - 1155 Days Plan K Cumulative Option;INF109KA14V8;;10.3342;N.A.;N.A.;07-Jul-2015
133670;ICICI Prudential Fixed Maturity Plan - Series 76 - 1155 Days Plan K Direct Plan Cumulative Option;INF109KA16V3;;10.3484;N.A.;N.A.;07-Jul-2015
133672;ICICI Prudential Fixed Maturity Plan - Series 76 - 1155 Days Plan K Dividend Option;INF109KA15V5;;10.3342;N.A.;N.A.;07-Jul-2015
134628;ICICI Prudential Fixed Maturity Plan - Series 77 - 1130 Days Plan D Cumulative Option;INF109KB1EL0;;10.0986;N.A.;N.A.;07-Jul-2015
134630;ICICI Prudential Fixed Maturity Plan - Series 77 - 1130 Days Plan D Direct Plan Cumulative Option;INF109KB1EN6;;10.1000;N.A.;N.A.;07-Jul-2015
134629;ICICI Prudential Fixed Maturity Plan - Series 77 - 1130 Days Plan D Dividend Option;INF109KB1EM8;;10.0986;N.A.;N.A.;07-Jul-2015
134540;ICICI Prudential Fixed Maturity Plan - Series 77 - 1132 Days Plan A Cumulative Option;INF109KB1DF4;;10.1484;N.A.;N.A.;07-Jul-2015
134539;ICICI Prudential Fixed Maturity Plan - Series 77 - 1132 Days Plan A Direct Plan Cumulative Option;INF109KB1DH0;;10.1501;N.A.;N.A.;07-Jul-2015
134537;ICICI Prudential Fixed Maturity Plan - Series 77 - 1132 Days Plan A Direct Plan Dividend Option;INF109KB1DI8;;10.1501;N.A.;N.A.;07-Jul-2015
134538;ICICI Prudential Fixed Maturity Plan - Series 77 - 1132 Days Plan A Dividend Option;INF109KB1DG2;;10.1484;N.A.;N.A.;07-Jul-2015
134731;ICICI Prudential Fixed Maturity Plan - Series 77 - 1134 Plan H Cumulative Option;INF109KB1HB4;;10.0755;N.A.;N.A.;07-Jul-2015
134730;ICICI Prudential Fixed Maturity Plan - Series 77 - 1134 Plan H Direct Plan Cumulative Option;INF109KB1HD0;;10.0782;N.A.;N.A.;07-Jul-2015
134733;ICICI Prudential Fixed Maturity Plan - Series 77 - 1134 Plan H Direct Plan Dividend Option;INF109KB1HE8;;10.0782;N.A.;N.A.;07-Jul-2015
134573;ICICI Prudential Fixed Maturity Plan - Series 77 - 1473 Days Plan C Cumulative Option;INF109KB1DN8;;10.1124;N.A.;N.A.;07-Jul-2015
134575;ICICI Prudential Fixed Maturity Plan - Series 77 - 1473 Days Plan C Direct Plan Cumulative Option;INF109KB1DP3;;10.1166;N.A.;N.A.;07-Jul-2015
134576;ICICI Prudential Fixed Maturity Plan - Series 77 - 1473 Days Plan C Direct Plan Dividend Option;INF109KB1DQ1;;10.1166;N.A.;N.A.;07-Jul-2015
134574;ICICI Prudential Fixed Maturity Plan - Series 77 - 1473 Days Plan C Dividend Option;INF109KB1DO6;;10.1124;N.A.;N.A.;07-Jul-2015
130085;ICICI Prudential Fixed Maturity Plan - Series 74 -369 Days Plan T Direct Plan Cumulative Option;INF109KB1GL5;;10.9481;N.A.;N.A.;07-Jul-2015
130088;ICICI Prudential Fixed Maturity Plan -Series 74 -369 Days Plan T - Cumulative Option;INF109KB1GN1;;10.9423;N.A.;N.A.;07-Jul-2015
130087;ICICI Prudential Fixed Maturity Plan -Series 74 -369 Days Plan T - Dividend Option;INF109KB1GO9;;10.8921;N.A.;N.A.;07-Jul-2015
130086;ICICI Prudential Fixed Maturity Plan -Series 74 -369 Days Plan T Direct Plan Dividend Option;INF109KB1GM3;;10.8979;N.A.;N.A.;07-Jul-2015
130178;ICICI Prudential Fixed Maturity Plan - Series 74 - 370 Days Plan V - Cumulative Option;INF109KB1IH9;;10.9302;N.A.;N.A.;07-Jul-2015
130179;ICICI Prudential Fixed Maturity Plan - Series 74 - 370 Days Plan V - Dividend Option;INF109KB1II7;;10.8801;N.A.;N.A.;07-Jul-2015
130177;ICICI Prudential Fixed Maturity Plan - Series 74 - 370 Days Plan V Direct Plan Cumulative Option;INF109KB1IJ5;;10.9358;N.A.;N.A.;07-Jul-2015
130180;ICICI Prudential Fixed Maturity Plan - Series 74 - 370 Days Plan V Direct Plan Dividend Option;INF109KB1IK3;;10.8857;N.A.;N.A.;07-Jul-2015
133503;ICICI Prudential Fixed Maturity Plan-Series 76 -1185 Days Plan H Cumulative Option;INF109KA16S9;;10.4326;N.A.;N.A.;07-Jul-2015
133504;ICICI Prudential Fixed Maturity Plan-Series 76 -1185 Days Plan H Direct Plan Cumulative Option;INF109KA18S5;;10.4504;N.A.;N.A.;07-Jul-2015
133501;ICICI Prudential Fixed Maturity Plan-Series 76 -1185 Days Plan H Direct Plan Dividend Option;INF109KA19S3;;10.4504;N.A.;N.A.;07-Jul-2015
133502;ICICI Prudential Fixed Maturity Plan-Series 76 -1185 Days Plan H Dividend Option;INF109KA17S7;;10.4326;N.A.;N.A.;07-Jul-2015
129236;ICICI Prudential Fixed Maturity Plan - Series 74 - 780 Days Plan E Cumulative Option;INF109KB1XL0;;11.1527;N.A.;N.A.;07-Jul-2015
129238;ICICI Prudential Fixed Maturity Plan - Series 74 - 780 Days Plan E Direct Plan Cumulative Option;INF109KB1XN6;;11.2216;N.A.;N.A.;07-Jul-2015
129239;ICICI Prudential Fixed Maturity Plan - Series 74 - 780 Days Plan E Direct Plan Dividend Option;INF109KB1XO4;;10.7755;N.A.;N.A.;07-Jul-2015
129237;ICICI Prudential Fixed Maturity Plan - Series 74 - 780 Days Plan E Dividend Option;INF109KB1XM8;;10.7300;N.A.;N.A.;07-Jul-2015
129855;ICICI Prudential Fixed Maturity Plan - Series 74 - 367 Days Plan N  Cumulative Option;INF109KB1FU8;;10.9920;N.A.;N.A.;07-Jul-2015
129854;ICICI Prudential Fixed Maturity Plan - Series 74 - 367 Days Plan N Direct Plan Cumulative Option;INF109KB1FS2;;10.9981;N.A.;N.A.;07-Jul-2015
129856;ICICI Prudential Fixed Maturity Plan - Series 74 - 367 Days Plan N Dividend Option;INF109KB1FT0;;10.9416;N.A.;N.A.;07-Jul-2015
129853;ICICI Prudential Fixed Maturity Plan -Series 74 -367 Days Plan N Direct Plan Dividend Option;INF109KB1FR4;;10.9476;N.A.;N.A.;07-Jul-2015
117700;ICICI Prudential Fixed Maturity Plan-Series 63-3 Year Plan M Cumulative;INF109K01F00;;12.7959;N.A.;N.A.;07-Jul-2015
117701;ICICI Prudential Fixed Maturity Plan-Series 63-3 Year Plan M Dividend;INF109K01F18;;10.6113;N.A.;N.A.;07-Jul-2015
117770;ICICI Prudential Fixed Maturity Plan-Series 64-3 Year Plan H Cumulative;INF109K01F26;;12.6078;N.A.;N.A.;07-Jul-2015
117769;ICICI Prudential Fixed Maturity Plan-Series 64-3 Year Plan H Dividend;INF109K01F34;;10.6056;N.A.;N.A.;07-Jul-2015
117804;ICICI Prudential Fixed Maturity Plan-Series 64-3 Year Plan I Cumulative;INF109K01F67;;12.7663;N.A.;N.A.;07-Jul-2015
117805;ICICI Prudential Fixed Maturity Plan-Series 64-3 Year Plan I Dividend;INF109K01F75;;11.8339;N.A.;N.A.;07-Jul-2015
117855;ICICI Prudential Fixed Maturity Plan-Series 64-3 Year Plan K Cumulative;INF109K01F83;;12.5445;N.A.;N.A.;07-Jul-2015
117856;ICICI Prudential Fixed Maturity Plan-Series 64-3 Year Plan K Dividend;INF109K01F91;;10.6199;N.A.;N.A.;07-Jul-2015
117971;ICICI Prudential Fixed Maturity Plan-Series 65-3 Year Plan A Cumulative;INF109K01G25;;12.5192;N.A.;N.A.;07-Jul-2015
117972;ICICI Prudential Fixed Maturity Plan-Series 65-3 Year Plan A Dividend;INF109K01G33;;10.6451;N.A.;N.A.;07-Jul-2015
121876;ICICI Prudential Fixed Maturity Plan-Series 67-3 Year Plan F - Cumulative;INF109K019U5;;12.1265;N.A.;N.A.;07-Jul-2015
121875;ICICI Prudential Fixed Maturity Plan-Series 67-3 Year Plan F - Direct Plan - Cumulative;INF109K011V0;;12.2003;N.A.;N.A.;07-Jul-2015
121878;ICICI Prudential Fixed Maturity Plan-Series 67-3 Year Plan F - Direct Plan - Dividend;INF109K012V8;;11.8960;N.A.;N.A.;07-Jul-2015
121877;ICICI Prudential Fixed Maturity Plan-Series 67-3 Year Plan F - Dividend;INF109K010V2;;11.8233;N.A.;N.A.;07-Jul-2015
121956;ICICI Prudential Fixed Maturity Plan-Series 67-740 Days Plan H - Cumulative;INF109K017V7;;12.0658;N.A.;N.A.;07-Jul-2015
121955;ICICI Prudential Fixed Maturity Plan-Series 67-740 Days Plan H - Direct Plan - Cumulative;INF109K019V3;;12.1271;N.A.;N.A.;07-Jul-2015
121953;ICICI Prudential Fixed Maturity Plan-Series 67-740 Days Plan H - Direct Plan - Dividend;INF109K010W0;;11.7948;N.A.;N.A.;07-Jul-2015
121954;ICICI Prudential Fixed Maturity Plan-Series 67-740 Days Plan H - Dividend;INF109K018V5;;11.7350;N.A.;N.A.;07-Jul-2015
122276;ICICI Prudential Fixed Maturity Plan-Series 67-745 Days Plan K - Cumulative;INF109KB1FQ6;;11.9039;N.A.;N.A.;07-Jul-2015
122273;ICICI Prudential Fixed Maturity Plan-Series 67-745 Days Plan K - Direct Plan - Cumulative;INF109KB1FO1;;11.9650;N.A.;N.A.;07-Jul-2015
122275;ICICI Prudential Fixed Maturity Plan-Series 67-745 Days Plan K - Direct Plan - Dividend;INF109KB1FN3;;10.5766;N.A.;N.A.;07-Jul-2015
122274;ICICI Prudential Fixed Maturity Plan-Series 67-745 Days Plan K - Dividend;INF109KB1FP8;;10.5580;N.A.;N.A.;07-Jul-2015
122893;ICICI Prudential Fixed Maturity Plan-Series 68-368 Days Plan G - Cumulative;INF109KA1ZJ0;;12.0018;N.A.;N.A.;07-Jul-2015
122892;ICICI Prudential Fixed Maturity Plan-Series 68-368 Days Plan G - Direct Plan - Cumulative;INF109KA1ZH4;;12.0196;N.A.;N.A.;07-Jul-2015
123002;ICICI Prudential Fixed Maturity Plan-Series 68-369 Days Plan I - Cumulative;INF109KA1ZO0;;12.0268;N.A.;N.A.;07-Jul-2015
123000;ICICI Prudential Fixed Maturity Plan-Series 68-369 Days Plan I - Direct Plan - Cumulative;INF109KA1ZM4;;12.0559;N.A.;N.A.;07-Jul-2015
123003;ICICI Prudential Fixed Maturity Plan-Series 68-369 Days Plan I - Dividend;INF109KA1ZP7;;11.9720;N.A.;N.A.;07-Jul-2015
123076;ICICI Prudential Fixed Maturity Plan-Series 68-369 Days Plan K - Cumulative;INF109KA1A09;;12.0286;N.A.;N.A.;07-Jul-2015
123074;ICICI Prudential Fixed Maturity Plan-Series 68-369 Days Plan K - Direct Plan - Cumulative;INF109KA1ZY9;;12.0513;N.A.;N.A.;07-Jul-2015
123113;ICICI Prudential Fixed Maturity Plan-Series 68-704 Days Plan L - Cumulative;INF109KB1JR6;;11.8802;N.A.;N.A.;07-Jul-2015
123110;ICICI Prudential Fixed Maturity Plan-Series 68-704 Days Plan L - Direct Plan - Cumulative;INF109KB1JT2;;11.9372;N.A.;N.A.;07-Jul-2015
123112;ICICI Prudential Fixed Maturity Plan-Series 68-704 Days Plan L - Direct Plan - Dividend;INF109KB1JU0;;10.8163;N.A.;N.A.;07-Jul-2015
123111;ICICI Prudential Fixed Maturity Plan-Series 68-704 Days Plan L - Dividend;INF109KB1JS4;;10.7899;N.A.;N.A.;07-Jul-2015
122611;ICICI Prudential Fixed Maturity Plan-Series 68-745 Days Plan C - Cumulative;INF109KB1IL1;;11.7442;N.A.;N.A.;07-Jul-2015
122608;ICICI Prudential Fixed Maturity Plan-Series 68-745 Days Plan C - Direct Plan - Cumulative;INF109KB1IN7;;11.7912;N.A.;N.A.;07-Jul-2015
122610;ICICI Prudential Fixed Maturity Plan-Series 68-745 Days Plan C - Dividend;INF109KB1IM9;;10.7768;N.A.;N.A.;07-Jul-2015
122778;ICICI Prudential Fixed Maturity Plan-Series 68-745 Days Plan F - Cumulative;INF109KB1KF9;;11.7464;N.A.;N.A.;07-Jul-2015
122776;ICICI Prudential Fixed Maturity Plan-Series 68-745 Days Plan F - Direct Plan - Cumulative;INF109KB1KH5;;11.7912;N.A.;N.A.;07-Jul-2015
122777;ICICI Prudential Fixed Maturity Plan-Series 68-745 Days Plan F - Direct Plan - Dividend;INF109KB1KI3;;10.8081;N.A.;N.A.;07-Jul-2015
122779;ICICI Prudential Fixed Maturity Plan-Series 68-745 Days Plan F - Dividend;INF109KB1KG7;;10.7868;N.A.;N.A.;07-Jul-2015
122898;ICICI Prudential Fixed Maturity Plan-Series 68-745 Days Plan H - Cumulative;INF109KB1LD2;;11.8590;N.A.;N.A.;07-Jul-2015
122896;ICICI Prudential Fixed Maturity Plan-Series 68-745 Days Plan H - Direct Plan - Cumulative;INF109KB1LF7;;11.9170;N.A.;N.A.;07-Jul-2015
122998;ICICI Prudential Fixed Maturity Plan-Series 68-745 Days Plan J - Cumulative;INF109KB1LH3;;11.9344;N.A.;N.A.;07-Jul-2015
122996;ICICI Prudential Fixed Maturity Plan-Series 68-745 Days Plan J - Direct Plan - Cumulative;INF109KB1LJ9;;11.9919;N.A.;N.A.;07-Jul-2015
122999;ICICI Prudential Fixed Maturity Plan-Series 68-745 Days Plan J - Dividend;INF109KB1LI1;;10.7142;N.A.;N.A.;07-Jul-2015
123992;ICICI Prudential Fixed Maturity Plan-Series 69-1092 Days Plan L - Cumulative;INF109KA1CZ5;;11.8437;N.A.;N.A.;07-Jul-2015
123994;ICICI Prudential Fixed Maturity Plan-Series 69-1092 Days Plan L - Direct Plan - Cumulative;INF109KA1CX0;;11.9944;N.A.;N.A.;07-Jul-2015
123995;ICICI Prudential Fixed Maturity Plan-Series 69-1092 Days Plan L - Direct Plan - Dividend;INF109KA1CY8;;10.9094;N.A.;N.A.;07-Jul-2015
123993;ICICI Prudential Fixed Maturity Plan-Series 69-1092 Days Plan L - Dividend;INF109KA1DA6;;10.8470;N.A.;N.A.;07-Jul-2015
123367;ICICI Prudential Fixed Maturity Plan-Series 69-1093 Days Plan F - Cumulative;INF109KA1AP0;;12.0177;N.A.;N.A.;07-Jul-2015
123370;ICICI Prudential Fixed Maturity Plan-Series 69-1093 Days Plan F - Direct Plan - Cumulative;INF109KA1AN5;;12.1487;N.A.;N.A.;07-Jul-2015
123368;ICICI Prudential Fixed Maturity Plan-Series 69-1093 Days Plan F - Dividend;INF109KA1AQ8;;11.0586;N.A.;N.A.;07-Jul-2015
123484;ICICI Prudential Fixed Maturity Plan-Series 69-1821 Days Plan H - Cumulative;INF109KA1BN3;;12.2250;N.A.;N.A.;07-Jul-2015
123482;ICICI Prudential Fixed Maturity Plan-Series 69-1821 Days Plan H - Direct Plan - Cumulative;INF109KA1BL7;;12.3564;N.A.;N.A.;07-Jul-2015
123485;ICICI Prudential Fixed Maturity Plan-Series 69-1821 Days Plan H - Dividend;INF109KA1BO1;;11.2213;N.A.;N.A.;07-Jul-2015
123186;ICICI Prudential Fixed Maturity Plan-Series 69-366 Days Plan A - Cumulative;INF109KA1A41;;12.0167;N.A.;N.A.;07-Jul-2015
123184;ICICI Prudential Fixed Maturity Plan-Series 69-366 Days Plan A - Direct Plan - Cumulative;INF109KA1A25;;12.0397;N.A.;N.A.;07-Jul-2015
123480;ICICI Prudential Fixed Maturity Plan-Series 69-366 Days Plan G - Cumulative;INF109KA1J67;;11.9933;N.A.;N.A.;07-Jul-2015
123478;ICICI Prudential Fixed Maturity Plan-Series 69-366 Days Plan G - Direct Plan - Cumulative;INF109KA1J42;;12.0263;N.A.;N.A.;07-Jul-2015
123481;ICICI Prudential Fixed Maturity Plan-Series 69-366 Days Plan G - Dividend;INF109KA1J75;;10.8770;N.A.;N.A.;07-Jul-2015
123628;ICICI Prudential Fixed Maturity Plan-Series 69-369 Days Plan J - Cumulative;INF109KA1P44;;11.9812;N.A.;N.A.;07-Jul-2015
123627;ICICI Prudential Fixed Maturity Plan-Series 69-369 Days Plan J - Direct Plan - Cumulative;INF109KA1P28;;12.0019;N.A.;N.A.;07-Jul-2015
123626;ICICI Prudential Fixed Maturity Plan-Series 69-369 Days Plan J - Dividend;INF109KA1P51;;10.8278;N.A.;N.A.;07-Jul-2015
123946;ICICI Prudential Fixed Maturity Plan-Series 69-372 Days Plan K - Cumulative;INF109KA1Q68;;11.9285;N.A.;N.A.;07-Jul-2015
123944;ICICI Prudential Fixed Maturity Plan-Series 69-372 Days Plan K - Direct Plan - Cumulative;INF109KA1Q43;;11.9682;N.A.;N.A.;07-Jul-2015
123947;ICICI Prudential Fixed Maturity Plan-Series 69-372 Days Plan K - Dividend;INF109KA1Q76;;10.8051;N.A.;N.A.;07-Jul-2015
123364;ICICI Prudential Fixed Maturity Plan-Series 69-433 Days Plan E - Cumulative;INF109KA10D4;;11.9522;N.A.;N.A.;07-Jul-2015
123363;ICICI Prudential Fixed Maturity Plan-Series 69-433 Days Plan E - Direct Plan - Cumulative;INF109KA18C9;;11.9910;N.A.;N.A.;07-Jul-2015
123366;ICICI Prudential Fixed Maturity Plan-Series 69-433 Days Plan E - Dividend;INF109KA11D2;;11.8988;N.A.;N.A.;07-Jul-2015
123282;ICICI Prudential Fixed Maturity Plan-Series 69-693 Days Plan D - Cumulative;INF109KB1KB8;;11.8641;N.A.;N.A.;07-Jul-2015
123280;ICICI Prudential Fixed Maturity Plan-Series 69-693 Days Plan D - Direct Plan - Cumulative;INF109KB1KD4;;11.9197;N.A.;N.A.;07-Jul-2015
123281;ICICI Prudential Fixed Maturity Plan-Series 69-693 Days Plan D - Direct Plan - Dividend;INF109KB1KE2;;10.7498;N.A.;N.A.;07-Jul-2015
123279;ICICI Prudential Fixed Maturity Plan-Series 69-693 Days Plan D - Dividend;INF109KB1KC6;;10.7286;N.A.;N.A.;07-Jul-2015
123261;ICICI Prudential Fixed Maturity Plan-Series 69-698 Days Plan B - Cumulative;INF109KB1JN5;;11.8386;N.A.;N.A.;07-Jul-2015
123259;ICICI Prudential Fixed Maturity Plan-Series 69-698 Days Plan B - Direct Plan - Cumulative;INF109KB1JP0;;11.8953;N.A.;N.A.;07-Jul-2015
123262;ICICI Prudential Fixed Maturity Plan-Series 69-698 Days Plan B - Dividend;INF109KB1JO3;;10.7936;N.A.;N.A.;07-Jul-2015
124399;ICICI Prudential Fixed Maturity Plan-Series 70-1095 Days Plan H - Cumulative;INF109KA1DX8;;11.7109;N.A.;N.A.;07-Jul-2015
124397;ICICI Prudential Fixed Maturity Plan-Series 70-1095 Days Plan H - Direct Plan - Cumulative;INF109KA1DV2;;11.8558;N.A.;N.A.;07-Jul-2015
124398;ICICI Prudential Fixed Maturity Plan-Series 70-1095 Days Plan H - Direct Plan - Dividend;INF109KA1DW0;;10.8156;N.A.;N.A.;07-Jul-2015
124400;ICICI Prudential Fixed Maturity Plan-Series 70-1095 Days Plan H - Dividend;INF109KA1DY6;;10.7559;N.A.;N.A.;07-Jul-2015
125025;ICICI Prudential Fixed Maturity Plan-Series 70-1285 Days Plan T - Cumulative;INF109KA1GH4;;11.7964;N.A.;N.A.;07-Jul-2015
125023;ICICI Prudential Fixed Maturity Plan-Series 70-1285 Days Plan T - Direct Plan - Cumulative;INF109KA1GF8;;11.8648;N.A.;N.A.;07-Jul-2015
125024;ICICI Prudential Fixed Maturity Plan-Series 70-1285 Days Plan T - Direct Plan - Dividend;INF109KA1GG6;;11.3184;N.A.;N.A.;07-Jul-2015
125026;ICICI Prudential Fixed Maturity Plan-Series 70-1285 Days Plan T - Dividend;INF109KA1GI2;;11.2508;N.A.;N.A.;07-Jul-2015
124142;ICICI Prudential Fixed Maturity Plan-Series 70-366 Days Plan B - Cumulative;INF109KA1R00;;11.8994;N.A.;N.A.;07-Jul-2015
124143;ICICI Prudential Fixed Maturity Plan-Series 70-366 Days Plan B - Direct Plan - Cumulative;INF109KA1Q84;;11.9199;N.A.;N.A.;07-Jul-2015
124145;ICICI Prudential Fixed Maturity Plan-Series 70-366 Days Plan B - Dividend;INF109KA1R18;;10.8006;N.A.;N.A.;07-Jul-2015
124497;ICICI Prudential Fixed Maturity Plan-Series 70-366 Days Plan I - Cumulative;INF109KA1U88;;11.7927;N.A.;N.A.;07-Jul-2015
124495;ICICI Prudential Fixed Maturity Plan-Series 70-366 Days Plan I - Direct Plan - Cumulative;INF109KA1U62;;11.8124;N.A.;N.A.;07-Jul-2015
124496;ICICI Prudential Fixed Maturity Plan-Series 70-366 Days Plan I - Direct Plan - Dividend;INF109KA1U70;;10.7763;N.A.;N.A.;07-Jul-2015
124217;ICICI Prudential Fixed Maturity Plan-Series 70-367 Days Plan C - Cumulative;INF109KA1T24;;11.8881;N.A.;N.A.;07-Jul-2015
124215;ICICI Prudential Fixed Maturity Plan-Series 70-367 Days Plan C - Direct Plan - Cumulative;INF109KA1T08;;11.9083;N.A.;N.A.;07-Jul-2015
124216;ICICI Prudential Fixed Maturity Plan-Series 70-367 Days Plan C - Direct Plan - Dividend;INF109KA1T16;;10.8001;N.A.;N.A.;07-Jul-2015
124218;ICICI Prudential Fixed Maturity Plan-Series 70-367 Days Plan C - Dividend;INF109KA1T32;;10.7877;N.A.;N.A.;07-Jul-2015
124720;ICICI Prudential Fixed Maturity Plan-Series 70-367 Days Plan N - Cumulative;INF109KA1Z91;;11.7028;N.A.;N.A.;07-Jul-2015
124718;ICICI Prudential Fixed Maturity Plan-Series 70-367 Days Plan N - Direct Plan - Cumulative;INF109KA1Y84;;11.7217;N.A.;N.A.;07-Jul-2015
124362;ICICI Prudential Fixed Maturity Plan-Series 70-368 Days Plan J - Cumulative;INF109KA1U47;;11.7838;N.A.;N.A.;07-Jul-2015
124361;ICICI Prudential Fixed Maturity Plan-Series 70-368 Days Plan J - Direct Plan - Cumulative;INF109KA1U21;;11.8274;N.A.;N.A.;07-Jul-2015
124584;ICICI Prudential Fixed Maturity Plan-Series 70-368 Days Plan K - Cumulative;INF109KA1V20;;11.7946;N.A.;N.A.;07-Jul-2015
124582;ICICI Prudential Fixed Maturity Plan-Series 70-368 Days Plan K - Direct Plan - Cumulative;INF109KA1V04;;11.8139;N.A.;N.A.;07-Jul-2015
124651;ICICI Prudential Fixed Maturity Plan-Series 70-368 Days Plan M - Cumulative;INF109KA1Z34;;11.7306;N.A.;N.A.;07-Jul-2015
124653;ICICI Prudential Fixed Maturity Plan-Series 70-368 Days Plan M - Direct Plan - Cumulative;INF109KA1Z18;;11.7496;N.A.;N.A.;07-Jul-2015
124652;ICICI Prudential Fixed Maturity Plan-Series 70-368 Days Plan M - Dividend;INF109KA1Z42;;11.6769;N.A.;N.A.;07-Jul-2015
124082;ICICI Prudential Fixed Maturity Plan-Series 70-369 Days Plan E - Cumulative;INF109KA1S82;;11.8967;N.A.;N.A.;07-Jul-2015
124079;ICICI Prudential Fixed Maturity Plan-Series 70-369 Days Plan E - Direct Plan - Cumulative;INF109KA1S66;;11.9411;N.A.;N.A.;07-Jul-2015
124081;ICICI Prudential Fixed Maturity Plan-Series 70-369 Days Plan E - Dividend;INF109KA1S90;;10.7945;N.A.;N.A.;07-Jul-2015
124593;ICICI Prudential Fixed Maturity Plan-Series 70-372 Days Plan L - Cumulative;INF109KA1Z75;;11.7546;N.A.;N.A.;07-Jul-2015
124591;ICICI Prudential Fixed Maturity Plan-Series 70-372 Days Plan L - Direct Plan - Cumulative;INF109KA1Z59;;11.7737;N.A.;N.A.;07-Jul-2015
124594;ICICI Prudential Fixed Maturity Plan-Series 70-372 Days Plan L - Dividend;INF109KA1Z83;;11.7033;N.A.;N.A.;07-Jul-2015
124922;ICICI Prudential Fixed Maturity Plan-Series 70-540 Days Plan S - Cumulative;INF109KB1BZ6;;11.5993;N.A.;N.A.;07-Jul-2015
124920;ICICI Prudential Fixed Maturity Plan-Series 70-540 Days Plan S - Direct Plan - Cumulative;INF109KB1CB5;;11.6369;N.A.;N.A.;07-Jul-2015
124221;ICICI Prudential Fixed Maturity Plan-Series 70-742 Days Plan D - Cumulative;INF109KA1DT6;;11.6859;N.A.;N.A.;07-Jul-2015
124219;ICICI Prudential Fixed Maturity Plan-Series 70-742 Days Plan D - Direct Plan - Cumulative;INF109KA1DR0;;11.7927;N.A.;N.A.;07-Jul-2015
124220;ICICI Prudential Fixed Maturity Plan-Series 70-742 Days Plan D - Direct Plan - Dividend;INF109KA1DS8;;10.6991;N.A.;N.A.;07-Jul-2015
124222;ICICI Prudential Fixed Maturity Plan-Series 70-742 Days Plan D - Dividend;INF109KA1DU4;;10.6563;N.A.;N.A.;07-Jul-2015
123991;ICICI Prudential Fixed Maturity Plan-Series 70-745 Days Plan A - Cumulative;INF109KB1NH9;;11.8234;N.A.;N.A.;07-Jul-2015
123988;ICICI Prudential Fixed Maturity Plan-Series 70-745 Days Plan A - Direct Plan - Cumulative;INF109KB1NJ5;;11.8771;N.A.;N.A.;07-Jul-2015
123990;ICICI Prudential Fixed Maturity Plan-Series 70-745 Days Plan A - Dividend;INF109KB1NI7;;10.7641;N.A.;N.A.;07-Jul-2015
124319;ICICI Prudential Fixed Maturity Plan-Series 70-745 Days Plan G - Cumulative;INF109KA1EJ5;;11.7178;N.A.;N.A.;07-Jul-2015
124317;ICICI Prudential Fixed Maturity Plan-Series 70-745 Days Plan G - Direct Plan - Cumulative;INF109KA1EH9;;11.8223;N.A.;N.A.;07-Jul-2015
124318;ICICI Prudential Fixed Maturity Plan-Series 70-745 Days Plan G - Direct Plan - Dividend;INF109KA1EI7;;10.7436;N.A.;N.A.;07-Jul-2015
124320;ICICI Prudential Fixed Maturity Plan-Series 70-745 Days Plan G - Dividend;INF109KA1EK3;;10.7014;N.A.;N.A.;07-Jul-2015
124649;ICICI Prudential Fixed Maturity Plan-Series 70-745 Days Plan P - Cumulative;INF109KB1OJ3;;11.6540;N.A.;N.A.;07-Jul-2015
124647;ICICI Prudential Fixed Maturity Plan-Series 70-745 Days Plan P - Direct Plan - Cumulative;INF109KB1OL9;;11.7041;N.A.;N.A.;07-Jul-2015
124650;ICICI Prudential Fixed Maturity Plan-Series 70-745 Days Plan P - Dividend;INF109KB1OK1;;10.7020;N.A.;N.A.;07-Jul-2015
125867;ICICI Prudential Fixed Maturity Plan-Series 71-1095 Days Plan O - Cumulative;INF109KA1IL2;;11.5750;N.A.;N.A.;07-Jul-2015
125865;ICICI Prudential Fixed Maturity Plan-Series 71-1095 Days Plan O - Direct Plan - Cumulative;INF109KA1IN8;;11.6819;N.A.;N.A.;07-Jul-2015
125866;ICICI Prudential Fixed Maturity Plan-Series 71-1095 Days Plan O - Direct Plan - Dividend;INF109KA1IO6;;10.8627;N.A.;N.A.;07-Jul-2015
125868;ICICI Prudential Fixed Maturity Plan-Series 71-1095 Days Plan O - Dividend;INF109KA1IM0;;10.8118;N.A.;N.A.;07-Jul-2015
125438;ICICI Prudential Fixed Maturity Plan-Series 71-369 Days Plan E - Cumulative;INF109KA18K2;;11.5060;N.A.;N.A.;07-Jul-2015
125436;ICICI Prudential Fixed Maturity Plan-Series 71-369 Days Plan E - Direct Plan - Cumulative;INF109KA10L7;;11.5141;N.A.;N.A.;07-Jul-2015
125437;ICICI Prudential Fixed Maturity Plan-Series 71-369 Days Plan E - Direct Plan - Dividend;INF109KA11L5;;10.6434;N.A.;N.A.;07-Jul-2015
125439;ICICI Prudential Fixed Maturity Plan-Series 71-369 Days Plan E - Dividend;INF109KA19K0;;10.6406;N.A.;N.A.;07-Jul-2015
125971;ICICI Prudential Fixed Maturity Plan-Series 71-480 Days Plan L - Cumulative;INF109KB1CD1;;11.3944;N.A.;N.A.;07-Jul-2015
125969;ICICI Prudential Fixed Maturity Plan-Series 71-480 Days Plan L - Direct Plan - Cumulative;INF109KB1CF6;;11.4503;N.A.;N.A.;07-Jul-2015
125972;ICICI Prudential Fixed Maturity Plan-Series 71-480 Days Plan L - Dividend;INF109KB1CE9;;10.6010;N.A.;N.A.;07-Jul-2015
125684;ICICI Prudential Fixed Maturity Plan-Series 71-505 Days Plan H - Cumulative;INF109KB1EB1;;11.4321;N.A.;N.A.;07-Jul-2015
125683;ICICI Prudential Fixed Maturity Plan-Series 71-505 Days Plan H - Direct Plan - Cumulative;INF109KB1ED7;;11.4901;N.A.;N.A.;07-Jul-2015
125686;ICICI Prudential Fixed Maturity Plan-Series 71-505 Days Plan H - Direct Plan - Dividend;INF109KB1EE5;;11.4394;N.A.;N.A.;07-Jul-2015
125434;ICICI Prudential Fixed Maturity Plan-Series 71-525 Days Plan D - Cumulative;INF109KB1EF2;;11.5163;N.A.;N.A.;07-Jul-2015
125432;ICICI Prudential Fixed Maturity Plan-Series 71-525 Days Plan D - Direct Plan - Cumulative;INF109KB1EH8;;11.5515;N.A.;N.A.;07-Jul-2015
125435;ICICI Prudential Fixed Maturity Plan-Series 71-525 Days Plan D - Dividend;INF109KB1EG0;;11.4656;N.A.;N.A.;07-Jul-2015
127230;ICICI Prudential Fixed Maturity Plan-Series 72-1075 Days Plan Q - Cumulative;INF109KA1NN8;;11.5125;N.A.;N.A.;07-Jul-2015
127227;ICICI Prudential Fixed Maturity Plan-Series 72-1075 Days Plan Q - Direct Plan - Cumulative;INF109KA1NP3;;11.6149;N.A.;N.A.;07-Jul-2015
127229;ICICI Prudential Fixed Maturity Plan-Series 72-1075 Days Plan Q - Direct Plan - Dividend;INF109KA1NQ1;;11.0311;N.A.;N.A.;07-Jul-2015
127228;ICICI Prudential Fixed Maturity Plan-Series 72-1075 Days Plan Q - Dividend;INF109KA1NO6;;10.9687;N.A.;N.A.;07-Jul-2015
126476;ICICI Prudential Fixed Maturity Plan-Series 72-1092 Days Plan F - Cumulative;INF109KA1LB7;;11.5411;N.A.;N.A.;07-Jul-2015
126475;ICICI Prudential Fixed Maturity Plan-Series 72-1092 Days Plan F - Direct Plan - Cumulative;INF109KA1LD3;;11.6357;N.A.;N.A.;07-Jul-2015
126473;ICICI Prudential Fixed Maturity Plan-Series 72-1092 Days Plan F - Direct Plan - Dividend;INF109KA1LE1;;11.1004;N.A.;N.A.;07-Jul-2015
126474;ICICI Prudential Fixed Maturity Plan-Series 72-1092 Days Plan F - Dividend;INF109KA1LC5;;11.0521;N.A.;N.A.;07-Jul-2015
126325;ICICI Prudential Fixed Maturity Plan-Series 72-366 Days Plan C - Cumulative;INF109KA12R0;;11.3478;N.A.;N.A.;07-Jul-2015
126324;ICICI Prudential Fixed Maturity Plan-Series 72-366 Days Plan C - Direct Plan - Cumulative;INF109KA14R6;;11.3759;N.A.;N.A.;07-Jul-2015
126327;ICICI Prudential Fixed Maturity Plan-Series 72-366 Days Plan C - Dividend;INF109KA13R8;;11.2959;N.A.;N.A.;07-Jul-2015
126929;ICICI Prudential Fixed Maturity Plan-Series 72-366 Days Plan M - Cumulative;INF109KA12W0;;11.3447;N.A.;N.A.;07-Jul-2015
126927;ICICI Prudential Fixed Maturity Plan-Series 72-366 Days Plan M - Direct Plan - Cumulative;INF109KA14W6;;11.3626;N.A.;N.A.;07-Jul-2015
126928;ICICI Prudential Fixed Maturity Plan-Series 72-366 Days Plan M - Direct Plan - Dividend;INF109KA15W3;;11.3106;N.A.;N.A.;07-Jul-2015
127352;ICICI Prudential Fixed Maturity Plan-Series 72-366 Days Plan T - Cumulative;INF109KA18X5;;11.3036;N.A.;N.A.;07-Jul-2015
127351;ICICI Prudential Fixed Maturity Plan-Series 72-366 Days Plan T - Direct Plan - Cumulative;INF109KA10Y0;;11.3209;N.A.;N.A.;07-Jul-2015
127354;ICICI Prudential Fixed Maturity Plan-Series 72-366 Days Plan T - Direct Plan - Dividend;INF109KA11Y8;;11.2693;N.A.;N.A.;07-Jul-2015
127233;ICICI Prudential Fixed Maturity Plan-Series 72-367 Days Plan R - Cumulative;INF109KA16W1;;11.3301;N.A.;N.A.;07-Jul-2015
127231;ICICI Prudential Fixed Maturity Plan-Series 72-367 Days Plan R - Direct Plan - Cumulative;INF109KA18W7;;11.3399;N.A.;N.A.;07-Jul-2015
126127;ICICI Prudential Fixed Maturity Plan-Series 72-368 Days Plan A - Cumulative;INF109KA10Q6;;11.3798;N.A.;N.A.;07-Jul-2015
126125;ICICI Prudential Fixed Maturity Plan-Series 72-368 Days Plan A - Direct Plan - Cumulative;INF109KA12Q2;;11.4054;N.A.;N.A.;07-Jul-2015
126126;ICICI Prudential Fixed Maturity Plan-Series 72-368 Days Plan A - Direct Plan - Dividend;INF109KA13Q0;;10.6478;N.A.;N.A.;07-Jul-2015
126128;ICICI Prudential Fixed Maturity Plan-Series 72-368 Days Plan A - Dividend;INF109KA11Q4;;10.6391;N.A.;N.A.;07-Jul-2015
126334;ICICI Prudential Fixed Maturity Plan-Series 72-368 Days Plan D - Cumulative;INF109KA11S0;;11.3435;N.A.;N.A.;07-Jul-2015
126332;ICICI Prudential Fixed Maturity Plan-Series 72-368 Days Plan D - Direct Plan - Cumulative;INF109KA13S6;;11.3698;N.A.;N.A.;07-Jul-2015
126335;ICICI Prudential Fixed Maturity Plan-Series 72-368 Days Plan D - Dividend;INF109KA12S8;;10.4641;N.A.;N.A.;07-Jul-2015
127052;ICICI Prudential Fixed Maturity Plan-Series 72-368 Days Plan P - Cumulative;INF109KA12Y6;;11.3119;N.A.;N.A.;07-Jul-2015
127050;ICICI Prudential Fixed Maturity Plan-Series 72-368 Days Plan P - Direct Plan - Cumulative;INF109KA14Y2;;11.3677;N.A.;N.A.;07-Jul-2015
127051;ICICI Prudential Fixed Maturity Plan-Series 72-368 Days Plan P - Direct Plan - Dividend;INF109KA15Y9;;10.6858;N.A.;N.A.;07-Jul-2015
127049;ICICI Prudential Fixed Maturity Plan-Series 72-368 Days Plan P - Dividend;INF109KA13Y4;;10.6616;N.A.;N.A.;07-Jul-2015
126562;ICICI Prudential Fixed Maturity Plan-Series 72-370 Days Plan G - Cumulative;INF109KA16U5;;11.3356;N.A.;N.A.;07-Jul-2015
126560;ICICI Prudential Fixed Maturity Plan-Series 72-370 Days Plan G - Direct Plan - Cumulative;INF109KA18U1;;11.3503;N.A.;N.A.;07-Jul-2015
126561;ICICI Prudential Fixed Maturity Plan-Series 72-370 Days Plan G - Direct Plan - Dividend;INF109KA19U9;;11.2969;N.A.;N.A.;07-Jul-2015
126563;ICICI Prudential Fixed Maturity Plan-Series 72-370 Days Plan G - Dividend;INF109KA17U3;;11.2839;N.A.;N.A.;07-Jul-2015
127261;ICICI Prudential Fixed Maturity Plan-Series 72-409 Days Plan S - Cumulative;INF109KB1AX3;;11.1986;N.A.;N.A.;07-Jul-2015
127259;ICICI Prudential Fixed Maturity Plan-Series 72-409 Days Plan S - Direct Plan - Cumulative;INF109KB1AZ8;;11.2879;N.A.;N.A.;07-Jul-2015
127260;ICICI Prudential Fixed Maturity Plan-Series 72-409 Days Plan S - Direct Plan - Dividend;INF109KB1BA9;;11.2370;N.A.;N.A.;07-Jul-2015
127262;ICICI Prudential Fixed Maturity Plan-Series 72-409 Days Plan S - Dividend;INF109KB1AY1;;11.1474;N.A.;N.A.;07-Jul-2015
127032;ICICI Prudential Fixed Maturity Plan-Series 72-425 Days Plan N - Cumulative;INF109KB1BR3;;11.2918;N.A.;N.A.;07-Jul-2015
127031;ICICI Prudential Fixed Maturity Plan-Series 72-425 Days Plan N - Direct Plan - Cumulative;INF109KB1BT9;;11.3562;N.A.;N.A.;07-Jul-2015
127033;ICICI Prudential Fixed Maturity Plan-Series 72-425 Days Plan N - Dividend;INF109KB1BS1;;10.6545;N.A.;N.A.;07-Jul-2015
126804;ICICI Prudential Fixed Maturity Plan-Series 72-440 Days Plan L - Cumulative;INF109KB1CH2;;11.2926;N.A.;N.A.;07-Jul-2015
126802;ICICI Prudential Fixed Maturity Plan-Series 72-440 Days Plan L - Direct Plan - Cumulative;INF109KB1CJ8;;11.3579;N.A.;N.A.;07-Jul-2015
126803;ICICI Prudential Fixed Maturity Plan-Series 72-440 Days Plan L - Direct Plan - Dividend;INF109KB1CK6;;10.6360;N.A.;N.A.;07-Jul-2015
126801;ICICI Prudential Fixed Maturity Plan-Series 72-440 Days Plan L - Dividend;INF109KB1CI0;;10.6066;N.A.;N.A.;07-Jul-2015
126642;ICICI Prudential Fixed Maturity Plan-Series 72-483 Days Plan J - Cumulative;INF109KB1GC4;;11.3150;N.A.;N.A.;07-Jul-2015
126641;ICICI Prudential Fixed Maturity Plan-Series 72-483 Days Plan J - Direct Plan - Cumulative;INF109KB1GA8;;11.3799;N.A.;N.A.;07-Jul-2015
126397;ICICI Prudential Fixed Maturity Plan-Series 72-500 Days Plan E - Cumulative;INF109KB1HF5;;11.3170;N.A.;N.A.;07-Jul-2015
126396;ICICI Prudential Fixed Maturity Plan-Series 72-500 Days Plan E - Direct Plan - Cumulative;INF109KB1HH1;;11.3749;N.A.;N.A.;07-Jul-2015
126169;ICICI Prudential Fixed Maturity Plan-Series 72-525 Days Plan B - Cumulative;INF109KB1HJ7;;11.3597;N.A.;N.A.;07-Jul-2015
126167;ICICI Prudential Fixed Maturity Plan-Series 72-525 Days Plan B - Direct Plan - Cumulative;INF109KB1HL3;;11.4190;N.A.;N.A.;07-Jul-2015
126170;ICICI Prudential Fixed Maturity Plan-Series 72-525 Days Plan B - Dividend;INF109KB1HK5;;11.3096;N.A.;N.A.;07-Jul-2015
126829;ICICI Prudential Fixed Maturity Plan-Series 72-785 Days Plan O - Cumulative;INF109KA1MH2;;11.4338;N.A.;N.A.;07-Jul-2015
126831;ICICI Prudential Fixed Maturity Plan-Series 72-785 Days Plan O - Direct Plan - Cumulative;INF109KA1MJ8;;11.5380;N.A.;N.A.;07-Jul-2015
126832;ICICI Prudential Fixed Maturity Plan-Series 72-785 Days Plan O - Direct Plan - Dividend;INF109KA1MK6;;10.9550;N.A.;N.A.;07-Jul-2015
126830;ICICI Prudential Fixed Maturity Plan-Series 72-785 Days Plan O - Dividend;INF109KA1MI0;;10.8919;N.A.;N.A.;07-Jul-2015
126499;ICICI Prudential Fixed Maturity Plan-Series 72-823 Days Plan H - Cumulative;INF109KA1KX3;;11.6304;N.A.;N.A.;07-Jul-2015
126502;ICICI Prudential Fixed Maturity Plan-Series 72-823 Days Plan H - Direct Plan - Cumulative;INF109KA1KZ8;;11.7010;N.A.;N.A.;07-Jul-2015
126500;ICICI Prudential Fixed Maturity Plan-Series 72-823 Days Plan H - Direct Plan - Dividend;INF109KA1LA9;;10.9516;N.A.;N.A.;07-Jul-2015
126501;ICICI Prudential Fixed Maturity Plan-Series 72-823 Days Plan H - Dividend;INF109KA1KY1;;10.9253;N.A.;N.A.;07-Jul-2015
128359;ICICI Prudential Fixed Maturity Plan-Series 73-1120 Days Plan L - Cumulative;INF109KA1QJ9;;11.3537;N.A.;N.A.;07-Jul-2015
128361;ICICI Prudential Fixed Maturity Plan-Series 73-1120 Days Plan L - Direct Plan - Cumulative;INF109KA1QL5;;11.4411;N.A.;N.A.;07-Jul-2015
128358;ICICI Prudential Fixed Maturity Plan-Series 73-1120 Days Plan L - Direct Plan - Dividend;INF109KA1QM3;;11.3361;N.A.;N.A.;07-Jul-2015
128360;ICICI Prudential Fixed Maturity Plan-Series 73-1120 Days Plan L - Dividend;INF109KA1QK7;;11.2491;N.A.;N.A.;07-Jul-2015
127617;ICICI Prudential Fixed Maturity Plan-Series 73-366 Days Plan A - Cumulative;INF109KA18Z0;;11.2959;N.A.;N.A.;07-Jul-2015
127618;ICICI Prudential Fixed Maturity Plan-Series 73-366 Days Plan A - Direct Plan - Cumulative;INF109KB1011;;11.3167;N.A.;N.A.;07-Jul-2015
127619;ICICI Prudential Fixed Maturity Plan-Series 73-366 Days Plan A - Dividend;INF109KA19Z8;;10.6464;N.A.;N.A.;07-Jul-2015
127714;ICICI Prudential Fixed Maturity Plan-Series 73-366 Days Plan B - Cumulative;INF109KA14Z9;;11.2888;N.A.;N.A.;07-Jul-2015
127712;ICICI Prudential Fixed Maturity Plan-Series 73-366 Days Plan B - Direct Plan - Cumulative;INF109KA16Z4;;11.3038;N.A.;N.A.;07-Jul-2015
127717;ICICI Prudential Fixed Maturity Plan-Series 73-368 Days Plan D - Cumulative;INF109KB1078;;11.2520;N.A.;N.A.;07-Jul-2015
127716;ICICI Prudential Fixed Maturity Plan-Series 73-368 Days Plan D - Direct Plan - Cumulative;INF109KB1094;;11.2671;N.A.;N.A.;07-Jul-2015
127718;ICICI Prudential Fixed Maturity Plan-Series 73-368 Days Plan D - Dividend;INF109KB1086;;11.2001;N.A.;N.A.;07-Jul-2015
128357;ICICI Prudential Fixed Maturity Plan-Series 73-368 Days Plan M - Cumulative;INF109KB1516;;11.1959;N.A.;N.A.;07-Jul-2015
128354;ICICI Prudential Fixed Maturity Plan-Series 73-368 Days Plan M - Direct Plan - Cumulative;INF109KB1532;;11.2104;N.A.;N.A.;07-Jul-2015
128356;ICICI Prudential Fixed Maturity Plan-Series 73-368 Days Plan M - Dividend;INF109KB1524;;11.1446;N.A.;N.A.;07-Jul-2015
128814;ICICI Prudential Fixed Maturity Plan-Series 73-368 Days Plan R - Cumulative;INF109KB1599;;11.1485;N.A.;N.A.;07-Jul-2015
128812;ICICI Prudential Fixed Maturity Plan-Series 73-368 Days Plan R - Direct Plan - Cumulative;INF109KB1615;;11.1556;N.A.;N.A.;07-Jul-2015
128058;ICICI Prudential Fixed Maturity Plan-Series 73-369 Days Plan H - Cumulative;INF109KB1037;;11.2471;N.A.;N.A.;07-Jul-2015
128060;ICICI Prudential Fixed Maturity Plan-Series 73-369 Days Plan H - Direct Plan - Cumulative;INF109KB1052;;11.2653;N.A.;N.A.;07-Jul-2015
128652;ICICI Prudential Fixed Maturity Plan-Series 73-369 Days Plan P- Cumulative;INF109KB1631;;11.1681;N.A.;N.A.;07-Jul-2015
128650;ICICI Prudential Fixed Maturity Plan-Series 73-369 Days Plan P- Direct Plan - Cumulative;INF109KB1656;;11.1824;N.A.;N.A.;07-Jul-2015
128653;ICICI Prudential Fixed Maturity Plan-Series 73-369 Days Plan P- Dividend;INF109KB1649;;11.1170;N.A.;N.A.;07-Jul-2015
128811;ICICI Prudential Fixed Maturity Plan-Series 73-369 Days Plan S- Cumulative;INF109KB1912;;11.1582;N.A.;N.A.;07-Jul-2015
128808;ICICI Prudential Fixed Maturity Plan-Series 73-369 Days Plan S- Direct Plan - Cumulative;INF109KB1938;;11.1723;N.A.;N.A.;07-Jul-2015
128810;ICICI Prudential Fixed Maturity Plan-Series 73-369 Days Plan S- Dividend;INF109KB1920;;11.1072;N.A.;N.A.;07-Jul-2015
128818;ICICI Prudential Fixed Maturity Plan-Series 73-369 Days Plan T - Cumulative;INF109KB1AL8;;11.1457;N.A.;N.A.;07-Jul-2015
128816;ICICI Prudential Fixed Maturity Plan-Series 73-369 Days Plan T - Direct Plan - Cumulative;INF109KB1AN4;;11.1658;N.A.;N.A.;07-Jul-2015
128819;ICICI Prudential Fixed Maturity Plan-Series 73-369 Days Plan T - Dividend;INF109KB1AM6;;11.0947;N.A.;N.A.;07-Jul-2015
128648;ICICI Prudential Fixed Maturity Plan-Series 73-376 Days Plan Q - Cumulative;INF109KB1AH6;;11.1553;N.A.;N.A.;07-Jul-2015
128646;ICICI Prudential Fixed Maturity Plan-Series 73-376 Days Plan Q - Direct Plan - Cumulative;INF109KB1AJ2;;11.1695;N.A.;N.A.;07-Jul-2015
128649;ICICI Prudential Fixed Maturity Plan-Series 73-376 Days Plan Q - Dividend;INF109KB1AI4;;10.6179;N.A.;N.A.;07-Jul-2015
128352;ICICI Prudential Fixed Maturity Plan-Series 73-378 Days Plan N - Cumulative;INF109KB1870;;11.1543;N.A.;N.A.;07-Jul-2015
128350;ICICI Prudential Fixed Maturity Plan-Series 73-378 Days Plan N - Direct Plan - Cumulative;INF109KB1896;;11.2067;N.A.;N.A.;07-Jul-2015
128498;ICICI Prudential Fixed Maturity Plan-Series 73-378 Days Plan O - Cumulative;INF109KB1AP9;;11.1554;N.A.;N.A.;07-Jul-2015
128496;ICICI Prudential Fixed Maturity Plan-Series 73-378 Days Plan O - Direct Plan - Cumulative;INF109KB1AR5;;11.1885;N.A.;N.A.;07-Jul-2015
128497;ICICI Prudential Fixed Maturity Plan-Series 73-378 Days Plan O - Direct Plan - Dividend;INF109KB1AS3;;11.1375;N.A.;N.A.;07-Jul-2015
128499;ICICI Prudential Fixed Maturity Plan-Series 73-378 Days Plan O - Dividend;INF109KB1AQ7;;11.1044;N.A.;N.A.;07-Jul-2015
128203;ICICI Prudential Fixed Maturity Plan-Series 73-383 Days Plan K - Cumulative;INF109KB1839;;11.1847;N.A.;N.A.;07-Jul-2015
128201;ICICI Prudential Fixed Maturity Plan-Series 73-383 Days Plan K - Direct Plan - Cumulative;INF109KB1854;;11.2182;N.A.;N.A.;07-Jul-2015
128204;ICICI Prudential Fixed Maturity Plan-Series 73-383 Days Plan K - Dividend;INF109KB1847;;11.1336;N.A.;N.A.;07-Jul-2015
128075;ICICI Prudential Fixed Maturity Plan-Series 73-390 Days Plan I - Cumulative;INF109KB1BJ0;;11.1694;N.A.;N.A.;07-Jul-2015
128076;ICICI Prudential Fixed Maturity Plan-Series 73-390 Days Plan I - Direct Plan - Cumulative;INF109KB1BL6;;11.2264;N.A.;N.A.;07-Jul-2015
128077;ICICI Prudential Fixed Maturity Plan-Series 73-390 Days Plan I - Dividend;INF109KB1BK8;;11.1185;N.A.;N.A.;07-Jul-2015
128038;ICICI Prudential Fixed Maturity Plan-Series 73-391 Days Plan G - Cumulative;INF109KB1797;;11.1522;N.A.;N.A.;07-Jul-2015
128040;ICICI Prudential Fixed Maturity Plan-Series 73-391 Days Plan G - Direct Plan - Cumulative;INF109KB1813;;11.2122;N.A.;N.A.;07-Jul-2015
128039;ICICI Prudential Fixed Maturity Plan-Series 73-391 Days Plan G - Dividend;INF109KB1805;;10.5723;N.A.;N.A.;07-Jul-2015
128044;ICICI Prudential Fixed Maturity Plan-Series 73-392 Days Plan F - Cumulative;INF109KB1755;;11.2374;N.A.;N.A.;07-Jul-2015
128042;ICICI Prudential Fixed Maturity Plan-Series 73-392 Days Plan F - Direct Plan - Cumulative;INF109KB1771;;11.2719;N.A.;N.A.;07-Jul-2015
127720;ICICI Prudential Fixed Maturity Plan-Series 73-407 Days Plan C - Cumulative;INF109KB1BN2;;11.2311;N.A.;N.A.;07-Jul-2015
127722;ICICI Prudential Fixed Maturity Plan-Series 73-407 Days Plan C - Direct Plan - Cumulative;INF109KB1BP7;;11.3056;N.A.;N.A.;07-Jul-2015
127721;ICICI Prudential Fixed Maturity Plan-Series 73-407 Days Plan C - Dividend;INF109KB1BO0;;11.1799;N.A.;N.A.;07-Jul-2015
128113;ICICI Prudential Fixed Maturity Plan-Series 73-830 Days Plan J - Cumulative;INF109KB1XP1;;11.3219;N.A.;N.A.;07-Jul-2015
128112;ICICI Prudential Fixed Maturity Plan-Series 73-830 Days Plan J - Direct Plan - Cumulative;INF109KB1XR7;;11.4096;N.A.;N.A.;07-Jul-2015
128111;ICICI Prudential Fixed Maturity Plan-Series 73-830 Days Plan J - Direct Plan - Dividend;INF109KB1XS5;;10.8507;N.A.;N.A.;07-Jul-2015
128114;ICICI Prudential Fixed Maturity Plan-Series 73-830 Days Plan J - Dividend;INF109KB1XQ9;;10.7995;N.A.;N.A.;07-Jul-2015
130002;ICICI Prudential Fixed Maturity Plan -Series 74 -368 Days Plan R Cumulative Option;INF109KB1GV4;;10.9600;N.A.;N.A.;07-Jul-2015
130000;ICICI Prudential Fixed Maturity Plan -Series 74 -368 Days Plan R Direct Plan Cumulative Option;INF109KB1GT8;;10.9659;N.A.;N.A.;07-Jul-2015
130001;ICICI Prudential Fixed Maturity Plan-Series 74-368 Days Plan R Dividend Option;INF109KB1GW2;;10.6373;N.A.;N.A.;07-Jul-2015
129967;ICICI Prudential Fixed Maturity Plan - Series 74 - 370 Days Plan Q Cumulative Option;INF109KB1GJ9;;10.9612;N.A.;N.A.;07-Jul-2015
129968;ICICI Prudential Fixed Maturity Plan - Series 74 -370 Days Plan Q Direct Plan Cumulative Option;INF109KB1GH3;;10.9672;N.A.;N.A.;07-Jul-2015
129970;ICICI Prudential Fixed Maturity Plan -Series 74 -370 Days Plan Q Direct Plan Dividend Option;INF109KB1GI1;;10.9169;N.A.;N.A.;07-Jul-2015
129969;ICICI Prudential Fixed Maturity Plan -Series 74 -370 Days Plan Q Dividend Option;INF109KB1GK7;;10.9109;N.A.;N.A.;07-Jul-2015
129254;ICICI Prudential Fixed Maturity Plan-Series 74-1092 Days Plan G - Cumulative;INF109KA1TH7;;11.2643;N.A.;N.A.;07-Jul-2015
129252;ICICI Prudential Fixed Maturity Plan-Series 74-1092 Days Plan G - Direct Plan - Cumulative;INF109KA1TJ3;;11.3381;N.A.;N.A.;07-Jul-2015
129253;ICICI Prudential Fixed Maturity Plan-Series 74-1092 Days Plan G - Direct Plan - Dividend;INF109KA1TK1;;10.9302;N.A.;N.A.;07-Jul-2015
129255;ICICI Prudential Fixed Maturity Plan-Series 74-1092 Days Plan G - Dividend;INF109KA1TI5;;10.8839;N.A.;N.A.;07-Jul-2015
129797;ICICI Prudential Fixed Maturity Plan - Series 74 - 1092 Days Plan P - Cumulative Option;INF109KA1VB6;;11.1034;N.A.;N.A.;07-Jul-2015
129800;ICICI Prudential Fixed Maturity Plan - Series 74 - 1092 Days Plan P - Dividend Option;INF109KA1VC4;;10.7665;N.A.;N.A.;07-Jul-2015
129799;ICICI Prudential Fixed Maturity Plan - Series 74 - 1092 Days Plan P Direct Plan Dividend Option;INF109KA1VE0;;10.7956;N.A.;N.A.;07-Jul-2015
129798;ICICI Prudential Fixed Maturity Plan - Series 74 - 1092 Days Plan P Direct Plan-Cumulative Option;INF109KA1VD2;;11.1464;N.A.;N.A.;07-Jul-2015
129243;ICICI Prudential Fixed Maturity Plan-Series 74-367 Days Plan C - Cumulative;INF109KB1CP5;;11.0981;N.A.;N.A.;07-Jul-2015
129240;ICICI Prudential Fixed Maturity Plan-Series 74-367 Days Plan C - Direct Plan - Cumulative;INF109KB1CR1;;11.1173;N.A.;N.A.;07-Jul-2015
129241;ICICI Prudential Fixed Maturity Plan-Series 74-367 Days Plan C - Dividend;INF109KB1CQ3;;10.6167;N.A.;N.A.;07-Jul-2015
129244;ICICI Prudential Fixed Maturity Plan-Series 74-367 Days Plan D - Cumulative;INF109KB1DY5;;11.1049;N.A.;N.A.;07-Jul-2015
129246;ICICI Prudential Fixed Maturity Plan-Series 74-367 Days Plan D - Direct Plan - Cumulative;INF109KB1EK2;;11.1143;N.A.;N.A.;07-Jul-2015
129245;ICICI Prudential Fixed Maturity Plan-Series 74-367 Days Plan D - Dividend;INF109KB1DZ2;;10.6445;N.A.;N.A.;07-Jul-2015
129412;ICICI Prudential Fixed Maturity Plan Series 74 368 Days Plan H Cumulative Option;INF109KB1DV1;;11.0854;N.A.;N.A.;07-Jul-2015
129410;ICICI Prudential Fixed Maturity Plan Series 74 368 Days Plan H Direct Plan Cumulative Option;INF109KB1DW9;;11.0984;N.A.;N.A.;07-Jul-2015
129409;ICICI Prudential Fixed Maturity Plan Series 74 368 Days Plan H Dividend Option;INF109KB1EJ4;;11.0347;N.A.;N.A.;07-Jul-2015
129644;ICICI Prudential Fixed Maturity Plan -Series 74 -368 Days Plan J Cumulative Option;INF109KB1EX5;;11.0435;N.A.;N.A.;07-Jul-2015
129642;ICICI Prudential Fixed Maturity Plan -Series 74 -368 Days Plan J Direct Plan Dividend Option;INF109KB1FA0;;11.0055;N.A.;N.A.;07-Jul-2015
129643;ICICI Prudential Fixed Maturity Plan -Series 74 -368 Days Plan J Direct Plan-Cumulative Option;INF109KB1EZ0;;11.0561;N.A.;N.A.;07-Jul-2015
129645;ICICI Prudential Fixed Maturity Plan -Series 74 -368 Days Plan J Dividend Option;INF109KB1EY3;;10.9929;N.A.;N.A.;07-Jul-2015
129026;ICICI Prudential Fixed Maturity Plan-Series 74-369 Days Plan B - Cumulative;INF109KB1CT7;;11.1035;N.A.;N.A.;07-Jul-2015
129028;ICICI Prudential Fixed Maturity Plan-Series 74-369 Days Plan B - Direct Plan - Cumulative;INF109KB1CV3;;11.1227;N.A.;N.A.;07-Jul-2015
129029;ICICI Prudential Fixed Maturity Plan-Series 74-369 Days Plan B - Direct Plan - Dividend;INF109KB1CW1;;11.0718;N.A.;N.A.;07-Jul-2015
129027;ICICI Prudential Fixed Maturity Plan-Series 74-369 Days Plan B - Dividend;INF109KB1CU5;;11.0527;N.A.;N.A.;07-Jul-2015
129248;ICICI Prudential Fixed Maturity Plan-Series 74-369 Days Plan F - Cumulative;INF109KB1CX9;;11.1116;N.A.;N.A.;07-Jul-2015
129249;ICICI Prudential Fixed Maturity Plan-Series 74-369 Days Plan F - Direct Plan - Cumulative;INF109KB1CZ4;;11.1249;N.A.;N.A.;07-Jul-2015
129472;ICICI Prudential Fixed Maturity Plan -Series 74 -369 Days Plan I - Cumulative Option;INF109KB1FB8;;11.0781;N.A.;N.A.;07-Jul-2015
129473;ICICI Prudential Fixed Maturity Plan -Series 74 -369 Days Plan I Direct Plan Dividend Option;INF109KB1FE2;;11.0402;N.A.;N.A.;07-Jul-2015
129470;ICICI Prudential Fixed Maturity Plan -Series 74-369 Days Plan I Direct Plan Cumulative Option;INF109KB1FD4;;11.0909;N.A.;N.A.;07-Jul-2015
129716;ICICI Prudential Fixed Maturity Plan - Series 74 - 369 Days Plan K - Cumulative Option;INF109KB1FM5;;11.0038;N.A.;N.A.;07-Jul-2015
129715;ICICI Prudential Fixed Maturity Plan -Series 74 - 369 Days Plan K - Dividend Option;INF109KB1FL7;;10.9534;N.A.;N.A.;07-Jul-2015
129718;ICICI Prudential Fixed Maturity Plan -Series 74 -369 Days Plan K Direct Plan Cumulative Option;INF109KB1FK9;;11.0161;N.A.;N.A.;07-Jul-2015
129916;ICICI Prudential Fixed Maturity Plan -Series 74 -369 Days Plan L - Cumulative Option;INF109KB1GR2;;10.9840;N.A.;N.A.;07-Jul-2015
129913;ICICI Prudential Fixed Maturity Plan -Series 74 -369 Days Plan L - Dividend Option;INF109KB1GS0;;10.9336;N.A.;N.A.;07-Jul-2015
129915;ICICI Prudential Fixed Maturity Plan -Series 74 -369 Days Plan L Direct Plan Cumulative Option;INF109KB1GP6;;10.9900;N.A.;N.A.;07-Jul-2015
129024;ICICI Prudential Fixed Maturity Plan-Series 74-370 Days Plan A - Cumulative;INF109KB1CL4;;11.1200;N.A.;N.A.;07-Jul-2015
129022;ICICI Prudential Fixed Maturity Plan-Series 74-370 Days Plan A - Direct Plan - Cumulative;INF109KB1CN0;;11.1336;N.A.;N.A.;07-Jul-2015
129023;ICICI Prudential Fixed Maturity Plan-Series 74-370 Days Plan A - Direct Plan - Dividend;INF109KB1CO8;;11.0827;N.A.;N.A.;07-Jul-2015
129025;ICICI Prudential Fixed Maturity Plan-Series 74-370 Days Plan A - Dividend;INF109KB1CM2;;11.0688;N.A.;N.A.;07-Jul-2015
130005;ICICI Prudential Fixed Maturity Plan -Series 74 -370 Days Plan S  Cumulative Option;INF109KB1HV2;;10.9345;N.A.;N.A.;07-Jul-2015
130008;ICICI Prudential Fixed Maturity Plan -Series 74 -370 Days Plan S Direct Plan Cumulative Option;INF109KB1HX8;;10.9402;N.A.;N.A.;07-Jul-2015
130007;ICICI Prudential Fixed Maturity Plan -Series 74 -370 Days Plan S Direct Plan Dividend Option;INF109KB1HY6;;10.6412;N.A.;N.A.;07-Jul-2015
130006;ICICI Prudential Fixed Maturity Plan -Series 74 -370 Days Plan S Dividend Option;INF109KB1HW0;;10.6372;N.A.;N.A.;07-Jul-2015
121513;ICICI Prudential Multiple Yield Fund - Series 3 - Plan A - Cumulative;INF109K017R5;;13.6263;N.A.;N.A.;07-Jul-2015
121510;ICICI Prudential Multiple Yield Fund - Series 3 - Plan A - Direct Plan - Cumulative;INF109K019R1;;13.9907;N.A.;N.A.;07-Jul-2015
121512;ICICI Prudential Multiple Yield Fund - Series 3 - Plan A - Direct Plan - Dividend;INF109K010S8;;12.0761;N.A.;N.A.;07-Jul-2015
121511;ICICI Prudential Multiple Yield Fund - Series 3 - Plan A -Dividend;INF109K018R3;;11.9392;N.A.;N.A.;07-Jul-2015
122251;ICICI Prudential Multiple Yield Fund - Series 3 - Plan B - Cumulative;INF109K013X2;;13.1897;N.A.;N.A.;07-Jul-2015
122249;ICICI Prudential Multiple Yield Fund - Series 3 - Plan B - Direct Plan - Cumulative;INF109K015X7;;13.5399;N.A.;N.A.;07-Jul-2015
122250;ICICI Prudential Multiple Yield Fund - Series 3 - Plan B - Direct Plan - Dividend;INF109K016X5;;11.8987;N.A.;N.A.;07-Jul-2015
122252;ICICI Prudential Multiple Yield Fund - Series 3 - Plan B -Dividend;INF109K014X0;;11.7675;N.A.;N.A.;07-Jul-2015
122402;ICICI Prudential Multiple Yield Fund - Series 3 - Plan C - Cumulative;INF109KA1087;;12.7106;N.A.;N.A.;07-Jul-2015
122403;ICICI Prudential Multiple Yield Fund - Series 3 - Plan C - Direct Plan - Cumulative;INF109KA1079;;13.0413;N.A.;N.A.;07-Jul-2015
122401;ICICI Prudential Multiple Yield Fund - Series 3 - Plan C - Direct Plan - Dividend;INF109KA1061;;11.5258;N.A.;N.A.;07-Jul-2015
122404;ICICI Prudential Multiple Yield Fund - Series 3 - Plan C -Dividend;INF109KA1095;;11.4082;N.A.;N.A.;07-Jul-2015
122441;ICICI Prudential Multiple Yield Fund - Series 3 - Plan D - Cumulative;INF109KB1WM0;;12.6073;N.A.;N.A.;07-Jul-2015
122439;ICICI Prudential Multiple Yield Fund - Series 3 - Plan D - Direct Plan - Cumulative;INF109KB1WO6;;12.9444;N.A.;N.A.;07-Jul-2015
122440;ICICI Prudential Multiple Yield Fund - Series 3 - Plan D - Direct Plan - Dividend;INF109KB1WP3;;11.4908;N.A.;N.A.;07-Jul-2015
122442;ICICI Prudential Multiple Yield Fund - Series 3 - Plan D -Dividend;INF109KB1WN8;;11.3683;N.A.;N.A.;07-Jul-2015
122662;ICICI Prudential Multiple Yield Fund - Series 4 - 1100 Days - Plan C - Cumulative;INF109KA1442;;12.9651;N.A.;N.A.;07-Jul-2015
122661;ICICI Prudential Multiple Yield Fund - Series 4 - 1100 Days - Plan C - Direct Plan - Cumulative;INF109KA1467;;13.2863;N.A.;N.A.;07-Jul-2015
122664;ICICI Prudential Multiple Yield Fund - Series 4 - 1100 Days - Plan C - Direct Plan - Dividend;INF109KA1475;;11.6112;N.A.;N.A.;07-Jul-2015
122663;ICICI Prudential Multiple Yield Fund - Series 4 - 1100 Days - Plan C - Dividend;INF109KA1459;;11.4921;N.A.;N.A.;07-Jul-2015
122853;ICICI Prudential Multiple Yield Fund - Series 4 - 1100 Days - Plan E - Cumulative;INF109KA1806;;13.1863;N.A.;N.A.;07-Jul-2015
122850;ICICI Prudential Multiple Yield Fund - Series 4 - 1100 Days - Plan E - Direct Plan - Cumulative;INF109KA1822;;13.5028;N.A.;N.A.;07-Jul-2015
122852;ICICI Prudential Multiple Yield Fund - Series 4 - 1100 Days - Plan E - Direct Plan - Dividend;INF109KA1830;;11.8800;N.A.;N.A.;07-Jul-2015
122851;ICICI Prudential Multiple Yield Fund - Series 4 - 1100 Days - Plan E -Dividend;INF109KA1814;;11.7556;N.A.;N.A.;07-Jul-2015
122532;ICICI Prudential Multiple Yield Fund - Series 4 - 1825 Days - Plan A - Direct Plan - Cumulative;INF109KA1285;;13.9292;N.A.;N.A.;07-Jul-2015
122533;ICICI Prudential Multiple Yield Fund - Series 4 - 1825 Days - Plan A - Direct Plan - Dividend;INF109KA1293;;11.8703;N.A.;N.A.;07-Jul-2015
122534;ICICI Prudential Multiple Yield Fund - Series 4 - 1825 Days - Plan A - Dividend;INF109KA1277;;11.7649;N.A.;N.A.;07-Jul-2015
122535;ICICI Prudential Multiple Yield Fund - Series 4 - 1825 Days - Plan A -Cumulative;INF109KA1269;;13.5964;N.A.;N.A.;07-Jul-2015
122658;ICICI Prudential Multiple Yield Fund - Series 4 - 1825 Days - Plan B - Cumulative;INF109KA1483;;13.6307;N.A.;N.A.;07-Jul-2015
122659;ICICI Prudential Multiple Yield Fund - Series 4 - 1825 Days - Plan B - Direct Plan - Cumulative;INF109KA1509;;14.0060;N.A.;N.A.;07-Jul-2015
122657;ICICI Prudential Multiple Yield Fund - Series 4 - 1825 Days - Plan B - Direct Plan - Dividend;INF109KA1517;;12.0029;N.A.;N.A.;07-Jul-2015
122660;ICICI Prudential Multiple Yield Fund - Series 4 - 1825 Days - Plan B -Dividend;INF109KA1491;;11.8646;N.A.;N.A.;07-Jul-2015
122755;ICICI Prudential Multiple Yield Fund - Series 4 - 1825 Days - Plan D - Cumulative;INF109KA1566;;13.6554;N.A.;N.A.;07-Jul-2015
122754;ICICI Prudential Multiple Yield Fund - Series 4 - 1825 Days - Plan D - Direct Plan - Cumulative;INF109KA1582;;14.0000;N.A.;N.A.;07-Jul-2015
122753;ICICI Prudential Multiple Yield Fund - Series 4 - 1825 Days - Plan D - Direct Plan - Dividend;INF109KA1590;;11.9094;N.A.;N.A.;07-Jul-2015
122756;ICICI Prudential Multiple Yield Fund - Series 4 - 1825 Days - Plan D -Dividend;INF109KA1574;;11.7997;N.A.;N.A.;07-Jul-2015
124138;ICICI Prudential Multiple Yield Fund - Series 5 - 1100 Days - Plan A - Cumulative;INF109KA1DH1;;13.0796;N.A.;N.A.;07-Jul-2015
124140;ICICI Prudential Multiple Yield Fund - Series 5 - 1100 Days - Plan A - Direct Plan - Cumulative;INF109KA1DF5;;13.4197;N.A.;N.A.;07-Jul-2015
124141;ICICI Prudential Multiple Yield Fund - Series 5 - 1100 Days - Plan A - Direct Plan - Dividend;INF109KA1DG3;;11.8570;N.A.;N.A.;07-Jul-2015
124139;ICICI Prudential Multiple Yield Fund - Series 5 - 1100 Days - Plan A - Dividend;INF109KA1DI9;;11.7318;N.A.;N.A.;07-Jul-2015
125263;ICICI Prudential Multiple Yield Fund - Series 5 - 1100 Days - Plan B - Direct Plan - Cumulative;INF109KA1HB5;;12.5475;N.A.;N.A.;07-Jul-2015
125260;ICICI Prudential Multiple Yield Fund - Series 5 - 1100 Days - Plan B - Direct Plan - Dividend;INF109KA1HC3;;11.4977;N.A.;N.A.;07-Jul-2015
125262;ICICI Prudential Multiple Yield Fund - Series 5 - 1100 Days - Plan B - Dividend;INF109KA1HE9;;11.3917;N.A.;N.A.;07-Jul-2015
125261;ICICI Prudential Multiple Yield Fund - Series 5 - 1100 Days - Plan B -Cumulative;INF109KA1HD1;;12.2835;N.A.;N.A.;07-Jul-2015
126114;ICICI Prudential Multiple Yield Fund - Series 5 - 1100 Days - Plan D - Direct Plan - Cumulative;INF109KA1JP1;;12.6649;N.A.;N.A.;07-Jul-2015
126115;ICICI Prudential Multiple Yield Fund - Series 5 - 1100 Days - Plan D - Direct Plan - Dividend;INF109KA1JQ9;;11.6768;N.A.;N.A.;07-Jul-2015
126116;ICICI Prudential Multiple Yield Fund - Series 5 - 1100 Days - Plan D -Cumulative;INF109KA1JN6;;12.4216;N.A.;N.A.;07-Jul-2015
126113;ICICI Prudential Multiple Yield Fund - Series 5 - 1100 Days - Plan D -Dividend;INF109KA1JO4;;11.5675;N.A.;N.A.;07-Jul-2015
126086;ICICI Prudential Multiple Yield Fund - Series 5 - 1825 Days - Plan C - Cumulative;INF109KA1JJ4;;12.6584;N.A.;N.A.;07-Jul-2015
126088;ICICI Prudential Multiple Yield Fund - Series 5 - 1825 Days - Plan C - Direct Plan - Cumulative;INF109KA1JL0;;12.9244;N.A.;N.A.;07-Jul-2015
126087;ICICI Prudential Multiple Yield Fund - Series 5 - 1825 Days - Plan C - Dividend;INF109KA1JK2;;11.6080;N.A.;N.A.;07-Jul-2015
127129;ICICI Prudential Multiple Yield Fund - Series 6 - 1100 Days - Plan A - Direct Plan - Cumulative;INF109KA1ND9;;12.3436;N.A.;N.A.;07-Jul-2015
127131;ICICI Prudential Multiple Yield Fund - Series 6 - 1100 Days - Plan A -Cumulative;INF109KA1NB3;;12.1058;N.A.;N.A.;07-Jul-2015
127132;ICICI Prudential Multiple Yield Fund - Series 6 - 1100 Days - Plan A -Dividend;INF109KA1NC1;;11.3475;N.A.;N.A.;07-Jul-2015
129068;ICICI Prudential Multiple Yield Fund - Series 6 - 1100 Days - Plan E - Direct Plan - Cumulative;INF109KA1SP2;;11.9580;N.A.;N.A.;07-Jul-2015
129067;ICICI Prudential Multiple Yield Fund - Series 6 - 1100 Days - Plan E - Direct Plan - Dividend;INF109KA1SQ0;;11.3936;N.A.;N.A.;07-Jul-2015
129066;ICICI Prudential Multiple Yield Fund - Series 6 - 1100 Days - Plan E -Cumulative;INF109KA1SN7;;11.7503;N.A.;N.A.;07-Jul-2015
129069;ICICI Prudential Multiple Yield Fund - Series 6 - 1100 Days - Plan E -Dividend;INF109KA1SO5;;11.2770;N.A.;N.A.;07-Jul-2015
128207;ICICI Prudential Multiple Yield Fund - Series 6 - 1125 Days - Plan B - Cumulative;INF109KA1PP8;;11.8730;N.A.;N.A.;07-Jul-2015
128205;ICICI Prudential Multiple Yield Fund - Series 6 - 1125 Days - Plan B - Direct Plan - Cumulative;INF109KA1PR4;;12.0759;N.A.;N.A.;07-Jul-2015
128206;ICICI Prudential Multiple Yield Fund - Series 6 - 1125 Days - Plan B - Direct Plan - Dividend;INF109KA1PS2;;11.4149;N.A.;N.A.;07-Jul-2015
128208;ICICI Prudential Multiple Yield Fund - Series 6 - 1125 Days - Plan B - Dividend;INF109KA1PQ6;;11.3069;N.A.;N.A.;07-Jul-2015
128492;ICICI Prudential Multiple Yield Fund - Series 6 - 1825 Days - Plan C - Cumulative;INF109KA1RD0;;12.1469;N.A.;N.A.;07-Jul-2015
128494;ICICI Prudential Multiple Yield Fund - Series 6 - 1825 Days - Plan C - Direct Plan - Cumulative;INF109KA1RF5;;12.3794;N.A.;N.A.;07-Jul-2015
128495;ICICI Prudential Multiple Yield Fund - Series 6 - 1825 Days - Plan C - Direct Plan - Dividend;INF109KA1RG3;;11.5788;N.A.;N.A.;07-Jul-2015
128493;ICICI Prudential Multiple Yield Fund - Series 6 - 1825 Days - Plan C -Dividend;INF109KA1RE8;;11.4560;N.A.;N.A.;07-Jul-2015
129232;ICICI Prudential Multiple Yield Fund - Series 6 - 1825 Days Plan D Cumulative Option;INF109KA1TT2;;11.8191;N.A.;N.A.;07-Jul-2015
129231;ICICI Prudential Multiple Yield Fund - Series 6 - 1825 Days Plan D Direct Plan Cumulative Option;INF109KA1TV8;;12.0173;N.A.;N.A.;07-Jul-2015
129230;ICICI Prudential Multiple Yield Fund - Series 6 - 1825 Days Plan D Direct Plan- Dividend Option;INF109KA1TW6;;11.5028;N.A.;N.A.;07-Jul-2015
129233;ICICI Prudential Multiple Yield Fund - Series 6 - 1825 Days Plan D Dividend Option;INF109KA1TU0;;11.3927;N.A.;N.A.;07-Jul-2015
131352;ICICI Prudential Multiple Yield Fund - Series 7 - 1100 Days Plan F Cumulative Option;INF109KA1T81;;10.7903;N.A.;N.A.;07-Jul-2015
131353;ICICI Prudential Multiple Yield Fund - Series 7 - 1100 Days Plan F Direct Plan Cumulative Option;INF109KA1U05;;10.9320;N.A.;N.A.;07-Jul-2015
131350;ICICI Prudential Multiple Yield Fund - Series 7 - 1100 Days Plan F Direct Plan Dividend Option;INF109KA1U13;;10.9320;N.A.;N.A.;07-Jul-2015
131351;ICICI Prudential Multiple Yield Fund - Series 7 - 1100 Days Plan F Dividend Option;INF109KA1T99;;10.7903;N.A.;N.A.;07-Jul-2015
131262;ICICI Prudential Multiple Yield Fund - Series 7 - 1338 Days Plan D  Dividend Option;INF109KA1R75;;10.7940;N.A.;N.A.;07-Jul-2015
131264;ICICI Prudential Multiple Yield Fund - Series 7 - 1338 Days Plan D Cumulative Option;INF109KA1R67;;10.7940;N.A.;N.A.;07-Jul-2015
131263;ICICI Prudential Multiple Yield Fund - Series 7 - 1338 Days Plan D Direct Plan Cumulative Option;INF109KA1R83;;10.9241;N.A.;N.A.;07-Jul-2015
131261;ICICI Prudential Multiple Yield Fund - Series 7 - 1338 Days Plan D Direct Plan Dividend Option;INF109KA1R91;;10.9241;N.A.;N.A.;07-Jul-2015
130440;ICICI Prudential Multiple Yield Fund - Series 7 - 1825 Days Plan B Cumulative Option;INF109KA1YP0;;11.2903;N.A.;N.A.;07-Jul-2015
130438;ICICI Prudential Multiple Yield Fund - Series 7 - 1825 Days Plan B Direct Plan Cumulative Option;INF109KA1YN5;;11.4865;N.A.;N.A.;07-Jul-2015
130439;ICICI Prudential Multiple Yield Fund - Series 7 - 1825 Days Plan B Direct Plan Dividend Option;INF109KA1YO3;;11.4865;N.A.;N.A.;07-Jul-2015
130441;ICICI Prudential Multiple Yield Fund - Series 7 - 1825 Days Plan B Dividend Option;INF109KA1YQ8;;11.2903;N.A.;N.A.;07-Jul-2015
130990;ICICI Prudential Multiple Yield Fund - Series 7 - 1825 Days Plan C Cumulative Option;INF109KA1J83;;10.9571;N.A.;N.A.;07-Jul-2015
130991;ICICI Prudential Multiple Yield Fund - Series 7 - 1825 Days Plan C Direct Plan Cumulative Option;INF109KA1K07;;11.0972;N.A.;N.A.;07-Jul-2015
130989;ICICI Prudential Multiple Yield Fund - Series 7 - 1825 Days Plan C Direct Plan Dividend Option;INF109KA1K15;;11.0972;N.A.;N.A.;07-Jul-2015
130992;ICICI Prudential Multiple Yield Fund - Series 7 - 1825 Days Plan C Dividend Option;INF109KA1J91;;10.9571;N.A.;N.A.;07-Jul-2015
131314;ICICI Prudential Multiple Yield Fund - Series 7 - 1825 Days Plan E Cumulative Option;INF109KA1S25;;10.9918;N.A.;N.A.;07-Jul-2015
131316;ICICI Prudential Multiple Yield Fund - Series 7 - 1825 Days Plan E Direct Plan Cumulative Option;INF109KA1S41;;11.1388;N.A.;N.A.;07-Jul-2015
131313;ICICI Prudential Multiple Yield Fund - Series 7 - 1825 Days Plan E Direct Plan Dividend Option;INF109KA1S58;;11.1387;N.A.;N.A.;07-Jul-2015
131315;ICICI Prudential Multiple Yield Fund - Series 7 - 1825 Days Plan E Dividend Option;INF109KA1S33;;10.9918;N.A.;N.A.;07-Jul-2015
133172;ICICI Prudential Multiple Yield Fund - Series 8 -1101 Days Plan E Cumulative Option;INF109KA16L4;;10.4723;N.A.;N.A.;07-Jul-2015
133174;ICICI Prudential Multiple Yield Fund - Series 8 -1101 Days Plan E Direct Plan Cumulative Option;INF109KA18L0;;10.5791;N.A.;N.A.;07-Jul-2015
133173;ICICI Prudential Multiple Yield Fund - Series 8 -1101 Days Plan E Dividend Option;INF109KA17L2;;10.4723;N.A.;N.A.;07-Jul-2015
132954;ICICI Prudential Multiple Yield Fund - Series 8 - 1103 Days Plan C Cumulative Option;INF109KA16F6;;10.4563;N.A.;N.A.;07-Jul-2015
132951;ICICI Prudential Multiple Yield Fund - Series 8 - 1103 Days Plan C Direct Plan Cumulative Option;INF109KA18F2;;10.5756;N.A.;N.A.;07-Jul-2015
132953;ICICI Prudential Multiple Yield Fund - Series 8 - 1103 Days Plan C Direct Plan Dividend Option;INF109KA19F0;;10.5756;N.A.;N.A.;07-Jul-2015
132952;ICICI Prudential Multiple Yield Fund - Series 8 - 1103 Days Plan C Dividend Option;INF109KA17F4;;10.4563;N.A.;N.A.;07-Jul-2015
133578;ICICI Prudential Multiple Yield Fund - Series 8 - 1103 Days Plan F Cumulative Option;INF109KA10T0;;10.1915;N.A.;N.A.;07-Jul-2015
133577;ICICI Prudential Multiple Yield Fund - Series 8 - 1103 Days Plan F Direct Plan Cumulative Option;INF109KA12T6;;10.2681;N.A.;N.A.;07-Jul-2015
133580;ICICI Prudential Multiple Yield Fund - Series 8 - 1103 Days Plan F Direct Plan Dividend Option;INF109KA13T4;;10.2681;N.A.;N.A.;07-Jul-2015
133579;ICICI Prudential Multiple Yield Fund - Series 8 - 1103 Days Plan F Dividend Option;INF109KA11T8;;10.1915;N.A.;N.A.;07-Jul-2015
133112;ICICI Prudential Multiple Yield Fund - Series 8 -1822 Days Plan D Cumulative Option;INF109KA18J4;;10.6988;N.A.;N.A.;07-Jul-2015
133110;ICICI Prudential Multiple Yield Fund - Series 8 -1822 Days Plan D Direct Plan Cumulative Option;INF109KA10K9;;10.8042;N.A.;N.A.;07-Jul-2015
133111;ICICI Prudential Multiple Yield Fund - Series 8 -1822 Days Plan D Direct Plan Dividend Option;INF109KA11K7;;10.8042;N.A.;N.A.;07-Jul-2015
133113;ICICI Prudential Multiple Yield Fund - Series 8 -1822 Days Plan D Dividend Option;INF109KA19J2;;10.6988;N.A.;N.A.;07-Jul-2015
131574;ICICI Prudential Multiple Yield Fund - Series 8 - 1824 Days Plan A Cumulative Option;INF109KA16B5;;10.5667;N.A.;N.A.;07-Jul-2015
131577;ICICI Prudential Multiple Yield Fund - Series 8 - 1824 Days Plan A Direct Plan Cumulative Option;INF109KA18B1;;10.7012;N.A.;N.A.;07-Jul-2015
131576;ICICI Prudential Multiple Yield Fund - Series 8 - 1824 Days Plan A Direct Plan Dividend Option;INF109KA19B9;;10.7012;N.A.;N.A.;07-Jul-2015
131575;ICICI Prudential Multiple Yield Fund - Series 8 - 1824 Days Plan A Dividend Option;INF109KA17B3;;10.5667;N.A.;N.A.;07-Jul-2015
134262;ICICI Prudential Multiple Yield Fund - Series 9 - 1140 Days Plan A Cumulative Option;INF109KB1714;;9.7305;N.A.;N.A.;07-Jul-2015
134259;ICICI Prudential Multiple Yield Fund - Series 9 - 1140 Days Plan A Direct Plan Cumulative Option;INF109KB1730;;9.7723;N.A.;N.A.;07-Jul-2015
134260;ICICI Prudential Multiple Yield Fund - Series 9 - 1140 Days Plan A Direct Plan Dividend Option;INF109KB1748;;9.7723;N.A.;N.A.;07-Jul-2015
134261;ICICI Prudential Multiple Yield Fund - Series 9 - 1140 Days Plan A Dividend Option;INF109KB1722;;9.7305;N.A.;N.A.;07-Jul-2015
129742;ICICI Prudential Multiple Yield Fund - Series 6 - 1100 Days Plan F Cumulative Option;INF109KA1UX2;;11.4212;N.A.;N.A.;07-Jul-2015
129741;ICICI Prudential Multiple Yield Fund - Series 6 - 1100 Days Plan F Direct Plan Cumulative Option;INF109KA1UZ7;;11.6063;N.A.;N.A.;07-Jul-2015
129744;ICICI Prudential Multiple Yield Fund - Series 6 - 1100 Days Plan F Direct Plan- Dividend Option;INF109KA1VA8;;11.0560;N.A.;N.A.;07-Jul-2015
129743;ICICI Prudential Multiple Yield Fund - Series 6 - 1100 Days Plan F Dividend Option;INF109KA1UY0;;10.9418;N.A.;N.A.;07-Jul-2015
130148;ICICI Prudential Multiple Yield Fund - Series 7 - 1100 Days Plan A Cumulative Option;INF109KA1WV2;;11.1296;N.A.;N.A.;07-Jul-2015
130146;ICICI Prudential Multiple Yield Fund - Series 7 - 1100 Days Plan A Direct Plan Cumulative Option;INF109KA1WX8;;11.3370;N.A.;N.A.;07-Jul-2015
130145;ICICI Prudential Multiple Yield Fund - Series 7 - 1100 Days Plan A Direct Plan Dividend Option;INF109KA1WY6;;11.0416;N.A.;N.A.;07-Jul-2015
130147;ICICI Prudential Multiple Yield Fund - Series 7 - 1100 Days Plan A Dividend Option;INF109KA1WW0;;10.8913;N.A.;N.A.;07-Jul-2015

IDBI Mutual Fund
131442;IDBI FMP - Series III - 368 days (September 2013) - K - Growth Direct;INF397L01IC7;;11.8551;11.8551;11.8551;07-Jul-2015
131443;IDBI FMP - Series III - 368 days (September 2013) - K - Growth Regular;INF397L01ID5;;11.8025;11.8025;11.8025;07-Jul-2015
131440;IDBI FMP - Series III - 368 days (September 2013) - K- Dividend Direct;INF397L01IA1;;0.0000;0.0000;0.0000;07-Jul-2015
131441;IDBI FMP - Series III - 368 days (September 2013) - K- Dividend Regular;INF397L01IB9;;0.0000;0.0000;0.0000;07-Jul-2015
124368;IDBI FMP - Series III - 564 days (September 2013) - L Dividend Direct;INF397L01IE3;;0.0000;0.0000;0.0000;07-Jul-2015
124367;IDBI FMP - Series III - 564 days (September 2013) - L Dividend Regular;INF397L01IF0;;10.1800;10.1800;10.1800;07-Jul-2015
124366;IDBI FMP - Series III - 564 days (September 2013) - L Growth Direct;INF397L01IG8;;11.7864;11.7864;11.7864;07-Jul-2015
124365;IDBI FMP - Series III - 564 days (September 2013) - L Growth Regular;INF397L01IH6;;11.6805;11.6805;11.6805;07-Jul-2015
126470;IDBI FMP - Series IV - 518 Days (January 2014) - B Dividend Direct;INF397L01IM6;;0.0000;0.0000;0.0000;07-Jul-2015
126467;IDBI FMP - Series IV - 518 Days (January 2014) - B Dividend Regular;INF397L01IN4;;10.0300;10.0300;10.0300;07-Jul-2015
126469;IDBI FMP - Series IV - 518 Days (January 2014) - B Growth Direct;INF397L01IO2;;11.4068;11.4068;11.4068;07-Jul-2015
126468;IDBI FMP - Series IV - 518 Days (January 2014) - B Growth Regular;INF397L01IP9;;11.3319;11.3319;11.3319;07-Jul-2015
127577;IDBI FMP - Series IV - 542 Days (February 2014) - F Dividend Direct;INF397L01IU9;;0.0000;0.0000;0.0000;07-Jul-2015
127575;IDBI FMP - Series IV - 542 Days (February 2014) - F Dividend Regular;INF397L01IV7;;11.2290;11.2290;11.2290;07-Jul-2015
127576;IDBI FMP - Series IV - 542 Days (February 2014) - F Growth Direct;INF397L01IW5;;11.2959;11.2959;11.2959;07-Jul-2015
127574;IDBI FMP - Series IV - 542 Days (February 2014) - F Growth Regular;INF397L01IX3;;11.2290;11.2290;11.2290;07-Jul-2015
126021;IDBI FMP Series III 494 Days (December 2013)- O Dividend Direct;INF397L01II4;;0.0000;0.0000;0.0000;07-Jul-2015
126023;IDBI FMP Series III 494 Days (December 2013)- O Dividend Regular;INF397L01IJ2;;10.1461;10.1461;10.1461;07-Jul-2015
126024;IDBI FMP Series III 494 Days (December 2013)- O Growth Direct;INF397L01IK0;;11.4966;11.4966;11.4966;07-Jul-2015
126020;IDBI FMP Series III 494 Days (December 2013)- O Growth Regular;INF397L01IL8;;11.4319;11.4319;11.4319;07-Jul-2015
123080;IDBI FMP-Series III-24 Months (July 2013) - F- Dividend Direct;INF397L01IQ7;;11.9782;11.9782;11.9782;07-Jul-2015
123081;IDBI FMP-Series III-24 Months (July 2013) - F- Dividend Regular;INF397L01IR5;;11.9100;11.9100;11.9100;07-Jul-2015
123078;IDBI FMP-Series III-24 Months (July 2013) - F- Growth Direct;INF397L01IS3;;11.9782;11.9782;11.9782;07-Jul-2015
123079;IDBI FMP-Series III-24 Months (July 2013) - F- Growth Regular;INF397L01IT1;;11.9100;11.9100;11.9100;07-Jul-2015

Invesco Mutual Fund
126692;Invesco India Fixed Maturity Plan - Series 22 - Plan F (15 Months) - Direct Plan - Growth;INF205K010A9;;11.3403;11.3403;11.3403;07-Jul-2015
126691;Invesco India Fixed Maturity Plan - Series 22 - Plan F (15 Months) - Regular Plan - Growth;INF205K01Z82;;11.2950;11.2950;11.2950;07-Jul-2015
126936;Invesco India Fixed Maturity Plan - Series 22 - Plan H (427 Days) - Direct Plan - Growth Option;INF205K01Y00;;11.3059;11.3059;11.3059;07-Jul-2015
126935;Invesco India Fixed Maturity Plan - Series 22 - Plan H (427 Days) - Regular Plan - Growth Option;INF205K01X76;;11.2990;11.2990;11.2990;07-Jul-2015
127481;Invesco India Fixed Maturity Plan - Series 22 - Plan L (14 Months) - Direct Plan - Growth Option;INF205K012B3;;11.3060;11.3060;11.3060;07-Jul-2015
127480;Invesco India Fixed Maturity Plan - Series 22 - Plan L (14 Months) - Regular Plan - Growth Option;INF205K010B7;;11.2326;11.2326;11.2326;07-Jul-2015
127962;Invesco India Fixed Maturity Plan - Series 23 - Plan A (13 Months) - Direct Plan - Growth Option;INF205K01Y83;;11.2279;11.2279;11.2279;07-Jul-2015
127965;Invesco India Fixed Maturity Plan - Series 23 - Plan A (13 Months) - Regular Plan - Dividend Payout Option;INF205K01Y75;;10.1638;10.1638;10.1638;07-Jul-2015
127963;Invesco India Fixed Maturity Plan - Series 23 - Plan A (13 Months) - Regular Plan - Growth Option;INF205K01Y67;;11.1494;11.1494;11.1494;07-Jul-2015
128518;Invesco India Fixed Maturity Plan - Series 23 - Plan E (382 Days) - Direct Plan - Growth Option;INF205K01Z25;;11.1514;11.1514;11.1514;07-Jul-2015
128520;Invesco India Fixed Maturity Plan - Series 23 - Plan E (382 Days) - Regular Plan - Growth Option;INF205K01Z09;;11.1159;11.1159;11.1159;07-Jul-2015
128993;Invesco India Fixed Maturity Plan - Series 23 - Plan H (370 Days) - Direct Plan - Growth Option;INF205K01Z66;;11.1100;11.1100;11.1100;07-Jul-2015
128995;Invesco India Fixed Maturity Plan - Series 23 - Plan H (370 Days) - Regular Plan - Dividend Payout Option;INF205K01Z58;;10.1505;10.1505;10.1505;07-Jul-2015
128994;Invesco India Fixed Maturity Plan - Series 23 - Plan H (370 Days) - Regular Plan - Growth Option;INF205K01Z41;;11.0849;11.0849;11.0849;07-Jul-2015
129178;Invesco India Fixed Maturity Plan - Series 23 - Plan J (370 Dys) - Direct Plan - Growth Option;INF205K016B4;;11.1167;11.1167;11.1167;07-Jul-2015
129176;Invesco India Fixed Maturity Plan - Series 23 - Plan J (370 Dys) - Regular Plan - Growth Option;INF205K014B9;;11.0928;11.0928;11.0928;07-Jul-2015
129426;Invesco India Fixed Maturity Plan - Series 23 - Plan L (370 Dys) - Direct Plan - Growth Option;INF205K010C5;;11.0699;11.0699;11.0699;07-Jul-2015
129428;Invesco India Fixed Maturity Plan - Series 23 - Plan L (370 Dys) - Regular Plan - Growth Option;INF205K018B0;;11.0571;11.0571;11.0571;07-Jul-2015
130356;Invesco India Fixed Maturity Plan - Series 23 - Plan O (370 Dys) - Direct Plan - Dividend Payout Option;INF205K013F2;;10.9034;10.9034;10.9034;07-Jul-2015
130355;Invesco India Fixed Maturity Plan - Series 23 - Plan O (370 Dys) - Direct Plan - Growth Option;INF205K012F4;;10.9030;10.9030;10.9030;07-Jul-2015
130353;Invesco India Fixed Maturity Plan - Series 23 - Plan O (370 Dys) - Regular Plan - Growth Option;INF205K010F8;;10.8920;10.8920;10.8920;07-Jul-2015
130354;Religare Invesco Fixed Maturity Plan - Series 23 - Plan O (370 Dys) - Regular Plan - Dividend Payout Option;INF205K011F6;;10.8920;10.8920;10.8920;07-Jul-2015
131174;Invesco India Fixed Maturity Plan - Series 24 - Plan D (1099 Dys) - Direct Plan - Growth Option;INF205K01K89;;10.8939;10.8939;10.8939;07-Jul-2015
131172;Invesco India Fixed Maturity Plan - Series 24 - Plan D (1099 Dys) - Regular Plan - Dividend Payout Option;INF205K01K55;;10.8631;10.8631;10.8631;07-Jul-2015
131171;Invesco India Fixed Maturity Plan - Series 24 - Plan D (1099 Dys) - Regular Plan - Growth Option;INF205K01K63;;10.8631;10.8631;10.8631;07-Jul-2015
133419;Invesco India Fixed Maturity Plan - Series 25 - Plan A (1098 Days) - Direct Sub Plan - Dividend Payout;INF205K01R58;;10.4259;10.4259;10.4259;07-Jul-2015
133417;Invesco India Fixed Maturity Plan - Series 25 - Plan A (1098 Days) - Direct Sub Plan - Growth;INF205K01R66;;10.4259;10.4259;10.4259;07-Jul-2015
133418;Invesco India Fixed Maturity Plan - Series 25 - Plan A (1098 Days) - Regular Sub Plan - Dividend Payout;INF205K01R33;;10.4156;10.4156;10.4156;07-Jul-2015
133420;Invesco India Fixed Maturity Plan - Series 25 - Plan A (1098 Days) - Regular Sub Plan - Growth;INF205K01R41;;10.4157;10.4157;10.4157;07-Jul-2015
133946;Invesco India Fixed Maturity Plan - Series 25 - Plan C (1148 Days) - Direct Sub Plan - Dividend Payout;INF205K01S32;;10.2735;10.2735;10.2735;07-Jul-2015
133947;Invesco India Fixed Maturity Plan - Series 25 - Plan C (1148 Days) - Direct Sub Plan - Growth;INF205K01S40;;10.2734;10.2734;10.2734;07-Jul-2015
133945;Invesco India Fixed Maturity Plan - Series 25 - Plan C (1148 Days) - Regular Sub Plan - Dividend Payout;INF205K01S16;;10.2662;10.2662;10.2662;07-Jul-2015
133948;Invesco India Fixed Maturity Plan - Series 25 - Plan C (1148 Days) - Regular Sub Plan - Growth;INF205K01S24;;10.2663;10.2663;10.2663;07-Jul-2015
134061;Invesco India Fixed Maturity Plan - Series 25 - Plan D (1141 Days) - Direct Sub Plan - Growth;INF205K01S81;;10.2686;10.2686;10.2686;07-Jul-2015
134059;Invesco India Fixed Maturity Plan - Series 25 - Plan D (1141 Days) - Regular Sub Plan - Growth;INF205K01S65;;10.2620;10.2620;10.2620;07-Jul-2015
134207;Invesco India Fixed Maturity Plan - Series 25 - Plan F - Direct Sub-plan Growth;INF205K01T64;;10.2177;10.2177;10.2177;07-Jul-2015
134208;Invesco India Fixed Maturity Plan - Series 25 - Plan F - Regular Sub-plan Growth;INF205K01T49;;10.2119;10.2119;10.2119;07-Jul-2015
134778;Invesco India Fixed Maturity Plan - Series 26 - Plan A - Direct - Dividend Payout;INF205K012C1;;10.0691;10.0691;10.0691;07-Jul-2015
134779;Invesco India Fixed Maturity Plan - Series 26 - Plan A - Direct - Growth;INF205K013C9;;10.0691;10.0691;10.0691;07-Jul-2015
134777;Invesco India Fixed Maturity Plan - Series 26 - Plan A - Regular - Dividend Payout;INF205K014C7;;10.0678;10.0678;10.0678;07-Jul-2015
134776;Invesco India Fixed Maturity Plan - Series 26 - Plan A - Regular - Growth;INF205K015C4;;10.0678;10.0678;10.0678;07-Jul-2015
123083;Invesco India Fixed Maturity Plan - Series XIX - Plan C (367 Days) - Direct Plan - Growth;INF205K01P92;;12.0239;12.0239;12.0239;07-Jul-2015
123082;Invesco India Fixed Maturity Plan - Series XIX - Plan C (367 Days) - Growth;INF205K01P76;;12.0054;12.0054;12.0054;07-Jul-2015
123378;Invesco India Fixed Maturity Plan - Series XIX - Plan E (3 Years) - Dividend Payout Option;INF205K01QP9;;12.0295;12.0295;12.0295;07-Jul-2015
123375;Invesco India Fixed Maturity Plan - Series XIX - Plan E (3 Years) - Growth Option;INF205K01QQ7;;12.0295;12.0295;12.0295;07-Jul-2015
123376;Invesco India Fixed Maturity Plan - Series XIX - Plan E (3 Years) Direct Plan -Growth Option;INF205K01QS3;;12.1427;12.1427;12.1427;07-Jul-2015
123541;Invesco India Fixed Maturity Plan - Series XIX - Plan F (370 Days) - Direct Plan - Growth Option;INF205K01Q42;;12.0214;12.0214;12.0214;07-Jul-2015
123540;Invesco India Fixed Maturity Plan - Series XIX - Plan F (370 Days) - Growth Option;INF205K01Q26;;11.9741;11.9741;11.9741;07-Jul-2015
123835;Invesco India Fixed Maturity Plan - Series XX - Plan B (601 Days) - Direct Plan - Growth;INF205K018A2;;11.9158;11.9158;11.9158;07-Jul-2015
123832;Invesco India Fixed Maturity Plan - Series XX - Plan B (601 Days) - Dividend Payout;INF205K017A4;;10.1708;10.1708;10.1708;07-Jul-2015
123834;Invesco India Fixed Maturity Plan - Series XX - Plan B (601 Days) - Growth option;INF205K016A6;;11.8575;11.8575;11.8575;07-Jul-2015
125622;Invesco India Fixed Maturity Plan - Series XXI - Plan E (370 Days) - Direct Plan - Growth Option;INF205K01Q83;;11.5120;11.5120;11.5120;07-Jul-2015
125621;Invesco India Fixed Maturity Plan - Series XXI - Plan E (370 Days) - Regular Plan - Growth Option;INF205K01Q67;;11.5007;11.5007;11.5007;07-Jul-2015
132803;Invesco India Fixed Maturity Plan-Series 24-Plan F (1098 Days) - Regular Plan-Growth Option;INF205K01L47;;10.6259;10.6259;10.6259;07-Jul-2015
132800;Invesco India Fixed Maturity Plan-Series 24-Plan F (1098 Days)-Direct Plan-Growth Option;INF205K01L62;;10.6477;10.6477;10.6477;07-Jul-2015
121869;Religare Invesco Fixed Maturity Plan - Series XVIII - Plan C (25 months) - Direct Plan - Growth Option;INF205K014A1;;12.2296;12.2296;12.2296;07-Jul-2015
121870;Religare Invesco Fixed Maturity Plan - Series XVIII - Plan C (25 months) - Dividend Payout Option;INF205K013A3;;10.1748;10.1748;10.1748;07-Jul-2015
121867;Religare Invesco Fixed Maturity Plan - Series XVIII - Plan C (25 months) - Growth Option;INF205K012A5;;12.1495;12.1495;12.1495;07-Jul-2015

JPMorgan Mutual Fund
122386;JPMorgan India Fixed Maturity Plan - Series 20 - Direct Plan - Dividend Option;INF843K01DV3;;12.2251;12.2251;12.2251;07-Jul-2015
122385;JPMorgan India Fixed Maturity Plan - Series 20 - Direct Plan - Growth Option;INF843K01DU5;;12.2251;12.2251;12.2251;07-Jul-2015
122384;JPMorgan India Fixed Maturity Plan - Series 20 - Regular Plan - Dividend Option;INF843K01DX9;;12.0411;12.0411;12.0411;07-Jul-2015
122383;JPMorgan India Fixed Maturity Plan - Series 20 - Regular Plan - Growth Option;INF843K01DW1;;12.0411;12.0411;12.0411;07-Jul-2015
123102;JPMorgan India Fixed Maturity Plan - Series 22 - Direct Plan - Growth Option;INF843K01LO1;;12.0012;12.0012;12.0012;07-Jul-2015
123105;JPMorgan India Fixed Maturity Plan - Series 22 - Regular Plan - Dividend Option;INF843K01LR4;;11.8528;11.8528;11.8528;07-Jul-2015
123104;JPMorgan India Fixed Maturity Plan - Series 22 - Regular Plan - Growth Option;INF843K01LQ6;;11.8528;11.8528;11.8528;07-Jul-2015
123573;JPMorgan India Fixed Maturity Plan - Series 23 - Direct Plan - Dividend Option;INF843K01EN8;;12.0117;12.0117;12.0117;07-Jul-2015
123572;JPMorgan India Fixed Maturity Plan - Series 23 - Direct Plan - Growth Option;INF843K01EM0;;12.0153;12.0153;12.0153;07-Jul-2015
123571;JPMorgan India Fixed Maturity Plan - Series 23 - Regular Plan - Dividend Option;INF843K01EP3;;11.9716;11.9716;11.9716;07-Jul-2015
123574;JPMorgan India Fixed Maturity Plan - Series 23 - Regular Plan - Growth Option;INF843K01EO6;;11.9716;11.9716;11.9716;07-Jul-2015
117851;JPMorgan India Fixed Maturity Plan - Series 302 - Dividend Option;INF843K01AI6;;10.7044;10.7044;10.7044;07-Jul-2015
117850;JPMorgan India Fixed Maturity Plan - Series 302 - Growth Option;INF843K01AH8;;12.4979;12.4979;12.4979;07-Jul-2015
131064;JPMorgan India Fixed Maturity Plan - Series 40 - Direct Plan - Growth Option;INF843K01JE6;;10.9688;10.9688;10.9688;07-Jul-2015
131066;JPMorgan India Fixed Maturity Plan - Series 40 - Regular Plan - Dividend Option;INF843K01JH9;;10.9116;10.9116;10.9116;07-Jul-2015
131063;JPMorgan India Fixed Maturity Plan - Series 40 - Regular Plan - Growth Option;INF843K01JG1;;10.9123;10.9123;10.9123;07-Jul-2015
117853;JPMorgan India Fixed Maturity Plan - Series 502 - Dividend Option;INF843K01AK2;;10.8803;10.8803;10.8803;07-Jul-2015
117852;JPMorgan India Fixed Maturity Plan - Series 502 - Growth Option;INF843K01AJ4;;12.55;12.55;12.55;07-Jul-2015
121274;JPMorgan India Fixed Maturity Plan - Sr 14 - Direct Plan - Dividend Option;INF843K01CT9;;12.1648;12.1648;12.1648;07-Jul-2015
121273;JPMorgan India Fixed Maturity Plan - Sr 14 - Direct Plan - Growth Option;INF843K01CS1;;12.174;12.174;12.174;07-Jul-2015
121272;JPMorgan India Fixed Maturity Plan - Sr 14 - Regular Plan - Dividend Option;INF843K01CV5;;12.1371;12.1371;12.1371;07-Jul-2015
121271;JPMorgan India Fixed Maturity Plan - Sr 14 - Regular Plan - Growth Option;INF843K01CU7;;12.1371;12.1371;12.1371;07-Jul-2015
128259;JPMorgan India Fixed Maturity Plan - Series 35 - Direct Plan - Growth Option;INF843K01HY8;;11.6115;11.6115;11.6115;07-Jul-2015
128258;JPMorgan India Fixed Maturity Plan - Series 35 - Regular Plan - Dividend Option;INF843K01IB4;;11.4946;11.4946;11.4946;07-Jul-2015
128257;JPMorgan India Fixed Maturity Plan - Series 35 - RegularPlan - Growth Option;INF843K01IA6;;11.4946;11.4946;11.4946;07-Jul-2015
129226;JPMorgan India Fixed Maturity Plan - Series 38 - Direct Plan - Growth Option;INF843K01IK5;;11.4195;11.4195;11.4195;07-Jul-2015
129225;JPMorgan India Fixed Maturity Plan - Series 38 - Regular Plan - Dividend Option;INF843K01IN9;;11.3115;11.3115;11.3115;07-Jul-2015
129224;JPMorgan India Fixed Maturity Plan - Series 38 - Regular Plan - Growth Option;INF843K01IM1;;11.3126;11.3126;11.3126;07-Jul-2015
129209;JPMorgan India Fixed Maturity Plan - Sr 37 - Direct Plan - Growth Option;INF843K01IO7;;11.3108;11.3108;11.3108;07-Jul-2015
129208;JPMorgan India Fixed Maturity Plan - Sr 37 - Regular Plan - Dividend Option;INF843K01IR0;;11.2314;11.2314;11.2314;07-Jul-2015
129206;JPMorgan India Fixed Maturity Plan - Sr 37 - Regular Plan - Growth Option;INF843K01IQ2;;11.2314;11.2314;11.2314;07-Jul-2015
121636;JPMorgan India Hybrid Fund - Series 2 - Direct Plan - Dividend Option;INF843K01LH5;;14.3617;14.3617;14.3617;07-Jul-2015
121635;JPMorgan India Hybrid Fund - Series 2 - Direct Plan - Growth Option;INF843K01LG7;;14.3618;14.3618;14.3618;07-Jul-2015
121634;JPMorgan India Hybrid Fund - Series 2 - Regular Plan - Dividend Option;INF843K01LJ1;;13.8817;13.8817;13.8817;07-Jul-2015
121637;JPMorgan India Hybrid Fund - Series 2 - Regular Plan - Growth Option;INF843K01LI3;;13.8817;13.8817;13.8817;07-Jul-2015
117721;JPMorgan India Income Fund - Series 301 - Dividend Option;NF843K01LD4;;11.2367;11.2367;11.2367;07-Jul-2015
117720;JPMorgan India Income Fund - Series 301 - Growth Option;INF843K01LC6;;12.6818;12.6818;12.6818;07-Jul-2015
117723;JPMorgan India Income Fund - Series 501 - Dividend Option;INF843K01781;;11.3235;11.3235;11.3235;07-Jul-2015
117722;JPMorgan India Income Fund - Series 501 - Growth Option;INF843K01773;;12.7085;12.7085;12.7085;07-Jul-2015

Kotak Mahindra Mutual Fund
123106;Kotak FMP Series 105 Direct Dividend;INF174K01ZA0;;10.892;10.892;10.892;07-Jul-2015
123108;Kotak FMP Series 105 Direct Growth;INF174K01YZ0;;12.0045;12.0045;12.0045;07-Jul-2015
123107;Kotak FMP Series 105 Growth;INF174K01YX5;;11.9798;11.9798;11.9798;07-Jul-2015
123189;Kotak FMP Series 106 Direct Growth;INF174K01ZD4;;12.0006;12.0006;12.0006;07-Jul-2015
123190;Kotak FMP Series 106 Growth;INF174K01ZB8;;11.9771;11.9771;11.9771;07-Jul-2015
123195;Kotak FMP Series 107 Direct Dividend;INF174K01ZI3;;10.9008;10.9008;10.9008;07-Jul-2015
123193;Kotak FMP Series 107 Direct Growth;INF174K01ZH5;;11.9951;11.9951;11.9951;07-Jul-2015
123192;Kotak FMP Series 107 Dividend;INF174K01ZG7;;10.8931;10.8931;10.8931;07-Jul-2015
123194;Kotak FMP Series 107 Growth;INF174K01ZF9;;11.9683;11.9683;11.9683;07-Jul-2015
123326;Kotak FMP Series 108 Direct Growth;INF174K01PL8;;12.0403;12.0403;12.0403;07-Jul-2015
123327;Kotak FMP Series 108 Dividend;INF174K01PK0;;11.9789;11.9789;11.9789;07-Jul-2015
123328;Kotak FMP Series 108 Growth;INF174K01PJ2;;11.9789;11.9789;11.9789;07-Jul-2015
123426;Kotak FMP Series 109 Direct Growth;INF174K01ZL7;;11.964;11.964;11.964;07-Jul-2015
123427;Kotak FMP Series 109 Growth;INF174K01ZJ1;;11.9372;11.9372;11.9372;07-Jul-2015
123431;Kotak FMP Series 110 Direct Growth;INF174K01ZP8;;11.9781;11.9781;11.9781;07-Jul-2015
123429;Kotak FMP Series 110 Dividend;INF174K01ZO1;;10.8255;10.8255;10.8255;07-Jul-2015
123430;Kotak FMP Series 110 Growth;INF174K01ZN3;;11.8912;11.8912;11.8912;07-Jul-2015
123579;Kotak FMP Series 111 Direct Growth;INF174K01ZT0;;12;12;12;07-Jul-2015
123582;Kotak FMP Series 111 Growth;INF174K01ZR4;;11.9761;11.9761;11.9761;07-Jul-2015
123622;Kotak FMP Series 112 - Direct - Growth;INF174K01ZX2;;11.9622;11.9622;11.9622;07-Jul-2015
123621;Kotak FMP Series 112 - Growth;INF174K01ZV6;;11.9249;11.9249;11.9249;07-Jul-2015
123623;Kotak FMP Series 112 -Dividend;INF174K01ZW4;;10.811;10.811;10.811;07-Jul-2015
123793;Kotak FMP Series 113 (1094 Days)  - Direct Dividend;INF174K01QG6;;12.0712;12.0712;12.0712;07-Jul-2015
123792;Kotak FMP Series 113 (1094 Days) - Direct Growth;INF174K01QF8;;12.0712;12.0712;12.0712;07-Jul-2015
123791;Kotak FMP Series 113 (1094 Days) - Dividend;INF174K01QE1;;11.9705;11.9705;11.9705;07-Jul-2015
123790;Kotak FMP Series 113 (1094 Days) - Growth;INF174K01QD3;;11.9705;11.9705;11.9705;07-Jul-2015
123968;Kotak FMP Series 114 (370 Days) - Direct Growth;INF174K01A54;;11.9834;11.9834;11.9834;07-Jul-2015
123966;Kotak FMP Series 114 (370 Days) - Growth;INF174K01A39;;11.9621;11.9621;11.9621;07-Jul-2015
123971;Kotak FMP Series 115 (370 Days) - Direct Dividend;INF174K01B04;;11.9895;11.9895;11.9895;07-Jul-2015
123973;Kotak FMP Series 115 (370 Days) - Direct Growth;INF174K01A96;;11.9895;11.9895;11.9895;07-Jul-2015
123970;Kotak FMP Series 115 (370 Days) - Growth;INF174K01A70;;11.9245;11.9245;11.9245;07-Jul-2015
124036;Kotak FMP Series 116 (370 Days) - Direct Growth;INF174K01B38;;11.9958;11.9958;11.9958;07-Jul-2015
124035;Kotak FMP Series 116 (370 Days) - Growth;INF174K01B12;;11.9804;11.9804;11.9804;07-Jul-2015
124039;Kotak FMP Series 117 (370 Days) - Direct Growth;INF174K01B79;;11.9671;11.9671;11.9671;07-Jul-2015
124040;Kotak FMP Series 117 (370 Days) - Dividend;INF174K01B61;;11.9018;11.9018;11.9018;07-Jul-2015
124038;Kotak FMP Series 117 (370 Days) - Growth;INF174K01B53;;11.9018;11.9018;11.9018;07-Jul-2015
124248;Kotak FMP Series 118 (370 Days) - Direct Dividend;INF174K01C29;;11.9016;11.9016;11.9016;07-Jul-2015
124246;Kotak FMP Series 118 (370 Days) - Direct Growth;INF174K01C11;;11.9026;11.9026;11.9026;07-Jul-2015
124245;Kotak FMP Series 118 (370 Days) - Growth;INF174K01B95;;11.8762;11.8762;11.8762;07-Jul-2015
124393;Kotak FMP Series 119 (370 Days) - Direct Growth;INF174K01C52;;11.8523;11.8523;11.8523;07-Jul-2015
124396;Kotak FMP Series 119 (370 Days) - Growth;INF174K01C37;;11.8321;11.8321;11.8321;07-Jul-2015
124657;Kotak FMP series 122 (370 Days) - Direct Dividend;INF174K01E01;;11.7772;11.7772;11.7772;07-Jul-2015
124658;Kotak FMP series 122 (370 Days) - Direct Growth;INF174K01D93;;11.7772;11.7772;11.7772;07-Jul-2015
124655;Kotak FMP series 122 (370 Days) - Growth;INF174K01D77;;11.7168;11.7168;11.7168;07-Jul-2015
124841;Kotak FMP Series 124 (370 Days) - Direct Growth;INF174K01E35;;11.6738;11.6738;11.6738;07-Jul-2015
124839;Kotak FMP Series 124 (370 Days) - Dividend;INF174K01E27;;11.6509;11.6509;11.6509;07-Jul-2015
124838;Kotak FMP Series 124 (370 Days) - Growth;INF174K01E19;;11.6508;11.6508;11.6508;07-Jul-2015
125400;Kotak FMP Series 127 (730 Days) - Direct Dividend;INF174K019A7;;11.7516;11.7516;11.7516;07-Jul-2015
125398;Kotak FMP Series 127 (730 Days) - Direct Growth;INF174K018A9;;11.7516;11.7516;11.7516;07-Jul-2015
125399;Kotak FMP Series 127 (730 Days) - Dividend;INF174K017A1;;11.7233;11.7233;11.7233;07-Jul-2015
125401;Kotak FMP Series 127 (730 Days) - Growth;INF174K016A3;;11.7233;11.7233;11.7233;07-Jul-2015
125832;Kotak FMP Series 128 (371 Days) - Direct Growth;INF174K01G25;;11.4658;11.4658;11.4658;07-Jul-2015
125831;Kotak FMP Series 128 (371 Days) - Growth;INF174K01G09;;11.4501;11.4501;11.4501;07-Jul-2015
125852;Kotak FMP Series 129 (371 Days) - Direct Growth;INF174K01G66;;11.415;11.415;11.415;07-Jul-2015
125853;Kotak FMP Series 129 (371 Days) - Dividend;INF174K01G58;;11.4078;11.4078;11.4078;07-Jul-2015
125851;Kotak FMP Series 129 (371 Days) - Growth;INF174K01G41;;11.4079;11.4079;11.4079;07-Jul-2015
126052;Kotak FMP Series 131 (1061 Days) - Direct Growth;INF174K01TB1;;11.9159;11.9159;11.9159;07-Jul-2015
126054;Kotak FMP Series 131 (1061 Days) - Dividend;INF174K01TA3;;11.8712;11.8712;11.8712;07-Jul-2015
126053;Kotak FMP Series 131 (1061 Days) - Growth;INF174K01SZ2;;11.8712;11.8712;11.8712;07-Jul-2015
126283;Kotak FMP Series 132 (546 Days) - Direct Dividend;INF174K01TG0;;11.4437;11.4437;11.4437;07-Jul-2015
126281;Kotak FMP Series 132 (546 Days) - Direct Growth;INF174K01TF2;;11.4421;11.4421;11.4421;07-Jul-2015
126282;Kotak FMP Series 132 (546 Days) - Dividend;INF174K01TE5;;11.3667;11.3667;11.3667;07-Jul-2015
126280;Kotak FMP Series 132 (546 Days) - Growth;INF174K01TD7;;11.3667;11.3667;11.3667;07-Jul-2015
126666;Kotak FMP Series 133 (524 Days) - Direct Growth;INF174K01TN6;;11.3862;11.3862;11.3862;07-Jul-2015
126665;Kotak FMP Series 133 (524 Days) - Growth;INF174K01TL0;;11.3367;11.3367;11.3367;07-Jul-2015
126874;Kotak FMP Series 135 (455 Days) - Direct Growth;INF174K01P81;;11.4701;11.4701;11.4701;07-Jul-2015
126873;Kotak FMP Series 135 (455 Days) - Growth;INF174K01P65;;11.4195;11.4195;11.4195;07-Jul-2015
127127;Kotak FMP Series 136 (376 Days) - Direct Growth;INF174K01H81;;11.3507;11.3507;11.3507;07-Jul-2015
127126;Kotak FMP Series 136 (376 Days) - Growth;INF174K01H65;;11.326;11.326;11.326;07-Jul-2015
127256;Kotak FMP Series 137 (371 Days) -  Direct Growth;INF174K01H40;;11.3493;11.3493;11.3493;07-Jul-2015
127255;Kotak FMP Series 137 (371 Days) - Growth;INF174K01H24;;11.3247;11.3247;11.3247;07-Jul-2015
127390;Kotak FMP Series 140 (1095 Days) - Direct Dividend;INF174K01UQ7;;11.5754;11.5754;11.5754;07-Jul-2015
127388;Kotak FMP Series 140 (1095 Days) - Direct Growth;INF174K01UP9;;11.5754;11.5754;11.5754;07-Jul-2015
127389;Kotak FMP Series 140 (1095 Days) - Dividend;INF174K01UO2;;11.4809;11.4809;11.4809;07-Jul-2015
127387;Kotak FMP Series 140 (1095 Days) - Growth;INF174K01UN4;;11.4809;11.4809;11.4809;07-Jul-2015
127401;Kotak FMP Series 141 (454 Days) - Direct Growth;INF174K01Q31;;11.3362;11.3362;11.3362;07-Jul-2015
127402;Kotak FMP Series 141 (454 Days) - Dividend;INF174K01Q23;;11.2762;11.2762;11.2762;07-Jul-2015
127400;Kotak FMP Series 141 (454 Days) - Growth;INF174K01Q07;;11.2757;11.2757;11.2757;07-Jul-2015
127651;Kotak FMP Series 142 (420 Days) - Direct Growth;INF174K01L10;;11.2869;11.2869;11.2869;07-Jul-2015
127650;Kotak FMP Series 142 (420 Days) - Growth;INF174K01K86;;11.2386;11.2386;11.2386;07-Jul-2015
127807;Kotak FMP Series 143 (370 Days) - Direct Growth;INF174K01J22;;11.3172;11.3172;11.3172;07-Jul-2015
127808;Kotak FMP Series 143 (370 Days) - Dividend;INF174K01J14;;11.2889;11.2889;11.2889;07-Jul-2015
127806;Kotak FMP Series 143 (370 Days) - Growth;INF174K01J06;;11.2889;11.2889;11.2889;07-Jul-2015
128266;Kotak FMP Series 145 (390 Days) - Direct Growth;INF174K01L93;;11.2175;11.2175;11.2175;07-Jul-2015
128267;Kotak FMP Series 145 (390 Days) - Dividend;INF174K01P16;;11.191;11.191;11.191;07-Jul-2015
128265;Kotak FMP Series 145 (390 Days) - Growth;INF174K01L51;;11.191;11.191;11.191;07-Jul-2015
128365;Kotak FMP Series 146 (388 Days) - Direct Growth;INF174K01M35;;11.1909;11.1909;11.1909;07-Jul-2015
128364;Kotak FMP Series 146 (388 Days) - Growth;INF174K01M19;;11.1652;11.1652;11.1652;07-Jul-2015
128575;Kotak FMP Series 147 (384 Days) - Direct Growth;INF174K01M76;;11.167;11.167;11.167;07-Jul-2015
128574;Kotak FMP Series 147 (384 Days) - Growth;INF174K01M50;;11.1333;11.1333;11.1333;07-Jul-2015
128579;Kotak FMP Series 148 (388 Days) - Direct Growth;INF174K01N18;;11.1564;11.1564;11.1564;07-Jul-2015
128578;Kotak FMP Series 148 (388 Days) - Growth;INF174K01M92;;11.1352;11.1352;11.1352;07-Jul-2015
128758;Kotak FMP Series 149 (386 Days) - Direct Growth;INF174K01N59;;11.1493;11.1493;11.1493;07-Jul-2015
128756;Kotak FMP Series 149 (386 Days) - Growth;INF174K01N34;;11.1184;11.1184;11.1184;07-Jul-2015
128753;Kotak FMP Series 150 (1109 Days) - Direct Dividend;INF174K01WK6;;11.393;11.393;11.393;07-Jul-2015
128755;Kotak FMP Series 150 (1109 Days) - Direct Growth;INF174K01WJ8;;11.393;11.393;11.393;07-Jul-2015
128752;Kotak FMP Series 150 (1109 Days) - Dividend;INF174K01WI0;;11.349;11.349;11.349;07-Jul-2015
128754;Kotak FMP Series 150 (1109 Days) - Growth;INF174K01WH2;;11.349;11.349;11.349;07-Jul-2015
128871;Kotak FMP Series 151 (388 Days) - Direct Growth;INF174K01N91;;11.1359;11.1359;11.1359;07-Jul-2015
128869;Kotak FMP Series 151 (388 Days) - Dividend;INF174K01N83;;11.1063;11.1063;11.1063;07-Jul-2015
128868;Kotak FMP Series 151 (388 Days) - Growth;INF174K01N75;;11.1064;11.1064;11.1064;07-Jul-2015
128905;Kotak FMP Series 153 (790 Days) - Direct Growth;INF174K01WZ4;;11.4034;11.4034;11.4034;07-Jul-2015
128902;Kotak FMP Series 153 (790 Days) - Dividend;INF174K01WY7;;11.338;11.338;11.338;07-Jul-2015
128904;Kotak FMP Series 153 (790 Days) - Growth;INF174K01WX9;;11.338;11.338;11.338;07-Jul-2015
128909;Kotak FMP Series 154 (390 Days) - Direct Growth;INF174K01O33;;11.2655;11.2655;11.2655;07-Jul-2015
128907;Kotak FMP Series 154 (390 Days) - Dividend;INF174K01O25;;11.1972;11.1972;11.1972;07-Jul-2015
128906;Kotak FMP Series 154 (390 Days) - Growth;INF174K01O17;;11.1973;11.1973;11.1973;07-Jul-2015
129037;Kotak FMP Series 156 (370 Days) - Direct Dividend;INF174K01K52;;11.1129;11.1129;11.1129;07-Jul-2015
129034;Kotak FMP Series 156 (370 Days) - Direct Growth;INF174K01K45;;11.1129;11.1129;11.1129;07-Jul-2015
129035;Kotak FMP Series 156 (370 Days) - Dividend;INF174K01P08;;11.0896;11.0896;11.0896;07-Jul-2015
129036;Kotak FMP Series 156 (370 Days) - Growth;INF174K01O90;;11.0896;11.0896;11.0896;07-Jul-2015
129340;Kotak FMP Series 157 (370 Days) - Direct Growth;INF174K01L02;;11.1008;11.1008;11.1008;07-Jul-2015
129339;Kotak FMP Series 157 (370 Days) - Growth;INF174K01K60;;11.079;11.079;11.079;07-Jul-2015
129352;Kotak FMP Series 158 (370 Days) - Direct Growth;INF174K01L77;;11.1192;11.1192;11.1192;07-Jul-2015
129353;Kotak FMP Series 158 (370 Days) - Dividend;INF174K01L69;;11.1084;11.1084;11.1084;07-Jul-2015
129351;Kotak FMP Series 158 (370 Days) - Growth;INF174K01L44;;11.1082;11.1082;11.1082;07-Jul-2015
129408;Kotak FMP Series 159 (370 Days) - Direct Growth;INF174K01Q72;;11.1074;11.1074;11.1074;07-Jul-2015
129406;Kotak FMP Series 159 (370 Days) - Dividend;INF174K01Q64;;11.1005;11.1005;11.1005;07-Jul-2015
129405;Kotak FMP Series 159 (370 Days) - Growth;INF174K01Q56;;11.1004;11.1004;11.1004;07-Jul-2015
129543;Kotak FMP Series 160 (1039 Days) - Direct Dividend;INF174K01YC9;;11.1864;11.1864;11.1864;07-Jul-2015
129541;Kotak FMP Series 160 (1039 Days) - Direct Growth;INF174K01YB1;;11.1872;11.1872;11.1872;07-Jul-2015
129542;Kotak FMP Series 160 (1039 Days) - Dividend;INF174K01YA3;;11.1297;11.1297;11.1297;07-Jul-2015
129540;Kotak FMP Series 160 (1039 Days) - Growth;INF174K01XZ2;;11.1297;11.1297;11.1297;07-Jul-2015
129641;Kotak FMP Series 161 (370 Days) - Direct Dividend;INF174K01R22;;11.032;11.032;11.032;07-Jul-2015
129639;Kotak FMP Series 161 (370 Days) - Direct Growth;INF174K01R14;;11.0322;11.0322;11.0322;07-Jul-2015
129640;Kotak FMP Series 161 (370 Days) - Dividend;INF174K01R06;;11.0305;11.0305;11.0305;07-Jul-2015
129638;Kotak FMP Series 161 (370 Days) - Growth;INF174K01Q98;;11.0302;11.0302;11.0302;07-Jul-2015
129768;Kotak FMP Series 162 (370 Days) - Direct Growth;INF174K01R55;;11.0201;11.0201;11.0201;07-Jul-2015
129765;Kotak FMP Series 162 (370 Days) - Dividend;INF174K01R48;;10.9959;10.9959;10.9959;07-Jul-2015
129766;Kotak FMP Series 162 (370 Days) - Growth;INF174K01R30;;10.9959;10.9959;10.9959;07-Jul-2015
131097;Kotak FMP Series 163 (1100 Days) - Direct Growth;INF174K01A13;;10.9264;10.9264;10.9264;07-Jul-2015
131098;Kotak FMP Series 163 (1100 Days) - Dividend;INF174K01A05;;10.9079;10.9079;10.9079;07-Jul-2015
131096;Kotak FMP Series 163 (1100 Days) - Growth;INF174K01ZZ7;;10.9079;10.9079;10.9079;07-Jul-2015
133663;Kotak FMP Series 171 (1099 Days) - Direct Growth;INF174K01H08;;10.3369;10.2335;10.3369;07-Jul-2015
133662;Kotak FMP Series 171 (1099 Days) - Growth;INF174K01G82;;10.324;10.2208;10.324;07-Jul-2015
134179;Kotak FMP Series 172 - Direct Dividend;INF174K01I56;;10.2982;10.1952;10.2982;07-Jul-2015
134176;Kotak FMP Series 172 - Direct Growth;INF174K01I49;;10.2973;10.1943;10.2973;07-Jul-2015
134178;Kotak FMP Series 172 - Regular Dividend;INF174K01I31;;10.2901;10.1872;10.2901;07-Jul-2015
134177;Kotak FMP Series 172 - Regular Growth;INF174K01I23;;10.2901;10.1872;10.2901;07-Jul-2015
134841;Kotak FMP Series 175 (1100 Days) - Direct Growth;INF174K01R97;;10.0465;10.0465;10.0465;07-Jul-2015
134839;Kotak FMP Series 175 (1100 Days) - Regular Dividend;INF174K01R89;;10.0458;10.0458;10.0458;07-Jul-2015
134838;Kotak FMP Series 175 (1100 Days) - Regular Growth;INF174K01R71;;10.0458;10.0458;10.0458;07-Jul-2015
126496;Kotak Hybrid Fixed Term Plan Series 2 - Direct Plan - Diviedend;INF174K01TK2;;11.7636;11.7636;11.7636;07-Jul-2015
126497;Kotak Hybrid Fixed Term Plan Series 2 - Direct Plan - Growth;INF174K01TJ4;;11.7638;11.7638;11.7638;07-Jul-2015
126498;Kotak Hybrid Fixed Term Plan Series 2 - Regular Plan - Dividend;INF174K01TI6;;11.5941;11.5941;11.5941;07-Jul-2015
126495;Kotak Hybrid Fixed Term Plan Series 2 - Regular Plan - Growth;INF174K01TH8;;11.5941;11.5941;11.5941;07-Jul-2015

L&T Mutual Fund
124575;L&T FMP - SERIES IX - PLAN B - Dividend-Regular Plan;INF917K01SV3;;10.7581;0.0000;0.0000;07-Jul-2015
124574;L&T FMP - SERIES IX - PLAN B - Growth-Direct Plan;INF917K01SY7;;11.8298;0.0000;0.0000;07-Jul-2015
124573;L&T FMP - SERIES IX - PLAN B - Growth-Regular Plan;INF917K01SW1;;11.7827;0.0000;0.0000;07-Jul-2015
125812;L&T FMP - Series IX-Plan J- Growth - Direct Plan;INF917K01MS2;;11.4957;0.0000;0.0000;07-Jul-2015
125811;L&T FMP - Series IX-Plan J- Regular Plan - Growth;INF917K01MQ6;;11.4276;0.0000;0.0000;07-Jul-2015
125804;L&T FMP - Series IX-Plan H - Dividend Payout - Regular Plan;INF917K01XV3;;10.8178;0.0000;0.0000;07-Jul-2015
125801;L&T FMP - Series IX-Plan H- Dividend Payout - Direct Plan;INF917K01XX9;;10.8602;0.0000;0.0000;07-Jul-2015
125803;L&T FMP - Series IX-Plan H- Growth - Direct Plan;INF917K01XY7;;11.6999;0.0000;0.0000;07-Jul-2015
125802;L&T FMP - Series IX-Plan H- Growth - Regular Plan;INF917K01XW1;;11.6093;0.0000;0.0000;07-Jul-2015
123600;L&T FMP - Series VIII - Plan C - Dividend Option - Regular Plan;INF917K01JQ2;;10.7852;0.0000;0.0000;07-Jul-2015
123599;L&T FMP - Series VIII - Plan C - Dividend Option-Direct Plan;INF917K01JS8;;10.8105;0.0000;0.0000;07-Jul-2015
123293;L&T FMP - Series VIII - Plan C - Growth Option - Regular Plan;INF917K01JR0;;11.8008;0.0000;0.0000;07-Jul-2015
123598;L&T FMP - Series VIII - Plan C - Growth Option-Direct Plan;INF917K01JT6;;11.8683;0.0000;0.0000;07-Jul-2015
123965;L&T FMP - Series VIII - Plan F - Growth Option - Regular Plan;INF917K01RM4;;11.9484;0.0000;0.0000;07-Jul-2015
123963;L&T FMP - Series VIII - Plan F - Growth Option-Direct Plan;INF917K01RO0;;11.9853;0.0000;0.0000;07-Jul-2015
124569;L&T FMP - Series VIII - Plan J - Dividend Option - Regular Plan;INF917K01SR1;;10.7738;0.0000;0.0000;07-Jul-2015
124571;L&T FMP - Series VIII - Plan J - Growth - Regular Plan;INF917K01SS9;;11.8734;0.0000;0.0000;07-Jul-2015
124572;L&T FMP - Series VIII - Plan J - Growth Option-Direct Plan;INF917K01SU5;;11.8940;0.0000;0.0000;07-Jul-2015
121859;L&T FMP - VII (April1124D A) - Dividend Payout - Regular Plan;INF917K01IA8;;10.2186;0.0000;0.0000;07-Jul-2015
121862;L&T FMP - VII (April1124D A) - Growth - Direct Plan;INF917K01ID2;;12.3298;0.0000;0.0000;07-Jul-2015
121861;L&T FMP - VII (April1124D A) - Growth - Regular Plan;INF917K01IB6;;12.2623;0.0000;0.0000;07-Jul-2015
121611;L&T FMP - VII (August1095D A) - Direct Plan - Growth;INF917K01GX4;;12.1900;0.0000;0.0000;07-Jul-2015
121612;L&T FMP - VII (August1095D A) - Dividend (Payout) - Direct Plan;INF917K01GW6;;10.7546;0.0000;0.0000;07-Jul-2015
121610;L&T FMP - VII (August1095D A) - Regular Plan - Dividend;INF917K01GU0;;10.7438;0.0000;0.0000;07-Jul-2015
121613;L&T FMP - VII (August1095D A) - Regular Plan - Growth;INF917K01GV8;;12.1405;0.0000;0.0000;07-Jul-2015
121260;L&T FMP - VII (July1189D A) - Dividend (payout) - Direct Plan;INF917K01EV3;;10.9305;0.0000;0.0000;07-Jul-2015
121259;L&T FMP - VII (July1189D A) - Dividend (payout) - Regular Plan;INF917K01ES9;;10.8935;0.0000;0.0000;07-Jul-2015
121262;L&T FMP - VII (July1189D A) - Growth - Direct Plan;INF917K01EU5;;12.4030;0.0000;0.0000;07-Jul-2015
121261;L&T FMP - VII (July1189D A) - Growth - Regular Plan;INF917K01ET7;;12.2683;0.0000;0.0000;07-Jul-2015
125564;L&T FMP - Series IX-Plan G - Growth - Regular Plan;INF917K01TG2;;11.4639;0.0000;0.0000;07-Jul-2015
125562;L&T FMP - Series IX-Plan G- Growth - Direct Plan;INF917K01TE7;;11.5325;0.0000;0.0000;07-Jul-2015
128513;L&T FMP Series X - Plan Q (1511 days) - Direct Plan - Growth;INF917K01VF0;;11.1827;0.0000;0.0000;07-Jul-2015
128511;L&T FMP Series X - Plan Q (1511 days) - Regular Plan - Growth;INF917K01VH6;;11.1438;0.0000;0.0000;07-Jul-2015
128582;L&T FMP Series X - Plan S (1500 days) - Direct Plan - Dividend;INF917K01VA1;;10.1666;0.0000;0.0000;07-Jul-2015
128584;L&T FMP Series X - Plan S (1500 days) - Direct Plan - Growth;INF917K01VB9;;11.1400;0.0000;0.0000;07-Jul-2015
128585;L&T FMP Series X - Plan S (1500 days) - Regular Plan - Growth;INF917K01VD5;;11.1248;0.0000;0.0000;07-Jul-2015
128587;L&T FMP Series X - Plan T (1500 days) - Direct Plan - Growth;INF917K01UX5;;11.1225;0.0000;0.0000;07-Jul-2015
128588;L&T FMP Series X - Plan T (1500 days) - Regular Plan - Growth;INF917K01UZ0;;11.1078;0.0000;0.0000;07-Jul-2015
124329;L&T FMP Series - VIII-Plan I - Growth Option - Regular Plan;INF917K01RU7;;11.9630;0.0000;0.0000;07-Jul-2015
124330;L&T FMP Series - VIII-Plan I-Growth Option-Direct Plan;INF917K01RW3;;11.9973;0.0000;0.0000;07-Jul-2015
124187;L&T FMP SERIES -VIII-Plan G - Dividend Option - Direct Plan;INF917K01RR3;;10.8803;0.0000;0.0000;07-Jul-2015
124186;L&T FMP SERIES -VIII-Plan G - Dividend Option - Regular Plan;INF917K01RP7;;10.8069;0.0000;0.0000;07-Jul-2015
124184;L&T FMP SERIES -VIII-Plan G - Growth Option - Regular Plan;INF917K01RQ5;;12.0074;0.0000;0.0000;07-Jul-2015
124185;L&T FMP SERIES -VIII-Plan G - Growth Option-Direct Plan;INF917K01RS1;;12.0335;0.0000;0.0000;07-Jul-2015
126196;L&T FMP Series X - Plan B (1119 days) - Direct Plan - Growth Option;INF917K01NA8;;11.4292;0.0000;0.0000;07-Jul-2015
126198;L&T FMP Series X - Plan B (1119 days) - Regular Plan - Growth Option;INF917K01MY0;;11.3642;0.0000;0.0000;07-Jul-2015
126197;L&T FMP Series X - Plan B (1119 days) - Regular Plan- Dividend (Payout) Option;INF917K01MX2;;10.0997;0.0000;0.0000;07-Jul-2015
126574;L&T FMP Series X - Plan E (1000 days) - Direct Plan - Dividend (Payout) Option;INF917K01XR1;;10.9330;0.0000;0.0000;07-Jul-2015
126572;L&T FMP Series X - Plan E (1000 days) - Direct Plan - Growth Option;INF917K01XS9;;11.6591;0.0000;0.0000;07-Jul-2015
126573;L&T FMP Series X - Plan E (1000 days) - Regular Plan - Dividend (Payout) Option;INF917K01XT7;;10.8862;0.0000;0.0000;07-Jul-2015
126575;L&T FMP Series X - Plan E (1000 days) - Regular Plan - Growth Option;INF917K01XU5;;11.5669;0.0000;0.0000;07-Jul-2015
127134;L&T FMP Series X - Plan H (1155 days) - Direct Plan - Growth Option;INF917K01WL6;;11.3404;0.0000;0.0000;07-Jul-2015
127136;L&T FMP Series X - Plan H (1155 days) - Regular Plan - Growth Option;INF917K01WN2;;11.3002;0.0000;0.0000;07-Jul-2015
127859;L&T FMP Series X - Plan M (1520 days) - Direct Plan - Dividend;INF917K01US5;;10.1520;0.0000;0.0000;07-Jul-2015
127862;L&T FMP Series X - Plan M (1520 days) - Direct Plan - Growth;INF917K01UT3;;11.3373;0.0000;0.0000;07-Jul-2015
127861;L&T FMP Series X - Plan M (1520 days) - Regular Plan - Growth;INF917K01UV9;;11.1816;0.0000;0.0000;07-Jul-2015
127974;L&T FMP Series X - Plan O (1139 days) - Direct Plan - Dividend (Payout)  Option;INF917K01OX8;;10.8871;0.0000;0.0000;07-Jul-2015
127975;L&T FMP Series X - Plan O (1139 days) - Direct Plan - Growth Option;INF917K01OY6;;11.4543;0.0000;0.0000;07-Jul-2015
127972;L&T FMP Series X - Plan O (1139 days) - Regular Plan - Dividend (Payout) Option;INF917K01OZ3;;10.8405;0.0000;0.0000;07-Jul-2015
127973;L&T FMP Series X - Plan O (1139 days) - Regular Plan - Growth Option;INF917K01PA3;;11.3723;0.0000;0.0000;07-Jul-2015
128516;L&T FMP Series X - Plan R (1506 days) - Direct Plan - Growth;INF917K01VJ2;;11.1814;0.0000;0.0000;07-Jul-2015
128515;L&T FMP Series X - Plan R (1506 days) - Regular Plan - Growth;INF917K01VL8;;11.1359;0.0000;0.0000;07-Jul-2015
129055;L&T FMP Series XI - Plan A (1484 days) - Direct Plan - Dividend;INF917K01WG6;;10.1573;0.0000;0.0000;07-Jul-2015
129056;L&T FMP Series XI - Plan A (1484 days) - Direct Plan - Growth;INF917K01WJ0;;11.1004;0.0000;0.0000;07-Jul-2015
129058;L&T FMP Series XI - Plan A (1484 days) - Regular Plan - Growth;INF917K01WI2;;11.0862;0.0000;0.0000;07-Jul-2015
130789;L&T FMP Series XI - Plan C(1139 days) - Direct Plan - Dividend;INF917K01QX3;;11.0261;0.0000;0.0000;07-Jul-2015
130790;L&T FMP Series XI - Plan C(1139 days) - Direct Plan - Growth;INF917K01QY1;;11.0261;0.0000;0.0000;07-Jul-2015
130791;L&T FMP Series XI - Plan C(1139 days) - Regular Plan - Dividend;INF917K01QZ8;;10.9841;0.0000;0.0000;07-Jul-2015
130792;L&T FMP Series XI - Plan C(1139 days) - Regular Plan - Growth;INF917K01RA9;;10.9841;0.0000;0.0000;07-Jul-2015
125220;L&T FMP - Series IX-Plan E - Growth - Direct Plan;INF917K01LY2;;11.5710;0.0000;0.0000;07-Jul-2015
125214;L&T FMP - Series IX-Plan E - Growth - Regular Plan;INF917K01LW6;;11.4993;0.0000;0.0000;07-Jul-2015
125217;L&T FMP - Series IX-Plan D - Dividend Payout - Direct Plan;INF917K01SZ4;;10.5760;0.0000;0.0000;07-Jul-2015
125212;L&T FMP - Series IX-Plan D - Dividend Payout - Regular Plan;INF917K01TB3;;10.5616;0.0000;0.0000;07-Jul-2015
125218;L&T FMP - Series IX-Plan D - Growth - Direct Plan;INF917K01TA5;;11.5575;0.0000;0.0000;07-Jul-2015
125213;L&T FMP - Series IX-Plan D - Growth - Regular Plan;INF917K01TC1;;11.5132;0.0000;0.0000;07-Jul-2015

LIC Mutual Fund
124355;LIC MF CAPITAL PROTECTION ORIENTED FUND SERIES 1 - DIRECT PLAN - DIVIDEND PAYOUT;INF767K01IA7;;11.9556;11.9556;11.9556;07-Jul-2015
124356;LIC MF CAPITAL PROTECTION ORIENTED FUND SERIES 1 - DIRECT PLAN - GROWTH;INF767K01IB5;;11.9559;11.9559;11.9559;07-Jul-2015
124353;LIC MF CAPITAL PROTECTION ORIENTED FUND SERIES 1 - REGULAR PLAN - DIVIDEND PAYOUT;INF767K01IC3;;11.8606;11.8606;11.8606;07-Jul-2015
124354;LIC MF CAPITAL PROTECTION ORIENTED FUND SERIES 1 - REGULAR PLAN - GROWTH;INF767K01ID1;;11.8606;11.8606;11.8606;07-Jul-2015
129313;LIC MF CAPITAL PROTECTION ORIENTED FUND SERIES 3(37 MONTHS) - DIRECT PLAN - DIVIDEND PAYOUT;INF767K01KH8;;11.2133;11.2133;11.2133;07-Jul-2015
129314;LIC MF CAPITAL PROTECTION ORIENTED FUND SERIES 3(37 MONTHS) - DIRECT PLAN - GROWTH;INF767K01KI6;;11.2133;11.2133;11.2133;07-Jul-2015
129315;LIC MF CAPITAL PROTECTION ORIENTED FUND SERIES 3(37 MONTHS) - REGULAR PLAN - DIVIDEN PAYOUT;INF767K01KF2;;11.1482;11.1482;11.1482;07-Jul-2015
129316;LIC MF CAPITAL PROTECTION ORIENTED FUND SERIES 3(37 MONTHS) - REGULAR PLAN - GROWTH;INF767K01KG0;;11.1482;11.1482;11.1482;07-Jul-2015
126239;LIC MF Capital Protection Oriented Fund-Series 2-Direct Plan-Dividend Payout;INF767K01PJ3;;11.8895;11.8895;11.8895;07-Jul-2015
126380;LIC MF Capital Protection Oriented Fund-Series 2-Direct Plan-Growth;INF767K01PK1;;11.8895;11.8895;11.8895;07-Jul-2015
126382;LIC MF Capital Protection Oriented Fund-Series 2-Regular Plan-Dividend Payout;INF767K01PH7;;11.8029;11.8029;11.8029;07-Jul-2015
126381;LIC MF Capital Protection Oriented Fund-Series 2-Regular Plan-Growth;INF767K01PI5;;11.8029;11.8029;11.8029;07-Jul-2015
130359;LIC MF Capital Protection Oriented Fund-Series 4-Direct Plan-Growth;INF767K01LC7;;10.9478;10.9478;10.9478;07-Jul-2015
130364;LIC MF Capital Protection Oriented Fund-Series 4-Regular Plan-Dividend Payout;INF767K01KZ0;;10.8942;10.8942;10.8942;07-Jul-2015
130365;LIC MF Capital Protection Oriented Fund-Series 4-Regular Plan-Growth;INF767K01LA1;;10.8942;10.8942;10.8942;07-Jul-2015
131404;LIC MF Capital Protection Oriented Fund-Series 5-Direct Plan-Dividend Payout;INF767K01LZ8;;10.7113;10.7113;10.7113;07-Jul-2015
131405;LIC MF Capital Protection Oriented Fund-Series 5-Direct Plan-Growth;INF767K01MA9;;10.7114;10.7114;10.7114;07-Jul-2015
131406;LIC MF Capital Protection Oriented Fund-Series 5-Regular Plan-Dividend Payout;INF767K01LX3;;10.6704;10.6704;10.6704;07-Jul-2015
131407;LIC MF Capital Protection Oriented Fund-Series 5-Regular Plan-Growth;INF767K01LY1;;10.6704;10.6704;10.6704;07-Jul-2015
122540;LIC MF FIXED MATURITY PLAN SERIES 64 - DIRECT PLAN - DIVIDEND PAYOUT;INF767K01NO8;;10.1492;0.0000;0.0000;07-Jul-2015
122541;LIC MF FIXED MATURITY PLAN SERIES 64 - DIRECT PLAN - GROWTH;INF767K01NP5;;11.8763;0.0000;0.0000;07-Jul-2015
122542;LIC MF FIXED MATURITY PLAN SERIES 64 - GROWTH;INF767K01NN0;;11.8612;0.0000;0.0000;07-Jul-2015
125921;LIC MF FIXED MATURITY PLAN SERIES 72(MATURITY DATE 13/12/2016) - DIRECT PLAN - DIVIDEND PAYOUT;INF767K01OA5;;10.0610;0.0000;0.0000;07-Jul-2015
125923;LIC MF FIXED MATURITY PLAN SERIES 72(MATURITY DATE 13/12/2016) - DIRECT PLAN - GROWTH;INF767K01OB3;;11.4911;0.0000;0.0000;07-Jul-2015
125922;LIC MF FIXED MATURITY PLAN SERIES 72(MATURITY DATE 13/12/2016) - REGULAR PLAN - DIVIDEND PAYOUT;INF767K01NY7;;10.0579;0.0000;0.0000;07-Jul-2015
125924;LIC MF FIXED MATURITY PLAN SERIES 72(MATURITY DATE 13/12/2016) - REGULAR PLAN - GROWTH;INF767K01NZ4;;11.4192;0.0000;0.0000;07-Jul-2015
129874;LIC MF FIXED MATURITY PLAN SERIES 82(764 DAYS)-DIRECT PLAN-GROWTH;INF767K01NT7;;11.0136;0.0000;0.0000;07-Jul-2015
129875;LIC MF FIXED MATURITY PLAN SERIES 82(764 DAYS)-REGULAR PLAN-GROWTH;INF767K01NR1;;10.9711;0.0000;0.0000;07-Jul-2015
129940;LIC MF FIXED MATURITY PLAN SERIES 83-DIRECT PLAN-GROWTH;INF767K01NV3;;10.9495;0.0000;0.0000;07-Jul-2015
129939;LIC MF FIXED MATURITY PLAN SERIES 83-REGULAR PLAN-GROWTH;INF767K01NX9;;10.9411;0.0000;0.0000;07-Jul-2015
130299;LIC MF FIXED MATURITY PLAN SERIES 85(EXTENDED MATURITY DATE- 27/06/2017)-DIRECT PLAN-DIVIDEND PAYOUT;INF767K01PF1;;10.9966;0.0000;0.0000;07-Jul-2015
130302;LIC MF FIXED MATURITY PLAN SERIES 85(EXTENDED MATURITY DATE- 27/06/2017)-DIRECT PLAN-GROWTH;INF767K01PG9;;10.9965;0.0000;0.0000;07-Jul-2015
130300;LIC MF FIXED MATURITY PLAN SERIES 85(EXTENDED MATURITY DATE- 27/06/2017)-REGULAR PLAN-DIVIDEND PAYOUT;INF767K01PD6;;10.9387;0.0000;0.0000;07-Jul-2015
130301;LIC MF FIXED MATURITY PLAN SERIES 85(EXTENDED MATURITY DATE- 27/06/2017)-REGULAR PLAN-GROWTH;INF767K01PE4;;10.9387;0.0000;0.0000;07-Jul-2015
130350;LIC MF Fixed Maturity Plan-Series 86-Direct Plan-Growth;INF767K01OJ6;;10.8885;0.0000;0.0000;07-Jul-2015
130352;LIC MF Fixed Maturity Plan-Series 86-Regular Plan-Dividend Payout;INF767K01OG2;;10.0000;0.0000;0.0000;07-Jul-2015
130351;LIC MF Fixed Maturity Plan-Series 86-Regular Plan-Growth;INF767K01OH0;;10.8808;0.0000;0.0000;07-Jul-2015
131542;LIC MF Fixed Maturity Plan-Series 89-Direct Plan-Growth;INF767K01ME1;;10.7522;0.0000;0.0000;07-Jul-2015
131543;LIC MF Fixed Maturity Plan-Series 89-Regular Plan-Dividend Payout;INF767K01MB7;;10.7171;0.0000;0.0000;07-Jul-2015
131544;LIC MF Fixed Maturity Plan-Series 89-Regular Plan-Growth;INF767K01MC5;;10.7172;0.0000;0.0000;07-Jul-2015
132911;LIC MF Fixed Maturity Plan-Series 90-Direct Plan-Dividend Payout;INF767K01MH4;;10.6043;0.0000;0.0000;07-Jul-2015
132909;LIC MF Fixed Maturity Plan-Series 90-Direct Plan-Growth;INF767K01MI2;;10.6043;0.0000;0.0000;07-Jul-2015
132910;LIC MF Fixed Maturity Plan-Series 90-Regular Plan-Dividend Payout;INF767K01MF8;;10.5762;0.0000;0.0000;07-Jul-2015
132912;LIC MF Fixed Maturity Plan-Series 90-Regular Plan-Growth;INF767K01MG6;;10.5762;0.0000;0.0000;07-Jul-2015
133225;LIC MF Fixed Maturity Plan-Series 92-Direct Plan-Growth;INF767K01MU7;;10.5448;0.0000;0.0000;07-Jul-2015
133226;LIC MF Fixed Maturity Plan-Series 92-Regular Plan-Dividend Payout;INF767K01MR3;;10.5090;0.0000;0.0000;07-Jul-2015
133227;LIC MF Fixed Maturity Plan-Series 92-Regular Plan-Growth;INF767K01MS1;;10.5089;0.0000;0.0000;07-Jul-2015

Nippon India Mutual Fund
126479;Nippon India Fixed Horizon Fund - XXV - Series 15 - Direct Plan - Dividend Payout Option;INF204KB1A14;;11.6925;11.6925;11.6925;07-Jul-2015
126477;Nippon India Fixed Horizon Fund - XXV - Series 15 - Direct Plan - Growth Option;INF204KB1A06;;11.6925;11.6925;11.6925;07-Jul-2015
126478;Nippon India Fixed Horizon Fund - XXV - Series 15 - Dividend Payout Option;INF204KB1ZZ9;;11.6189;11.6189;11.6189;07-Jul-2015
126480;Nippon India Fixed Horizon Fund - XXV - Series 15 - Growth Option;INF204KB1ZY2;;11.6189;11.6189;11.6189;07-Jul-2015
117562;Reliance Dual Advantage Fixed Tenure Fund II - Plan D - Dividend Payout Option;INF204K01RW6;;14.4044;14.4044;14.4044;07-Jul-2015
117561;Reliance Dual Advantage Fixed Tenure Fund II - Plan D - Growth Option;INF204K01RV8;;14.5044;14.5044;14.5044;07-Jul-2015
117704;Reliance Dual Advantage Fixed Tenure Fund II - Plan E - Dividend Payout Option;INF204K01RY2;;14.4551;14.4551;14.4551;07-Jul-2015
117705;Reliance Dual Advantage Fixed Tenure Fund II - Plan E - Growth Option;INF204K01RX4;;14.4551;14.4551;14.4551;07-Jul-2015
117340;Reliance Dual Advantage Fixed Tenure Fund II - Plan G - Dividend Payout Option;INF204K01SC6;-;14.3787;14.3787;14.3787;07-Jul-2015
117339;Reliance Dual Advantage Fixed Tenure Fund II - Plan G - Growth Option;INF204K01SB8;-;14.3787;14.3787;14.3787;07-Jul-2015
117601;Reliance Dual Advantage Fixed Tenure Fund II - Plan H - Dividend Payout Option;INF204K01SE2;;13.8125;13.8125;13.8125;07-Jul-2015
117600;Reliance Dual Advantage Fixed Tenure Fund II - Plan H - Growth Option;INF204K01SD4;;13.8125;13.8125;13.8125;07-Jul-2015
121096;Reliance Dual Advantage Fixed Tenure Fund III - Plan A - Direct Plan - Dividend Payout Option;INF204K01M96;-;14.0586;14.0586;14.0586;07-Jul-2015
121095;Reliance Dual Advantage Fixed Tenure Fund III - Plan A - Direct Plan - Growth Option;INF204K01M88;-;14.0586;14.0586;14.0586;07-Jul-2015
121098;Reliance Dual Advantage Fixed Tenure Fund III - Plan A - Dividend Payout Option;INF204K01M70;-;13.7284;13.7284;13.7284;07-Jul-2015
121097;Reliance Dual Advantage Fixed Tenure Fund III - Plan A - Growth Option;INF204K01M62;-;13.7284;13.7284;13.7284;07-Jul-2015
122240;Reliance Dual Advantage Fixed Tenure Fund III - Plan B - Direct Plan - Dividend Payout Option;INF204K01N38;;13.7129;13.7129;13.7129;07-Jul-2015
122238;Reliance Dual Advantage Fixed Tenure Fund III - Plan B - Direct Plan - Growth Option;INF204K01N20;;13.7129;13.7129;13.7129;07-Jul-2015
122239;Reliance Dual Advantage Fixed Tenure Fund III - Plan B - Dividend Payout Option;INF204K01N12;;13.4118;13.4118;13.4118;07-Jul-2015
122237;Reliance Dual Advantage Fixed Tenure Fund III - Plan B - Growth Option;INF204K01N04;;13.4118;13.4118;13.4118;07-Jul-2015
122510;Reliance Dual Advantage Fixed Tenure Fund III - Plan C - Direct Plan - Dividend Option;INF204K01N79;;13.6136;13.6136;13.6136;07-Jul-2015
122512;Reliance Dual Advantage Fixed Tenure Fund III - Plan C - Dividend Option;INF204K01N53;;13.3370;13.3370;13.3370;07-Jul-2015
122511;Reliance Dual Advantage Fixed Tenure Fund III - Plan C - Growth Option;INF204K01N46;;13.3370;13.3370;13.3370;07-Jul-2015
122509;Reliance Dual Advantage Fixed Tenure Fund III -Plan C- Direct Plan - Growth Option;INF204K01N61;;13.6136;13.6136;13.6136;07-Jul-2015
122700;Reliance Dual Advantage Fixed Tenure Fund III - Plan D - Direct Plan - Dividend Payout Option;INF204K01O11;;13.8237;13.8237;13.8237;07-Jul-2015
122702;Reliance Dual Advantage Fixed Tenure Fund III - Plan D - Direct Plan - Growth Option;INF204K01O03;;13.8237;13.8237;13.8237;07-Jul-2015
122699;Reliance Dual Advantage Fixed Tenure Fund III - Plan D - Dividend Payout Option;INF204K01N95;;13.5373;13.5373;13.5373;07-Jul-2015
122701;Reliance Dual Advantage Fixed Tenure Fund III - Plan D - Growth Option;INF204K01N87;;13.5373;13.5373;13.5373;07-Jul-2015
122913;Reliance Dual Advantage Fixed Tenure Fund IV - Plan A - Direct Plan -Growth Option;INF204KA1669;;14.0811;14.0811;14.0811;07-Jul-2015
122911;Reliance Dual Advantage Fixed Tenure Fund IV - Plan A - Direct Plan- Dividend Payout option;INF204KA1677;;14.0811;14.0811;14.0811;07-Jul-2015
122912;Reliance Dual Advantage Fixed Tenure Fund IV - Plan A - Dividend Option;INF204KA1651;;13.8054;13.8054;13.8054;07-Jul-2015
122910;Reliance Dual Advantage Fixed Tenure Fund IV - Plan A - Growth Option;INF204KA1644;;13.8054;13.8054;13.8054;07-Jul-2015
123451;Reliance Dual Advantage Fixed Tenure Fund IV - Plan B - Direct Plan - Growth Option;INF204KA1701;;13.6813;13.6813;13.6813;07-Jul-2015
123453;Reliance Dual Advantage Fixed Tenure Fund IV - Plan B - Dividend Payout Option;INF204KA1693;;13.4290;13.4290;13.4290;07-Jul-2015
123452;Reliance Dual Advantage Fixed Tenure Fund IV - Plan B - Growth Option;INF204KA1685;;13.4290;13.4290;13.4290;07-Jul-2015
124338;Reliance Dual Advantage Fixed Tenure Fund IV - Plan C - Direct Plan - Dividend Payout Option;INF204KA1750;;13.3756;13.3756;13.3756;07-Jul-2015
124339;Reliance Dual Advantage Fixed Tenure Fund IV - Plan C - Direct Plan - Growth Option;INF204KA1743;;13.3756;13.3756;13.3756;07-Jul-2015
124340;Reliance Dual Advantage Fixed Tenure Fund IV - Plan C - Dividend Payout Option;INF204KA1735;;13.1296;13.1296;13.1296;07-Jul-2015
124337;Reliance Dual Advantage Fixed Tenure Fund IV - Plan C - Growth Option;INF204KA1727;;13.1296;13.1296;13.1296;07-Jul-2015
124831;Reliance Dual Advantage Fixed Tenure Fund IV - Plan D - Direct Plan - Dividend Payout Option;INF204KA1792;;12.3814;12.3814;12.3814;07-Jul-2015
124829;Reliance Dual Advantage Fixed Tenure Fund IV - Plan D - Direct Plan - Growth Option;INF204KA1784;;12.3814;12.3814;12.3814;07-Jul-2015
124830;Reliance Dual Advantage Fixed Tenure Fund IV - Plan D - Dividend Payout Option;INF204KA1776;;12.1603;12.1603;12.1603;07-Jul-2015
124828;Reliance Dual Advantage Fixed Tenure Fund IV - Plan D - Growth Option;INF204KA1768;;12.1603;12.1603;12.1603;07-Jul-2015
125718;Reliance Dual Advantage Fixed Tenure Fund IV - Plan E - Direct Plan - Dividend Payout Option;INF204KA1834;;11.9203;11.9203;11.9203;07-Jul-2015
125716;Reliance Dual Advantage Fixed Tenure Fund IV - Plan E - Direct Plan - Growth Option;INF204KA1826;;11.9203;11.9203;11.9203;07-Jul-2015
125717;Reliance Dual Advantage Fixed Tenure Fund IV - Plan E - Dividend Payout Option;INF204KA1818;;11.7107;11.7107;11.7107;07-Jul-2015
125715;Reliance Dual Advantage Fixed Tenure Fund IV - Plan E - Growth Option;INF204KA1800;;11.7107;11.7107;11.7107;07-Jul-2015
126901;Reliance Dual Advantage Fixed Tenure Fund V - Plan A - Direct Plan - Dividend Payout Option;INF204KA1HW5;;12.0622;12.0622;12.0622;07-Jul-2015
126899;Reliance Dual Advantage Fixed Tenure Fund V - Plan A - Direct Plan - Growth Option;INF204KA1HV7;;12.0622;12.0622;12.0622;07-Jul-2015
126900;Reliance Dual Advantage Fixed Tenure Fund V - Plan A - Dividend Payout Option;INF204KA1HU9;;11.8678;11.8678;11.8678;07-Jul-2015
126898;Reliance Dual Advantage Fixed Tenure Fund V - Plan A - Growth Option;INF204KA1HT1;;11.8678;11.8678;11.8678;07-Jul-2015
127270;Reliance Dual Advantage Fixed Tenure Fund V - Plan B - Direct Plan - Dividend Payout Option;INF204KA1IU7;;11.8095;11.8095;11.8095;07-Jul-2015
127269;Reliance Dual Advantage Fixed Tenure Fund V - Plan B - Direct Plan - Growth Option;INF204KA1IT9;;11.8095;11.8095;11.8095;07-Jul-2015
127271;Reliance Dual Advantage Fixed Tenure Fund V - Plan B - Dividend Payout Option;INF204KA1IS1;;11.6143;11.6143;11.6143;07-Jul-2015
127268;Reliance Dual Advantage Fixed Tenure Fund V - Plan B - Growth Option;INF204KA1IR3;;11.6143;11.6143;11.6143;07-Jul-2015
127523;Reliance Dual Advantage Fixed Tenure Fund V - Plan C -Direct Plan -Growth Option;INF204KA1IX1;;11.5397;11.5397;11.5397;07-Jul-2015
127522;Reliance Dual Advantage Fixed Tenure Fund V - Plan C -Dividend Payout Option;INF204KA1IW3;;11.3582;11.3582;11.3582;07-Jul-2015
127525;Reliance Dual Advantage Fixed Tenure Fund V - Plan C -Growth Option;INF204KA1IV5;;11.3582;11.3582;11.3582;07-Jul-2015
128178;Reliance Dual Advantage Fixed Tenure Fund V - Plan E - Direct Plan - Dividend Payout Option;INF204KA1KU3;;12.2527;12.2527;12.2527;07-Jul-2015
128176;Reliance Dual Advantage Fixed Tenure Fund V - Plan E - Direct Plan - Growth Option;INF204KA1KT5;;12.2527;12.2527;12.2527;07-Jul-2015
128177;Reliance Dual Advantage Fixed Tenure Fund V - Plan E - Dividend Payout Option;INF204KA1KS7;;12.0620;12.0620;12.0620;07-Jul-2015
128175;Reliance Dual Advantage Fixed Tenure Fund V - Plan E - Growth Option;INF204KA1KR9;;12.0620;12.0620;12.0620;07-Jul-2015
128691;Reliance Dual Advantage Fixed Tenure Fund V - Plan F- Direct Plan - Dividend Payout Option;INF204KA1MB9;;11.4625;11.4625;11.4625;07-Jul-2015
128690;Reliance Dual Advantage Fixed Tenure Fund V - Plan F- Direct Plan - Growth Option;INF204KA1MA1;;11.4625;11.4625;11.4625;07-Jul-2015
128692;Reliance Dual Advantage Fixed Tenure Fund V - Plan F- Dividend Payout Option;INF204KA1LZ0;;11.2940;11.2940;11.2940;07-Jul-2015
128689;Reliance Dual Advantage Fixed Tenure Fund V - Plan F- Growth Option;INF204KA1LY3;;11.2940;11.2940;11.2940;07-Jul-2015
128987;Reliance Dual Advantage Fixed Tenure Fund V- Plan G- Direct Plan - Dividend Payout Option;INF204KA1NA9;;11.7655;11.7655;11.7655;07-Jul-2015
128986;Reliance Dual Advantage Fixed Tenure Fund V- Plan G- Direct Plan - Growth Option;INF204KA1MZ8;;11.7655;11.7655;11.7655;07-Jul-2015
128985;Reliance Dual Advantage Fixed Tenure Fund V- Plan G- Dividend Payout Option;INF204KA1MY1;;11.5946;11.5946;11.5946;07-Jul-2015
128984;Reliance Dual Advantage Fixed Tenure Fund V- Plan G- Growth Option;INF204KA1MX3;;11.5946;11.5946;11.5946;07-Jul-2015
129734;Reliance Dual Advantage Fixed Tenure Fund V- Plan H- Direct Plan- Dividend payout option;INF204KA1PM9;;11.1361;11.1361;11.1361;07-Jul-2015
129733;Reliance Dual Advantage Fixed Tenure Fund V- Plan H- Direct Plan- Growth Option;INF204KA1PL1;;11.1361;11.1361;11.1361;07-Jul-2015
129736;Reliance Dual Advantage Fixed Tenure Fund V- Plan H- Dividend Payout Option;INF204KA1PK3;;10.9818;10.9818;10.9818;07-Jul-2015
129735;Reliance Dual Advantage Fixed Tenure Fund V- Plan H- Growth Option;INF204KA1PJ5;;10.9818;10.9818;10.9818;07-Jul-2015
130629;Reliance Dual Advantage Fixed Tenure Fund VI- Plan A- Direct Plan- Growth Option;INF204KA1RQ6;;11.3175;11.3175;11.3175;07-Jul-2015
130631;Reliance Dual Advantage Fixed Tenure Fund VI- Plan A- Growth Option;INF204KA1RO1;;11.2156;11.2156;11.2156;07-Jul-2015
130630;Reliance Dual Advantage Fixed Tenure Fund- VI- Plan A- Direct Plan- Dividend Payout Option;INF204KA1RR4;;11.3175;11.3175;11.3175;07-Jul-2015
130632;Reliance Dual Advantage Fixed Tenure Fund- VI- Plan A- Dividend Payout Option;INF204KA1RP8;;11.2156;11.2156;11.2156;07-Jul-2015
130885;Reliance Dual Advantage Fixed Tenure Fund VI- Plan B- Direct Plan- DIvidend Payout Option;INF204KA1TA6;;10.9164;10.9164;10.9164;07-Jul-2015
130884;Reliance Dual Advantage Fixed Tenure Fund VI- Plan B- Direct Plan- Growth Option;INF204KA1SZ5;;10.9164;10.9164;10.9164;07-Jul-2015
130883;Reliance Dual Advantage Fixed Tenure Fund VI- Plan B- Dividend Payout Option;INF204KA1SY8;;10.8389;10.8389;10.8389;07-Jul-2015
130882;Reliance Dual Advantage Fixed Tenure Fund VI- Plan B- Growth Option;INF204KA1SX0;;10.8389;10.8389;10.8389;07-Jul-2015
131307;Reliance Dual Advantage Fixed Tenure Fund VI- Plan C- Direct Plan Dividend Payout Option;INF204KA1UI7;;10.9362;10.9362;10.9362;07-Jul-2015
131308;Reliance Dual Advantage Fixed Tenure Fund VI- Plan C- Direct Plan- Growth Option;INF204KA1UH9;;10.9362;10.9362;10.9362;07-Jul-2015
131306;Reliance Dual Advantage Fixed Tenure Fund VI- Plan C- Dividend Payout Option;INF204KA1UG1;;10.8502;10.8502;10.8502;07-Jul-2015
131305;Reliance Dual Advantage Fixed Tenure Fund VI- Plan C- Growth Option;INF204KA1UF3;;10.8502;10.8502;10.8502;07-Jul-2015
131342;Reliance Dual Advantage Fixed Tenure Fund VI Plan D- Growth Option;INF204KA1UO5;;10.7114;10.7114;10.7114;07-Jul-2015
131345;Reliance Dual Advantage Fixed Tenure Fund VI- Plan D- Direct Plan- Dividend Payout Option;INF204KA1UR8;;10.7940;10.7940;10.7940;07-Jul-2015
131343;Reliance Dual Advantage Fixed Tenure Fund VI- Plan D- Direct Plan- Growth Option;INF204KA1UQ0;;10.7940;10.7940;10.7940;07-Jul-2015
131344;Reliance Dual Advantage Fixed Tenure Fund VI- Plan D- Dividend Payout Option;INF204KA1UP2;;10.7114;10.7114;10.7114;07-Jul-2015
131462;Reliance Dual Advantage Fixed Tenure Fund VI- Plan E - Growth Option;INF204KA1VS4;;10.6199;10.6199;10.6199;07-Jul-2015
131464;Reliance Dual Advantage Fixed Tenure Fund VI- Plan E- Direct Plan- Growth Option;INF204KA1VU0;;10.6962;10.6962;10.6962;07-Jul-2015
131463;Reliance Dual Advantage Fixed Tenure Fund VI- Plan E- Dividend Payout Option;INF204KA1VT2;;10.6199;10.6199;10.6199;07-Jul-2015
132764;Reliance Dual Advantage Fixed Tenure Fund VI- Plan F- Direct Plan - Dividend Payout Option;INF204KA1WN3;;10.5023;10.5023;10.5023;07-Jul-2015
132763;Reliance Dual Advantage Fixed Tenure Fund VI- Plan F- Direct Plan - Growth Option;INF204KA1WM5;;10.5023;10.5023;10.5023;07-Jul-2015
132765;Reliance Dual Advantage Fixed Tenure Fund VI- Plan F- Dividend Payout Option;INF204KA1WL7;;10.4319;10.4319;10.4319;07-Jul-2015
132762;Reliance Dual Advantage Fixed Tenure Fund VI- Plan F- Growth Option;INF204KA1WK9;;10.4319;10.4319;10.4319;07-Jul-2015
133304;Reliance Dual Advantage Fixed Tenure Fund VII - Plan B - Direct Plan - Dividend Payout Option;INF204KA1ZC9;;10.3680;10.3680;10.3680;07-Jul-2015
133305;Reliance Dual Advantage Fixed Tenure Fund VII - Plan B - Direct Plan - Growth Option;INF204KA1ZD7;;10.3680;10.3680;10.3680;07-Jul-2015
133306;Reliance Dual Advantage Fixed Tenure Fund VII - Plan B - Dividend Payout Option;INF204KA1ZE5;;10.3147;10.3147;10.3147;07-Jul-2015
133303;Reliance Dual Advantage Fixed Tenure Fund VII - Plan B - Growth Option;INF204KA1ZF2;;10.3147;10.3147;10.3147;07-Jul-2015
133047;Reliance Dual Advantage Fixed Tenure Fund VII- Plan A- Direct Plan-Dividend Payout Option;INF204KA1XU6;;10.4218;10.4218;10.4218;07-Jul-2015
133046;Reliance Dual Advantage Fixed Tenure Fund VII- Plan A- Direct Plan-Growth Option;INF204KA1XV4;;10.4218;10.4218;10.4218;07-Jul-2015
133048;Reliance Dual Advantage Fixed Tenure Fund VII- Plan A- Dividend Payout Option;INF204KA1XW2;;10.3591;10.3591;10.3591;07-Jul-2015
133045;Reliance Dual Advantage Fixed Tenure Fund VII- Plan A- Growth Option;INF204KA1XX0;;10.3591;10.3591;10.3591;07-Jul-2015
133533;Reliance Dual Advantage Fixed Tenure Fund VII- Plan C- Direct Plan-Dividend Payout Option;INF204KA1B23;;10.0256;10.0256;10.0256;07-Jul-2015
133532;Reliance Dual Advantage Fixed Tenure Fund VII- Plan C- Direct Plan-Growth Option;INF204KA1B31;;10.0256;10.0256;10.0256;07-Jul-2015
133530;Reliance Dual Advantage Fixed Tenure Fund VII- Plan C- Dividend Payout Option;INF204KA1B49;;9.9814;9.9814;9.9814;07-Jul-2015
133531;Reliance Dual Advantage Fixed Tenure Fund VII- Plan C- Growth Option;INF204KA1B56;;9.9814;9.9814;9.9814;07-Jul-2015
133986;Reliance Dual Advantage Fixed Tenure Fund VII- Plan D- Direct Plan- Growth Option;INF204KA1G44;;10.0789;10.0789;10.0789;07-Jul-2015
133987;Reliance Dual Advantage Fixed Tenure Fund VII- Plan D- Direct Plan-Dividend Payout Option;INF204KA1G36;;10.0789;10.0789;10.0789;07-Jul-2015
133985;Reliance Dual Advantage Fixed Tenure Fund VII- Plan D- Dividend Payout Option;INF204KA1G51;;10.0504;10.0504;10.0504;07-Jul-2015
133984;Reliance Dual Advantage Fixed Tenure Fund VII- Plan D- Growth Option;INF204KA1G69;;10.0504;10.0504;10.0504;07-Jul-2015
134412;Reliance Dual Advantage Fixed Tenure Fund VII- Plan E- Direct Plan-Dividend Payout Option;INF204KA1L70;;9.9562;9.9562;9.9562;07-Jul-2015
134410;Reliance Dual Advantage Fixed Tenure Fund VII- Plan E- Direct Plan-Growth Option;INF204KA1L88;;9.9562;9.9562;9.9562;07-Jul-2015
134411;Reliance Dual Advantage Fixed Tenure Fund VII- Plan E- Dividend Payout Option;INF204KA1L96;;9.9396;9.9396;9.9396;07-Jul-2015
134409;Reliance Dual Advantage Fixed Tenure Fund VII- Plan E- Growth Option;INF204KA1M04;;9.9396;9.9396;9.9396;07-Jul-2015
117779;Reliance Fixed Horizon Fund - XXII - Series 21 - Dividend Payout Option;INF204KA1TS8;;10.7863;10.7863;10.7863;07-Jul-2015
117778;Reliance Fixed Horizon Fund - XXII - Series 21 - Growth Option;INF204KA1TR0;;12.8486;12.8486;12.8486;07-Jul-2015
117795;Reliance Fixed Horizon Fund - XXII - Series 22 - Dividend Payout Option;INF204KA1VJ3;;10.6981;10.6981;10.6981;07-Jul-2015
117794;Reliance Fixed Horizon Fund - XXII - Series 22 - Growth Option;INF204KA1VI5;;12.6670;12.6670;12.6670;07-Jul-2015
117797;Reliance Fixed Horizon Fund - XXII - Series 23 - Dividend Payout Option;INF204K01VM9;-;12.7417;12.7417;12.7417;07-Jul-2015
117796;Reliance Fixed Horizon Fund - XXII - Series 23 - Growth Option;INF204K01VL1;-;12.7417;12.7417;12.7417;07-Jul-2015
117813;Reliance Fixed Horizon Fund - XXII - Series 24 - Dividend Payout Option;INF204K01VO5;-;11.0404;11.0404;11.0404;07-Jul-2015
117814;Reliance Fixed Horizon Fund - XXII - Series 24 - Growth Option;INF204K01VN7;-;12.9168;12.9168;12.9168;07-Jul-2015
117849;Reliance Fixed Horizon Fund - XXII - Series 26 - Dividend Payout Option;INF204KA1VX4;;10.7144;10.7144;10.7144;07-Jul-2015
117848;Reliance Fixed Horizon Fund - XXII - Series 26 - Growth Option;INF204KA1VW6;;12.7785;12.7785;12.7785;07-Jul-2015
117967;Reliance Fixed Horizon Fund - XXII - Series 29 - Dividend Option;INF204KA1XF7;;10.5891;10.5891;10.5891;07-Jul-2015
117966;Reliance Fixed Horizon Fund - XXII - Series 29 - Growth Option;INF204KA1XE0;;12.5199;12.5199;12.5199;07-Jul-2015
117976;Reliance Fixed Horizon Fund XXII - Sereis 30 - Dividend Payout Option;INF204K01WA2;-;12.5691;12.5691;12.5691;07-Jul-2015
117975;Reliance Fixed Horizon Fund XXII - Series 30 - Growth Option;INF204K01VZ1;-;12.5691;12.5691;12.5691;07-Jul-2015
118223;Reliance Fixed Horizon Fund - XXII - Series 34 - Dividend Payout Option;INF204K01WI5;-;10.7201;10.7201;10.7201;07-Jul-2015
118222;Reliance Fixed Horizon Fund - XXII -Series -34 Growth Option;INF204K01WH7;;12.4948;12.4948;12.4948;07-Jul-2015
122458;Reliance Fixed Horizon Fund - XXIII - Series 11 - Direct Plan - Growth Option;INF204K016B5;;12.0320;12.0320;12.0320;07-Jul-2015
122455;Reliance Fixed Horizon Fund - XXIII - Series 11 - Dividend Payout Option;INF204K015B7;;11.9678;11.9678;11.9678;07-Jul-2015
122457;Reliance Fixed Horizon Fund - XXIII - Series 11 - Growth Option;INF204K014B0;;11.9678;11.9678;11.9678;07-Jul-2015
122615;Reliance Fixed Horizon Fund - XXIII - Series 12 - Direct Plan - Growth  Option;INF204K010C6;;11.9325;11.9325;11.9325;07-Jul-2015
122617;Reliance Fixed Horizon Fund - XXIII - Series 12 - Dividend Payout Option;INF204K019B9;;11.8833;11.8833;11.8833;07-Jul-2015
122614;Reliance Fixed Horizon Fund - XXIII - Series 12 - Growth Option;INF204K018B1;;11.8833;11.8833;11.8833;07-Jul-2015
121757;Reliance Fixed Horizon Fund - XXIII - Series 8 - Direct Plan - Dividend Payout Option;INF204K015A9;;12.3326;12.3326;12.3326;07-Jul-2015
121755;Reliance Fixed Horizon Fund - XXIII - Series 8 - Direct Plan - Growth Option;INF204K014A2;;12.3326;12.3326;12.3326;07-Jul-2015
121756;Reliance Fixed Horizon Fund - XXIII - Series 8 - Dividend Payout Option;INF204K013A4;;12.2940;12.2940;12.2940;07-Jul-2015
121758;Reliance Fixed Horizon Fund - XXIII - Series 8 - Growth Option;INF204K012A6;;12.2940;12.2940;12.2940;07-Jul-2015
123456;Reliance Fixed Horizon Fund - XXIV - Series 10 - Direct Plan - Dividend Payout Option;INF204KA1032;;12.0201;12.0201;12.0201;07-Jul-2015
123457;Reliance Fixed Horizon Fund - XXIV - Series 10 - Direct Plan - Growth Option;INF204KA1024;;12.0201;12.0201;12.0201;07-Jul-2015
123455;Reliance Fixed Horizon Fund - XXIV - Series 10 - Dividend Payout Option;INF204KA1016;;11.9177;11.9177;11.9177;07-Jul-2015
123454;Reliance Fixed Horizon Fund - XXIV - Series 10 - Growth Option;INF204K019Z8;;11.9177;11.9177;11.9177;07-Jul-2015
123459;Reliance Fixed Horizon Fund - XXIV - Series 11 - Direct Plan - Growth Option;INF204KA1TP4;;11.9979;11.9979;11.9979;07-Jul-2015
123458;Reliance Fixed Horizon Fund - XXIV - Series 11 - Growth Option;INF204KA1TN9;;11.9837;11.9837;11.9837;07-Jul-2015
123569;Reliance Fixed Horizon Fund - XXIV - Series 13 -Direct Plan -Growth Option;INF204KA1149;;12.1097;12.1097;12.1097;07-Jul-2015
123568;Reliance Fixed Horizon Fund - XXIV - Series 13 -Dividend Payout Option;INF204KA1131;;11.9811;11.9811;11.9811;07-Jul-2015
123567;Reliance Fixed Horizon Fund - XXIV - Series 13 -Growth Option;INF204KA1123;;11.9811;11.9811;11.9811;07-Jul-2015
123742;Reliance Fixed Horizon Fund - XXIV - Series 15-Direct Plan -Growth Option;INF204KA1UL1;;12.0181;12.0181;12.0181;07-Jul-2015
123741;Reliance Fixed Horizon Fund - XXIV - Series 15-Dividend Payout Option;INF204KA1UK3;;10.8200;10.8200;10.8200;07-Jul-2015
123740;Reliance Fixed Horizon Fund - XXIV - Series 15-Growth Option;INF204KA1UJ5;;11.9861;11.9861;11.9861;07-Jul-2015
123982;Reliance Fixed Horizon Fund - XXIV - Series 16 - Direct Plan - Growth Plan;INF204KA1UY4;;11.9295;11.9295;11.9295;07-Jul-2015
123985;Reliance Fixed Horizon Fund - XXIV - Series 16 - Growth Plan;INF204KA1UW8;;11.9075;11.9075;11.9075;07-Jul-2015
124097;Reliance Fixed Horizon Fund - XXIV - Series 17 -Dividend Payout Option;INF204KA1VF1;;10.7858;10.7858;10.7858;07-Jul-2015
124099;Reliance Fixed Horizon Fund - XXIV - Series 17- Direct Plan -Dividend Payout Option;INF204KA1VH7;;10.8023;10.8023;10.8023;07-Jul-2015
124098;Reliance Fixed Horizon Fund - XXIV - Series 17-Direct Plan -Growth Option;INF204KA1VG9;;11.9177;11.9177;11.9177;07-Jul-2015
124096;Reliance Fixed Horizon Fund - XXIV - Series 17-Growth Option;INF204KA1VE4;;11.8515;11.8515;11.8515;07-Jul-2015
124213;Reliance Fixed Horizon Fund - XXIV - Series 18 -Direct Plan -Growth Option;INF204KA1VM7;;11.9247;11.9247;11.9247;07-Jul-2015
124211;Reliance Fixed Horizon Fund - XXIV - Series 18 -Dividend Payout Optioin;INF204KA1VL9;;10.7790;10.7790;10.7790;07-Jul-2015
124210;Reliance Fixed Horizon Fund - XXIV - Series 18-Growth Option;INF204KA1VK1;;11.9032;11.9032;11.9032;07-Jul-2015
122903;Reliance Fixed Horizon Fund - XXIV - Series 2 - Direct Plan - Dividend Payout Option;INF204K010X2;;12.1625;12.1625;12.1625;07-Jul-2015
122902;Reliance Fixed Horizon Fund - XXIV - Series 2 - Direct Plan - Growth Option;INF204K019W5;;12.1625;12.1625;12.1625;07-Jul-2015
122901;Reliance Fixed Horizon Fund - XXIV - Series 2 - Dividend Payout Option;INF204K018W7;;12.0799;12.0799;12.0799;07-Jul-2015
122900;Reliance Fixed Horizon Fund - XXIV - Series 2 - Growth Option;INF204K017W9;;12.0799;12.0799;12.0799;07-Jul-2015
124250;Reliance Fixed Horizon Fund - XXIV - Series 20 - Direct Plan - Dividend Payout Option;INF204KA1438;;11.9262;11.9262;11.9262;07-Jul-2015
124249;Reliance Fixed Horizon Fund - XXIV - Series 20 - Direct Plan - Growth Option;INF204KA1420;;11.9262;11.9262;11.9262;07-Jul-2015
124252;Reliance Fixed Horizon Fund - XXIV - Series 20 - Dividend Payout Option;INF204KA1412;;11.8212;11.8212;11.8212;07-Jul-2015
124251;Reliance Fixed Horizon Fund - XXIV - Series 20 - Growth Option;INF204KA1404;;11.8212;11.8212;11.8212;07-Jul-2015
124708;Reliance Fixed Horizon Fund - XXIV - Series 22 - Direct Plan - Dividend Payout Option;INF204KA11E9;;10.0569;10.0569;10.0569;07-Jul-2015
124707;Reliance Fixed Horizon Fund - XXIV - Series 22 - Direct Plan - Growth Option;INF204KA10E1;;11.6354;11.6354;11.6354;07-Jul-2015
124709;Reliance Fixed Horizon Fund - XXIV - Series 22 - Dividend Payout Option;INF204KA19D4;;10.0560;10.0560;10.0560;07-Jul-2015
124706;Reliance Fixed Horizon Fund - XXIV - Series 22 - Growth Option;INF204KA18D6;;11.5760;11.5760;11.5760;07-Jul-2015
125153;Reliance Fixed Horizon Fund - XXIV - Series 24 - Direct Plan - Dividend Payout Option;INF204KA1594;;12.0021;12.0021;12.0021;07-Jul-2015
125152;Reliance Fixed Horizon Fund - XXIV - Series 24 - Direct Plan - Growth Option;INF204KA1586;;12.0021;12.0021;12.0021;07-Jul-2015
125151;Reliance Fixed Horizon Fund - XXIV - Series 24 - Dividend Payout Option;INF204KA1578;;11.9110;11.9110;11.9110;07-Jul-2015
125150;Reliance Fixed Horizon Fund - XXIV - Series 24 - Growth Option;INF204KA1560;;11.9110;11.9110;11.9110;07-Jul-2015
125195;Reliance Fixed Horizon Fund - XXIV - Series 25 - Direct Plan - Dividend Payout Option;INF204KA1636;;10.5467;10.5467;10.5467;07-Jul-2015
125194;Reliance Fixed Horizon Fund - XXIV - Series 25 - Dividend Payout Option;INF204KA1610;;10.5385;10.5385;10.5385;07-Jul-2015
125193;Reliance Fixed Horizon Fund - XXIV - Series 25 - Growth Option;INF204KA1602;;11.4900;11.4900;11.4900;07-Jul-2015
125192;Reliance Fixed Horizon Fund - XXIV - Series 25- Direct Plan - Growth Option;INF204KA1628;;11.5284;11.5284;11.5284;07-Jul-2015
123054;Reliance Fixed Horizon Fund - XXIV - Series 3-Direct Plan - Dividend Payout Option;INF204KA1SG5;;10.9286;10.9286;10.9286;07-Jul-2015
123051;Reliance Fixed Horizon Fund - XXIV - Series 3-Direct Plan - Growth Option;INF204KA1SF7;;12.0157;12.0157;12.0157;07-Jul-2015
123053;Reliance Fixed Horizon Fund - XXIV - Series 3-Dividend payout Option;INF204KA1SE0;;10.9185;10.9185;10.9185;07-Jul-2015
123052;Reliance Fixed Horizon Fund - XXIV - Series 3-Growth Option;INF204KA1SD2;;11.9985;11.9985;11.9985;07-Jul-2015
123073;Reliance Fixed Horizon Fund - XXIV - Series 4-Direct Plan - Dividend Payout Option;INF204KA1TE8;;10.9248;10.9248;10.9248;07-Jul-2015
123072;Reliance Fixed Horizon Fund - XXIV - Series 4-Direct Plan - Growth Option;INF204KA1TD0;;12.0344;12.0344;12.0344;07-Jul-2015
123071;Reliance Fixed Horizon Fund - XXIV - Series 4-Dividend payout Option;INF204KA1TC2;;10.9131;10.9131;10.9131;07-Jul-2015
123070;Reliance Fixed Horizon Fund - XXIV - Series 4-Growth Option;INF204KA1TB4;;12.0102;12.0102;12.0102;07-Jul-2015
123153;Reliance Fixed Horizon Fund - XXIV - Series 5 - Direct Plan - Dividend Payout Option;INF204K012Y6;;11.9835;11.9835;11.9835;07-Jul-2015
123151;Reliance Fixed Horizon Fund - XXIV - Series 5 - Direct Plan - Growth Option;INF204K011Y8;;11.9835;11.9835;11.9835;07-Jul-2015
123152;Reliance Fixed Horizon Fund - XXIV - Series 5 - Dividend Payout Option;INF204K010Y0;;11.9335;11.9335;11.9335;07-Jul-2015
123150;Reliance Fixed Horizon Fund - XXIV - Series 5 - Growth Option;INF204K019X3;;11.9335;11.9335;11.9335;07-Jul-2015
123205;Reliance Fixed Horizon Fund - XXIV - Series 6 - Direct Plan - Growth Option;INF204KA11B5;;12.0553;12.0553;12.0553;07-Jul-2015
123206;Reliance Fixed Horizon Fund - XXIV - Series 6 - Dividend Payout Option;INF204KA10B7;;10.1317;10.1317;10.1317;07-Jul-2015
123208;Reliance Fixed Horizon Fund - XXIV - Series 6 - Growth Option;INF204KA19A0;;12.0015;12.0015;12.0015;07-Jul-2015
123212;Reliance Fixed Horizon Fund - XXIV - Series 7 - Direct Plan - Dividend Payout Option;INF204K010Z7;;12.1793;12.1793;12.1793;07-Jul-2015
123211;Reliance Fixed Horizon Fund - XXIV - Series 7 - Direct Plan - Growth Option;INF204K019Y1;;12.1793;12.1793;12.1793;07-Jul-2015
123214;Reliance Fixed Horizon Fund - XXIV - Series 7 - Dividend Payout Option;INF204K018Y3;;12.0865;12.0865;12.0865;07-Jul-2015
123213;Reliance Fixed Horizon Fund - XXIV - Series 7 - Growth Option;INF204K017Y5;;12.0865;12.0865;12.0865;07-Jul-2015
123344;Reliance Fixed Horizon Fund - XXIV - Series 8-Direct Plan-Growth Option;INF204K013Z1;;12.2913;12.2913;12.2913;07-Jul-2015
123342;Reliance Fixed Horizon Fund - XXIV - Series 8-Dividend Payout Option;INF204K012Z3;;12.2446;12.2446;12.2446;07-Jul-2015
123341;Reliance Fixed Horizon Fund - XXIV - Series 8-Growth Option;INF204K011Z5;;12.2446;12.2446;12.2446;07-Jul-2015
123374;Reliance Fixed Horizon Fund - XXIV - Series 9 -Direct Plan -Growth Option;INF204KA1TL3;;12.0777;12.0777;12.0777;07-Jul-2015
123373;Reliance Fixed Horizon Fund - XXIV - Series 9 -Dividend Payout Option;INF204KA1TK5;;10.8501;10.8501;10.8501;07-Jul-2015
123372;Reliance Fixed Horizon Fund - XXIV - Series 9-Growth Option;INF204KA1TJ7;;11.9741;11.9741;11.9741;07-Jul-2015
125257;Reliance Fixed Horizon Fund - XXV - Series 1-Direct Plan -Growth Option;INF204KA18H7;;11.6038;11.6038;11.6038;07-Jul-2015
125255;Reliance Fixed Horizon Fund - XXV - Series 1-Growth Option;INF204KA16H1;;11.5516;11.5516;11.5516;07-Jul-2015
125934;Reliance Fixed Horizon Fund - XXV - Series 11 - Direct Plan - Growth Option;INF204KA1GF2;;11.4871;11.4871;11.4871;07-Jul-2015
125933;Reliance Fixed Horizon Fund - XXV - Series 11 - Growth Option;INF204KA1GH8;;11.4409;11.4409;11.4409;07-Jul-2015
125957;Reliance Fixed Horizon Fund - XXV - Series 12 - Direct Plan - Growth Option;INF204KA1GJ4;;11.4488;11.4488;11.4488;07-Jul-2015
125956;Reliance Fixed Horizon Fund - XXV - Series 12 - Dividend Payout Option;INF204KA1GM8;;10.1254;10.1254;10.1254;07-Jul-2015
125954;Reliance Fixed Horizon Fund - XXV - Series 12 - Growth Option;INF204KA1GL0;;11.4037;11.4037;11.4037;07-Jul-2015
126256;Reliance Fixed Horizon Fund - XXV - Series 13 - Direct Plan - Growth Option;INF204KA1GN6;;11.4316;11.4316;11.4316;07-Jul-2015
126255;Reliance Fixed Horizon Fund - XXV - Series 13 - Dividend Payout Option;INF204KA1GQ9;;10.1447;10.1447;10.1447;07-Jul-2015
126254;Reliance Fixed Horizon Fund - XXV - Series 13 - Growth Option;INF204KA1GP1;;11.3738;11.3738;11.3738;07-Jul-2015
126372;Reliance Fixed Horizon Fund - XXV - Series 14-Direct Plan -Growth Option;INF204KA1GR7;;11.3953;11.3953;11.3953;07-Jul-2015
126371;Reliance Fixed Horizon Fund - XXV - Series 14-Growth Option;INF204KA1GT3;;11.3784;11.3784;11.3784;07-Jul-2015
126485;Reliance Fixed Horizon Fund - XXV - Series 16 - Direct Plan - Growth Option;INF204KA1GZ0;;11.3580;11.3580;11.3580;07-Jul-2015
126484;Reliance Fixed Horizon Fund - XXV - Series 16 - Growth Option;INF204KA1HB9;;11.3070;11.3070;11.3070;07-Jul-2015
126702;Reliance Fixed Horizon Fund - XXV - Series 17 - Direct Plan - Growth Option;INF204KA1HD5;;11.3055;11.3055;11.3055;07-Jul-2015
126701;Reliance Fixed Horizon Fund - XXV - Series 17 - Growth Option;INF204KA1HF0;;11.2324;11.2324;11.2324;07-Jul-2015
126891;Reliance Fixed Horizon Fund - XXV - Series 18 - Direct Plan - Growth Option;INF204KA1E46;;11.3694;11.3694;11.3694;07-Jul-2015
126889;Reliance Fixed Horizon Fund - XXV - Series 18 - Growth Option;INF204KA1E20;;11.3600;11.3600;11.3600;07-Jul-2015
125310;Reliance Fixed Horizon Fund - XXV - Series 2 -Direct Plan -Dividend Payout Option;INF204KA1EW2;;10.5410;10.5410;10.5410;07-Jul-2015
125309;Reliance Fixed Horizon Fund - XXV - Series 2-Direct Plan-Growth Option;INF204KA1EV4;;11.5298;11.5298;11.5298;07-Jul-2015
125312;Reliance Fixed Horizon Fund - XXV - Series 2-Dividend Payout Option;INF204KA1EY8;;10.5344;10.5344;10.5344;07-Jul-2015
125311;Reliance Fixed Horizon Fund - XXV - Series 2-Growth Option;INF204KA1EX0;;11.4991;11.4991;11.4991;07-Jul-2015
126975;Reliance Fixed Horizon Fund - XXV - Series 20 - Direct Plan - Dividend Payout Option;INF204KA1HQ7;;11.6355;11.6355;11.6355;07-Jul-2015
126977;Reliance Fixed Horizon Fund - XXV - Series 20 - Direct Plan - Growth Option;INF204KA1HP9;;11.6355;11.6355;11.6355;07-Jul-2015
126978;Reliance Fixed Horizon Fund - XXV - Series 20 - Dividend Payout Option;INF204KA1HS3;;11.5554;11.5554;11.5554;07-Jul-2015
126976;Reliance Fixed Horizon Fund - XXV - Series 20 - Growth Option;INF204KA1HR5;;11.5554;11.5554;11.5554;07-Jul-2015
127069;Reliance Fixed Horizon Fund - XXV - Series 21 - Direct Plan - Dividend Payout Option;INF204KA1HY1;;10.1544;10.1544;10.1544;07-Jul-2015
127067;Reliance Fixed Horizon Fund - XXV - Series 21 - Direct Plan - Growth Option;INF204KA1HX3;;11.3103;11.3103;11.3103;07-Jul-2015
127066;Reliance Fixed Horizon Fund - XXV - Series 21 - Growth Option;INF204KA1HZ8;;11.2299;11.2299;11.2299;07-Jul-2015
127083;Reliance Fixed Horizon Fund - XXV - Series 22 - Direct Plan - Growth Option;INF204KA1IB7;;11.3417;11.3417;11.3417;07-Jul-2015
127082;Reliance Fixed Horizon Fund - XXV - Series 22 - Dividend Payout Option;INF204KA1IE1;;10.1659;10.1659;10.1659;07-Jul-2015
127080;Reliance Fixed Horizon Fund - XXV - Series 22 - Growth Option;INF204KA1ID3;;11.2607;11.2607;11.2607;07-Jul-2015
127242;Reliance Fixed Horizon Fund - XXV - Series 23 - Direct Plan - Dividend Payout Option;INF204KA1II2;;11.4986;11.4986;11.4986;07-Jul-2015
127240;Reliance Fixed Horizon Fund - XXV - Series 23 - Direct Plan - Growth Option;INF204KA1IH4;;11.4986;11.4986;11.4986;07-Jul-2015
127241;Reliance Fixed Horizon Fund - XXV - Series 23 - Dividend Payout Option;INF204KA1IG6;;11.4553;11.4553;11.4553;07-Jul-2015
127239;Reliance Fixed Horizon Fund - XXV - Series 23 - Growth Option;INF204KA1IF8;;11.4553;11.4553;11.4553;07-Jul-2015
127264;Reliance Fixed Horizon Fund - XXV - Series 24 - Direct Plan - Growth Option;INF204KA1G10;;11.3335;11.3335;11.3335;07-Jul-2015
127266;Reliance Fixed Horizon Fund - XXV - Series 24 - Growth Option;INF204KA1F94;;11.3237;11.3237;11.3237;07-Jul-2015
127360;Reliance Fixed Horizon Fund - XXV - Series 25 - Direct Plan - Dividend Payout Option;INF204KA1IQ5;;11.5377;11.5377;11.5377;07-Jul-2015
127362;Reliance Fixed Horizon Fund - XXV - Series 25 - Direct Plan - Growth Option;INF204KA1IP7;;11.5377;11.5377;11.5377;07-Jul-2015
127361;Reliance Fixed Horizon Fund - XXV - Series 25 - Dividend Payout Option;INF204KA1IO0;;11.4456;11.4456;11.4456;07-Jul-2015
127359;Reliance Fixed Horizon Fund - XXV - Series 25 - Growth Option;INF204KA1IN2;;11.4456;11.4456;11.4456;07-Jul-2015
127538;Reliance Fixed Horizon Fund - XXV - Series 26 - Direct Plan - Growth Option;INF204KA1JB5;;11.3042;11.3042;11.3042;07-Jul-2015
127537;Reliance Fixed Horizon Fund - XXV - Series 26 - Growth Option;INF204KA1IZ6;;11.2835;11.2835;11.2835;07-Jul-2015
127541;Reliance Fixed Horizon Fund - XXV - Series 27 - Direct Plan - Growth Option;INF204KA1JF6;;11.3101;11.3101;11.3101;07-Jul-2015
127540;Reliance Fixed Horizon Fund - XXV - Series 27 - Growth Option;INF204KA1JD1;;11.2411;11.2411;11.2411;07-Jul-2015
127547;Reliance Fixed Horizon Fund - XXV - Series 28 - Direct Plan - Growth Option;INF204KA1JJ8;;11.2997;11.2997;11.2997;07-Jul-2015
127544;Reliance Fixed Horizon Fund - XXV - Series 28 - Dividend Payout Option;INF204KA1JI0;;10.1895;10.1895;10.1895;07-Jul-2015
127546;Reliance Fixed Horizon Fund - XXV - Series 28 - Growth Option;INF204KA1JH2;;11.2728;11.2728;11.2728;07-Jul-2015
125358;Reliance Fixed Horizon Fund - XXV - Series 3 - Direct Plan - Dividend Payout Option;INF204KA11H2;;10.0163;10.0163;10.0163;07-Jul-2015
125357;Reliance Fixed Horizon Fund - XXV - Series 3 - Direct Plan - Growth Option;INF204KA10H4;;11.5321;11.5321;11.5321;07-Jul-2015
125356;Reliance Fixed Horizon Fund - XXV - Series 3 - Growth Option;INF204KA18G9;;11.4766;11.4766;11.4766;07-Jul-2015
127734;Reliance Fixed Horizon Fund - XXV - Series 30 - Direct Plan - Dividend Payout Option;INF204KA1JS9;;10.1913;10.1913;10.1913;07-Jul-2015
127735;Reliance Fixed Horizon Fund - XXV - Series 30 - Direct Plan - Growth Option;INF204KA1JR1;;11.2537;11.2537;11.2537;07-Jul-2015
127733;Reliance Fixed Horizon Fund - XXV - Series 30 - Dividend Payout Option;INF204KA1JQ3;;10.1877;10.1877;10.1877;07-Jul-2015
127732;Reliance Fixed Horizon Fund - XXV - Series 30 - Growth Option;INF204KA1JP5;;11.1781;11.1781;11.1781;07-Jul-2015
127844;Reliance Fixed Horizon Fund - XXV - Series 31 - Direct Plan - Growth Option;INF204KA1JV3;;11.2628;11.2628;11.2628;07-Jul-2015
127843;Reliance Fixed Horizon Fund - XXV - Series 31 - Growth Option;INF204KA1JT7;;11.2452;11.2452;11.2452;07-Jul-2015
128181;Reliance Fixed Horizon Fund - XXV - Series 32 - Direct Plan - Growth Option;INF204KA1KD9;;11.2327;11.2327;11.2327;07-Jul-2015
128180;Reliance Fixed Horizon Fund - XXV - Series 32 - Growth Option;INF204KA1KB3;;11.2181;11.2181;11.2181;07-Jul-2015
128185;Reliance Fixed Horizon Fund - XXV - Series 33 - Direct Plan - Growth Option;INF204KA1KH0;;11.1942;11.1942;11.1942;07-Jul-2015
128184;Reliance Fixed Horizon Fund - XXV - Series 33 - Dividend Payout Option;INF204KA1KG2;;10.1890;10.1890;10.1890;07-Jul-2015
128183;Reliance Fixed Horizon Fund - XXV - Series 33 - Growth Option;INF204KA1KF4;;11.1797;11.1797;11.1797;07-Jul-2015
128199;Reliance Fixed Horizon Fund - XXV - Series 34 - Direct Plan - Growth Option;INF204KA1KL2;;11.2044;11.2044;11.2044;07-Jul-2015
128198;Reliance Fixed Horizon Fund - XXV - Series 34 - Growth Option;INF204KA1KJ6;;11.1900;11.1900;11.1900;07-Jul-2015
128320;Reliance Fixed Horizon Fund - XXV - Series 35- Direct Plan - Dividend Payout Option;INF204KA1LC9;;11.5718;11.5718;11.5718;07-Jul-2015
128318;Reliance Fixed Horizon Fund - XXV - Series 35- Direct Plan - Growth Option;INF204KA1LB1;;11.5718;11.5718;11.5718;07-Jul-2015
128317;Reliance Fixed Horizon Fund - XXV - Series 35- Dividend Payout Option;INF204KA1LA3;;11.5041;11.5041;11.5041;07-Jul-2015
128319;Reliance Fixed Horizon Fund - XXV - Series 35- Growth Option;INF204KA1KZ2;;11.5041;11.5041;11.5041;07-Jul-2015
125392;Reliance Fixed Horizon Fund - XXV - Series 4 - Direct Plan - Dividend Payout Option;INF204KA1YP4;;10.5017;10.5017;10.5017;07-Jul-2015
125390;Reliance Fixed Horizon Fund - XXV - Series 4 - Direct Plan - Growth Option;INF204KA1YO7;;11.4990;11.4990;11.4990;07-Jul-2015
125393;Reliance Fixed Horizon Fund - XXV - Series 4 - Growth Option;INF204KA1YM1;;11.4628;11.4628;11.4628;07-Jul-2015
125528;Reliance Fixed Horizon Fund - XXV - Series 6 - Direct Plan - Growth Option;INF204KA1FL2;;11.5154;11.5154;11.5154;07-Jul-2015
125527;Reliance Fixed Horizon Fund - XXV - Series 6 - Growth Option;INF204KA1FN8;;11.4655;11.4655;11.4655;07-Jul-2015
127913;Reliance Fixed Horizon Fund - XXVI - Series 1 - Direct Plan - Dividend Payout Option;INF204KA1KA5;;11.5233;11.5233;11.5233;07-Jul-2015
127911;Reliance Fixed Horizon Fund - XXVI - Series 1 - Direct Plan - Growth Option;INF204KA1JZ4;;11.5233;11.5233;11.5233;07-Jul-2015
127912;Reliance Fixed Horizon Fund - XXVI - Series 1 - Dividend Payout Option;INF204KA1JY7;;11.4622;11.4622;11.4622;07-Jul-2015
127910;Reliance Fixed Horizon Fund - XXVI - Series 1 - Growth Option;INF204KA1JX9;;11.4622;11.4622;11.4622;07-Jul-2015
129115;Reliance Fixed Horizon Fund - XXVI - Series 14- Direct Plan - Dividend Payout Option;INF204KA1NM4;;11.2970;11.2970;11.2970;07-Jul-2015
129114;Reliance Fixed Horizon Fund - XXVI - Series 14- Direct Plan - Growth Option;INF204KA1NL6;;11.2970;11.2970;11.2970;07-Jul-2015
129116;Reliance Fixed Horizon Fund - XXVI - Series 14- Dividend payout Option;INF204KA1NK8;;11.2356;11.2356;11.2356;07-Jul-2015
129113;Reliance Fixed Horizon Fund - XXVI - Series 14- Growth Option;INF204KA1NJ0;;11.2356;11.2356;11.2356;07-Jul-2015
129291;Reliance Fixed Horizon Fund - XXVI - Series 17- Direct Plan - Growth Option;INF204KA1NX1;;11.1156;11.1156;11.1156;07-Jul-2015
129289;Reliance Fixed Horizon Fund - XXVI - Series 17- Growth Option;INF204KA1NV5;;11.0969;11.0969;11.0969;07-Jul-2015
129293;Reliance Fixed Horizon Fund - XXVI - Series 18- Direct Plan - Dividend Payout Option;INF204KA1OC3;;10.1485;10.1485;10.1485;07-Jul-2015
129296;Reliance Fixed Horizon Fund - XXVI - Series 18- Direct Plan - Growth Option;INF204KA1OB5;;11.1012;11.1012;11.1012;07-Jul-2015
129295;Reliance Fixed Horizon Fund - XXVI - Series 18- Dividend payout Option;INF204KA1OA7;;10.1465;10.1465;10.1465;07-Jul-2015
129294;Reliance Fixed Horizon Fund - XXVI - Series 18- Growth Option;INF204KA1NZ6;;11.0766;11.0766;11.0766;07-Jul-2015
128082;Reliance Fixed Horizon Fund - XXVI - Series 2 - Direct Plan - Growth Option;INF204KA1KX7;;11.2185;11.2185;11.2185;07-Jul-2015
128081;Reliance Fixed Horizon Fund - XXVI - Series 2 - Growth Option;INF204KA1KV1;;11.2046;11.2046;11.2046;07-Jul-2015
130192;Reliance Fixed Horizon Fund - XXVI - Series 29 - Direct Plan - Dividend Payout Option;INF204KA1QO3;;10.0359;10.0359;10.0359;07-Jul-2015
130190;Reliance Fixed Horizon Fund - XXVI - Series 29 - Direct Plan - Growth Option;INF204KA1QN5;;10.9448;10.9448;10.9448;07-Jul-2015
130191;Reliance Fixed Horizon Fund - XXVI - Series 29 - Dividend Payout Option;INF204KA1QM7;;10.0356;10.0356;10.0356;07-Jul-2015
130189;Reliance Fixed Horizon Fund - XXVI - Series 29 - Growth Option;INF204KA1QL9;;10.9333;10.9333;10.9333;07-Jul-2015
130196;Reliance Fixed Horizon Fund - XXVI - Series 30 - Direct Plan - Dividend Payout Option;INF204KA1QS4;;11.0595;11.0595;11.0595;07-Jul-2015
130194;Reliance Fixed Horizon Fund - XXVI - Series 30 - Direct Plan - Growth Option;INF204KA1QR6;;11.0595;11.0595;11.0595;07-Jul-2015
130195;Reliance Fixed Horizon Fund - XXVI - Series 30 - Dividend Payout Option;INF204KA1QQ8;;11.0033;11.0033;11.0033;07-Jul-2015
130193;Reliance Fixed Horizon Fund - XXVI - Series 30 - Growth Option;INF204KA1QP0;;11.0033;11.0033;11.0033;07-Jul-2015
130229;Reliance Fixed Horizon Fund - XXVI - Series 31 - Direct Plan - Dividend Payout Option;INF204KA1QW6;;10.0239;10.0239;10.0239;07-Jul-2015
130228;Reliance Fixed Horizon Fund - XXVI - Series 31 - Direct Plan - Growth Option;INF204KA1QV8;;10.9252;10.9252;10.9252;07-Jul-2015
130230;Reliance Fixed Horizon Fund - XXVI - Series 31 - Dividend Payout Option;INF204KA1QU0;;10.0236;10.0236;10.0236;07-Jul-2015
130227;Reliance Fixed Horizon Fund - XXVI - Series 31 - Growth Option;INF204KA1QT2;;10.9149;10.9149;10.9149;07-Jul-2015
128461;Reliance Fixed Horizon Fund - XXVI - Series 4-Direct Plan - Dividend Payout Option;INF204KA1LL0;;11.4349;11.4349;11.4349;07-Jul-2015
128460;Reliance Fixed Horizon Fund - XXVI - Series 4-Direct Plan - Growth Option;INF204KA1LK2;;11.4349;11.4349;11.4349;07-Jul-2015
128459;Reliance Fixed Horizon Fund - XXVI - Series 4-Dividend payout Option;INF204KA1LJ4;;11.3543;11.3543;11.3543;07-Jul-2015
128458;Reliance Fixed Horizon Fund - XXVI - Series 4-Growth Option;INF204KA1LI6;;11.3543;11.3543;11.3543;07-Jul-2015
131168;Reliance Fixed Horizon Fund - XXVII - Series 5 - Direct Plan - Growth Option;INF204KA1TV2;;10.9099;10.9099;10.9099;07-Jul-2015
131169;Reliance Fixed Horizon Fund - XXVII - Series 5 - Dividend Payout Option;INF204KA1TU4;;10.8697;10.8697;10.8697;07-Jul-2015
131167;Reliance Fixed Horizon Fund - XXVII - Series 5 - Growth Option;INF204KA1TT6;;10.8697;10.8697;10.8697;07-Jul-2015
118025;Reliance Fixed Horizon Fund XXII - Series 32 - Dividend Payout Option;INF204K01WE4;-;10.7803;10.7803;10.7803;07-Jul-2015
118024;Reliance Fixed Horizon Fund XXII - Series 32 - Growth Option;INF204K01WD6;-;12.4424;12.4424;12.4424;07-Jul-2015
122324;Reliance Fixed Horizon Fund XXIII - Series 10 - Direct Plan - Growth Option;INF204KA1Z17;;12.0284;12.0284;12.0284;07-Jul-2015
122326;Reliance Fixed Horizon Fund XXIII - Series 10 - Dividend Option;INF204KA1Z09;;10.1657;10.1657;10.1657;07-Jul-2015
122327;Reliance Fixed Horizon Fund XXIII - Series 10 -Growth Option;INF204KA1Y91;;12.0142;12.0142;12.0142;07-Jul-2015
129150;Reliance Fixed Horizon Fund XXVI- Series 15- Direct Plan - Dividend Payout Option;INF204KA1NQ5;;11.2076;11.2076;11.2076;07-Jul-2015
129149;Reliance Fixed Horizon Fund XXVI- Series 15- Direct Plan - Growth Option;INF204KA1NP7;;11.2076;11.2076;11.2076;07-Jul-2015
129148;Reliance Fixed Horizon Fund XXVI- Series 15- Dividend payout Option;INF204KA1NO0;;11.1773;11.1773;11.1773;07-Jul-2015
129147;Reliance Fixed Horizon Fund XXVI- Series 15- Growth Option;INF204KA1NN2;;11.1773;11.1773;11.1773;07-Jul-2015
129510;Reliance Fixed Horizon Fund XXVI- Series 20- Direct Plan- Growth Option;INF204KA1OJ8;;11.0540;11.0540;11.0540;07-Jul-2015
129508;Reliance Fixed Horizon Fund XXVI- Series 20- Growth Option;INF204KA1OH2;;11.0412;11.0412;11.0412;07-Jul-2015
129562;Reliance Fixed Horizon Fund XXVI- Series 22- Direct Plan- Dividend Payout Option;INF204KA1OS9;;10.1104;10.1104;10.1104;07-Jul-2015
129563;Reliance Fixed Horizon Fund XXVI- Series 22- Direct Plan- Growth Option;INF204KA1OR1;;11.0536;11.0536;11.0536;07-Jul-2015
129560;Reliance Fixed Horizon Fund XXVI- Series 22- Growth Option;INF204KA1OP5;;11.0409;11.0409;11.0409;07-Jul-2015
129686;Reliance Fixed Horizon Fund- XXVI- Series 24- Direct Plan- Growth Option;INF204KA1PD8;;11.0272;11.0272;11.0272;07-Jul-2015
129683;Reliance Fixed Horizon Fund- XXVI- Series 24- Growth Option;INF204KA1PB2;;11.0149;11.0149;11.0149;07-Jul-2015
129838;Reliance Fixed Horizon Fund XXVI- Series 26- Direct Plan- Dividend Payout Option;INF204KA1PQ0;;11.2670;11.2670;11.2670;07-Jul-2015
129837;Reliance Fixed Horizon Fund XXVI- Series 26- Direct Plan- Growth Option;INF204KA1PP2;;11.2670;11.2670;11.2670;07-Jul-2015
129840;Reliance Fixed Horizon Fund XXVI- Series 26- Dividend Payout Option;INF204KA1PO5;;11.1987;11.1987;11.1987;07-Jul-2015
129839;Reliance Fixed Horizon Fund- XXVI- Series 26- Growth Option;INF204KA1PN7;;11.1987;11.1987;11.1987;07-Jul-2015
130266;Reliance Fixed Horizon Fund XXVI- Series 32- Direct Plan- Growth Option;INF204KA1QZ9;;11.1022;11.1022;11.1022;07-Jul-2015
130265;Reliance Fixed Horizon Fund XXVI- Series 32- Dividend Payout Option;INF204KA1QY2;;11.0421;11.0421;11.0421;07-Jul-2015
130264;Reliance Fixed Horizon Fund XXVI- Series 32- Growth Option;INF204KA1QX4;;11.0421;11.0421;11.0421;07-Jul-2015
130414;Reliance Fixed Horizon Fund XXVI Series- 33- Dividend Payout Option;INF204KA1RC6;;10.8821;10.8821;10.8821;07-Jul-2015
130416;Reliance Fixed Horizon Fund XXVI- Series 33- Direct Plan- Dividend Payout Option;INF204KA1RE2;;10.8967;10.8967;10.8967;07-Jul-2015
130415;Reliance Fixed Horizon Fund XXVI- Series 33- Direct Plan- Growth Option;INF204KA1RD4;;10.8967;10.8967;10.8967;07-Jul-2015
130413;Reliance Fixed Horizon Fund XXVI- Series 33- Growth Option;INF204KA1RB8;;10.8821;10.8821;10.8821;07-Jul-2015
130633;Reliance Fixed Horizon Fund XXVI-  Series 35- Direct Plan- Growth Option;INF204KA1RM5;;11.0749;11.0749;11.0749;07-Jul-2015
130634;Reliance Fixed Horizon Fund XXVI- Series 35- Direct Plan- Dividend Payout Option;INF204KA1RN3;;11.0749;11.0749;11.0749;07-Jul-2015
130636;Reliance Fixed Horizon Fund XXVI- Series 35- Dividend payout option;INF204KA1RK9;;11.0290;11.0290;11.0290;07-Jul-2015
130635;Reliance Fixed Horizon Fund XXVI- Series 35- Growth Option;INF204KA1RJ1;;11.0290;11.0290;11.0290;07-Jul-2015
132861;Reliance Fixed Horizon Fund XXVII- Series 11- Direct Plan-Dividend Payout Option;INF204KA1WZ7;;10.5840;10.5840;10.5840;07-Jul-2015
132860;Reliance Fixed Horizon Fund XXVII- Series 11- Direct Plan-Growth Option;INF204KA1WY0;;10.5840;10.5840;10.5840;07-Jul-2015
132859;Reliance Fixed Horizon Fund XXVII- Series 11- Growth Option;INF204KA1WW4;;10.5778;10.5778;10.5778;07-Jul-2015
133202;Reliance Fixed Horizon Fund XXVII- Series 15- Direct Plan- Dividend Payout Option;INF204KA1YT6;;10.5233;10.5233;10.5233;07-Jul-2015
133200;Reliance Fixed Horizon Fund XXVII- Series 15- Direct Plan- Growth Option;INF204KA1YS8;;10.5233;10.5233;10.5233;07-Jul-2015
133201;Reliance Fixed Horizon Fund XXVII- Series 15- Dividend Payout Option;INF204KA1YR0;;10.4973;10.4973;10.4973;07-Jul-2015
133199;Reliance Fixed Horizon Fund XXVII- Series 15- Growth Option;INF204KA1YQ2;;10.4973;10.4973;10.4973;07-Jul-2015
130877;Reliance Fixed Horizon Fund XXVII- Series 3- Direct Plan- Dividend Payout Option;INF204KA1SS0;;11.0321;11.0321;11.0321;07-Jul-2015
130875;Reliance Fixed Horizon Fund XXVII- Series 3- Direct Plan- Growth Option;INF204KA1SR2;;11.0321;11.0321;11.0321;07-Jul-2015
130876;Reliance Fixed Horizon Fund XXVII- Series 3- Dividend Payout option;INF204KA1SQ4;;10.9886;10.9886;10.9886;07-Jul-2015
130874;Reliance Fixed Horizon Fund XXVII- Series 3- Growth Option;INF204KA1SP6;;10.9886;10.9886;10.9886;07-Jul-2015
131078;Reliance Fixed Horizon Fund XXVII- Series 4- Direct Plan- Growth Option;INF204KA1TH1;;10.9178;10.9178;10.9178;07-Jul-2015
131077;Reliance Fixed Horizon Fund XXVII- Series 4- Dividend Payout Option;INF204KA1TG3;;10.9086;10.9086;10.9086;07-Jul-2015
131076;Reliance Fixed Horizon Fund XXVII- Series 4- Growth Option;INF204KA1TF5;;10.9086;10.9086;10.9086;07-Jul-2015
131216;Reliance Fixed Horizon Fund XXVII- Series 6- Direct Plan- Growth Option;INF204KA1TZ3;;10.8780;10.8780;10.8780;07-Jul-2015
131218;Reliance Fixed Horizon Fund XXVII- Series 6- Growth Option;INF204KA1TX8;;10.8703;10.8703;10.8703;07-Jul-2015
131348;Reliance Fixed Horizon Fund XXVII- Series 7- Direct Plan- Growth Option;INF204KA1UU2;;10.8608;10.8608;10.8608;07-Jul-2015
131347;Reliance Fixed Horizon Fund XXVII- Series 7- Dividend Payout Option;INF204KA1UT4;;10.8523;10.8523;10.8523;07-Jul-2015
131346;Reliance Fixed Horizon Fund XXVII- Series 7- Growth Option;INF204KA1US6;;10.8523;10.8523;10.8523;07-Jul-2015
131538;Reliance Fixed Horizon Fund XXVII- Series 8- Direct Plan- Dividend Payout Option;INF204KA1UV0;;10.7469;10.7469;10.7469;07-Jul-2015
131537;Reliance Fixed Horizon Fund XXVII- Series 8- Direct Plan- Growth Option;INF204KA1UU2;;10.7469;10.7469;10.7469;07-Jul-2015
131539;Reliance Fixed Horizon Fund XXVII- Series 8- Growth Option;INF204KA1US6;;10.7399;10.7399;10.7399;07-Jul-2015
131592;Reliance Fixed Horizon Fund XXVII- Series 9- Direct Plan-Dividend Payout Option;INF204KA1WJ1;;10.6482;10.6482;10.6482;07-Jul-2015
131593;Reliance Fixed Horizon Fund XXVII- Series 9- Direct Plan-Growth option;INF204KA1WI3;;10.6482;10.6482;10.6482;07-Jul-2015
131591;Reliance Fixed Horizon Fund XXVII- Series 9- Dividend Payout Option;INF204KA1WH5;;10.6089;10.6089;10.6089;07-Jul-2015
131590;Reliance Fixed Horizon Fund XXVII- Series 9- Growth option;INF204KA1WG7;;10.6089;10.6089;10.6089;07-Jul-2015
134022;Reliance Fixed Horizon Fund XXVIII- Series 10- Direct Plan- Growth Option;INF204KA1H35;;10.2776;10.2776;10.2776;07-Jul-2015
134025;Reliance Fixed Horizon Fund XXVIII- Series 10- Dividend Payout Option;INF204KA1H27;;10.2748;10.2748;10.2748;07-Jul-2015
134024;Reliance Fixed Horizon Fund XXVIII- Series 10- Growth Option;INF204KA1H19;;10.2748;10.2748;10.2748;07-Jul-2015
134180;Reliance Fixed Horizon Fund XXVIII- Series 14- Direct Plan-Dividend Payout Option;INF204KA1J66;;10.2472;10.2472;10.2472;07-Jul-2015
134181;Reliance Fixed Horizon Fund XXVIII- Series 14- Direct Plan-Growth Option;INF204KA1J58;;10.2472;10.2472;10.2472;07-Jul-2015
134182;Reliance Fixed Horizon Fund XXVIII- Series 14- Dividend Payout Option;INF204KA1J41;;10.2346;10.2346;10.2346;07-Jul-2015
134183;Reliance Fixed Horizon Fund XXVIII- Series 14- Growth Option;INF204KA1J33;;10.2346;10.2346;10.2346;07-Jul-2015
134590;Reliance Fixed Horizon Fund XXVIII- Series 18- Direct Plan-Dividend Payout Option;INF204KA1V86;;10.1188;10.1188;10.1188;07-Jul-2015
134589;Reliance Fixed Horizon Fund XXVIII- Series 18- Direct Plan-Growth Option;INF204KA1V78;;10.1188;10.1188;10.1188;07-Jul-2015
134591;Reliance Fixed Horizon Fund XXVIII- Series 18- Dividend Payout Option;INF204KA1V60;;10.1082;10.1082;10.1082;07-Jul-2015
134592;Reliance Fixed Horizon Fund XXVIII- Series 18- Growth Option;INF204KA1V52;;10.1082;10.1082;10.1082;07-Jul-2015
134637;Reliance Fixed Horizon Fund XXVIII- Series 19- Direct Plan-Growth Option;INF204KA13A3;;10.1001;10.1001;10.1001;07-Jul-2015
134636;Reliance Fixed Horizon Fund XXVIII- Series 19- Dividend Payout Option;INF204KA12A5;;10.0995;10.0995;10.0995;07-Jul-2015
134635;Reliance Fixed Horizon Fund XXVIII- Series 19- Growth Option;INF204KA11A7;;10.0995;10.0995;10.0995;07-Jul-2015
133328;Reliance Fixed Horizon Fund XXVIII- Series 2- Direct Plan-Dividend Payout Option;INF204KA1ZR7;;10.4576;10.4576;10.4576;07-Jul-2015
133327;Reliance Fixed Horizon Fund XXVIII- Series 2- Direct Plan-Growth Option;INF204KA1ZQ9;;10.4576;10.4576;10.4576;07-Jul-2015
133329;Reliance Fixed Horizon Fund XXVIII- Series 2- Dividend Payout Option;INF204KA1ZP1;;10.4403;10.4403;10.4403;07-Jul-2015
133326;Reliance Fixed Horizon Fund XXVIII- Series 2- Growth Option;INF204KA1ZO4;;10.4403;10.4403;10.4403;07-Jul-2015
133471;Reliance Fixed Horizon Fund XXVIII- Series 4- Direct Plan-Dividend Payout Option;INF204KA1B15;;10.4009;10.4009;10.4009;07-Jul-2015
133473;Reliance Fixed Horizon Fund XXVIII- Series 4- Dividend Payout Option;INF204KA1A99;;10.3853;10.3853;10.3853;07-Jul-2015
133470;Reliance Fixed Horizon Fund XXVIII- Series 4- Growth Option;INF204KA1A81;;10.3853;10.3853;10.3853;07-Jul-2015
133472;Reliance Fixed Horizon Fund XXVIII- Series 4-Direct Plan- Growth Option;INF204KA1B07;;10.4009;10.4009;10.4009;07-Jul-2015
133842;Reliance Fixed Horizon Fund XXVIII- Series 7- Direct Plan-Growth Option;INF204KA1E95;;10.3146;10.3146;10.3146;07-Jul-2015
133841;Reliance Fixed Horizon Fund XXVIII- Series 7- Dividend Payout Option;INF204KA1E87;;10.3090;10.3090;10.3090;07-Jul-2015
133840;Reliance Fixed Horizon Fund XXVIII- Series 7- Growth Option;INF204KA1E79;;10.3090;10.3090;10.3090;07-Jul-2015
128966;Reliance Fixed Horizon Fund- XXVI- Series 12- Direct Plan - Growth Option;INF204KA1ND3;;11.1219;11.1219;11.1219;07-Jul-2015
128964;Reliance Fixed Horizon Fund- XXVI- Series 12- Growth Option;INF204KA1NB7;;11.0946;11.0946;11.0946;07-Jul-2015
129020;Reliance Fixed Horizon Fund- XXVI- Series 13- Direct Plan - Growth Option;INF204KA1NH4;;11.1150;11.1150;11.1150;07-Jul-2015
129018;Reliance Fixed Horizon Fund- XXVI- Series 13- Growth Option;INF204KA1NF8;;11.0899;11.0899;11.0899;07-Jul-2015
129184;Reliance Fixed Horizon Fund- XXVI- Series 16- Direct Plan - Dividend Payout Option;INF204KA1NU7;;11.3717;11.3717;11.3717;07-Jul-2015
129186;Reliance Fixed Horizon Fund- XXVI- Series 16- Direct Plan - Growth Option;INF204KA1NT9;;11.3717;11.3717;11.3717;07-Jul-2015
129185;Reliance Fixed Horizon Fund- XXVI- Series 16- Dividend payout Option;INF204KA1NS1;;11.2975;11.2975;11.2975;07-Jul-2015
129183;Reliance Fixed Horizon Fund- XXVI- Series 16- Growth Option;INF204KA1NR3;;11.2975;11.2975;11.2975;07-Jul-2015
129418;Reliance Fixed Horizon Fund- XXVI- Series 19- Direct Plan- Growth Option;INF204KA1OF6;;11.0894;11.0894;11.0894;07-Jul-2015
129420;Reliance Fixed Horizon Fund- XXVI- Series 19- Growth Option;INF204KA1OD1;;11.0765;11.0765;11.0765;07-Jul-2015
129521;Reliance Fixed Horizon Fund- XXVI- Series 21- Direct Plan- Growth Option;INF204KA1ON0;;11.3012;11.3012;11.3012;07-Jul-2015
129520;Reliance Fixed Horizon Fund- XXVI- Series 21- Dividend Payout Option;INF204KA1OM2;;11.2831;11.2831;11.2831;07-Jul-2015
129519;Reliance Fixed Horizon Fund- XXVI- Series 21- Growth Option;INF204KA1OL4;;11.2831;11.2831;11.2831;07-Jul-2015
129682;Reliance Fixed Horizon Fund XXVI- Series 23- Direct Plan- Growth Option;INF204KA1OZ4;;11.2033;11.2033;11.2033;07-Jul-2015
129681;Reliance Fixed Horizon Fund- XXVI- Series 23- Direct Plan- Dividend Payout Option;INF204KA1PA4;;11.2033;11.2033;11.2033;07-Jul-2015
129679;Reliance Fixed Horizon Fund- XXVI- Series 23- Dividend Payout Opiton;INF204KA1OY7;;11.1477;11.1477;11.1477;07-Jul-2015
129680;Reliance Fixed Horizon Fund- XXVI- Series 23- Growth Option;INF204KA1OX9;;11.1477;11.1477;11.1477;07-Jul-2015
129731;Reliance Fixed Horizon Fund XXVI- Series 25- Direct Plan- Dividend Payout Option;INF204KA11D1;;10.0807;10.0807;10.0807;07-Jul-2015
129730;Reliance Fixed Horizon Fund XXVI- Series 25- Direct Plan- Growth Option;INF204KA10D3;;11.0050;11.0050;11.0050;07-Jul-2015
129729;Reliance Fixed Horizon Fund XXVI- Series 25- Growth Option;INF204KA12D9;;10.9928;10.9928;10.9928;07-Jul-2015
128635;Reliance Fixed Horizon Fund- XXVI- Series 6-  Growth Option;INF204KA1LQ9;;11.1306;11.1306;11.1306;07-Jul-2015
128638;Reliance Fixed Horizon Fund- XXVI- Series 6- Direct Plan - Dividend Payout Option;INF204KA1LT3;;10.1993;10.1993;10.1993;07-Jul-2015
128637;Reliance Fixed Horizon Fund- XXVI- Series 6- Direct Plan - Growth Option;INF204KA1LS5;;11.1419;11.1419;11.1419;07-Jul-2015
128686;Reliance Fixed Horizon Fund- XXVI- Series 7- Direct Plan - Dividend Payout Option;INF204KA1LX5;;10.1987;10.1987;10.1987;07-Jul-2015
128688;Reliance Fixed Horizon Fund- XXVI- Series 7- Direct Plan - Growth Option;INF204KA1LW7;;11.1669;11.1669;11.1669;07-Jul-2015
128685;Reliance Fixed Horizon Fund- XXVI- Series 7- Dividend payout Option;INF204KA1LV9;;10.1966;10.1966;10.1966;07-Jul-2015
128687;Reliance Fixed Horizon Fund- XXVI- Series 7- Growth Option;INF204KA1LU1;;11.1537;11.1537;11.1537;07-Jul-2015
128841;Reliance Fixed Horizon Fund- XXVI- Series 9- Direct Plan - Growth Option;INF204KA1MI4;;11.1299;11.1299;11.1299;07-Jul-2015
128843;Reliance Fixed Horizon Fund- XXVI- Series 9- Growth Option;INF204KA1MG8;;11.1162;11.1162;11.1162;07-Jul-2015
130010;Reliance Fixed Horizon Fund-XXVI-Series 28-Direct Plan-Growth Option;INF204KA1PX6;;10.9932;10.9932;10.9932;07-Jul-2015
130012;Reliance Fixed Horizon Fund-XXVI-Series 28-Dividend Payout Option;INF204KA1PW8;;10.0559;10.0559;10.0559;07-Jul-2015
130009;Reliance Fixed Horizon Fund-XXVI-Series 28-Growth Option;INF204KA1PV0;;10.9646;10.9646;10.9646;07-Jul-2015
131379;Reliance Interval Fund III- Series 1- Direct Plan- Growth Option;INF204KA1VD6;;10.7238;10.7238;10.7238;07-Jul-2015
131381;Reliance Interval Fund III- Series 1- Growth Option;INF204KA1VB0;;10.7154;10.7154;10.7154;07-Jul-2015
121177;Reliance Yearly Interval Fund - Series 3 - Direct Plan - Growth Plan - Growth Option;INF204K01S33;-;12.4368;12.4368;12.4368;07-Jul-2015
121178;Reliance Yearly Interval Fund - Series 3 - Dividend Plan - Dividend Option;INF204K01S17;INF204K01S25;10.3025;10.3025;10.3025;07-Jul-2015
121180;Reliance Yearly Interval Fund - Series 3 - Growth Plan - Growth Option;INF204K01S09;-;12.4180;12.4180;12.4180;07-Jul-2015
122079;Reliance Yearly Interval Fund - Series 6 - Direct Plan - Dividend Option;INF204K01U21;INF204K01U39;10.1809;10.1809;10.1809;07-Jul-2015
122081;Reliance Yearly Interval Fund - Series 6 - Direct Plan - Growth Option;INF204K01U13;;12.1149;12.1149;12.1149;07-Jul-2015
122078;Reliance Yearly Interval Fund - Series 6 - Dividend Option;INF204K01T99;INF204K01U05;10.1783;10.1783;10.1783;07-Jul-2015
122080;Reliance Yearly Interval Fund - Series 6 - Growth Option;INF204K01T81;;12.0938;12.0938;12.0938;07-Jul-2015
122225;Reliance Yearly Interval Fund - Series 7 - Direct Plan - Dividend Option;INF204K01U88;INF204K01U96;10.1700;10.1700;10.1700;07-Jul-2015
122227;Reliance Yearly Interval Fund - Series 7 - Direct Plan - Growth Option;INF204K01U70;;12.1180;12.1180;12.1180;07-Jul-2015
122228;Reliance Yearly Interval Fund - Series 7- Dividend Option;INF204K01U54;INF204K01U62;10.1682;10.1682;10.1682;07-Jul-2015
122226;Reliance Yearly Interval Fund - Series 7- Growth Option;INF204K01U47;;12.0971;12.0971;12.0971;07-Jul-2015
121285;Reliance Yearly Interval Fund - Series 4 - Direct Plan - Dividend Plan - Dividend Option;INF204K01T08;INF204K01T16;10.2922;10.2922;10.2922;07-Jul-2015
121286;Reliance Yearly Interval Fund - Series 4 - Direct Plan - Growth Plan - Growth Option;INF204K01S90;-;12.3558;12.3558;12.3558;07-Jul-2015
121287;Reliance Yearly Interval Fund - Series 4 - Dividend Plan - Dividend Option;INF204K01S74;INF204K01S82;10.2888;10.2888;10.2888;07-Jul-2015
121288;Reliance Yearly Interval Fund - Series 4- Growth Plan - Growth Option;INF204K01S66;-;12.3283;12.3283;12.3283;07-Jul-2015

Principal Mutual Fund
126071;PRINCIPAL PNB FIXED MATURITY PLAN SERIES B10 - DIRECT PLAN - GROWTH;INF173K01LM7;;11.4498;11.4498;11.4498;07-Jul-2015
126073;PRINCIPAL PNB FIXED MATURITY PLAN SERIES B10 - REGULAR PLAN - GROWTH;INF173K01LK1;;11.3667;11.3667;11.3667;07-Jul-2015
117910;Principal Pnb Fixed Maturity Plan - Series B2 - Dividend Option;INF173K01EB5;;12.5313;12.5313;12.5313;07-Jul-2015
117911;Principal Pnb Fixed Maturity Plan - Series B2 - Growth Option;INF173K01EA7;;12.5313;12.5313;12.5313;07-Jul-2015
129414;Principal Pnb Fixed Maturity Plan - Series B16- Direct Plan - Dividend Payout;INF173K01NJ9;;11.2950;11.2950;11.2950;07-Jul-2015
129415;Principal Pnb Fixed Maturity Plan - Series B16- Direct Plan - Growth;INF173K01NL5;;11.2950;11.2950;11.2950;07-Jul-2015
129416;Principal Pnb Fixed Maturity Plan - Series B16- Regular plan - Dividend Payout;INF173K01NG5;;11.2151;11.2151;11.2151;07-Jul-2015
129413;Principal Pnb Fixed Maturity Plan - Series B16- Regular plan - Growth;INF173K01NI1;;11.2151;11.2151;11.2151;07-Jul-2015
129722;Principal Pnb Fixed Maturity Plan - Series B17- Direct Plan - Dividend Payout;INF173K01MP8;;10.0969;10.0969;10.0969;07-Jul-2015
129721;Principal Pnb Fixed Maturity Plan - Series B17- Direct Plan - Growth;INF173K01MR4;;11.0322;11.0322;11.0322;07-Jul-2015
129719;Principal Pnb Fixed Maturity Plan - Series B17- Regular plan - Growth;INF173K01MO1;;11.0255;11.0255;11.0255;07-Jul-2015
128410;PRINCIPAL PNB FIXED MATURITY PLAN-SERIES B14-DIRECT PLAN-GROWTH;INF173K01LY2;;11.2465;11.2465;11.2465;07-Jul-2015
128408;PRINCIPAL PNB FIXED MATURITY PLAN-SERIES B14-REGULAR PLAN-DIVIDEND PAYOUT;INF173K01LT2;;10.1712;10.1712;10.1712;07-Jul-2015
128411;PRINCIPAL PNB FIXED MATURITY PLAN-SERIES B14-REGULAR PLAN-GROWTH;INF173K01LV8;;11.1853;11.1853;11.1853;07-Jul-2015
127961;PRINCIPAL PNB FIXED MATURITY PLAN-SERIES B13-DIRECT PLAN-GROWTH;INF173K01LS4;;11.2658;11.2658;11.2658;07-Jul-2015
127959;PRINCIPAL PNB FIXED MATURITY PLAN-SERIES B13-REGULAR PLAN-GROWTH;INF173K01LP0;;11.2004;11.2004;11.2004;07-Jul-2015
123210;Principal Pnb FMP Series B5 - Direct Plan - Growth Option;INF173K01KZ1;;11.9705;11.9705;11.9705;07-Jul-2015
123162;Principal Pnb FMP Series B5 - Regular Plan Growth option;INF173K01KW8;;11.9590;11.9590;11.9590;07-Jul-2015

quant Mutual Fund
109070;Escorts Fixed Maturity Plan - Dividend Option;;;0;0;0;07-Jul-2015
109071;Escorts Fixed Maturity Plan - Growth Option;;;0;0;0;07-Jul-2015
109514;Escorts Fixed Maturity Plan - Institutional Dividend;;;0;0;0;07-Jul-2015
109515;Escorts Fixed Maturity Plan - Institutional Growth;;;0;0;0;07-Jul-2015
114875;Escorts Fixed Maturity Plan Series II - Dividend;INF966L01028;;0;0;0;07-Jul-2015
114876;Escorts Fixed Maturity Plan Series II - Growth;INF966L01010;;0;0;0;07-Jul-2015

SBI Mutual Fund
114781;SBI Capital Protection Oriented Fund - Series II -;INF200K01ED2;;14.8966;N.A.;N.A.;07-Jul-2015
126205;SBI DEBT FUND SERIES - 16 MONTHS - 1 - DIRECT PLAN - GROWTH;INF200KA1CE8;;11.4379;N.A.;N.A.;07-Jul-2015
126206;SBI DEBT FUND SERIES - 16 MONTHS - 1 - REGULAR PLAN - DIVIDEND;INF200KA1CD0;;11.3974;N.A.;N.A.;07-Jul-2015
126207;SBI DEBT FUND SERIES - 16 MONTHS - 1 - REGULAR PLAN - GROWTH;INF200KA1CC2;;11.3973;N.A.;N.A.;07-Jul-2015
126208;SBI DEBT FUND SERIES - 16 MONTHS - 1- DIRECT PLAN - DIVIDEND;INF200KA1CF5;;11.43;N.A.;N.A.;07-Jul-2015
126209;SBI DEBT FUND SERIES - 16 MONTHS - 2 - DIRECT PLAN - GROWTH;INF200KA1DM9;;11.3879;N.A.;N.A.;07-Jul-2015
126210;SBI DEBT FUND SERIES - 16 MONTHS - 2 - REGULAR PLAN - DIVIDEND;INF200KA1DL1;;11.3546;N.A.;N.A.;07-Jul-2015
126211;SBI DEBT FUND SERIES - 16 MONTHS - 2 - REGULAR PLAN - GROWTH;INF200KA1DK3;;11.3541;N.A.;N.A.;07-Jul-2015
126212;SBI DEBT FUND SERIES - 16 MONTHS - 2- DIRECT PLAN - DIVIDEND;INF200KA1DN7;;11.3887;N.A.;N.A.;07-Jul-2015
125734;SBI DEBT FUND SERIES - 17 MONTHS - 1 - DIRECT PLAN - GROWTH;INF200KA1CQ2;;11.4997;N.A.;N.A.;07-Jul-2015
125735;SBI DEBT FUND SERIES - 17 MONTHS - 1 - REGULAR PLAN - DIVIDEND;INF200KA1CP4;;11.4577;N.A.;N.A.;07-Jul-2015
125736;SBI DEBT FUND SERIES - 17 MONTHS - 1 - REGULAR PLAN - GROWTH;INF200KA1CO7;;11.4576;N.A.;N.A.;07-Jul-2015
125733;SBI DEBT FUND SERIES - 17 MONTHS - 1- DIRECT PLAN - DIVIDEND;INF200KA1CR0;;11.4993;N.A.;N.A.;07-Jul-2015
125008;SBI DEBT FUND SERIES - 18 MONTHS - 12 - DIRECT PLAN - DIVIDEND;INF200KA1BL5;;N.A.;N.A.;N.A.;07-Jul-2015
125005;SBI DEBT FUND SERIES - 18 MONTHS - 12 - DIRECT PLAN - GROWTH;INF200KA1BK7;;11.5818;N.A.;N.A.;07-Jul-2015
125006;SBI DEBT FUND SERIES - 18 MONTHS - 12 - REGULAR PLAN - DIVIDEND;INF200KA1BJ9;;11.5261;N.A.;N.A.;07-Jul-2015
125007;SBI DEBT FUND SERIES - 18 MONTHS - 12 - REGULAR PLAN - GROWTH;INF200KA1BI1;;11.5265;N.A.;N.A.;07-Jul-2015
125460;SBI DEBT FUND SERIES - 18 MONTHS - 13 - DIRECT PLAN - DIVIDEND;INF200KA1DZ1;;N.A.;N.A.;N.A.;07-Jul-2015
125461;SBI DEBT FUND SERIES - 18 MONTHS - 13 - DIRECT PLAN - GROWTH;INF200KA1DY4;;11.5746;N.A.;N.A.;07-Jul-2015
125462;SBI DEBT FUND SERIES - 18 MONTHS - 13 - REGULAR PLAN - DIVIDEND;INF200KA1DX6;;N.A.;N.A.;N.A.;07-Jul-2015
125463;SBI DEBT FUND SERIES - 18 MONTHS - 13 - REGULAR PLAN - GROWTH;INF200KA1DW8;;11.5331;N.A.;N.A.;07-Jul-2015
120908;SBI DEBT FUND SERIES - 36 MONTHS - 2 - DIRECT PLAN - DIVIDEND;INF200K01QM7;;12.3198;N.A.;N.A.;07-Jul-2015
120911;SBI DEBT FUND SERIES - 36 MONTHS - 2 - DIRECT PLAN - GROWTH;INF200K01QL9;;12.3198;N.A.;N.A.;07-Jul-2015
120909;SBI DEBT FUND SERIES - 36 MONTHS - 2 - REGULAR PLAN - DIVIDEND;INF200K01QH7;;12.1458;N.A.;N.A.;07-Jul-2015
120910;SBI DEBT FUND SERIES - 36 MONTHS - 2 - REGULAR PLAN - GROWTH;INF200K01QG9;;12.1458;N.A.;N.A.;07-Jul-2015
123647;SBI DEBT FUND SERIES - 36 MONTHS - 4 - DIRECT PLAN - DIVIDEND;INF200KA1KF8;;12.015;N.A.;N.A.;07-Jul-2015
123649;SBI DEBT FUND SERIES - 36 MONTHS - 4 - DIRECT PLAN - GROWTH;INF200KA1KE1;;12.015;N.A.;N.A.;07-Jul-2015
123648;SBI DEBT FUND SERIES - 36 MONTHS - 4 - REGULAR PLAN - DIVIDEND;INF200KA1KD3;;11.9791;N.A.;N.A.;07-Jul-2015
123650;SBI DEBT FUND SERIES - 36 MONTHS - 4 - REGULAR PLAN - GROWTH;INF200KA1KC5;;11.9791;N.A.;N.A.;07-Jul-2015
124000;SBI DEBT FUND SERIES - 36 MONTHS - 5 - DIRECT PLAN - DIVIDEND;INF200K01D91;;N.A.;N.A.;N.A.;07-Jul-2015
124001;SBI DEBT FUND SERIES - 36 MONTHS - 5 - DIRECT PLAN - GROWTH;INF200K01D83;;11.885;N.A.;N.A.;07-Jul-2015
124003;SBI DEBT FUND SERIES - 36 MONTHS - 5 - REGULAR PLAN - DIVIDEND;INF200K01D75;;11.8522;N.A.;N.A.;07-Jul-2015
124002;SBI DEBT FUND SERIES - 36 MONTHS - 5 - REGULAR PLAN - GROWTH;INF200K01D67;;11.8522;N.A.;N.A.;07-Jul-2015
124373;SBI DEBT FUND SERIES - 36 MONTHS - 6 - DIRECT PLAN - DIVIDEND;INF200KA1KZ6;;11.9254;N.A.;N.A.;07-Jul-2015
124374;SBI DEBT FUND SERIES - 36 MONTHS - 6 - DIRECT PLAN - GROWTH;INF200KA1KY9;;11.9254;N.A.;N.A.;07-Jul-2015
124375;SBI DEBT FUND SERIES - 36 MONTHS - 6 - REGULAR PLAN - DIVIDEND;INF200KA1KX1;;11.8416;N.A.;N.A.;07-Jul-2015
124376;SBI DEBT FUND SERIES - 36 MONTHS - 6 - REGULAR PLAN - GROWTH;INF200KA1KW3;;11.8416;N.A.;N.A.;07-Jul-2015
125719;SBI DEBT FUND SERIES - 36 MONTHS - 7 - DIRECT PLAN - DIVIDEND;INF200K01E74;;11.6088;N.A.;N.A.;07-Jul-2015
125721;SBI DEBT FUND SERIES - 36 MONTHS - 7 - DIRECT PLAN - GROWTH;INF200K01E66;;11.6088;N.A.;N.A.;07-Jul-2015
125720;SBI DEBT FUND SERIES - 36 MONTHS - 7 - REGULAR PLAN - DIVIDEND;INF200K01E58;;11.5759;N.A.;N.A.;07-Jul-2015
125722;SBI DEBT FUND SERIES - 36 MONTHS - 7 - REGULAR PLAN - GROWTH;INF200K01E41;;11.5759;N.A.;N.A.;07-Jul-2015
123167;SBI DEBT FUND SERIES - 366 DAYS - 34 - DIRECT PLAN - DIVIDEND;INF200K015P1;;N.A.;N.A.;N.A.;07-Jul-2015
123169;SBI DEBT FUND SERIES - 366 DAYS - 34 - DIRECT PLAN - GROWTH;INF200K014P4;;11.9888;N.A.;N.A.;07-Jul-2015
123170;SBI DEBT FUND SERIES - 366 DAYS - 34 - REGULAR PLAN - DIVIDEND;INF200K013P6;;11.9563;N.A.;N.A.;07-Jul-2015
123168;SBI DEBT FUND SERIES - 366 DAYS - 34 - REGULAR PLAN - GROWTH;INF200K012P8;;11.9576;N.A.;N.A.;07-Jul-2015
123321;SBI DEBT FUND SERIES - 366 DAYS - 35 - DIRECT PLAN - DIVIDEND;INF200K017O0;;N.A.;N.A.;N.A.;07-Jul-2015
123324;SBI DEBT FUND SERIES - 366 DAYS - 35 - DIRECT PLAN - GROWTH;INF200K016O2;;11.9596;N.A.;N.A.;07-Jul-2015
123323;SBI DEBT FUND SERIES - 366 DAYS - 35 - REGULAR PLAN - DIVIDEND;INF200K015O4;;N.A.;N.A.;N.A.;07-Jul-2015
123322;SBI DEBT FUND SERIES - 366 DAYS - 35 - REGULAR PLAN - GROWTH;INF200K014O7;;11.929;N.A.;N.A.;07-Jul-2015
123497;SBI DEBT FUND SERIES - 366 DAYS - 36 - DIRECT PLAN - DIVIDEND;INF200K019P3;;N.A.;N.A.;N.A.;07-Jul-2015
123494;SBI DEBT FUND SERIES - 366 DAYS - 36 - DIRECT PLAN - GROWTH;INF200K018P5;;12.023;N.A.;N.A.;07-Jul-2015
123496;SBI DEBT FUND SERIES - 366 DAYS - 36 - REGULAR PLAN - DIVIDEND;INF200K017P7;;11.9925;N.A.;N.A.;07-Jul-2015
123495;SBI DEBT FUND SERIES - 366 DAYS - 36 - REGULAR PLAN - GROWTH;INF200K016P9;;11.9931;N.A.;N.A.;07-Jul-2015
123728;SBI DEBT FUND SERIES - 366 DAYS - 37 - DIRECT PLAN - DIVIDEND;INF200K011R6;;11.9755;N.A.;N.A.;07-Jul-2015
123729;SBI DEBT FUND SERIES - 366 DAYS - 37 - DIRECT PLAN - GROWTH;INF200K010R8;;11.976;N.A.;N.A.;07-Jul-2015
123731;SBI DEBT FUND SERIES - 366 DAYS - 37 - REGULAR PLAN - DIVIDEND;INF200K019Q1;;11.9494;N.A.;N.A.;07-Jul-2015
123730;SBI DEBT FUND SERIES - 366 DAYS - 37 - REGULAR PLAN - GROWTH;INF200K018Q3;;11.9494;N.A.;N.A.;07-Jul-2015
123996;SBI DEBT FUND SERIES - 366 DAYS - 38 - DIRECT PLAN - DIVIDEND;INF200K015R7;;N.A.;N.A.;N.A.;07-Jul-2015
123997;SBI DEBT FUND SERIES - 366 DAYS - 38 - DIRECT PLAN - GROWTH;INF200K014R0;;11.9923;N.A.;N.A.;07-Jul-2015
123998;SBI DEBT FUND SERIES - 366 DAYS - 38 - REGULAR PLAN - DIVIDEND;INF200K013R2;;11.9657;N.A.;N.A.;07-Jul-2015
123999;SBI DEBT FUND SERIES - 366 DAYS - 38 - REGULAR PLAN - GROWTH;INF200K012R4;;11.9657;N.A.;N.A.;07-Jul-2015
124369;SBI DEBT FUND SERIES - 366 DAYS - 39 - DIRECT PLAN - DIVIDEND;INF200K013S0;;10.8445;N.A.;N.A.;07-Jul-2015
124370;SBI DEBT FUND SERIES - 366 DAYS - 39 - DIRECT PLAN - GROWTH;INF200K012S2;;11.9503;N.A.;N.A.;07-Jul-2015
124371;SBI DEBT FUND SERIES - 366 DAYS - 39 - REGULAR PLAN - DIVIDEND;INF200K011S4;;N.A.;N.A.;N.A.;07-Jul-2015
124372;SBI DEBT FUND SERIES - 366 DAYS - 39 - REGULAR PLAN - GROWTH;INF200K010S6;;11.9134;N.A.;N.A.;07-Jul-2015
124527;SBI DEBT FUND SERIES - 366 DAYS - 40 - DIRECT PLAN - DIVIDEND;INF200K015T3;;N.A.;N.A.;N.A.;07-Jul-2015
124525;SBI DEBT FUND SERIES - 366 DAYS - 40 - DIRECT PLAN - GROWTH;INF200K014T6;;11.9017;N.A.;N.A.;07-Jul-2015
124526;SBI DEBT FUND SERIES - 366 DAYS - 40 - REGULAR PLAN - DIVIDEND;INF200K013T8;;N.A.;N.A.;N.A.;07-Jul-2015
124528;SBI DEBT FUND SERIES - 366 DAYS - 40 - REGULAR PLAN - GROWTH;INF200K012T0;;11.857;N.A.;N.A.;07-Jul-2015
124726;SBI DEBT FUND SERIES - 366 DAYS - 41 - DIRECT PLAN - DIVIDEND;INF200K010U2;;N.A.;N.A.;N.A.;07-Jul-2015
124728;SBI DEBT FUND SERIES - 366 DAYS - 41 - DIRECT PLAN - GROWTH;INF200K019T5;;11.8121;N.A.;N.A.;07-Jul-2015
124727;SBI DEBT FUND SERIES - 366 DAYS - 41 - REGULAR PLAN - DIVIDEND;INF200K018T7;;N.A.;N.A.;N.A.;07-Jul-2015
124729;SBI DEBT FUND SERIES - 366 DAYS - 41 - REGULAR PLAN - GROWTH;INF200K016T1;;11.7704;N.A.;N.A.;07-Jul-2015
124938;SBI DEBT FUND SERIES - 366 DAYS - 42 - DIRECT PLAN - DIVIDEND;INF200K012V6;;N.A.;N.A.;N.A.;07-Jul-2015
124940;SBI DEBT FUND SERIES - 366 DAYS - 42 - DIRECT PLAN - GROWTH;INF200K011V8;;11.6876;N.A.;N.A.;07-Jul-2015
124939;SBI DEBT FUND SERIES - 366 DAYS - 42 - REGULAR PLAN - DIVIDEND;INF200K010V0;;10.7516;N.A.;N.A.;07-Jul-2015
124941;SBI DEBT FUND SERIES - 366 DAYS - 42 - REGULAR PLAN - GROWTH;INF200K019U3;;11.6469;N.A.;N.A.;07-Jul-2015
125243;SBI DEBT FUND SERIES - 366 DAYS - 44 - DIRECT PLAN - DIVIDEND;INF200K011X4;;N.A.;N.A.;N.A.;07-Jul-2015
125244;SBI DEBT FUND SERIES - 366 DAYS - 44 - DIRECT PLAN - GROWTH;INF200K010X6;;11.5659;N.A.;N.A.;07-Jul-2015
125246;SBI DEBT FUND SERIES - 366 DAYS - 44 - REGULAR PLAN - DIVIDEND;INF200K019W9;;10.6858;N.A.;N.A.;07-Jul-2015
125245;SBI DEBT FUND SERIES - 366 DAYS - 44 - REGULAR PLAN - GROWTH;INF200K018W1;;11.5375;N.A.;N.A.;07-Jul-2015
125406;SBI DEBT FUND SERIES - 366 DAYS - 45 - DIRECT PLAN - DIVIDEND;INF200K014Y6;;N.A.;N.A.;N.A.;07-Jul-2015
125409;SBI DEBT FUND SERIES - 366 DAYS - 45 - DIRECT PLAN - GROWTH;INF200K015Y3;;11.5479;N.A.;N.A.;07-Jul-2015
125407;SBI DEBT FUND SERIES - 366 DAYS - 45 - REGULAR PLAN - DIVIDEND;INF200K016Y1;;10.6782;N.A.;N.A.;07-Jul-2015
125408;SBI DEBT FUND SERIES - 366 DAYS - 45 - REGULAR PLAN - GROWTH;INF200K017Y9;;11.5195;N.A.;N.A.;07-Jul-2015
125519;SBI DEBT FUND SERIES - 366 DAYS - 46 - DIRECT PLAN - DIVIDEND;INF200K012Z7;;N.A.;N.A.;N.A.;07-Jul-2015
125522;SBI DEBT FUND SERIES - 366 DAYS - 46 - DIRECT PLAN - GROWTH;INF200K013Z5;;11.5168;N.A.;N.A.;07-Jul-2015
125520;SBI DEBT FUND SERIES - 366 DAYS - 46 - REGULAR PLAN - DIVIDEND;INF200K014Z3;;10.6688;N.A.;N.A.;07-Jul-2015
125521;SBI DEBT FUND SERIES - 366 DAYS - 46 - REGULAR PLAN - GROWTH;INF200K015Z0;;11.4889;N.A.;N.A.;07-Jul-2015
125657;SBI DEBT FUND SERIES - 366 DAYS - 47 - DIRECT PLAN - DIVIDEND;INF200KA1077;;10.6802;N.A.;N.A.;07-Jul-2015
125658;SBI DEBT FUND SERIES - 366 DAYS - 47 - DIRECT PLAN - GROWTH;INF200KA1085;;11.5172;N.A.;N.A.;07-Jul-2015
125659;SBI DEBT FUND SERIES - 366 DAYS - 47 - REGULAR PLAN - DIVIDEND;INF200KA1093;;10.662;N.A.;N.A.;07-Jul-2015
125660;SBI DEBT FUND SERIES - 366 DAYS - 47 - REGULAR PLAN - GROWTH;INF200KA1101;;11.4766;N.A.;N.A.;07-Jul-2015
125793;SBI DEBT FUND SERIES - 366 DAYS - 48 - DIRECT PLAN - DIVIDEND;INF200KA1192;;10.6972;N.A.;N.A.;07-Jul-2015
125794;SBI DEBT FUND SERIES - 366 DAYS - 48 - DIRECT PLAN - GROWTH;INF200KA1200;;11.4878;N.A.;N.A.;07-Jul-2015
125795;SBI DEBT FUND SERIES - 366 DAYS - 48 - REGULAR PLAN - DIVIDEND;INF200KA1218;;10.6848;N.A.;N.A.;07-Jul-2015
125796;SBI DEBT FUND SERIES - 366 DAYS - 48 - REGULAR PLAN - GROWTH;INF200KA1226;;11.4609;N.A.;N.A.;07-Jul-2015
126093;SBI DEBT FUND SERIES - 366 DAYS - 49 - DIRECT PLAN - DIVIDEND;INF200KA1275;;10.6989;N.A.;N.A.;07-Jul-2015
126094;SBI DEBT FUND SERIES - 366 DAYS - 49 - DIRECT PLAN - GROWTH;INF200KA1283;;11.4755;N.A.;N.A.;07-Jul-2015
126096;SBI DEBT FUND SERIES - 366 DAYS - 49 - REGULAR PLAN - DIVIDEND;INF200KA1291;;10.6866;N.A.;N.A.;07-Jul-2015
126095;SBI DEBT FUND SERIES - 366 DAYS - 49 - REGULAR PLAN - GROWTH;INF200KA1309;;11.449;N.A.;N.A.;07-Jul-2015
126750;SBI DEBT FUND SERIES - 366 DAYS - 51 DIRECT PLAN - DIVIDEND;INF200KA1358;;N.A.;N.A.;N.A.;07-Jul-2015
126748;SBI DEBT FUND SERIES - 366 DAYS - 51 DIRECT PLAN - GROWTH;INF200KA1366;;11.3625;N.A.;N.A.;07-Jul-2015
126747;SBI DEBT FUND SERIES - 366 DAYS - 51 REGULAR PLAN - DIVIDEND;INF200KA1374;;N.A.;N.A.;N.A.;07-Jul-2015
126749;SBI DEBT FUND SERIES - 366 DAYS - 51 REGULAR PLAN - GROWTH;INF200KA1382;;11.338;N.A.;N.A.;07-Jul-2015
127343;SBI DEBT FUND SERIES - 366 DAYS - 52 - DIRECT PLAN - DIVIDEND;INF200KA1531;;11.3412;N.A.;N.A.;07-Jul-2015
127344;SBI DEBT FUND SERIES - 366 DAYS - 52 - DIRECT PLAN - GROWTH;INF200KA1549;;11.341;N.A.;N.A.;07-Jul-2015
127341;SBI DEBT FUND SERIES - 366 DAYS - 52 - REGULAR PLAN - DIVIDEND;INF200KA1556;;N.A.;N.A.;N.A.;07-Jul-2015
127342;SBI DEBT FUND SERIES - 366 DAYS - 52 - REGULAR PLAN - GROWTH;INF200KA1564;;11.3254;N.A.;N.A.;07-Jul-2015
127810;SBI DEBT FUND SERIES - 366 DAYS - 53 - DIRECT PLAN - DIVIDEND;INF200KA1606;;11.3156;N.A.;N.A.;07-Jul-2015
127811;SBI DEBT FUND SERIES - 366 DAYS - 53 - DIRECT PLAN - GROWTH;INF200KA1614;;11.3159;N.A.;N.A.;07-Jul-2015
127812;SBI DEBT FUND SERIES - 366 DAYS - 53 - REGULAR PLAN - DIVIDEND;INF200KA1622;;N.A.;N.A.;N.A.;07-Jul-2015
127813;SBI DEBT FUND SERIES - 366 DAYS - 53 - REGULAR PLAN - GROWTH;INF200KA1630;;11.2929;N.A.;N.A.;07-Jul-2015
128165;SBI DEBT FUND SERIES - 366 DAYS - 54 - DIRECT PLAN - DIVIDEND;INF200KA1788;;11.2418;N.A.;N.A.;07-Jul-2015
128167;SBI DEBT FUND SERIES - 366 DAYS - 54 - REGULAR PLAN - DIVIDEND;INF200KA1804;;11.204;N.A.;N.A.;07-Jul-2015
128168;SBI DEBT FUND SERIES - 366 DAYS - 54 - REGULAR PLAN - GROWTH;INF200KA1812;;11.2041;N.A.;N.A.;07-Jul-2015
128166;SBI DEBT FUND SERIES - 366 DAYS - 54- DIRECT PLAN - GROWTH;INF200KA1796;;11.2413;N.A.;N.A.;07-Jul-2015
113321;SBI Debt Fund Series - 60 Months - 1 - Dividend;INF200K01CQ8;;14.3634;N.A.;N.A.;07-Jul-2015
113401;SBI Debt Fund Series - 60 Months - 1 - Growth;INF200K01CP0;;14.3633;N.A.;N.A.;07-Jul-2015
118220;SBI DEBT FUND SERIES - 60 MONTHS - 2 - DIVIDEND;INF200K01QD6;;12.3561;N.A.;N.A.;07-Jul-2015
118221;SBI DEBT FUND SERIES - 60 MONTHS - 2 - GROWTH;INF200K01QC8;;12.3561;N.A.;N.A.;07-Jul-2015
120901;SBI DEBT FUND SERIES - 60 MONTHS - 3 - DIRECT PLAN - DIVIDEND;INF200K01QQ8;;12.401;N.A.;N.A.;07-Jul-2015
120900;SBI DEBT FUND SERIES - 60 MONTHS - 3 - DIRECT PLAN - GROWTH;INF200K01QP0;;12.401;N.A.;N.A.;07-Jul-2015
120899;SBI DEBT FUND SERIES - 60 MONTHS - 3 - REGULAR PLAN - DIVIDEND;INF200K01QF1;;12.2439;N.A.;N.A.;07-Jul-2015
120898;SBI DEBT FUND SERIES - 60 MONTHS - 3 - REGULAR PLAN - GROWTH;INF200K01QE4;;12.2439;N.A.;N.A.;07-Jul-2015
126581;SBI DEBT FUND SERIES A - 1 DIRECT - GROWTH;INF200KA1AY0;;11.3715;N.A.;N.A.;07-Jul-2015
126582;SBI DEBT FUND SERIES A - 1 DIRECT PLAN - DIVIDEND;INF200KA1AZ7;;11.3714;N.A.;N.A.;07-Jul-2015
126580;SBI DEBT FUND SERIES A - 1 REGULAR PLAN - GROWTH;INF200KA1AW4;;11.3013;N.A.;N.A.;07-Jul-2015
126583;SBI DEBT FUND SERIES A - 1 REGULAR PLAN DIVIDEND;INF200KA1AX2;;11.3014;N.A.;N.A.;07-Jul-2015
128325;SBI DEBT FUND SERIES A - 10 DIRECT - GROWTH;INF200KA1BC4;;11.2237;N.A.;N.A.;07-Jul-2015
128326;SBI DEBT FUND SERIES A - 10 DIRECT PLAN - DIVIDEND;INF200KA1BD2;;11.2237;N.A.;N.A.;07-Jul-2015
128327;SBI DEBT FUND SERIES A - 10 REGULAR PLAN - DIVIDEND;INF200KA1BB6;;11.1554;N.A.;N.A.;07-Jul-2015
128328;SBI DEBT FUND SERIES A - 10 REGULAR PLAN - GROWTH;INF200KA1BA8;;11.1556;N.A.;N.A.;07-Jul-2015
128389;SBI DEBT FUND SERIES A - 11 DIRECT PLAN - DIVIDEND;INF200KA1AF9;;N.A.;N.A.;N.A.;07-Jul-2015
128388;SBI DEBT FUND SERIES A - 11 DIRECT PLAN - GROWTH;INF200KA1AE2;;11.2032;N.A.;N.A.;07-Jul-2015
128391;SBI DEBT FUND SERIES A - 11 REGULAR PLAN - DIVIDEND;INF200KA1AD4;;N.A.;N.A.;N.A.;07-Jul-2015
128390;SBI DEBT FUND SERIES A - 11 REGULAR PLAN - GROWTH;INF200KA1AC6;;11.1292;N.A.;N.A.;07-Jul-2015
128672;SBI DEBT FUND SERIES A - 13 DIRECT PLAN - DIVIDEND;INF200KA1978;;N.A.;N.A.;N.A.;07-Jul-2015
128674;SBI DEBT FUND SERIES A - 13 DIRECT PLAN - GROWTH;INF200KA1960;;11.1906;N.A.;N.A.;07-Jul-2015
128673;SBI DEBT FUND SERIES A - 13 REGULAR PLAN - DIVIDEND;INF200KA1952;;11.1501;N.A.;N.A.;07-Jul-2015
128671;SBI DEBT FUND SERIES A - 13 REGULAR PLAN - GROWTH;INF200KA1945;;11.147;N.A.;N.A.;07-Jul-2015
128696;SBI DEBT FUND SERIES A - 14 DIRECT PLAN - DIVIDEND;INF200KA1AJ1;;N.A.;N.A.;N.A.;07-Jul-2015
128693;SBI DEBT FUND SERIES A - 14 DIRECT PLAN - GROWTH;INF200KA1AI3;;11.1597;N.A.;N.A.;07-Jul-2015
128694;SBI DEBT FUND SERIES A - 14 REGULAR PLAN - DIVIDEND;INF200KA1AH5;;11.088;N.A.;N.A.;07-Jul-2015
128695;SBI DEBT FUND SERIES A - 14 REGULAR PLAN - GROWTH;INF200KA1AG7;;11.0881;N.A.;N.A.;07-Jul-2015
128701;SBI DEBT FUND SERIES A - 15 DIRECT PLAN - DIVIDEND;INF200K015D7;;11.2887;N.A.;N.A.;07-Jul-2015
128702;SBI DEBT FUND SERIES A - 15 DIRECT PLAN - GROWTH;INF200K014D0;;11.2887;N.A.;N.A.;07-Jul-2015
128703;SBI DEBT FUND SERIES A - 15 REGULAR PLAN - DIVIDEND;INF200K013D2;;11.2134;N.A.;N.A.;07-Jul-2015
128704;SBI DEBT FUND SERIES A - 15 REGULAR PLAN - GROWTH;INF200K012D4;;11.2134;N.A.;N.A.;07-Jul-2015
128930;SBI DEBT FUND SERIES A - 16 DIRECT PLAN - DIVIDEND;INF200KA1AB8;;N.A.;N.A.;N.A.;07-Jul-2015
128931;SBI DEBT FUND SERIES A - 16 DIRECT PLAN - GROWTH;INF200KA1AA0;;11.1098;N.A.;N.A.;07-Jul-2015
128932;SBI DEBT FUND SERIES A - 16 REGULAR PLAN - DIVIDEND;INF200KA1994;;N.A.;N.A.;N.A.;07-Jul-2015
128933;SBI DEBT FUND SERIES A - 16 REGULAR PLAN - GROWTH;INF200KA1986;;11.1025;N.A.;N.A.;07-Jul-2015
129120;SBI DEBT FUND SERIES A - 17 DIRECT PLAN - DIVIDEND;INF200KA1AV6;;11.088;N.A.;N.A.;07-Jul-2015
129117;SBI DEBT FUND SERIES A - 17 DIRECT PLAN - GROWTH;INF200KA1AU8;;11.088;N.A.;N.A.;07-Jul-2015
129119;SBI DEBT FUND SERIES A - 17 REGULAR PLAN - DIVIDEND;INF200KA1AT0;;11.0744;N.A.;N.A.;07-Jul-2015
129118;SBI DEBT FUND SERIES A - 17 REGULAR PLAN - GROWTH;INF200KA1AS2;;11.0744;N.A.;N.A.;07-Jul-2015
129297;SBI DEBT FUND SERIES A - 18 DIRECT PLAN - DIVIDEND;INF200KA1BH3;;11.0839;N.A.;N.A.;07-Jul-2015
129299;SBI DEBT FUND SERIES A - 18 DIRECT PLAN - GROWTH;INF200KA1BG5;;11.0839;N.A.;N.A.;07-Jul-2015
129300;SBI DEBT FUND SERIES A - 18 REGULAR PLAN - DIVIDEND;INF200KA1BF7;;11.0703;N.A.;N.A.;07-Jul-2015
129298;SBI DEBT FUND SERIES A - 18 REGULAR PLAN - GROWTH;INF200KA1BE0;;11.0702;N.A.;N.A.;07-Jul-2015
129366;SBI DEBT FUND SERIES A - 19 DIRECT PLAN - DIVIDEND;INF200KA1BP6;;N.A.;N.A.;N.A.;07-Jul-2015
129363;SBI DEBT FUND SERIES A - 19 DIRECT PLAN - GROWTH;INF200KA1BO9;;11.1022;N.A.;N.A.;07-Jul-2015
129364;SBI DEBT FUND SERIES A - 19 REGULAR PLAN - DIVIDEND;INF200KA1BN1;;11.0889;N.A.;N.A.;07-Jul-2015
129365;SBI DEBT FUND SERIES A - 19 REGULAR PLAN - GROWTH;INF200KA1BM3;;11.0888;N.A.;N.A.;07-Jul-2015
126912;SBI DEBT FUND SERIES A - 2 DIRECT - GROWTH;INF200KA1CI9;;11.3567;N.A.;N.A.;07-Jul-2015
126913;SBI DEBT FUND SERIES A - 2 DIRECT PLAN - DIVIDEND;INF200KA1CJ7;;N.A.;N.A.;N.A.;07-Jul-2015
126915;SBI DEBT FUND SERIES A - 2 REGULAR PLAN - DIVIDEND;INF200KA1CH1;;11.2955;N.A.;N.A.;07-Jul-2015
126914;SBI DEBT FUND SERIES A - 2 REGULAR PLAN - GROWTH;INF200KA1CG3;;11.2955;N.A.;N.A.;07-Jul-2015
129391;SBI DEBT FUND SERIES A - 20 DIRECT PLAN - DIVIDEND;INF200KA1BT8;;11.0952;N.A.;N.A.;07-Jul-2015
129392;SBI DEBT FUND SERIES A - 20 DIRECT PLAN - GROWTH;INF200KA1BS0;;11.0952;N.A.;N.A.;07-Jul-2015
129393;SBI DEBT FUND SERIES A - 20 REGULAR PLAN - DIVIDEND;INF200KA1BR2;;11.0823;N.A.;N.A.;07-Jul-2015
129394;SBI DEBT FUND SERIES A - 20 REGULAR PLAN - GROWTH;INF200KA1BQ4;;11.0819;N.A.;N.A.;07-Jul-2015
129442;SBI DEBT FUND SERIES A - 21 DIRECT PLAN - DIVIDEND;INF200KA1BX0;;N.A.;N.A.;N.A.;07-Jul-2015
129443;SBI DEBT FUND SERIES A - 21 DIRECT PLAN - GROWTH;INF200KA1BW2;;11.0743;N.A.;N.A.;07-Jul-2015
129445;SBI DEBT FUND SERIES A - 21 REGULAR PLAN - DIVIDEND;INF200KA1BV4;;11.061;N.A.;N.A.;07-Jul-2015
129444;SBI DEBT FUND SERIES A - 21 REGULAR PLAN - GROWTH;INF200KA1BU6;;11.0611;N.A.;N.A.;07-Jul-2015
129658;SBI DEBT FUND SERIES A - 22 DIRECT PLAN - DIVIDEND;INF200KA1CV2;;11.0668;N.A.;N.A.;07-Jul-2015
129661;SBI DEBT FUND SERIES A - 22 DIRECT PLAN - GROWTH;INF200KA1CU4;;11.0668;N.A.;N.A.;07-Jul-2015
129659;SBI DEBT FUND SERIES A - 22 REGULAR PLAN - DIVIDEND;INF200KA1CT6;;11.0475;N.A.;N.A.;07-Jul-2015
129660;SBI DEBT FUND SERIES A - 22 REGULAR PLAN - GROWTH;INF200KA1CS8;;11.0476;N.A.;N.A.;07-Jul-2015
129662;SBI DEBT FUND SERIES A - 23 DIRECT PLAN - DIVIDEND;INF200K011H7;;11.2125;N.A.;N.A.;07-Jul-2015
129663;SBI DEBT FUND SERIES A - 23 DIRECT PLAN - GROWTH;INF200K010H9;;11.2125;N.A.;N.A.;07-Jul-2015
129664;SBI DEBT FUND SERIES A - 23 REGULAR PLAN - DIVIDEND;INF200K019G2;;11.1676;N.A.;N.A.;07-Jul-2015
129665;SBI DEBT FUND SERIES A - 23 REGULAR PLAN - GROWTH;INF200K018G4;;11.1676;N.A.;N.A.;07-Jul-2015
129707;SBI DEBT FUND SERIES A - 24 DIRECT PLAN - DIVIDEND;INF200KA1DR8;;11.0664;N.A.;N.A.;07-Jul-2015
129708;SBI DEBT FUND SERIES A - 24 DIRECT PLAN - GROWTH;INF200KA1DQ0;;11.0663;N.A.;N.A.;07-Jul-2015
129709;SBI DEBT FUND SERIES A - 24 REGULAR PLAN - DIVIDEND;INF200KA1DP2;;11.0474;N.A.;N.A.;07-Jul-2015
129710;SBI DEBT FUND SERIES A - 24 REGULAR PLAN - GROWTH;INF200KA1DO5;;11.0472;N.A.;N.A.;07-Jul-2015
129845;SBI DEBT FUND SERIES A - 25 DIRECT PLAN - DIVIDEND;INF200KA1DV0;;N.A.;N.A.;N.A.;07-Jul-2015
129848;SBI DEBT FUND SERIES A - 25 DIRECT PLAN - GROWTH;INF200KA1DU2;;11.0346;N.A.;N.A.;07-Jul-2015
129846;SBI DEBT FUND SERIES A - 25 REGULAR PLAN - DIVIDEND;INF200KA1DT4;;11.02;N.A.;N.A.;07-Jul-2015
129847;SBI DEBT FUND SERIES A - 25 REGULAR PLAN - GROWTH;INF200KA1DS6;;11.0197;N.A.;N.A.;07-Jul-2015
129872;SBI DEBT FUND SERIES A - 26 (682 DAYS) DIRECT PLAN - DIVIDEND;INF200K013I1;;N.A.;N.A.;N.A.;07-Jul-2015
129869;SBI DEBT FUND SERIES A - 26 (682 DAYS) DIRECT PLAN - GROWTH;INF200K012I3;;11.0617;N.A.;N.A.;07-Jul-2015
129870;SBI DEBT FUND SERIES A - 26 (682 DAYS) REGULAR PLAN - DIVIDEND;INF200K011I5;;11.0272;N.A.;N.A.;07-Jul-2015
129871;SBI DEBT FUND SERIES A - 26 (682 DAYS) REGULAR PLAN - GROWTH;INF200K010I7;;11.0272;N.A.;N.A.;07-Jul-2015
129971;SBI DEBT FUND SERIES A - 27 (366 DAYS) DIRECT PLAN - DIVIDEND;INF200KA1EE4;;10.9863;N.A.;N.A.;07-Jul-2015
129972;SBI DEBT FUND SERIES A - 27 (366 DAYS) DIRECT PLAN - GROWTH;INF200KA1EF1;;10.9863;N.A.;N.A.;07-Jul-2015
129973;SBI DEBT FUND SERIES A - 27 (366 DAYS) REGULAR PLAN - DIVIDEND;INF200KA1EG9;;10.9726;N.A.;N.A.;07-Jul-2015
129974;SBI DEBT FUND SERIES A - 27 (366 DAYS) REGULAR PLAN - GROWTH;INF200KA1EH7;;10.9728;N.A.;N.A.;07-Jul-2015
130027;SBI DEBT FUND SERIES A - 28 (367 DAYS) - DIRECT PLAN - DIVIDEND;INF200KA1EP0;;N.A.;N.A.;N.A.;07-Jul-2015
130026;SBI DEBT FUND SERIES A - 28 (367 DAYS) - DIRECT PLAN - GROWTH;INF200KA1EO3;;10.9744;N.A.;N.A.;07-Jul-2015
130028;SBI DEBT FUND SERIES A - 28 (367 DAYS) - REGULAR PLAN - DIVIDEND;INF200KA1EN5;;10.9612;N.A.;N.A.;07-Jul-2015
130025;SBI DEBT FUND SERIES A - 28 (367 DAYS) - REGULAR PLAN - GROWTH;INF200KA1EM7;;10.9613;N.A.;N.A.;07-Jul-2015
127111;SBI DEBT FUND SERIES A - 3 DIRECT - GROWTH;INF200KA1AQ6;;11.3133;N.A.;N.A.;07-Jul-2015
127112;SBI DEBT FUND SERIES A - 3 DIRECT PLAN - DIVIDEND;INF200KA1AR4;;N.A.;N.A.;N.A.;07-Jul-2015
127113;SBI DEBT FUND SERIES A - 3 REGULAR PLAN - DIVIDEND;INF200KA1AP8;;11.2705;N.A.;N.A.;07-Jul-2015
127114;SBI DEBT FUND SERIES A - 3 REGULAR PLAN - GROWTH;INF200KA1AO1;;11.2707;N.A.;N.A.;07-Jul-2015
130236;SBI DEBT FUND SERIES A - 31 (367 DAYS) DIRECT PLAN - DIVIDEND;INF200KA1EX4;;N.A.;N.A.;N.A.;07-Jul-2015
130238;SBI DEBT FUND SERIES A - 31 (367 DAYS) DIRECT PLAN - GROWTH;INF200KA1EW6;;10.9446;N.A.;N.A.;07-Jul-2015
130235;SBI DEBT FUND SERIES A - 31 (367 DAYS) REGULAR PLAN - DIVIDEND;INF200KA1EV8;;N.A.;N.A.;N.A.;07-Jul-2015
130237;SBI DEBT FUND SERIES A - 31 (367 DAYS) REGULAR PLAN - GROWTH;INF200KA1EU0;;10.933;N.A.;N.A.;07-Jul-2015
130282;SBI DEBT FUND SERIES A - 32 (367 DAYS) DIRECT PLAN - DIVIDEND;INF200KA1FB7;;10.9281;N.A.;N.A.;07-Jul-2015
130283;SBI DEBT FUND SERIES A - 32 (367 DAYS) DIRECT PLAN - GROWTH;INF200KA1FA9;;10.9281;N.A.;N.A.;07-Jul-2015
130284;SBI DEBT FUND SERIES A - 32 (367 DAYS) REGULAR PLAN - DIVIDEND;INF200KA1EZ9;;10.9166;N.A.;N.A.;07-Jul-2015
130281;SBI DEBT FUND SERIES A - 32 (367 DAYS) REGULAR PLAN - GROWTH;INF200KA1EY2;;10.9168;N.A.;N.A.;07-Jul-2015
130285;SBI DEBT FUND SERIES A - 33 (36 Months) DIRECT PLAN - DIVIDEND;INF200K015L0;;11.0543;N.A.;N.A.;07-Jul-2015
130286;SBI DEBT FUND SERIES A - 33 (36 Months) DIRECT PLAN - GROWTH;INF200K014L3;;11.0543;N.A.;N.A.;07-Jul-2015
130287;SBI DEBT FUND SERIES A - 33 (36 Months) REGULAR PLAN - DIVIDEND;INF200K013L5;;11.0145;N.A.;N.A.;07-Jul-2015
130288;SBI DEBT FUND SERIES A - 33 (36 Months) REGULAR PLAN - GROWTH;INF200K012L7;;11.0145;N.A.;N.A.;07-Jul-2015
130321;SBI DEBT FUND SERIES A - 34 (367 Days)  REGULAR PLAN - DIVIDEND;INF200KA1FD3;;N.A.;N.A.;N.A.;07-Jul-2015
130324;SBI DEBT FUND SERIES A - 34 (367 DAYS) DIRECT PLAN - DIVIDEND;INF200KA1FF8;;10.9208;N.A.;N.A.;07-Jul-2015
130322;SBI DEBT FUND SERIES A - 34 (367 DAYS) DIRECT PLAN - GROWTH;INF200KA1FE1;;10.9208;N.A.;N.A.;07-Jul-2015
130323;SBI DEBT FUND SERIES A - 34 (367 DAYS) REGULAR PLAN - GROWTH;INF200KA1FC5;;10.9095;N.A.;N.A.;07-Jul-2015
130444;SBI DEBT FUND SERIES A - 35 (369 DAYS) DIRECT PLAN - DIVIDEND;INF200KA1FN2;;N.A.;N.A.;N.A.;07-Jul-2015
130445;SBI DEBT FUND SERIES A - 35 (369 DAYS) DIRECT PLAN - GROWTH;INF200KA1FM4;;10.89;N.A.;N.A.;07-Jul-2015
130443;SBI DEBT FUND SERIES A - 35 (369 Days) REGULAR PLAN - DIVIDEND;INF200KA1FL6;;10.8824;N.A.;N.A.;07-Jul-2015
130442;SBI DEBT FUND SERIES A - 35 (369 DAYS) REGULAR PLAN - GROWTH;INF200KA1FK8;;10.879;N.A.;N.A.;07-Jul-2015
130599;SBI DEBT FUND SERIES A - 36 (36 Months) DIRECT PLAN - DIVIDEND;INF200K017M4;;11.0704;N.A.;N.A.;07-Jul-2015
130601;SBI DEBT FUND SERIES A - 36 (36 Months) DIRECT PLAN - GROWTH;INF200K016M6;;11.0704;N.A.;N.A.;07-Jul-2015
130600;SBI DEBT FUND SERIES A - 36 (36 Months) REGULAR PLAN - DIVIDEND;INF200K015M8;;11.032;N.A.;N.A.;07-Jul-2015
130602;SBI DEBT FUND SERIES A - 36 (36 Months) REGULAR PLAN - GROWTH;INF200K014M1;;11.032;N.A.;N.A.;07-Jul-2015
130830;SBI DEBT FUND SERIES A - 38 (1100 DAYS) DIRECT PLAN - DIVIDEND;INF200K019N8;;11.007;N.A.;N.A.;07-Jul-2015
130831;SBI DEBT FUND SERIES A - 38 (1100 DAYS) DIRECT PLAN - GROWTH;INF200K018N0;;11.007;N.A.;N.A.;07-Jul-2015
130832;SBI DEBT FUND SERIES A - 38 (1100 Days) REGULAR PLAN - DIVIDEND;INF200K017N2;;10.9711;N.A.;N.A.;07-Jul-2015
130833;SBI DEBT FUND SERIES A - 38 (1100 DAYS) REGULAR PLAN - GROWTH;INF200K016N4;;10.9711;N.A.;N.A.;07-Jul-2015
130984;SBI DEBT FUND SERIES A - 39 (1100 DAYS) - DIRECT PLAN - DIVIDEND;INF200K011P0;;10.9792;N.A.;N.A.;07-Jul-2015
130982;SBI DEBT FUND SERIES A - 39 (1100 DAYS) - REGULAR PLAN - DIVIDEND;INF200K019O6;;10.9447;N.A.;N.A.;07-Jul-2015
130981;SBI DEBT FUND SERIES A - 39 (1100 DAYS) - REGULAR PLAN - GROWTH;INF200K018O8;;10.9445;N.A.;N.A.;07-Jul-2015
130983;SBI DEBT FUNDS SERIES A - 39 (1100 DAYS) - DIRECT PLAN - GROWTH;INF200K010P2;;10.9791;N.A.;N.A.;07-Jul-2015
127337;SBI DEBT FUND SERIES A - 4 DIRECT - GROWTH;INF200K01Z04;;11.4387;N.A.;N.A.;07-Jul-2015
127340;SBI DEBT FUND SERIES A - 4 DIRECT PLAN - DIVIDEND;INF200K01Z12;;11.4387;N.A.;N.A.;07-Jul-2015
127338;SBI DEBT FUND SERIES A - 4 REGULAR PLAN - DIVIDEND;INF200K01Y96;;11.3791;N.A.;N.A.;07-Jul-2015
127339;SBI DEBT FUND SERIES A - 4 REGULAR PLAN - GROWTH;INF200K01Y88;;11.3791;N.A.;N.A.;07-Jul-2015
131129;SBI DEBT FUND SERIES A - 40 (1100 DAYS) - DIRECT PLAN - DIVIDEND;INF200K017Q5;;N.A.;N.A.;N.A.;07-Jul-2015
131128;SBI DEBT FUND SERIES A - 40 (1100 DAYS) - DIRECT PLAN - GROWTH;INF200K016Q7;;10.9161;N.A.;N.A.;07-Jul-2015
131127;SBI DEBT FUND SERIES A - 40 (1100 DAYS) - REGULAR PLAN - DIVIDEND;INF200K015Q9;;10.8851;N.A.;N.A.;07-Jul-2015
131130;SBI DEBT FUND SERIES A - 40 (1100 DAYS) - REGULAR PLAN - GROWTH;INF200K014Q2;;10.8833;N.A.;N.A.;07-Jul-2015
131275;SBI DEBT FUND SERIES A - 42 (1111 DAYS) - DIRECT PLAN - DIVIDEND;INF200K019R9;;N.A.;N.A.;N.A.;07-Jul-2015
131276;SBI DEBT FUND SERIES A - 42 (1111 DAYS) - DIRECT PLAN - GROWTH;INF200K018R1;;10.9188;N.A.;N.A.;07-Jul-2015
131274;SBI DEBT FUND SERIES A - 42 (1111 DAYS) - REGULAR PLAN - DIVIDEND;INF200K017R3;;10.8874;N.A.;N.A.;07-Jul-2015
131273;SBI DEBT FUND SERIES A - 42 (1111 DAYS) - REGULAR PLAN - GROWTH;INF200K016R5;;10.8873;N.A.;N.A.;07-Jul-2015
131403;SBI DEBT FUND SERIES A - 43 (1111 DAYS) - DIRECT PLAN - DIVIDEND;INF200K011T2;;10.8513;N.A.;N.A.;07-Jul-2015
131401;SBI DEBT FUND SERIES A - 43 (1111 DAYS) - DIRECT PLAN - GROWTH;INF200K010T4;;10.8513;N.A.;N.A.;07-Jul-2015
131400;SBI DEBT FUND SERIES A - 43 (1111 DAYS) - REGULAR PLAN - DIVIDEND;INF200K019S7;;10.8217;N.A.;N.A.;07-Jul-2015
131402;SBI DEBT FUND SERIES A - 43 (1111 DAYS) - REGULAR PLAN - GROWTH;INF200K018S9;;10.8217;N.A.;N.A.;07-Jul-2015
131468;SBI DEBT FUND SERIES A - 44 (1111 DAYS) - DIRECT PLAN - DIVIDEND;INF200K014U4;;10.781;N.A.;N.A.;07-Jul-2015
131469;SBI DEBT FUND SERIES A - 44 (1111 DAYS) - DIRECT PLAN - GROWTH;INF200K013U6;;10.781;N.A.;N.A.;07-Jul-2015
131467;SBI DEBT FUND SERIES A - 44 (1111 DAYS) - REGULAR PLAN - DIVIDEND;INF200K012U8;;10.7528;N.A.;N.A.;07-Jul-2015
131466;SBI DEBT FUND SERIES A - 44 (1111 DAYS) - REGULAR PLAN - GROWTH;INF200K011U0;;10.7528;N.A.;N.A.;07-Jul-2015
127516;SBI DEBT FUND SERIES A - 5 DIRECT - GROWTH;INF200KA1AM5;;11.3018;N.A.;N.A.;07-Jul-2015
127517;SBI DEBT FUND SERIES A - 5 DIRECT PLAN - DIVIDEND;INF200KA1AN3;;N.A.;N.A.;N.A.;07-Jul-2015
127514;SBI DEBT FUND SERIES A - 5 REGULAR PLAN - DIVIDEND;INF200KA1AL7;;11.2661;N.A.;N.A.;07-Jul-2015
127515;SBI DEBT FUND SERIES A - 5 REGULAR PLAN - GROWTH;INF200KA1AK9;;11.2661;N.A.;N.A.;07-Jul-2015
128158;SBI DEBT FUND SERIES A - 6 DIRECT - GROWTH;INF200K01Z87;;11.421;N.A.;N.A.;07-Jul-2015
128159;SBI DEBT FUND SERIES A - 6 DIRECT PLAN - DIVIDEND;INF200K01Z95;;N.A.;N.A.;N.A.;07-Jul-2015
128160;SBI DEBT FUND SERIES A - 6 REGULAR PLAN - DIVIDEND;INF200K01Z79;;11.3448;N.A.;N.A.;07-Jul-2015
128157;SBI DEBT FUND SERIES A - 6 REGULAR PLAN - GROWTH;INF200K01Z61;;11.3448;N.A.;N.A.;07-Jul-2015
128161;SBI DEBT FUND SERIES A - 7 DIRECT - GROWTH;INF200K012A0;;11.4436;N.A.;N.A.;07-Jul-2015
128162;SBI DEBT FUND SERIES A - 7 DIRECT PLAN - DIVIDEND;INF200K013A8;;11.4436;N.A.;N.A.;07-Jul-2015
128163;SBI DEBT FUND SERIES A - 7 REGULAR PLAN - DIVIDEND;INF200K011A2;;11.3772;N.A.;N.A.;07-Jul-2015
128164;SBI DEBT FUND SERIES A - 7 REGULAR PLAN - GROWTH;INF200K010A4;;11.3772;N.A.;N.A.;07-Jul-2015
128321;SBI DEBT FUND SERIES A - 9 DIRECT - GROWTH;INF200KA1713;;11.2308;N.A.;N.A.;07-Jul-2015
128322;SBI DEBT FUND SERIES A - 9 DIRECT PLAN - DIVIDEND;INF200KA1721;;N.A.;N.A.;N.A.;07-Jul-2015
128324;SBI DEBT FUND SERIES A - 9 REGULAR PLAN - DIVIDEND;INF200KA1739;;N.A.;N.A.;N.A.;07-Jul-2015
128323;SBI DEBT FUND SERIES A - 9 REGULAR PLAN - GROWTH;INF200KA1705;;11.1923;N.A.;N.A.;07-Jul-2015
131594;SBI DEBT FUND SERIES B - 1 (1111 DAYS) - DIRECT PLAN - DIVIDEND;INF200K018U5;;10.7508;N.A.;N.A.;07-Jul-2015
131596;SBI DEBT FUND SERIES B - 1 (1111 DAYS) - DIRECT PLAN - GROWTH;INF200K017U7;;10.7508;N.A.;N.A.;07-Jul-2015
131597;SBI DEBT FUND SERIES B - 1 (1111 DAYS) - REGULAR PLAN - DIVIDEND;INF200K016U9;;10.7244;N.A.;N.A.;07-Jul-2015
131595;SBI DEBT FUND SERIES B - 1 (1111 DAYS) - REGULAR PLAN - GROWTH;INF200K015U1;;10.7244;N.A.;N.A.;07-Jul-2015
134626;SBI Debt Fund Series B - 16 (1100 Days) - Direct Plan - Dividend;INF200KA1CN9;;10.1251;N.A.;N.A.;07-Jul-2015
134623;SBI Debt Fund Series B - 16 (1100 Days) - Regular Plan - Growth;INF200KA1CK5;;10.1198;N.A.;N.A.;07-Jul-2015
134624;SBI Debt Fund Series B -16 (1100 Days) - Direct Plan - Growth;INF200KA1CM1;;10.1251;N.A.;N.A.;07-Jul-2015
134625;SBI Debt Fund Series B -16 (1100 Days) - Regular Plan - Dividend;INF200KA1CL3;;10.1198;N.A.;N.A.;07-Jul-2015
134671;SBI DEBT FUND SERIES B - 17 (1100 DAYS) - DIRECT PLAN - DIVIDEND;INF200KA1CZ3;;10.1001;N.A.;N.A.;07-Jul-2015
134670;SBI DEBT FUND SERIES B - 17 (1100 DAYS) - DIRECT PLAN - GROWTH;INF200KA1CY6;;10.0998;N.A.;N.A.;07-Jul-2015
134669;SBI DEBT FUND SERIES B - 17 (1100 DAYS) - REGULAR PLAN - DIVIDEND;INF200KA1CX8;;10.0951;N.A.;N.A.;07-Jul-2015
134672;SBI DEBT FUND SERIES B - 17 (1100 DAYS) - REGULAR PLAN - GROWTH;INF200KA1CW0;;10.0951;N.A.;N.A.;07-Jul-2015
134688;SBI DEBT FUND SERIES B - 18 (1100 DAYS) - DIRECT PLAN - DIVIDEND;INF200KA1ED6;;10.08;N.A.;N.A.;07-Jul-2015
134689;SBI DEBT FUND SERIES B - 18 (1100 DAYS) - DIRECT PLAN - GROWTH;INF200KA1EC8;;10.0797;N.A.;N.A.;07-Jul-2015
134687;SBI DEBT FUND SERIES B - 18 (1100 DAYS) - REGULAR PLAN - DIVIDEND;INF200KA1EB0;;10.0756;N.A.;N.A.;07-Jul-2015
134690;SBI DEBT FUND SERIES B - 18 (1100 DAYS) - REGULAR PLAN - GROWTH;INF200KA1EA2;;10.0756;N.A.;N.A.;07-Jul-2015
134771;SBI DEBT FUND SERIES B - 19 (1100 Days) - DIRECT PLAN - DIVIDEND;INF200KA1EI5;;10.0661;N.A.;N.A.;07-Jul-2015
134770;SBI DEBT FUND SERIES B - 19 (1100 Days) - DIRECT PLAN - GROWTH;INF200KA1EJ3;;10.0661;N.A.;N.A.;07-Jul-2015
134769;SBI DEBT FUND SERIES B - 19 (1100 Days) - REGULAR PLAN - DIVIDEND;INF200KA1EK1;;10.0634;N.A.;N.A.;07-Jul-2015
134768;SBI DEBT FUND SERIES B - 19 (1100 Days) - REGULAR PLAN - GROWTH;INF200KA1EL9;;10.0634;N.A.;N.A.;07-Jul-2015
132858;SBI DEBT FUND SERIES B - 2 (1111 DAYS) - DIRECT PLAN - DIVIDEND;INF200K010W8;;10.6613;N.A.;N.A.;07-Jul-2015
132856;SBI DEBT FUND SERIES B - 2 (1111 DAYS) - DIRECT PLAN - GROWTH;INF200K013W2;;10.6613;N.A.;N.A.;07-Jul-2015
132855;SBI DEBT FUND SERIES B - 2 (1111 DAYS) - REGULAR PLAN - DIVIDEND;INF200K012W4;;10.6365;N.A.;N.A.;07-Jul-2015
132857;SBI DEBT FUND SERIES B - 2 (1111 DAYS) - REGULAR PLAN - GROWTH;INF200K011W6;;10.6365;N.A.;N.A.;07-Jul-2015
134810;SBI DEBT FUND SERIES B - 20 (1100 DAYS) - DIRECT PLAN - DIVIDEND;INF200KA1ET2;;10.0567;N.A.;N.A.;07-Jul-2015
134809;SBI DEBT FUND SERIES B - 20 (1100 DAYS) - DIRECT PLAN - GROWTH;INF200KA1ES4;;10.0567;N.A.;N.A.;07-Jul-2015
134811;SBI DEBT FUND SERIES B - 20 (1100 DAYS) - REGULAR PLAN - DIVIDEND;INF200KA1ER6;;10.0547;N.A.;N.A.;07-Jul-2015
134808;SBI DEBT FUND SERIES B - 20 (1100 DAYS) - REGULAR PLAN - GROWTH;INF200KA1EQ8;;10.0547;N.A.;N.A.;07-Jul-2015
132991;SBI DEBT FUND SERIES B - 3 (1111 DAYS) - DIRECT PLAN - DIVIDEND;INF200K013Y8;;10.6015;N.A.;N.A.;07-Jul-2015
132994;SBI DEBT FUND SERIES B - 3 (1111 DAYS) - DIRECT PLAN - GROWTH;INF200K012Y0;;10.6015;N.A.;N.A.;07-Jul-2015
132993;SBI DEBT FUND SERIES B - 3 (1111 DAYS) - REGULAR PLAN - DIVIDEND;INF200K011Y2;;10.5779;N.A.;N.A.;07-Jul-2015
132992;SBI DEBT FUND SERIES B - 3 (1111 DAYS) - REGULAR PLAN - GROWTH;INF200K010Y4;;10.5779;N.A.;N.A.;07-Jul-2015
133196;SBI DEBT FUND SERIES B - 4 (1111 DAYS) - DIRECT PLAN - DIVIDEND;INF200K019Z2;;10.5286;N.A.;N.A.;07-Jul-2015
133198;SBI DEBT FUND SERIES B - 4 (1111 DAYS) - DIRECT PLAN - GROWTH;INF200K018Z4;;10.5287;N.A.;N.A.;07-Jul-2015
133197;SBI DEBT FUND SERIES B - 4 (1111 DAYS) - REGULAR PLAN - DIVIDEND;INF200K017Z6;;10.5074;N.A.;N.A.;07-Jul-2015
133195;SBI DEBT FUND SERIES B - 4 (1111 DAYS) - REGULAR PLAN - GROWTH;INF200K016Z8;;10.5074;N.A.;N.A.;07-Jul-2015
133333;SBI DEBT FUND SERIES B - 6 (1111 DAYS) - DIRECT PLAN - DIVIDEND;INF200KA1267;;10.4661;N.A.;N.A.;07-Jul-2015
133332;SBI DEBT FUND SERIES B - 6 (1111 DAYS) - DIRECT PLAN - GROWTH;INF200KA1259;;10.4657;N.A.;N.A.;07-Jul-2015
133331;SBI DEBT FUND SERIES B - 6 (1111 DAYS) - REGULAR PLAN - DIVIDEND;INF200KA1242;;10.4468;N.A.;N.A.;07-Jul-2015
133330;SBI DEBT FUND SERIES B - 6 (1111 DAYS) - REGULAR PLAN - GROWTH;INF200KA1234;;10.4468;N.A.;N.A.;07-Jul-2015
133853;SBI DEBT FUND SERIES B - 7 (38 MONTHS) - DIRECT PLAN - DIVIDEND;INF200KA1465;;N.A.;N.A.;N.A.;07-Jul-2015
133856;SBI DEBT FUND SERIES B - 7 (38 MONTHS) - DIRECT PLAN - GROWTH;INF200KA1457;;10.2875;N.A.;N.A.;07-Jul-2015
133854;SBI DEBT FUND SERIES B - 7 (38 MONTHS) - REGUALR PLAN - DIVIDEND;INF200KA1440;;10.2743;N.A.;N.A.;07-Jul-2015
133855;SBI DEBT FUNS SERIES B - 7 (38 MONTHS) - REGULAR PLAN - GROWTH;INF200KA1432;;10.2751;N.A.;N.A.;07-Jul-2015
134316;SBI DEBT FUND SERIES B - 8 (1105 DAYS) - DIRECT PLAN - DIVIDEND;INF200KA1895;;10.2137;N.A.;N.A.;07-Jul-2015
134313;SBI DEBT FUND SERIES B - 8 (1105 DAYS) - DIRECT PLAN - GROWTH;INF200KA1887;;10.2131;N.A.;N.A.;07-Jul-2015
134314;SBI DEBT FUND SERIES B - 8 (1105 DAYS) - REGULAR PLAN - DIVIDEND;INF200KA1879;;10.2032;N.A.;N.A.;07-Jul-2015
134315;SBI DEBT FUND SERIES B - 8 (1105 DAYS) - REGULAR PLAN - GROWTH;INF200KA1861;;10.2032;N.A.;N.A.;07-Jul-2015
134319;SBI DEBT FUND SERIES B - 9 (1105 DAYS) - DIRECT PLAN - DIVIDEND;INF200KA1937;;10.18;N.A.;N.A.;07-Jul-2015
134320;SBI DEBT FUND SERIES B - 9 (1105 DAYS) - DIRECT PLAN - GROWTH;INF200KA1929;;10.1794;N.A.;N.A.;07-Jul-2015
134318;SBI DEBT FUND SERIES B - 9 (1105 DAYS) - REGULAR PLAN - DIVIDEND;INF200KA1911;;10.17;N.A.;N.A.;07-Jul-2015
134317;SBI DEBT FUND SERIES B - 9 (1105 DAYS) - REGULAR PLAN - GROWTH;INF200KA1903;;10.17;N.A.;N.A.;07-Jul-2015
126466;SBI Dual Advantage Fund Series - I - Direct Plan - Dividend;INF200K01X55;;12.2534;N.A.;N.A.;07-Jul-2015
126465;SBI Dual Advantage Fund Series - I - Direct Plan - Growth;INF200K01X48;;12.271;N.A.;N.A.;07-Jul-2015
126464;SBI Dual Advantage Fund Series - I - Regular Plan - Dividend;INF200K01X30;;12.1961;N.A.;N.A.;07-Jul-2015
126463;SBI Dual Advantage Fund Series - I - Regular Plan - Growth;INF200K01X22;;12.1959;N.A.;N.A.;07-Jul-2015
129423;SBI Dual Advantage Fund Series - II Direct Plan - Dividend;INF200K015F2;;11.4733;N.A.;N.A.;07-Jul-2015
129421;SBI Dual Advantage Fund Series - II Direct Plan - Growth;INF200K014F5;;11.4737;N.A.;N.A.;07-Jul-2015
129422;SBI Dual Advantage Fund Series - II Regular Plan - Dividend;INF200K013F7;;11.4553;N.A.;N.A.;07-Jul-2015
129424;SBI Dual Advantage Fund Series - II Regular Plan - Growth;INF200K012F9;;11.4553;N.A.;N.A.;07-Jul-2015
130023;SBI Dual Advantage Fund - Series III - Direct Plan - Dividend;INF200K015J4;;11.2111;N.A.;N.A.;07-Jul-2015
130024;SBI Dual Advantage Fund - Series III - Direct Plan - Growth;INF200K014J7;;11.2111;N.A.;N.A.;07-Jul-2015
130022;SBI Dual Advantage Fund - Series III - Regular Plan - Dividend;INF200K013J9;;11.1982;N.A.;N.A.;07-Jul-2015
130021;SBI Dual Advantage Fund - Series III - Regular Plan - Growth;INF200K012J1;;11.1982;N.A.;N.A.;07-Jul-2015
131132;SBI DUAL ADVANTAGE FUND - SERIES IV - DIRECT PLAN - DIVIDEND;INF200K013Q4;;11.0321;N.A.;N.A.;07-Jul-2015
131131;SBI DUAL ADVANTAGE FUND - SERIES IV - DIRECT PLAN - GROWTH;INF200K012Q6;;11.037;N.A.;N.A.;07-Jul-2015
131134;SBI DUAL ADVANTAGE FUND - SERIES IV - REGULAR PLAN - DIVIDEND;INF200K011Q8;;11.0275;N.A.;N.A.;07-Jul-2015
131133;SBI DUAL ADVANTAGE FUND - SERIES IV - REGULAR PLAN - GROWTH;INF200K010Q0;;11.0274;N.A.;N.A.;07-Jul-2015
134613;SBI DUAL ADVANTAGE FUND - SERIES IX - DIRECT PLAN - DIVIDEND;INF200KA1CB4;;10.123;N.A.;N.A.;07-Jul-2015
134614;SBI DUAL ADVANTAGE FUND - SERIES IX - DIRECT PLAN - GROWTH;INF200KA1CA6;;10.123;N.A.;N.A.;07-Jul-2015
134612;SBI DUAL ADVANTAGE FUND - SERIES IX - REGULAR PLAN - DIVIDEND;INF200KA1BZ5;;10.1064;N.A.;N.A.;07-Jul-2015
134611;SBI DUAL ADVANTAGE FUND - SERIES IX - REGULAR PLAN - GROWTH;INF200KA1BY8;;10.1064;N.A.;N.A.;07-Jul-2015
132920;SBI DUAL ADVANTAGE FUND - SERIES V - DIRECT PLAN - DIVIDEND;INF200K015X5;;10.5761;N.A.;N.A.;07-Jul-2015
132919;SBI DUAL ADVANTAGE FUND - SERIES V - DIRECT PLAN - GROWTH;INF200K014X8;;10.5758;N.A.;N.A.;07-Jul-2015
132922;SBI DUAL ADVANTAGE FUND - SERIES V - REGULAR PLAN - DIVIDEND;INF200K013X0;;10.5549;N.A.;N.A.;07-Jul-2015
132921;SBI DUAL ADVANTAGE FUND - SERIES V - REGULAR PLAN - GROWTH;INF200K012X2;;10.5549;N.A.;N.A.;07-Jul-2015
133283;SBI DUAL ADVANTAGE FUND - SERIES VI - DIRECT PLAN - DIVIDEND;INF200KA1184;;10.5298;N.A.;N.A.;07-Jul-2015
133282;SBI DUAL ADVANTAGE FUND - SERIES VI - DIRECT PLAN - GROWTH;INF200KA1176;;10.5298;N.A.;N.A.;07-Jul-2015
133284;SBI DUAL ADVANTAGE FUND - SERIES VI - REGULAR PLAN - DIVIDEND;INF200KA1168;;10.5151;N.A.;N.A.;07-Jul-2015
133281;SBI DUAL ADVANTAGE FUND - SERIES VI - REGULAR PLAN - GROWTH;INF200KA1150;;10.5151;N.A.;N.A.;07-Jul-2015
133717;SBI DUAL ADVANTAGE FUND - SERIES VII - DIRECT PLAN - DIVIDEND;INF200KA1424;;10.2788;N.A.;N.A.;07-Jul-2015
133716;SBI DUAL ADVANTAGE FUND - SERIES VII - DIRECT PLAN - GROWTH;INF200KA1416;;10.2789;N.A.;N.A.;07-Jul-2015
133715;SBI DUAL ADVANTAGE FUND - SERIES VII - REGULAR PLAN - DIVIDEND;INF200KA1408;;10.267;N.A.;N.A.;07-Jul-2015
133718;SBI DUAL ADVANTAGE FUND - SERIES VII - REGULAR PLAN - GROWTH;INF200KA1390;;10.2668;N.A.;N.A.;07-Jul-2015
134193;SBI DUAL ADVANTAGE FUND - SERIES VIII - DIRECT PLAN - DIVIDEND;INF200KA1770;;10.1081;N.A.;N.A.;07-Jul-2015
134196;SBI DUAL ADVANTAGE FUND - SERIES VIII - DIRECT PLAN - GROWTH;INF200KA1762;;10.1082;N.A.;N.A.;07-Jul-2015
134194;SBI DUAL ADVANTAGE FUND - SERIES VIII - REGULAR PLAN - DIVIDEND;INF200KA1754;;10.1003;N.A.;N.A.;07-Jul-2015
134195;SBI DUAL ADVANTAGE FUND - SERIES VIII - REGULAR PLAN - GROWTH;INF200KA1747;;10.1;N.A.;N.A.;07-Jul-2015
125386;SBI FIXED INTERVAL DEBT SERIES - 90 DAYS  1 - DIRECT PLAN - DIVIDEND;INF200K01P14;;10.0923;N.A.;N.A.;07-Jul-2015
125389;SBI FIXED INTERVAL DEBT SERIES - 90 DAYS  1 - REGULAR PLAN - GROWTH;INF200K01O80;;11.4687;N.A.;N.A.;07-Jul-2015
125388;SBI FIXED INTERVAL DEBT SERIES - 90 DAYS - 1 - DIRECT PLAN - GROWTH;INF200K01P06;;11.4957;N.A.;N.A.;07-Jul-2015
125387;SBI FIXED INTERVAL DEBT SERIES - 90 DAYS - 1 - REGULAR PLAN - DIVIDEND;INF200K01O98;;10.091;N.A.;N.A.;07-Jul-2015

Sundaram Mutual Fund
118020;Sundaram Capital Protection Oriented Fund 3 Years (Series 9) - Dividend Payout Option;INF903J01LW8;;12.3267;12.3267;12.3267;07-Jul-2015
118021;Sundaram Capital Protection Oriented Fund 3 Years (Series 9) - Growth Option;INF903J01LV0;;12.3272;12.3272;12.3272;07-Jul-2015
116008;Sundaram Capital Protection Oriented Fund 5 Years (Series 3) - Dividend Payout Option;INF903J01JH3;;13.9333;13.9333;13.9333;07-Jul-2015
116009;Sundaram Capital Protection Oriented Fund 5 Years (Series 3) - Growth Option;INF903J01JG5;;13.9328;13.9328;13.9328;07-Jul-2015
116141;Sundaram Capital Protection Oriented Fund 5 Years (Series 4) - Dividend Payout Option;INF903J01JY8;;13.7720;13.7720;13.7720;07-Jul-2015
116142;Sundaram Capital Protection Oriented Fund 5 Years (Series 4) - Growth Option;INF903J01JX0;;13.7720;13.7720;13.7720;07-Jul-2015
115014;Sundaram Capital Protection Oriented Fund Series 2-5 years - Dividend Payout Option;INF903J01BD9;;13.6876;13.6876;13.6876;07-Jul-2015
115015;Sundaram Capital Protection Oriented Fund Series 2-5 years - Growth Option;INF903J01BC1;;13.6877;13.6877;13.6877;07-Jul-2015
107000;SUNDARAM FIXED INCOME INTERVAL FUND QTRLY PLAN C REG DIVIDEND;INF903J01CB1;;10.1151;10.1151;10.1151;07-Jul-2015
106999;SUNDARAM FIXED INCOME INTERVAL FUND QTRLY PLAN C REG GROWTH;INF903J01CA3;;17.7013;17.7013;17.7013;07-Jul-2015
119701;Sundaram Fixed Income Interval Fund- Quarterly Series-Plan C - Direct Plan - Growth;INF903J01PX7;;17.7179;17.7179;17.7179;07-Jul-2015
109964;SUNDARAM FIXED INCOME INTERVAL FUND QTRLY PLAN E REG  GROWTH;INF903J01CE5;;16.9061;16.9061;16.9061;07-Jul-2015
109963;SUNDARAM FIXED INCOME INTERVAL FUND QTRLY PLAN E REG DIVIDEND;INF903J01CF2;;10.0823;10.0823;10.0823;07-Jul-2015
119703;Sundaram Fixed Income Interval Fund- Quarterly Series-Plan E - Direct Plan - Dividend Payout;INF903J01PY5;;10.0827;10.0827;10.0827;07-Jul-2015
119704;Sundaram Fixed Income Interval Fund- Quarterly Series-Plan E - Direct Plan - Growth;INF903J01PZ2;;16.9213;16.9213;16.9213;07-Jul-2015
125769;Sundaram Fixed Term Plan ES Direct Plan Growth;INF903J013B9;;11.4616;11.4616;11.4616;07-Jul-2015
125771;Sundaram Fixed Term Plan ES Regular Plan Growth;INF903J010B5;;11.3946;11.3946;11.3946;07-Jul-2015
125773;Sundaram Fixed Term Plan ES Regular Plan Quarterly Dividend Payout;INF903J011B3;;11.3946;11.3946;11.3946;07-Jul-2015
129554;Sundaram Fixed Term Plan FM Direct Plan Growth;INF903J015O7;;11.0754;11.0754;11.0754;07-Jul-2015
129558;Sundaram Fixed Term Plan FM Direct Plan Quarterly Dividend Payout;INF903J01K38;;11.0758;11.0758;11.0758;07-Jul-2015
129559;Sundaram Fixed Term Plan FM Regular Growth;INF903J012O4;;11.0336;11.0336;11.0336;07-Jul-2015
129557;Sundaram Fixed Term Plan FM Regular Plan Quarterly Dividend Payout;INF903J013O2;;11.0345;11.0345;11.0345;07-Jul-2015
121185;Sundaram Fixed Term Plan DD - Direct -  Growth;INF903J012F2;;12.2892;12.2892;12.2892;07-Jul-2015
121186;Sundaram Fixed Term Plan DD - Regular - Growth;INF903J010F6;;12.0097;12.0097;12.0097;07-Jul-2015
123473;Sundaram Fixed Term Plan DO Direct Plan Growth;INF903J01Q73;;11.9946;11.9946;11.9946;07-Jul-2015
123471;Sundaram Fixed Term Plan DO Regular Plan Growth;INF903J01Q40;;11.9668;11.9668;11.9668;07-Jul-2015
123463;Sundaram Fixed Term Plan DP Direct Plan Growth;INF903J019T8;;11.9037;11.9037;11.9037;07-Jul-2015
123464;Sundaram Fixed Term Plan DP Regular Plan Growth;INF903J016T4;;11.8376;11.8376;11.8376;07-Jul-2015
123465;Sundaram Fixed Term Plan DP Regular Plan Half Yearly Dividend Payout;INF903J018T0;;11.8387;11.8387;11.8387;07-Jul-2015
123462;Sundaram Fixed Term Plan DP Regular Plan Quarterly Dividend Payout;INF903J017T2;;11.8374;11.8374;11.8374;07-Jul-2015
123757;Sundaram Fixed Term Plan DS Direct Plan Growth;INF903J01S30;;11.9194;11.9194;11.9194;07-Jul-2015
123759;Sundaram Fixed Term Plan DS Regular Plan Growth;INF903J01S06;;11.8603;11.8603;11.8603;07-Jul-2015
123756;Sundaram Fixed Term Plan DS Regular Plan Quarterly Dividend Payout;INF903J01S14;;11.8603;11.8603;11.8603;07-Jul-2015
123760;Sundaram Fixed Term Plan DT Direct Plan Growth;INF903J013U9;;12.0463;12.0463;12.0463;07-Jul-2015
123761;Sundaram Fixed Term Plan DT Direct Plan Half Yearly Dividend Payout;INF903J014U7;;12.0477;12.0477;12.0477;07-Jul-2015
123763;Sundaram Fixed Term Plan DT Regular Plan Growth;INF903J010U5;;11.9395;11.9395;11.9395;07-Jul-2015
123764;Sundaram Fixed Term Plan DT Regular Plan Half Yearly Dividend Payout;INF903J012U1;;11.9395;11.9395;11.9395;07-Jul-2015
123765;Sundaram Fixed Term Plan DT Regular Plan Quarterly Dividend Payout;INF903J011U3;;11.9395;11.9395;11.9395;07-Jul-2015
124125;Sundaram Fixed Term Plan DU Direct Plan Growth;INF903J01S97;;11.9989;11.9989;11.9989;07-Jul-2015
124123;Sundaram Fixed Term Plan DU Regular Plan Growth;INF903J01S63;;11.8941;11.8941;11.8941;07-Jul-2015
124122;Sundaram Fixed Term Plan DU Regular Plan Quarterly Dividend Payout;INF903J01S71;;11.8796;11.8796;11.8796;07-Jul-2015
124130;Sundaram Fixed Term Plan DV Direct Plan Growth;INF903J01T54;;11.9550;11.9550;11.9550;07-Jul-2015
124126;Sundaram Fixed Term Plan DV Regular Plan Growth;INF903J01T21;;11.9231;11.9231;11.9231;07-Jul-2015
124136;Sundaram Fixed Term Plan DW Direct Plan Growth;INF903J01V19;;11.8962;11.8962;11.8962;07-Jul-2015
124133;Sundaram Fixed Term Plan DW Regular Plan Growth;INF903J01U85;;11.8613;11.8613;11.8613;07-Jul-2015
124291;Sundaram Fixed Term Plan DY Direct Plan Growth;INF903J01V76;;11.8130;11.8130;11.8130;07-Jul-2015
124293;Sundaram Fixed Term Plan DY Direct Plan Quarterly Dividend Payout;INF903J01V84;;11.8576;11.8576;11.8576;07-Jul-2015
124294;Sundaram Fixed Term Plan DY Regular Plan Growth;INF903J01V43;;11.7234;11.7234;11.7234;07-Jul-2015
124296;Sundaram Fixed Term Plan DY Regular Plan Quarterly Dividend Payout;INF903J01V50;;11.7887;11.7887;11.7887;07-Jul-2015
124297;Sundaram Fixed Term Plan DZ Direct Plan Growth;INF903J018U8;;11.8098;11.8098;11.8098;07-Jul-2015
124298;Sundaram Fixed Term Plan DZ Direct Plan Half Yearly Dividend Payout;INF903J010V3;;11.8099;11.8099;11.8099;07-Jul-2015
124299;Sundaram Fixed Term Plan DZ Direct Plan Quarterly Dividend Payout;INF903J019U6;;11.8095;11.8095;11.8095;07-Jul-2015
124300;Sundaram Fixed Term Plan DZ Regular Plan Growth;INF903J015U4;;11.7107;11.7107;11.7107;07-Jul-2015
124301;Sundaram Fixed Term Plan DZ Regular Plan Half Yearly Dividend Payout;INF903J017U0;;11.7107;11.7107;11.7107;07-Jul-2015
124302;Sundaram Fixed Term Plan DZ Regular Plan Quarterly Dividend Payout;INF903J016U2;;11.7106;11.7106;11.7106;07-Jul-2015
125417;Sundaram Fixed Term Plan ER Direct Plan Growth;INF903J014R3;;11.5435;11.5435;11.5435;07-Jul-2015
125420;Sundaram Fixed Term Plan ER Regular Plan Growth;INF903J017R6;;11.4827;11.4827;11.4827;07-Jul-2015
125421;Sundaram Fixed Term Plan ER Regular Plan Half Yearly Dividend Payout;INF903J018R4;;11.4824;11.4824;11.4824;07-Jul-2015
126416;Sundaram Fixed Term Plan EU Direct Plan Growth;INF903J019M3;;11.3756;11.3756;11.3756;07-Jul-2015
126413;Sundaram Fixed Term Plan EU Regular Plan Growth;INF903J016M9;;11.3325;11.3325;11.3325;07-Jul-2015
126414;Sundaram Fixed Term Plan EU Regular Plan Half Yearly Dividend Payout;INF903J018M5;;11.3325;11.3325;11.3325;07-Jul-2015
126415;Sundaram Fixed Term Plan EU Regular Plan Quarterly Dividend Payout;INF903J017M7;;11.3326;11.3326;11.3326;07-Jul-2015
127692;Sundaram Fixed Term Plan FA Direct Plan Growth;INF903J013M6;;11.2706;11.2706;11.2706;07-Jul-2015
127690;Sundaram Fixed Term Plan FA Regular Plan Growth;INF903J010M2;;11.1981;11.1981;11.1981;07-Jul-2015
127711;Sundaram Fixed Term Plan FD Direct Plan Growth;INF903J017L9;;11.2516;11.2516;11.2516;07-Jul-2015
127708;Sundaram Fixed Term Plan FD Regular Plan Growth;INF903J014L6;;11.2011;11.2011;11.2011;07-Jul-2015
127710;Sundaram Fixed Term Plan FD Regular Plan Quarterly Dividend Payout;INF903J015L3;;11.2011;11.2011;11.2011;07-Jul-2015
129102;Sundaram Fixed Term Plan FL Direct Plan Growth;INF903J01J56;;11.2316;11.2316;11.2316;07-Jul-2015
129104;Sundaram Fixed Term Plan FL Regular Plan Growth;INF903J01J23;;11.1842;11.1842;11.1842;07-Jul-2015
129105;Sundaram Fixed Term Plan FL Regular Plan Half Yearly Dividend Payout;INF903J01J31;;11.1841;11.1841;11.1841;07-Jul-2015
129106;Sundaram Fixed Term Plan FL Regular Plan Quarterly Dividend Payout;INF903J01J49;;11.1841;11.1841;11.1841;07-Jul-2015
129317;Sundaram Fixed Term Plan GE Direct Plan Growth;INF903J01L37;;11.0475;11.0475;11.0475;07-Jul-2015
129318;Sundaram Fixed Term Plan GE Regular Plan Growth;INF903J01L03;;11.0067;11.0067;11.0067;07-Jul-2015
129320;Sundaram Fixed Term Plan GE Regular Plan Quarterly Dividend Payout;INF903J01L29;;11.0066;11.0066;11.0066;07-Jul-2015
129892;Sundaram Fixed Term Plan GG Direct Plan Growth;INF903J010S9;;10.9579;10.9579;10.9579;07-Jul-2015
129891;Sundaram Fixed Term Plan GG Regular Plan Growth;INF903J011S7;;10.9188;10.9188;10.9188;07-Jul-2015
129895;Sundaram Fixed Term Plan GG Regular Plan Half Yearly Dividend Payout;INF903J012S5;;10.9187;10.9187;10.9187;07-Jul-2015
130895;Sundaram Fixed Term Plan GJ Direct Plan Growth;INF903J01Q16;;10.9789;10.9789;10.9789;07-Jul-2015
130890;Sundaram Fixed Term Plan GJ Direct Plan Half Yearly Dividend Payout;INF903J01Q24;;10.9780;10.9780;10.9780;07-Jul-2015
130891;Sundaram Fixed Term Plan GJ Direct Plan Quarterly Dividend Payout;INF903J01Q32;;10.9784;10.9784;10.9784;07-Jul-2015
130892;Sundaram Fixed Term Plan GJ Regular Plan Growth;INF903J01P82;;10.9312;10.9312;10.9312;07-Jul-2015
130893;Sundaram Fixed Term Plan GJ Regular Plan Half Yearly Dividend Payout;INF903J01P90;;10.9321;10.9321;10.9321;07-Jul-2015
130894;Sundaram Fixed Term Plan GJ Regular Plan Quarterly Dividend Payout;INF903J01Q08;;10.9312;10.9312;10.9312;07-Jul-2015
131200;Sundaram Fixed Term Plan GK Direct Plan Growth;INF903J01U10;;10.8777;10.8777;10.8777;07-Jul-2015
131201;Sundaram Fixed Term Plan GK Direct Plan Half Yearlly Divinded Payout;INF903J01U28;;10.8777;10.8777;10.8777;07-Jul-2015
131203;Sundaram Fixed Term Plan GK Regular Plan Growth;INF903J01T88;;10.8352;10.8352;10.8352;07-Jul-2015
131205;Sundaram Fixed Term Plan GK Regular Plan Quaterly Dividend Payout;INF903J01U02;;10.8352;10.8352;10.8352;07-Jul-2015
133552;Sundaram Fixed Term Plan GU Direct Plan Growth;INF903J011C1;;10.3731;10.3731;10.3731;07-Jul-2015
133555;Sundaram Fixed Term Plan GU Regular Plan Growth;INF903J018B8;;10.3685;10.3685;10.3685;07-Jul-2015
133556;Sundaram Fixed Term Plan GU Regular Plan Half Yearly Dividend Payout;INF903J019B6;;10.3686;10.3686;10.3686;07-Jul-2015
134507;Sundaram Fixed Term Plan GW Direct Plan Growth;INF903J013N4;;10.1096;10.1096;10.1096;07-Jul-2015
134509;Sundaram Fixed Term Plan GW Direct Plan Quarterly Dividend Payout;INF903J015N9;;10.1095;10.1095;10.1095;07-Jul-2015
134510;Sundaram Fixed Term Plan GW Regular Plan Growth;INF903J010N0;;10.1073;10.1073;10.1073;07-Jul-2015
134511;Sundaram Fixed Term Plan GW Regular Plan Quarterly Dividend Payout;INF903J012N6;;10.1070;10.1070;10.1070;07-Jul-2015
123218;Sundaram Hybrid Fund Series A Direct Plan Growth;INF903J01TB5;;12.9498;12.9498;12.9498;07-Jul-2015
123220;Sundaram Hybrid Fund Series A Direct Plan Yearly Dividend Payout;INF903J01TD1;;12.9499;12.9499;12.9499;07-Jul-2015
123215;Sundaram Hybrid Fund Series A Regular Plan Growth;INF903J01SY9;;12.5925;12.5925;12.5925;07-Jul-2015
123216;Sundaram Hybrid Fund Series A Regular Plan Half Yearly Dividend Payout;INF903J01SZ6;;12.5925;12.5925;12.5925;07-Jul-2015
123217;Sundaram Hybrid Fund Series A Regular Plan Yearly Dividend Payout;INF903J01TA7;;12.5925;12.5925;12.5925;07-Jul-2015
125058;Sundaram Hybrid Fund Series C Direct Plan Growth;INF903J01XD3;;12.4843;12.4843;12.4843;07-Jul-2015
125061;Sundaram Hybrid Fund Series C Regular Plan Growth;INF903J01XA9;;12.0058;12.0058;12.0058;07-Jul-2015
125062;Sundaram Hybrid Fund Series C Regular Plan Half Yearly Dividend Payout;INF903J01XB7;;12.0058;12.0058;12.0058;07-Jul-2015
125063;Sundaram Hybrid Fund Series C Regular Plan Yearly Dividend Payout;INF903J01XC5;;12.0057;12.0057;12.0057;07-Jul-2015
125651;Sundaram Hybrid Fund Series D Direct Plan Growth;INF903J01XV5;;12.2680;12.2680;12.2680;07-Jul-2015
125652;Sundaram Hybrid Fund Series D Direct Plan Half Yearly Dividend Payout;INF903J01XW3;;12.2511;12.2511;12.2511;07-Jul-2015
125653;Sundaram Hybrid Fund Series D Direct Plan Yearly Dividend Payout;INF903J01XX1;;12.2525;12.2525;12.2525;07-Jul-2015
125654;Sundaram Hybrid Fund Series D Regular Plan Growth;INF903J01XS1;;11.9325;11.9325;11.9325;07-Jul-2015
125655;Sundaram Hybrid Fund Series D Regular Plan Half Yearly Dividend Payout;INF903J01XT9;;11.9326;11.9326;11.9326;07-Jul-2015
125656;Sundaram Hybrid Fund Series D Regular Plan Yearly Dividend Payout;INF903J01XU7;;11.9326;11.9326;11.9326;07-Jul-2015
128424;Sundaram Hybrid Fund Series F Direct Plan Growth;INF903J01I32;;11.9406;11.9406;11.9406;07-Jul-2015
128425;Sundaram Hybrid Fund Series F Direct Plan Half Yearly Dividend Payout;INF903J01I40;;11.9406;11.9406;11.9406;07-Jul-2015
128426;Sundaram Hybrid Fund Series F Direct Plan Yearly Dividend Payout;INF903J01I57;;11.9406;11.9406;11.9406;07-Jul-2015
128427;Sundaram Hybrid Fund Series F Regular Plan Growth;INF903J01I08;;11.7060;11.7060;11.7060;07-Jul-2015
128428;Sundaram Hybrid Fund Series F Regular Plan Half Yearly Dividend Payout;INF903J01I16;;11.7060;11.7060;11.7060;07-Jul-2015
128429;Sundaram Hybrid Fund Series F Regular Plan Yearly Dividend Payout;INF903J01I24;;11.7060;11.7060;11.7060;07-Jul-2015
134673;Sundaram Hybrid Fund Series M Direct Plan Growth;INF903J019O9;;10.0841;10.0841;10.0841;07-Jul-2015
134675;Sundaram Hybrid Fund Series M Direct Plan half Yearly Dividend;INF903J010P5;;10.0841;10.0841;10.0841;07-Jul-2015
134674;Sundaram Hybrid Fund Series M Direct plan Yearly Dividend;INF903J011P3;;10.0841;10.0841;10.0841;07-Jul-2015
134677;Sundaram Hybrid Fund Series M Regular Plan  Half yearly Dividend;INF903J017O3;;10.0807;10.0807;10.0807;07-Jul-2015
134676;Sundaram Hybrid Fund Series M Regular Plan Growth;INF903J016O5;;10.0807;10.0807;10.0807;07-Jul-2015
134678;Sundaram Hybrid Fund Series M Regular Plan Yearly Dividend;INF903J018O1;;10.0807;10.0807;10.0807;07-Jul-2015
129787;Sundaram Hybrid Fund Series H Direct Plan Growth;INF903J01K79;;11.7654;11.7654;11.7654;07-Jul-2015
129788;Sundaram Hybrid Fund Series H Direct Plan Half yearly Dividend Payout;INF903J01K87;;11.7653;11.7653;11.7653;07-Jul-2015
129790;Sundaram Hybrid Fund Series H Regular Plan Growth;INF903J01K46;;11.5465;11.5465;11.5465;07-Jul-2015
129791;Sundaram Hybrid Fund Series H Regular Plan Half Yearly Dividend Payout;INF903J01K53;;11.5465;11.5465;11.5465;07-Jul-2015
129792;Sundaram Hybrid Fund Series H Regular Plan Yearly Dividend Payout;INF903J01K61;;11.5465;11.5465;11.5465;07-Jul-2015
130307;Sundaram Hybrid Fund Series K Direct Growth;INF903J01N92;;11.1234;11.1234;11.1234;07-Jul-2015
130305;Sundaram Hybrid Fund Series K Direct Half yearly Dividend;INF903J01O00;;11.1230;11.1230;11.1230;07-Jul-2015
130306;Sundaram Hybrid Fund Series K Direct Yearly Dividend;INF903J01O18;;11.1245;11.1245;11.1245;07-Jul-2015
130303;Sundaram Hybrid Fund Series K Regular Growth;INF903J01N68;;10.9517;10.9517;10.9517;07-Jul-2015
130304;Sundaram Hybrid Fund Series K Regular half yearly Dividend;INF903J01N76;;10.9517;10.9517;10.9517;07-Jul-2015
130308;Sundaram Hybrid Fund Series K Regular Yearly Dividend;INF903J01N84;;10.9517;10.9517;10.9517;07-Jul-2015
134710;SUNDARAM hYBRID SERIES N DIRECT PLAN GROWTH;INF903J010R1;;10.4424;10.4424;10.4424;07-Jul-2015
134711;SUNDARAM HYBRID SERIES N DIRECT PLAN HALF YEARLY DIVIDEND PAYOUT;INF903J018Q6;;10.4424;10.4424;10.4424;07-Jul-2015
134712;SUNDARAM HYBRID SERIES N DIRECT PLAN YEARLY DIVIDEND PAYOUT;INF903J019Q4;;10.4424;10.4424;10.4424;07-Jul-2015
134713;SUNDARAM HYBRID SERIES N REGULAR PLAN GROWTH;INF903J013R5;;10.4402;10.4402;10.4402;07-Jul-2015
134714;SUNDARAM HYBRID SERIES N REGULAR PLAN HALF YEARLY DIVIDEND PAYOUT;INF903J011R9;;10.4402;10.4402;10.4402;07-Jul-2015
134715;SUNDARAM HYBRID SERIES N REGULAR PLAN YEARLY DIVIDEND;INF903J012R7;;10.4402;10.4402;10.4402;07-Jul-2015
119693;Sundaram Fixed Income Interval Fund- Quarterly Series-Plan D - Direct Plan - Growth;INF903J01PG2;;17.7556;17.7556;17.7556;07-Jul-2015
109543;SUNDARAM INTERVAL FUND QUARTERLY SERIES PLAN  D REG DIVIDEND;INF903J01BN8;;10.1740;10.1740;10.1740;07-Jul-2015
109544;SUNDARAM INTERVAL FUND QUARTERLY SERIES PLAN  D REG GROWTH;INF903J01BM0;;17.7380;17.7380;17.7380;07-Jul-2015

Tata Mutual Fund
117711;Tata Capital Protection Oriented Fund Series II- Growth option;INF277K01Y78;;13.1702;0.0000;0.0000;07-Jul-2015
117712;Tata Capital Protection Oriented Fund Series II-Dividend Payout;INF277K01Y60;;13.1702;0.0000;0.0000;07-Jul-2015
127405;Tata Dual Advantage Fund -Scheme B Direct Plan Dividend(Payout);INF277K01TA4;;12.0150;0.0000;0.0000;07-Jul-2015
127407;Tata Dual Advantage Fund -Scheme B Direct Plan Growth;INF277K01SZ3;;12.0150;0.0000;0.0000;07-Jul-2015
127406;Tata Dual Advantage Fund -Scheme B Plan A Dividend(Payout);INF277K01SY6;;11.7765;0.0000;0.0000;07-Jul-2015
127404;Tata Dual Advantage Fund -Scheme B Plan A Growth;INF277K01SX8;;11.7766;0.0000;0.0000;07-Jul-2015
122747;Tata Dual Advantage Fund Scheme A-Direct Plan :Dividend;INF277K01SW0;;14.1497;0.0000;0.0000;07-Jul-2015
122746;Tata Dual Advantage Fund Scheme A-Direct Plan:Growth;INF277K01SV2;;14.1562;0.0000;0.0000;07-Jul-2015
122745;Tata Dual Advantage Fund Scheme A-Plan A:Dividend;INF277K01SU4;;13.7156;0.0000;0.0000;07-Jul-2015
122744;Tata Dual Advantage Fund Scheme A-Plan A:Growth;INF277K01ST6;;13.7155;0.0000;0.0000;07-Jul-2015
130201;Tata Dual Advantage Fund Scheme C -Direct Plan-Dividend(Payout);INF277K01TE6;;11.2105;0.0000;0.0000;07-Jul-2015
130202;Tata Dual Advantage Fund Scheme C-Direct Plan-Growth;INF277K01TD8;;11.2122;0.0000;0.0000;07-Jul-2015
130203;Tata Dual Advantage Fund Scheme C-Plan A-Dividend(Payout);INF277K01TC0;;11.0401;0.0000;0.0000;07-Jul-2015
130204;Tata Dual Advantage Fund Scheme C-Plan A-Growth;INF277K01TB2;;11.0401;0.0000;0.0000;07-Jul-2015
131046;Tata Dual Advantage Fund Series 2 Scheme A -Direct Plan Growth Option;INF277K01F30;;11.0925;0.0000;0.0000;07-Jul-2015
131044;Tata Dual Advantage Fund Series 2 Scheme A-Direct Plan Dividend(Payout) Option;INF277K01F48;;11.0925;0.0000;0.0000;07-Jul-2015
131045;Tata Dual Advantage Fund Series 2 Scheme A-Plan A Dividend(Payout) Option;INF277K01F22;;10.9571;0.0000;0.0000;07-Jul-2015
131043;Tata Dual Advantage Fund Series 2 Scheme A-Plan A Growth Option;INF277K01F14;;10.9571;0.0000;0.0000;07-Jul-2015
133018;Tata Dual Advantage Fund Series 2 Scheme B Direct Plan Dividend Payout;INF277K01J85;;10.5584;0.0000;0.0000;07-Jul-2015
133017;Tata Dual Advantage Fund Series 2 Scheme B Direct Plan Growth;INF277K01J77;;10.5582;0.0000;0.0000;07-Jul-2015
133016;Tata Dual Advantage Fund Series 2 Scheme B Plan A Dividend Payout;INF277K01J69;;10.4654;0.0000;0.0000;07-Jul-2015
133007;Tata Dual Advantage Fund Series 2 Scheme B Plan A Growth;INF277K01J51;;10.4654;0.0000;0.0000;07-Jul-2015
133511;Tata Dual Advantage Fund Series 2 Scheme C Direct Plan Dividend Payout;INF277K01M49;;10.3054;0.0000;0.0000;07-Jul-2015
133512;Tata Dual Advantage Fund Series 2 Scheme C Direct Plan Growth;INF277K01M31;;10.3054;0.0000;0.0000;07-Jul-2015
133510;Tata Dual Advantage Fund Series 2 Scheme C Plan A Dividend Payout;INF277K01M23;;10.2840;0.0000;0.0000;07-Jul-2015
133509;Tata Dual Advantage Fund Series 2 Scheme C Plan A Growth;INF277K01M15;;10.2840;0.0000;0.0000;07-Jul-2015
134011;Tata Dual Advantage Fund Series 3 Scheme A Direct Plan Dividend Payout;INF277K01P04;;10.1962;0.0000;0.0000;07-Jul-2015
134009;Tata Dual Advantage Fund Series 3 Scheme A Direct Plan Growth;INF277K01O96;;10.1962;0.0000;0.0000;07-Jul-2015
134010;Tata Dual Advantage Fund Series 3 Scheme A Plan A Dividend Payout;INF277K01O88;;10.1528;0.0000;0.0000;07-Jul-2015
134012;Tata Dual Advantage Fund Series 3 Scheme A Plan A Growth;INF277K01O70;;10.1528;0.0000;0.0000;07-Jul-2015
123155;Tata FMP Series 43 Scheme A - Direct Plan - Dividend Option ( Payout);INF277K01F89;;11.3852;0.0000;0.0000;07-Jul-2015
123156;Tata FMP Series 43 Scheme A - Direct Plan -Growth Option;INF277K01F71;;12.0313;0.0000;0.0000;07-Jul-2015
123157;Tata FMP Series 43 Scheme A- Plan A -Growth Option;INF277K01F55;;12.0082;0.0000;0.0000;07-Jul-2015
123160;Tata FMP Series 43 Scheme B - Direct Plan - Dividend Option ( Payout);INF277K01TP2;;12.2370;0.0000;0.0000;07-Jul-2015
123159;Tata FMP Series 43 Scheme B - Direct Plan -Growth Option;INF277K01TQ0;;12.2370;0.0000;0.0000;07-Jul-2015
123161;Tata FMP Series 43 Scheme B - Plan A -Dividend Option ( Payout);INF277K01TN7;;12.1796;0.0000;0.0000;07-Jul-2015
123158;Tata FMP Series 43 Scheme B- Plan A -Growth Option;INF277K01TO5;;12.1796;0.0000;0.0000;07-Jul-2015
123550;Tata FMP Series 43 Scheme C - Direct Plan - Dividend Option ( Payout);INF277K01G13;;10.8844;0.0000;0.0000;07-Jul-2015
123549;Tata FMP Series 43 Scheme C - Direct Plan -Growth Option;INF277K01G21;;12.0675;0.0000;0.0000;07-Jul-2015
123547;Tata FMP Series 43 Scheme C- Plan A -Growth Option;INF277K01G05;;12.0385;0.0000;0.0000;07-Jul-2015
123553;Tata FMP Series 43 Scheme D - Direct Plan -Growth Option;INF277K01H04;;12.0146;0.0000;0.0000;07-Jul-2015
123554;Tata FMP Series 43 Scheme D - Plan A -Dividend Option ( Payout);INF277K01G70;;10.8480;0.0000;0.0000;07-Jul-2015
123551;Tata FMP Series 43 Scheme D- Plan A -Growth Option;INF277K01G88;;11.9850;0.0000;0.0000;07-Jul-2015
124020;Tata FMP Series 44 Scheme A - Direct Plan -Growth Option;INF277K01I03;;11.9412;0.0000;0.0000;07-Jul-2015
124018;Tata FMP Series 44 Scheme A- Plan A -Growth Option;INF277K01H87;;11.9112;0.0000;0.0000;07-Jul-2015
124024;Tata FMP Series 44 Scheme B - Direct Plan - Dividend Option ( Payout);INF277K01H53;;10.8040;0.0000;0.0000;07-Jul-2015
124025;Tata FMP Series 44 Scheme B - Direct Plan -Growth Option;INF277K01H61;;11.8613;0.0000;0.0000;07-Jul-2015
124023;Tata FMP Series 44 Scheme B - Plan A -Dividend Option ( Payout);INF277K01H38;;10.7957;0.0000;0.0000;07-Jul-2015
124022;Tata FMP Series 44 Scheme B- Plan A -Growth Option;INF277K01H46;;11.8279;0.0000;0.0000;07-Jul-2015
124616;Tata FMP Series 44 Scheme D - Direct Plan -Growth Option;INF277K01S50;;11.6274;0.0000;0.0000;07-Jul-2015
124615;Tata FMP Series 44 Scheme D- Plan A -Growth Option;INF277K01S43;;11.5461;0.0000;0.0000;07-Jul-2015
124805;Tata FMP Series 45 Scheme A - Direct Plan -Growth Option;INF277K01I45;;11.6460;0.0000;0.0000;07-Jul-2015
124806;Tata FMP Series 45 Scheme A - Plan A -Dividend Option ( Payout);INF277K01I11;;10.6559;0.0000;0.0000;07-Jul-2015
124804;Tata FMP Series 45 Scheme A- Plan A -Growth Option;INF277K01I29;;11.6190;0.0000;0.0000;07-Jul-2015
124812;Tata FMP Series 45 Scheme C - Direct Plan -Growth Option;INF277K01K66;;11.5523;0.0000;0.0000;07-Jul-2015
124815;Tata FMP Series 45 Scheme C - Plan A -Dividend Option ( Payout);INF277K01K33;;10.5482;0.0000;0.0000;07-Jul-2015
124814;Tata FMP Series 45 Scheme C- Plan A -Growth Option;INF277K01K41;;11.5220;0.0000;0.0000;07-Jul-2015
126261;Tata FMP Series 45 Scheme D - Direct Plan -Growth Option;INF277K01M07;;11.4073;0.0000;0.0000;07-Jul-2015
126260;Tata FMP Series 45 Scheme D- Plan A -Growth Option;INF277K01L99;;11.3616;0.0000;0.0000;07-Jul-2015
126961;Tata FMP Series 45 Scheme E - Direct Plan - Dividend Option ( Payout);INF277K01N48;;10.3200;0.0000;0.0000;07-Jul-2015
126960;Tata FMP Series 45 Scheme E - Direct Plan -Growth Option;INF277K01N55;;11.3303;0.0000;0.0000;07-Jul-2015
126962;Tata FMP Series 45 Scheme E- Plan A -Growth Option;INF277K01N30;;11.3013;0.0000;0.0000;07-Jul-2015
125525;Tata FMP Series 46 Scheme A-Direct Plan-Dividend Option(Payout);INF277K01K90;;10.2463;0.0000;0.0000;07-Jul-2015
125523;Tata FMP Series 46 Scheme A-Direct Plan-Growth Option;INF277K01L08;;11.4965;0.0000;0.0000;07-Jul-2015
125524;Tata FMP Series 46 Scheme A-Plan A -Growth Option;INF277K01K82;;11.4606;0.0000;0.0000;07-Jul-2015
125526;Tata FMP Series 46 Scheme A-Plan A-Dividend Option(Payout);INF277K01K74;;10.4967;0.0000;0.0000;07-Jul-2015
125566;Tata FMP Series 46 Scheme B - Direct Plan -Growth Option;INF277K01L40;;11.4754;0.0000;0.0000;07-Jul-2015
125565;Tata FMP Series 46 Scheme B - Plan A -Dividend Option ( Payout);INF277K01L16;;10.4779;0.0000;0.0000;07-Jul-2015
125567;Tata FMP Series 46 Scheme B- Plan A -Growth Option;INF277K01L24;;11.4845;0.0000;0.0000;07-Jul-2015
125837;Tata FMP Series 46 Scheme C - Direct Plan -Growth Option;INF277K01WC4;;11.4513;0.0000;0.0000;07-Jul-2015
125836;Tata FMP Series 46 Scheme C - Plan A -Dividend Option ( Payout);INF277K01VZ7;;10.4645;0.0000;0.0000;07-Jul-2015
125835;Tata FMP Series 46 Scheme C- Plan A -Growth Option;INF277K01WA8;;11.4271;0.0000;0.0000;07-Jul-2015
125840;Tata FMP Series 46 Scheme D - Direct Plan -Growth Option;INF277K01S92;;11.3932;0.0000;0.0000;07-Jul-2015
125842;Tata FMP Series 46 Scheme D- Plan A -Growth Option;INF277K01S76;;11.3239;0.0000;0.0000;07-Jul-2015
125845;Tata FMP Series 46 Scheme E - Direct Plan -Growth Option;INF277K01WK7;;11.6724;0.0000;0.0000;07-Jul-2015
125844;Tata FMP Series 46 Scheme E - Plan A -Dividend Option ( Payout);INF277K01WH3;;11.5831;0.0000;0.0000;07-Jul-2015
125843;Tata FMP Series 46 Scheme E- Plan A -Growth Option;INF277K01WI1;;11.5831;0.0000;0.0000;07-Jul-2015
126269;Tata FMP Series 46 Scheme H - Direct Plan - Dividend Option ( Payout);IINF277K01Y4;;11.3770;0.0000;0.0000;07-Jul-2015
126268;Tata FMP Series 46 Scheme H - Direct Plan -Growth Option;INF277K01Y52;;11.3769;0.0000;0.0000;07-Jul-2015
126267;Tata FMP Series 46 Scheme H - Plan A -Dividend Option ( Payout);INF277K01Y29;;11.3445;0.0000;0.0000;07-Jul-2015
126266;Tata FMP Series 46 Scheme H- Plan A -Growth Option;INF277K01Y37;;11.3446;0.0000;0.0000;07-Jul-2015
126272;Tata FMP Series 46 Scheme I - Direct Plan -Growth Option;INF277K01M72;;11.3585;0.0000;0.0000;07-Jul-2015
126270;Tata FMP Series 46 Scheme I- Plan A -Growth Option;INF277K01M64;;11.3317;0.0000;0.0000;07-Jul-2015
126699;Tata FMP Series 46 Scheme K - Direct Plan -Growth Option;INF277K01T26;;11.4313;0.0000;0.0000;07-Jul-2015
126698;Tata FMP Series 46 Scheme K - Plan A -Dividend Option ( Payout);INF277K01T00;;10.1416;0.0000;0.0000;07-Jul-2015
126697;Tata FMP Series 46 Scheme K- Plan A -Growth Option;INF277K01T18;;11.2362;0.0000;0.0000;07-Jul-2015
126965;Tata FMP Series 46 Scheme L - Direct Plan -Growth Option;INF277K01N89;;11.3126;0.0000;0.0000;07-Jul-2015
126964;Tata FMP Series 46 Scheme L - Plan A -Dividend Option ( Payout);INF277K01N63;;10.3055;0.0000;0.0000;07-Jul-2015
126963;Tata FMP Series 46 Scheme L - Plan A -Growth Option;INF277K01N71;;11.2832;0.0000;0.0000;07-Jul-2015
126967;Tata FMP Series 46 Scheme M - Direct Plan - Dividend Option ( Payout);INF277K01T59;;10.1538;0.0000;0.0000;07-Jul-2015
126970;Tata FMP Series 46 Scheme M - Direct Plan -Growth Option;INF277K01T67;;11.2781;0.0000;0.0000;07-Jul-2015
126969;Tata FMP Series 46 Scheme M - Plan A -Dividend Option ( Payout);INF277K01T34;;10.1500;0.0000;0.0000;07-Jul-2015
126968;Tata FMP Series 46 Scheme M - Plan A -Growth Option;INF277K01T42;;11.2106;0.0000;0.0000;07-Jul-2015
126973;Tata FMP Series 46 Scheme N - Direct Plan -Growth Option;INF277K01U07;;11.2285;0.0000;0.0000;07-Jul-2015
126972;Tata FMP Series 46 Scheme N - Plan A -Dividend Option ( Payout);INF277K01T75;;10.1410;0.0000;0.0000;07-Jul-2015
126971;Tata FMP Series 46 Scheme N - Plan A -Growth Option;INF277K01T83;;11.1632;0.0000;0.0000;07-Jul-2015
127302;Tata FMP Series 46 Scheme O - Direct Plan -Growth Option;INF277K01O21;;11.3009;0.0000;0.0000;07-Jul-2015
127301;Tata FMP Series 46 Scheme O - Plan A -Dividend Option ( Payout);INF277K01N97;;10.2777;0.0000;0.0000;07-Jul-2015
127300;Tata FMP Series 46 Scheme O - Plan A -Growth Option;INF277K01O05;;11.2402;0.0000;0.0000;07-Jul-2015
127500;Tata FMP Series 46 Scheme P - Direct Plan -Growth Option;INF277K01O62;;11.3043;0.0000;0.0000;07-Jul-2015
127499;Tata FMP Series 46 Scheme P - Plan A -Dividend Option ( Payout);INF277K01O39;;10.2626;0.0000;0.0000;07-Jul-2015
127498;Tata FMP Series 46 Scheme P - Plan A -Growth Option;INF277K01O47;;11.2622;0.0000;0.0000;07-Jul-2015
127874;Tata FMP Series 46 Scheme Q - Direct Plan - Dividend Option ( Payout);INF277K01U31;;10.1516;0.0000;0.0000;07-Jul-2015
127872;Tata FMP Series 46 Scheme Q - Direct Plan -Growth Option;INF277K01U49;;11.1955;0.0000;0.0000;07-Jul-2015
127873;Tata FMP Series 46 Scheme Q - Plan A -Dividend Option ( Payout);INF277K01U15;;10.1485;0.0000;0.0000;07-Jul-2015
127871;Tata FMP Series 46 Scheme Q - Plan A -Growth Option;INF277K01U23;;11.1303;0.0000;0.0000;07-Jul-2015
128301;Tata FMP Series 46 Scheme R - Direct Plan - Dividend Option ( Payout);INF277K01U72;;10.1550;0.0000;0.0000;07-Jul-2015
128300;Tata FMP Series 46 Scheme R - Direct Plan -Growth Option;INF277K01U80;;11.1633;0.0000;0.0000;07-Jul-2015
128299;Tata FMP Series 46 Scheme R - Plan A -Dividend Option ( Payout);INF277K01U56;;10.1522;0.0000;0.0000;07-Jul-2015
128302;Tata FMP Series 46 Scheme R - Plan A -Growth Option;INF277K01U64;;11.1106;0.0000;0.0000;07-Jul-2015
128312;Tata FMP Series 46 Scheme S - Direct Plan - Dividend Option ( Payout);INF277K01Q52;;10.2503;0.0000;0.0000;07-Jul-2015
128311;Tata FMP Series 46 Scheme S - Direct Plan -Growth Option;INF277K01Q60;;11.2458;0.0000;0.0000;07-Jul-2015
128309;Tata FMP Series 46 Scheme S - Plan A -Growth Option;INF277K01Q45;;11.2177;0.0000;0.0000;07-Jul-2015
127299;Tata FMP Series 46 Scheme T - Direct Plan -Growth Option;INF277K01U98;;11.2659;0.0000;0.0000;07-Jul-2015
127296;Tata FMP Series 46 Scheme T - Plan A -Growth Option;INF277K01V06;;11.2001;0.0000;0.0000;07-Jul-2015
128392;Tata Fixed Maturity Plan Series 47 Scheme A -Direct Plan-Growth;INF277K01P87;;11.1933;0.0000;0.0000;07-Jul-2015
128394;Tata Fixed Maturity Plan Series 47 Scheme A -Plan A -Dividend Payout;INF277K01P53;;10.2287;0.0000;0.0000;07-Jul-2015
128395;Tata Fixed Maturity Plan Series 47 Scheme A -Plan A -Growth;INF277K01P61;;11.1630;0.0000;0.0000;07-Jul-2015
128398;Tata Fixed Maturity Plan Series 47 Scheme C-Direct Plan-Dividend Payout;INF277K01R36;;10.1531;0.0000;0.0000;07-Jul-2015
128396;Tata Fixed Maturity Plan Series 47 Scheme C-Direct Plan-Growth;INF277K01R44;;11.1134;0.0000;0.0000;07-Jul-2015
128399;Tata Fixed Maturity Plan Series 47 Scheme C-Plan A -Dividend Payout;INF277K01R10;;10.1512;0.0000;0.0000;07-Jul-2015
128397;Tata Fixed Maturity Plan Series 47 Scheme C-Plan A -Growth;INF277K01R28;;11.0918;0.0000;0.0000;07-Jul-2015
128400;Tata Fixed Maturity Plan Series 47 Scheme D-Direct Plan-Dividend Payout;INF277K01R77;;10.1536;0.0000;0.0000;07-Jul-2015
128402;Tata Fixed Maturity Plan Series 47 Scheme D-Direct Plan-Growth;INF277K01R85;;11.1794;0.0000;0.0000;07-Jul-2015
128403;Tata Fixed Maturity Plan Series 47 Scheme D-Plan A -Dividend Payout;INF277K01R51;;10.1444;0.0000;0.0000;07-Jul-2015
128401;Tata Fixed Maturity Plan Series 47 Scheme D-Plan A -Growth;INF277K01R69;;11.0869;0.0000;0.0000;07-Jul-2015
128829;Tata Fixed Maturity Plan Series 47 Scheme E Direct Plan Growth;INF277K01V97;;11.0858;0.0000;0.0000;07-Jul-2015
128828;Tata Fixed Maturity Plan Series 47 Scheme E Plan A Dividend Payout;INF277K01V63;;10.1268;0.0000;0.0000;07-Jul-2015
128830;Tata Fixed Maturity Plan Series 47 Scheme E Plan A Growth;INF277K01V71;;11.0652;0.0000;0.0000;07-Jul-2015
129703;Tata FMP Series 47 Scheme M- Plan A -Dividend Option(Payout);INF277K01X20;;10.0829;0.0000;0.0000;07-Jul-2015
129701;Tata FMP Series 47 Scheme M-Direct Plan-Growth;INF277K01X53;;11.0210;0.0000;0.0000;07-Jul-2015
129704;Tata FMP Series 47 Scheme M-Plan A-Growth;INF277K01X38;;11.0090;0.0000;0.0000;07-Jul-2015
129843;Tata FMP Series 47 Scheme N-Direct Plan-Growth Option;INF277K01X79;;10.9902;0.0000;0.0000;07-Jul-2015
129842;Tata FMP Series 47 Scheme N-Plan A -Dividend Option;INF277K01X87;;10.0579;0.0000;0.0000;07-Jul-2015
129841;Tata FMP Series 47 Scheme N-Plan A -Growth Option;INF277K01X95;;10.9722;0.0000;0.0000;07-Jul-2015
129044;Tata FMP Series 47 Scheme F - Direct Plan -Growth Option;INF277K01W39;;11.0621;0.0000;0.0000;07-Jul-2015
129043;Tata FMP Series 47 Scheme F - Plan A -Dividend Option ( Payout);INF277K01W05;;10.1099;0.0000;0.0000;07-Jul-2015
129042;Tata FMP Series 47 Scheme F - Plan A -Growth Option;INF277K01W13;;11.0426;0.0000;0.0000;07-Jul-2015
129218;Tata FMP Series 47 Scheme H - Direct Plan -Growth Option;INF277K01W70;;11.0789;0.0000;0.0000;07-Jul-2015
129217;Tata FMP Series 47 Scheme H - Plan A -Dividend Option ( Payout);INF277K01W47;;10.1526;0.0000;0.0000;07-Jul-2015
129216;Tata FMP Series 47 Scheme H - Plan A -Growth Option;INF277K01W54;;11.0553;0.0000;0.0000;07-Jul-2015
128980;Tata FMP Series 47 Scheme J - Direct Plan - Dividend Option ( Payout);INF277K01S19;;10.1580;0.0000;0.0000;07-Jul-2015
128983;Tata FMP Series 47 Scheme J - Direct Plan -Growth Option;INF277K01S27;;11.1026;0.0000;0.0000;07-Jul-2015
128982;Tata FMP Series 47 Scheme J - Plan A -Dividend Option ( Payout);INF277K01R93;;10.1542;0.0000;0.0000;07-Jul-2015
128981;Tata FMP Series 47 Scheme J - Plan A -Growth Option;INF277K01S01;;11.0770;0.0000;0.0000;07-Jul-2015
129378;Tata FMP Series 47 Scheme I-Direct Plan-Growth;INF277K01X12;;11.0808;0.0000;0.0000;07-Jul-2015
129379;Tata FMP Series 47 Scheme I-Plan A -Dividend Option(Payout);INF277K01W88;;10.1259;0.0000;0.0000;07-Jul-2015
129380;Tata FMP Series 47 Scheme I-Plan A -Growth;INF277K01W96;;11.0671;0.0000;0.0000;07-Jul-2015
129377;Tata FMP Series 47Scheme I-Direct Plan-Dividend Plan-Dividend Option(Payout);INF277K01X04;;10.1279;0.0000;0.0000;07-Jul-2015

Union Mutual Fund
126347;Union Capital Protection Oriented Fund - Series 5 - Direct Plan - Dividend Option;INF582M01BK0;;12.6760;0.0000;0.0000;07-Jul-2015
126346;Union Capital Protection Oriented Fund - Series 5 - Direct Plan - Growth Option;INF582M01BJ2;;12.6760;0.0000;0.0000;07-Jul-2015
126349;Union Capital Protection Oriented Fund - Series 5 - Regular Plan - Dividend Option;INF582M01BH6;;12.5930;0.0000;0.0000;07-Jul-2015
126348;Union Capital Protection Oriented Fund - Series 5 - Regular Plan - Growth Option;INF582M01BG8;;12.5930;0.0000;0.0000;07-Jul-2015
134170;Union Capital Protection Oriented Fund - Series 6 - Direct Plan - Dividend Option;INF582M01CF8;;9.8622;0.0000;0.0000;07-Jul-2015
134171;Union Capital Protection Oriented Fund - Series 6 - Direct Plan - Growth Option;INF582M01CE1;;9.8622;0.0000;0.0000;07-Jul-2015
134169;Union Capital Protection Oriented Fund - Series 6 - Regular Plan - Growth Option;INF582M01CH4;;9.8599;0.0000;0.0000;07-Jul-2015
117846;Union KBC Capital Protection Oriented Fund - Series 1 - Dividend Option;INF582M01518;;13.3389;0.0000;0.0000;07-Jul-2015
117847;Union KBC Capital Protection Oriented Fund - Series 1 - Growth Option;INF582M01500;;13.3389;0.0000;0.0000;07-Jul-2015
120797;Union KBC Capital Protection Oriented Fund - Series 2 - Direct Plan - Growth Option;INF582M01609;;13.0238;0.0000;0.0000;07-Jul-2015
120809;Union KBC Capital Protection Oriented Fund - Series 2 - Regular Plan - Dividend Option;INF582M01583;;12.8236;0.0000;0.0000;07-Jul-2015
120808;Union KBC Capital Protection Oriented Fund - Series 2 - Regular Plan - Growth Option;INF582M01575;;12.8236;0.0000;0.0000;07-Jul-2015
122818;Union KBC Capital Protection Oriented Fund - Series 3 - Direct Plan - Dividend Option;INF582M01AM8;;12.9003;0.0000;0.0000;07-Jul-2015
122819;Union KBC Capital Protection Oriented Fund - Series 3 - Direct Plan - Growth Option;INF582M01AL0;;12.9003;0.0000;0.0000;07-Jul-2015
122817;Union KBC Capital Protection Oriented Fund - Series 3 - Regular Plan - Dividend Option;INF582M01AJ4;;12.7398;0.0000;0.0000;07-Jul-2015
122816;Union KBC Capital Protection Oriented Fund - Series 3 - Regular Plan - Growth Option;INF582M01AI6;;12.7398;0.0000;0.0000;07-Jul-2015
125533;Union KBC Capital Protection Oriented Fund - Series 4 - Direct Plan - Dividend Option;INF582M01BB9;;12.4773;0.0000;0.0000;07-Jul-2015
125532;Union KBC Capital Protection Oriented Fund - Series 4 - Direct Plan - Growth Option;INF582M01BA1;;12.4773;0.0000;0.0000;07-Jul-2015
125531;Union KBC Capital Protection Oriented Fund - Series 4 - Regular Plan - Dividend Option;INF582M01BE3;;12.3530;0.0000;0.0000;07-Jul-2015
125534;Union KBC Capital Protection Oriented Fund - Series 4 - Regular Plan - Growth Option;INF582M01BD5;;12.3530;0.0000;0.0000;07-Jul-2015

UTI Mutual Fund
132973;UTI - Capital Protection Oriented Scheme - Series - IV - III (1105 Days) - Growth Option;INF789FA19H5;;10.4362;0;0;07-Jul-2015
132976;UTI - Capital Protection Oriented Scheme - Series IV - III (1105 Days) - Dividend Option - Direct;INF789FA10I2;;10.5359;0;0;07-Jul-2015
132974;UTI - Capital Protection Oriented Scheme - Series IV - III (1105 Days) - Growth Option - Direct;INF789FA11I0;;10.5359;0;0;07-Jul-2015
132975;UTI - Capital Protection Oriented Scheme - Series IV -III (1105 Days) - Dividend Option;INF789FA18H7;;10.4362;0;0;07-Jul-2015
124596;UTI F I I F-Annual Interval Plan Series - II - Direct Plan - Growth Option;INF789F01VZ1;;19.575;0;0;07-Jul-2015
106339;UTI F I I F-Annual Interval Plan Series - II - Institutional  Growth Option;INF789F01FP5;;16.3758;0;0;07-Jul-2015
106338;UTI F I I F-Annual Interval Plan Series - II - Regular Plan - Growth Option;INF789F01FM2;;19.5141;0;0;07-Jul-2015
124595;UTI FIIF Annual Interval Plan II - Direct Plan - IDCW;INF789F01VX6;INF789F01VY4;10.0573;0;0;07-Jul-2015
106337;UTI FIIF Annual Interval Plan II - Regular Plan - IDCW;INF789F01FK6;INF789F01FL4;10.0501;0;0;07-Jul-2015
126030;UTI FIIF Annual Interval Plan IV - Direct Plan - IDCW;INF789F01WD6;INF789F01WE4;10.041;0;0;07-Jul-2015
107070;UTI FIIF Annual Interval Plan IV - Regular Plan - IDCW;INF789F01FW1;INF789F01FX9;10.0436;0;0;07-Jul-2015
126031;UTI Fixed Interval Income Fund (Annual Interval Plan) Series IV - Direct Plan - Growth Option;INF789F01WF1;;18.6235;0;0;07-Jul-2015
111467;UTI Fixed Interval Income Fund (Annual Interval Plan) Series IV - Instn Growth Option;INF789F01GB3;;14.9212;0;0;07-Jul-2015
107071;UTI Fixed Interval Income Fund (Annual Interval Plan) Series IV - Regular Plan - Growth Option;INF789F01FY7;;18.5658;0;0;07-Jul-2015
107089;UTI FIIF Half Yearly Plan I - Regular Plan - IDCW;INF789F01EY0;INF789F01EZ7;10.0926;0;0;07-Jul-2015
122642;UTI Fixed  Income Interval Fund ( Half Yearly Plan - I) - Direct Plan - Growth Option;INF789F01VT4;;18.5959;0;0;07-Jul-2015
107088;UTI Fixed  Income Interval Fund ( Half Yearly Plan - I) - Regular Plan - Growth Option;INF789F01FA7;;18.5174;0;0;07-Jul-2015
107226;UTI FIIF Half Yearly Plan II - Regular Plan - IDCW;INF789F01HG0;INF789F01HH8;10.0476;0;0;07-Jul-2015
125953;UTI Fixed Income Interval Fund ( Half Yearly Plan-II)- Direct Plan - Growth Option;INF789F01WX4;;18.2831;0;0;07-Jul-2015
107228;UTI Fixed Income Interval Fund ( Half Yearly Plan-II)- Regular Plan - Growth Option;INF789F01HI6;;18.2259;0;0;07-Jul-2015
120970;UTI - Fixed Income Interval Fund - Monthly Interval Plan  - Direct Plan - Growth Option;INF789F01VQ0;;19.2284;0;0;07-Jul-2015
106145;UTI - Fixed Income Interval Fund - Monthly Interval Plan  - Regular Plan - Growth Option;INF789F01EU8;;19.1344;0;0;07-Jul-2015
106549;UTI - Fixed Income Interval Fund - Monthly Interval Plan - Institutional Dividend Option;INF789F01EV6;INF789F01EW4;10.0612;0;0;07-Jul-2015
120975;UTI FIIF Monthly Interval Plan I - Direct Plan - Monthly IDCW;INF789F01VO5;INF789F01VP2;10.0287;0;0;07-Jul-2015
106146;UTI FIIF Monthly Interval Plan I - Regular Plan - Monthly IDCW;INF789F01ES2;INF789F01ET0;10.0325;0;0;07-Jul-2015
120902;UTI FIIF Monthly Interval Plan II - Direct Plan - Monthly IDCW;INF789F01VL1;INF789F01VM9;10.0711;0;0;07-Jul-2015
107195;UTI FIIF Monthly Interval Plan II - Regular Plan - Monthly IDCW;INF789F01EM5;INF789F01EN3;10.062;0;0;07-Jul-2015
120903;UTI Fixed Income Interval Fund - Monthly Interval Plan II-Direct Plan - Growth Option;INF789F01VN7;;18.4511;0;0;07-Jul-2015
107193;UTI Fixed Income Interval Fund - Monthly Interval Plan II-Regular Plan - Growth Option;INF789F01EO1;;18.3595;0;0;07-Jul-2015
121412;UTI FIIF Quarterly Interval Plan III - Direct Plan - IDCW;INF789F01WJ3;INF789F01WK1;10.0964;0;0;07-Jul-2015
106365;UTI FIIF Quarterly Interval Plan III - Regular Plan - IDCW;INF789F01GI8;INF789F01GJ6;10.094;0;0;07-Jul-2015
121413;UTI Fixed  Income Interval Fund ( Quarterly Interval Plan - III) - Direct Plan - Growth Option;INF789F01WL9;;19.213;0;0;07-Jul-2015
106368;UTI Fixed  Income Interval Fund ( Quarterly Interval Plan - III) - Inst Growth Plan;INF789F01GN8;;19.3004;0;0;07-Jul-2015
106366;UTI Fixed  Income Interval Fund ( Quarterly Interval Plan - III) -Regular Plan - Growth Option;INF789F01GK4;;19.122;0;0;07-Jul-2015
106367;UTI Fixed  Income Interval Fund ( Quarterly Interval Plan -III) - Inst Dividend Plan;INF789F01GL2;INF789F01GM0;10.094;0;0;07-Jul-2015
121034;UTI F I I F Series II -Quarterly Interval Plan - IV -Direct Plan - Growth Option;INF789F01WO3;;17.727;0;0;07-Jul-2015
109466;UTI F I I F Series II -Quarterly Interval Plan - IV -Instn. Growth  Option;INF789F01GT5;;15.315;0;0;07-Jul-2015
109465;UTI F I I F Series II -Quarterly Interval Plan - IV -Regular Plan - Growth Option;INF789F01GQ1;;17.6408;0;0;07-Jul-2015
121033;UTI FIIF Sr-2 Quarterly Interval Plan IV - Direct Plan - IDCW;INF789F01WM7;INF789F01WN5;10.1757;0;0;07-Jul-2015
109464;UTI FIIF Sr-2 Quarterly Interval Plan IV - Regular Plan - IDCW;INF789F01GO6;INF789F01GP3;10.1714;0;0;07-Jul-2015
120877;UTI F I I F Series II -Quarterly Interval Plan - VII - Direct Plan - Growth Option;INF789F01VK3;;17.6199;0;0;07-Jul-2015
110468;UTI F I I F Series II -Quarterly Interval Plan - VII - Regular Plan - Growth Option;INF789F01EI3;;17.5324;0;0;07-Jul-2015
120876;UTI FIIF Sr-2 Quarterly Interval Plan VII - Direct Plan - IDCW;INF789F01VI7;INF789F01VJ5;10.0104;0;0;07-Jul-2015
110469;UTI FIIF Sr-2 Quarterly Interval Plan VII - Regular Plan - IDCW;INF789F01EG7;INF789F01EH5;10.0019;0;0;07-Jul-2015
127642;UTI FTIF Series XVII -XV (1825 DAYS)- Annual Div Option;INF789FA1909;INF789FA1917;10.6597;0;0;07-Jul-2015
127648;UTI FTIF Series XVII -XV (1825 DAYS)-Flexi Div Option;INF789FA1941;INF789FA1958;11.0822;0;0;07-Jul-2015
127640;UTI FTIF Series XVII -XV (1825 DAYS)-Growth Option;INF789FA1933;;11.6185;0;0;07-Jul-2015
127641;UTI FTIF Series XVII -XV (1825 DAYS)-Growth Option - Direct;INF789FA1859;;11.7452;0;0;07-Jul-2015
127646;UTI FTIF Series XVII -XV (1825 DAYS)-Maturity Div Option;INF789FA1925;;11.6185;0;0;07-Jul-2015
127644;UTI FTIF Series XVII -XV (1825 DAYS)-Quarterly Div Option;INF789FA1883;INF789FA1891;10.432;0;0;07-Jul-2015
127645;UTI FTIF Series XVII -XV (1825 DAYS)-Quarterly Div Option - Direct;INF789FA1800;INF789FA1818;10.4355;0;0;07-Jul-2015
128567;UTI FTIF Series XVIII -II (1825 DAYS) - Growth Option - Direct;INF789FA1DV6;;11.6164;0;0;07-Jul-2015
128573;UTI FTIF Series XVIII -II (1825 DAYS)- Growth Option;INF789FA1ED2;;11.4961;0;0;07-Jul-2015
128564;UTI FTIF Series XVIII -II (1825 DAYS)-Annual Div Option;INF789FA1EA8;INF789FA1EB6;10.5991;0;0;07-Jul-2015
128568;UTI FTIF Series XVIII -II (1825 DAYS)-Annual Div Option - Direct;INF789FA1DS2;INF789FA1DT0;10.6251;0;0;07-Jul-2015
128565;UTI FTIF Series XVIII -II (1825 DAYS)-Flexi Div Option;INF789FA1EE0;INF789FA1EF7;11.0151;0;0;07-Jul-2015
128571;UTI FTIF Series XVIII -II (1825 DAYS)-Maturity Div Option;INF789FA1EC4;;11.4964;0;0;07-Jul-2015
128569;UTI FTIF Series XVIII -II (1825 DAYS)-Quarterly Div Option;INF789FA1DY0;INF789FA1DZ7;10.3642;0;0;07-Jul-2015
128570;UTI FTIF Series XVIII -II (1825 DAYS)-Quarterly Div Option - Direct;INF789FA1DQ6;INF789FA1DR4;10.3773;0;0;07-Jul-2015
134897;UTI - FTIF Series XXII - V (1099 Days) - Direct Plan - Growth Option;INF789FB1D45;;10.0519;0;0;07-Jul-2015
134896;UTI - FTIF Series XXII-V (1099 Days) -  Regular Plan - Growth Option;INF789FB1D94;;10.0445;0;0;07-Jul-2015
134899;UTI - FTIF Series XXII-V (1099 Days) - Direct Plan - Annual Div Option;INF789FB1D29;;10.0519;0;0;07-Jul-2015
134898;UTI - FTIF Series XXII-V (1099 Days) - Direct Plan - Quarterly Div Option;INF789FB1D60;;10.0519;0;0;07-Jul-2015
134892;UTI - FTIF Series XXII-V (1099 Days) - Regular Plan - Annual Div Option;INF789FB1D78;;10.0445;0;0;07-Jul-2015
134894;UTI - FTIF Series XXII-V (1099 Days) - Regular Plan - Flexi Div Option;INF789FB1D86;;10.0445;0;0;07-Jul-2015
134895;UTI - FTIF Series XXII-V (1099 Days) - Regular Plan - Quarterly Div Option;INF789FB1E10;;10.0444;0;0;07-Jul-2015
106185;UTI Annual Interval Fund - I - ( Instn Growth Option );INF789F01FJ8;;20.0018;0;0;07-Jul-2015
123663;UTI Annual Interval Fund - I - Direct Plan - Dividend Option;INF789F01VU2;INF789F01VV0;10.0435;0;0;07-Jul-2015
123646;UTI Annual Interval Fund - I - Direct Plan - Growth Option;INF789F01VW8;;19.5803;0;0;07-Jul-2015
106183;UTI Annual Interval Fund - I - Regular Plan - Growth Option;INF789F01FG4;;19.5448;0;0;07-Jul-2015
106186;UTI Annual Interval Fund - I - Regular Plan - IDCW;INF789F01FE9;INF789F01FF6;10.04;0;0;07-Jul-2015
125077;UTI Annual Interval Fund - II - Direct Plan - Growth Option;INF789F01WC8;;19.1901;0;0;07-Jul-2015
125078;UTI Annual Interval Fund - II - Direct Plan - IDCW;INF789F01WA2;INF789F01WB0;10.0547;0;0;07-Jul-2015
106707;UTI Annual Interval Fund - II - Regular Plan - Growth Option;INF789F01FS9;;19.15;0;0;07-Jul-2015
106706;UTI Annual Interval Fund - II - Regular Plan - IDCW;INF789F01FQ3;INF789F01FR1;10.0508;0;0;07-Jul-2015
106709;UTI Fixed Interval Income Fund (Annual Interval Fund)  Series III - Instn Growth Option;INF789F01FV3;;19.622;0;0;07-Jul-2015
130646;UTI Capital Protection Oriented Scheme - Series IV - I (1103 Days) - Growth Option;INF789FA1TX8;;10.8163;0;0;07-Jul-2015
130647;UTI Capital Protection Oriented Scheme - Series IV - I (1103 Days) - Growth Option - Direct;INF789FA1TZ3;;10.9725;0;0;07-Jul-2015
130649;UTI Capital Protection Oriented Scheme - Series IV -I (1103 Days) - Dividend Option - Direct;INF789FA1TY6;;10.9725;0;0;07-Jul-2015
130648;UTI Capital Protection Oriented Scheme Series IV - I (1103 Days) - Dividend Option;INF789FA1TW0;;10.8163;0;0;07-Jul-2015
131559;UTI Capital Protection Oriented Scheme - Series IV-II (1104 Days) - Dividend Option - Direct;INF789FA1F60;;10.7762;0;0;07-Jul-2015
131560;UTI Capital Protection Oriented Scheme - Series IV-II (1104 Days) - Growth Option - Direct;INF789FA1F78;;10.7762;0;0;07-Jul-2015
131341;UTI Capital Protection Oriented Scheme - Series IV-II (1104 Days)- Dividend Option;INF789FA1F45;;10.6503;0;0;07-Jul-2015
131340;UTI Capital Protection Oriented Scheme - Series IV-II (1104 Days)- Growth Option;INF789FA1F52;;10.6503;0;0;07-Jul-2015
133573;UTI Capital Protection Oriented Scheme - Series V-I (1163 Days) - Dividend Option;INF789FB1916;;10.1835;0;0;07-Jul-2015
133574;UTI Capital Protection Oriented Scheme - Series V-I (1163 Days) - Dividend Option - Direct;INF789FB1932;;10.2588;0;0;07-Jul-2015
133575;UTI Capital Protection Oriented Scheme - Series V-I (1163 Days) - Growth Option;INF789FB1924;;10.1835;0;0;07-Jul-2015
133576;UTI Capital Protection Oriented Scheme - Series V-I (1163 Days) - Growth Option - Direct;INF789FB1940;;10.2588;0;0;07-Jul-2015
134166;UTI Capital Protection Oriented Scheme Series V-II (1135 Days) - Dividend Option;INF789FB1CJ2;;10.1971;0;0;07-Jul-2015
134164;UTI Capital Protection Oriented Scheme Series V-II (1135 Days) - Dividend Option - Direct;INF789FB1CL8;;10.2559;0;0;07-Jul-2015
134167;UTI Capital Protection Oriented Scheme Series V-II (1135 Days) - Growth Option;INF789FB1CK0;;10.1971;0;0;07-Jul-2015
134165;UTI Capital Protection Oriented Scheme Series V-II (1135 Days) - Growth Option - Direct;INF789FB1CM6;;10.2559;0;0;07-Jul-2015
133424;UTI Dual Advantage Fixed Term Fund Series I - I (1100 Days) - Growth Option - Direct;INF789FB1866;;10.3571;0;0;07-Jul-2015
133421;UTI Dual Advantage Fixed Term Fund Series I -I (1100 Days) - Dividend Option;INF789FB1833;;10.281;0;0;07-Jul-2015
133422;UTI Dual Advantage Fixed Term Fund Series I- I (1100 Days) - Dividend Option - Direct;INF789FB1858;;10.3571;0;0;07-Jul-2015
133423;UTI Dual Advantage Fixed Term Fund Series I-I (1100 Days) - Growth Option;INF789FB1841;;10.281;0;0;07-Jul-2015
133735;UTI Dual Advantage Fixed Term Fund Series I - II (1145 Days) - Dividend Option - Direct;INF789FB1BB1;;10.2577;0;0;07-Jul-2015
133737;UTI Dual Advantage Fixed Term Fund Series I -II (1145 Days) - Growth Option - Direct;INF789FB1BC9;;10.2577;0;0;07-Jul-2015
133734;UTI Dual Advantage Fixed Term Fund Series I- II (1145 Days) - Dividend Option;INF789FB1AZ2;;10.1974;0;0;07-Jul-2015
133736;UTI Dual Advantage Fixed Term Fund Series I-II (1145 Days) - Growth Option;INF789FB1BA3;;10.1974;0;0;07-Jul-2015
134214;UTI Dual Advantage Fixed Term Fund Series I-III (1111 Days) - Dividend Option;INF789FB1EH2;;10.1771;0;0;07-Jul-2015
134213;UTI Dual Advantage Fixed Term Fund Series I-III (1111 Days) - Dividend Option - Direct;INF789FB1EJ8;;10.2265;0;0;07-Jul-2015
134211;UTI Dual Advantage Fixed Term Fund Series I-III (1111 Days) - Growth Option;INF789FB1EI0;;10.1771;0;0;07-Jul-2015
134212;UTI Dual Advantage Fixed Term Fund Series I-III (1111 Days) - Growth Option - Direct;INF789FB1EK6;;10.2265;0;0;07-Jul-2015
134217;UTI Dual Advantage Fixed Term Fund Series I-IV (1099 Days) - Direct Plan - Dividend Option;INF789FB1FR8;;10.2224;0;0;07-Jul-2015
134215;UTI Dual Advantage Fixed Term Fund Series I-IV (1099 Days) - Direct Plan - Growth Option;INF789FB1FS6;;10.2224;0;0;07-Jul-2015
134216;UTI Dual Advantage Fixed Term Fund Series I-IV (1099 Days) - Regular Plan - Dividend Option;INF789FB1FP2;;10.1755;0;0;07-Jul-2015
134218;UTI Dual Advantage Fixed Term Fund Series I-IV (1099 Days) - Regular Plan -Growth Option;INF789FB1FQ0;;10.1755;0;0;07-Jul-2015
134519;UTI Dual Advantage Fixed Term Fund Series I-V (1099 Days) - Direct Plan - Dividend Option;INF789FB1QQ7;;10.12;0;0;07-Jul-2015
134518;UTI Dual Advantage Fixed Term Fund Series I-V (1099 Days) - Direct Plan - Growth Option;INF789FB1QR5;;10.12;0;0;07-Jul-2015
134521;UTI Dual Advantage Fixed Term Fund Series I-V (1099 Days) - Regular Plan - Dividend Option;INF789FB1QO2;;10.0901;0;0;07-Jul-2015
134520;UTI Dual Advantage Fixed Term Fund Series I-V (1099 Days) - Regular Plan - Growth Option;INF789FB1QP9;;10.0901;0;0;07-Jul-2015
117939;UTI FTIF Series XII - X ( 1096 DAYS) - Annual Dividend Option;INF789F01QU2;INF789F01QV0;10.274;0;0;07-Jul-2015
117937;UTI FTIF Series XII - X ( 1096 DAYS) - Growth Option;INF789F01QX6;;12.6086;0;0;07-Jul-2015
117936;UTI FTIF Series XII - X ( 1096 DAYS) - Maturity Dividend Option;INF789F01QW8;;12.6085;0;0;07-Jul-2015
117938;UTI FTIF Series XII - X ( 1096 DAYS) - Quarterly Dividend Option;INF789F01QS6;INF789F01QT4;10.0609;0;0;07-Jul-2015
130249;UTI FTIF Series XIX - III (368 Days) - Growth Option - Direct;INF789FB1B54;;10.9654;0;0;07-Jul-2015
130241;UTI FTIF Series XIX - III (368 Days)- Annual Div Option;INF789FB1ZN5;INF789FB1ZQ8;10.0511;0;0;07-Jul-2015
130240;UTI FTIF Series XIX - III (368 Days)- Growth  Option;INF789FB1ZY2;;10.9532;0;0;07-Jul-2015
130259;UTI FTIF Series XIX - IV (366 Days) - Flexi Div Option;INF789FB1C46;INF789FB1C53;10.0467;0;0;07-Jul-2015
130253;UTI FTIF Series XIX - IV (366 Days) - Growth Option - Direct;INF789FB1YS7;;10.9539;0;0;07-Jul-2015
130251;UTI FTIF Series XIX - IV (366 Days) - Quarterly Div Option;INF789FB1B70;INF789FB1B96;10.0467;0;0;07-Jul-2015
130254;UTI FTIF Series XIX - IV (366 Days)- Annual Div Option;INF789FB1C12;INF789FB1C20;10.0468;0;0;07-Jul-2015
130250;UTI FTIF Series XIX - IV (366 Days)- Growth Option;INF789FB1C61;;10.9418;0;0;07-Jul-2015
130257;UTI FTIF Series XIX - IV (366 Days)- Maturity Div Option - Direct;INF789FB1D11;;10.0477;0;0;07-Jul-2015
130464;UTI FTIF Series XIX - IX (369 Days) - Annual Div Option - Direct;INF789FA1RM5;INF789FA1RN3;10.0013;0;0;07-Jul-2015
130458;UTI FTIF Series XIX - IX (369 Days) - Growth Option;INF789FA1RX2;;10.9003;0;0;07-Jul-2015
130462;UTI FTIF Series XIX - IX (369 Days) - Growth Option - Direct;INF789FA1RP8;;10.9114;0;0;07-Jul-2015
130468;UTI FTIF Series XIX - IX (369 Days) - Maturity Div Option;INF789FA1RW4;;10.0014;0;0;07-Jul-2015
130463;UTI FTIF Series XIX - IX (369 Days)- Annual Div Option;INF789FA1RU8;INF789FA1RV6;10.0013;0;0;07-Jul-2015
130357;UTI FTIF Series XIX - V (1095 Days) - Growth Option;INF789FA1PL1;;11.0863;0;0;07-Jul-2015
130375;UTI FTIF Series XIX - V (1095 Days) - Growth Option - Direct;INF789FA1PD8;;11.1732;0;0;07-Jul-2015
130380;UTI FTIF Series XIX - V (1095 Days) - Maturity Div Option - Direct;INF789FA1PC0;;11.1733;0;0;07-Jul-2015
130377;UTI FTIF Series XIX - V (1095 Days) - Quarterly Div Option;INF789FA1PG1;INF789FA1PH9;10.1694;0;0;07-Jul-2015
130376;UTI FTIF Series XIX - V (1095 Days)- Annual Div Option;INF789FA1PI7;INF789FA1PJ5;10.3906;0;0;07-Jul-2015
130383;UTI FTIF Series XIX - V (1095 Days)- Annual Div Option - Direct;INF789FA1PA4;INF789FA1PB2;10.4133;0;0;07-Jul-2015
130381;UTI FTIF Series XIX - V (1095 Days)- Flexi Div Option;INF789FA1PM9;INF789FA1PN7;10.8374;0;0;07-Jul-2015
130379;UTI FTIF Series XIX - V (1095 Days)- Maturity Div Option;INF789FA1PK3;;11.0863;0;0;07-Jul-2015
130378;UTI FTIF Series XIX - V (1095 Days)- Quarterly Div Option - Direct;;;10.1724;0;0;07-Jul-2015
130360;UTI FTIF Series XIX - VI (366 Days) - Growth Option;INF789FB1ZE4;;10.9248;0;0;07-Jul-2015
130385;UTI FTIF Series XIX - VI (366 Days) - Maturity Div Option;INF789FB1ZB0;;10.0314;0;0;07-Jul-2015
130390;UTI FTIF Series XIX - VI (366 Days) - Maturity Div Option - Direct;INF789FB1ZK1;;10.0319;0;0;07-Jul-2015
130387;UTI FTIF Series XIX - VI (366 Days)- Growth Option - Direct;INF789FB1ZP0;;10.9364;0;0;07-Jul-2015
130362;UTI FTIF Series XIX - VII (1095 Days ) - Growth Option - Direct;INF789FA1QJ3;;11.1456;0;0;07-Jul-2015
130361;UTI FTIF Series XIX - VII (1095 Days) - Growth Option;INF789FA1QR6;;11.0894;0;0;07-Jul-2015
130397;UTI FTIF Series XIX - VII (1095 Days) - Maturity Div Option;INF789FA1QQ8;;11.0892;0;0;07-Jul-2015
130398;UTI FTIF Series XIX - VII (1095 Days) - Maturity Div Option - Direct;INF789FA1QI5;;11.1456;0;0;07-Jul-2015
130396;UTI FTIF Series XIX - VII (1095 Days) - Quarterly Div Option - Direct;INF789FA1QE4;INF789FA1QF1;10.1758;0;0;07-Jul-2015
130393;UTI FTIF Series XIX - VII (1095 Days)- Annual Div Option;INF789FA1QO3;INF789FA1QP0;10.4;0;0;07-Jul-2015
130395;UTI FTIF Series XIX - VII (1095 Days)- Quarterly Div Option;INF789FA1QM7;INF789FA1QN5;10.1943;0;0;07-Jul-2015
130363;UTI FTIF Series XIX - VIII ( 368 Days )- Growth Option;INF789FA1RH5;;10.9218;0;0;07-Jul-2015
130370;UTI FTIF Series XIX - VIII (368 Days) - Growth Option - Direct;INF789FA1QZ9;;10.9333;0;0;07-Jul-2015
130367;UTI FTIF Series XIX - VIII (368 Days) - Maturity Div Option;INF789FA1RG7;;10.024;0;0;07-Jul-2015
130693;UTI FTIF Series XIX - X (367 Days) - Annual Div Option;INF789FA1SK7;INF789FA1SL5;10.0012;0;0;07-Jul-2015
130582;UTI FTIF Series XIX - X (367 Days) - Growth Option;INF789FA1SN1;;10.8879;0;0;07-Jul-2015
130692;UTI FTIF Series XIX - X (367 Days) - Growth Option - Direct;INF789FA1SF7;;10.8989;0;0;07-Jul-2015
130698;UTI FTIF Series XIX - X (367 Days) - Quarterly Div Option;INF789FA1SI1;INF789FA1SJ9;10.0013;0;0;07-Jul-2015
130670;UTI FTIF Series XIX - XI (366 Days) - Annual Div Option;INF789FA1TA6;INF789FA1TB4;10.2468;0;0;07-Jul-2015
130671;UTI FTIF Series XIX - XI (366 Days) - Annual Div Option - Direct;INF789FA1SS0;INF789FA1ST8;10.2499;0;0;07-Jul-2015
130668;UTI FTIF Series XIX - XI (366 Days) - Growth Option;INF789FA1TD0;;10.8805;0;0;07-Jul-2015
130669;UTI FTIF Series XIX - XI (366 Days) - Growth Option - Direct;INF789FA1SV4;;10.8914;0;0;07-Jul-2015
130673;UTI FTIF Series XIX - XI (366 Days) - Maturity Div Option;INF789FA1TC2;;10.8814;0;0;07-Jul-2015
130674;UTI FTIF Series XIX - XI (366 Days) - Maturity Div Option - Direct;INF789FA1SU6;;10.8914;0;0;07-Jul-2015
130672;UTI FTIF Series XIX - XI (366 Days) - Quarterly Div Option;INF789FA1SY8;INF789FA1SZ5;10.2467;0;0;07-Jul-2015
130679;UTI FTIF Series XIX - XII (366 Days) - Annual Div Option;INF789FA1TQ2;INF789FA1TR0;10.2466;0;0;07-Jul-2015
130682;UTI FTIF Series XIX - XII (366 Days) - Flexi Div Option;INF789FA1TU4;INF789FA1TV2;10.7047;0;0;07-Jul-2015
130678;UTI FTIF Series XIX - XII (366 Days) - Growth Option;INF789FA1TT6;;10.8795;0;0;07-Jul-2015
130685;UTI FTIF Series XIX - XII (366 Days) - Growth Option - Direct;INF789FA1TL3;;10.8902;0;0;07-Jul-2015
130686;UTI FTIF Series XIX - XII (366 Days) - Maturity Div Option;INF789FA1TS8;;10.8794;0;0;07-Jul-2015
130681;UTI FTIF Series XIX - XII (366 Days) - Quarterly Div Option;INF789FA1TO7;INF789FA1TP4;10.2465;0;0;07-Jul-2015
131206;UTI FTIF Series XIX - XIX (1101 Days) - Annual Div Option;INF789FA1YY6;INF789FA1YZ3;10.3967;0;0;07-Jul-2015
131207;UTI FTIF Series XIX - XIX (1101 Days) - Annual Div Option - Direct;INF789FA1YQ2;INF789FA1YR0;10.4122;0;0;07-Jul-2015
131211;UTI FTIF Series XIX - XIX (1101 Days) - Flexi Div Option;INF789FA1ZC9;INF789FA1ZD7;10.8516;0;0;07-Jul-2015
131080;UTI FTIF Series XIX - XIX (1101 Days) - Growth Option;INF789FA1ZB1;;10.9322;0;0;07-Jul-2015
131213;UTI FTIF Series XIX - XIX (1101 Days) - Growth Option - Direct;INF789FA1YT6;;10.9796;0;0;07-Jul-2015
131210;UTI FTIF Series XIX - XIX (1101 Days) - Maturity Div Option;INF789FA1ZA3;;10.9322;0;0;07-Jul-2015
131208;UTI FTIF Series XIX - XIX (1101 Days) - Quarterly Div Option;INF789FA1YW0;INF789FA1YX8;10.179;0;0;07-Jul-2015
131209;UTI FTIF Series XIX - XIX (1101 Days) - Quarterly Div Option - Direct;INF789FA1YO7;INF789FA1YP4;10.1809;0;0;07-Jul-2015
131072;UTI FTIF Series XIX - XV (1101 Days) - Annual Div Option;INF789FA1VQ8;INF789FA1VR6;10.4;0;0;07-Jul-2015
131073;UTI FTIF Series XIX - XV (1101 Days) - Annual Div Option - Direct;INF789FA1VI5;INF789FA1VJ3;10.4151;0;0;07-Jul-2015
131074;UTI FTIF Series XIX - XV (1101 Days) - Flexi Div Option;INF789FA1VU0;INF789FA1VV8;10.8511;0;0;07-Jul-2015
130808;UTI FTIF Series XIX - XV (1101 Days) - Growth Option;INF789FA1VT2;;10.9748;0;0;07-Jul-2015
131071;UTI FTIF Series XIX - XV (1101 Days) - Growth Option - Direct;INF789FA1VL9;;11.0247;0;0;07-Jul-2015
131068;UTI FTIF Series XIX - XV (1101 Days) - Maturity Div Option;INF789FA1VS4;;10.9748;0;0;07-Jul-2015
131070;UTI FTIF Series XIX - XV (1101 Days) - Quarterly Div Option;INF789FA1VO3;INF789FA1VP0;10.1819;0;0;07-Jul-2015
131067;UTI FTIF Series XIX - XV (1101 Days) - Quarterly Div Option - Direct;INF789FA1VG9;INF789FA1VH7;10.1839;0;0;07-Jul-2015
131154;UTI FTIF Series XIX - XVIII (1105 Days) - Annual Div Option;INF789FA1XM3;INF789FA1XN1;10.408;0;0;07-Jul-2015
131155;UTI FTIF Series XIX - XVIII (1105 Days) - Annual Div Option - Direct;INF789FA1XE0;INF789FA1XF7;10.4231;0;0;07-Jul-2015
131157;UTI FTIF Series XIX - XVIII (1105 Days) - Flexi Div Option;INF789FA1XQ4;INF789FA1XR2;10.8536;0;0;07-Jul-2015
130979;UTI FTIF Series XIX - XVIII (1105 Days) - Growth Option - Direct;INF789FA1XH3;;11.0111;0;0;07-Jul-2015
131153;UTI FTIF Series XIX - XVIII (1105 Days) - Maturity Div Option;INF789FA1XO9;;10.9618;0;0;07-Jul-2015
131159;UTI FTIF Series XIX - XVIII (1105 Days) - Quarterly Div Option;INF789FA1XK7;INF789FA1XL5;10.1932;0;0;07-Jul-2015
131156;UTI FTIF Series XIX - XVIII (1105 Days) - Quarterly Div Option  -Direct;INF789FA1XC4;INF789FA1XD2;10.1951;0;0;07-Jul-2015
130980;UTI FTIF Series XIX -XVIII (1105 Days) - Growth Option;INF789FA1XP6;;10.9618;0;0;07-Jul-2015
131100;UTI FTIF Series XIX - XX (1099 Days) - Annual Div Option;INF789FA1A08;INF789FA1A16;10.4043;0;0;07-Jul-2015
131081;UTI FTIF Series XIX - XX (1099 Days) - Growth Option;INF789FA1A32;;10.9136;0;0;07-Jul-2015
131107;UTI FTIF Series XIX - XX (1099 Days) - Growth Option - Direct;INF789FA1ZV9;;10.9686;0;0;07-Jul-2015
131105;UTI FTIF Series XIX - XX (1099 Days) - Maturity Div Option;INF789FA1A24;;10.9136;0;0;07-Jul-2015
131108;UTI FTIF Series XIX - XX (1099 Days) - Quarterly Div Option;INF789FA1ZY3;INF789FA1ZZ0;10.189;0;0;07-Jul-2015
130128;UTI FTIF Series XIX- I (369 Days) - Annual Div Option - Direct;INF789FB1XX9;INF789FB1XY7;10.0618;0;0;07-Jul-2015
130131;UTI FTIF Series XIX- I (369 Days) - Growth Option;INF789FB1XU5;;10.9681;0;0;07-Jul-2015
130129;UTI FTIF Series XIX- I (369 Days) - Maturity Div Option;INF789FB1XR1;;10.0606;0;0;07-Jul-2015
130125;UTI FTIF Series XIX- I (369 Days)- Growth Option - Direct;INF789FB1YC1;;10.9806;0;0;07-Jul-2015
130135;UTI FTIF Series XIX- II (368 Days) - Growth Option;INF789FB1YL2;;10.9758;0;0;07-Jul-2015
130136;UTI FTIF Series XIX- II (368 Days) - Growth Option -Direct;INF789FB1ZA2;;10.9881;0;0;07-Jul-2015
123123;UTI FTIF Series XV -VIII (368 DAYS) - Annual Div Option;INF789FA1YA6;INF789FA1YB4;10.3272;0;0;07-Jul-2015
123121;UTI FTIF Series XV -VIII (368 DAYS) - Growth Option;INF789FA1YD0;;11.991;0;0;07-Jul-2015
123122;UTI FTIF Series XV -VIII (368 DAYS) - Growth Option - Direct;INF789FA1YJ7;;12.0083;0;0;07-Jul-2015
123128;UTI FTIF Series XV -VIII (368 DAYS) - Quarterly Div Option;INF789FA1XY8;INF789FA1XZ5;10.1122;0;0;07-Jul-2015
123124;UTI FTIF Series XV -VIII (368 DAYS) - Quarterly Div Option - Direct;INF789FA1YE8;INF789FA1YF5;10.1126;0;0;07-Jul-2015
123665;UTI FTIF Series XV -X (368 DAYS) - Annual Div Option- Direct;INF789FA1ZM8;INF789FA1ZN6;10.3428;0;0;07-Jul-2015
123666;UTI FTIF Series XV -X (368 DAYS) - Growth Option;INF789FA1ZJ4;;11.9633;0;0;07-Jul-2015
123667;UTI FTIF Series XV -X (368 DAYS) - Growth Option -Direct;INF789FA1ZP1;;11.9861;0;0;07-Jul-2015
123671;UTI FTIF Series XV -X (368 DAYS) - Maturity Div Option - Direct;INF789FA1ZO4;;10.9029;0;0;07-Jul-2015
123888;UTI FTIF Series XVI - I (366 DAYS) - Growth Option;INF789FA1B31;;12.02;0;0;07-Jul-2015
123896;UTI FTIF Series XVI - I (366 DAYS) - Growth Option - Direct;INF789FA1C14;;12.0365;0;0;07-Jul-2015
123916;UTI FTIF Series XVI - II (1100 DAYS) - Annual Div Option;INF789F01V04;INF789F01V12;10.6061;0;0;07-Jul-2015
123917;UTI FTIF Series XVI - II (1100 DAYS) - Annual Div Option - Direct;INF789F01V87;INF789F01V95;10.6189;0;0;07-Jul-2015
123924;UTI FTIF Series XVI - II (1100 DAYS) - Flexi Div Option;INF789F01V38;INF789F01V46;11.0484;0;0;07-Jul-2015
123922;UTI FTIF Series XVI - II (1100 DAYS) - Growth Option;INF789F01V53;;12.0709;0;0;07-Jul-2015
123923;UTI FTIF Series XVI - II (1100 DAYS) - Growth Option - Direct;INF789F01W37;;12.1656;0;0;07-Jul-2015
123918;UTI FTIF Series XVI - II (1100 DAYS) - Quarterly Div Option;INF789F01U88;INF789F01U96;10.3922;0;0;07-Jul-2015
123919;UTI FTIF Series XVI - II (1100 DAYS) - Quarterly Div Option - Direct;INF789F01V61;INF789F01V79;10.3939;0;0;07-Jul-2015
123935;UTI FTIF Series XVI - III (368 DAYS) - Annual Div Option;INF789FA1C48;INF789FA1C55;10.3168;0;0;07-Jul-2015
123931;UTI FTIF Series XVI - III (368 DAYS) - Annual Div Option - Direct;INF789FA1D05;INF789FA1D13;10.32;0;0;07-Jul-2015
123928;UTI FTIF Series XVI - III (368 DAYS) - Flexi Div Option;INF789FA1B15;INF789FA1B23;10.8436;0;0;07-Jul-2015
123934;UTI FTIF Series XVI - III (368 DAYS) - Growth Option;INF789FA1C71;;11.9732;0;0;07-Jul-2015
123930;UTI FTIF Series XVI - III (368 DAYS) - Growth Option - Direct;INF789FA1D39;;12.0076;0;0;07-Jul-2015
123927;UTI FTIF Series XVI - III (368 DAYS) - Maturity Div Option - Direct;INF789FA1D21;;10.8527;0;0;07-Jul-2015
123932;UTI FTIF Series XVI - III (368 DAYS) - Quarterly Div Option;INF789FA1C22;INF789FA1C30;10.0973;0;0;07-Jul-2015
124563;UTI FTIF Series XVI - IV (369 DAYS) - Annual Div Option - Direct;INF789FA1G85;INF789FA1G93;10.3358;0;0;07-Jul-2015
124560;UTI FTIF Series XVI - IV (369 DAYS) - Growth Option;INF789FA1G51;;11.8776;0;0;07-Jul-2015
124555;UTI FTIF Series XVI - IV (369 DAYS) - Growth Option - Direct;INF789FA1H35;;11.9174;0;0;07-Jul-2015
124564;UTI FTIF Series XVI - IV (369 DAYS) - Maturity Div Option;INF789FA1G28;;10.8136;0;0;07-Jul-2015
124558;UTI FTIF Series XVI - IV (369 DAYS) - Quarterly Div Option - Direct;INF789FA1G69;INF789FA1G77;10.1135;0;0;07-Jul-2015
125089;UTI FTIF Series XVI - IX (368 DAYS) - Growth Option;INF789FA19I3;;11.6178;0;0;07-Jul-2015
125090;UTI FTIF Series XVI - IX (368 DAYS) - Growth Option - Direct;INF789FA17J5;;11.6376;0;0;07-Jul-2015
125093;UTI FTIF Series XVI - IX (368 DAYS) - Quarterly Div Option;INF789FA12I8;INF789FA13I6;10.0601;0;0;07-Jul-2015
124671;UTI FTIF Series XVI - V (731 DAYS) - Annual Div Option;INF789F01Z83;INF789F01Z91;10.383;0;0;07-Jul-2015
124674;UTI FTIF Series XVI - V (731 DAYS) - Quarterly Div Option - Direct;INF789F014A2;INF789F015A9;10.1403;0;0;07-Jul-2015
124672;UTI FTIF Series XVI - V (731 DAYS)- Annual Div Option - Direct;INF789F016A7;INF789F017A5;10.398;0;0;07-Jul-2015
124675;UTI FTIF Series XVI - V (731 DAYS)- Growth Option;INF789F013A4;;11.822;0;0;07-Jul-2015
124673;UTI FTIF Series XVI - V (731 DAYS)- Growth Option - Direct;INF789F011B6;;11.9298;0;0;07-Jul-2015
124676;UTI FTIF Series XVI - V (731 DAYS)- Maturity Div Option;INF789F010A0;;11.822;0;0;07-Jul-2015
124677;UTI FTIF Series XVI - V (731 DAYS)- Quarterly Div Option;INF789F01Z67;INF789F01Z75;10.1383;0;0;07-Jul-2015
124929;UTI FTIF Series XVI - VII (366 DAYS) - Annual Div Option;INF789FA1Y42;INF789FA1Y59;10.2434;0;0;07-Jul-2015
124925;UTI FTIF Series XVI - VII (366 DAYS) - Growth Option - Direct;INF789FA1Z74;;11.7931;0;0;07-Jul-2015
124932;UTI FTIF Series XVI - VII (366 DAYS) -Flexi Div Option;INF789FA1Y75;INF789FA1Y83;10.7345;0;0;07-Jul-2015
124924;UTI FTIF Series XVI - VII (366 DAYS) -Growth Option;INF789FA1Y91;;11.7233;0;0;07-Jul-2015
124931;UTI FTIF Series XVI - VII (366 DAYS) -Quarterly Div Option;INF789FA1Y26;INF789FA1Y34;10.0968;0;0;07-Jul-2015
124949;UTI FTIF Series XVI - VIII (368 DAYS)- Growth Option - Direct;INF789FA15E0;;11.6827;0;0;07-Jul-2015
124942;UTI FTIF Series XVI - VIII (368 DAYS)-Growth Option;INF789FA17D8;;11.6388;0;0;07-Jul-2015
124945;UTI FTIF Series XVI - VIII (368 DAYS)-Quarterly Div Option;INF789FA10D3;INF789FA11D1;10.0398;0;0;07-Jul-2015
125377;UTI FTIF Series XVI - X (369 DAYS) - Growth Option;INF789FA15O9;;11.5394;0;0;07-Jul-2015
125372;UTI FTIF Series XVI - X (369 DAYS) - Growth Option - Direct;INF789FA13O4;;11.5702;0;0;07-Jul-2015
125378;UTI FTIF Series XVI - X (369 DAYS) - Quarterly Div Option;INF789FA12N8;INF789FA14N4;10.0407;0;0;07-Jul-2015
125552;UTI FTIF Series XVII - I (369 DAYS) - Annual Div Option;INF789FA12X7;INF789FA13X5;10.2554;0;0;07-Jul-2015
125551;UTI FTIF Series XVII - I (369 DAYS) - Growth Option;INF789FA17X6;;11.4735;0;0;07-Jul-2015
125554;UTI FTIF Series XVII - I (369 DAYS) - Growth Option - Direct;INF789FA15Y8;;11.5095;0;0;07-Jul-2015
125558;UTI FTIF Series XVII - I (369 DAYS) - Maturity Div Option;INF789FA14X3;;10.5044;0;0;07-Jul-2015
125556;UTI FTIF Series XVII - I (369 DAYS) - Quarterly Div Option;INF789FA10X1;INF789FA11X9;10.0415;0;0;07-Jul-2015
125555;UTI FTIF Series XVII - I (369 DAYS) - Quarterly Div Option - Direct;INF789FA18X4;INF789FA19X2;10.0419;0;0;07-Jul-2015
126320;UTI FTIF Series XVII - IV (531 DAYS) - Annual Div Option;INF789FB1WZ6;INF789FB1XA7;10.0697;0;0;07-Jul-2015
126321;UTI FTIF Series XVII - IV (531 DAYS) - Annual Div Option - Direct;INF789FB1XH2;INF789FB1XI0;10.0726;0;0;07-Jul-2015
126319;UTI FTIF Series XVII - IV (531 DAYS) - Growth Option;INF789FB1XE9;;11.4359;0;0;07-Jul-2015
126323;UTI FTIF Series XVII - IV (531 DAYS) - Growth Option - Direct;INF789FB1XM2;;11.4969;0;0;07-Jul-2015
126317;UTI FTIF Series XVII - IV (531 DAYS) - Maturity Div Option - Direct;INF789FB1XJ8;;10.0717;0;0;07-Jul-2015
126314;UTI FTIF Series XVII - IV (531 DAYS) - Quarterly Div Option;INF789FB1WX1;INF789FB1WY9;10.0695;0;0;07-Jul-2015
126315;UTI FTIF Series XVII - IV (531 DAYS) - Quarterly Div Option - Direct;INF789FB1XF6;INF789FB1XG4;10.0717;0;0;07-Jul-2015
126782;UTI FTIF Series XVII -IX (466 DAYS)-Flexi Div Option - Direct;INF789FB1TH0;INF789FB1TI8;10.1347;0;0;07-Jul-2015
126783;UTI FTIF Series XVII -IX (466 DAYS)-Growth Option;INF789FB1TA5;;11.3609;0;0;07-Jul-2015
126784;UTI FTIF Series XVII -IX (466 DAYS)-Growth Option - Direct;INF789FB1TJ6;;11.3918;0;0;07-Jul-2015
126787;UTI FTIF Series XVII -IX (466 DAYS)-Quarterly Div Option;INF789FB1SU5;INF789FB1SV3;10.0325;0;0;07-Jul-2015
126788;UTI FTIF Series XVII -IX (466 DAYS)-Quarterly Div Option - Direct;INF789FB1TB3;INF789FB1TC1;10.0319;0;0;07-Jul-2015
126652;UTI FTIF Series XVII -VII (465 DAYS)) - Annual Div Option;INF789FB1US5;INF789FB1UT3;10.1227;0;0;07-Jul-2015
126645;UTI FTIF Series XVII -VII (465 DAYS)- Growth Option;INF789FB1UX5;;11.3218;0;0;07-Jul-2015
126646;UTI FTIF Series XVII -VII (465 DAYS)- Growth Option - Direct;INF789FB1VG8;;11.3601;0;0;07-Jul-2015
126654;UTI FTIF Series XVII -VII (465 DAYS)- Quarterly Div Option;INF789FB1UQ9;INF789FB1UR7;10.0324;0;0;07-Jul-2015
126647;UTI FTIF Series XVII -VII (465 DAYS)- Quarterly Div Option - Direct;INF789FB1VA1;INF789FB1VB9;10.0328;0;0;07-Jul-2015
126656;UTI FTIF Series XVII -VIII (1096 DAYS)- Annual Div Option;INF789F016U5;INF789F017U3;10.4041;0;0;07-Jul-2015
126663;UTI FTIF Series XVII -VIII (1096 DAYS)- Maturity Div Option - Direct;INF789F016V3;;11.5403;0;0;07-Jul-2015
126657;UTI FTIF Series XVII -VIII (1096 DAYS)-Annual Div Option - Direct;INF789F014V8;INF789F015V5;10.416;0;0;07-Jul-2015
126661;UTI FTIF Series XVII -VIII (1096 DAYS)-Flexi Div Option;INF789F010V6;INF789F011V4;10.8415;0;0;07-Jul-2015
126664;UTI FTIF Series XVII -VIII (1096 DAYS)-Flexi Div Option - Direct;INF789F018V9;INF789F019V7;10.8753;0;0;07-Jul-2015
126655;UTI FTIF Series XVII -VIII (1096 DAYS)-Growth Option;INF789F019U9;;11.4733;0;0;07-Jul-2015
126662;UTI FTIF Series XVII -VIII (1096 DAYS)-Growth Option - Direct;INF789F017V1;;11.5403;0;0;07-Jul-2015
126660;UTI FTIF Series XVII -VIII (1096 DAYS)-Maturity Div Option;INF789F018U1;;11.4733;0;0;07-Jul-2015
126658;UTI FTIF Series XVII -VIII (1096 DAYS)-Quarterly Div Option;INF789F014U0;INF789F015U7;10.1811;0;0;07-Jul-2015
126659;UTI FTIF Series XVII -VIII (1096 DAYS)-Quarterly Div Option - Direct;INF789F012V2;INF789F013V0;10.1828;0;0;07-Jul-2015
127118;UTI FTIF Series XVII -X (1152 DAYS)-Annual Div Option - Direct;INF789FB1BN6;INF789FB1BO4;10.2576;0;0;07-Jul-2015
127115;UTI FTIF Series XVII -X (1152 DAYS)-Growth Option;INF789FB1BK2;;11.3204;0;0;07-Jul-2015
127116;UTI FTIF Series XVII -X (1152 DAYS)-Growth Option - Direct;INF789FB1BS5;;11.3593;0;0;07-Jul-2015
127119;UTI FTIF Series XVII -X (1152 DAYS)-Quarterly Div Option;INF789FB1BD7;INF789FB1BE5;10.0357;0;0;07-Jul-2015
127210;UTI FTIF Series XVII -XI (430 DAYS)- Annual Div Option;INF789FB1NH3;INF789FB1NI1;10.1479;0;0;07-Jul-2015
127216;UTI FTIF Series XVII -XI (430 DAYS)-Growth Option;INF789FB1NL5;;11.2684;0;0;07-Jul-2015
127209;UTI FTIF Series XVII -XI (430 DAYS)-Growth Option - Direct;INF789FB1NT8;;11.3114;0;0;07-Jul-2015
127453;UTI FTIF Series XVII - XII (1148 DAYS)- Annual Div Option;INF789FA1503;INF789FA1511;10.4783;0;0;07-Jul-2015
127445;UTI FTIF Series XVII - XII (1148 DAYS)-Annual Div Option - Direct;INF789FA1586;INF789FA1594;10.4883;0;0;07-Jul-2015
127452;UTI FTIF Series XVII - XII (1148 DAYS)-Growth Option;INF789FA1537;;11.5229;0;0;07-Jul-2015
127444;UTI FTIF Series XVII - XII (1148 DAYS)-Growth Option - Direct;INF789FA1610;;11.5739;0;0;07-Jul-2015
127446;UTI FTIF Series XVII - XII (1148 DAYS)-Quarterly Div Option;INF789FA1487;INF789FA1495;10.2491;0;0;07-Jul-2015
127447;UTI FTIF Series XVII - XII (1148 DAYS)-Quarterly Div Option - Direct;INF789FA1560;INF789FA1578;10.2502;0;0;07-Jul-2015
127460;UTI FTIF Series XVII - XIII (369 DAYS)-Growth Option;INF789FB1CA1;;11.3016;0;0;07-Jul-2015
127461;UTI FTIF Series XVII - XIII (369 DAYS)-Growth Option - Direct;INF789FB1CI4;;11.346;0;0;07-Jul-2015
127467;UTI FTIF Series XVII - XIII (369 DAYS)-Maturity Div Option;INF789FB1BX5;;10.3247;0;0;07-Jul-2015
127630;UTI FTIF Series XVII -XIV (423 DAYS)- Growth Option;INF789FB1OB4;;11.2238;0;0;07-Jul-2015
127631;UTI FTIF Series XVII -XIV (423 DAYS)-Growth Option - Direct;INF789FB1OJ7;;11.2827;0;0;07-Jul-2015
127634;UTI FTIF Series XVII -XIV (423 DAYS)-Quarterly Div Option;INF789FB1NU6;INF789FB1NV4;10.0327;0;0;07-Jul-2015
128277;UTI FTIF Series XVII -XIX (398 DAYS) - Growth Option;INF789FB1MH5;;11.1695;0;0;07-Jul-2015
128286;UTI FTIF Series XVII -XIX (398 DAYS) - Growth Option - Direct;INF789FB1MP8;;11.2185;0;0;07-Jul-2015
128282;UTI FTIF Series XVII -XIX (398 DAYS)-Maturity Div Option;INF789FB1ME2;;10.1518;0;0;07-Jul-2015
127819;UTI FTIF Series XVII -XVI (367 DAYS)- Annual Div Option;INF789FA1AG3;INF789FA1AH1;10.2864;0;0;07-Jul-2015
127815;UTI FTIF Series XVII -XVI (367 DAYS)- Growth Option;INF789FA1AJ7;;11.2624;0;0;07-Jul-2015
127817;UTI FTIF Series XVII -XVI (367 DAYS)-Flexi Div Option;INF789FA1AK5;INF789FA1AL3;10.2873;0;0;07-Jul-2015
127816;UTI FTIF Series XVII -XVI (367 DAYS)-Growth Option - Direct;INF789FA1AB4;;11.3122;0;0;07-Jul-2015
128127;UTI FTIF Series XVII -XVII (395 DAYS)-Growth Option;INF789FB1LB0;;11.1997;0;0;07-Jul-2015
128132;UTI FTIF Series XVII -XVII (395 DAYS)-Growth Option - Direct;INF789FB1LJ3;;11.2493;0;0;07-Jul-2015
128130;UTI FTIF Series XVII -XVII (395 DAYS)-Maturity Div Option;INF789FB1KY4;;10.1853;0;0;07-Jul-2015
128137;UTI FTIF Series XVII -XVIII (796 DAYS)-Growth Option;INF789FA1BP2;;11.3598;0;0;07-Jul-2015
128138;UTI FTIF Series XVII -XVIII (796 DAYS)-Growth Option - Direct;INF789FA1BH9;;11.3974;0;0;07-Jul-2015
128140;UTI FTIF Series XVII -XVIII (796 DAYS)-Quarterly Div Option;INF789FA1BK3;INF789FA1BL1;10.2021;0;0;07-Jul-2015
128287;UTI FTIF Series XVII -XX (369 DAYS)-Growth Option;INF789FB1HH5;;11.19;0;0;07-Jul-2015
128295;UTI FTIF Series XVII -XX (369 DAYS)-Growth Option - Direct;INF789FB1HP8;;11.2392;0;0;07-Jul-2015
128290;UTI FTIF Series XVII -XX (369 DAYS)-Quarterly Div Option - Direct;INF789FB1HI3;INF789FB1HJ1;10.0294;0;0;07-Jul-2015
129590;UTI FTIF Series XVIII - IX (733 Days) - Annual Div Option;INF789FA1JE9;INF789FA1JF6;10.3622;0;0;07-Jul-2015
129591;UTI FTIF Series XVIII - IX (733 Days) - Annual Div Option - Direct;INF789FA1IW3;INF789FA1IX1;10.3697;0;0;07-Jul-2015
129598;UTI FTIF Series XVIII - IX (733 Days) - Flexi Div Option;INF789FA1JI0;INF789FA1JJ8;10.8006;0;0;07-Jul-2015
129592;UTI FTIF Series XVIII - IX (733 Days) - Growth Option;INF789FA1JH2;;11.1638;0;0;07-Jul-2015
129593;UTI FTIF Series XVIII - IX (733 Days) - Growth Option - Direct;INF789FA1IZ6;;11.1965;0;0;07-Jul-2015
129596;UTI FTIF Series XVIII - IX (733 Days) - Maturity Div Option;INF789FA1JG4;;11.1638;0;0;07-Jul-2015
129594;UTI FTIF Series XVIII - IX (733 Days) - Quarterly Div Option;INF789FA1JC3;INF789FA1JD1;10.1421;0;0;07-Jul-2015
129544;UTI FTIF Series XVIII - VIII ( 366 days ) - Annual Div Option;INF789FB1PS5;INF789FB1PT3;10.1341;0;0;07-Jul-2015
129549;UTI FTIF Series XVIII - VIII (366 Days) - Growth Option - Direct;INF789FB1QF0;;11.0743;0;0;07-Jul-2015
129547;UTI FTIF Series XVIII - VIII (366 Days) - Quarterly Div Option;INF789FB1PQ9;INF789FB1PR7;10.0303;0;0;07-Jul-2015
129550;UTI FTIF Series XVIII - VIII (366 days)- Growth Option;INF789FB1PX5;;11.0498;0;0;07-Jul-2015
129602;UTI FTIF Series XVIII - X (366 Days) - Annual Div Option;INF789FB1SG4;INF789FB1SH2;10.1282;0;0;07-Jul-2015
129600;UTI FTIF Series XVIII - X (366 Days) - Annual Div Option - Direct;INF789FB1SO8;INF789FB1SP5;10.1301;0;0;07-Jul-2015
129601;UTI FTIF Series XVIII - X (366 Days) - Growth Option;INF789FB1SL4;;11.0493;0;0;07-Jul-2015
129603;UTI FTIF Series XVIII - X (366 Days) - Growth Option - Direct;INF789FB1ST7;;11.0735;0;0;07-Jul-2015
129604;UTI FTIF Series XVIII - X (366 Days) - Quarterly Div Option;INF789FB1SE9;INF789FB1SF6;10.0308;0;0;07-Jul-2015
129823;UTI FTIF Series XVIII - XI (1095  Days) - Maturity Div Option;INF789FA1JW1;;11.2024;0;0;07-Jul-2015
129820;UTI FTIF Series XVIII - XI (1095 Days) - Annual Div Option - Direct;INF789FA1JM2;INF789FA1JN0;10.501;0;0;07-Jul-2015
129817;UTI FTIF Series XVIII - XI (1095 Days) - Growth Option;INF789FA1JX9;;11.2025;0;0;07-Jul-2015
129818;UTI FTIF Series XVIII - XI (1095 Days) - Growth Option - Direct;INF789FA1JP5;;11.2668;0;0;07-Jul-2015
129821;UTI FTIF Series XVIII - XI (1095 Days) - Quarterly Div Option;INF789FA1JS9;INF789FA1JT7;10.2815;0;0;07-Jul-2015
129822;UTI FTIF Series XVIII - XI (1095 Days) - Quarterly Div Option -Direct;INF789FA1JK6;INF789FA1JL4;10.2836;0;0;07-Jul-2015
129819;UTI FTIF Series XVIII - XI (1095 Days) -Annual Div Option;INF789FA1JU5;INF789FA1JV3;10.4848;0;0;07-Jul-2015
129827;UTI FTIF Series XVIII - XII (366 Days) - Growth Option;INF789FB1TR9;;11.0184;0;0;07-Jul-2015
129834;UTI FTIF Series XVIII - XII (366 Days) - Growth Option - Direct;INF789FB1TZ2;;11.031;0;0;07-Jul-2015
129833;UTI FTIF Series XVIII - XII (366 Days) - Maturity Div Option - Direct;INF789FB1TW9;;10.1018;0;0;07-Jul-2015
130075;UTI FTIF Series XVIII - XIV(368 Days) - Annual Div Option;INF789FB1VT1;INF789FB1VU9;10.0795;0;0;07-Jul-2015
130079;UTI FTIF Series XVIII - XIV(368 Days) - Growth Option;INF789FB1VY1;;10.9858;0;0;07-Jul-2015
130081;UTI FTIF Series XVIII - XIV(368 Days) - Growth Option - Direct;INF789FB1WG6;;11.0096;0;0;07-Jul-2015
130080;UTI FTIF Series XVIII- XIV(368 Days) - Quarterly Div Option;INF789FB1VR5;INF789FB1VS3;10.0794;0;0;07-Jul-2015
130091;UTI FTIF Series XVIII - XV (366 Days) - Annual Div Option;INF789FB1WJ0;INF789FB1WK8;10.0756;0;0;07-Jul-2015
130089;UTI FTIF Series XVIII - XV (366 Days) - Growth Option;INF789FB1WO0;;10.9835;0;0;07-Jul-2015
130090;UTI FTIF Series XVIII - XV (366 Days) - Growth Option - Direct;INF789FB1WW3;;10.996;0;0;07-Jul-2015
130093;UTI FTIF Series XVIII - XV (366 Days) - Quarterly Div Option;INF789FB1WH4;INF789FB1WI2;10.0756;0;0;07-Jul-2015
130068;UTI FTIF Series XVIII - XIII (366 Days) - Annual Div Option;INF789FB1UC9;INF789FB1UD7;10.0868;0;0;07-Jul-2015
130065;UTI FTIF Series XVIII - XIII(366 Days) - Growth Option;INF789FB1UH8;;10.9952;0;0;07-Jul-2015
130066;UTI FTIF Series XVIII - XIII(366 Days) - Growth Option - Direct;INF789FB1UP1;;11.0079;0;0;07-Jul-2015
130072;UTI FTIF Series XVIII - XIII(366 Days) - Maturity Div Option - Direct;INF789FB1UM8;;10.0883;0;0;07-Jul-2015
130070;UTI FTIF Series XVIII - XIII(366 Days) - Quarterly Div Option - Direct;INF789FB1UI6;INF789FB1UJ4;10.0368;0;0;07-Jul-2015
128559;UTI FTIF Series XVIII -I (400 DAYS)-Annual Div Option;INF789FB1PC9;INF789FB1PD7;10.1346;0;0;07-Jul-2015
128557;UTI FTIF Series XVIII -I (400 DAYS)-Growth Option;INF789FB1PH8;;11.1374;0;0;07-Jul-2015
128558;UTI FTIF Series XVIII -I (400 DAYS)-Growth Option - Direct;INF789FB1PJ4;;11.185;0;0;07-Jul-2015
128554;UTI FTIF Series XVIII -I (400 DAYS)-Quarterly Div Option;INF789FB1PA3;INF789FB1PB1;10.0313;0;0;07-Jul-2015
128662;UTI FTIF Series XVIII -III (367 DAYS) - Growth Option - Direct;INF789FB1GZ9;;11.2139;0;0;07-Jul-2015
128661;UTI FTIF Series XVIII -III (367 DAYS)- Growth Option;INF789FB1GQ8;;11.1653;0;0;07-Jul-2015
128667;UTI FTIF Series XVIII -III (367 DAYS)-Annual Div Option - Direct;INF789FB1GT2;INF789FB1GU0;10.2583;0;0;07-Jul-2015
128876;UTI FTIF Series XVIII -IV (366 DAYS) - Growth Option - Direct;INF789FB1IF7;;11.1816;0;0;07-Jul-2015
128885;UTI FTIF Series XVIII -IV (366 DAYS)- Growth Option;INF789FB1HX2;;11.1728;0;0;07-Jul-2015
128878;UTI FTIF Series XVIII -IV (366 DAYS)-Annual Div Option - Direct;INF789FB1IA8;INF789FB1IB6;10.24;0;0;07-Jul-2015
129257;UTI FTIF Series XVIII -V (370 DAYS) - Growth Option - Direct;INF789FB1LZ9;;11.1106;0;0;07-Jul-2015
129256;UTI FTIF Series XVIII -V (370 DAYS)- Growth Option;INF789FB1LR6;;11.0966;0;0;07-Jul-2015
129258;UTI FTIF Series XVIII -V (370 DAYS)-Annual Div Option;INF789FB1LM7;INF789FB1LN5;10.1698;0;0;07-Jul-2015
129259;UTI FTIF Series XVIII -V (370 DAYS)-Annual Div Option - Direct;INF789FB1LU0;INF789FB1LV8;10.1722;0;0;07-Jul-2015
129260;UTI FTIF Series XVIII -V (370 DAYS)-Quarterly Div Option;INF789FB1LK1;INF789FB1LL9;10.0302;0;0;07-Jul-2015
129261;UTI FTIF Series XVIII -V (370 DAYS)-Quarterly Div Option - Direct;INF789FB1LS4;INF789FB1LT2;10.0307;0;0;07-Jul-2015
129266;UTI FTIF Series XVIII -VI (367 DAYS) - Growth Option - Direct;INF789FB1NE0;;11.0922;0;0;07-Jul-2015
129274;UTI FTIF Series XVIII -VI (367 DAYS)- Growth Option;INF789FB1MW4;;11.061;0;0;07-Jul-2015
129267;UTI FTIF Series XVIII -VI (367 DAYS)-Annual Div Option;INF789FB1MR4;INF789FB1MS2;10.1542;0;0;07-Jul-2015
129271;UTI FTIF Series XVIII -VI (367 DAYS)-Maturity Div Option;INF789FB1MT0;;10.1542;0;0;07-Jul-2015
129272;UTI FTIF Series XVIII -VI (367 DAYS)-Maturity Div Option - Direct;INF789FB1NB6;;10.1572;0;0;07-Jul-2015
129269;UTI FTIF Series XVIII -VI (367 DAYS)-Quarterly Div Option;INF789FB1MQ6;INF789FB1QM6;10.0302;0;0;07-Jul-2015
129276;UTI FTIF Series XVIII -VII (368 DAYS) - Growth Option - Direct;INF789FB1OZ3;;11.09;0;0;07-Jul-2015
129283;UTI FTIF Series XVIII -VII (368 DAYS)- Growth Option;INF789FB1OR0;;11.0764;0;0;07-Jul-2015
129277;UTI FTIF Series XVIII -VII (368 DAYS)-Annual Div Option;INF789FB1OM1;INF789FB1ON9;10.1446;0;0;07-Jul-2015
129281;UTI FTIF Series XVIII -VII (368 DAYS)-Flexi Div Option;INF789FB1OP4;INF789FB1OQ2;10.1445;0;0;07-Jul-2015
129279;UTI FTIF Series XVIII -VII (368 DAYS)-Maturity Div Option;INF789FB1OO7;;10.1443;0;0;07-Jul-2015
129285;UTI FTIF Series XVIII -VII (368 DAYS)-Quarterly Div Option;INF789FB1OK5;INF789FB1OL3;10.0303;0;0;07-Jul-2015
131246;UTI FTIF Series XX - I (1099 Days) - Annual Div Option;INF789FA1E87;INF789FA1E95;10.3927;0;0;07-Jul-2015
131245;UTI FTIF Series XX - I (1099 Days) - Growth Option;INF789FA1F11;;10.8639;0;0;07-Jul-2015
131253;UTI FTIF Series XX - I (1099 Days) - Growth Option - Direct;INF789FA1E38;;10.9163;0;0;07-Jul-2015
131250;UTI FTIF Series XX - I (1099 Days) - Maturity Div Option;INF789FA1F03;;10.864;0;0;07-Jul-2015
131248;UTI FTIF Series XX - I (1099 Days) - Quarterly Div Option;INF789FA1E61;INF789FA1E79;10.1764;0;0;07-Jul-2015
131249;UTI FTIF Series XX - I (1099 Days) - Quarterly Div Option - Direct;INF789FA1D88;INF789FA1D96;10.1789;0;0;07-Jul-2015
131565;UTI FTIF Series XX - II (1103 Days) - Annual Div Option;INF789FA1I42;INF789FA1I59;10.3839;0;0;07-Jul-2015
131572;UTI FTIF Series XX - II (1103 Days) - Annual Div Option -Direct;INF789FA1H68;INF789FA1H76;10.4017;0;0;07-Jul-2015
131446;UTI FTIF Series XX - II (1103 Days) - Growth Option;INF789FA1I75;;10.8332;0;0;07-Jul-2015
131573;UTI FTIF Series XX - II (1103 Days) - Growth Option -Direct;INF789FA1H92;;10.884;0;0;07-Jul-2015
131568;UTI FTIF Series XX - II (1103 Days) - Maturity Div Option;INF789FA1I67;;10.8331;0;0;07-Jul-2015
131569;UTI FTIF Series XX - II (1103 Days) - Maturity Div Option - Direct;INF789FA1H84;;10.8842;0;0;07-Jul-2015
131566;UTI FTIF Series XX - II (1103 Days) - Quarterly Div Option;INF789FA1I26;INF789FA1I34;10.1655;0;0;07-Jul-2015
131567;UTI FTIF Series XX - II (1103 Days) - Quarterly Div Option - Direct;INF789FA1H43;INF789FA1H50;10.1679;0;0;07-Jul-2015
132774;UTI FTIF Series XX - III (1100 Days) - Annual Div Option;INF789FA1X68;INF789FA1X76;10.3788;0;0;07-Jul-2015
132779;UTI FTIF Series XX - III (1100 Days) - Annual Div Option - Direct;INF789FA1W85;INF789FA1W93;10.3968;0;0;07-Jul-2015
132777;UTI FTIF Series XX - III (1100 Days) - Flexi Div Option;INF789FA1Y00;INF789FA1Y18;10.8095;0;0;07-Jul-2015
131447;UTI FTIF Series XX - III (1100 Days) - Growth Option;INF789FA1X92;;10.8094;0;0;07-Jul-2015
131448;UTI FTIF Series XX - III (1100 Days) - Growth Option - Direct;INF789FA1X19;;10.8582;0;0;07-Jul-2015
132781;UTI FTIF Series XX - III (1100 Days) - Maturity Div Option;INF789FA1X84;;10.8094;0;0;07-Jul-2015
132780;UTI FTIF Series XX - III (1100 Days) - Quarterly Div Option;INF789FA1X43;INF789FA1X50;10.1592;0;0;07-Jul-2015
133076;UTI FTIF Series XX - IX (1104 Days) - Annual Div Option;INF789FA14M6;INF789FA15M3;10.2945;0;0;07-Jul-2015
133078;UTI FTIF Series XX - IX (1104 Days) - Annual Div Option - Direct;INF789FA16L3;INF789FA17L1;10.3123;0;0;07-Jul-2015
133070;UTI FTIF Series XX - IX (1104 Days) - Growth Option;INF789FA17M9;;10.5999;0;0;07-Jul-2015
133071;UTI FTIF Series XX - IX (1104 Days) - Growth Option - Direct;INF789FA19L7;;10.6402;0;0;07-Jul-2015
133074;UTI FTIF Series XX - IX (1104 Days) - Maturity Div Option - Direct;INF789FA18L9;;10.6406;0;0;07-Jul-2015
133072;UTI FTIF Series XX - IX (1104 Days) - Quarterly Div Option;INF789FA12M0;INF789FA13M8;10.0736;0;0;07-Jul-2015
133073;UTI FTIF Series XX - IX (1104 Days) - Quarterly Div Option - Direct;INF789FA14L8;INF789FA15L5;10.076;0;0;07-Jul-2015
132817;UTI FTIF Series XX - V (1100 Days) - Annual Div Option;INF789FA14C7;INF789FA15C4;10.3462;0;0;07-Jul-2015
132812;UTI FTIF Series XX - V (1100 Days) - Annual Div Option - Direct;INF789FA16B4;INF789FA17B2;10.3642;0;0;07-Jul-2015
132816;UTI FTIF Series XX - V (1100 Days) - Flexi Div Option;INF789FA18C8;INF789FA19C6;10.7476;0;0;07-Jul-2015
132819;UTI FTIF Series XX - V (1100 Days) - Flexi Div Option - Direct;INF789FA10C5;INF789FA11C3;10.7944;0;0;07-Jul-2015
132810;UTI FTIF Series XX - V (1100 Days) - Growth Option;INF789FA17C0;;10.7475;0;0;07-Jul-2015
132811;UTI FTIF Series XX - V (1100 Days) - Growth Option - Direct;INF789FA19B8;;10.7944;0;0;07-Jul-2015
132814;UTI FTIF Series XX - V (1100 Days) - Maturity Div Option;INF789FA16C2;;10.7475;0;0;07-Jul-2015
132815;UTI FTIF Series XX - V (1100 Days) - Maturity Div Option - Direct;INF789FA18B0;;10.795;0;0;07-Jul-2015
132818;UTI FTIF Series XX - V (1100 Days) - Quarterly Div Option;INF789FA12C1;INF789FA13C9;10.1294;0;0;07-Jul-2015
132813;UTI FTIF Series XX - V (1100 Days) - Quarterly Div Option - Direct;INF789FA14B9;INF789FA15B6;10.1317;0;0;07-Jul-2015
132822;UTI FTIF Series XX - VI (1100 Days) - Annual Div Option  -Direct;INF789FA18E4;INF789FA19E2;10.5054;0;0;07-Jul-2015
132826;UTI FTIF Series XX - VI (1100 Days) - Flexi Div Option;INF789FA10G6;INF789FA11G4;10.6908;0;0;07-Jul-2015
132827;UTI FTIF Series XX - VI (1100 Days) - Growth Option;INF789FA19F9;;10.6908;0;0;07-Jul-2015
132820;UTI FTIF Series XX - VI (1100 Days) - Growth Option - Direct;INF789FA11F6;;10.7352;0;0;07-Jul-2015
132828;UTI FTIF Series XX - VI (1100 Days) - Maturity Div Option;INF789FA18F1;;10.6908;0;0;07-Jul-2015
132825;UTI FTIF Series XX - VI (1100 Days) - Maturity Div Option - Direct;INF789FA10F8;;10.7353;0;0;07-Jul-2015
132824;UTI FTIF series XX - VI (1100 Days) - Quarterly Div Option - Direct;INF789FA16E8;INF789FA17E6;10.1162;0;0;07-Jul-2015
132821;UTI FTIF Series XX - VI (1100 Days) - Regular Plan - Annual Div Option;INF789FA16F5;INF789FA17F3;10.3288;0;0;07-Jul-2015
132823;UTI FTIF Series XX - VI (1100 Days)- Quarterly Div Option;INF789FA14F0;INF789FA15F7;10.1138;0;0;07-Jul-2015
132965;UTI FTIF Series XX - VII (1103 Days) - Annual Div Option;INF789FA12H0;INF789FA13H8;10.3034;0;0;07-Jul-2015
132972;UTI FTIF Series XX - VII (1103 Days) - Flexi Div Option;INF789FA16H1;INF789FA17H9;10.6315;0;0;07-Jul-2015
132963;UTI FTIF Series XX - VII (1103 Days) - Growth Option;INF789FA15H3;;10.6313;0;0;07-Jul-2015
132964;UTI FTIF Series XX - VII (1103 Days) - Growth Option - Direct;INF789FA17G1;;10.6728;0;0;07-Jul-2015
132966;UTI FTIF Series XX - VII (1103 Days) - Quarterly Div Option;INF789FA10H4;INF789FA11H2;10.0877;0;0;07-Jul-2015
133100;UTI FTIF Series XX - X (1105 Days) - Annual Div Option - Direct;INF789FA16O7;INF789FA17O5;10.2641;0;0;07-Jul-2015
133092;UTI FTIF Series XX - X (1105 Days) - Growth Option;INF789FA18P0;;10.5677;0;0;07-Jul-2015
133093;UTI FTIF Series XX - X (1105 Days) - Growth Option - Direct;INF789FA10P7;;10.5778;0;0;07-Jul-2015
133094;UTI FTIF Series XX - X (1105 Days) - Maturity Div Option;INF789FA19P8;;10.5677;0;0;07-Jul-2015
133159;UTI FTIF Series XX - XI (1100 Days) - Annual Div Option;INF789FA10R3;INF789FA11R1;10.2868;0;0;07-Jul-2015
133149;UTI FTIF Series XX - XI (1100 Days) - Annual Div Option - Direct;INF789FA12Q1;INF789FA13Q9;10.3047;0;0;07-Jul-2015
133156;UTI FTIF Series XX - XI (1100 Days) - Growth Option;INF789FA14R5;;10.5473;0;0;07-Jul-2015
133157;UTI FTIF Series XX - XI (1100 Days) - Growth Option - Direct;INF789FA16Q2;;10.5852;0;0;07-Jul-2015
133152;UTI FTIF Series XX - XI (1100 Days) - Maturity Div Option;INF789FA15R2;;10.5473;0;0;07-Jul-2015
133153;UTI FTIF Series XX - XI (1100 Days) - Maturity Div Option - Direct;INF789FA17Q0;;10.5853;0;0;07-Jul-2015
133150;UTI FTIF Series XX - XI (1100 Days) - Quarterly Div Option;INF789FA16R0;INF789FA17R8;10.0718;0;0;07-Jul-2015
133151;UTI FTIF Series XX - XI (1100 Days) - Quarterly Div Option - Direct;INF789FA18Q8;INF789FA19Q6;10.0741;0;0;07-Jul-2015
133336;UTI FTIF Series XX - XII (1103 Days) - Annual Div Option;INF789FA16S8;INF789FA17S6;10.3029;0;0;07-Jul-2015
133337;UTI FTIF Series XX - XII (1103 Days) - Annual Div Option - Direct;INF789FA18R6;INF789FA19R4;10.3142;0;0;07-Jul-2015
133342;UTI FTIF Series XX - XII (1103 Days) - Flexi Div Option;INF789FA18S4;INF789FA19S2;10.5458;0;0;07-Jul-2015
133334;UTI FTIF Series XX - XII (1103 Days) - Growth Option;INF789FA10T9;;10.5458;0;0;07-Jul-2015
133335;UTI FTIF Series XX - XII (1103 Days) - Growth Option - Direct;INF789FA12S7;;10.5821;0;0;07-Jul-2015
133340;UTI FTIF Series XX - XII (1103 Days) - Maturity Div Option;INF789FA11T7;;10.5461;0;0;07-Jul-2015
133341;UTI FTIF Series XX - XII (1103 Days) - Maturity Div Option - Direct;INF789FA13S5;;10.5821;0;0;07-Jul-2015
133338;UTI FTIF Series XX - XII (1103 Days) - Quarterly Div Option;INF789FA12T5;INF789FA13T3;10.0769;0;0;07-Jul-2015
133339;UTI FTIF Series XX - XII (1103 Days) - Quarterly Div Option - Direct;INF789FA14S3;INF789FA15S0;10.0794;0;0;07-Jul-2015
133453;UTI FTIF Series XX - XVI (1100 Days) Annual Div Option;INF789FB1296;INF789FB1304;10.3107;0;0;07-Jul-2015
133447;UTI FTIF Series XX - XVI (1100 days) Annual Div Option - Direct;INF789FB1213;INF789FB1221;10.3285;0;0;07-Jul-2015
133452;UTI FTIF Series XX - XVI (1100 Days) Flexi Div Option Direct;INF789FB1254;INF789FB1262;10.5745;0;0;07-Jul-2015
133449;UTI FTIF Series XX - XVI (1100 Days) Growth Option;INF789FB1320;;10.5406;0;0;07-Jul-2015
133450;UTI FTIF Series XX - XVI (1100 Days) Growth Option Direct;INF789FB1247;;10.5749;0;0;07-Jul-2015
133451;UTI FTIF Series XX - XVI (1100 Days) Maturity Dividend Direct;INF789FB1239;;10.5746;0;0;07-Jul-2015
133448;UTI FTIF Series XX - XVI (1100 days) Quarterly Div Option;INF789FB1270;INF789FB1288;10.0972;0;0;07-Jul-2015
133454;UTI FTIF Series XX - XVI (1100 Days) Quarterly Div Option - Direct;INF789FB1197;INF789FB1205;10.0995;0;0;07-Jul-2015
133483;UTI FTIF Series XX - XVII (1102 Days) - Annual Div Option;INF789FB1452;INF789FB1460;10.3121;0;0;07-Jul-2015
133478;UTI FTIF Series XX - XVII (1102 Days) - Annual Div Option - Direct;INF789FB1379;INF789FB1387;10.33;0;0;07-Jul-2015
133482;UTI FTIF Series XX - XVII (1102 Days) - Flexi Div Option;INF789FB1494;INF789FB1502;10.5303;0;0;07-Jul-2015
133476;UTI FTIF Series XX - XVII (1102 Days) - Growth Option;INF789FB1486;;10.5302;0;0;07-Jul-2015
133474;UTI FTIF Series XX - XVII (1102 Days) - Growth Option - Direct;INF789FB1403;;10.5638;0;0;07-Jul-2015
133475;UTI FTIF Series XX - XVII (1102 Days) - Quarterly Div Option;INF789FB1437;INF789FB1445;10.0996;0;0;07-Jul-2015
133026;UTI FTIF Series XX-VIII (1105 Days) - Growth Option;INF789FA11L4;;10.5864;0;0;07-Jul-2015
133027;UTI FTIF Series XX-VIII (1105 Days) - Growth Option - Direct;INF789FA13K2;;10.5968;0;0;07-Jul-2015
133020;UTI FTIF Series XX-VIII (1105 Days) - Quarterly Div Option;INF789FA16K5;INF789FA17K3;10.0461;0;0;07-Jul-2015
133543;UTI FTIF Series XXI - I (1100 Days) - Annual Div Option;INF789FB1619;;10.297;0;0;07-Jul-2015
133545;UTI FTIF Series XXI - I (1100 Days) - Annual Div Option - Direct;INF789FB1536;;10.3116;0;0;07-Jul-2015
133547;UTI FTIF Series XXI - I (1100 Days) - Flexi Div Option;INF789FB1650;;10.4787;0;0;07-Jul-2015
133540;UTI FTIF Series XXI - I (1100 Days) - Growth Option;INF789FB1643;;10.4787;0;0;07-Jul-2015
133541;UTI FTIF Series XXI - I (1100 Days) - Growth Option - Direct;INF789FB1569;;10.5051;0;0;07-Jul-2015
133546;UTI FTIF Series XXI - I (1100 Days) - Maturity Div Option;INF789FB1635;;10.4804;0;0;07-Jul-2015
133542;UTI FTIF Series XXI - I (1100 Days) - Quarterly Div Option;INF789FB1593;;10.0871;0;0;07-Jul-2015
133544;UTI FTIF Series XXI - I (1100 Days) - Quarterly Div Option - Direct;INF789FB1510;;10.0891;0;0;07-Jul-2015
133655;UTI FTIF Series XXI - II (1100 Days) - Annual Div Option;INF789FB1627;;10.2882;0;0;07-Jul-2015
133654;UTI FTIF Series XXI - II (1100 Days) - Annual Div Option - Direct;INF789FB1544;;10.303;0;0;07-Jul-2015
133652;UTI FTIF Series XXI - II (1100 Days) - Flexi Div Option;INF789FB1668;;10.4286;0;0;07-Jul-2015
133656;UTI FTIF Series XXI - II (1100 Days) - Growth Option;INF789FB1908;;10.4286;0;0;07-Jul-2015
133648;UTI FTIF Series XXI - II (1100 Days) - Growth Option - Direct;INF789FB1882;;10.4529;0;0;07-Jul-2015
133657;UTI FTIF Series XXI - II (1100 Days) - Maturity Div Option;INF789FB1890;;10.4286;0;0;07-Jul-2015
133649;UTI FTIF Series XXI - II (1100 Days) - Quarterly Div Option;INF789FB1601;;10.061;0;0;07-Jul-2015
133650;UTI FTIF Series XXI - II (1100 Days) - Quarterly Div Option - Direct;INF789FB1528;;10.063;0;0;07-Jul-2015
133692;UTI FTIF Series XXI-III (1158 Days) - Annual Div Option;INF789FB1AA5;;10.2792;0;0;07-Jul-2015
133685;UTI FTIF Series XXI-III (1158 Days) - Annual Div Option - Direct;INF789FB1965;;10.294;0;0;07-Jul-2015
133683;UTI FTIF Series XXI-III (1158 Days) - Growth Option;INF789FB1AE7;;10.3706;0;0;07-Jul-2015
133684;UTI FTIF series XXI-III (1158 Days) - Growth Option - Direct;INF789FB1AC1;;10.3932;0;0;07-Jul-2015
133687;UTI FTIF Series XXI-III (1158 Days) - Maturity Div Option - Direct;INF789FB1AB3;;10.3938;0;0;07-Jul-2015
133686;UTI FTIF Series XXI-III (1158 Days) - Quarterly Div Option;INF789FB1999;;10.0337;0;0;07-Jul-2015
133697;UTI FTIF Series XXI-IV (1146 Days) - Annual Div Option;INF789FB1AK4;;10.2803;0;0;07-Jul-2015
133696;UTI FTIF Series XXI-IV (1146 Days) - Annual Div Option - Direct;INF789FB1AG2;;10.2961;0;0;07-Jul-2015
133701;UTI FTIF Series XXI-IV (1146 Days) - Flexi Div Option;INF789FB1AI8;;10.3612;0;0;07-Jul-2015
133698;UTI FTIF Series XXI-IV (1146 Days) - Growth Option;INF789FB1AO6;;10.3612;0;0;07-Jul-2015
133693;UTI FTIF Series XXI-IV (1146 Days) - Growth Option - Direct;INF789FB1AM0;;10.382;0;0;07-Jul-2015
133695;UTI FTIF Series XXI-IV (1146 Days) - Maturity Div Option;INF789FB1AN8;;10.3612;0;0;07-Jul-2015
133700;UTI FTIF Series XXI-IV (1146 Days) - Maturity Div Option - Direct;INF789FB1AL2;;10.382;0;0;07-Jul-2015
133694;UTI FTIF Series XXI-IV (1146 Days) - Quarterly Div Option;INF789FB1AJ6;;10.0545;0;0;07-Jul-2015
133699;UTI FTIF Series XXI-IV (1146 Days) - Quarterly Div Option - Direct;INF789FB1AF4;;10.0565;0;0;07-Jul-2015
134035;UTI FTIF Series XXI-VI (1145 Days) - Annual Div Option;INF789FB1CS3;;10.2771;0;0;07-Jul-2015
134032;UTI FTIF Series XXI-VI (1145 Days) - Flexi Div Option;INF789FB1CQ7;;10.3322;0;0;07-Jul-2015
134028;UTI FTIF Series XXI-VI (1145 Days) - Growth Option;INF789FB1CW5;;10.3322;0;0;07-Jul-2015
134027;UTI FTIF Series XXI-VI (1145 Days) - Growth Option - Direct;INF789FB1CU9;;10.3518;0;0;07-Jul-2015
134031;UTI FTIF Series XXI-VI (1145 Days) - Maturity Div Option - Direct;INF789FB1CT1;;10.3517;0;0;07-Jul-2015
134029;UTI FTIF Series XXI-VI (1145 Days) - Quarterly Div Option;INF789FB1CR5;;10.051;0;0;07-Jul-2015
134034;UTI FTIF Series XXI-VI (1145 Days) - Quarterly Div Option - Direct;INF789FB1CN4;;10.053;0;0;07-Jul-2015
134090;UTI FTIF Series XXI-VII (1143 Days) - Annual Div Option;INF789FB1DC5;;10.3075;0;0;07-Jul-2015
134091;UTI FTIF Series XXI-VII (1143 Days) - Annual Div Option - Direct;INF789FB1CY1;;10.3255;0;0;07-Jul-2015
134088;UTI FTIF Series XXI-VII (1143 Days) - Growth Option;INF789FB1DG6;;10.3075;0;0;07-Jul-2015
134084;UTI FTIF Series XXI-VII (1143 Days) - Growth Option - Direct;INF789FB1DE1;;10.3256;0;0;07-Jul-2015
134092;UTI FTIF Series XXI-VII (1143 Days) - Maturity Div Option;INF789FB1DF8;;10.3075;0;0;07-Jul-2015
134085;UTI FTIF Series XXI-VII (1143 Days) - Quarterly Div Option;INF789FB1DB7;;10.0448;0;0;07-Jul-2015
134100;UTI FTIF Series XXI-VIII (1136 Days) - Annual Div Option;INF789FB1DM4;;10.281;0;0;07-Jul-2015
134095;UTI FTIF Series XXI-VIII (1136 Days) - Annual Div Option - Direct;INF789FB1DI2;;10.298;0;0;07-Jul-2015
134101;UTI FTIF Series XXI-VIII (1136 Days) - Growth Option;INF789FB1DQ5;;10.281;0;0;07-Jul-2015
134103;UTI FTIF Series XXI-VIII (1136 Days) - Maturity Div Option;INF789FB1DP7;;10.281;0;0;07-Jul-2015
134096;UTI FTIF Series XXI-VIII (1136 Days) - Quarterly Div Option;INF789FB1DL6;;10.0486;0;0;07-Jul-2015
134094;UTI FTIF Series XXI-VIII (1136 Days)- Growth Option - Direct;INF789FB1DO0;;10.298;0;0;07-Jul-2015
134268;UTI FTIF Series XXI-X (1112 Days) - Annual Div Option;INF789FB1FA4;;10.2665;0;0;07-Jul-2015
134269;UTI FTIF Series XXI-X (1112 Days) - Annual Div Option - Direct;INF789FB1EW1;;10.2819;0;0;07-Jul-2015
134274;UTI FTIF Series XXI-X (1112 Days) - Growth Option;INF789FB1FE6;;10.2665;0;0;07-Jul-2015
134266;UTI FTIF Series XXI-X (1112 Days) - Growth Option - Direct;INF789FB1FC0;;10.2823;0;0;07-Jul-2015
134275;UTI FTIF Series XXI-X (1112 Days) - Quarterly Div Option;INF789FB1EZ4;;10.054;0;0;07-Jul-2015
134267;UTI FTIF Series XXI-X (1112 Days) - Quarterly Div Option - Direct;INF789FB1EV3;;10.056;0;0;07-Jul-2015
134281;UTI FTIF Series XXI-XI (1112 Days) - Annual Div Option - Direct;INF789FB1FG1;;10.2626;0;0;07-Jul-2015
134277;UTI FTIF Series XXI-XI (1112 Days) - Growth Option;INF789FB1FO5;;10.2585;0;0;07-Jul-2015
134278;UTI FTIF Series XXI-XI (1112 Days) - Growth Option - Direct;INF789FB1FM9;;10.2632;0;0;07-Jul-2015
134327;UTI FTIF Series XXI-XII (1106 Days) - Annual Div Option;INF789FB1IL5;;10.2595;0;0;07-Jul-2015
134329;UTI FTIF Series XXI-XII (1106 Days) - Annual Div Option - Direct;INF789FB1IH3;;10.2744;0;0;07-Jul-2015
134330;UTI FTIF Series XXI-XII (1106 Days) - Flexi Div Option;INF789FB1IJ9;;10.2605;0;0;07-Jul-2015
134321;UTI FTIF Series XXI-XII (1106 Days) - Growth Option;INF789FB1IP6;;10.2595;0;0;07-Jul-2015
134322;UTI FTIF Series XXI-XII (1106 Days) - Growth Option - Direct;INF789FB1IN1;;10.2744;0;0;07-Jul-2015
134328;UTI FTIF Series XXI-XII (1106 Days) - Quarterly Div Option;INF789FB1IK7;;10.0543;0;0;07-Jul-2015
134438;UTI FTIF Series XXI-XIV (1103 Day) - Maturity Div Option - Direct;INF789FB1JG3;;10.268;0;0;07-Jul-2015
134436;UTI FTIF Series XXI-XIV (1103 Days) - Annual Div Option - Direct;INF789FB1JB4;;10.268;0;0;07-Jul-2015
134434;UTI FTIF Series XXI-XIV (1103 Days) - Growth Option;INF789FB1JJ7;;10.2535;0;0;07-Jul-2015
134441;UTI FTIF Series XXI-XIV (1103 Days) - Growth Option - Direct;INF789FB1JH1;;10.268;0;0;07-Jul-2015
134437;UTI FTIF Series XXI-XIV (1103 Days) - Quarterly Div Option - Direct;INF789FB1JA6;;10.0563;0;0;07-Jul-2015
134478;UTI FTIF series XXI-XV (1103 Days) - Annual Div Option;INF789FB1JP4;;10.1696;0;0;07-Jul-2015
134482;UTI FTIF Series XXI-XV (1103 Days) - Annual Div Option - Direct;INF789FB1JL3;;10.182;0;0;07-Jul-2015
134479;UTI FTIF Series XXI-XV (1103 Days) - Flexi Div Option;INF789FB1JN9;;10.1696;0;0;07-Jul-2015
134474;UTI FTIF Series XXI-XV (1103 Days) - Growth Option;INF789FB1JT6;;10.1696;0;0;07-Jul-2015
134475;UTI FTIF Series XXI-XV (1103 Days) - Growth Option - Direct;INF789FB1JR0;;10.182;0;0;07-Jul-2015
134481;UTI FTIF Series XXI-XV (1103 Days) - Maturity Div Option;INF789FB1JS8;;10.1696;0;0;07-Jul-2015
134483;UTI FTIF Series XXI-XV (1103 Days) - Maturity Div Option - Direct;INF789FB1JQ2;;10.182;0;0;07-Jul-2015
134476;UTI FTIF Series XXI-XV (1103 Days) - Quarterly Div Option;INF789FB1JO7;;10.0362;0;0;07-Jul-2015
134477;UTI FTIF Series XXI-XV (1103 Days) - Quarterly Div Option - Direct;INF789FB1JK5;;10.0382;0;0;07-Jul-2015
134531;UTI FTIF Series XXII-I (1099 Days) - Direct Plan - Annual Div Option;INF789FB1QT1;;10.1554;0;0;07-Jul-2015
134526;UTI FTIF Series XXII-I (1099 Days) - Direct Plan - Growth Option;INF789FB1QZ8;;10.1554;0;0;07-Jul-2015
134528;UTI FTIF Series XXII-I (1099 Days) - Direct Plan - Maturity Div Option;INF789FB1QY1;;10.1559;0;0;07-Jul-2015
134530;UTI FTIF Series XXII-I (1099 Days) - Direct Plan - Quarterly Div Option;INF789FB1QS3;;10.0412;0;0;07-Jul-2015
134527;UTI FTIF Series XXII-I (1099 Days) - Regular Plan - Annual Div Option;INF789FB1QX3;;10.1478;0;0;07-Jul-2015
134525;UTI FTIF Series XXII-I (1099 Days) - Regular Plan - Flexi Div Option;INF789FB1QV7;;10.1478;0;0;07-Jul-2015
134522;UTI FTIF Series XXII-I (1099 Days) - Regular Plan - Growth Option;INF789FB1RB7;;10.1478;0;0;07-Jul-2015
134524;UTI FTIF Series XXII-I (1099 Days) - Regular Plan - Maturity Div Option;INF789FB1RA9;;10.1478;0;0;07-Jul-2015
134523;UTI FTIF Series XXII-I (1099 Days) - Regular Plan - Quarterly Div Option;INF789FB1QW5;;10.0399;0;0;07-Jul-2015
134649;UTI FTIF Series XXII-II (1099 Days) - Annual Div Option;INF789FB1RP7;;10.1391;0;0;07-Jul-2015
134654;UTI FTIF Series XXII-II (1099 Days) - Annual Div Option - Direct;INF789FB1RL6;;10.1453;0;0;07-Jul-2015
134652;UTI FTIF Series XXII-II (1099 Days) - Flexi Div Option;INF789FB1RN2;;10.1391;0;0;07-Jul-2015
134645;UTI FTIF Series XXII-II (1099 Days) - Growth Option;INF789FB1RT9;;10.1391;0;0;07-Jul-2015
134646;UTI FTIF Series XXII-II (1099 Days) - Growth Option - Direct;INF789FB1RR3;;10.1453;0;0;07-Jul-2015
134650;UTI FTIF Series XXII-II (1099 Days) - Maturity Div Option;INF789FB1RS1;;10.139;0;0;07-Jul-2015
134651;UTI FTIF Series XXII-II (1099 Days) - Maturity Div Option - Direct;INF789FB1RQ5;;10.1453;0;0;07-Jul-2015
134647;UTI FTIF Series XXII-II (1099 Days) - Quarterly Div Option;INF789FB1RO0;;10.0382;0;0;07-Jul-2015
134648;UTI FTIF Series XXII-II (1099 Days) - Quarterly Div Option - Direct;INF789FB1RK8;;10.0396;0;0;07-Jul-2015
134751;UTI FTIF Series XXII-III (1099 Days) - Direct Plan  - Maturity Div Option;INF789FB1SA7;;10.0889;0;0;07-Jul-2015
134752;UTI FTIF Series XXII-III (1099 Days) - Direct Plan - Annual Div Option;INF789FB1RV5;;10.0889;0;0;07-Jul-2015
134747;UTI FTIF Series XXII-III (1099 Days) - Direct Plan - Growth Option;INF789FB1SB5;;10.0889;0;0;07-Jul-2015
134748;UTI FTIF Series XXII-III (1099 Days) - Direct Plan - Quarterly Div Option;INF789FB1RU7;;10.0347;0;0;07-Jul-2015
134746;UTI FTIF Series XXII-III (1099 Days) - Regular Plan  - Flexi Div Option;INF789FB1RX1;;10.0842;0;0;07-Jul-2015
134745;UTI FTIF Series XXII-III (1099 Days) - Regular Plan - Annual Div Option;INF789FB1RZ6;;10.0842;0;0;07-Jul-2015
134750;UTI FTIF Series XXII-III (1099 Days) - Regular Plan - Growth Option;INF789FB1SD1;;10.0842;0;0;07-Jul-2015
134753;UTI FTIF Series XXII-III (1099 Days) - Regular Plan - Maturity Div Option;INF789FB1SC3;;10.0842;0;0;07-Jul-2015
134744;UTI FTIF Series XXII-III (1099 Days) - Regular Plan - Quarterly Div Option;INF789FB1RY9;;10.0334;0;0;07-Jul-2015
134796;UTI FTIF Series XXII-IV (1098 Days) - Direct Plan - Annual Div Option;INF789FB1VI4;;10.0659;0;0;07-Jul-2015
134793;UTI FTIF Series XXII-IV (1098 Days) - Direct Plan - Growth Option;INF789FB1VN4;;10.0659;0;0;07-Jul-2015
134798;UTI FTIF Series XXII-IV (1098 Days) - Direct Plan - Maturity Div Option;INF789FB1VM6;;10.0661;0;0;07-Jul-2015
134795;UTI FTIF Series XXII-IV (1098 Days) - Direct Plan - Quarterly Div Option;INF789FB1VH6;;10.0323;0;0;07-Jul-2015
134790;UTI FTIF Series XXII-IV (1098 Days) - Regular Plan - Annual Div Option;INF789FB1VQ7;;10.062;0;0;07-Jul-2015
134797;UTI FTIF Series XXII-IV (1098 Days) - Regular Plan - Growth Option;INF789FB1VP9;;10.062;0;0;07-Jul-2015
134792;UTI FTIF Series XXII-IV (1098 Days) - Regular Plan - Maturity Div Option;INF789FB1VO2;;10.062;0;0;07-Jul-2015
134789;UTI FTIF Series XXII-IV (1098 Days) - Regular Plan - Quarterly Div Option;INF789FB1VL8;;10.031;0;0;07-Jul-2015
135029;UTI FTIF Series XXII-IX (1099 Days) - Direct Plan - Growth Option;INF789FB1H90;;10.029;0;0;07-Jul-2015
135025;UTI FTIF Series XXII-IX (1099 Days) - Regular Plan - Growth Option;INF789FB1I16;;10.0288;0;0;07-Jul-2015
135032;UTI FTIF Series XXII-IX (1099 Days) - Regular Plan - Maturity Div Option;INF789FB1I08;;10.0288;0;0;07-Jul-2015
135026;UTI FTIF Series XXII-IX (1099 Days) - Regular Plan - Quarterly Div Option;INF789FB1H66;;10.0288;0;0;07-Jul-2015
134978;UTI FTIF Series XXII-VI (1098 Days) -  Regular Plan - Growth Option;INF789FB1F19;;10.0202;0;0;07-Jul-2015
134981;UTI FTIF Series XXII-VI (1098 Days) - Direct Plan - Annual Div Option;INF789FB1E36;;10.0268;0;0;07-Jul-2015
134985;UTI FTIF Series XXII-VI (1098 Days) - Direct Plan - Growth Option;INF789FB1E93;;10.0268;0;0;07-Jul-2015
134979;UTI FTIF Series XXII-VI (1098 Days) - Regular Plan - Annual Div Option;INF789FB1E77;;10.0202;0;0;07-Jul-2015
134984;UTI FTIF Series XXII-VI (1098 Days) - Regular Plan - Flexi Div Option;INF789FB1E51;;10.0202;0;0;07-Jul-2015
134980;UTI FTIF Series XXII-VI (1098 Days) - Regular Plan - Maturity Div Option;INF789FB1F01;;10.0202;0;0;07-Jul-2015
134983;UTI FTIF Series XXII-VI (1098 Days) - Regular Plan - Quarterly Div Option;INF789FB1E69;;10.0202;0;0;07-Jul-2015
134993;UTI FTIF Series XXII-VII (1098 Days) - Direct Plan - Growth Option;INF789FB1F92;;10.0442;0;0;07-Jul-2015
134994;UTI FTIF Series XXII-VII (1098 Days) - Direct Plan - Quarterly Div Option;INF789FB1F27;;10.0442;0;0;07-Jul-2015
134990;UTI FTIF Series XXII-VII (1098 Days) - Regular Plan - Annual Div Option;INF789FB1F76;;10.0409;0;0;07-Jul-2015
134992;UTI FTIF Series XXII-VII (1098 Days) - Regular Plan - Flexi Div Option;INF789FB1F50;;10.041;0;0;07-Jul-2015
134988;UTI FTIF Series XXII-VII (1098 Days) - Regular Plan - Growth Option;INF789FB1G18;;10.0409;0;0;07-Jul-2015
134991;UTI FTIF Series XXII-VII (1098 Days) - Regular Plan - Maturity Div Option;INF789FB1G00;;10.0409;0;0;07-Jul-2015
134989;UTI FTIF Series XXII-VII (1098 Days) - Regular Plan - Quarterly Div Option;INF789FB1F68;;10.0409;0;0;07-Jul-2015
122152;UTI Quarterly Interval Fund - I - Direct Plan - IDCW;INF789F01WG9;INF789F01WH7;10.0519;0;0;07-Jul-2015
106060;UTI Quarterly Interval Fund - I - Regular Plan - Growth Option;INF789F01GE7;;19.4475;0;0;07-Jul-2015
106057;UTI Quarterly Interval Fund - I - Regular Plan - IDCW;INF789F01GC1;INF789F01GD9;10.0463;0;0;07-Jul-2015
122165;UTI Quarterly Interval Fund - I -Direct Plan - Growth Option;INF789F01WI5;;19.5363;0;0;07-Jul-2015
121182;UTI Quarterly Interval Fund - II - Direct Plan - Growth Option;INF789F01WR6;;17.5004;0;0;07-Jul-2015
121181;UTI Quarterly Interval Fund - II - Direct Plan - IDCW;INF789F01WP0;INF789F01WQ8;10.1349;0;0;07-Jul-2015
109617;UTI Quarterly Interval Fund - II - Regular Plan - Growth Option;INF789F01GW9;;17.4163;0;0;07-Jul-2015
109618;UTI Quarterly Interval Fund - II - Regular Plan - IDCW;INF789F01GU3;INF789F01GV1;10.1281;0;0;07-Jul-2015
121722;UTI Quarterly Interval Fund - III -Direct Plan - Growth Option;INF789F01WU0;;17.6186;0;0;07-Jul-2015
121721;UTI Quarterly Interval Fund - III -Direct Plan - IDCW;INF789F01WS4;INF789F01WT2;10.079;0;0;07-Jul-2015
110024;UTI Quarterly Interval Fund - III -Regular Plan - Growth Option;INF789F01HC9;;17.5364;0;0;07-Jul-2015
110021;UTI Quarterly Interval Fund - III -Regular Plan - IDCW;INF789F01HA3;INF789F01HB1;10.0769;0;0;07-Jul-2015
128888;UTI-FMP-Yearly Series March 2014 - Dividend Option;INF789FA1FM0;INF789FA1FN8;10.1266;0;0;07-Jul-2015
128886;UTI-FMP-Yearly Series March 2014 - Growth Option;INF789FB1QI4;;11.0927;0;0;07-Jul-2015
128887;UTI-FMP-Yearly Series March 2014 - Growth Option - Direct;INF789FB1QL8;;11.1397;0;0;07-Jul-2015
117866;UTI-FTIF Series-XII Plan VIII (1098 Days) - Annual Dividend Option;INF789F01QI7;INF789F01QJ5;10.2914;0;0;07-Jul-2015
117865;UTI-FTIF Series-XII Plan VIII (1098 Days) - Growth Option;INF789F01QL1;;12.8144;0;0;07-Jul-2015
117864;UTI-FTIF Series-XII Plan VIII (1098 Days) - Maturity Dividend Option;INF789F01QK3;;12.8144;0;0;07-Jul-2015
117863;UTI-FTIF Series-XII Plan VIII (1098 Days) - Quarterly Dividend Option;INF789F01QG1;INF789F01QH9;10.0713;0;0;07-Jul-2015

Close Ended Schemes ( Growth )


Aditya Birla Sun Life Mutual Fund
129404;Aditya Birla Sun Life Emerging Leaders Fund - Series 1 - Direct Plan - Dividend;INF209KA1IQ0;;14.54;14.54;14.54;07-Jul-2015
129402;Aditya Birla Sun Life Emerging Leaders Fund - Series 1 - Direct Plan - Growth;INF209KA1IP2;;15.72;15.72;15.72;07-Jul-2015
129401;Aditya Birla Sun Life Emerging Leaders Fund - Series 1 - Regular Plan - Dividend;INF209KA1IO5;;14.47;14.47;14.47;07-Jul-2015
129403;Aditya Birla Sun Life Emerging Leaders Fund - Series 1 - Regular Plan - Growth;INF209KA1IN7;;15.64;15.64;15.64;07-Jul-2015
129883;Aditya Birla Sun Life Emerging Leaders Fund - Series 2 - Direct Plan - Dividend Option;INF209KA1JY2;;12.57;12.57;12.57;07-Jul-2015
129885;Aditya Birla Sun Life Emerging Leaders Fund - Series 2 - Direct Plan - Growth Option;INF209KA1JX4;;12.57;12.57;12.57;07-Jul-2015
129882;Aditya Birla Sun Life Emerging Leaders Fund - Series 2 - Regular Plan - Dividend Option;INF209KA1JW6;;12.50;12.50;12.50;07-Jul-2015
129884;Aditya Birla Sun Life Emerging Leaders Fund - Series 2 - Regular Plan - Growth Option;INF209KA1JV8;;12.50;12.50;12.50;07-Jul-2015
130295;Aditya Birla Sun Life Emerging Leaders Fund - Series 3 - Direct Plan - Dividend;INF209KB1HW9;;11.40;11.40;11.40;07-Jul-2015
130296;Aditya Birla Sun Life Emerging Leaders Fund - Series 3 - Direct Plan - Growth;INF209KB1HV1;;11.40;11.40;11.40;07-Jul-2015
130297;Aditya Birla Sun Life Emerging Leaders Fund - Series 3 - Regular Plan - Dividend;INF209KB1HY5;;11.34;11.34;11.34;07-Jul-2015
130298;Aditya Birla Sun Life Emerging Leaders Fund - Series 3 - Regular Plan - Growth;INF209KB1HX7;;11.34;11.34;11.34;07-Jul-2015
130727;Aditya Birla Sun Life Emerging Leaders Fund - Series 4 - Direct Plan - Dividend;INF209KB1IU1;;11.89;11.89;11.89;07-Jul-2015
130728;Aditya Birla Sun Life Emerging Leaders Fund - Series 4 - Direct Plan - Growth;INF209KB1IT3;;11.89;11.89;11.89;07-Jul-2015
130729;Aditya Birla Sun Life Emerging Leaders Fund - Series 4 - Regular Plan - Dividend;INF209KB1IW7;;11.84;11.84;11.84;07-Jul-2015
130730;Aditya Birla Sun Life Emerging Leaders Fund - Series 4 - Regular Plan - Growth;INF209KB1IV9;;11.84;11.84;11.84;07-Jul-2015
133297;Aditya Birla Sun Life Emerging Leaders Fund - Series 5 - Direct Plan - Dividend;INF209KA1WI8;;10.08;10.08;10.08;07-Jul-2015
133298;Aditya Birla Sun Life Emerging Leaders Fund - Series 5 - Direct Plan - Growth;INF209KA1WH0;;10.08;10.08;10.08;07-Jul-2015
133299;Aditya Birla Sun Life Emerging Leaders Fund - Series 5 - Regular Plan - Dividend;INF209KA1WG2;;10.03;10.03;10.03;07-Jul-2015
133300;Aditya Birla Sun Life Emerging Leaders Fund - Series 5 - Regular Plan - Growth;INF209KA1WF4;;10.03;10.03;10.03;07-Jul-2015
134392;Aditya Birla Sun Life Emerging Leaders Fund - Series 6 - Direct Plan-Dividend;INF209KA1K21;;10.66;10.66;10.66;07-Jul-2015
134391;Aditya Birla Sun Life Emerging Leaders Fund - Series 6 - Direct Plan-Growth;INF209KA1K13;;10.66;10.66;10.66;07-Jul-2015
134389;Aditya Birla Sun Life Emerging Leaders Fund - Series 6 - Regular Plan-Dividend;INF209KA1K05;;10.64;10.64;10.64;07-Jul-2015
134390;Aditya Birla Sun Life Emerging Leaders Fund - Series 6 - Regular Plan-Growth;INF209KA1J99;;10.64;10.64;10.64;07-Jul-2015
126637;Aditya Birla Sun Life Focused Equity Fund - Series 1 - Direct Plan-Dividend;INF209KA1805;;14.63;14.63;14.63;07-Jul-2015
126639;Aditya Birla Sun Life Focused Equity Fund - Series 1 - Direct Plan-Growth;INF209KA1797;;15.32;15.32;15.32;07-Jul-2015
126640;Aditya Birla Sun Life Focused Equity Fund - Series 1 - Regular Plan-Dividend;INF209KA1789;;14.56;14.56;14.56;07-Jul-2015
126638;Aditya Birla Sun Life Focused Equity Fund - Series 1 - Regular Plan-Growth;INF209KA1771;;15.24;15.24;15.24;07-Jul-2015
127918;Aditya Birla Sun Life Focused Equity Fund - Series 2 - Direct Plan-Dividend;INF209KA1DI8;;14.05;14.05;14.05;07-Jul-2015
127919;Aditya Birla Sun Life Focused Equity Fund - Series 2 - Direct Plan-Growth;INF209KA1DH0;;14.78;14.78;14.78;07-Jul-2015
127920;Aditya Birla Sun Life Focused Equity Fund - Series 2 - Regular Plan-Dividend;INF209KA1DG2;;13.99;13.99;13.99;07-Jul-2015
127921;Aditya Birla Sun Life Focused Equity Fund - Series 2 - Regular Plan-Growth;INF209KA1DF4;;14.72;14.72;14.72;07-Jul-2015
131528;Aditya Birla Sun Life Focused Equity Fund - Series 3 - Direct Plan - Dividend;INF209KA1RU3;;11.10;11.10;11.10;07-Jul-2015
131526;Aditya Birla Sun Life Focused Equity Fund - Series 3 - Direct Plan - Growth;INF209KA1RT5;;11.10;11.10;11.10;07-Jul-2015
131525;Aditya Birla Sun Life Focused Equity Fund - Series 3 - Regular Plan - Dividend;INF209KA1RS7;;11.02;11.02;11.02;07-Jul-2015
131527;Aditya Birla Sun Life Focused Equity Fund - Series 3 - Regular Plan - Growth;INF209KA1RR9;;11.02;11.02;11.02;07-Jul-2015
133103;Aditya Birla Sun Life Focused Equity Fund - Series 4 - Direct Plan - Dividend;INF209KA1UO0;;10.68;10.68;10.68;07-Jul-2015
133105;Aditya Birla Sun Life Focused Equity Fund - Series 4 - Direct Plan - Growth;INF209KA1UN2;;10.68;10.68;10.68;07-Jul-2015
133104;Aditya Birla Sun Life Focused Equity Fund - Series 4 - Regular Plan - Dividend;INF209KA1UM4;;10.62;10.62;10.62;07-Jul-2015
133102;Aditya Birla Sun Life Focused Equity Fund - Series 4 - Regular Plan - Growth;INF209KA1UL6;;10.62;10.62;10.62;07-Jul-2015
133899;Aditya Birla Sun Life Focused Equity Fund - Series 5 - Direct Plan - Dividend;INF209KA1B89;;10.14;10.14;10.14;07-Jul-2015
133897;Aditya Birla Sun Life Focused Equity Fund - Series 5 - Direct Plan - Growth;INF209KA1B71;;10.14;10.14;10.14;07-Jul-2015
133898;Aditya Birla Sun Life Focused Equity Fund - Series 5 - Regular Plan - Dividend;INF209KA1B63;;10.10;10.10;10.10;07-Jul-2015
133896;Aditya Birla Sun Life Focused Equity Fund - Series 5 - Regular Plan - Growth;INF209KA1B55;;10.10;10.10;10.10;07-Jul-2015
121352;Aditya Birla Sun Life Rajiv Gandhi Equity Savings Scheme - Series 1 - Direct Plan - Dividend;INF209K01F33;;15.25;15.17;15.25;07-Jul-2015
121354;Aditya Birla Sun Life Rajiv Gandhi Equity Savings Scheme - Series 1 - Direct Plan-Growth;INF209K01F25;;16.88;16.80;16.88;07-Jul-2015
121356;Aditya Birla Sun Life Rajiv Gandhi Equity Savings Scheme - Series 1 - Regular Plan - Dividend;INF209K01F17;;14.94;14.87;14.94;07-Jul-2015
121357;Aditya Birla Sun Life Rajiv Gandhi Equity Savings Scheme - Series 1 - Regular Plan-Growth;INF209K01F09;;16.68;16.60;16.68;07-Jul-2015

Bandhan Mutual Fund
122077;IDFC Equity Opportunity- S 1 (3 years)-  Regular Plan-Dividend;INF194K012N1;;11.0847;11.0847;11.0847;07-Jul-2015
122076;IDFC Equity Opportunity- S 1 (3 years)- Direct Plan-Dividend;INF194K01I45;;11.3491;11.3491;11.3491;07-Jul-2015
126472;IDFC EOS 2 ( 3 years) - Direct Plan_Dividend;INF194KA1FS9;;12.3090;12.3090;12.3090;07-Jul-2015
126471;IDFC EOS 2 ( 3 years) - Regular Plan_Dividend;INF194KA1FU5;;12.0652;12.0652;12.0652;07-Jul-2015
126481;IDFC EO S3 ( 21 Months)_Direct Plan_Dividend;INF194KA1IQ7;;13.6544;13.6544;13.6544;07-Jul-2015
126482;IDFC EO S3 ( 21 Months)_Regular Plan_Dividend;INF194KA1IS3;;13.4230;13.4230;13.4230;07-Jul-2015

Baroda BNP Paribas Mutual Fund
133261;Baroda Pioneer Equity Trigger Fund-Series I-Plan A-Dividend Payout Option;INF955L01FI5;;10.35;10.35;10.35;07-Jul-2015
133260;Baroda Pioneer Equity Trigger Fund-Series I-Plan A-Growth Option;INF955L01FH7;;10.35;10.35;10.35;07-Jul-2015
133263;Baroda Pioneer Equity Trigger Fund-Series I-Plan B (Direct)-Dividend Payout;INF955L01FK1;;10.44;10.44;10.44;07-Jul-2015
133262;Baroda Pioneer Equity Trigger Fund-Series I-Plan B (Direct)-Growth;INF955L01FJ3;;10.44;10.44;10.44;07-Jul-2015

Canara Robeco Mutual Fund
132960;Canara Robeco India Opportunites - Regular Plan - Dividend Payout Option;INF760K01HJ5;;11.2100;11.2100;11.2100;07-Jul-2015
132962;Canara Robeco India Opportunities - Direct Plan - Dividend Payout Option;INF760K01HL1;;11.2400;11.2400;11.2400;07-Jul-2015
132961;Canara Robeco India opportunities - Direct Plan - Growth Option;INF760K01HK3;;11.2400;11.2400;11.2400;07-Jul-2015
132959;Canara Robeco India Opportunities - Regular Plan - Growth Option;INF760K01HI7;;11.2100;11.2100;11.2100;07-Jul-2015
134040;Canara Robeco India opportunities - Series 2 - Regular Plan - Dividend Option;INF760K01HT4;;10.4900;10.4900;10.4900;07-Jul-2015
134041;Canara Robeco India opportunities - Series 2 - Regular Plan - Growth Option;INF760K01HS6;;10.4900;10.4900;10.4900;07-Jul-2015
134039;Canara Robeco India Opportunities - Series 2- Direct Plan - Growth Option;INF760K01HQ0;;10.5000;10.5000;10.5000;07-Jul-2015
134038;Canara Robeco India Opportunities- Series 2 - Direct Plan - Dividend Option;INF760K01HR8;;10.5000;10.5000;10.5000;07-Jul-2015

Deutsche Mutual Fund
134000;DWS Large Cap Fund - Series 1 - Direct Plan - Dividend (Payout);INF223JA1AR0;;9.8103;9.8103;9.8103;07-Jul-2015
134001;DWS Large Cap Fund - Series 1 - Direct Plan - Growth;INF223JA1AS8;;9.8102;9.8102;9.8102;07-Jul-2015
134003;DWS Large Cap Fund - Series 1 - Regular Plan - Dividend (Payout);INF223JA1AP4;;9.7525;9.7525;9.7525;07-Jul-2015
134002;DWS Large Cap Fund - Series 1 - Regular Plan - Growth;INF223JA1AQ2;;9.7525;9.7525;9.7525;07-Jul-2015
134135;DWS Large Cap Fund - Series 2 - Direct Plan - Dividend (Payout);INF223JA1BI7;;9.8841;9.8841;9.8841;07-Jul-2015
134134;DWS Large Cap Fund - Series 2 - Direct Plan - Growth;INF223JA1BJ5;;9.8841;9.8841;9.8841;07-Jul-2015
134132;DWS Large Cap Fund - Series 2 - Regular Plan - Dividend (Payout);INF223JA1BG1;;9.8402;9.8402;9.8402;07-Jul-2015
134133;DWS Large Cap Fund - Series 2 - Regular Plan - Growth;INF223JA1BH9;;9.8402;9.8402;9.8402;07-Jul-2015
134416;DWS Large Cap Fund - Series 3 - Direct Plan - Dividend (Payout);INF223JA1FT5;;10.3816;10.3816;10.3816;07-Jul-2015
134413;DWS Large Cap Fund - Series 3 - Direct Plan - Growth;INF223JA1FU3;;10.3816;10.3816;10.3816;07-Jul-2015
134414;DWS Large Cap Fund - Series 3 - Regular Plan - Dividend (Payout);INF223JA1FS7;;10.3618;10.3618;10.3618;07-Jul-2015
134415;DWS Large Cap Fund - Series 3 - Regular Plan - Growth;INF223JA1FV1;;10.3618;10.3618;10.3618;07-Jul-2015
133143;DWS Mid Cap Fund - Series 1 - Direct Plan - Dividend (Payout);INF223JA1289;;11.8935;11.8935;11.8935;07-Jul-2015
133144;DWS Mid Cap Fund - Series 1 - Direct Plan - Growth;INF223JA1297;;11.8935;11.8935;11.8935;07-Jul-2015
133145;DWS Mid Cap Fund - Series 1 - Regular Plan - Dividend (Payout);INF223JA1263;;11.771;11.771;11.771;07-Jul-2015
133146;DWS Mid Cap Fund - Series 1 - Regular Plan - Growth;INF223JA1271;;11.7739;11.7739;11.7739;07-Jul-2015

DSP Mutual Fund
121032;DSP BlackRock RGESS Fund - Series 1  - Direct Plan - Growth Option;INF740K01RU3;;15.4040;15.4040;15.4040;07-Jul-2015
121030;DSP BlackRock RGESS Fund - Series 1  - Regular Plan - Dividend Payout Option;INF740K01RT5;;15.2277;15.2277;15.2277;07-Jul-2015
121029;DSP BlackRock RGESS Fund - Series 1 - Direct Plan - Dividend Payout Option;INF740K01RV1;;15.4040;15.4040;15.4040;07-Jul-2015
121031;DSP BlackRock RGESS Fund - Series 1 - Regular Plan - Growth Option;INF740K01RS7;;15.2277;15.2277;15.2277;07-Jul-2015
131483;DSP 3 Years Close Ended Equity Fund - Direct Plan - Dividend (Maturity Date 4-Jan-2021);INF740KA1DB9;;10.481;10.481;10.481;07-Jul-2015
131484;DSP 3 Years Close Ended Equity Fund - Direct Plan - Growth (Maturity Date 4-Jan-2021);INF740KA1DA1;;10.481;10.481;10.481;07-Jul-2015
131485;DSP 3 Years Close Ended Equity Fund - Regular Plan - Dividend (Maturity Date 4-Jan-2021);INF740KA1CZ0;;10.453;10.453;10.453;07-Jul-2015
131482;DSP 3 Years Close Ended Equity Fund - Regular Plan - Growth (Maturity Date 4-Jan-2021);INF740KA1CY3;;10.453;10.453;10.453;07-Jul-2015

HDFC Mutual Fund
133528;HDFC FOCUSED EQUITY FUND - Direct Plan - Dividend Option;INF179KA1T76;;9.991;0.000;0.000;07-Jul-2015
133529;HDFC FOCUSED EQUITY FUND - Direct Plan - Growth Option;INF179KA1T68;;9.991;0.000;0.000;07-Jul-2015
133526;HDFC FOCUSED EQUITY FUND - Regular Plan - Dividend Option;INF179KA1T92;;9.973;0.000;0.000;07-Jul-2015
133527;HDFC FOCUSED EQUITY FUND - Regular Plan - Growth Option;INF179KA1T84;;9.973;0.000;0.000;07-Jul-2015
134334;HDFC Focused Equity Fund - Plan B - Direct Plan - Growth Option;INF179KA16O1;;10.510;0.000;0.000;07-Jul-2015
134333;HDFC Focused Equity Fund - Plan B - Direct Plan-  Dividend Option;INF179KA17O9;;10.510;0.000;0.000;07-Jul-2015
134335;HDFC Focused Equity Fund - Plan B - Regular Plan - Dividend Option;INF179KA19O5;;10.501;0.000;0.000;07-Jul-2015
134336;HDFC Focused Equity Fund - Plan B - Regular Plan - Growth Option;INF179KA18O7;;10.501;0.000;0.000;07-Jul-2015
121266;HDFC Rajiv Gandhi Equity Savings Scheme - Series 1 - February 2013-Direct Plan-Dividend Option;INF179K01E97;;14.768;0.000;0.000;07-Jul-2015
121265;HDFC Rajiv Gandhi Equity Savings Scheme - Series 1 - February 2013-Direct Plan-Growth Option;INF179K01E89;;16.036;0.000;0.000;07-Jul-2015
121264;HDFC Rajiv Gandhi Equity Savings Scheme - Series 1 - February 2013-Regular Plan-Dividend Option;INF179K01E71;;14.589;0.000;0.000;07-Jul-2015
121263;HDFC Rajiv Gandhi Equity Savings Scheme - Series 1 - February 2013-Regular Plan-Growth Option;INF179K01E63;;15.855;0.000;0.000;07-Jul-2015
126893;HDFC Rajiv Gandhi Equity Savings Scheme - Series 2 - Direct Plan - Dividend Option;INF179KA1BQ1;;14.218;0.000;0.000;07-Jul-2015
126895;HDFC Rajiv Gandhi Equity Savings Scheme - Series 2 - Direct Plan - Growth Option;INF179KA1BP3;;14.218;0.000;0.000;07-Jul-2015
126896;HDFC Rajiv Gandhi Equity Savings Scheme - Series 2 - Regular Plan - Dividend Option;INF179KA1BO6;;14.125;0.000;0.000;07-Jul-2015
126894;HDFC Rajiv Gandhi Equity Savings Scheme - Series 2 - Regular Plan - Growth Option;INF179KA1BN8;;14.125;0.000;0.000;07-Jul-2015

ICICI Prudential Mutual Fund
126677;ICICI Prudential Equity Savings Fund - Series 1  - Dividend;INF109KA1LK8;;13.00;N.A.;N.A.;07-Jul-2015
126675;ICICI Prudential Equity Savings Fund - Series 1 - Cumulative;INF109KA1LJ0;;18.19;N.A.;N.A.;07-Jul-2015
126676;ICICI Prudential Equity Savings Fund - Series 1 Direct Plan - Cumulative;INF109KA1LL6;;18.50;N.A.;N.A.;07-Jul-2015
126678;ICICI Prudential Equity Savings Fund - Series 1 Direct Plan - Dividend;INF109KA1LM4;;13.26;N.A.;N.A.;07-Jul-2015
130003;ICICI Prudential Growth Fund- Series 1 Direct Dividend;INF109KB12R8;;13.05;N.A.;N.A.;07-Jul-2015
130004;ICICI Prudential Growth Fund- Series 1 Dividend;INF109KB13R6;;12.83;N.A.;N.A.;07-Jul-2015
130593;ICICI Prudential Growth Fund - Series 2 Direct Dividend;INF109KC1796;;12.37;N.A.;N.A.;07-Jul-2015
130594;ICICI Prudential Growth Fund - Series 2 Dividend;INF109KC1804;;12.18;N.A.;N.A.;07-Jul-2015
131317;ICICI Prudential Growth Fund - Series 3 Direct IDCW;INF109KA1S17;;11.27;N.A.;N.A.;07-Jul-2015
131318;ICICI Prudential Growth Fund - Series 3 IDCW;INF109KA1S09;;11.13;N.A.;N.A.;07-Jul-2015
131545;ICICI Prudential Growth Fund - Series 4 Direct Dividend;INF109KA1Y76;;11.27;N.A.;N.A.;07-Jul-2015
131546;ICICI Prudential Growth Fund - Series 4 Dividend;INF109KA1Y68;;11.16;N.A.;N.A.;07-Jul-2015
133128;ICICI Prudential Growth Fund - Series 5 Direct Dividend;INF109KA13K3;;10.65;N.A.;N.A.;07-Jul-2015
133129;ICICI Prudential Growth Fund - Series 5 Dividend;INF109KA12K5;;10.56;N.A.;N.A.;07-Jul-2015
133274;ICICI Prudential Growth Fund - Series 6  Dividend;INF109KA14O3;;10.40;N.A.;N.A.;07-Jul-2015
133275;ICICI Prudential Growth Fund - Series 6 Direct Dividend;INF109KA15O0;;10.49;N.A.;N.A.;07-Jul-2015
133425;ICICI Prudential Growth Fund - Series 7  Dividend;INF109KA18P1;;10.85;N.A.;N.A.;07-Jul-2015
133426;ICICI Prudential Growth Fund - Series 7 Direct Dividend;INF109KA19P9;;10.92;N.A.;N.A.;07-Jul-2015
133468;ICICI Prudential Growth Fund - Series 8  Dividend;INF109KA19R5;;9.67;N.A.;N.A.;07-Jul-2015
133467;ICICI Prudential Growth Fund - Series 8 Direct Dividend;INF109KA10S2;;9.73;N.A.;N.A.;07-Jul-2015
133965;ICICI Prudential India Recovery Fund - Series 1 Direct Dividend;INF109KB1128;;10.21;N.A.;N.A.;07-Jul-2015
133966;ICICI Prudential India Recovery Fund - Series 1 Dividend;INF109KB1110;;10.17;N.A.;N.A.;07-Jul-2015
134043;ICICI Prudential India Recovery Fund - Series 2 Direct Dividend;INF109KB1300;;10.43;N.A.;N.A.;07-Jul-2015
134042;ICICI Prudential India Recovery Fund - Series 2 Dividend;INF109KB1292;;10.38;N.A.;N.A.;07-Jul-2015
124842;ICICI Prudential Value Fund - Series 1 - Direct Dividend;INF109KB1J57;;15.18;N.A.;N.A.;07-Jul-2015
124843;ICICI Prudential Value Fund - Series 1 -Dividend;INF109KB1J40;;14.89;N.A.;N.A.;07-Jul-2015
125410;ICICI Prudential Value Fund - Series 2 - Direct Dividend;INF109KB1L38;;15.37;N.A.;N.A.;07-Jul-2015
125411;ICICI Prudential Value Fund - Series 2 - Dividend;INF109KB1L20;;15.08;N.A.;N.A.;07-Jul-2015
127628;ICICI Prudential Value Fund - Series 3 - Direct Dividend;INF109KA1OE5;;13.44;N.A.;N.A.;07-Jul-2015
127629;ICICI Prudential Value Fund - Series 3 - Dividend;INF109KA1OD7;;13.23;N.A.;N.A.;07-Jul-2015
129229;ICICI Prudential Value Fund - Series 4  Dividend;INF109KA1TQ8;;12.64;N.A.;N.A.;07-Jul-2015
129235;ICICI Prudential Value Fund - Series 4 Cumulative Option;INF109KA1TP0;;17.30;N.A.;N.A.;07-Jul-2015
129234;ICICI Prudential Value Fund - Series 4 Direct Plan Cumulative Option;INF109KA1TR6;;17.46;N.A.;N.A.;07-Jul-2015
129228;ICICI Prudential Value Fund - Series 4 Direct Plan Dividend;INF109KA1TS4;;12.78;N.A.;N.A.;07-Jul-2015
130987;ICICI Prudential Value Fund - Series 5  Cumulative Option;INF109KA1J00;;11.37;N.A.;N.A.;07-Jul-2015
130988;ICICI Prudential Value Fund - Series 5 Direct Plan Cumulative Option;INF109KA1J26;;11.48;N.A.;N.A.;07-Jul-2015
130986;ICICI Prudential Value Fund - Series 5 Direct Plan Dividend Option;INF109KA1J34;;10.73;N.A.;N.A.;07-Jul-2015
130985;ICICI Prudential Value Fund - Series 5 Dividend Option;INF109KA1J18;;10.62;N.A.;N.A.;07-Jul-2015
134192;ICICI Prudential Value Fund - Series 6  Cumulative Option;INF109KB1557;;9.76;N.A.;N.A.;07-Jul-2015
134191;ICICI Prudential Value Fund - Series 6  Dividend Option;INF109KB1565;;9.76;N.A.;N.A.;07-Jul-2015
134189;ICICI Prudential Value Fund - Series 6 Direct Plan Cumulative Option;INF109KB1573;;9.79;N.A.;N.A.;07-Jul-2015
134190;ICICI Prudential Value Fund - Series 6 Direct Plan Dividend Option;INF109KB1581;;9.79;N.A.;N.A.;07-Jul-2015
134657;ICICI Prudential Value Fund - Series 7 Direct Plan Dividend Option;INF109KB1EW7;;10.55;N.A.;N.A.;07-Jul-2015
134656;ICICI Prudential Value Fund - Series 7 Dividend Option;INF109KB1EU1;;10.55;N.A.;N.A.;07-Jul-2015

IDBI Mutual Fund
121085;IDBI RGESS-Series-I(Plan A) Dividend-Direct;INF397L01CG1;;16.5600;16.5600;16.5600;07-Jul-2015
121083;IDBI RGESS-Series-I(Plan A) Dividend-Regular;INF397L01CH9;;16.3700;16.3700;16.3700;07-Jul-2015
121086;IDBI RGESS-Series-I(Plan A) Growth-Direct;INF397L01CK3;;16.5600;16.5600;16.5600;07-Jul-2015
121084;IDBI RGESS-Series-I(Plan A) Growth-Regular;INF397L01CL1;;16.3700;16.3700;16.3700;07-Jul-2015

Kotak Mahindra Mutual Fund
134568;Kotak India Gorwth Fund - Series I - Direct Plan - Dividend;INF174K01P57;;10.3972;10.3972;10.3972;07-Jul-2015
134567;Kotak India Gorwth Fund - Series I - Direct Plan - Growth;INF174K01P40;;10.3972;10.3972;10.3972;07-Jul-2015
134566;Kotak India Gorwth Fund - Series I - Regular Plan - Dividend;INF174K01P32;;10.3871;10.3871;10.3871;07-Jul-2015
134565;Kotak India Gorwth Fund - Series I - Regular Plan - Growth;INF174K01P24;;10.3871;10.3871;10.3871;07-Jul-2015

LIC Mutual Fund
131047;LIC MF Diversified Equity Fund-Series 1-Direct Plan-Dividend Payout;INF767K01LN4;;10.6600;10.6600;10.6600;07-Jul-2015
131048;LIC MF Diversified Equity Fund-Series 1-Direct Plan-Growth;INF767K01LO2;;10.6600;10.6600;10.6600;07-Jul-2015
131049;LIC MF Diversified Equity Fund-Series 1-Regular Plan-Dividend Payout;INF767K01LL8;;10.5897;10.5897;10.5897;07-Jul-2015
131050;LIC MF Diversified Equity Fund-Series 1-Regular Plan-Growth;INF767K01LM6;;10.5897;10.5897;10.5897;07-Jul-2015
132913;LIC MF Diversified Equity Fund-Series 2-Direct Plan-Dividend Payout;INF767K01ML6;;10.1109;10.1109;10.1109;07-Jul-2015
132916;LIC MF Diversified Equity Fund-Series 2-Direct Plan-Growth;INF767K01MM4;;10.1110;10.1110;10.1110;07-Jul-2015
132914;LIC MF Diversified Equity Fund-Series 2-Regular Plan-Dividend Payout;INF767K01MJ0;;10.0807;10.0807;10.0807;07-Jul-2015
132915;LIC MF Diversified Equity Fund-Series 2-Regular Plan-Growth;INF767K01MK8;;10.0807;10.0807;10.0807;07-Jul-2015
127898;LIC MF RAJIV GANDHI EQUITY SAVINGS SCHEME 2- DIRECT PLAN - DIVIDEND PAYOUT;INF767K01BS4;;13.1901;13.0582;13.1901;07-Jul-2015
127899;LIC MF RAJIV GANDHI EQUITY SAVINGS SCHEME 2- DIRECT PLAN - GROWTH;INF767K01BR6;;13.6945;13.5576;13.6945;07-Jul-2015
127901;LIC MF RAJIV GANDHI EQUITY SAVINGS SCHEME 2- REGULAR PLAN - DIVIDEND PAYOUT;INF767K01BQ8;;13.1038;12.9728;13.1038;07-Jul-2015
127900;LIC MF RAJIV GANDHI EQUITY SAVINGS SCHEME 2- REGULAR PLAN - GROWTH;INF767K01BP0;;13.6067;13.4706;13.6067;07-Jul-2015
133550;LIC MF Rajiv Gandhi Equity Savings Scheme-Series 3-Direct Plan-Dividend Payout;INF767K01MY9;;9.7789;9.7789;9.7789;07-Jul-2015
133581;LIC MF Rajiv Gandhi Equity Savings Scheme-Series 3-Direct Plan-Growth;INF767K01MZ6;;9.7791;9.7791;9.7791;07-Jul-2015
133582;LIC MF Rajiv Gandhi Equity Savings Scheme-Series 3-Regular Plan-Dividend Payout;INF767K01MW3;;9.7771;9.7771;9.7771;07-Jul-2015
133583;LIC MF Rajiv Gandhi Equity Savings Scheme-Series 3-Regular Plan-Growth;INF767K01MX1;;9.7770;9.7770;9.7770;07-Jul-2015
121251;LIC NOMURA MF RGESS FUND Series 1  Dividend Option;INF767K01BU0;;14.9175;14.7683;14.9175;07-Jul-2015
121253;LIC NOMURA MF RGESS FUND Series 1 Direct Dividend Option;INF767K01BW6;;15.1012;14.9502;15.1012;07-Jul-2015
121254;LIC NOMURA MF RGESS FUND Series 1 Direct Growth Option;INF767K01BV8;;16.4108;16.2467;16.4108;07-Jul-2015
121252;LIC NOMURA MF RGESS FUND Series 1 Growth Option;INF767K01BT2;;16.2227;16.0605;16.2227;07-Jul-2015

Nippon India Mutual Fund
133311;Reliance Capital Builder Fund II - Series B - Direct Plan - Dividend Payout Option;INF204KA1ZJ4;;10.2189;10.2189;10.2189;07-Jul-2015
133310;Reliance Capital Builder Fund II - Series B - Direct Plan - Growth Option;INF204KA1ZI6;;10.2189;10.2189;10.2189;07-Jul-2015
133309;Reliance Capital Builder Fund II - Series B - Dividend Payout Option;INF204KA1ZH8;;10.1503;10.1503;10.1503;07-Jul-2015
133308;Reliance Capital Builder Fund II - Series B - Growth Option;INF204KA1ZG0;;10.1503;10.1503;10.1503;07-Jul-2015
133883;Reliance Capital Builder Fund II - Series C - Direct Plan - Dividend Payout Option;INF204KA1F86;;10.3316;10.3316;10.3316;07-Jul-2015
133882;Reliance Capital Builder Fund II - Series C - Direct Plan - Growth Option;INF204KA1F78;;10.3316;10.3316;10.3316;07-Jul-2015
133885;Reliance Capital Builder Fund II - Series C - Dividend Payout Option;INF204KA1F60;;10.2876;10.2876;10.2876;07-Jul-2015
133884;Reliance Capital Builder Fund II - Series C - Growth Option;INF204KA1F52;;10.2876;10.2876;10.2876;07-Jul-2015
133131;Reliance Capital Builder Fund II- Series A- Direct Plan-Dividend Payout Option;INF204KA1YL3;;10.8104;10.8104;10.8104;07-Jul-2015
133132;Reliance Capital Builder Fund II- Series A- Direct Plan-Growth Option;INF204KA1YK5;;10.8104;10.8104;10.8104;07-Jul-2015
133133;Reliance Capital Builder Fund II- Series A- Dividend Payout Option;INF204KA1YJ7;;10.7786;10.7786;10.7786;07-Jul-2015
133134;Reliance Capital Builder Fund II- Series A- Growth Option;INF204KA1YI9;;10.7786;10.7786;10.7786;07-Jul-2015
134772;Reliance Capital Builder Fund III - Series A - Direct Plan - Dividend Payout Option;INF204KA16D0;;10.2375;10.2375;10.2375;07-Jul-2015
134773;Reliance Capital Builder Fund III - Series A - Direct Plan - Growth Option;INF204KA15D2;;10.2375;10.2375;10.2375;07-Jul-2015
134775;Reliance Capital Builder Fund III - Series A - Dividend Payout Option;INF204KA14D5;;10.2340;10.2340;10.2340;07-Jul-2015
134774;Reliance Capital Builder Fund III - Series A - Growth Option;INF204KA13D7;;10.2340;10.2340;10.2340;07-Jul-2015
130652;Reliance Capital Builder Fund- Series A- Direct Plan- Dividend Payout Opotion;INF204KA1RY0;;12.0523;12.0523;12.0523;07-Jul-2015
130651;Reliance Capital Builder Fund- Series A- Direct Plan- Growth Option;INF204KA1RX2;;12.0523;12.0523;12.0523;07-Jul-2015
130650;Reliance Capital Builder Fund- Series A- Dividend Payout Option;INF204KA1RW4;;11.9672;11.9672;11.9672;07-Jul-2015
130653;Reliance Capital Builder Fund- Series A- Growth Option;INF204KA1RV6;;11.9672;11.9672;11.9672;07-Jul-2015
130880;Reliance Capital Builder Fund- Series B- Direct Plan- Dividend Payout Option;INF204KA1SW2;;11.2464;11.2464;11.2464;07-Jul-2015
130879;Reliance Capital Builder Fund- Series B- Direct Plan- Growth Opiton;INF204KA1SV4;;11.2464;11.2464;11.2464;07-Jul-2015
130881;Reliance Capital Builder Fund- Series B- Dividend Payout Option;INF204KA1SU6;;11.1068;11.1068;11.1068;07-Jul-2015
130878;Reliance Capital Builder Fund- Series B- Growth Option;INF204KA1ST8;;11.1068;11.1068;11.1068;07-Jul-2015
131272;Reliance Capital Builder Fund- Series C- Direct Plan- Dividend Payout Option;INF204KA1UE6;;11.6911;11.6911;11.6911;07-Jul-2015
131271;Reliance Capital Builder Fund- Series C- Direct Plan- Growth Option;INF204KA1UD8;;11.6911;11.6911;11.6911;07-Jul-2015
131269;Reliance Capital Builder Fund- Series C- Dividend Payout Option;INF204KA1UC0;;11.5539;11.5539;11.5539;07-Jul-2015
131270;Reliance Capital Builder Fund- Series C- Growth Option;INF204KA1UB2;;11.5539;11.5539;11.5539;07-Jul-2015
125273;Reliance Close Ended Equity Fund - Series A - Direct Plan - Dividend Payout Option;INF204K018R7;;15.8657;15.8657;15.8657;07-Jul-2015
125271;Reliance Close Ended Equity Fund - Series A - Direct Plan - Growth Option;INF204K017R9;;18.5703;18.5703;18.5703;07-Jul-2015
125272;Reliance Close Ended Equity Fund - Series A - Dividend Payout Option;INF204K016R1;;15.5096;15.5096;15.5096;07-Jul-2015
125270;Reliance Close Ended Equity Fund - Series A - Growth Option;INF204K015R3;;18.1958;18.1958;18.1958;07-Jul-2015
125889;Reliance Close Ended Equity Fund - Series B - Direct Plan - Dividend Payout Option;INF204K012S8;;15.5392;15.5392;15.5392;07-Jul-2015
125888;Reliance Close Ended Equity Fund - Series B - Direct Plan - Growth Option;INF204K011S0;;18.2185;18.2185;18.2185;07-Jul-2015
125890;Reliance Close Ended Equity Fund - Series B - Dividend Payout Option;INF204K010S2;;15.2075;15.2075;15.2075;07-Jul-2015
125887;Reliance Close Ended Equity Fund - Series B - Growth Option;INF204K019R5;;17.8685;17.8685;17.8685;07-Jul-2015
129572;Reliance Close Ended Equity Fund II- Series A- Direct Plan- Dividend Payout Option;INF204KA1OW1;;13.7099;13.7099;13.7099;07-Jul-2015
129571;Reliance Close Ended Equity Fund II- Series A- Direct Plan- Growth Option;INF204KA1OV3;;13.7099;13.7099;13.7099;07-Jul-2015
129573;Reliance Close Ended Equity Fund II- Series A- Dividend Payout Option;INF204KA1OU5;;13.5175;13.5175;13.5175;07-Jul-2015
129574;Reliance Close Ended Equity Fund II- Series A- Growth Option;INF204KA1OT7;;13.5175;13.5175;13.5175;07-Jul-2015

SBI Mutual Fund
131339;SBI EQUITY OPPORTUNITIES FUND - SERIES I - DIRECT PLAN - DIVIDEND;INF200K017S1;;12.354;N.A.;N.A.;07-Jul-2015
131338;SBI EQUITY OPPORTUNITIES FUND - SERIES I - DIRECT PLAN - GROWTH;INF200K016S3;;12.3475;N.A.;N.A.;07-Jul-2015
131337;SBI EQUITY OPPORTUNITIES FUND - SERIES I - REGULAR PLAN - DIVIDEND;INF200K015S5;;12.3192;N.A.;N.A.;07-Jul-2015
131336;SBI EQUITY OPPORTUNITIES FUND - SERIES I - REGULAR PLAN - GROWTH;INF200K014S8;;12.3193;N.A.;N.A.;07-Jul-2015
133109;SBI EQUITY OPPORTUNITIES FUND - SERIES II - DIRECT PLAN - DIVIDEND;INF200K011Z9;;11.0115;N.A.;N.A.;07-Jul-2015
133108;SBI EQUITY OPPORTUNITIES FUND - SERIES II - DIRECT PLAN - GROWTH;INF200K010Z1;;11.0124;N.A.;N.A.;07-Jul-2015
133107;SBI EQUITY OPPORTUNITIES FUND - SERIES II - REGULAR PLAN - DIVIDEND;INF200K019Y5;;10.9913;N.A.;N.A.;07-Jul-2015
133106;SBI EQUITY OPPORTUNITIES FUND - SERIES II - REGULAR PLAN - GROWTH;INF200K018Y7;;10.9916;N.A.;N.A.;07-Jul-2015

Sundaram Mutual Fund
125777;Sundaram Select Micro Cap Series I - Direct Plan - Dividend Option;INF903J01YN0;;17.0705;17.0705;17.0705;07-Jul-2015
125778;Sundaram Select Micro Cap Series I - Direct Plan - Growth Option;INF903J01YM2;;26.1034;26.1034;26.1034;07-Jul-2015
125776;Sundaram Select Micro Cap Series I - Regular Plan - Dividend Option;INF903J01YL4;;16.5447;16.5447;16.5447;07-Jul-2015
125775;Sundaram Select Micro Cap Series I - Regular Plan - Growth Option;INF903J01YK6;;25.4740;25.4740;25.4740;07-Jul-2015
126407;Sundaram Select Micro Cap Series II - Direct Plan - Dividend Option;INF903J01ZB2;;16.9513;16.9513;16.9513;07-Jul-2015
126408;Sundaram Select Micro Cap Series II - Direct Plan - Growth Option;INF903J01ZA4;;25.9722;25.9722;25.9722;07-Jul-2015
126409;Sundaram Select Micro Cap Series II - Regular Plan - Dividend Option;INF903J01YZ4;;16.4593;16.4593;16.4593;07-Jul-2015
126410;Sundaram Select Micro Cap Series II - Regular Plan - Growth Option;INF903J01YY7;;25.3682;25.3682;25.3682;07-Jul-2015
126847;Sundaram Select Micro Cap Series III - Direct Plan - Dividend Option;INF903J01ZX6;;16.6181;16.6181;16.6181;07-Jul-2015
126848;Sundaram Select Micro Cap Series III - Direct Plan - Growth Option;INF903J01ZW8;;25.4618;25.4618;25.4618;07-Jul-2015
126845;Sundaram Select Micro Cap Series III - Regular Plan - Dividend Option;INF903J01ZV0;;16.1568;16.1568;16.1568;07-Jul-2015
126846;Sundaram Select Micro Cap Series III - Regular Plan - Growth Option;INF903J01ZU2;;24.9017;24.9017;24.9017;07-Jul-2015
127668;Sundaram Select Micro Cap Series IV - Direct Plan - Dividend Option;INF903J01A14;;15.2628;15.2628;15.2628;07-Jul-2015
127669;Sundaram Select Micro Cap Series IV - Direct Plan - Growth Option;INF903J01A06;;24.1412;24.1412;24.1412;07-Jul-2015
127670;Sundaram Select Micro Cap Series IV - Regular Plan - Dividend Option;INF903J01ZZ1;;14.8547;14.8547;14.8547;07-Jul-2015
127671;Sundaram Select Micro Cap Series IV - Regular Plan - Growth Option;INF903J01ZY4;;23.6355;23.6355;23.6355;07-Jul-2015
131003;Sundaram Select Micro Cap Series V - Direct Plan Growth Option;INF903J01R23;;13.8440;13.8440;13.8440;07-Jul-2015
131004;Sundaram Select Micro Cap Series V - Regular Plan Dividend Option;INF903J01R15;;13.0883;13.0883;13.0883;07-Jul-2015
131002;Sundaram Select Micro Cap Series V- Direct Plan Dividend Option;INF903J01R31;;13.3069;13.3069;13.3069;07-Jul-2015
131005;Sundaram Select Micro Cap Series V- Regular Plan Growth Option;INF903J01R07;;13.6233;13.6233;13.6233;07-Jul-2015
131335;Sundaram Select Micro Cap Series VI Direct Dividend Payout;INF903J01U77;;12.2676;12.2676;12.2676;07-Jul-2015
131334;Sundaram Select Micro Cap Series VI Direct Growth;INF903J01U69;;12.2676;12.2676;12.2676;07-Jul-2015
131333;Sundaram Select Micro Cap Series VI Regular Dividend Payout;INF903J01U51;;12.0895;12.0895;12.0895;07-Jul-2015
131332;Sundaram Select Micro Cap Series VI Regular Growth;INF903J01U44;;12.0890;12.0890;12.0890;07-Jul-2015
131555;Sundaram Select Micro Cap Series VII - Direct Plan Growth Option;INF903J01W83;;12.1150;12.1150;12.1150;07-Jul-2015
131556;Sundaram Select Micro Cap Series VII - Regular Plan Dividend Option;INF903J01W75;;11.9686;11.9686;11.9686;07-Jul-2015
131557;Sundaram Select Micro Cap Series VII- Direct Plan Dividend Option;INF903J01W91;;12.1203;12.1203;12.1203;07-Jul-2015
131558;Sundaram Select Micro Cap Series VII- Regular Plan Growth Option;INF903J01W67;;11.9688;11.9688;11.9688;07-Jul-2015
132986;Sundaram Select Small Cap Series II Direct Dividend Payout;INF903J01X90;;10.9119;10.9119;10.9119;07-Jul-2015
132985;Sundaram Select Small Cap Series II Direct Growth;INF903J01X82;;10.9119;10.9119;10.9119;07-Jul-2015
132984;Sundaram Select Small Cap Series II Regular Dividend Payout;INF903J01X74;;10.7966;10.7966;10.7966;07-Jul-2015
132983;Sundaram Select Small Cap Series II Regular Growth;INF903J01X66;;10.7966;10.7966;10.7966;07-Jul-2015
134298;Sundaram Select Small Cap Series III Direct Dividend;INF903J019G5;;10.6146;10.6146;10.6146;07-Jul-2015
134297;Sundaram Select Small Cap Series III Direct Growth;INF903J018G7;;10.5982;10.5982;10.5982;07-Jul-2015
134296;Sundaram Select Small Cap Series III Regular Dividend;INF903J017G9;;10.5591;10.5591;10.5591;07-Jul-2015
134295;Sundaram Select Small Cap Series III Regular Growth;INF903J016G1;;10.5591;10.5591;10.5591;07-Jul-2015
134374;Sundaram Select Small Cap Series IV - Direct Dividend Payout;INF903J011K4;;10.5470;10.5470;10.5470;07-Jul-2015
134373;Sundaram Select Small Cap Series IV - Direct Growth;INF903J010K6;;10.5470;10.5470;10.5470;07-Jul-2015
134372;Sundaram Select Small Cap Series IV - Regular Dividend Payout;INF903J019J9;;10.5230;10.5230;10.5230;07-Jul-2015
134371;Sundaram Select Small Cap Series IV - Regular Growth;INF903J018J1;;10.5230;10.5230;10.5230;07-Jul-2015
129694;Sundaram Top 100 Series I Direct Plan Dividend Payout;INF903J01M51;;12.0274;12.0274;12.0274;07-Jul-2015
129693;Sundaram Top 100 Series I Direct Plan Growth;INF903J01M44;;12.5642;12.5642;12.5642;07-Jul-2015
129696;Sundaram Top 100 Series I Regular Plan Dividend Payout;INF903J01M36;;11.7728;11.7728;11.7728;07-Jul-2015
129695;Sundaram Top 100 Series I Regular Plan Growth;INF903J01M28;;12.3044;12.3044;12.3044;07-Jul-2015
129886;Sundaram Top 100 Series II Direct Plan Dividend Payout;INF903J01M93;;12.0109;12.0109;12.0109;07-Jul-2015
129887;Sundaram Top 100 Series II Direct Plan Growth;INF903J01M85;;12.0109;12.0109;12.0109;07-Jul-2015
129888;Sundaram Top 100 Series II Regular Plan Dividend Payout;INF903J01M77;;11.7770;11.7770;11.7770;07-Jul-2015
129889;Sundaram Top 100 Series II Regular Plan Growth;INF903J01M69;;11.7770;11.7770;11.7770;07-Jul-2015
130345;Sundaram Top 100 Series III Direct Plan Dividend Payout;INF903J01O59;;11.7696;11.7696;11.7696;07-Jul-2015
130346;Sundaram Top 100 Series III Direct Plan Growth;INF903J01O42;;11.7696;11.7696;11.7696;07-Jul-2015
130347;Sundaram Top 100 Series III Regular Plan Dividend Payout;INF903J01O34;;11.5633;11.5633;11.5633;07-Jul-2015
130348;Sundaram Top 100 Series III Regular Plan Growth;INF903J01O26;;11.5633;11.5633;11.5633;07-Jul-2015
133356;Sundaram Top 100 Series IV Direct Plan Dividend Payout;INF903J019A8;;10.4008;10.4008;10.4008;07-Jul-2015
133355;Sundaram Top 100 Series IV Direct Plan Growth;INF903J018A0;;10.4008;10.4008;10.4008;07-Jul-2015
133354;Sundaram Top 100 Series IV Regular Plan Dividend Payout;INF903J017A2;;10.3338;10.3338;10.3338;07-Jul-2015
133353;Sundaram Top 100 Series IV Regular Plan Growth;INF903J016A4;;10.3338;10.3338;10.3338;07-Jul-2015
133591;Sundaram Top 100 Series V Direct Plan Dividend Payout;INF903J011D9;;10.1188;10.1188;10.1188;07-Jul-2015
133590;Sundaram Top 100 Series V Direct Plan Growth;INF903J010D1;;10.1188;10.1188;10.1188;07-Jul-2015
133589;Sundaram Top 100 Series V Regular Plan Dividend Payout;INF903J019C4;;10.0805;10.0805;10.0805;07-Jul-2015
133588;Sundaram Top 100 Series V Regular Plan Growth;INF903J018C6;;10.0805;10.0805;10.0805;07-Jul-2015
133321;Sundaram Value Fund Series I Direct Dividend Payout;INF903J011A5;;11.0253;11.0253;11.0253;07-Jul-2015
133320;Sundaram Value Fund Series I Direct Growth;INF903J010A7;;11.0253;11.0253;11.0253;07-Jul-2015
133319;Sundaram Value Fund Series I Regular Dividend Payout;INF903J01Z98;;10.9497;10.9497;10.9497;07-Jul-2015
133318;Sundaram Value Fund Series I Regular Plan Growth;INF903J01Z80;;10.9497;10.9497;10.9497;07-Jul-2015
133560;Sundaram Value Fund Series II Direct Plan Dividend Payout;INF903J017C8;;10.7196;10.7196;10.7196;07-Jul-2015
133559;Sundaram Value Fund Series II Direct Plan Growth;INF903J016C0;;10.7196;10.7196;10.7196;07-Jul-2015
133558;Sundaram Value Fund Series II Regular Plan Dividend Payout;INF903J015C2;;10.6625;10.6625;10.6625;07-Jul-2015
133557;Sundaram Value Fund Series II Regular Plan Growth;INF903J014C5;;10.6625;10.6625;10.6625;07-Jul-2015
133117;Sundaram World brand Fund Series I Direct Plan Dividend Payout;INF903J01Y99;;10.1682;10.1682;10.1682;07-Jul-2015
133115;sundaram World Brand Fund Series I Direct Plan Growth;INF903J01Y81;;10.1682;10.1682;10.1682;07-Jul-2015
133116;Sundaram World Brand Fund Series I Regular Plan Dividend Payout;INF903J01Y73;;10.0699;10.0699;10.0699;07-Jul-2015
133114;Sundaram World Brand Fund Series I Regular Plan Growth;INF903J01Y65;;10.0699;10.0699;10.0699;07-Jul-2015
133121;Sundaram World Brand Fund Series II Direct Plan Dividend Payout;INF903J01Z31;;10.1741;10.1741;10.1741;07-Jul-2015
133120;Sundaram World Brand Fund Series II Direct Plan Growth;INF903J01Z23;;10.1741;10.1741;10.1741;07-Jul-2015
133119;Sundaram World Brand Fund Series II Regular Plan Dividend Payout;INF903J01Z15;;10.0802;10.0802;10.0802;07-Jul-2015
133118;Sundaram World Brand Fund Series II Regular Plan Growth;INF903J01Z07;;10.0802;10.0802;10.0802;07-Jul-2015
133242;Sundaram World Brand Fund Series III Direct Plan Dividend Payout;INF903J01Z72;;10.2971;10.2971;10.2971;07-Jul-2015
133241;Sundaram World Brand Fund Series III Direct Plan Growth;INF903J01Z64;;10.2971;10.2971;10.2971;07-Jul-2015
133243;Sundaram World Brand Fund Series III Regular Plan Dividend Payout;INF903J01Z56;;10.2086;10.2086;10.2086;07-Jul-2015
133240;Sundaram World Brand Fund Series III Regular Plan Growth;INF903J01Z49;;10.2086;10.2086;10.2086;07-Jul-2015

Union Mutual Fund
133834;Union Trigger Fund - Series 2 - Direct Plan - Growth Option;INF582M01CC5;;10.22;0.00;0.00;07-Jul-2015
133835;Union Trigger Fund - Series 2 - Regular Plan - Growth Option;INF582M01CD3;;10.19;0.00;0.00;07-Jul-2015

UTI Mutual Fund
131021;UTI Focussed Equity Fund Series - 1 (2195 Days) - Direct Plan - Dividend Option;INF789FC1Q55;;11.1707;0;0;07-Jul-2015
131019;UTI Focussed Equity Fund Series - 1 (2195 Days) - Direct Plan - Growth Option;INF789FC1Q63;;11.1707;0;0;07-Jul-2015
131020;UTI Focussed Equity Fund Series - 1 (2195 Days) - Regular Plan - Dividend Option;INF789FC1Q30;;11.0039;0;0;07-Jul-2015
131018;UTI Focussed Equity Fund Series - 1 (2195 Days) - Regular Plan - Growth Option;INF789FC1Q48;;11.004;0;0;07-Jul-2015
133257;UTI Focussed Equity Fund - Series II (1102 Days) - Dividend Option;INF789FA14T1;;10.1148;0;0;07-Jul-2015
133259;UTI Focussed Equity Fund - Series II (1102 Days) - Dividend Option - Direct;INF789FA16T6;;10.2112;0;0;07-Jul-2015
133256;UTI Focussed Equity Fund - Series II (1102 Days) - Growth Option;INF789FA15T8;;10.1148;0;0;07-Jul-2015
133258;UTI Focussed Equity Fund - Series II (1102 Days) - Growth Option - Direct;INF789FA17T4;;10.2112;0;0;07-Jul-2015
121173;UTI- Rajiv Gandhi Equity Saving Scheme - Dividend Option;INF789F01YQ4;;14.9;0;0;07-Jul-2015
121174;UTI- Rajiv Gandhi Equity Saving Scheme - Dividend Option -DIRECT;INF789F01YS0;;15.0031;0;0;07-Jul-2015
121175;UTI- Rajiv Gandhi Equity Saving Scheme - Growth Option;INF789F01YR2;;14.9001;0;0;07-Jul-2015
121176;UTI- Rajiv Gandhi Equity Saving Scheme - Growth Option - DIRECT;INF789F01YT8;;15.003;0;0;07-Jul-2015

Close Ended Schemes ( ELSS )


Bandhan Mutual Fund
108864;IDFC Tax Saver (ELSS) Fund A DIVIDEND;INF194K01276;INF194K01284;25.4808;25.4808;25.4808;07-Jul-2015
108865;IDFC Tax Saver (ELSS) Fund A GROWTH;INF194K01268;;25.4852;25.4852;25.4852;07-Jul-2015

ICICI Prudential Mutual Fund
112101;ICICI Prudential R.I.G.H.T. Fund Dividend;INF109KA1XQ0;;25.98;N.A.;N.A.;07-Jul-2015
112100;ICICI Prudential R.I.G.H.T. Fund Growth;INF109KA1XP2;;31.14;N.A.;N.A.;07-Jul-2015

Invesco Mutual Fund
107714;Invesco India AGILE Tax Fund - Dividend Option;INF205K01FT4;;10.31;0.00;0.00;07-Jul-2015
107773;Invesco India AGILE Tax Fund - Growth Option;INF205K01FS6;;10.31;0.00;0.00;07-Jul-2015

L&T Mutual Fund
112625;L&T Long Term Advantage Fund I - Regular Plan - Dividend;INF917K01BQ9;;22.56;22.56;0.00;07-Jul-2015
112624;L&T Long Term Advantage Fund I - Regular Plan - Growth;INF917K01BR7;;35.51;35.51;0.00;07-Jul-2015

Nippon India Mutual Fund
107900;Reliance Equity Linked Saving Fund - Series I - Dividend Plan;INF204K01ON2;;26.5462;0.0000;26.5462;07-Jul-2015
107901;Reliance Equity Linked Saving Fund - Series I - Growth Plan;INF204K01OM4;;26.5462;0.0000;26.5462;07-Jul-2015

SBI Mutual Fund
132933;SBI LONG TERM ADVANTAGE FUND - SERIES I - DIRECT PLAN - GROWTH;INF200K018X9;;10.384;N.A.;N.A.;07-Jul-2015
132934;SBI Long Term Advantage Fund - Series I - Direct Plan - Income Distribution cum Capital Withdrawal Option (IDCW);INF200K019X7;;10.383;N.A.;N.A.;07-Jul-2015
132924;SBI LONG TERM ADVANTAGE FUND - SERIES I - REGULAR PLAN - GROWTH;INF200K016X3;;10.3706;N.A.;N.A.;07-Jul-2015
132923;SBI Long Term Advantage Fund - Series I - Regular Plan - Income Distribution cum Capital Withdrawal Option (IDCW);INF200K017X1;;10.3694;N.A.;N.A.;07-Jul-2015
133364;SBI LONG TERM ADVANTAGE FUND - SERIES II - DIRECT PLAN - GROWTH;INF200KA1333;;10.0791;N.A.;N.A.;07-Jul-2015
133363;SBI Long Term Advantage Fund - Series II - Direct Plan - Income Distribution cum Capital Withdrawal Option (IDCW);INF200KA1341;;10.077;N.A.;N.A.;07-Jul-2015
133361;SBI LONG TERM ADVANTAGE FUND - SERIES II - REGULAR PLAN - GROWTH;INF200KA1317;;10.0674;N.A.;N.A.;07-Jul-2015
133362;SBI Long Term Advantage Fund - Series II - Regular Plan - Income Distribution cum Capital Withdrawal Option (IDCW);INF200KA1325;;10.0678;N.A.;N.A.;07-Jul-2015
108144;SBI TAX ADVANTAGE FUND - SERIES I - DIVIDEND;INF200K01IK8;;23.5063;N.A.;N.A.;07-Jul-2015
115084;SBI TAX ADVANTAGE FUND-SERIES - REPURCHASE NAV - DIVIDEND;;;23.3475;N.A.;N.A.;07-Jul-2015
115085;SBI TAX ADVANTAGE FUND - REPURCHASE - GROWTH;;;23.3527;N.A.;N.A.;07-Jul-2015
108145;SBI TAX ADVANTAGE FUND - SERIES I - GROWTH;INF200K01IJ0;;23.5115;N.A.;N.A.;07-Jul-2015
116352;SBI TAX ADVANTAGE FUND - SERIES II - GROWTH;INF200K01JF6;;23.1405;23.1405;N.A.;07-Jul-2015
116353;SBI Tax Advantage Fund-Series- II - Income Distribution cum Capital Withdrawal Option (IDCW);INF200K01JG4;;21.41;21.41;N.A.;07-Jul-2015
126279;SBI Tax Advantage Fund - Series III - Direct Plan - Growth Option;INF200K01X06;;16.8509;N.A.;N.A.;07-Jul-2015
126379;SBI Tax Advantage Fund - Series III - Regular Plan - Growth;INF200K01W80;;16.7907;N.A.;N.A.;07-Jul-2015
126278;SBI Tax Advantage Fund-Series- III - Direct Plan - Income Distribution cum Capital Withdrawal Option (IDCW);INF200K01X14;;16.8471;N.A.;N.A.;07-Jul-2015
126378;SBI Tax Advantage Fund-Series- III - Regular Plan - Income Distribution cum Capital Withdrawal Option (IDCW);INF200K01W98;;16.7907;N.A.;N.A.;07-Jul-2015

Sundaram Mutual Fund
133324;Sundaram Long Term Tax Advantage Fund Series I Direct Plan - Growth;INF903J014A9;;10.6380;10.6380;10.6380;07-Jul-2015
133325;Sundaram Long Term Tax Advantage Fund Series I Direct Plan - Payout of Income Distribution cum Capital Withdrawal (IDCW);INF903J015A6;;10.6380;10.6380;10.6380;07-Jul-2015
133322;Sundaram Long Term Tax Advantage Fund Series I Regular Plan - Growth;INF903J012A3;;10.5979;10.5979;10.5979;07-Jul-2015
133323;Sundaram Long Term Tax Advantage Fund Series I Regular Plan - Payout of Income Distribution cum Capital Withdrawal (IDCW);INF903J013A1;;10.5979;10.5979;10.5979;07-Jul-2015

Tata Mutual Fund
111779;Tata Infrastructure Tax Saving Fund - Dividend;INF277K01790;;19.8287;0.0000;0.0000;07-Jul-2015
111778;Tata Infrastructure Tax Saving Fund - Growth;INF277K01808;;20.9535;0.0000;0.0000;07-Jul-2015
103470;Tata Tax Advantage Fund -1;INF277K01HK8;;29.7539;0.0000;0.0000;07-Jul-2015

UTI Mutual Fund
101834;UTI - Master Equity Plan Unit Scheme;;;82.2367;0;0;07-Jul-2015
105497;UTI Long Term Advantage Fund  - Dividend Option;;;19.9981;0;0;07-Jul-2015
105498;UTI Long Term Advantage Fund  - Growth Option;;;19.9981;0;0;07-Jul-2015
108231;UTI-Long Term Advantage Fund Series -II - Growth Option;;;24.0775;0;0;07-Jul-2015
108232;UTI-Long Term Advantage Fund Series-II - Dividend Option;;;24.0776;0;0;07-Jul-2015

Interval Fund Schemes ( Income )


Bandhan Mutual Fund
120848;IDFC YS Interval Fund - Series I -Direct Plan-Dividend;INF194K019C9;;10.3116;10.3116;10.3116;07-Jul-2015
120849;IDFC YS Interval Fund - Series I -Direct Plan-Growth;INF194K018C1;;12.3765;12.3765;12.3765;07-Jul-2015
120850;IDFC YS Interval Fund - Series I -Regular Plan-Dividend;INF194K011D4;;10.3077;10.3077;10.3077;07-Jul-2015
120851;IDFC YS Interval Fund - Series I -Regular Plan-Growth;INF194K010D6;;12.3254;12.3254;12.3254;07-Jul-2015
120986;IDFC YS Interval Fund - Series II-Direct Plan-Growth;INF194K013E8;;12.4277;12.4277;12.4277;07-Jul-2015
120985;IDFC YS Interval Fund - Series II-Regular Plan-Dividend;INF194K012E0;;10.3441;10.3441;10.3441;07-Jul-2015
120984;IDFC YS Interval Fund - Series II-Regular Plan-Growth;INF194K011E2;;12.3671;12.3671;12.3671;07-Jul-2015
121065;IDFC YS Interval Fund - Series III -Direct Plan-Growth;INF194K015E3;;12.4250;12.4250;12.4250;07-Jul-2015
121064;IDFC YS Interval Fund - Series III -Regular Plan-Dividend;INF194K018E7;;10.3355;10.3355;10.3355;07-Jul-2015
121063;IDFC YS Interval Fund - Series III -Regular Plan-Growth;INF194K017E9;;12.4017;12.4017;12.4017;07-Jul-2015

Invesco Mutual Fund
134075;Invesco India Annual Interval Fund - Series 1 - Plan B - Direct Sub-Plan - Growth;INF205K01V29;;10.2854;10.2854;10.2854;07-Jul-2015
134074;Invesco India Annual Interval Fund - Series 1 - Plan B - Regular Sub-Plan - Growth;INF205K01V03;;10.2823;10.2823;10.2823;07-Jul-2015

LIC Mutual Fund
120367;LIC MF Interval Fund Annual Plan-Series 1-Direct Plan-Dividend;INF767K01HE1;INF767K01HG6;10.3138;0.0000;0.0000;07-Jul-2015
120366;LIC MF Interval Fund Annual Plan-Series 1-Direct Plan-Growth;INF767K01HF8;;17.5334;0.0000;0.0000;07-Jul-2015
108438;LIC MF Interval Fund Annual Plan-Series 1-Regular Plan-Dividend;INF767K01329;INF767K01337;10.9001;0.0000;0.0000;07-Jul-2015
108439;LIC MF Interval Fund Annual Plan-Series 1-Regular Plan-Growth;INF767K01345;;17.4567;0.0000;0.0000;07-Jul-2015
120358;LIC MF Interval Fund Monthly Plan-Series 1-Direct Plan-Dividend;INF767K01HB7;INF767K01HD3;10.0492;0.0000;0.0000;07-Jul-2015
120359;LIC MF Interval Fund Monthly Plan-Series 1-Direct Plan-Growth;INF767K01HC5;;17.7850;0.0000;0.0000;07-Jul-2015
108416;LIC MF Interval Fund Monthly Plan-Series 1-Regular Plan-Dividend;INF767K01295;INF767K01303;10.0625;0.0000;0.0000;07-Jul-2015
108417;LIC MF Interval Fund Monthly Plan-Series 1-Regular Plan-Growth;INF767K01311;;17.7594;0.0000;0.0000;07-Jul-2015
120362;LIC MF Interval Fund Quarterly Plan-Series 1-Direct Plan-Dividend;INF767K01GY1;INF767K01HA9;10.3204;0.0000;0.0000;07-Jul-2015
120363;LIC MF Interval Fund Quarterly Plan-Series 1-Direct Plan-Growth;INF767K01GZ8;;17.9564;0.0000;0.0000;07-Jul-2015
108408;LIC MF Interval Fund Quarterly Plan-Series 1-Regular Plan-Dividend;INF767K01238;INF767K01246;10.3099;0.0000;0.0000;07-Jul-2015
108411;LIC MF Interval Fund Quarterly Plan-Series 1-Regular Plan-Growth;INF767K01253;;17.9204;0.0000;0.0000;07-Jul-2015
120375;LIC MF Interval Fund Quarterly Plan-Series 2-Direct Plan-Dividend;INF767K01HH4;INF767K01HJ0;10.1010;0.0000;0.0000;07-Jul-2015
120372;LIC MF Interval Fund Quarterly Plan-Series 2-Direct Plan-Growth;INF767K01HI2;;17.6790;0.0000;0.0000;07-Jul-2015
109917;LIC MF Interval Fund Quarterly Plan-Series 2-Regular Plan-Dividend;INF767K01261;INF767K01279;10.1054;0.0000;0.0000;07-Jul-2015
109916;LIC MF Interval Fund Quarterly Plan-Series 2-Regular Plan-Growth;INF767K01287;;17.6422;0.0000;0.0000;07-Jul-2015

Nippon India Mutual Fund
118804;Nippon India Annual Interval Fund - Series I - Direct Plan Growth Plan - Growth;INF204K01B81;-;14.4147;14.4147;14.4147;07-Jul-2015
105660;NIPPON INDIA ANNUAL INTERVAL FUND - SERIES I - IDCW Option;INF204K01ED4;INF204K01EE2;10.0563;10.0563;10.0563;07-Jul-2015
105662;NIPPON INDIA ANNUAL INTERVAL FUND - SERIES I - RETAIL Plan - IDCW Option;INF204K01EA0;INF204K01EB8;10.0563;10.0563;10.0563;07-Jul-2015
105663;Nippon India Interval Fund Annual Interval Fund Series-I- Growth Option;INF204K01EC6;;14.3916;14.3916;14.3916;07-Jul-2015
105661;Nippon India Interval Fund Annual Interval Fund Series-I-Retail Plan Growth Option;INF204K01DZ9;;19.4077;19.4077;19.4077;07-Jul-2015
105229;Nippon India Interval Fund-Monthly Interval Fund-Series-I- Growth Option;INF204K01CV0;;19.1147;19.1147;19.1147;07-Jul-2015
105232;Nippon India Interval Fund-Monthly Interval Fund-Series-I-Institutional Plan-Dividend Option;INF204K01CZ1;INF204K01DA2;10.0484;10.0484;10.0484;07-Jul-2015
118596;NIPPON INDIA MONTHLY INTERVAL FUND - SERIES I - Direct Plan - IDCW Option;INF204K01ZB3;INF204K01ZC1;10.0487;10.0487;10.0487;07-Jul-2015
118598;Nippon India Monthly Interval Fund - Series I - Direct Plan Growth Plan - Growth;INF204K01ZA5;-;19.1377;19.1377;19.1377;07-Jul-2015
105230;NIPPON INDIA MONTHLY INTERVAL FUND - SERIES I - IDCW Option;INF204K01CW8;INF204K01CX6;10.0484;10.0484;10.0484;07-Jul-2015
105400;Nippon India Interval Fund-Monthly Interval Fund-Series-II -Growth Option;INF204K01DB0;;19.1632;19.1632;19.1632;07-Jul-2015
105402;Nippon India Interval Fund-Monthly Interval Fund-Series-II-Institutional Plan-Dividend Option;INF204K01DF1;INF204K01DG9;10.0163;10.0163;10.0163;07-Jul-2015
118594;NIPPON INDIA MONTHLY INTERVAL FUND - SERIES II - Direct Plan - IDCW Option;INF204K01ZE7;INF204K01ZF4;10.0163;10.0163;10.0163;07-Jul-2015
118595;Nippon India Monthly Interval Fund - Series II - Direct Plan Growth Plan - Growth;INF204K01ZD9;-;19.1848;19.1848;19.1848;07-Jul-2015
105401;NIPPON INDIA MONTHLY INTERVAL FUND - SERIES II - IDCW Option;INF204K01DC8;INF204K01DD6;10.0163;10.0163;10.0163;07-Jul-2015
105691;Nippon India Interval Fund-Quarterly Interval Fund Serie-II-Institutional Plan -Dividend Option;INF204K01DR6;INF204K01DS4;10.1707;10.1707;10.1707;07-Jul-2015
105689;Nippon India Interval Fund-Quarterly Interval Fund Series-II-Growth Option;INF204K01DN5;;19.5549;19.5549;19.5549;07-Jul-2015
118689;NIPPON INDIA QUARTERLY INTERVAL FUND - SERIES II - Direct Plan - IDCW Option;INF204K01F46;INF204K01F53;10.1549;10.1549;10.1549;07-Jul-2015
118691;Nippon India Quarterly Interval Fund - Series II - Direct Plan Growth Plan - Growth;INF204K01F61;-;19.6034;19.6034;19.6034;07-Jul-2015
105692;NIPPON INDIA QUARTERLY INTERVAL FUND - SERIES II - IDCW Option;INF204K01DO3;INF204K01DP0;10.1699;10.1699;10.1699;07-Jul-2015
118621;NIPPON INDIA INTERVAL FUND - QUARTERLY PLAN - SERIES I - Direct Plan - IDCW Option;INF204K01XU8;INF204K01XV6;10.0232;10.0232;10.0232;07-Jul-2015
118623;Nippon India Interval Fund - Quarterly Plan - Series I - Direct Plan Growth Plan - Growth;INF204K01XT0;-;19.5515;19.5515;19.5515;07-Jul-2015
105434;NIPPON INDIA INTERVAL FUND - QUARTERLY PLAN - SERIES I - IDCW Option;INF204K01DI5;INF204K01DJ3;10.0230;10.0230;10.0230;07-Jul-2015
105436;NIPPON INDIA INTERVAL FUND - QUARTERLY PLAN - SERIES I - INSTITUTIONAL IDCW Option;INF204K01DL9;INF204K01DM7;10.0232;10.0232;10.0232;07-Jul-2015
105433;Nippon India Interval Fund-Quarterly Interval Fund-Series-I - Growth Option;INF204K01DH7;;19.5015;19.5015;19.5015;07-Jul-2015
105884;Nippon India Interval Fund-Quarterly Interval Fund-Series-III- Growth Option;INF204K01DT2;;19.3701;19.3701;19.3701;07-Jul-2015
105882;Nippon India Interval Fund-Quarterly Interval Fund-Series-III-Institutional Plan-Growth Option;INF204K01DW6;;17.8771;17.8771;17.8771;07-Jul-2015
118584;NIPPON INDIA QUARTERLY INTERVAL FUND - SERIES III - Direct Plan - IDCW Option;INF204K01XX2;INF204K01XY0;10.0611;10.0611;10.0611;07-Jul-2015
118583;Nippon India Quarterly Interval Fund - Series III - Direct Plan Growth Plan - Growth;INF204K01XW4;-;11.7742;11.7742;11.7742;07-Jul-2015
105885;NIPPON INDIA QUARTERLY INTERVAL FUND - SERIES III - IDCW Option;INF204K01DU0;INF204K01DV8;10.0682;10.0682;10.0682;07-Jul-2015
105883;NIPPON INDIA QUARTERLY INTERVAL FUND - SERIES III - INSTITUTIONAL IDCW Option;INF204K01DX4;INF204K01DY2;10.0683;10.0683;10.0683;07-Jul-2015
120800;Nippon India Yearly Interval Fund - Series 1 - Direct Plan - Dividend Plan - Dividend Option;INF204K01M47;INF204K01M54;10.3879;10.3879;10.3879;07-Jul-2015
120799;Nippon India Yearly Interval Fund - Series 1 - Direct Plan - Growth Plan - Growth Option;INF204K01M39;-;12.3879;12.3879;12.3879;07-Jul-2015
120802;Nippon India Yearly Interval Fund - Series 1 - Dividend Plan - Dividend Option;INF204K01M13;INF204K01M21;10.3835;10.3835;10.3835;07-Jul-2015
120798;Nippon India Yearly Interval Fund - Series 1 - Growth Plan - Growth Option;INF204K01M05;-;12.3706;12.3706;12.3706;07-Jul-2015
