Scheme Code;Scheme Name;ISIN Div Payout/ISIN Growth;ISIN Div Reinvestment;Net Asset Value;Repurchase Price;Sale Price;Date

Open Ended Schemes ( Income )


Aditya Birla Sun Life Mutual Fund
120704;Aditya Birla Sun Life MIP - Direct Plan - Growth;INF209K01XB7;;44.3317;43.8884;44.3317;14-Mar-2017
119640;Aditya Birla Sun Life MIP - Direct Plan - Monthly Dividend;INF209K01R21;;13.6136;13.4775;13.6136;14-Mar-2017
100970;Aditya Birla Sun Life MIP - Regular Plan - Growth;INF209K01694;;43.3259;42.8926;43.3259;14-Mar-2017
100971;Aditya Birla Sun Life MIP - Regular Plan - Monthly Dividend;INF209K01702;;12.2497;12.1272;12.2497;14-Mar-2017
101713;Aditya Birla Sun Life MIP II - Saving 5 Plan - Growth - Regular Plan;INF209K01728;;30.8661;30.5574;30.8661;14-Mar-2017
120706;Aditya Birla Sun Life MIP II - Savings 5 Plan - Growth / Payment - Direct Plan;INF209K01XE1;;31.4111;31.0970;31.4111;14-Mar-2017
120549;Aditya Birla Sun Life MIP II - Savings 5 Plan - Monthly Dividend - Direct Plan;INF209K01R39;;13.7465;13.6090;13.7465;14-Mar-2017
101711;Aditya Birla Sun Life MIP II - Savings 5 Plan - Monthly Dividend - Regular Plan;INF209K01736;INF209K01DE3;13.0599;12.9293;13.0599;14-Mar-2017
103184;Aditya Birla Sun Life Monthly Income - Dividend - Regular Plan;INF209K01AX9;INF209K01DX3;12.5014;12.3764;12.5014;14-Mar-2017
120572;Aditya Birla Sun Life Monthly Income - Growth - Direct Plan;INF209K01YH2;;62.8924;62.2635;62.8924;14-Mar-2017
103185;Aditya Birla Sun Life Monthly Income - Growth - Regular Plan;INF209K01AZ4;;61.1084;60.4973;61.1084;14-Mar-2017
120574;Aditya Birla Sun Life Monthly Income - Quarterly Dividend - Direct Plan;INF209K01S20;;12.9795;12.8497;12.9795;14-Mar-2017
103186;Aditya Birla Sun Life Monthly Income - Quarterly Dividend - Regular Plan;INF209K01AY7;INF209K01DY1;12.3950;12.2710;12.3950;14-Mar-2017
120573;Aditya Birla Sun Life Monthly Income- Dividend - Direct Plan;INF209KA1LG5;INF209K01YF6;13.5804;13.4446;13.5804;14-Mar-2017

Bandhan Mutual Fund
118381;IDFC Money Manager Fund - Investment Plan -Direct Plan-Daily Dividend;;INF194K01L81;10.1431;10.1431;10.1431;14-Mar-2017
118377;IDFC Money Manager Fund - Investment Plan -Direct Plan-Monthly Dividend;INF194K01M31;INF194K01M23;10.1725;10.1725;10.1725;14-Mar-2017
118380;IDFC Money Manager Fund - Investment Plan -Direct Plan-Periodic Dividend;INF194K01M64;INF194K01M56;11.0170;11.0170;11.0170;14-Mar-2017
118382;IDFC Money Manager Fund - Investment Plan -Direct Plan-Quarterly Dividend;INF194K01L65;INF194K01L57;10.7862;10.7862;10.7862;14-Mar-2017
118378;IDFC Money Manager Fund - Investment Plan -Direct Plan-Weekly Dividend;;INF194K01M07;10.3023;10.3023;10.3023;14-Mar-2017
118379;IDFC Money Manager Fund - Investment Plan-Direct Plan-Growth;INF194K01L16;;25.6380;25.6380;25.6380;14-Mar-2017
108738;IDFC Money Manager Fund-Investment Plan-Regular Plan-Annual Div.;INF194K01NQ0;INF194K01NP2;10.9391;10.9391;10.9391;14-Mar-2017
108742;IDFC Money Manager Fund-Investment Plan-Regular Plan-Daily Div.;INF194K01NW8;INF194K01NV0;10.1856;10.1856;10.1856;14-Mar-2017
108736;IDFC Money Manager Fund-Investment Plan-Regular Plan-Growth;INF194K01NO5;;25.4243;25.4243;25.4243;14-Mar-2017
108739;IDFC Money Manager Fund-Investment Plan-Regular Plan-Monthly Div.;INF194K01OC8;INF194K01OB0;10.2820;10.2820;10.2820;14-Mar-2017
108737;IDFC Money Manager Fund-Investment Plan-Regular Plan-Qtrly Div.;INF194K01NT4;INF194K01NS6;11.0034;11.0034;11.0034;14-Mar-2017
108740;IDFC Money Manager Fund-Investment Plan-Regular Plan-Weekly Div.;INF194K01NZ1;INF194K01NY4;10.2279;10.2279;10.2279;14-Mar-2017
116669;IDFC-Money Manager Fund-Investment -Regular Plan-Periodic Div.;INF194K01XL0;INF194K01XM8;12.3784;12.3784;12.3784;14-Mar-2017

Canara Robeco Mutual Fund
118302;Canara Robeco InDiGo Fund - Direct Plan - Growth;INF760K01FJ9;;14.9121;14.9121;14.9121;14-Mar-2017
118303;Canara Robeco InDiGo Fund - Direct Plan - Quarterly Dividend;INF760K01FK7;INF760K01FL5;11.2181;11.2181;11.2181;14-Mar-2017
113101;Canara Robeco InDiGo Fund - Regular Plan - Growth;INF760K01AJ0;;14.5039;14.5039;14.5039;14-Mar-2017
113100;Canara Robeco InDiGo Fund - Regular Plan - Quarterly Dividend;INF760K01AK8;INF760K01AL6;10.5645;10.5645;10.5645;14-Mar-2017
118312;Canara Robeco Short Term Fund- Direct Plan - Growth;INF760K01GH1;;18.5974;18.5974;18.5974;14-Mar-2017
118313;Canara Robeco Short Term Fund- Direct Plan - Monthly Dividend;INF760K01GI9;INF760K01GJ7;10.1358;10.1358;10.1358;14-Mar-2017
118314;Canara Robeco Short Term Fund- Direct Plan - Weekly Dividend;;INF760K01GK5;10.1243;10.1243;10.1243;14-Mar-2017
111883;Canara Robeco Short Term Fund- Regular Plan - Growth;INF760K01720;;18.2747;18.2747;18.2747;14-Mar-2017
111882;Canara Robeco Short Term Fund- Regular Plan - Monthly Dividend;INF760K01704;INF760K01712;10.1334;10.1334;10.1334;14-Mar-2017
112081;Canara Robeco Short Term Fund- Regular Plan - Weekly Dividend;;INF760K01738;10.1236;10.1236;10.1236;14-Mar-2017

DSP Mutual Fund
111785;DSP BlackRock Strategic Bond Fund - Regular Plan - Daily Dividend;;;1011.2831;1011.2831;1011.2831;14-Mar-2017
105665;DSP BlackRock Strategic Bond Fund - Regular Plan - Dividend;INF740K01QT7;INF740K01QW1;1323.1057;1323.1057;1323.1057;14-Mar-2017
105666;DSP BlackRock Strategic Bond Fund - Regular Plan - Growth;INF740K01QU5;;2110.6331;2110.6331;2110.6331;14-Mar-2017
105664;DSP BlackRock Strategic Bond Fund - Regular Plan - Monthly Dividend;INF740K01698;INF740K01QX9;1010.2645;1010.2645;1010.2645;14-Mar-2017
105877;DSP BlackRock Strategic Bond Fund - Regular Plan - Weekly Dividend;;;1011.2821;1011.2821;1011.2821;14-Mar-2017
104143;DSP BlackRock Ultra Short Fund - Institutional Plan - Daily Dividend Reinvest;;;1004.2306;1004.2306;1004.2306;14-Mar-2017
104142;DSP BlackRock Ultra Short Fund - Institutional Plan - Growth;INF740K01FS2;;2266.3820;2266.3820;2266.3820;14-Mar-2017
103275;DSP Credit Risk Fund - Institutional Plan-Daily Dividend Reinvest;;;1021.2542;1011.0417;1021.2542;14-Mar-2017
103277;DSP Credit Risk Fund - Institutional Plan-Growth;INF740K01FN3;;2474.5155;2449.7703;2474.5155;14-Mar-2017

HDFC Mutual Fund
132851;HDFC Regular Savings Fund - Direct Option - Normal Dividend Option;INF179KA1D58;;12.4758;12.3822;12.4758;14-Mar-2017
132850;HDFC Regular Savings Fund - Regular Option - Normal Dividend Option;INF179KA1D74;;12.4669;12.3734;12.4669;14-Mar-2017
119079;HDFC Regular Savings Fund -Direct Plan - Growth Option;INF179K01YP0;;32.7499;32.5043;32.7499;14-Mar-2017
119078;HDFC Regular Savings Fund -Direct Plan - Monthly Dividend Option;INF179K01YN5;INF179K01YO3;10.3336;10.2561;10.3336;14-Mar-2017
101430;HDFC Regular Savings Fund-GROWTH;INF179K01AY2;;32.2338;31.9920;32.2338;14-Mar-2017
101431;HDFC Regular Savings Fund-Monthly Dividend Option;INF179K01AW6;INF179K01AX4;10.3641;10.2864;10.3641;14-Mar-2017

ICICI Prudential Mutual Fund
101098;ICICI Prudential Child Care Plan Study - Cumulative;INF109K01597;;63.7647;61.8518;63.7647;14-Mar-2017
120691;ICICI Prudential Child Care Plan Study - Direct Plan- Cumulative;INF109K01Y56;;65.8467;63.8713;65.8467;14-Mar-2017
131621;ICICI Prudential Dynamic Bond Fund - Annual Dividend;INF109KA15C5;INF109KA14C8;10.6726;10.5659;10.6726;14-Mar-2017
122613;ICICI Prudential Dynamic Bond Fund - Bonus;INF109KA1350;;18.4055;18.2214;18.4055;14-Mar-2017
113055;ICICI Prudential Dynamic Bond Fund - Daily Dividend;INF109K01PJ8;;9.8799;9.7811;9.8799;14-Mar-2017
120584;ICICI Prudential Dynamic Bond Fund - Direct Plan -  Daily Dividend;INF109K016K2;;10.4797;10.3749;10.4797;14-Mar-2017
120582;ICICI Prudential Dynamic Bond Fund - Direct Plan -  Growth;INF109K017K0;;18.8848;18.6960;18.8848;14-Mar-2017
120581;ICICI Prudential Dynamic Bond Fund - Direct Plan -  Half Yearly Dividend;INF109K018K8;INF109K019K6;10.4148;10.3107;10.4148;14-Mar-2017
120580;ICICI Prudential Dynamic Bond Fund - Direct Plan -  Monthly Dividend;INF109K010L3;INF109K011L1;10.1829;10.0811;10.1829;14-Mar-2017
131620;ICICI Prudential Dynamic Bond Fund - Direct Plan - Annual Dividend;INF109KA17C1;INF109KA16C3;10.6200;10.5138;10.6200;14-Mar-2017
131199;ICICI Prudential Dynamic Bond Fund - Direct Plan - Bonus Option;INF109KA1343;;18.7046;18.5176;18.7046;14-Mar-2017
120583;ICICI Prudential Dynamic Bond Fund - Direct Plan - Quarterly Dividend;INF109K012L9;INF109K013L7;10.2372;10.1348;10.2372;14-Mar-2017
111996;ICICI Prudential Dynamic Bond Fund - Growth;INF109K01CB3;;18.4056;18.2215;18.4056;14-Mar-2017
112005;ICICI Prudential Dynamic Bond Fund - Half Yearly Dividend;INF109K01PK6;INF109K01IY2;10.5023;10.3973;10.5023;14-Mar-2017
111997;ICICI Prudential Dynamic Bond Fund - Monthly Dividend;INF109K01FE0;INF109K01CC1;10.6650;10.5584;10.6650;14-Mar-2017
112002;ICICI Prudential Dynamic Bond Fund - Premium Plus Growth;INF109K01RW7;;19.0792;18.8884;19.0792;14-Mar-2017
111998;ICICI Prudential Dynamic Bond Fund - Quarterly Dividend;INF109K01FF7;INF109K01CD9;10.2130;10.1109;10.2130;14-Mar-2017
106290;ICICI Prudential Interval Fund - Annual Interval Plan I - Retail Dividend;INF109K01KM3;;11.1624;N.A.;N.A.;14-Mar-2017
106292;ICICI Prudential Interval Fund - Annual Interval Plan I - Retail Growth;INF109K01KL5;;21.7578;N.A.;N.A.;14-Mar-2017
130958;ICICI Prudential Interval Fund Annual Interval Plan - I - Direct Plan Bonus;INF109KA1C80;;12.2076;N.A.;N.A.;14-Mar-2017
106291;ICICI Prudential Interval Fund Annual Interval Plan I -  Growth;INF109K01KN1;;17.3871;N.A.;N.A.;14-Mar-2017
120625;ICICI Prudential Interval Fund Annual Interval Plan I - Direct Plan -  Growth;INF109K01K45;;17.4134;N.A.;N.A.;14-Mar-2017
106293;ICICI Prudential Interval Fund Annual Interval Plan I - Dividend;INF109K01KO9;;11.1906;N.A.;N.A.;14-Mar-2017
106762;ICICI Prudential Interval Fund - Annual Interval Plan II - Retail Dividend;INF109K01KQ4;;12.7476;N.A.;N.A.;14-Mar-2017
106763;ICICI Prudential Interval Fund - Annual Interval Plan II - Retail Growth;INF109K01KP6;;21.7986;N.A.;N.A.;14-Mar-2017
120627;ICICI Prudential Interval Fund Annual Interval Plan II - Direct Plan -  Growth;INF109K01K60;;22.5337;N.A.;N.A.;14-Mar-2017
106761;ICICI Prudential Interval Fund Annual Interval Plan II - Growth;INF109K01KR2;;22.4844;N.A.;N.A.;14-Mar-2017
106778;ICICI Prudential Interval Fund - Annual Interval Plan III - Retail Dividend;INF109K01KU6;;11.9977;N.A.;N.A.;14-Mar-2017
106777;ICICI Prudential Interval Fund - Annual Interval Plan III - Retail Growth;INF109K01KT8;;20.9802;N.A.;N.A.;14-Mar-2017
120629;ICICI Prudential Interval Fund Annual Interval Plan III - Direct Plan -  Growth;INF109K01K86;;17.0427;N.A.;N.A.;14-Mar-2017
106779;ICICI Prudential Interval Fund Annual Interval Plan III - Growth;INF109K01KV4;;17.0059;N.A.;N.A.;14-Mar-2017
106832;ICICI Prudential Interval Fund - Annual Interval Plan IV - Retail Dividend;INF109K01KI1;;11.8592;N.A.;N.A.;14-Mar-2017
106833;ICICI Prudential Interval Fund - Annual Interval Plan IV - Retail Growth;INF109K01KH3;;20.8954;N.A.;N.A.;14-Mar-2017
120631;ICICI Prudential Interval Fund Annual Interval Plan IV - Direct Plan -  Growth;INF109K01L02;;19.6475;N.A.;N.A.;14-Mar-2017
106831;ICICI Prudential Interval Fund Annual Interval Plan IV - Growth;INF109K01KJ9;;19.5946;N.A.;N.A.;14-Mar-2017
105650;ICICI Prudential Interval Fund - Monthly Interval Plan I - Retail Dividend;INF109K01ON3;;10.0500;N.A.;N.A.;14-Mar-2017
105651;ICICI Prudential Interval Fund - Monthly Interval Plan I - Retail Growth;INF109K01OM5;;20.5972;N.A.;N.A.;14-Mar-2017
120636;ICICI Prudential Interval Fund Monthly Interval Plan I - Direct Plan -  Growth;INF109K01L28;;13.1111;N.A.;N.A.;14-Mar-2017
109680;ICICI Prudential Interval Fund Monthly Interval Plan I - Dividend;INF109K01OL7;INF109K01OK9;10.0501;N.A.;N.A.;14-Mar-2017
109679;ICICI Prudential Interval Fund Monthly Interval Plan I - Growth;INF109K01OJ1;;13.0905;N.A.;N.A.;14-Mar-2017
105711;ICICI Prudential Interval Fund - Quarterly Interval Plan I - Retail Dividend;INF109K01LU4;;10.1552;N.A.;N.A.;14-Mar-2017
105710;ICICI Prudential Interval Fund - Quarterly Interval Plan I - Retail Growth;INF109K01LT6;;21.3510;N.A.;N.A.;14-Mar-2017
120638;ICICI Prudential Interval Fund Quarterly Interval Plan 1 - Direct Plan -  Growth;INF109K01L69;;17.0977;N.A.;N.A.;14-Mar-2017
120637;ICICI Prudential Interval Fund Quarterly Interval Plan 1 - Direct Plan - Dividend;INF109K01L77;;10.1456;N.A.;N.A.;14-Mar-2017
111405;ICICI Prudential Interval Fund Quarterly Interval Plan 1 - Growth;INF109K01LP4;;17.0754;N.A.;N.A.;14-Mar-2017
111406;ICICI Prudential Interval Fund Quarterly Interval Plan 1 -Dividend;INF109K01LR0;INF109K01LQ2;10.1542;N.A.;N.A.;14-Mar-2017
105907;ICICI Prudential Interval Fund - Quarterly Interval Plan II - Retail Dividend;INF109K01MC0;;10.0889;N.A.;N.A.;14-Mar-2017
105908;ICICI Prudential Interval Fund - Quarterly Interval Plan II - Retail Growth;INF109K01MB2;;21.3184;N.A.;N.A.;14-Mar-2017
120639;ICICI Prudential Interval Fund II Quarterly Interval - Direct Plan -  Growth;INF109K01L85;;19.3853;N.A.;N.A.;14-Mar-2017
110203;ICICI Prudential Interval Fund II Quarterly Interval - Dividend;INF109K01LZ3;INF109K01LY6;10.0630;N.A.;N.A.;14-Mar-2017
110204;ICICI Prudential Interval Fund II Quarterly Interval - Growth;INF109K01LX8;;19.3529;N.A.;N.A.;14-Mar-2017
127399;ICICI Prudential Interval Fund - Quarterly Interval Plan III - Direct Quarterly Dividend Payout;INF109K01N91;;10.0259;N.A.;N.A.;14-Mar-2017
106141;ICICI Prudential Interval Fund - Quarterly Interval Plan III - Retail Dividend;INF109K01MK3;;10.0247;N.A.;N.A.;14-Mar-2017
106142;ICICI Prudential Interval Fund - Quarterly Interval Plan III - Retail Growth;INF109K01MJ5;;20.3824;N.A.;N.A.;14-Mar-2017
120654;ICICI Prudential Interval Fund III Quarterly Interval - Direct Plan -  Dividend;INF109K01M19;;10.2030;N.A.;N.A.;14-Mar-2017
120655;ICICI Prudential Interval Fund III Quarterly Interval - Direct Plan -  Growth;INF109K01M01;;17.1473;N.A.;N.A.;14-Mar-2017
110555;ICICI Prudential Interval Fund III Quarterly Interval - Growth;INF109K01MF3;;17.0885;N.A.;N.A.;14-Mar-2017
121129;ICICI Prudential Interval Fund - Series VI - Annual Interval Plan - A - Cumulative;INF109K015G2;;13.9597;N.A.;N.A.;14-Mar-2017
121127;ICICI Prudential Interval Fund - Series VI - Annual Interval Plan - A - Direct Plan - Cumulative;INF109K013G7;;13.9774;N.A.;N.A.;14-Mar-2017
121364;ICICI Prudential Interval Fund - Series VI - Annual Interval Plan - C - Cumulative;INF109K014Q4;;13.9358;N.A.;N.A.;14-Mar-2017
121362;ICICI Prudential Interval Fund - Series VI - Annual Interval Plan - C - Direct Plan - Cumulative;INF109K016Q9;;13.9777;N.A.;N.A.;14-Mar-2017
121441;ICICI Prudential Interval Fund - Series VI - Annual Interval Plan - D - Cumulative;INF109K018Q5;;13.8652;N.A.;N.A.;14-Mar-2017
121440;ICICI Prudential Interval Fund - Series VI - Annual Interval Plan - D - Direct Plan - Cumulative;INF109K010R0;;13.8968;N.A.;N.A.;14-Mar-2017
127238;ICICI Prudential Interval Fund - Series VII - Annual Interval Plan - C - Cumulative;INF109KA1NV1;;12.9125;N.A.;N.A.;14-Mar-2017
127236;ICICI Prudential Interval Fund - Series VII - Annual Interval Plan - C - Direct Plan - Cumulative;INF109KA1NX7;;12.9284;N.A.;N.A.;14-Mar-2017
106828;ICICI Prudential Interval Fund II - Quarterly Interval Plan A - Retail Dividend;INF109K01MO5;;10.0165;N.A.;N.A.;14-Mar-2017
106829;ICICI Prudential Interval Fund II - Quarterly Interval Plan A - Retail Growth;INF109K01MN7;;20.5918;N.A.;N.A.;14-Mar-2017
123645;ICICI Prudential Interval Fund II Quarterly Interval Plan A -  Quarterly Dividend Payout;INF109K01MU2;;10.0165;N.A.;N.A.;14-Mar-2017
120641;ICICI Prudential Interval Fund II Quarterly Interval Plan A - Direct Plan -  Dividend;INF109K01M50;;10.0165;N.A.;N.A.;14-Mar-2017
120642;ICICI Prudential Interval Fund II Quarterly Interval Plan A - Direct Plan -  Growth;INF109K01M43;;13.2469;N.A.;N.A.;14-Mar-2017
110664;ICICI Prudential Interval Fund II Quarterly Interval Plan A - Dividend;INF109K01MT4;INF109K01MS6;10.0166;N.A.;N.A.;14-Mar-2017
110663;ICICI Prudential Interval Fund II Quarterly Interval Plan A - Growth;INF109K01MR8;;13.2563;N.A.;N.A.;14-Mar-2017
106885;ICICI Prudential Interval Fund II - Quarterly Interval Plan B - Retail Dividend;INF109K01MW8;;10.0176;N.A.;N.A.;14-Mar-2017
106886;ICICI Prudential Interval Fund II - Quarterly Interval Plan B - Retail Growth;INF109K01MV0;;20.3627;N.A.;N.A.;14-Mar-2017
120644;ICICI Prudential Interval Fund II Quarterly Interval Plan B - Direct Plan -  Dividend;INF109K01M76;;10.0103;N.A.;N.A.;14-Mar-2017
120643;ICICI Prudential Interval Fund II Quarterly Interval Plan B - Direct Plan -  Growth;INF109K01M68;;13.7737;N.A.;N.A.;14-Mar-2017
111317;ICICI Prudential Interval Fund II Quarterly Interval Plan B - Dividend;INF109K01NB0;INF109K01NA2;10.0068;N.A.;N.A.;14-Mar-2017
111316;ICICI Prudential Interval Fund II Quarterly Interval Plan B - Growth;INF109K01MZ1;;13.8252;N.A.;N.A.;14-Mar-2017
118037;ICICI Prudential Interval Fund II Quarterly Interval Plan B - Quarterly Dividend Payout;INF109K01NC8;;10.0068;N.A.;N.A.;14-Mar-2017
106977;ICICI Prudential Interval Fund II - Quarterly Interval Plan C - Retail Dividend;INF109K01NI5;;10.3941;N.A.;N.A.;14-Mar-2017
106976;ICICI Prudential Interval Fund II - Quarterly Interval Plan C - Retail Growth;INF109K01NH7;;21.6879;N.A.;N.A.;14-Mar-2017
120647;ICICI Prudential Interval Fund II Quarterly Interval Plan C - Direct Plan -  Dividend;INF109K01L51;;10.3984;N.A.;N.A.;14-Mar-2017
120646;ICICI Prudential Interval Fund II Quarterly Interval Plan C - Direct Plan -  Growth;INF109K01L44;;13.7106;N.A.;N.A.;14-Mar-2017
109855;ICICI Prudential Interval Fund II Quarterly Interval Plan C - Dividend;INF109K01NF1;INF109K01NE4;10.3942;N.A.;N.A.;14-Mar-2017
109854;ICICI Prudential Interval Fund II Quarterly Interval Plan C - Growth;INF109K01ND6;;13.6696;N.A.;N.A.;14-Mar-2017
107138;ICICI Prudential Interval Fund II - Quarterly Interval Plan D - Retail Dividend;INF109K01NQ8;;10.1892;N.A.;N.A.;14-Mar-2017
107139;ICICI Prudential Interval Fund II - Quarterly Interval Plan D - Retail Growth;INF109K01NP0;;22.0457;N.A.;N.A.;14-Mar-2017
120651;ICICI Prudential Interval Fund II Quarterly Interval Plan D - Direct Plan -  Dividend;INF109K01M92;;10.1140;N.A.;N.A.;14-Mar-2017
120649;ICICI Prudential Interval Fund II Quarterly Interval Plan D - Direct Plan - Growth;INF109K01M84;;17.1224;N.A.;N.A.;14-Mar-2017
110014;ICICI Prudential Interval Fund II Quarterly Interval Plan D - Dividend;INF109K01NN5;INF109K01NM7;10.1135;N.A.;N.A.;14-Mar-2017
110013;ICICI Prudential Interval Fund II Quarterly Interval Plan D - Growth;INF109K01NL9;;13.0263;N.A.;N.A.;14-Mar-2017
107309;ICICI Prudential Interval Fund II - Quarterly Interval Plan F - Retail Dividend;INF109K01NU0;;10.1186;N.A.;N.A.;14-Mar-2017
107310;ICICI Prudential Interval Fund II - Quarterly Interval Plan F - Retail Growth;INF109K01NT2;;19.7409;N.A.;N.A.;14-Mar-2017
120652;ICICI Prudential Interval Fund II Quarterly Interval Plan F - Direct Plan -  Growth;INF109K01N00;;17.2677;N.A.;N.A.;14-Mar-2017
110383;ICICI Prudential Interval Fund II Quarterly Interval Plan F - Growth;INF109K01NX4;;17.2705;N.A.;N.A.;14-Mar-2017
115927;ICICI Prudential Interval Fund II Quarterly Interval Plan F Retail Quarterly Dividend Payout;INF109K01NW6;;10.0490;N.A.;N.A.;14-Mar-2017
110345;ICICI Prudential Interval Fund IV - Quarterly Interval Plan B - Retail Dividend;INF109K01OG7;;10.0533;N.A.;N.A.;14-Mar-2017
110348;ICICI Prudential Interval Fund IV - Quarterly Interval Plan B - Retail Growth;INF109K01OF9;;19.1194;N.A.;N.A.;14-Mar-2017
120624;ICICI Prudential Interval Fund IV Quarterly Interval Plan B - Direct Plan -  Dividend;INF109K01N59;;10.0559;N.A.;N.A.;14-Mar-2017
120623;ICICI Prudential Interval Fund IV Quarterly Interval Plan B - Direct Plan -  Growth;INF109K01N42;;17.6093;N.A.;N.A.;14-Mar-2017
110346;ICICI Prudential Interval Fund IV Quarterly Interval Plan B - Growth;INF109K01OB8;;17.5532;N.A.;N.A.;14-Mar-2017
110048;ICICI Prudential Interval Fund V - Monthly Interval Plan A - Retail Dividend;INF109K01OU8;;10.0170;N.A.;N.A.;14-Mar-2017
110047;ICICI Prudential Interval Fund V - Monthly Interval Plan A - Retail Growth;INF109K01OS2;;19.4959;N.A.;N.A.;14-Mar-2017
120660;ICICI Prudential Interval Fund V Monthly Interval Plan A - Direct Plan -  Dividend;INF109K01N34;;10.0169;N.A.;N.A.;14-Mar-2017
120661;ICICI Prudential Interval Fund V Monthly Interval Plan A - Direct Plan - Growth;INF109K01N26;;13.5756;N.A.;N.A.;14-Mar-2017
110046;ICICI Prudential Interval Fund V Monthly Interval Plan A - Dividend;INF109K01OR4;INF109K01OQ6;10.0169;N.A.;N.A.;14-Mar-2017
110045;ICICI Prudential Interval Fund V Monthly Interval Plan A - Growth;INF109K01OP8;;13.5232;N.A.;N.A.;14-Mar-2017
120669;ICICI Prudential MIP - Direct Plan -  Dividend Half Yearly;INF109K01T79;INF109K01T87;13.2249;13.0927;13.2249;14-Mar-2017
120667;ICICI Prudential MIP - Direct Plan -  Dividend Monthly;INF109K01T95;INF109K01U01;12.7409;12.6135;12.7409;14-Mar-2017
120666;ICICI Prudential MIP - Direct Plan -  Dividend Quarterly;INF109K01U19;INF109K01U27;13.6877;13.5508;13.6877;14-Mar-2017
120668;ICICI Prudential MIP - Direct Plan -  Growth;INF109K01U35;;45.3401;44.8867;45.3401;14-Mar-2017
130940;ICICI Prudential MIP - Direct Plan Bonus;INF109KA1H44;;12.4936;12.3687;12.4936;14-Mar-2017
100955;ICICI Prudential MIP - Dividend Half Yearly;INF109K01FG5;INF109K01548;12.4618;12.3372;12.4618;14-Mar-2017
100953;ICICI Prudential MIP - Dividend Monthly;INF109K01FH3;INF109K01522;12.3953;12.2713;12.3953;14-Mar-2017
100954;ICICI Prudential MIP - Dividend Quarterly;INF109K01FI1;INF109K01530;13.3639;13.2303;13.3639;14-Mar-2017
100952;ICICI Prudential MIP - Growth;INF109K01555;;44.1598;43.7182;44.1598;14-Mar-2017

JM Financial Mutual Fund
133415;JM MIP Fund (Direct) - Bonus Option - Principal Units;INF192K01GT2;;25.8081;25.8081;25.8081;14-Mar-2017
120442;JM MIP Fund (Direct) - Dividend Option - Annual Dividend;INF192K01DI2;INF192K01DJ0;20.7996;20.7996;20.7996;14-Mar-2017
120441;JM MIP Fund (Direct) - Dividend Option - Quarterly Dividend;INF192K01DG6;INF192K01DH4;19.3838;19.3838;19.3838;14-Mar-2017
120446;JM MIP Fund (Direct) - Growth Option;INF192K01DK8;;25.6075;25.6075;25.6075;14-Mar-2017
120440;JM MIP Fund (Direct)- Dividend Option - Monthly Dividend;INF192K01DE1;INF192K01DF8;12.6068;12.6068;12.6068;14-Mar-2017
133416;JM MIP Fund - Bonus Option - Principal Units;INF192K01GR6;;24.3752;24.3752;24.3752;14-Mar-2017
102026;JM MIP FUND-Annual Dividend;INF192K01AI8;INF192K01AJ6;19.3005;19.3005;19.3005;14-Mar-2017
102027;JM MIP FUND-Growth;INF192K01AK4;;24.0222;24.0222;24.0222;14-Mar-2017
102024;JM MIP FUND-Monthly Dividend;INF192K01AE7;INF192K01AF4;11.4179;11.4179;11.4179;14-Mar-2017
102025;JM MIP FUND-Quarterly Dividend;INF192K01AG2;INF192K01AH0;18.1011;18.1011;18.1011;14-Mar-2017

Kotak Mahindra Mutual Fund
114383;Kotak Multi Asset Allocation Fund-Annual Dividend;INF174K01989;INF174K01955;12.4119;12.2878;12.4119;14-Mar-2017
120159;Kotak Multi Asset Allocation Fund-Annual Dividend - Direct;INF174K01MN1;;13.4444;13.31;13.4444;14-Mar-2017
114382;Kotak Multi Asset Allocation Fund-Growth;INF174K01922;;16.0152;15.855;16.0152;14-Mar-2017
120160;Kotak Multi Asset Allocation Fund-Growth - Direct;INF174K01MI1;;16.8066;16.6385;16.8066;14-Mar-2017
114385;Kotak Multi Asset Allocation Fund-Monthly Dividend;INF174K01963;INF174K01930;13.3548;13.2213;13.3548;14-Mar-2017
114384;Kotak Multi Asset Allocation Fund-Quarterly Dividend;INF174K01971;INF174K01948;12.2423;12.1199;12.2423;14-Mar-2017
120162;Kotak Multi Asset Allocation Fund-Quarterly Dividend - Direct;INF174K01ML5;;12.6867;12.5598;12.6867;14-Mar-2017

Nippon India Mutual Fund
124876;Reliance Interval Fund - II - Series 4-Direct Plan-Growth Plan -Growth Option;INF204KA1BA4;;13.0388;13.0388;13.0388;14-Mar-2017
124877;Reliance Interval Fund - II - Series 4-Dividend Plan -Dividend Option;INF204KA1BB2;INF204KA1BC0;10.2258;10.2258;10.2258;14-Mar-2017
124874;Reliance Interval Fund - II - Series 4-Growth Plan-Growth Option;INF204KA1BD8;;13.0142;13.0142;13.0142;14-Mar-2017
120954;Reliance Yearly Interval Fund - Series 2 - Direct Plan - Dividend Plan - Dividend Option;INF204K01R83;INF204K01R91;10.0196;10.0196;10.0196;14-Mar-2017
120955;Reliance Yearly Interval Fund - Series 2 - Direct Plan - Growth Plan - Growth Option;INF204K01R75;-;14.1566;14.1566;14.1566;14-Mar-2017
120957;Reliance Yearly Interval Fund - Series 2 - Dividend Plan - Dividend Option;INF204K01R59;INF204K01R67;10.0191;10.0191;10.0191;14-Mar-2017
120956;Reliance Yearly Interval Fund - Series 2 - Growth Plan - Growth Option;INF204K01R42;-;14.1104;14.1104;14.1104;14-Mar-2017
121701;Reliance Yearly Interval Fund - Series 5 - Direct Plan - Growth Plan - Growth Option;INF204K01T57;-;13.8458;13.8458;13.8458;14-Mar-2017
121699;Reliance Yearly Interval Fund - Series 5 - Growth Plan - Growth Option;INF204K01T24;-;13.7823;13.7823;13.7823;14-Mar-2017
122653;Reliance Yearly Interval Fund - Series 8 - Direct Plan - Growth Plan - Growth Option;INF204K01V38;;13.5448;13.5448;13.5448;14-Mar-2017
122655;Reliance Yearly Interval Fund - Series 8 - Dividend Plan - Dividend Option;INF204K01V12;INF204K01V20;10.5709;10.5709;10.5709;14-Mar-2017
122652;Reliance Yearly Interval Fund - Series 8 - Growth Plan - Growth Option;INF204K01V04;;13.5084;13.5084;13.5084;14-Mar-2017
122726;Reliance Yearly Interval Fund - Series 9 - Direct Plan - Growth Plan - Growth Option;INF204K01V95;;13.4898;13.4898;13.4898;14-Mar-2017
122727;Reliance Yearly Interval Fund - Series 9 - Dividend Plan - Dividend Option;INF204K01V79;INF204K01V87;10.5207;10.5207;10.5207;14-Mar-2017
122729;Reliance Yearly Interval Fund - Series 9 - Growth Plan - Growth Option;INF204K01V61;;13.4513;13.4513;13.4513;14-Mar-2017

PGIM India Mutual Fund
138677;DHFL Pramerica FIXED MATURITY PLAN - SERIES 47 - DIRECT PLAN -GROWTH;INF223J01J00;;13.0481;13.0481;13.0481;14-Mar-2017
138679;DHFL Pramerica FIXED MATURITY PLAN - SERIES 47 - REGULAR PLAN -GROWTH;INF223J01I68;;12.9538;12.9538;12.9538;14-Mar-2017

Principal Mutual Fund
119481;Principal Bank CD Fund - Direct Plan - Dividend Option-Monthly;INF173K01HW4;INF173K01HX2;1130.5898;1119.2839;1130.5898;14-Mar-2017
119480;Principal Bank CD Fund - Direct Plan - Growth Option;INF173K01HV6;;2106.2472;2085.1847;2106.2472;14-Mar-2017
106891;Principal Bank CD Fund - Growth Option;INF173K01BE5;;2068.7548;2048.0673;2068.7548;14-Mar-2017
106892;Principal Bank CD Fund -Div Option-monthly;INF173K01BF2;INF173K01BG0;1129.0968;1117.8058;1129.0968;14-Mar-2017

UTI Mutual Fund
100648;UTI - CRTS 81 - Dividend Option;;;148.1802;148.1802;148.1802;14-Mar-2017
120787;UTI - CRTS 81 - Dividend Option- Direct;;;151.0894;151.0894;151.0894;14-Mar-2017
104588;UTI - CRTS 81 - Growth Option;;;324.806;324.806;324.806;14-Mar-2017
120788;UTI - CRTS 81 - Growth Option- Direct;;;330.1658;330.1658;330.1658;14-Mar-2017
101608;UTI - MIS-Growth;INF789F01AA8;;32.6391;32.6391;32.6391;14-Mar-2017
120776;UTI - MIS-Growth-Direct;INF789F01UV2;;33.4208;33.4208;33.4208;14-Mar-2017
101607;UTI - MIS-Income;INF789F01984;INF789F01992;12.164;12.164;12.164;14-Mar-2017
120775;UTI - MIS-Income-Direct;INF789F01UT6;INF789F01UU4;12.5148;12.5148;12.5148;14-Mar-2017
112067;UTI Smart Woman Savings Plan - Dividend Option;;;34.0033;34.0033;34.0033;14-Mar-2017
120774;UTI Smart Woman Savings Plan - Dividend Option- Direct;;;34.7036;34.7036;34.7036;14-Mar-2017
112066;UTI Smart Woman Savings Plan - Growth Option;;;34.0033;34.0033;34.0033;14-Mar-2017
120773;UTI Smart Woman Savings Plan - Growth Option- Direct;;;34.7009;34.7009;34.7009;14-Mar-2017

Open Ended Schemes ( Growth )


Aditya Birla Sun Life Mutual Fund
119617;Aditya Birla Sun Life India Opportunities Fund - Dividend - Direct Plan;INF209K01P98;;37.54;37.16;37.54;14-Mar-2017
100065;Aditya Birla Sun Life India Opportunities Fund - Dividend - Regular Plan;INF209K01280;INF209K01CK2;27.41;27.14;27.41;14-Mar-2017
119618;Aditya Birla Sun Life India Opportunities Fund - Growth - Direct Plan;INF209K01VR7;;124.70;123.45;124.70;14-Mar-2017
100066;Aditya Birla Sun Life India Opportunities Fund - Growth - Regular Plan;INF209K01298;;121.53;120.31;121.53;14-Mar-2017
119537;Aditya Birla Sun Life India Reforms Fund - Dividend - Direct Plan;INF209K01ZA4;;17.17;17.00;17.17;14-Mar-2017
119536;Aditya Birla Sun Life India Reforms Fund - Growth - Direct Plan;INF209K01YZ4;;17.16;16.99;17.16;14-Mar-2017
112922;Aditya Birla Sun Life India Reforms Fund-DIVIDEND;INF209K01EL6;INF209K01EM4;13.15;13.02;13.15;14-Mar-2017
112921;Aditya Birla Sun Life India Reforms Fund-GROWTH;INF209K01EK8;;16.72;16.55;16.72;14-Mar-2017
107505;Aditya Birla Sun Life Special Situations Fund - Dividend;INF209K01553;INF209K01CX5;16.3219;16.1587;16.3219;14-Mar-2017
119547;Aditya Birla Sun Life Special Situations Fund - Dividend - Direct Plan;INF209K01R05;INF209K01WX3;21.6935;21.4766;21.6935;14-Mar-2017
107504;Aditya Birla Sun Life Special Situations Fund - Growth;INF209K01561;;21.1579;20.9463;21.1579;14-Mar-2017
119546;Aditya Birla Sun Life Special Situations Fund - Growth - Direct Plan;INF209K01WW5;;21.7092;21.4921;21.7092;14-Mar-2017

DSP Mutual Fund
107354;DSP BlackRock Technology.com   Fund - Regular Plan - Dividend;INF740K01193;INF740K01201;23.147;22.916;23.147;14-Mar-2017
100090;DSP BlackRock Technology.com   Fund - Regular Plan - Growth;INF740K01219;;49.760;49.262;49.760;14-Mar-2017
119246;DSP BlackRock Technology.com Fund - Direct Plan - Dividend;INF740K01PP7;INF740K01PQ5;29.378;29.084;29.378;14-Mar-2017
119245;DSP BlackRock Technology.com Fund - Direct Plan - Growth;INF740K01PO0;;50.936;50.427;50.936;14-Mar-2017

HDFC Mutual Fund
119064;HDFC Index Fund Sensex Plus Plan-Direct Plan;INF179K01WO7;;399.8096;395.8115;399.8096;14-Mar-2017
101282;HDFC Index Fund-Sensex Plus( FV-Rs32.161);INF179K01LB7;;394.8456;390.8971;394.8456;14-Mar-2017

HSBC Mutual Fund
105227;HSBC Dividend Yield Equity Fund - Dividend;INF336L01BC0;INF336L01BB2;18.9331;18.9331;18.9331;14-Mar-2017
105228;HSBC Dividend Yield Equity Fund - Growth;INF336L01BD8;;18.9331;18.9331;18.9331;14-Mar-2017
120080;HSBC Dividend Yield Equity Fund-Dividend Direct;INF336L01EK7;INF336L01EL5;19.5046;19.5046;19.5046;14-Mar-2017
120081;HSBC Dividend Yield Equity Fund-Growth Direct;INF336L01EM3;;19.5046;19.5046;19.5046;14-Mar-2017

Nippon India Mutual Fund
118640;Reliance Focused Large Cap Fund - Direct Plan Dividend Plan;INF204K01XJ1;INF204K01XK9;18.4484;18.2639;18.4484;14-Mar-2017
118641;Reliance Focused Large Cap Fund - Direct Plan Growth Plan - Bonus Option;INF204K01D48;;27.2998;27.0268;27.2998;14-Mar-2017
118643;Reliance Focused Large Cap Fund - Direct Plan Growth Plan - Growth Option;INF204K01XL7;;27.2998;27.0268;27.2998;14-Mar-2017
103749;Reliance Focused Large Cap Fund-Dividend Plan;INF204K01653;INF204K01661;18.0126;17.8325;18.0126;14-Mar-2017
103748;Reliance Focused Large Cap Fund-Growth Plan-Bonus Option;INF204K01679;;26.5270;26.2617;26.5270;14-Mar-2017
103747;Reliance Focused Large Cap Fund-Growth Plan-Growth Option;INF204K01687;;26.5270;26.2617;26.5270;14-Mar-2017

Principal Mutual Fund
129726;Principal Index Fund- Midcap- Direct Plan - Dividend Option;INF173K01KM9;INF173K01KO5;18.3787;18.1949;18.3787;14-Mar-2017
129725;Principal Index Fund- Midcap- Direct Plan - Growth;INF173K01KP2;;18.3787;18.1949;18.3787;14-Mar-2017
129727;Principal Index Fund- Midcap- Regular Plan - Dividend Option;INF173K01KI7;INF173K01KK3;18.1153;17.9341;18.1153;14-Mar-2017
129728;Principal Index Fund- Midcap- Regular Plan - Growth;INF173K01KL1;;18.1153;17.9341;18.1153;14-Mar-2017

Sahara Mutual Fund
120373;SAHARA BANKING & FINANCIAL SERVICES FUND- GROWTH - Direct;INF515L01AJ6;;53.6294;53.0931;53.6294;14-Mar-2017
109493;SAHARA BANKING & FINANCIAL SERVICES FUND- GROWTH OPTION;INF515L01494;;52.0108;51.4907;52.0108;14-Mar-2017
120374;SAHARA BANKING & FINANCIAL SERVICES FUND-DIVIDEND - Direct;INF515L01AH0;INF515L01AI8;18.6420;18.4556;18.6420;14-Mar-2017
109494;SAHARA BANKING & FINANCIAL SERVICES FUND-DIVIDEND OPTION;INF515L01478;INF515L01486;18.3868;18.2029;18.3868;14-Mar-2017
101529;Sahara Growth Fund-Dividend;INF515L01155;INF515L01163;37.4504;37.0759;37.4504;14-Mar-2017
120288;Sahara Growth Fund-Dividend- Direct;INF515L01759;INF515L01767;37.9549;37.5754;37.9549;14-Mar-2017
101528;Sahara Growth Fund-Growth;INF515L01171;;128.9710;127.6813;128.9710;14-Mar-2017
120289;Sahara Growth Fund-Growth- Direct;INF515L01775;;137.6434;136.2670;137.6434;14-Mar-2017
120352;Sahara Infrastructure Fund ---FIXED PRICING -Direct-Dividend;INF515L01924;INF515L01932;17.5118;17.3367;17.5118;14-Mar-2017
120353;Sahara Infrastructure Fund ---FIXED PRICING OPTION-Direct-Growth;INF515L01940;;24.4516;24.2071;24.4516;14-Mar-2017
103730;Sahara Infrastructure Fund ---FIXED PRICING OPTION-Dividend Option;INF515L01320;INF515L01338;17.3081;17.1350;17.3081;14-Mar-2017
103731;Sahara Infrastructure Fund ---FIXED PRICING OPTION-Growth Option;INF515L01346;;23.7019;23.4649;23.7019;14-Mar-2017
120354;Sahara Infrastructure Fund ---VARIABLE PRICING OPTION-Direct-Dividend;INF515L01957;INF515L01965;19.7005;19.5035;19.7005;14-Mar-2017
120355;Sahara Infrastructure Fund ---VARIABLE PRICING OPTION-Direct-Growth;INF515L01973;;26.8748;26.6061;26.8748;14-Mar-2017
103732;Sahara Infrastructure Fund ---VARIABLE PRICING OPTION-Dividend Option;INF515L01353;INF515L01361;19.5161;19.3209;19.5161;14-Mar-2017
103733;Sahara Infrastructure Fund ---VARIABLE PRICING OPTION-Growth Option;INF515L01379;;26.5297;26.2644;26.5297;14-Mar-2017
100798;Sahara Midcap Fund-Auto Payout;INF515L01247;;71.4646;70.7500;71.4646;14-Mar-2017
120295;Sahara Midcap Fund-Auto Payout- Direct;INF515L01841;;73.7639;73.0263;73.7639;14-Mar-2017
100799;Sahara Midcap Fund-Bonus;INF515L01254;;71.4646;70.7500;71.4646;14-Mar-2017
120296;Sahara Midcap Fund-Bonus- Direct;INF515L01858;;73.7639;73.0263;73.7639;14-Mar-2017
120298;Sahara Midcap Fund-Dividend -Direct;INF515L01817;INF515L01825;31.8268;31.5085;31.8268;14-Mar-2017
100797;Sahara Midcap Fund-Dividend Plan;INF515L01213;INF515L01221;31.5082;31.1931;31.5082;14-Mar-2017
120297;Sahara Midcap Fund-Growth Option - Direct;INF515L01833;;73.7639;73.0263;73.7639;14-Mar-2017
100796;Sahara Midcap Fund-Growth Plan;INF515L01239;;71.4646;70.7500;71.4646;14-Mar-2017
108320;Sahara Power & Natural Resources Fund - Dividend Option;INF515L01445;INF515L01452;16.6487;16.4822;16.6487;14-Mar-2017
120371;Sahara Power & Natural resources Fund- Growth - Direct;INF515L01AG2;;20.1061;19.9050;20.1061;14-Mar-2017
108321;Sahara Power & Natural resources Fund- Growth Option;INF515L01460;;19.5197;19.3245;19.5197;14-Mar-2017
120370;Sahara Power & Natural Resources Fund-Dividend - Direct;INF515L01AE7;INF515L01AF4;16.0357;15.8753;16.0357;14-Mar-2017
106744;Sahara R.E.A.L Fund - Dividend Option;INF515L01387;INF515L01395;18.2705;18.0878;18.2705;14-Mar-2017
120360;Sahara R.E.A.L Fund - Dividend Option- Direct;INF515L01981;INF515L01999;18.5072;18.3221;18.5072;14-Mar-2017
106745;Sahara R.E.A.L Fund - Growth  Fund;INF515L01403;;18.2678;18.0851;18.2678;14-Mar-2017
120361;Sahara R.E.A.L Fund - Growth  Fund- Direct;INF515L01AA5;;19.2976;19.1046;19.2976;14-Mar-2017
120387;Sahara Star Value Fund-Dividend - Direct;INF515L01AS7;INF515L01AT5;17.2345;17.0622;17.2345;14-Mar-2017
112104;Sahara Star Value Fund-Dividend Option;INF515L01585;INF515L01593;17.0365;16.8661;17.0365;14-Mar-2017
120386;Sahara Star Value Fund-Growth - Direct;INF515L01AU3;;23.5591;23.3235;23.5591;14-Mar-2017
112105;Sahara Star Value Fund-Growth Option;INF515L01601;;21.9636;21.7440;21.9636;14-Mar-2017
120383;Sahara Super 20 Fund - Dividend - Direct;INF515L01AP3;INF515L01AQ1;16.3573;16.1937;16.3573;14-Mar-2017
112036;Sahara Super 20 Fund - Dividend Option;INF515L01551;INF515L01569;18.0620;17.8814;18.0620;14-Mar-2017
120382;Sahara Super 20 Fund - Growth - Direct;INF515L01AR9;;18.8037;18.6157;18.8037;14-Mar-2017
112037;Sahara Super 20 Fund - Growth Option;INF515L01577;;18.0796;17.8988;18.0796;14-Mar-2017
120341;Sahara Wealth Plus Fund-Fixed Pricing Option-Direct-Dividend Option;INF515L01866;INF515L01874;30.0734;29.7727;30.0734;14-Mar-2017
120340;Sahara Wealth Plus Fund-Fixed Pricing Option-Direct-Growth;INF515L01882;;42.2721;41.8494;42.2721;14-Mar-2017
103119;Sahara Wealth Plus Fund-Fixed Pricing Option-Dividend Option;INF515L01262;INF515L01270;29.7328;29.4355;29.7328;14-Mar-2017
103120;Sahara Wealth Plus Fund-Fixed Pricing Option-Growth Option;INF515L01288;;41.7478;41.3303;41.7478;14-Mar-2017
120344;Sahara Wealth Plus Fund-Variable Pricing Option-Direct -Dividend;INF515L01890;INF515L01908;34.3895;34.0456;34.3895;14-Mar-2017
120345;Sahara Wealth Plus Fund-Variable Pricing Option-Direct-Growth;INF515L01916;;47.6844;47.2076;47.6844;14-Mar-2017
103121;Sahara Wealth Plus Fund-Variable Pricing Option-Dividend Option;INF515L01296;INF515L01304;34.0344;33.6941;34.0344;14-Mar-2017
103122;Sahara Wealth Plus Fund-Variable Pricing Option-Growth Option;INF515L01312;;46.9440;46.4746;46.9440;14-Mar-2017

UTI Mutual Fund
120756;UTI Bluechip Flexicap Fund - Direct Plan - Dividend Option;INF789F01TV4;INF789F01TW2;21.7341;21.7341;21.7341;14-Mar-2017
120757;UTI Bluechip Flexicap Fund - Direct Plan - Growth Option;INF789F01TX0;;27.646;27.646;27.646;14-Mar-2017
103455;UTI Bluechip Flexicap Fund - Regular Plan - Dividend Option;INF789F01760;INF789F01778;21.4293;21.4293;21.4293;14-Mar-2017
103457;UTI Bluechip Flexicap Fund - Regular Plan - Growth option;INF789F01786;;27.3017;27.3017;27.3017;14-Mar-2017
131161;UTI Multi Cap Fund - Dividend Option;INF789FA1XV4;INF789FA1XW2;11.8404;11.8404;11.8404;14-Mar-2017
131162;UTI Multi Cap Fund - Dividend Option - Direct;INF789FA1XS0;INF789FA1XT8;11.9906;11.9906;11.9906;14-Mar-2017
131163;UTI Multi Cap Fund - Growth Option;INF789FA1XX0;;11.8404;11.8404;11.8404;14-Mar-2017
131164;UTI Multi Cap Fund - Growth Option - Direct;INF789FA1XU6;;11.9905;11.9905;11.9905;14-Mar-2017

Open Ended Schemes ( Balanced )


Edelweiss Mutual Fund
140361;Edelweiss Balanced Advantage Fund - Direct Plan - Dividend Option - deactivated;INF843K01KS4;INF843K01KT2;10.8851;10.7762;10.8851;14-Mar-2017
140357;Edelweiss Balanced Advantage Fund - Direct Plan - Growth Option-deactivated;INF843K01KQ8;;11.1083;10.9972;11.1083;14-Mar-2017
140360;Edelweiss Balanced Advantage Fund - Regular Plan - Bonus Option-deactivated;INF843K01KV8;;10.8005;10.6925;10.8005;14-Mar-2017
140362;Edelweiss Balanced Advantage Fund - Regular Plan - Dividend Option-deactivated;INF843K01KW6;INF843K01KX4;10.7993;10.6913;10.7993;14-Mar-2017
140359;Edelweiss Balanced Advantage Fund - Regular Plan - Growth Option-deactivated;INF843K01KU0;;10.8007;10.6927;10.8007;14-Mar-2017

HDFC Mutual Fund
100121;HDFC Balanced Fund - Dividend Option;INF179K01376;INF179K01384;29.057;28.766;29.057;14-Mar-2017
100122;HDFC Balanced Fund - Growth Option;INF179K01392;;127.702;126.425;127.702;14-Mar-2017
118932;HDFC Balanced Fund -Direct Plan - Dividend Option;INF179K01UX2;INF179K01UY0;31.437;31.123;31.437;14-Mar-2017
118933;HDFC Balanced Fund -Direct Plan - Growth Option;INF179K01UZ7;;132.187;130.865;132.187;14-Mar-2017
101978;HDFC Prudence Fund - Dividend Option;INF179K01AT2;INF179K01AU0;30.560;30.254;30.560;14-Mar-2017
101977;HDFC Prudence Fund - Growth Option;INF179K01AV8;;445.349;440.896;445.349;14-Mar-2017
118990;HDFC Prudence Fund -Direct Plan - Dividend Option;INF179K01YA2;INF179K01YB0;35.152;34.800;35.152;14-Mar-2017
118991;HDFC Prudence Fund -Direct Plan - Growth Option;INF179K01YC8;;458.927;454.338;458.927;14-Mar-2017

Open Ended Schemes ( Liquid )


JM Financial Mutual Fund
122314;JM Floater Short Term Fund (Direct) - Bonus Option - Principal Units;INF192K01EV3;;24.5543;24.5543;24.5543;14-Mar-2017
120414;JM Floater Short Term Fund (Direct) - Daily Dividend Option;;INF192K01CF0;10.0891;10.0891;10.0891;14-Mar-2017
120415;JM Floater Short Term Fund (Direct) - Growth Option;INF192K01CG8;;24.4811;24.4811;24.4811;14-Mar-2017
133413;JM Floater Short Term Fund (Direct) - Monthly Dividend Option;INF192K01IT8;INF192K01IU6;11.5417;11.5417;11.5417;14-Mar-2017
133391;JM Floater Short Term Fund - (Direct) - Half Yearly Bonus Option - Principal Units;INF192K01IX0;;24.5714;24.5714;24.5714;14-Mar-2017
122322;JM Floater Short Term Fund - Bonus Option - Principal Units;INF192K01ET7;;24.4306;24.4306;24.4306;14-Mar-2017
101420;JM Floater Short Term Fund - Daily Dividend Option;;INF192K01767;10.0883;10.0883;10.0883;14-Mar-2017
101421;JM Floater Short Term Fund - Growth Option;INF192K01775;;24.3506;24.3506;24.3506;14-Mar-2017
133393;JM Floater Short Term Fund - Half Yearly Bonus Option - Principal Units;INF192K01IV4;;24.4306;24.4306;24.4306;14-Mar-2017
133392;JM Floater Short Term Fund - Monthly Dividend Option;INF192K01IR2;INF192K01IS0;11.6810;11.6810;11.6810;14-Mar-2017

Sahara Mutual Fund
101397;Sahara Liquid Fund-Fixed Pricing -  Weekly Dividend Option;;INF515L01064;1027.4373;1027.4373;1027.4373;14-Mar-2017
101393;Sahara Liquid Fund-Fixed Pricing - Daily Dividend Option;;INF515L01049;1144.1080;1144.1080;1144.1080;14-Mar-2017
120265;Sahara Liquid Fund-Fixed Pricing - Direct - Weekly Dividend Option;;INF515L01668;1027.4373;1027.4373;1027.4373;14-Mar-2017
120262;Sahara Liquid Fund-Fixed Pricing - Direct -Growth option;INF515L01650;;2801.9148;2801.9148;2801.9148;14-Mar-2017
101394;Sahara Liquid Fund-Fixed Pricing - Growth option;INF515L01056;;2799.7564;2799.7564;2799.7564;14-Mar-2017
101398;Sahara Liquid Fund-Fixed Pricing - Monthly Dividend Option;;INF515L01072;1043.3721;1043.3721;1043.3721;14-Mar-2017
120253;Sahara Liquid Fund-Fixed Pricing -Direct - Daily Dividend Option- Direct;;INF515L01643;1144.1080;1144.1080;1144.1080;14-Mar-2017
120266;Sahara Liquid Fund-Fixed Pricing -Direct - Monthly Dividend Option;;INF515L01676;1043.3721;1043.3721;1043.3721;14-Mar-2017
101399;Sahara Liquid Fund-Variable Pricing - Daily Dividend option;;INF515L01080;1148.9491;1148.9491;1148.9491;14-Mar-2017
101402;Sahara Liquid Fund-Variable Pricing - Growth option;INF515L01114;;2849.6560;2849.6560;2849.6560;14-Mar-2017
101400;Sahara Liquid Fund-Variable Pricing - Weekly Dividend Option;;INF515L01098;1156.5003;1156.5003;1156.5003;14-Mar-2017
120271;Sahara Liquid Fund-Variable Pricing -Direct - Daily Dividend option;;INF515L01684;1038.8267;1038.8267;1038.8267;14-Mar-2017
120280;Sahara Liquid Fund-Variable Pricing -Direct - Growth option;INF515L01718;;2853.8705;2853.8705;2853.8705;14-Mar-2017
120272;Sahara Liquid Fund-Variable Pricing -Direct - Weekly Dividend Option;;INF515L01692;1156.5003;1156.5003;1156.5003;14-Mar-2017
120273;Sahara Liquid Fund-Variable Pricing- Direct - Monthly Dividend Option;;INF515L01700;1055.8972;1055.8972;1055.8972;14-Mar-2017
101401;Sahara Liquid Fund-Variable Pricing- Monthly Dividend Option;;INF515L01106;1167.9879;1167.9879;1167.9879;14-Mar-2017

Tata Mutual Fund
101987;Tata Liquid Fund Reglar Plan - Monthly Dividend;INF277K01LR5;INF277K01LS3;1003.3805;1003.3805;1003.3805;14-Mar-2017
101861;Tata Liquid Fund-Regular Plan  - Weekly Dividend;INF277K016C5;;1000.6798;1000.6798;1000.6798;14-Mar-2017
101984;Tata Liquid High Investment Plan - Daily;;;1114.3379;1114.3379;1114.3379;14-Mar-2017
101860;Tata Liquid High Investment Plan - Growth;INF277K01LN4;;2610.0667;2610.0667;2610.0667;14-Mar-2017
101859;Tata Liquid High Investment Plan - Weekly;;;1146.5173;1146.5173;1146.5173;14-Mar-2017
101982;Tata Liquid Retail Investment PLan - Daily;;;1116.8143;1116.8143;1116.8143;14-Mar-2017
101983;Tata Liquid Retail Investment Plan - Fortnightly;;;1144.9739;1144.9739;1144.9739;14-Mar-2017
101858;Tata Liquid Retail Investment Plan - Growth;INF277K01LM6;;3543.8597;3543.8597;3543.8597;14-Mar-2017

Open Ended Schemes ( Money Market )


quant Mutual Fund
103094;Escorts Mutual Fund Unclaimed Dundee Balanced Fund;;;0;0;0;14-Mar-2017
103093;Escorts Mutual Fund Unclaimed Dundee Corporate Bond Fund-Annual Dividend;;;0;0;0;14-Mar-2017
103089;Escorts Mutual Fund Unclaimed Dundee Corporate Bond Fund-Appreciation;;;0;0;0;14-Mar-2017
103092;Escorts Mutual Fund Unclaimed Dundee Corporate Bond Fund-Half Yearly Dividend;;;0;0;0;14-Mar-2017
103090;Escorts Mutual Fund Unclaimed Dundee Corporate Bond Fund-Monthly Dividend;;;0;0;0;14-Mar-2017
103091;Escorts Mutual Fund Unclaimed Dundee Corporate Bond Fund-Quarterly Dividend;;;0;0;0;14-Mar-2017
103041;Escorts Mutual Fund Unclaimed Dundee Liquidity Fund-Appreciation;;;0;0;0;14-Mar-2017
103042;Escorts Mutual Fund Unclaimed Dundee Liquidity Fund-Dividend;;;0;0;0;14-Mar-2017
103047;Escorts Mutual Fund Unclaimed Dundee PSU Bond Fund-Annual Dividend;;;0;0;0;14-Mar-2017
103043;Escorts Mutual Fund Unclaimed Dundee PSU Bond Fund-Appreciation;;;0;0;0;14-Mar-2017
103046;Escorts Mutual Fund Unclaimed Dundee PSU Bond Fund-Half Yearly Dividend;;;0;0;0;14-Mar-2017
103044;Escorts Mutual Fund Unclaimed Dundee PSU Bond Fund-Monthly Dividend;;;0;0;0;14-Mar-2017
103045;Escorts Mutual Fund Unclaimed Dundee PSU Bond Fund-Quarterly Dividend;;;0;0;0;14-Mar-2017
103033;Escorts Mutual Fund Unclaimed Dundee Sovereign Trust-Annual Dividend;;;0;0;0;14-Mar-2017
103029;Escorts Mutual Fund Unclaimed Dundee Sovereign Trust-Appreciation;;;0;0;0;14-Mar-2017
103032;Escorts Mutual Fund Unclaimed Dundee Sovereign Trust-Half Yearly Dividend;;;0;0;0;14-Mar-2017
103030;Escorts Mutual Fund Unclaimed Dundee Sovereign Trust-Monthly Dividend;;;0;0;0;14-Mar-2017
103095;Escorts Mutual Fund Unclaimed Dundee Tax Saver Fund;;;0;0;0;14-Mar-2017

Tata Mutual Fund
102152;Tata Money Market Fund Regular (Bonus / Dividend);;;1014.8825;1014.8825;1014.8825;14-Mar-2017
102153;Tata Money Market Fund Regular (Growth);INF277K01LY1;;2490.8175;2490.8175;2490.8175;14-Mar-2017

Taurus Mutual Fund
139619;Taurus Investor Education Pool - Unclaimed Dividend - Growth;;;10.0000;10.0000;N.A.;14-Mar-2017
139618;Taurus Investor Education Pool - Unclaimed Redemption - Growth;;;10.0000;10.0000;N.A.;14-Mar-2017
139616;Taurus Unclaimed Dividend - Growth;;;11.4399;11.4399;N.A.;14-Mar-2017
139617;Taurus Unclaimed Redemption - Growth;;;11.4400;11.4400;N.A.;14-Mar-2017

Open Ended Schemes ( Gilt )


Bandhan Mutual Fund
118764;IDFC  Government Securities Fund - Provident Fund -Direct Plan-Annual Dividend;INF194K01O88;INF194K01O70;13.8570;13.8570;13.8570;14-Mar-2017
118766;IDFC  Government Securities Fund - Provident Fund -Direct Plan-Growth;INF194K01O62;;29.2678;29.2678;29.2678;14-Mar-2017
118765;IDFC  Government Securities Fund - Provident Fund -Direct Plan-Quarterly Dividend;INF194K01P12;INF194K01P04;12.5855;12.5855;12.5855;14-Mar-2017
131392;IDFC GSF -PF -Direct Plan_Periodic Dividend;INF194KA1SF9;INF194KA1SG7;13.0369;13.0369;13.0369;14-Mar-2017
131393;IDFC GSF -PF -Regular Plan_Periodic Dividend;INF194KA1SC6;INF194KA1SD4;13.3760;13.3760;13.3760;14-Mar-2017
108663;IDFC GSF-Provident Fund-Regular Plan-Annual Dividend;INF194K01EO4;INF194K01EN6;12.4749;12.4749;12.4749;14-Mar-2017
108661;IDFC GSF-Provident Fund-Regular Plan-Growth;INF194K01EM8;;28.6267;28.6267;28.6267;14-Mar-2017
108662;IDFC GSF-Provident Fund-Regular Plan-Quarterly Dividend;INF194K01ER7;INF194K01EQ9;12.1949;12.1949;12.1949;14-Mar-2017

BNP Paribas Mutual Fund
122393;BNP Paribas Government Securities Fund - Annual dividend option;INF251K01JB8;INF251K01JL7;11.3528;11.3528;11.3528;14-Mar-2017
122291;BNP Paribas Government Securities Fund - Calendar quarterly dividend option;INF251K01JC6;INF251K01JM5;9.9082;9.9082;9.9082;14-Mar-2017
122376;BNP Paribas Government Securities Fund - Direct Plan - Annual dividend option;INF251K01JK9;INF251K01JS2;11.5452;11.5452;11.5452;14-Mar-2017
122374;BNP Paribas Government Securities Fund - Direct Plan - Growth Option;INF251K01JG7;;14.5727;14.5727;14.5727;14-Mar-2017
122400;BNP Paribas Government Securities Fund - Direct Plan - Monthly Dividend Option;INF251K01JH5;INF251K01JP8;10.0416;10.0416;10.0416;14-Mar-2017
122289;BNP Paribas Government Securities Fund - Growth Option;INF251K01JF9;;14.1689;14.1689;14.1689;14-Mar-2017
122293;BNP Paribas Government Securities Fund - Half yearly dividend option;INF251K01JD4;INF251K01JN3;10.3349;10.3349;10.3349;14-Mar-2017
122290;BNP Paribas Government Securities Fund -Monthly dividend option;INF251K01JE2;INF251K01JO1;9.7861;9.7861;9.7861;14-Mar-2017

HDFC Mutual Fund
119113;HDFC Gilt Fund Short Term Plan -Direct Plan - Dividend Option;INF179K01VU6;INF179K01VW2;11.4054;11.4054;11.4054;14-Mar-2017
119114;HDFC Gilt Fund Short Term Plan -Direct Plan - Growth Option;INF179K01VV4;;27.1936;27.1936;27.1936;14-Mar-2017
101081;HDFC Gilt Fund-Short Term-Dividend;INF179K01780;INF179K01798;11.2410;11.2410;11.2410;14-Mar-2017
101082;HDFC Gilt Fund-Short Term-Growth;INF179K01806;;26.8687;26.8687;26.8687;14-Mar-2017

ICICI Prudential Mutual Fund
120606;ICICI Prudential Gilt Fund Investment Plan PF Option - Direct Plan - Half Yearly Dividend;INF109K019C3;INF109K010D0;10.9349;10.9349;10.9349;14-Mar-2017
120605;ICICI Prudential Gilt Fund Investment Plan PF Option - Direct Plan -Growth Option;INF109K011D8;;32.7933;32.7933;32.7933;14-Mar-2017
102060;ICICI Prudential Gilt Fund Investment Plan PF Option - Growth;INF109K01JS2;;32.3848;32.3848;32.3848;14-Mar-2017
118019;ICICI Prudential Gilt Fund Investment Plan PF Option - Half Yearly Dividend;INF109K01I15;INF109K01I07;11.2895;11.2895;11.2895;14-Mar-2017
130901;ICICI Prudential Gilt Investment PF Option - Bonus;INF109KA1C31;;13.0212;13.0212;13.0212;14-Mar-2017
130954;ICICI Prudential Gilt Investment PF Option - Direct Plan Bonus;INF109KA1C23;;13.3869;13.3869;13.3869;14-Mar-2017
120612;ICICI Prudential Gilt Fund Treasury Plan PF Option - Direct Plan - Half Yearly Dividend;INF109K017D5;INF109K018D3;10.8479;10.7937;N.A.;14-Mar-2017
120610;ICICI Prudential Gilt Fund Treasury Plan PF Option - Direct Plan - Quarterly Dividend;INF109K019D1;INF109K010E8;12.4938;12.4313;12.4938;14-Mar-2017
120611;ICICI Prudential Gilt Fund Treasury Plan PF Option - Direct Plan -Growth Option;INF109K011E6;;24.2144;24.0933;24.2144;14-Mar-2017
102248;ICICI Prudential Gilt Fund Treasury Plan PF Option - Growth;INF109K01KA8;;23.7572;23.6384;23.7572;14-Mar-2017
118023;ICICI Prudential Gilt Fund Treasury Plan PF Option - Half Yearly Dividend;INF109K01I56;INF109K01I31;10.4246;10.3725;N.A.;14-Mar-2017
118022;ICICI Prudential Gilt Fund Treasury Plan PF Option - Quarterly Dividend;INF109K01I49;INF109K01I23;12.3736;12.3117;12.3736;14-Mar-2017
130905;ICICI Prudential Gilt Treasury PF Option - Bonus;INF109KA1C56;;12.3457;12.2840;12.3457;14-Mar-2017

Principal Mutual Fund
119454;Principal Government Securities Fund- Direct Plan - Dividend Option - Quarterly;INF173K01GF1;INF173K01GG9;12.0828;12.0828;12.0828;14-Mar-2017
119456;Principal Government Securities Fund- Direct Plan - Dividend Option- Annually;INF173K01GB0;INF173K01GC8;13.8949;13.8949;13.8949;14-Mar-2017
119453;Principal Government Securities Fund-Direct Plan - Growth Option;INF173K01GE4;;33.5063;33.5063;33.5063;14-Mar-2017
101117;Principal Government Securities Fund-Dividend Option - Quarterly;INF173K01AN8;INF173K01AO6;12.0155;12.0155;12.0155;14-Mar-2017
101119;Principal Government Securities Fund-Dividend Option- Annually;INF173K01AQ1;INF173K01AR9;13.4323;13.4323;13.4323;14-Mar-2017
101118;Principal Government Securities Fund-Growth;INF173K01AM0;;32.7231;32.7231;32.7231;14-Mar-2017

Tata Mutual Fund
101828;Tata Gilt Securities Short Maturity Fund -Regular Fund-Quarterly DIvidend;INF277K01DP6;INF277K01568;12.2658;12.2658;12.2658;14-Mar-2017
101883;Tata Gilt Securities Short Maturity Fund -Regular Plan-Growth;INF277K01576;;25.2955;25.2955;25.2955;14-Mar-2017
119955;Tata Gilt Short Maturity Fund - Direct Plan - Growth;INF277K01RC4;;25.8979;25.8979;25.8979;14-Mar-2017

Open Ended Schemes ( ELSS )


Aditya Birla Sun Life Mutual Fund
131741;Aditya Birla Sun Life Tax Savings Fund - Direct Plan - Bonus Option;INF084M01BX0;;58.23;58.23;58.23;14-Mar-2017
131740;Aditya Birla Sun Life Tax Savings Fund - Direct Plan - Dividend Option;INF084M01BV4;INF084M01BW2;28.59;28.59;28.59;14-Mar-2017
131739;Aditya Birla Sun Life Tax Savings Fund - Direct Plan - Growth Option;INF084M01BU6;;58.17;58.17;58.17;14-Mar-2017
131738;Aditya Birla Sun Life Tax Savings Fund - Regular Plan - Bonus Option;INF084M01333;;56.69;56.69;56.69;14-Mar-2017
131737;Aditya Birla Sun Life Tax Savings Fund - Regular Plan - Dividend Option;INF084M01317;INF084M01325;27.92;27.92;27.92;14-Mar-2017
131736;Aditya Birla Sun Life Tax Savings Fund - Regular Plan - Growth Option;INF084M01309;;56.61;56.61;56.61;14-Mar-2017

L&T Mutual Fund
112537;L&T Tax Saver Fund- Regular Plan - Dividend;INF917K01262;INF917K01270;27.21;27.21;27.21;14-Mar-2017
112538;L&T Tax Saver Fund-Regular Plan - Growth;INF917K01288;;31.74;31.74;31.74;14-Mar-2017

Sahara Mutual Fund
100337;SaharaTax Gain-Dividend;INF515L01189;INF515L01197;15.9635;15.8039;15.9635;14-Mar-2017
120290;SaharaTax Gain-Dividend- Direct;INF515L01783;INF515L01791;16.1739;16.0122;16.1739;14-Mar-2017
100338;SaharaTax Gain-Growth;INF515L01205;;68.1550;67.4735;68.1550;14-Mar-2017
120291;SaharaTax Gain-Growth- direct;INF515L01809;;69.9244;69.2252;69.9244;14-Mar-2017

Open Ended Schemes ( Floating Rate )


HDFC Mutual Fund
134209;HDFC Floating Rate Income Fund - Direct Plan - Normal Dividend Option;INF179KA16J1;;11.6466;11.5884;11.6466;14-Mar-2017
134210;HDFC Floating Rate Income Fund - Regular Plan - Normal Dividend Option;INF179KA17J9;;11.7264;11.6678;11.7264;14-Mar-2017
119112;HDFC Floating Rate Income Fund Long -Direct Plan - Growth Option;INF179K01VN1;;28.5348;28.3921;28.5348;14-Mar-2017
119111;HDFC Floating Rate Income Fund Long -Direct Plan - Weekly Dividend Option;;;10.4758;10.4234;10.4758;14-Mar-2017
101671;HDFC Floating Rate Income Fund-Long Term Plan-GROWTH;INF179K01624;;28.4716;28.3292;28.4716;14-Mar-2017
101670;HDFC Floating Rate Income Fund-Long Term Plan-Weekly Dividend Option;;INF179K01616;10.1434;10.0927;10.1434;14-Mar-2017

Open Ended Schemes ( Fund of Funds - Overseas )


Mirae Asset Mutual Fund
118832;Mirae Asset China Advantage Fund - Direct Plan - Dividend;INF769K01BG5;INF769K01BH3;14.716;14.422;14.716;14-Mar-2017
118831;Mirae Asset China Advantage Fund - Direct Plan - Growth;INF769K01BF7;;15.098;14.796;15.098;14-Mar-2017
112147;Mirae Asset China Advantage Fund - Regular Plan Growth Option;INF769K01077;;14.625;14.333;14.625;14-Mar-2017
112148;Mirae Asset China Advatage Fund-Regular Plan Dividend;INF769K01093;INF769K01085;14.625;14.333;14.625;14-Mar-2017

Open Ended Schemes ( Equity Scheme - Multi Cap Fund )


Baroda BNP Paribas Mutual Fund
119354;Baroda BNP Paribas MULTI CAP FUND - Direct Plan - Growth Option;INF955L01AG0;;88.96;88.07;88.96;14-Mar-2017
119353;Baroda BNP Paribas MULTI CAP FUND - Direct Plan - IDCW Option;INF955L01AE5;;34.73;34.38;34.73;14-Mar-2017
102020;Baroda BNP Paribas MULTI CAP FUND - Regular Plan - Growth Option;INF955L01674;;85.83;84.97;85.83;14-Mar-2017
102021;Baroda BNP Paribas MULTI CAP FUND - Regular Plan - IDCW Option;INF955L01658;INF955L01666;35.27;34.92;35.27;14-Mar-2017

BNP Paribas Mutual Fund
119988;BNP Paribas MULTI CAP Fund - Direct Plan - Growth Option;INF251K01HK3;;41.7540;41.7540;41.7540;14-Mar-2017
119987;BNP Paribas MULTI CAP Fund - Direct Plan - Income Distribution cum Capital Withdrawal Option;INF251K01HI7;INF251K01HJ5;16.9060;16.9060;16.9060;14-Mar-2017
113460;BNP PARIBAS MULTI CAP Fund-Growth Option;INF251K01951;;39.4020;39.4020;39.4020;14-Mar-2017
113461;BNP PARIBAS MULTI CAP Fund-Income Distribution cum Capital Withdrawal Option;INF251K01977;INF251K01969;15.8190;15.8190;15.8190;14-Mar-2017

ICICI Prudential Mutual Fund
120599;ICICI Prudential Multicap Fund - Direct Plan -  Growth;INF109K014O9;;252.63;250.10;252.63;14-Mar-2017
120598;ICICI Prudential Multicap Fund - Direct Plan -  IDCW;INF109K012O3;INF109K013O1;30.28;29.98;30.28;14-Mar-2017
101228;ICICI Prudential Multicap Fund - Growth;INF109K01613;;244.72;242.27;244.72;14-Mar-2017
101706;ICICI Prudential Multicap Fund - IDCW;INF109K01FK7;INF109K01621;23.76;23.52;23.76;14-Mar-2017

Invesco Mutual Fund
120413;Invesco India Multicap Fund - Direct Plan - Growth Option;INF205K01MS2;;43.13;42.70;43.13;14-Mar-2017
120412;Invesco India Multicap Fund - Direct Plan - IDCW (Payout / Reinvestment);INF205K01MQ6;INF205K01MR4;39.07;38.68;39.07;14-Mar-2017
107353;Invesco India Multicap Fund - Growth Option;INF205K01DN2;;40.72;40.31;40.72;14-Mar-2017
107352;Invesco India Multicap Fund - IDCW (Payout / Reinvestment);INF205K01DO0;INF205K01DP7;36.92;36.55;36.92;14-Mar-2017

L&T Mutual Fund
119291;L&T Flexicap Fund-Direct Plan-Growth;INF917K01FC0;;71.867;71.148;71.867;14-Mar-2017
119290;L&T Flexicap Fund-Direct Plan-IDCW;INF917K01FB2;INF917K01FA4;32.921;32.592;32.921;14-Mar-2017
118043;L&T Flexicap Fund-Regular Plan-Growth;INF677K01031;;69.892;69.193;69.892;14-Mar-2017
118044;L&T Flexicap Fund-Regular Plan-IDCW;INF677K01049;INF677K01056;29.891;29.592;29.891;14-Mar-2017

Nippon India Mutual Fund
118652;NIPPON INDIA MULTI CAP FUND - DIRECT Plan - IDCW Option;INF204K01XD4;INF204K01XE2;37.1856;36.8137;37.1856;14-Mar-2017
118651;Nippon India Multi Cap Fund - Direct Plan Growth Plan - Bonus Option;INF204K01D55;;79.1097;78.3186;79.1097;14-Mar-2017
118650;Nippon India Multi Cap Fund - Direct Plan Growth Plan - Growth Option;INF204K01XF9;;79.1097;78.3186;79.1097;14-Mar-2017
101163;NIPPON INDIA MULTI CAP FUND - IDCW Option;INF204K01455;INF204K01463;31.2001;30.8881;31.2001;14-Mar-2017
106253;Nippon India Multi Cap Fund Institutional Plan Growth Plan Growth Option;INF204K01448;;20.3919;20.1880;20.3919;14-Mar-2017
101162;Nippon India Multi Cap Fund-Growth Plan-Bonus Option;INF204K01471;;76.6250;75.8588;76.6250;14-Mar-2017
101161;Nippon India Multi Cap Fund-Growth Plan-Growth Option;INF204K01489;;76.6250;75.8588;76.6250;14-Mar-2017

Principal Mutual Fund
119451;Principal Multi Cap Growth Fund - Direct Plan -Half Yearly Income Distribution CUM Capital Withdrawal Option;INF173K01FN7;INF173K01FO5;44.68;44.23;44.68;14-Mar-2017
100966;Principal Multi Cap Growth Fund- Half Yearly Income Distribution CUM Capital Withdrawal Option;INF173K01957;INF173K01965;41.96;41.54;41.96;14-Mar-2017
119452;Principal Multi Cap Growth Fund-Direct Plan - Growth Option;INF173K01FQ0;;118.43;117.25;118.43;14-Mar-2017
100967;Principal Multi Cap Growth Fund-Growth Option;INF173K01940;;115.33;114.18;115.33;14-Mar-2017

quant Mutual Fund
100631;quant Multi Cap Fund-GROWTH OPTION - Regular Plan;INF966L01234;;143.2886;141.8557;143.2886;14-Mar-2017
120823;quant Multi Cap Fund-GROWTH OPTION-Direct Plan;INF966L01614;;143.9111;142.4720;143.9111;14-Mar-2017
120822;quant Multi Cap Fund-IDCW Option - Direct Plan;INF966L01598;INF966L01606;17.7497;17.5722;17.7497;14-Mar-2017
100630;quant Multi Cap Fund-IDCW Option - Regular Plan;INF966L01218;INF966L01226;17.5832;17.4074;17.5832;14-Mar-2017

Open Ended Schemes ( Equity Scheme - Large Cap Fund )


Aditya Birla Sun Life Mutual Fund
119528;Aditya Birla Sun Life Large Cap Fund - Growth - Direct Plan;INF209K01YY7;;196.23;194.27;196.23;14-Mar-2017
119527;Aditya Birla Sun Life Large Cap Fund-DIRECT - IDCW;INF209K01YX9;INF209K01YW1;43.78;43.34;43.78;14-Mar-2017
103174;Aditya Birla Sun Life Large Cap Fund-Growth;INF209K01BR9;;189.03;187.14;189.03;14-Mar-2017
103173;Aditya Birla Sun Life Large Cap Fund-Regular - IDCW;INF209K01BO6;INF209K01EC5;25.84;25.58;25.84;14-Mar-2017

Axis Mutual Fund
120465;Axis Large Cap Fund - Direct Plan - Growth;INF846K01DP8;;21.25;21.04;21.25;14-Mar-2017
120466;Axis Large Cap Fund - Direct Plan - IDCW;INF846K01DN3;INF846K01DO1;15.38;15.23;15.38;14-Mar-2017
112277;Axis Large Cap Fund - Regular Plan - Growth;INF846K01164;;20.32;20.12;20.32;14-Mar-2017
112278;Axis Large Cap Fund - Regular Plan - IDCW;INF846K01172;INF846K01180;14.70;14.55;14.70;14-Mar-2017

Bandhan Mutual Fund
108799;BANDHAN Large Cap Fund - Regular Plan - Growth;INF194K01516;;26.5665;26.5665;26.5665;14-Mar-2017
108800;BANDHAN Large Cap Fund - Regular Plan - IDCW;INF194K01490;INF194K01508;13.2479;13.2479;13.2479;14-Mar-2017
118479;BANDHAN Large Cap Fund-Direct Plan-Growth;INF194K01Z44;;27.8410;27.8410;27.8410;14-Mar-2017
118478;BANDHAN Large Cap Fund-Direct Plan-IDCW;INF194K01Z51;INF194K01Z69;15.9286;15.9286;15.9286;14-Mar-2017

Baroda BNP Paribas Mutual Fund
112943;Baroda Large cap Fund - Plan A - Growth Option;INF955L01633;;12.70;12.57;12.70;14-Mar-2017
112944;Baroda Large cap Fund - Plan A - IDCW Option;INF955L01617;INF955L01625;11.69;11.57;11.69;14-Mar-2017
119367;Baroda Large cap Fund - Plan B (Direct) - Growth Option;INF955L01AJ4;;13.03;12.90;13.03;14-Mar-2017
119366;Baroda Large cap Fund - Plan B (Direct) - IDCW Option;INF955L01AH8;;12.02;11.90;12.02;14-Mar-2017

BNP Paribas Mutual Fund
119893;BNP Paribas LARGE CAP Fund - Direct Plan - Growth Option;INF251K01HN7;;74.6200;74.6200;74.6200;14-Mar-2017
119894;BNP Paribas LARGE CAP Fund - Direct Plan - Income Distribution cum Capital Withdrawal Option;INF251K01HL1;INF251K01HM9;17.3200;17.3200;17.3200;14-Mar-2017
113544;BNP PARIBAS LARGE CAP Fund-Growth Option;INF251K01894;;71.6300;71.6300;71.6300;14-Mar-2017
113545;BNP PARIBAS LARGE CAP Fund-Income Distribution cum Capital Withdrawal Option;INF251K01910;INF251K01902;16.5800;16.5800;16.5800;14-Mar-2017

Canara Robeco Mutual Fund
118269;CANARA ROBECO LARGE CAP FUND - DIRECT PLAN - GROWTH OPTION;INF760K01FR2;;20.1600;20.1600;20.1600;14-Mar-2017
118270;CANARA ROBECO LARGE CAP FUND - DIRECT PLAN - IDCW (Payout/Reinvestment);INF760K01FP6;INF760K01FQ4;20.0400;20.0400;20.0400;14-Mar-2017
113221;CANARA ROBECO LARGE CAP FUND - REGULAR PLAN - GROWTH OPTION;INF760K01AR3;;19.4400;19.4400;19.4400;14-Mar-2017
113222;CANARA ROBECO LARGE CAP FUND - REGULAR PLAN - IDCW (Payout/Reinvestment);INF760K01AS1;INF760K01AT9;15.2000;15.2000;15.2000;14-Mar-2017

DSP Mutual Fund
119250;DSP Large Cap Fund - Direct Plan - Growth;INF740K01PR3;;180.556;178.750;180.556;14-Mar-2017
119249;DSP Large Cap Fund - Direct Plan - IDCW;INF740K01PS1;INF740K01PT9;22.624;22.398;22.624;14-Mar-2017
101635;DSP Large Cap Fund - Regular Plan - Growth;INF740K01243;;176.082;174.321;176.082;14-Mar-2017
101636;DSP Large Cap Fund - Regular Plan - IDCW;INF740K01227;INF740K01235;20.923;20.714;20.923;14-Mar-2017

Edelweiss Mutual Fund
118616;Edelweiss Large Cap Fund - Direct Plan - IDCW Option;INF754K01BT0;INF754K01BU8;20.81;20.6;20.81;14-Mar-2017
118617;Edelweiss Large Cap Fund - Direct Plan-Growth option;INF754K01BW4;;28.44;28.16;28.44;14-Mar-2017
111938;Edelweiss Large Cap Fund - Plan B - IDCW Option;INF754K01053;INF754K01061;28.23;27.95;28.23;14-Mar-2017
111939;Edelweiss Large Cap Fund - Plan C - IDCW Option;INF754K01095;INF754K01103;22.5;22.28;22.5;14-Mar-2017
111940;Edelweiss Large Cap Fund - Regular Plan - Growth Option;INF754K01046;;27.76;27.48;27.76;14-Mar-2017
111936;Edelweiss Large Cap Fund - Regular Plan - IDCW Option;INF754K01012;INF754K01020;18.71;18.52;18.71;14-Mar-2017
111935;Edelweiss Large Cap Fund -Plan B - Growth option;INF754K01087;;27.9;27.62;27.9;14-Mar-2017
111937;Edelweiss Large Cap Fund -Plan C - Growth option;INF754K01129;;27.53;27.25;27.53;14-Mar-2017

Franklin Templeton Mutual Fund
118462;Franklin India BLUECHIP FUND - Direct - IDCW ;INF090I01FO5;INF090I01FP2;41.3297;40.9164;41.3297;14-Mar-2017
100470;Franklin India BLUECHIP FUND - IDCW ;INF090I01155;INF090I01163;39.5531;39.1576;39.5531;14-Mar-2017
118531;Franklin India Bluechip Fund- Direct - Growth;INF090I01FN7;;420.4102;416.2061;420.4102;14-Mar-2017
100471;Franklin India Bluechip Fund-Growth;INF090I01171;;406.0662;402.0055;406.0662;14-Mar-2017

Groww Mutual Fund
119133;Groww Largecap Fund (formerly known as Indiabulls Blue Chip Fund) - Direct Plan - Growth Option;INF666M01600;;18.10;17.92;18.10;14-Mar-2017
116547;Groww Largecap Fund (formerly known as Indiabulls Blue Chip Fund) - Regular Plan- Growth Option;INF666M01162;;17.02;16.85;17.02;14-Mar-2017
119134;Groww Largecap Fund (formerly known as Indiabulls Bluechip Fund)- Direct Plan- - Income Distribution cum capital withdrawal Option (Payout & Reinvestment);INF666M01626;INF666M01618;15.34;15.19;15.34;14-Mar-2017
140814;Groww Largecap Fund (formerly known as Indiabulls Bluechip Fund)- Direct Plan- Half Yearly -Income Distribution cum capital withdrawal Option (Payout & Reinvestment);INF666M01CQ6;INF666M01CR4;10.18;10.08;10.18;14-Mar-2017
140809;Groww Largecap Fund (formerly known as Indiabulls Bluechip Fund)- Direct Plan- Monthly - Income Distribution cum capital withdrawal Option (Payout & Reinvestment);INF666M01CM5;INF666M01CN3;10.20;10.10;10.20;14-Mar-2017
140811;Groww Largecap Fund (formerly known as Indiabulls Bluechip Fund)- Direct Plan- Quarterly - Income Distribution cum capital withdrawal Option (Payout & Reinvestment);INF666M01CO1;INF666M01CP8;10.20;10.10;10.20;14-Mar-2017
116548;Groww Largecap Fund (formerly known as Indiabulls Bluechip Fund)- Regular Plan- - Income Distribution cum capital withdrawal Option (Payout & Reinvestment);INF666M01188;INF666M01170;14.65;14.50;14.65;14-Mar-2017
140813;Groww Largecap Fund (formerly known as Indiabulls Bluechip Fund)- Regular Plan- Half Yearly - Income Distribution cum capital withdrawal Option (Payout & Reinvestment);INF666M01CW4;INF666M01CX2;10.19;10.09;10.19;14-Mar-2017
140810;Groww Largecap Fund (formerly known as Indiabulls Bluechip Fund)- Regular Plan- Monthly - Income Distribution cum capital withdrawal Option (Payout & Reinvestment);INF666M01CS2;INF666M01CT0;10.18;10.08;10.18;14-Mar-2017
140812;Groww Largecap Fund (formerly known as Indiabulls Bluechip Fund)- Regular Plan- Quarterly - Income Distribution cum capital withdrawal Option (Payout & Reinvestment);INF666M01CU8;INF666M01CV6;10.16;10.06;10.16;14-Mar-2017

HDFC Mutual Fund
119018;HDFC Large Cap Fund - Growth Option - Direct Plan;INF179K01YV8;;404.623;400.577;404.623;14-Mar-2017
102000;HDFC Large Cap Fund - Growth Option - Regular Plan;INF179K01BE2;;394.048;390.108;394.048;14-Mar-2017
119017;HDFC Large Cap Fund - IDCW Option - Direct Plan;INF179K01YT2;INF179K01YU0;50.692;50.185;50.692;14-Mar-2017
102001;HDFC Large Cap Fund - IDCW Option - Regular Plan;INF179K01BC6;INF179K01BD4;49.033;48.543;49.033;14-Mar-2017

HSBC Mutual Fund
120030;HSBC Large Cap Fund - Direct Growth;INF336L01CM7;;178.8168;178.8168;178.8168;14-Mar-2017
120029;HSBC Large Cap Fund - Direct IDCW;INF336L01CK1;INF336L01CL9;29.6696;29.6696;29.6696;14-Mar-2017
101594;HSBC Large Cap Fund - Regular Growth;INF336L01016;;173.33;173.33;173.33;14-Mar-2017
101593;HSBC Large Cap Fund - Regular IDCW;INF336L01024;INF336L01032;28.5316;28.5316;28.5316;14-Mar-2017

ICICI Prudential Mutual Fund
108467;ICICI Prudential Bluechip Fund - Institutional Option - I - Growth;INF109K01BN0;;36.78;36.41;36.78;14-Mar-2017
120585;ICICI Prudential Large Cap Fund (erstwhile Bluechip Fund)  - Direct Plan - IDCW;INF109K014L5;INF109K015L2;29.72;29.42;29.72;14-Mar-2017
108466;ICICI Prudential Large Cap Fund (erstwhile Bluechip Fund)  - Growth;INF109K01BL4;;34.02;33.68;34.02;14-Mar-2017
108465;ICICI Prudential Large Cap Fund (erstwhile Bluechip Fund)  - IDCW;INF109K01EP9;INF109K01BM2;21.41;21.20;21.41;14-Mar-2017
120586;ICICI Prudential Large Cap Fund (erstwhile Bluechip Fund) - Direct Plan - Growth;INF109K016L0;;35.28;34.93;35.28;14-Mar-2017

IDBI Mutual Fund
117311;IDBI India Top 100 Equity Fund Growth;INF397L01869;;21.1100;20.9000;21.1100;14-Mar-2017
118344;IDBI India Top 100 Equity Fund Growth Direct;INF397L01BV2;;21.7300;21.5100;21.7300;14-Mar-2017
117310;IDBI India Top 100 Equity Fund IDCW;INF397L01836;INF397L01844;17.4800;17.3100;17.4800;14-Mar-2017
118448;IDBI India Top 100 Equity Fund IDCW Direct;INF397L01BW0;INF397L01BX8;18.0600;17.8800;18.0600;14-Mar-2017

Invesco Mutual Fund
120392;Invesco India Largecap Fund - Direct Plan - Growth;INF205K01LB0;;24.69;24.44;24.69;14-Mar-2017
120393;Invesco India Largecap Fund - Direct Plan - IDCW (Payout / Reinvestment);INF205K01KZ1;INF205K01LA2;17.49;17.32;17.49;14-Mar-2017
112098;Invesco India Largecap Fund - Growth;INF205K01304;;23.28;23.05;23.28;14-Mar-2017
112099;Invesco India Largecap Fund - IDCW (Payout / Reinvestment);INF205K01320;INF205K01312;16.63;16.46;16.63;14-Mar-2017

JM Financial Mutual Fund
134958;JM Large Cap Fund (Direct) - Annual IDCW;INF192K01JU4;INF192K01JV2;25.1106;25.1106;25.1106;14-Mar-2017
120490;JM Large Cap Fund (Direct) - Growth Option;INF192K01BZ0;;60.7705;60.7705;60.7705;14-Mar-2017
134957;JM Large Cap Fund (Direct) - Half Yearly IDCW ;INF192K01JR0;INF192K01JZ3;24.9331;24.9331;24.9331;14-Mar-2017
120489;JM Large Cap Fund (Direct) - IDCW;INF192K01BX5;INF192K01BY3;24.4755;24.4755;24.4755;14-Mar-2017
134956;JM Large Cap Fund (Direct) - Monthly IDCW ;INF192K01JJ7;INF192K01JK5;25.1106;25.1106;25.1106;14-Mar-2017
134960;JM Large Cap Fund (Direct) - Quarterly IDCW;INF192K01JN9;INF192K01JO7;25.1106;25.1106;25.1106;14-Mar-2017
134961;JM Large Cap Fund (Regular) - Annual IDCW;INF192K01JS8;INF192K01JT6;24.2188;24.2188;24.2188;14-Mar-2017
100219;JM Large Cap Fund (Regular) - Growth Option;INF192K01601;;57.9403;57.9403;57.9403;14-Mar-2017
134955;JM Large Cap Fund (Regular) - Half Yearly IDCW;INF192K01JP4;INF192K01JQ2;14.0021;14.0021;14.0021;14-Mar-2017
100218;JM Large Cap Fund (Regular) - IDCW ;INF192K01585;INF192K01593;23.5852;23.5852;23.5852;14-Mar-2017
134959;JM Large Cap Fund (Regular) - Monthly IDCW;INF192K01JH1;INF192K01JI9;23.9990;23.9990;23.9990;14-Mar-2017
134954;JM Large Cap Fund (Regular) - Quarterly IDCW;INF192K01JL3;INF192K01JM1;23.9337;23.9337;23.9337;14-Mar-2017

Kotak Mahindra Mutual Fund
120152;Kotak Large Cap  Fund - Growth - Direct;INF174K01KW6;;201.764;199.746;201.764;14-Mar-2017
114458;Kotak Large Cap Fund - Growth;INF174K01153;;193.705;191.768;193.705;14-Mar-2017
120153;Kotak Large Cap Fund - Payout of Income Distribution cum capital withdrawal option - Direct;INF174K01KY2;INF174K01KX4;37.008;36.638;37.008;14-Mar-2017
114457;Kotak Large Cap Fund - Payout of Income Distribution cumcapital withdrawal option;INF174K01179;INF174K01161;35.124;34.773;35.124;14-Mar-2017

L&T Mutual Fund
119308;L&T India Large Cap Fund - Direct Plan - Growth;INF917K01FQ0;;22.98;22.75;22.98;14-Mar-2017
119314;L&T India Large Cap Fund - Direct Plan- IDCW;INF917K01FP2;INF917K01FO5;17.144;16.973;17.144;14-Mar-2017
118069;L&T India Large Cap Fund - Regular Plan - Growth;INF677K01155;;22.34;22.117;22.34;14-Mar-2017
118070;L&T India Large Cap Fund - Regular Plan - IDCW;INF677K01163;INF677K01171;16.27;16.107;16.27;14-Mar-2017

LIC Mutual Fund
120267;LIC MF Large Cap Fund-Direct Plan-Growth;INF767K01EJ7;;22.5824;22.3566;22.5824;14-Mar-2017
120268;LIC MF Large Cap Fund-Direct Plan-IDCW;INF767K01EI9;INF767K01EK5;17.8036;17.6256;17.8036;14-Mar-2017
106871;LIC MF Large Cap Fund-Regular Plan-Growth;INF767K01105;;21.8768;21.6580;21.8768;14-Mar-2017
100332;LIC MF Large Cap Fund-Regular Plan-IDCW;INF767K01097;INF767K01089;16.0788;15.9180;16.0788;14-Mar-2017

Mirae Asset Mutual Fund
118825;Mirae Asset Large Cap Fund - Direct Plan - Growth;INF769K01AX2;;40.596;39.784;40.596;14-Mar-2017
107578;Mirae Asset Large Cap Fund - Growth Plan;INF769K01010;;39.113;38.331;39.113;14-Mar-2017
118826;Mirae Asset Large Cap Fund Direct IDCW;INF769K01AY0;INF769K01AZ7;30.228;29.623;30.228;14-Mar-2017
107579;Mirae Asset Large Cap Fund Regular IDCW;INF769K01036;INF769K01028;18.402;18.034;18.402;14-Mar-2017

Navi Mutual Fund
135660;Navi Large Cap Equity Fund - Annual IDCW Payout;INF959L01CB9;INF959L01CC7;16.6745;16.6745;16.6745;14-Mar-2017
135659;Navi Large Cap Equity Fund - Direct Plan Annual IDCW;INF959L01BV9;INF959L01BW7;18.3318;18.3318;18.3318;14-Mar-2017
135658;Navi Large Cap Equity Fund - Direct Plan Half Yearly IDCW;INF959L01BT3;INF959L01BU1;17.3276;17.3276;17.3276;14-Mar-2017
119149;Navi Large Cap Equity Fund - Direct Plan Normal IDCW Payout;INF959L01601;INF959L01619;16.1187;16.1187;16.1187;14-Mar-2017
135656;Navi Large Cap Equity Fund - Direct Plan Quarterly IDCW;INF959L01BK2;INF959L01BO4;14.3962;14.3962;14.3962;14-Mar-2017
115790;Navi Large Cap Equity Fund - Growth Option;INF959L01080;;19.5662;19.5662;19.5662;14-Mar-2017
135657;Navi Large Cap Equity Fund - Half Yearly IDCW Payout;INF959L01BZ0;INF959L01CA1;17.2414;17.2414;17.2414;14-Mar-2017
115788;Navi Large Cap Equity Fund - Normal IDCW Payout;INF959L01064;INF959L01072;15.3061;15.3061;15.3061;14-Mar-2017
135661;Navi Large Cap Equity Fund - Quarterly IDCW;INF959L01BX5;INF959L01BY3;14.4796;14.4796;14.4796;14-Mar-2017
119148;Navi Large Cap Equity Fund-Direct Plan-Growth Option;INF959L01593;;20.6397;20.6397;20.6397;14-Mar-2017

Nippon India Mutual Fund
106235;Nippon India Large Cap  Fund- Growth Plan -Growth Option;INF204K01562;;26.9684;26.6987;26.9684;14-Mar-2017
118634;NIPPON INDIA LARGE CAP FUND - DIRECT Plan - IDCW Option;INF204K01XG7;INF204K01XH5;18.5652;18.3795;18.5652;14-Mar-2017
118633;Nippon India Large Cap Fund - Direct Plan Growth Plan - Bonus Option;INF204K01D30;;27.9109;27.6318;27.9109;14-Mar-2017
118632;Nippon India Large Cap Fund - Direct Plan Growth Plan - Growth Option;INF204K01XI3;;27.9109;27.6318;27.9109;14-Mar-2017
106236;NIPPON INDIA LARGE CAP FUND - IDCW Option;INF204K01539;INF204K01547;15.1696;15.0179;15.1696;14-Mar-2017
106240;Nippon India Large Cap Fund- Growth Plan Bonus Option;INF204K01554;;26.9684;26.6987;26.9684;14-Mar-2017
106238;Nippon India Large Cap Fund-Institutional Plan Growth Plan Bonus Option;INF204K01513;;27.7874;27.5095;27.7874;14-Mar-2017

PGIM India Mutual Fund
138311;PGIM India Large Cap Fund - BONUS OPTION;INF223J01895;;18.94;18.75;18.94;14-Mar-2017
138314;PGIM India Large Cap Fund - Direct Plan - Bonus;INF223J01MM0;;19.63;19.43;19.63;14-Mar-2017
138313;PGIM India Large Cap Fund - Direct Plan - Dividend;INF663L01GS2;INF663L01GT0;20.85;20.64;20.85;14-Mar-2017
138312;PGIM India Large Cap Fund - Direct Plan - Growth;INF663L01GR4;;147.34;145.87;147.34;14-Mar-2017
138307;PGIM India Large Cap Fund - Dividend;INF663L01GU8;INF663L01GV6;18.99;18.8;18.99;14-Mar-2017
138308;PGIM India Large Cap Fund - Growth;INF663L01GW4;;140.62;139.21;140.62;14-Mar-2017
138310;PGIM India Large Cap Fund Wealth Plan - Growth Option;INF223J01267;;29.33;29.04;29.33;14-Mar-2017
138309;PGIM India Large Cap Fund Wealth Plan -Dividend Option;INF223J01242;;13.76;13.62;13.76;14-Mar-2017

SBI Mutual Fund
119585;SBI Large Cap Fund - Direct Plan - Income Distribution cum Capital Withdrawal Option (IDCW);INF200K01QV8;INF200K01QW6;22.094;21.8731;22.094;14-Mar-2017
103616;SBI Large Cap Fund - Regular Plan - Income Distribution cum Capital Withdrawal Option (IDCW);INF200K01164;INF200K01172;18.7018;18.5148;18.7018;14-Mar-2017
119598;SBI Large Cap FUND-DIRECT PLAN -GROWTH;INF200K01QX4;;34.0355;33.6951;34.0355;14-Mar-2017
103504;SBI Large Cap FUND-REGULAR PLAN GROWTH;INF200K01180;;32.8631;32.5345;32.8631;14-Mar-2017

Tata Mutual Fund
119160;Tata Large Cap Fund -Direct Plan Growth Option;INF277K01QZ7;;190.6953;188.7883;190.6953;14-Mar-2017
100475;Tata Large Cap Fund -Regular Plan - Growth Option;INF277K01931;;181.6277;179.8114;181.6277;14-Mar-2017
119159;Tata Large Cap Fund- Direct Plan - Payout of IDCW Option;INF277K01QX2;INF277K01QY0;46.8246;46.3564;46.8246;14-Mar-2017
102036;Tata Large Cap Fund- Regular Plan - Payout of IDCW Option;INF277K01EG3;INF277K01923;43.1385;42.7071;43.1385;14-Mar-2017

Taurus Mutual Fund
118870;Taurus Large Cap Fund - Direct Plan - Growth;INF044D01BX3;;68.91;68.57;68.91;14-Mar-2017
118871;Taurus Large Cap Fund - Direct Plan - Payout of Income Distribution cum Capital Withdrawal option;INF044D01BY1;INF044D01BZ8;66.52;66.19;66.52;14-Mar-2017
101209;Taurus Large Cap Fund - Regular Plan - Growth;INF044D01773;;66.57;66.24;66.57;14-Mar-2017
108403;Taurus Large Cap Fund - Regular Plan - Payout of Income Distribution cum Capital Withdrawal option;INF044D01740;INF044D01757;65.54;65.21;65.54;14-Mar-2017

UTI Mutual Fund
120656;UTI Large Cap Fund - Direct Plan - Growth Option;INF789F01US8;;101.2586;101.2586;101.2586;14-Mar-2017
120657;UTI Large Cap Fund - Direct Plan - IDCW;INF789F01UQ2;INF789F01UR0;32.6496;32.6496;32.6496;14-Mar-2017
100651;UTI Large Cap Fund - Regular Plan - Growth Option;INF789F01976;;99.2878;99.2878;99.2878;14-Mar-2017
100650;UTI Large Cap Fund - Regular Plan - IDCW;INF189A01038;INF789F01950;31.8781;31.8781;31.8781;14-Mar-2017

Open Ended Schemes ( Equity Scheme - Large & Mid Cap Fund )


Aditya Birla Sun Life Mutual Fund
119436;Aditya Birla Sun Life Large & Mid Cap Fund - Growth - Direct Plan;INF209K01VH8;;369.88;366.18;369.88;14-Mar-2017
100033;Aditya Birla Sun Life Large & Mid Cap Fund - Regular Growth;INF209K01165;;359.37;355.78;359.37;14-Mar-2017
119433;Aditya Birla Sun Life Large & Mid Cap Fund -Direct - IDCW;INF209K01VG0;INF209K01VI6;121.61;120.39;121.61;14-Mar-2017
100034;Aditya Birla Sun Life Large & Mid Cap Fund -Regular - IDCW;INF209K01157;INF209K01CE5;97.64;96.66;97.64;14-Mar-2017

Bandhan Mutual Fund
118419;Bandhan Large & Mid Cap Fund - Direct Plan - Growth;INF194K01V89;;39.6975;39.6975;39.6975;14-Mar-2017
118420;Bandhan Large & Mid Cap Fund - Direct Plan - IDCW;INF194K01V97;INF194K01W05;15.4134;15.4134;15.4134;14-Mar-2017
108596;Bandhan Large & Mid Cap Fund - Regular Plan - Growth;INF194K01524;;37.8427;37.8427;37.8427;14-Mar-2017
108597;Bandhan Large & Mid Cap Fund - Regular Plan - IDCW;INF194K01532;INF194K01540;14.0170;14.0170;14.0170;14-Mar-2017

Bank of India Mutual Fund
110598;BANK OF INDIA Large & Mid Cap  Equity Fund Regular Plan- Quarterly IDCW;INF761K01116;INF761K01124;11.68;11.56;11.68;14-Mar-2017
119349;BANK OF INDIA Large & Mid Cap Equity Fund Direct  Plan- Quarterly IDCW;INF761K01678;INF761K01660;11.69;11.57;11.69;14-Mar-2017
119300;BANK OF INDIA Large & Mid Cap Equity Fund Direct Plan- Bonus;INF761K01629;;16.22;16.06;16.22;14-Mar-2017
119350;BANK OF INDIA Large & Mid Cap Equity Fund Direct Plan-Growth;INF761K01652;;31.31;31.00;31.31;14-Mar-2017
119346;BANK OF INDIA Large & Mid Cap Equity Fund Direct Plan-Regular IDCW;INF761K01645;INF761K01637;14.37;14.23;14.37;14-Mar-2017
110599;BANK OF INDIA Large & Mid Cap Equity Fund Eco Plan- Growth;INF761K01041;;31.15;30.84;0.00;14-Mar-2017
110601;BANK OF INDIA Large & Mid Cap Equity Fund Eco Plan-Bonus;INF761K01017;;31.15;30.84;0.00;14-Mar-2017
110604;BANK OF INDIA Large & Mid Cap Equity Fund Eco Plan-Quarterly IDCW;INF761K01058;INF761K01066;11.39;11.28;0.00;14-Mar-2017
110608;BANK OF INDIA Large & Mid Cap Equity Fund Eco Plan-Regular IDCW;INF761K01025;INF761K01033;14.23;14.09;0.00;14-Mar-2017
110603;BANK OF INDIA Large & Mid Cap Equity Fund Regular Plan- Growth;INF761K01108;;29.92;29.62;29.92;14-Mar-2017
110607;BANK OF INDIA Large & Mid Cap Equity Fund Regular Plan- Regular IDCW;INF761K01082;INF761K01090;12.21;12.09;12.21;14-Mar-2017
110606;BANK OF INDIA Large & Mid Cap Equity Fund Regular Plan-Bonus;INF761K01074;;29.92;29.62;29.92;14-Mar-2017

Canara Robeco Mutual Fund
118278;CANARA ROBECO LARGE AND MID CAP FUND - DIRECT PLAN - GROWTH OPTION;INF760K01EI4;;77.8100;77.8100;77.8100;14-Mar-2017
118277;CANARA ROBECO LARGE AND MID CAP FUND - DIRECT PLAN - IDCW (Payout/Reinvestment);INF760K01EG8;INF760K01EH6;52.4400;52.4400;52.4400;14-Mar-2017
102920;CANARA ROBECO LARGE AND MID CAP FUND - REGULAR PLAN - GROWTH OPTION;INF760K01167;;74.8700;74.8700;74.8700;14-Mar-2017
102921;CANARA ROBECO LARGE AND MID CAP FUND - REGULAR PLAN - IDCW (Payout/Reinvestment);INF760K01175;INF760K01183;39.4300;39.4300;39.4300;14-Mar-2017

DSP Mutual Fund
119218;DSP Large & Mid Cap Fund - Direct Plan - Growth;INF740K01PL6;;191.490;189.575;191.490;14-Mar-2017
119219;DSP Large & Mid Cap Fund - Direct Plan - IDCW;INF740K01PM4;INF740K01PN2;45.772;45.314;45.772;14-Mar-2017
103819;DSP Large & Mid Cap Fund - Regular Plan - Growth;INF740K01094;;186.184;184.322;186.184;14-Mar-2017
103820;DSP Large & Mid Cap Fund - Regular Plan - IDCW;INF740K01078;INF740K01086;26.522;26.257;26.522;14-Mar-2017

Edelweiss Mutual Fund
140175;Edelweiss Large & Mid Cap Fund - Direct Plan - Growth Option;INF843K01AL0;;25.944;25.685;25.944;14-Mar-2017
140172;Edelweiss Large & Mid Cap Fund - Regular Plan - Growth Option;INF843K01047;;24.818;24.57;24.818;14-Mar-2017
140174;Edelweiss Large and Mid Cap Fund - Direct Plan - IDCW Option;INF843K01AM8;INF843K01AN6;15.889;15.73;15.889;14-Mar-2017
140173;Edelweiss Large and Mid Cap Fund - Regular Plan - IDCW Option;INF843K01054;INF843K01062;15.251;15.098;15.251;14-Mar-2017

Franklin Templeton Mutual Fund
118510;Franklin India Equity Advantage Fund - Direct - Growth;INF090I01IN1;;71.4356;70.7212;71.4356;14-Mar-2017
118509;Franklin India Equity Advantage Fund - Direct - IDCW ;INF090I01IL5;INF090I01IM3;18.4335;18.2492;18.4335;14-Mar-2017
102883;Franklin India Equity Advantage Fund - Growth Plan;INF090I01205;;69.3580;68.6644;69.3580;14-Mar-2017
102884;Franklin India Equity Advantage Fund - IDCW ;INF090I01189;INF090I01197;17.8153;17.6371;17.8153;14-Mar-2017

HDFC Mutual Fund
130496;HDFC Large and Mid Cap Fund - Growth Option;INF179KA1RT1;;96.609;95.643;96.609;14-Mar-2017
130498;HDFC Large and Mid Cap Fund - Growth Option - Direct Plan;INF179KA1RQ7;;97.393;96.419;97.393;14-Mar-2017
130497;HDFC Large and Mid Cap Fund - IDCW Option;INF179KA1RU9;;20.280;20.077;20.280;14-Mar-2017
130499;HDFC Large and Mid Cap Fund - IDCW Option - Direct Plan;INF179KA1RR5;;22.863;22.634;22.863;14-Mar-2017

ICICI Prudential Mutual Fund
120596;ICICI Prudential Large & Mid Cap Fund - Direct Plan - Growth;INF109K011O5;;298.82;295.83;298.82;14-Mar-2017
120597;ICICI Prudential Large & Mid Cap Fund - Direct Plan - IDCW;INF109K019N0;INF109K010O7;24.44;24.20;24.44;14-Mar-2017
100349;ICICI Prudential Large & Mid Cap Fund - Growth;INF109K01431;;288.64;285.75;288.64;14-Mar-2017
100348;ICICI Prudential Large & Mid Cap Fund - IDCW;INF109K01EQ7;INF109K01449;19.33;19.14;19.33;14-Mar-2017

Invesco Mutual Fund
120357;Invesco India Large & Mid Cap Fund - Direct Plan - Growth;INF205K01MA0;;27.77;27.49;27.77;14-Mar-2017
120356;Invesco India Large & Mid Cap Fund - Direct Plan - IDCW (Payout / Reinvestment);INF205K01LY2;INF205K01LZ9;15.29;15.14;15.29;14-Mar-2017
106144;Invesco India Large & Mid Cap Fund - Growth;INF205K01247;;26.13;25.87;26.13;14-Mar-2017
106143;Invesco India Large & Mid Cap Fund - IDCW (Payout / Reinvestment);INF205K01262;INF205K01254;14.26;14.12;14.26;14-Mar-2017

Kotak Mahindra Mutual Fund
120158;Kotak Large & Midcap Fund - Direct- Growth;INF174K01LF9;;102.984;101.954;102.984;14-Mar-2017
103234;Kotak Large & Midcap Fund - Growth-Regular;INF174K01187;;98.917;97.928;98.917;14-Mar-2017
120157;Kotak Large & Midcap Fund - IDCW-Direct;INF174K01LG7;INF174K01LH5;26.933;26.664;26.933;14-Mar-2017
103233;Kotak Large & Midcap Fund - IDCW-Regular;INF174K01203;INF174K01195;25.755;25.497;25.755;14-Mar-2017

L&T Mutual Fund
119398;L&T Large and Midcap Fund- Direct Plan -IDCW;INF917K01FS6;INF917K01FR8;29.531;29.236;29.531;14-Mar-2017
119397;L&T Large and Midcap Fund-Direct Plan-Growth;INF917K01FT4;;42.034;41.614;42.034;14-Mar-2017
118049;L&T Large and Midcap Fund-Regular Plan-Growth;INF677K01098;;40.833;40.425;40.833;14-Mar-2017
118050;L&T Large and Midcap Fund-Regular Plan-IDCW;INF677K01106;INF677K01114;28.557;28.271;28.557;14-Mar-2017

LIC Mutual Fund
133710;LIC MF Large & Mid Cap Fund-Direct Plan-Growth;INF767K01NE9;;12.2633;12.1407;12.2633;14-Mar-2017
133709;LIC MF Large & Mid Cap Fund-Direct Plan-IDCW;INF767K01ND1;INF767K01NF6;12.2575;12.1349;12.2575;14-Mar-2017
133711;LIC MF Large & Mid Cap Fund-Regular Plan-Growth;INF767K01NB5;;12.0517;11.9312;12.0517;14-Mar-2017
133712;LIC MF Large & Mid Cap Fund-Regular Plan-IDCW;INF767K01NA7;INF767K01NC3;12.0521;11.9316;12.0521;14-Mar-2017

Mirae Asset Mutual Fund
118834;Mirae Asset Large & Midcap Fund - Direct Plan - Growth;INF769K01BI1;;42.514;41.664;42.514;14-Mar-2017
118835;Mirae Asset Large & Midcap Fund - Direct Plan - IDCW;INF769K01BJ9;INF769K01BK7;38.770;37.995;38.770;14-Mar-2017
112932;Mirae Asset Large & Midcap Fund - Regular Plan - Growth;INF769K01101;;40.838;40.021;40.838;14-Mar-2017
112931;Mirae Asset Large & Midcap Fund - Regular Plan - IDCW;INF769K01127;INF769K01119;26.669;26.136;26.669;14-Mar-2017

Navi Mutual Fund
135679;Navi Large & Midcap Fund - Direct Normal IDCW Payout;INF959L01CI4;INF959L01CJ2;13.1944;13.1944;13.1944;14-Mar-2017
135680;Navi Large & Midcap Fund - Regular Normal IDCW Payout;INF959L01CL8;INF959L01CM6;12.9938;12.9938;12.9938;14-Mar-2017
135677;Navi Large & Midcap Fund- Direct Plan- Growth Option;INF959L01CH6;;13.3108;13.3108;13.3108;14-Mar-2017
135678;Navi Large & Midcap Fund- Regular Plan- Growth Option;INF959L01CK0;;12.9960;12.9960;12.9960;14-Mar-2017

Nippon India Mutual Fund
100378;NIPPON INDIA VISION FUND - IDCW Option;INF204K01372;INF204K01380;41.6152;41.1990;41.6152;14-Mar-2017
100379;Nippon India Vision Fund-GROWTH PLAN-Bonus Option;INF204K01398;;81.8774;81.0586;81.8774;14-Mar-2017
100380;Nippon India Vision Fund-GROWTH PLAN-Growth Option;INF204K01406;;486.1472;481.2857;486.1472;14-Mar-2017
118676;NIPPON INDIA VISION LARGE & MID CAP  FUND - DIRECT Plan - IDCW Option;INF204K01F04;INF204K01F12;43.1177;42.6865;43.1177;14-Mar-2017
118675;Nippon India Vision Large & Mid Cap Fund - Direct Plan Growth Plan - Bonus Option;INF204K01E96;;84.6373;83.7909;84.6373;14-Mar-2017
118678;Nippon India Vision Large & Mid Cap Fund - Direct Plan Growth Plan - Growth Option;INF204K01F20;;499.2012;494.2092;499.2012;14-Mar-2017
106255;Nippon India Vision Large & Mid Cap Fund Institutional Dividend Plan;INF204K01331;INF204K01349;268.3816;265.6978;268.3816;14-Mar-2017

Principal Mutual Fund
119441;Principal Emerging Bluechip Fund - Direct Plan - Growth Option;INF173K01EG4;;89.07;88.18;89.07;14-Mar-2017
119440;Principal Emerging Bluechip Fund - Direct Plan - Half Yearly Income Distribution CUM Capital Withdrawal Option;INF173K01EI0;INF173K01EH2;67.82;67.14;67.82;14-Mar-2017
111381;Principal Emerging Bluechip Fund - Growth Option;INF173K01155;;86.09;85.23;86.09;14-Mar-2017
111382;Principal Emerging Bluechip Fund - Half Yearly Income Distribution CUM Capital Withdrawal Option;INF173K01163;INF173K01171;48.71;48.22;48.71;14-Mar-2017

quant Mutual Fund
104515;quant Large & Mid Cap Fund - Bonus Option - Regular Plan;INF966L01424;;33.6678;33.3311;33.6678;14-Mar-2017
120824;quant Large & Mid Cap Fund - Bonus Option-Direct Plan;INF966L01655;;33.6678;33.3311;33.6678;14-Mar-2017
104513;quant Large & Mid Cap Fund - Growth Option;INF966L01341;;33.6443;33.3079;33.6443;14-Mar-2017
120826;quant Large & Mid Cap Fund - Growth Option-Direct Plan;INF966L01648;;33.9782;33.6384;33.9782;14-Mar-2017
120825;quant Large & Mid Cap Fund - IDCW Option - Direct Plan;INF966L01622;INF966L01630;18.4776;18.2928;18.4776;14-Mar-2017
104514;quant Large & Mid Cap Fund - IDCW Option - Regular Plan;INF966L01325;INF966L01333;23.1478;22.9163;23.1478;14-Mar-2017

SBI Mutual Fund
119720;SBI Large & Midcap Fund - Direct Plan - Income Distribution cum Capital Withdrawal Option (IDCW);INF200K01UH9;INF200K01UI7;106.573;105.5073;106.573;14-Mar-2017
101530;SBI Large & Midcap Fund - Regular Plan - Income Distribution cum Capital Withdrawal Option (IDCW);INF200K01289;INF200K01297;90.8026;89.8946;90.8026;14-Mar-2017
119721;SBI LARGE & MIDCAP FUND -DIRECT PLAN -Growth;INF200K01UJ5;;183.032;181.2017;183.032;14-Mar-2017
103024;SBI LARGE & MIDCAP FUND- REGULAR PLAN -Growth;INF200K01305;;179.977;178.1772;179.977;14-Mar-2017

Sundaram Mutual Fund
119565;Sundaram Large and Midcap Direct Plan - Income Distribution cum Capital Withdrawal (IDCW);INF903J01PP3;INF903J01PQ1;19.5392;19.3438;19.5392;14-Mar-2017
119566;Sundaram Large and Midcap Fund Direct Plan - Growth;INF903J01PR9;;27.5262;27.2509;27.5262;14-Mar-2017
105001;Sundaram Large and Midcap Fund Regular Plan - Growth;INF903J01DT1;;26.9253;26.6560;26.9253;14-Mar-2017
105000;Sundaram Large and Midcap Regular Plan - Income Distribution cum Capital Withdrawal (IDCW);INF903J01DU9;INF903J01DV7;19.0422;18.8518;19.0422;14-Mar-2017

Tata Mutual Fund
119202;Tata Large & MId Cap Fund -Direct Plan- Growth Option;INF277K01MK8;;176.1779;174.4161;176.1779;14-Mar-2017
119201;Tata Large & Mid Cap Fund Direct Plan - Payout of IDCW Option;INF277K01MI2;INF277K01MJ0;37.5984;37.2224;37.5984;14-Mar-2017
101823;Tata Large & Mid Cap Fund Regular Plan - Payout of IDCW Option;INF277K01DH3;INF277K01410;30.3091;30.0060;30.3091;14-Mar-2017
101824;Tata Large & Mid Cap Fund- Regular Plan - Growth Option;INF277K01428;;168.4141;166.7300;168.4141;14-Mar-2017

UTI Mutual Fund
120665;UTI Large & Mid Cap Fund - Direct Plan - Growth Option;INF789F01UG3;;55.0452;55.0452;55.0452;14-Mar-2017
120664;UTI Large & Mid Cap Fund - Direct Plan - IDCW;INF789F01UE8;INF789F01UF5;34.1552;34.1552;34.1552;14-Mar-2017
100664;UTI Large & Mid Cap Fund - Regular Plan - Growth Option;INF789F01869;;54.1625;54.1625;54.1625;14-Mar-2017
100663;UTI Large & Mid Cap Fund - Regular Plan - IDCW;INF189A01046;INF789F01851;33.5543;33.5543;33.5543;14-Mar-2017

Open Ended Schemes ( Equity Scheme - Mid Cap Fund )


Aditya Birla Sun Life Mutual Fund
119620;Aditya Birla Sun Life Midcap Fund - Growth - Direct Plan;INF209K01Q30;;271.91;269.19;271.91;14-Mar-2017
119619;Aditya Birla Sun Life Midcap Fund -DIRECT - IDCW;INF209K01Q22;;51.12;50.61;51.12;14-Mar-2017
101591;Aditya Birla Sun Life Midcap Fund -REGULAR - IDCW;INF209K01355;INF209K01CN6;34.12;33.78;34.12;14-Mar-2017
101592;Aditya Birla Sun Life MIDCAP Fund-Growth;INF209K01363;;262.98;260.35;262.98;14-Mar-2017

Axis Mutual Fund
120505;Axis Midcap Fund - Direct Plan - Growth;INF846K01EH3;;27.87;27.59;27.87;14-Mar-2017
120504;Axis Midcap Fund - Direct Plan - IDCW;INF846K01EF7;INF846K01EG5;23.95;23.71;23.95;14-Mar-2017
114564;Axis Midcap Fund - Regular Plan - Growth;INF846K01859;;26.49;26.23;26.49;14-Mar-2017
114565;Axis Midcap Fund - Regular Plan - IDCW;INF846K01867;INF846K01875;20.64;20.43;20.64;14-Mar-2017

Baroda BNP Paribas Mutual Fund
113327;Baroda Mid-cap Fund- Plan A - Growth Option;INF955L01609;;7.96;7.88;7.96;14-Mar-2017
113328;Baroda Mid-cap Fund- Plan A - IDCW Option;INF955L01583;INF955L01591;7.96;7.88;7.96;14-Mar-2017
119392;Baroda Mid-cap Fund- Plan B (Direct) - Growth Option;INF955L01AV9;;8.22;8.14;8.22;14-Mar-2017
119313;Baroda Mid-cap Fund-Plan B (Direct)-IDCW Option;INF955L01AT3;;8.22;8.14;8.22;14-Mar-2017

BNP Paribas Mutual Fund
120002;BNP Paribas Mid Cap Fund - Direct Plan - Growth Option;INF251K01HQ0;;29.8150;29.8150;29.8150;14-Mar-2017
120001;BNP Paribas Mid Cap Fund - Direct Plan - Income Distribution cum Capital Withdrawal Option;INF251K01HO5;INF251K01HP2;29.6810;29.6810;29.6810;14-Mar-2017
113566;BNP Paribas Mid Cap Fund-Growth Option;INF251K01AW3;;28.4240;28.4240;28.4240;14-Mar-2017
113567;BNP Paribas Mid Cap Fund-Income Distribution cum Capital Withdrawal Option;INF251K01AX1;INF251K01AY9;28.3070;28.3070;28.3070;14-Mar-2017

DSP Mutual Fund
119071;DSP Midcap Fund - Direct Plan - Growth;INF740K01PX1;;48.206;47.724;48.206;14-Mar-2017
119070;DSP Midcap Fund - Direct Plan - IDCW;INF740K01PY9;INF740K01PZ6;37.558;37.182;37.558;14-Mar-2017
104481;DSP Midcap Fund - Regular Plan - Growth;INF740K01128;;46.851;46.382;46.851;14-Mar-2017
104482;DSP Midcap Fund - Regular Plan - IDCW;INF740K01102;INF740K01110;24.153;23.911;24.153;14-Mar-2017

Edelweiss Mutual Fund
140228;Edelweiss Mid Cap Fund - Direct Plan - Growth Option;INF843K01AO4;;22.941;22.712;22.941;14-Mar-2017
140227;Edelweiss Mid Cap Fund - Direct Plan - IDCW Option;INF843K01AP1;INF843K01AQ9;22.072;21.851;22.072;14-Mar-2017
140225;Edelweiss Mid Cap Fund - Regular Plan - Growth Option;INF843K01013;;22.05;21.83;22.05;14-Mar-2017
140226;Edelweiss Mid Cap Fund - Regular Plan - IDCW Option;INF843K01021;INF843K01039;20.328;20.125;20.328;14-Mar-2017

Franklin Templeton Mutual Fund
118533;Franklin India Prima Fund - Direct - Growth;INF090I01FH9;;857.8710;849.2923;857.8710;14-Mar-2017
118532;Franklin India PRIMA FUND - Direct - IDCW ;INF090I01FI7;INF090I01FJ5;66.5166;65.8514;66.5166;14-Mar-2017
100472;Franklin India PRIMA FUND - IDCW ;INF090I01726;INF090I01734;63.1448;62.5134;63.1448;14-Mar-2017
100473;Franklin India Prima Fund-Growth;INF090I01809;;821.0094;812.7993;821.0094;14-Mar-2017

HDFC Mutual Fund
118989;HDFC Mid Cap Fund - Growth Option - Direct Plan;INF179K01XQ0;;49.010;48.520;49.010;14-Mar-2017
105758;HDFC Mid Cap Fund - Growth Plan;INF179K01CR2;;47.445;46.971;47.445;14-Mar-2017
118988;HDFC Mid Cap Fund - IDCW Option - Direct Plan;INF179K01XO5;INF179K01XP2;36.191;35.829;36.191;14-Mar-2017
105757;HDFC Mid Cap Fund - IDCW Plan;INF179K01CS0;INF179K01CT8;31.297;30.984;31.297;14-Mar-2017

ICICI Prudential Mutual Fund
120381;ICICI Prudential MidCap Fund - Direct Plan -  Growth;INF109K011N7;;85.79;84.93;85.79;14-Mar-2017
120380;ICICI Prudential MidCap Fund - Direct Plan -  IDCW;INF109K019M2;INF109K010N9;29.61;29.31;29.61;14-Mar-2017
102528;ICICI Prudential MidCap Fund - Growth;INF109K01AN2;;82.93;82.10;82.93;14-Mar-2017
102529;ICICI Prudential MidCap Fund - IDCW;INF109K01EH6;INF109K01AL6;24.99;24.74;24.99;14-Mar-2017

IDBI Mutual Fund
140461;IDBI Midcap Fund Growth Direct;INF397L01JK8;;10.1900;10.0900;10.1900;14-Mar-2017
140460;IDBI Midcap Fund Growth Regular;INF397L01JO0;;10.1500;10.0500;10.1500;14-Mar-2017
140458;IDBI Midcap Fund IDCW Direct;INF397L01JH4;INF397L01JI2;10.1900;10.0900;10.1900;14-Mar-2017
140459;IDBI Midcap Fund IDCW Regular;INF397L01JL6;INF397L01JM4;10.1500;10.0500;10.1500;14-Mar-2017

Invesco Mutual Fund
120403;Invesco India Midcap Fund - Direct Plan - Growth Option;INF205K01MV6;;42.13;41.71;42.13;14-Mar-2017
120402;Invesco India Midcap Fund - Direct Plan - IDCW (Payout / Reinvestment);INF205K01MT0;INF205K01MU8;27.84;27.56;27.84;14-Mar-2017
105503;Invesco India Midcap Fund - Growth Option;INF205K01BC9;;39.61;39.21;39.61;14-Mar-2017
105504;Invesco India Midcap Fund - IDCW (Payout / Reinvestment);INF205K01BD7;INF205K01BE5;26.00;25.74;26.00;14-Mar-2017

Kotak Mahindra Mutual Fund
119774;Kotak Midcap Fund  - Direct Plan - IDCW - Payout & Re-investment of Income Distribution cum capital withdrawal option;INF174K01LU8;INF174K01LV6;25.557;25.301;25.557;14-Mar-2017
119775;Kotak Midcap Fund - Direct Plan - Growth;INF174K01LT0;;34.936;34.587;34.936;14-Mar-2017
104908;Kotak Midcap Fund - Regular Plan - Growth;INF174K01DS9;;33.376;33.042;33.376;14-Mar-2017
104907;Kotak Midcap Fund - Regular Plan - IDCW -Payout & Re-investment of Income Distribution cum capital withdrawal option;INF174K01DU5;INF174K01DT7;24.297;24.054;24.297;14-Mar-2017

L&T Mutual Fund
119806;L&T Mid Cap Fund-Direct Plan -IDCW;INF917K01FX6;;44.04;43.6;44.04;14-Mar-2017
119807;L&T Mid Cap Fund-Direct Plan-Growth;INF917K01FZ1;;116.23;115.07;116.23;14-Mar-2017
112496;L&T Mid Cap Fund-Regular Plan-Growth;INF917K01254;;112.49;111.37;112.49;14-Mar-2017
112495;L&T Mid Cap Fund-Regular Plan-IDCW;INF917K01239;INF917K01247;42.47;42.05;42.47;14-Mar-2017

Motilal Oswal Mutual Fund
127044;Motilal Oswal Midcap Fund-Direct - IDCW Payout/Reinvestment;INF247L01460;INF247L01452;21.6619;21.6619;21.6619;14-Mar-2017
127042;Motilal Oswal Midcap Fund-Direct Plan-Growth Option;INF247L01445;;24.1211;24.1211;24.1211;14-Mar-2017
127040;Motilal Oswal Midcap Fund-Regular - IDCW Payout/Reinvestment;INF247L01437;INF247L01429;20.8293;20.8293;20.8293;14-Mar-2017
127039;Motilal Oswal Midcap Fund-Regular Plan-Growth Option;INF247L01411;;23.2436;23.2436;23.2436;14-Mar-2017

Nippon India Mutual Fund
100375;NIPPON INDIA GROWTH FUND - IDCW Option;INF204K01299;INF204K01307;61.7407;61.1233;61.7407;14-Mar-2017
100376;Nippon India Growth Fund-Growth Plan-Bonus Option;INF204K01315;;155.0312;153.4809;155.0312;14-Mar-2017
100377;Nippon India Growth Fund-Growth Plan-Growth Option;INF204K01323;;931.9315;922.6122;931.9315;14-Mar-2017
118666;NIPPON INDIA GROWTH MID CAP FUND - DIRECT Plan - IDCW Option;INF204K01E39;INF204K01E47;74.9683;74.2186;74.9683;14-Mar-2017
118665;Nippon India Growth Mid Cap Fund - Direct Plan Growth Plan - Bonus Option;INF204K01E21;;159.3863;157.7924;159.3863;14-Mar-2017
118668;Nippon India Growth Mid Cap Fund - Direct Plan Growth Plan - Growth Option;INF204K01E54;;959.3879;949.7940;959.3879;14-Mar-2017
106260;NIPPON INDIA GROWTH MID CAP FUND - INSTITUTIONAL Plan - IDCW Option;INF204K01257;INF204K01265;557.4735;551.8988;557.4735;14-Mar-2017

PGIM India Mutual Fund
125301;PGIM India Midcap Fund - Direct Plan - Dividend Option - Payout;INF663L01DW1;INF663L01DX9;15.5;15.35;15.5;14-Mar-2017
125307;PGIM India Midcap Fund - Direct Plan - Growth Option;INF663L01DV3;;17.78;17.6;17.78;14-Mar-2017
125306;PGIM India Midcap Fund - Regular Plan - Dividend Option - Payout;INF663L01EA5;INF663L01EB3;14.38;14.24;14.38;14-Mar-2017
125305;PGIM India Midcap Fund - Regular Plan - Growth Option;INF663L01DZ4;;17.46;17.29;17.46;14-Mar-2017

quant Mutual Fund
120841;quant Mid Cap Fund - Growth Option - Direct Plan;INF966L01887;;47.5888;47.1129;47.5888;14-Mar-2017
101065;quant Mid Cap Fund - Growth Option - Regular Plan;INF966L01176;;47.3442;46.8708;47.3442;14-Mar-2017
120840;quant Mid Cap Fund - IDCW Option - Direct Plan;INF966L01861;INF966L01879;16.7574;16.5898;16.7574;14-Mar-2017
101066;quant Mid Cap Fund - IDCW Option - Regular Plan;INF966L01150;INF966L01168;16.7574;16.5898;16.7574;14-Mar-2017

SBI Mutual Fund
119716;SBI MIDCAP FUND - DIRECT PLAN - GROWTH;INF200K01TP4;;73.8202;73.082;73.8202;14-Mar-2017
119715;SBI Midcap Fund - Direct Plan - Income Distribution cum Capital Withdrawal Option (IDCW);INF200K01TN9;INF200K01TO7;44.1418;43.7004;44.1418;14-Mar-2017
102941;SBI MIDCAP FUND - REGULAR PLAN - GROWTH;INF200K01560;;71.171;70.4593;71.171;14-Mar-2017
102942;SBI Midcap Fund - Regular Plan - Income Distribution cum Capital Withdrawal Option (IDCW);INF200K01578;INF200K01586;30.6848;30.378;30.6848;14-Mar-2017

Sundaram Mutual Fund
119581;Sundaram Mid Cap Fund Direct Plan - Growth;INF903J01MJ3;;437.9201;433.5409;437.9201;14-Mar-2017
119582;Sundaram Mid Cap Fund Direct Plan - Income Distribution cum Capital Withdrawal (IDCW);INF903J01MH7;INF903J01MI5;38.2685;37.8858;38.2685;14-Mar-2017
111941;Sundaram Mid Cap Fund Institutional Plan - Growth;INF903J01207;;446.9935;442.5236;446.9935;14-Mar-2017
111942;Sundaram Mid Cap Fund Institutional Plan - Income Distribution cum Capital Withdrawal (IDCW);INF903J01215;INF903J01223;34.2143;33.8722;34.2143;14-Mar-2017
101539;Sundaram Mid Cap Fund Regular Plan - Growth;INF903J01173;;429.3700;425.0763;429.3700;14-Mar-2017
101538;Sundaram Mid Cap Fund Regular Plan - Income Distribution cum Capital Withdrawal (IDCW);INF903J01181;INF903J01199;37.3863;37.0124;37.3863;14-Mar-2017

Tata Mutual Fund
119182;Tata Mid Cap Growth Fund - Direct Plan Bonus(Growth);INF277K01PV8;;109.4520;108.3575;109.4520;14-Mar-2017
119178;Tata Mid Cap Growth Fund - Direct Plan- Growth Option;INF277K01PY2;;119.2809;118.0881;119.2809;14-Mar-2017
119177;Tata Mid Cap Growth Fund - Direct Plan- IDCW Option;INF277K01PW6;INF277K01PX4;45.1600;44.7084;45.1600;14-Mar-2017
102328;Tata Mid Cap Growth Fund Regular Plan- Growth Option;INF277K01626;;115.6467;114.4902;115.6467;14-Mar-2017
102326;Tata Mid Cap Growth Fund-Regular Plan - IDCW Option;INF277K01DS0;INF277K01642;37.7915;37.4136;37.7915;14-Mar-2017
102329;Tata Mid Cap Growth Fund Regular Plan  - Bonus (Growth);INF277K01634;;107.6533;106.5768;107.6533;14-Mar-2017

Taurus Mutual Fund
118872;Taurus Mid Cap Fund - Direct Plan - Growth;INF044D01CA9;;36.24;36.06;36.24;14-Mar-2017
118873;Taurus Mid Cap Fund - Direct Plan - Payout of Income Distribution cum Capital Withdrawal option;INF044D01CB7;INF044D01CC5;32.21;32.05;32.21;14-Mar-2017
100477;Taurus Mid Cap Fund - Regular Plan - Growth;INF044D01815;;35.48;35.30;35.48;14-Mar-2017
111642;Taurus Mid Cap Fund - Regular Plan - Payout of Income Distribution cum Capital Withdrawal option;INF044D01781;INF044D01799;31.62;31.46;31.62;14-Mar-2017

UTI Mutual Fund
120727;UTI Mid Cap Fund - Direct Plan - IDCW;INF789F01TY8;INF789F01TZ5;52.7684;52.7684;52.7684;14-Mar-2017
102393;UTI Mid Cap Fund - Regular Plan - IDCW;INF789F01794;INF789F01802;49.7153;49.7153;49.7153;14-Mar-2017
102394;UTI Mid Cap Fund-Growth Option;INF789F01810;;91.4632;91.4632;91.4632;14-Mar-2017
120726;UTI Mid Cap Fund-Growth Option- Direct;INF789F01UA6;;94.4007;94.4007;94.4007;14-Mar-2017

Open Ended Schemes ( Equity Scheme - Small Cap Fund )


Aditya Birla Sun Life Mutual Fund
105804;Aditya Birla Sun Life Small Cap Fund - GROWTH;INF209K01EN2;;32.7118;32.3847;32.7118;14-Mar-2017
119556;Aditya Birla Sun Life Small Cap Fund - Growth - Direct Plan;INF209K01WN4;;33.8806;33.5418;33.8806;14-Mar-2017
119557;Aditya Birla Sun Life Small Cap Fund -Direct - IDCW;INF209K01WM6;;32.8271;32.4988;32.8271;14-Mar-2017
105805;Aditya Birla Sun Life Small Cap Fund -Regular - IDCW;INF209K01EO0;INF209K01EP7;23.1352;22.9038;23.1352;14-Mar-2017

Axis Mutual Fund
125354;Axis Small Cap Fund - Direct Plan - Growth;INF846K01K35;;23.56;23.56;23.56;14-Mar-2017
125351;Axis Small Cap Fund - Direct Plan - IDCW;INF846K01K43;INF846K01K50;21.21;21.21;21.21;14-Mar-2017
125350;Axis Small Cap Fund - Regular Plan - Growth;INF846K01K01;;22.71;22.71;22.71;14-Mar-2017
125352;Axis Small Cap Fund - Regular Plan - IDCW;INF846K01K19;INF846K01K27;20.40;20.40;20.40;14-Mar-2017

DSP Mutual Fund
119212;DSP Small Cap Fund - Direct Plan - Growth;INF740K01QD1;;56.611;56.045;56.611;14-Mar-2017
119213;DSP Small Cap Fund - Direct Plan - IDCW;INF740K01QE9;INF740K01QF6;34.371;34.027;34.371;14-Mar-2017
105989;DSP Small Cap Fund - Regular - Growth;INF740K01797;;55.018;54.468;55.018;14-Mar-2017
113153;DSP Small Cap Fund - Regular - IDCW;INF740K01805;INF740K01AM6;33.407;33.073;33.407;14-Mar-2017

Franklin Templeton Mutual Fund
118525;Franklin India Smaller Companies Fund - Direct - Growth;INF090I01IQ4;;51.3685;50.8548;51.3685;14-Mar-2017
118524;Franklin India Smaller Companies Fund - Direct - IDCW ;INF090I01IO9;INF090I01IP6;27.9484;27.6689;27.9484;14-Mar-2017
103361;Franklin India Smaller Companies Fund - IDCW ;INF090I01544;INF090I01551;26.4638;26.1992;26.4638;14-Mar-2017
103360;Franklin India Smaller Companies Fund-Growth;INF090I01569;;49.1116;48.6205;49.1116;14-Mar-2017

HDFC Mutual Fund
130502;HDFC Small Cap Fund - Growth Option;INF179KA1RZ8;;32.001;31.681;32.001;14-Mar-2017
130503;HDFC Small Cap Fund - Growth Option - Direct Plan;INF179KA1RW5;;33.310;32.977;33.310;14-Mar-2017
130501;HDFC Small Cap Fund - IDCW Option;INF179KA1SA9;INF179KA1SB7;20.900;20.691;20.900;14-Mar-2017
130504;HDFC Small Cap Fund - IDCW Option - Direct Plan;INF179KA1RX3;INF179KA1RY1;22.058;21.837;22.058;14-Mar-2017

ICICI Prudential Mutual Fund
120591;ICICI Prudential Smallcap Fund - Direct Plan - Growth;INF109K015M0;;24.16;23.92;24.16;14-Mar-2017
120870;ICICI Prudential Smallcap Fund - Direct Plan - IDCW;INF109K013M5;INF109K014M3;24.17;23.93;24.17;14-Mar-2017
106823;ICICI Prudential Smallcap Fund - Growth;INF109K01BI0;;23.64;23.40;23.64;14-Mar-2017
106822;ICICI Prudential Smallcap Fund - IDCW;INF109K01FA8;INF109K01BJ8;16.62;16.45;16.62;14-Mar-2017
106821;ICICI Prudential Smallcap Fund - Institutional Growth;INF109K01BK6;;23.65;23.41;23.65;14-Mar-2017

Kotak Mahindra Mutual Fund
102875;Kotak-Small Cap Fund - Growth;INF174K01211;;66.08;65.419;66.08;14-Mar-2017
120164;Kotak-Small Cap Fund - Growth - Direct;INF174K01KT2;;69.413;68.719;69.413;14-Mar-2017
102874;Kotak-Small Cap Fund - Payout of Income Distribution cum capital withdrawal option;INF174K01237;INF174K01229;35.174;34.822;35.174;14-Mar-2017
120163;Kotak-Small Cap Fund - Payout of Income Distribution cum capital withdrawal option - Direct;INF174K01KU0;INF174K01KV8;37.12;36.749;37.12;14-Mar-2017

L&T Mutual Fund
129220;L&T Emerging Businesses Fund - Direct Plan - Growth;INF917K01QA1;;20.445;20.241;20.445;14-Mar-2017
129222;L&T Emerging Businesses Fund - Direct Plan - IDCW;INF917K01PZ0;INF917K01XP5;18.867;18.678;18.867;14-Mar-2017
129223;L&T Emerging Businesses Fund - Regular Plan - Growth;INF917K01QC7;;20.05;19.85;20.05;14-Mar-2017
129221;L&T Emerging Businesses Fund - Regular Plan - IDCW;INF917K01QB9;INF917K01XQ3;18.476;18.291;18.476;14-Mar-2017

Nippon India Mutual Fund
118775;NIPPON INDIA SMALL CAP FUND - Direct Plan - IDCW Option;INF204K01J91;INF204K01K07;26.7137;26.4466;26.7137;14-Mar-2017
118777;Nippon India Small Cap Fund - Direct Plan Growth Plan - Bonus Option;INF204K01J83;;34.1220;33.7808;34.1220;14-Mar-2017
118778;Nippon India Small Cap Fund - Direct Plan Growth Plan - Growth Option;INF204K01K15;;34.1220;33.7808;34.1220;14-Mar-2017
113178;Nippon India Small Cap Fund - Growth Plan - Bonus Option;INF204K01HZ0;;32.9140;32.5849;32.9140;14-Mar-2017
113177;Nippon India Small Cap Fund - Growth Plan - Growth Option;INF204K01HY3;;32.9140;32.5849;32.9140;14-Mar-2017
113179;NIPPON INDIA SMALL CAP FUND - IDCW Option;INF204K01IA1;INF204K01IB9;25.6257;25.3694;25.6257;14-Mar-2017

quant Mutual Fund
100177;quant Small Cap Fund - Growth - Regular Plan;INF966L01AA0;;48.5158;48.2732;48.5158;14-Mar-2017
120828;quant Small Cap Fund - Growth Option - Direct Plan;INF966L01689;;48.9317;48.6870;48.9317;14-Mar-2017
120827;quant Small Cap Fund - IDCW Option - Direct Plan;INF966L01663;INF966L01671;39.9259;39.7263;39.9259;14-Mar-2017
100176;quant Small Cap Fund - IDCW Option - Regular Plan;INF206A01022;INF966L01044;39.5588;39.3610;39.5588;14-Mar-2017

SBI Mutual Fund
125497;SBI Small Cap Fund - Direct Plan - Growth;INF200K01T51;;41.304;40.891;41.304;14-Mar-2017
125496;SBI Small Cap Fund - Direct Plan - Income Distribution cum Capital Withdrawal Option (IDCW);INF200K01T69;INF200K01T77;35.8817;35.5229;35.8817;14-Mar-2017
125494;SBI Small Cap Fund - Regular Plan - Growth;INF200K01T28;;39.4609;39.0663;39.4609;14-Mar-2017
125495;SBI Small Cap Fund - Regular Plan - Income Distribution cum Capital Withdrawal Option (IDCW);INF200K01T36;INF200K01T44;29.68;29.3832;29.68;14-Mar-2017

Sundaram Mutual Fund
119589;Sundaram Small Cap Fund Direct Plan - Growth;INF903J01NK9;;84.6354;83.7890;84.6354;14-Mar-2017
119588;Sundaram Small Cap Fund Direct Plan - Income Distribution cum Capital Withdrawal (IDCW);INF903J01NI3;INF903J01NJ1;22.4123;22.1882;22.4123;14-Mar-2017
112064;Sundaram Small Cap Fund Institutional Plan - Growth;INF903J01504;;86.4203;85.5561;86.4203;14-Mar-2017
112207;Sundaram Small Cap Fund Institutional Plan - Income Distribution cum Capital Withdrawal (IDCW);INF903J01488;INF903J01496;22.9995;22.7695;22.9995;14-Mar-2017
100795;Sundaram Small Cap Fund Regular Plan - Growth;INF903J01470;;83.0790;82.2482;83.0790;14-Mar-2017
100794;Sundaram Small Cap Fund Regular Plan - Income Distribution cum Capital Withdrawal (IDCW);INF903J01454;INF903J01462;21.8875;21.6686;21.8875;14-Mar-2017

Union Mutual Fund
129649;Union Small Cap Fund - Direct Plan - Growth Option;INF582M01BU9;;13.45;13.32;13.45;14-Mar-2017
129646;Union Small Cap Fund - Direct Plan - IDCW Option;INF582M01BW5;INF582M01BV7;13.45;13.32;13.45;14-Mar-2017
129647;Union Small Cap Fund - Regular Plan - Growth Option;INF582M01BY1;;13.12;12.99;13.12;14-Mar-2017
129648;Union Small Cap Fund - Regular Plan - IDCW Option;INF582M01CA9;INF582M01BZ8;13.12;12.99;13.12;14-Mar-2017

Open Ended Schemes ( Equity Scheme - Dividend Yield Fund )


Aditya Birla Sun Life Mutual Fund
119507;Aditya Birla Sun Life Dividend Yield Fund - Growth - Direct Plan;INF209K01WA1;;160.32;158.72;160.32;14-Mar-2017
101738;Aditya Birla Sun Life Dividend Yield Fund - Growth - Regular Plan;INF209K01405;;155.19;153.64;155.19;14-Mar-2017
119506;Aditya Birla Sun Life Dividend Yield Fund -DIRECT - IDCW;INF209K01Q55;INF209K01WB9;23.06;22.83;23.06;14-Mar-2017
101737;Aditya Birla Sun Life Dividend Yield Fund -REGULAR - IDCW;INF209K01397;INF209K01CP1;16.13;15.97;16.13;14-Mar-2017

Franklin Templeton Mutual Fund
118527;Templeton India Equity Income Fund - Direct - Growth;INF090I01IT8;;40.4242;40.0200;40.4242;14-Mar-2017
118526;Templeton India EQUITY INCOME FUND - Direct - IDCW ;INF090I01IR2;INF090I01IS0;16.3484;16.1849;16.3484;14-Mar-2017
103679;Templeton India EQUITY INCOME FUND - IDCW ;INF090I01932;INF090I01940;15.8993;15.7403;15.8993;14-Mar-2017
103678;Templeton India Equity Income Fund-Growth Plan;INF090I01957;;39.4531;39.0586;39.4531;14-Mar-2017

ICICI Prudential Mutual Fund
129312;ICICI Prudential Dividend Yield Equity Fund Direct Plan Growth Option;INF109KA1UA0;;15.15;15.00;15.15;14-Mar-2017
129309;ICICI Prudential Dividend Yield Equity Fund Direct Plan IDCW Option;INF109KA1UB8;INF109KA1UC6;14.04;13.90;14.04;14-Mar-2017
129310;ICICI Prudential Dividend Yield Equity Fund Growth Option;INF109KA1TX4;;14.86;14.71;14.86;14-Mar-2017
129311;ICICI Prudential Dividend Yield Equity Fund IDCW Option;INF109KA1TY2;INF109KA1TZ9;13.76;13.62;13.76;14-Mar-2017

Principal Mutual Fund
119438;Principal Dividend Yield Fund - Direct Plan - Growth Option;INF173K01EV3;;42.21;41.79;42.21;14-Mar-2017
119437;Principal Dividend Yield Fund- Direct Plan - Half Yearly Income Distribution CUM Capital Withdrawal Option;INF173K01ES9;INF173K01ET7;26.55;26.28;26.55;14-Mar-2017
102808;Principal Dividend Yield Fund- Half Yearly Income Distribution CUM Capital Withdrawal Plan;INF173K01AD9;INF173K01AE7;25.71;25.45;25.71;14-Mar-2017
102807;Principal Dividend Yield Fund-Growth Plan;INF173K01AC1;;41.31;40.90;41.31;14-Mar-2017

Tata Mutual Fund
102858;Tata Dividend Yield Fund  Regular Plan -( Div);INF277K01DD2;INF277K01337;27.6316;27.3553;27.6316;14-Mar-2017
102859;Tata Dividend Yield Fund Regular Plan;INF277K01345;;68.9970;68.3070;68.9970;14-Mar-2017
119235;Tata Dividend Yield Fund-Direct Plan Dividend;INF277K01MQ5;INF277K01MR3;29.3166;29.0234;29.3166;14-Mar-2017
119234;Tata Dividend Yield Fund-Direct Plan Growth;INF277K01MS1;;70.9752;70.2654;70.9752;14-Mar-2017

UTI Mutual Fund
120750;UTI Dividend Yield Fund - Direct Plan - IDCW;INF789F01SU8;INF789F01SV6;17.2822;17.2822;17.2822;14-Mar-2017
103025;UTI Dividend Yield Fund - Regular Plan - IDCW;INF789F01448;INF789F01455;15.9256;15.9256;15.9256;14-Mar-2017
103026;UTI-Dividend Yield Fund.-Growth;INF789F01463;;53.6584;53.6584;53.6584;14-Mar-2017
120749;UTI-Dividend Yield Fund.-Growth-Direct;INF789F01SW4;;55.0703;55.0703;55.0703;14-Mar-2017

Open Ended Schemes ( Equity Scheme - Value Fund )


Aditya Birla Sun Life Mutual Fund
119658;Aditya Birla Sun Life Value Fund - Direct - IDCW;INF209K01WP9;INF209K01WR5;44.7434;44.2960;44.7434;14-Mar-2017
119659;Aditya Birla Sun Life Value Fund - Growth - Direct Plan;INF209K01WQ7;;51.1203;50.6091;51.1203;14-Mar-2017
108167;Aditya Birla Sun Life Value Fund - Growth Option;INF209K01LF3;;49.4154;48.9212;49.4154;14-Mar-2017
108166;Aditya Birla Sun Life Value Fund - Regular - IDCW;INF209K01LE6;INF209K01LG1;29.4469;29.1524;29.4469;14-Mar-2017

Bandhan Mutual Fund
118481;Bandhan Value Fund - Direct Plan - Growth;INF194K01Z85;;43.7339;43.7339;43.7339;14-Mar-2017
118480;Bandhan Value Fund - Direct Plan - IDCW;INF194K01Z93;INF194K010A2;18.3214;18.3214;18.3214;14-Mar-2017
108909;Bandhan Value Fund - Regular Plan - Growth;INF194K01342;;42.2732;42.2732;42.2732;14-Mar-2017
108908;Bandhan Value Fund - Regular Plan - IDCW;INF194K01359;INF194K01367;17.6007;17.6007;17.6007;14-Mar-2017

Franklin Templeton Mutual Fund
118494;Templeton India Value Fund - Direct - Growth;INF090I01GY2;;231.3688;229.0551;231.3688;14-Mar-2017
118493;Templeton India Value Fund - Direct - IDCW ;INF090I01GW6;INF090I01GX4;67.4303;66.7560;67.4303;14-Mar-2017
100496;Templeton India Value Fund - Growth Plan;INF090I01296;;225.0760;222.8252;225.0760;14-Mar-2017
100497;Templeton India Value Fund - IDCW ;INF090I01270;INF090I01288;65.2704;64.6177;65.2704;14-Mar-2017

Groww Mutual Fund
135341;Groww Value Fund (formerly known as Indiabulls Value Fund) - Direct Plan - Growth Option;INF666M01BE4;;12.6142;12.4881;12.6142;14-Mar-2017
135343;Groww Value Fund (formerly known as Indiabulls Value Fund) - Regular Plan - Growth Option;INF666M01BH7;;12.1719;12.0502;12.1719;14-Mar-2017
135342;Groww Value Fund (formerly known as Indiabulls Value Fund)- Direct Plan- - Income Distribution cum capital withdrawal Option (Payout & Reinvestment);INF666M01BF1;INF666M01BG9;12.5962;12.4702;12.5962;14-Mar-2017
140819;Groww Value Fund (formerly known as Indiabulls Value Fund)- Direct Plan- Half Yearly - Income Distribution cum capital withdrawal Option (Payout & Reinvestment);INF666M01DC4;INF666M01DD2;10.1768;10.0750;10.1768;14-Mar-2017
140815;Groww Value Fund (formerly known as Indiabulls Value Fund)- Direct Plan- Monthly - Income Distribution cum capital withdrawal Option (Payout & Reinvestment);INF666M01CY0;INF666M01CZ7;10.1768;10.0750;10.1768;14-Mar-2017
140817;Groww Value Fund (formerly known as Indiabulls Value Fund)- Direct Plan- Quarterly - Income Distribution cum capital withdrawal Option (Payout & Reinvestment);INF666M01DA8;INF666M01DB6;10.1766;10.0748;10.1766;14-Mar-2017
135344;Groww Value Fund (formerly known as Indiabulls Value Fund)- Regular Plan - Income Distribution cum capital withdrawal Option (Payout & Reinvestment);INF666M01BI5;INF666M01BJ3;12.1717;12.0500;12.1717;14-Mar-2017
140820;Groww Value Fund (formerly known as Indiabulls Value Fund)- Regular Plan- Half Yearly -Income Distribution cum capital withdrawal Option (Payout & Reinvestment);INF666M01DI1;INF666M01DJ9;10.1162;10.0150;10.1162;14-Mar-2017

HDFC Mutual Fund
118935;HDFC Value Fund - Growth Option - Direct Plan;INF179K01VC4;;247.817;245.339;247.817;14-Mar-2017
101764;HDFC Value Fund - Growth Plan;INF179K01426;;240.598;238.192;240.598;14-Mar-2017
118934;HDFC Value Fund - IDCW Option - Direct Plan;INF179K01VA8;INF179K01VB6;27.296;27.023;27.296;14-Mar-2017
101765;HDFC Value Fund - IDCW Plan;INF179K01400;INF179K01418;26.237;25.975;26.237;14-Mar-2017

ICICI Prudential Mutual Fund
120323;ICICI Prudential Value Fund (erstwhile Value Discovery Fund) - Direct Plan - Growth;INF109K012K1;;135.50;134.15;135.50;14-Mar-2017
120322;ICICI Prudential Value Fund (erstwhile Value Discovery Fund) - Direct Plan - IDCW;INF109K011K3;INF109K010K5;49.31;48.82;49.31;14-Mar-2017
102594;ICICI Prudential Value Fund (erstwhile Value Discovery Fund) - Growth;INF109K01AF8;;130.11;128.81;130.11;14-Mar-2017
102595;ICICI Prudential Value Fund (erstwhile Value Discovery Fund) - IDCW;INF109K01EC7;INF109K01AD3;33.87;33.53;33.87;14-Mar-2017

JM Financial Mutual Fund
120486;JM Value Fund (Direct) - Growth Option;INF192K01BT3;;28.4114;28.4114;28.4114;14-Mar-2017
120485;JM Value Fund (Direct) - IDCW;INF192K01BR7;INF192K01BS5;19.3628;19.3628;19.3628;14-Mar-2017
100254;JM Value Fund (Regular) - Growth Option;INF137A01037;;27.0083;27.0083;27.0083;14-Mar-2017
106168;JM Value Fund (Regular) - IDCW;INF137A01011;INF137A01029;18.8594;18.8594;18.8594;14-Mar-2017

L&T Mutual Fund
119404;L&T India Value Fund-Direct Plan-Growth;INF917K01HD4;;32.14;31.819;32.14;14-Mar-2017
119403;L&T India Value Fund-Direct Plan-IDCW;INF917K01HC6;INF917K01HB8;26.836;26.568;26.836;14-Mar-2017
118102;L&T India Value Fund-Regular Plan-Growth;INF677K01023;;31.155;30.843;31.155;14-Mar-2017
118103;L&T India Value Fund-Regular Plan-IDCW;INF677K01213;INF677K01015;25.001;24.751;25.001;14-Mar-2017

Nippon India Mutual Fund
118782;NIPPON INDIA VALUE FUND - DIRECT Plan - IDCW Option;INF204K01K23;INF204K01K31;29.6853;29.3884;29.6853;14-Mar-2017
118784;Nippon India Value Fund - Direct Plan Growth Plan;INF204K01K49;;61.2734;60.6607;61.2734;14-Mar-2017
103086;NIPPON INDIA VALUE FUND - IDCW Option;INF204K01GC1;INF204K01GD9;23.9752;23.7354;23.9752;14-Mar-2017
103085;Nippon India Value Fund- Growth Plan;INF204K01GB3;;59.3274;58.7341;59.3274;14-Mar-2017

Quantum Mutual Fund
103490;Quantum Value Fund - Direct Plan Growth Option;INF082J01036;;48.09;46.17;48.09;14-Mar-2017
103491;Quantum Value Fund - Direct Plan IDCW;INF082J01044;INF082J01051;48.50;46.56;48.50;14-Mar-2017

Tata Mutual Fund
112218;Tata Equity P/E Fund - Regular Plan - Payout of IDCW-Option A(5%);INF277K01DI1;INF277K01436;53.7836;53.2458;53.7836;14-Mar-2017
101672;Tata Equity P/E Fund - Regular Plan -Growth Option;INF277K01451;;112.8917;111.7628;112.8917;14-Mar-2017
119231;Tata Equity P/E Fund -Direct Plan Growth Option;INF277K01ND1;;115.8036;114.6456;115.8036;14-Mar-2017
102428;Tata Equity P/E Fund Regular Plan - Payout of IDCW-Option B(10%);INF277K01DJ9;INF277K01444;49.5721;49.0764;49.5721;14-Mar-2017
119233;Tata Equity P/E Fund- Direct Plan - Payout of IDCW -Option B(10%);INF277K01NB5;INF277K01NC3;51.3644;50.8508;51.3644;14-Mar-2017
119232;Tata Equity P/E Fund- Direct Plan -Payout of IDCW-Option A(5%);INF277K01MZ6;INF277K01NA7;54.2387;53.6963;54.2387;14-Mar-2017

UTI Mutual Fund
120751;UTI Value Fund - Direct Plan - Growth Option;INF789F01VB2;;52.3981;52.3981;52.3981;14-Mar-2017
120752;UTI Value Fund - Direct Plan - IDCW;INF789F01UZ3;INF789F01VA4;20.2526;20.2526;20.2526;14-Mar-2017
103098;UTI Value Fund - Regular Plan - Growth Option;INF789F01AG5;;50.7907;50.7907;50.7907;14-Mar-2017
103097;UTI Value Fund - Regular Plan - IDCW;INF789F01AE0;INF789F01AF7;17.9941;17.9941;17.9941;14-Mar-2017

Open Ended Schemes ( Equity Scheme - Contra Fund )


Invesco Mutual Fund
120348;Invesco India Contra Fund - Direct Plan - Growth;INF205K01LE4;;38.81;38.42;38.81;14-Mar-2017
120349;Invesco India Contra Fund - Direct Plan - IDCW (Payout / Reinvestment);INF205K01LC8;INF205K01LD6;27.91;27.63;27.91;14-Mar-2017
105460;Invesco India Contra Fund - Growth;INF205K01189;;36.74;36.37;36.74;14-Mar-2017
105459;Invesco India Contra Fund - IDCW (Payout / Reinvestment);INF205K01205;INF205K01197;25.08;24.83;25.08;14-Mar-2017

Kotak Mahindra Mutual Fund
119769;Kotak Contra Fund - Direct Plan - Growth;INF174K01KZ9;;41.784;41.784;41.784;14-Mar-2017
119768;Kotak Contra Fund - Direct Plan - IDCW -Payout & Re-investment of Income Distribution cum capital withdrawal option- Direct;INF174K01LA0;INF174K01LB8;22.172;22.172;22.172;14-Mar-2017
103040;Kotak Contra Fund - Regular Plan - Growth;INF174K01245;;39.773;39.773;39.773;14-Mar-2017
103039;Kotak Contra Fund - Regular Plan - IDCW - Payout & Re-investment of Income Distribution cum capital withdrawal option;INF174K01260;INF174K01252;20.897;20.897;20.897;14-Mar-2017

SBI Mutual Fund
119835;SBI CONTRA FUND - DIRECT PLAN - GROWTH;INF200K01RA0;;99.3833;98.3895;99.3833;14-Mar-2017
119724;SBI Contra Fund - Direct Plan - Income Distribution cum Capital Withdrawal Option (IDCW);INF200K01QY2;INF200K01QZ9;26.0698;25.8091;26.0698;14-Mar-2017
100915;SBI Contra Fund - Regular Plan - Income Distribution cum Capital Withdrawal Option (IDCW);INF200K01347;INF200K01354;20.8627;20.6541;20.8627;14-Mar-2017
102414;SBI CONTRA FUND - REGULAR PLAN -GROWTH;INF200K01362;;96.9189;95.9497;96.9189;14-Mar-2017

Open Ended Schemes ( Equity Scheme - Focused Fund )


360 ONE Mutual Fund
131581;360 ONE Focused Fund - Direct Plan - Dividend;INF579M01910;INF579M01928;13.2457;13.2457;13.2457;14-Mar-2017
131579;360 ONE Focused Fund - Regular Plan - Dividend;INF579M01886;INF579M01894;11.5917;11.5917;11.5917;14-Mar-2017
131578;360 ONE Focused Fund -Regular Plan - Growth;INF579M01878;;13.1042;13.1042;13.1042;14-Mar-2017
131580;360 ONE Focused Fund-Direct Plan-Growth;INF579M01902;;13.4172;13.4172;13.4172;14-Mar-2017

Aditya Birla Sun Life Mutual Fund
119564;Aditya Birla Sun Life Focused Fund - Growth - Direct Plan;INF209K01WE3;;52.0119;51.4918;52.0119;14-Mar-2017
119563;Aditya Birla Sun Life Focused Fund -Direct - IDCW;INF209K01Q71;INF209K01WF0;29.6299;29.3336;29.6299;14-Mar-2017
103309;Aditya Birla Sun Life Focused Fund -Growth Option;INF209K01462;;50.0817;49.5809;50.0817;14-Mar-2017
103308;Aditya Birla Sun Life Focused Fund -Regular - IDCW;INF209K01454;INF209K01CS5;17.3081;17.1350;17.3081;14-Mar-2017

Axis Mutual Fund
120468;Axis Focused Fund - Direct Plan - Growth Option;INF846K01CQ8;;21.59;21.37;21.59;14-Mar-2017
120467;Axis Focused Fund - Direct Plan - IDCW;INF846K01CO3;INF846K01CP0;21.32;21.11;21.32;14-Mar-2017
117560;Axis Focused Fund - Regular Plan - Growth Option;INF846K01CH7;;20.52;20.31;20.52;14-Mar-2017
117559;Axis Focused Fund - Regular Plan - IDCW;INF846K01CI5;INF846K01CJ3;15.94;15.78;15.94;14-Mar-2017

Bandhan Mutual Fund
118421;Bandhan Focused Fund - Direct Plan - Growth;INF194K01W21;;30.6423;30.6423;30.6423;14-Mar-2017
118422;Bandhan Focused Fund - Direct Plan - IDCW;INF194K01W39;INF194K01W47;14.4036;14.4036;14.4036;14-Mar-2017
108592;Bandhan Focused Fund - Regular Plan - Growth;INF194K01466;;29.2338;29.2338;29.2338;14-Mar-2017
108593;Bandhan Focused Fund - Regular Plan - IDCW;INF194K01474;INF194K01482;11.8985;11.8985;11.8985;14-Mar-2017

DSP Mutual Fund
119096;DSP Focused Fund - Direct Plan - Growth;INF740K01OB0;;20.272;20.069;20.272;14-Mar-2017
119095;DSP Focused Fund - Direct Plan - IDCW;INF740K01OC8;INF740K01OD6;20.272;20.069;20.272;14-Mar-2017
112901;DSP Focused Fund - Regular Plan - Growth;INF740K01532;;19.732;19.535;19.732;14-Mar-2017
113032;DSP Focused Fund - Regular Plan - IDCW;INF740K01540;INF740K01AC7;13.437;13.303;13.437;14-Mar-2017

Franklin Templeton Mutual Fund
118564;Franklin India Focused Equity Fund - Direct - Growth;INF090I01IW2;;35.4119;35.0578;35.4119;14-Mar-2017
118563;Franklin India Focused Equity Fund - Direct - IDCW ;INF090I01IU6;INF090I01IV4;24.9003;24.6513;24.9003;14-Mar-2017
105817;Franklin India Focused Equity Fund - Growth Plan;INF090I01981;;33.8764;33.5376;33.8764;14-Mar-2017
105816;Franklin India Focused Equity Fund - IDCW ;INF090I01965;INF090I01973;23.6638;23.4272;23.6638;14-Mar-2017

HDFC Mutual Fund
118950;HDFC Focused Fund - Growth Option - Direct Plan;INF179K01VK7;;70.995;70.285;70.995;14-Mar-2017
102760;HDFC Focused Fund - GROWTH PLAN;INF179K01574;;68.736;68.049;68.736;14-Mar-2017
118949;HDFC Focused Fund - IDCW Option - Direct Plan;INF179K01VI1;INF179K01VJ9;19.409;19.215;19.409;14-Mar-2017
102761;HDFC Focused Fund - IDCW PLAN;INF179K01558;INF179K01566;18.393;18.209;18.393;14-Mar-2017

ICICI Prudential Mutual Fund
120722;ICICI Prudential Focused Equity Fund - Direct Plan - Growth;INF109K018N2;;27.46;27.19;27.46;14-Mar-2017
120723;ICICI Prudential Focused Equity Fund - Direct Plan - IDCW;INF109K016N6;INF109K017N4;26.60;26.33;26.60;14-Mar-2017
111957;ICICI Prudential Focused Equity Fund - Growth;INF109K01BZ4;;26.38;26.12;26.38;14-Mar-2017
111958;ICICI Prudential Focused Equity Fund - IDCW;INF109K01FM3;INF109K01CA5;18.78;18.59;18.78;14-Mar-2017

JM Financial Mutual Fund
120488;JM Focused Fund (Direct)  - Growth Option;INF192K01BW7;;7.6247;7.6247;7.6247;14-Mar-2017
120487;JM Focused Fund (Direct) -  IDCW;INF192K01BU1;INF192K01BV9;7.4750;7.4750;7.4750;14-Mar-2017
107410;JM Focused Fund (Regular) - Growth Option;INF192K01577;;7.2374;7.2374;7.2374;14-Mar-2017
107409;JM Focused Fund (Regular) - IDCW;INF192K01551;INF192K01569;7.2372;7.2372;7.2372;14-Mar-2017

Motilal Oswal Mutual Fund
122389;Motilal Oswal Focused 25 Fund (MOF25)- Direct Plan Growth Option;INF247L01189;;19.0854;19.0854;19.0854;14-Mar-2017
122387;Motilal Oswal Focused 25 Fund (MOF25)- Regular Plan Growth Option;INF247L01155;;18.0770;18.0770;18.0770;14-Mar-2017
122390;Motilal Oswal Focused 25 Fund Direct - IDCW Payout/Reinvestment;INF247L01205;INF247L01197;16.5489;16.5489;16.5489;14-Mar-2017
122388;Motilal Oswal Focused 25 Fund Regular - IDCW Payout/Reinvestment;INF247L01171;INF247L01163;15.6249;15.6249;15.6249;14-Mar-2017

Nippon India Mutual Fund
118693;NIPPON INDIA FOCUSED  FUND - DIRECT Plan - IDCW Option;INF204K01F79;INF204K01F87;25.9984;25.9984;25.9984;14-Mar-2017
104638;NIPPON INDIA FOCUSED  FUND - IDCW OPTION;INF204K01GF4;INF204K01GG2;22.6592;22.6592;22.6592;14-Mar-2017
118692;Nippon India Focused Fund - Direct Plan Growth Plan - Growth Option;INF204K01F95;;40.8439;40.8439;40.8439;14-Mar-2017
104637;Nippon India Focused Fund -Growth Plan -Growth Option;INF204K01GE7;;39.5178;39.5178;39.5178;14-Mar-2017

Principal Mutual Fund
119464;Principal Focused Multicap Fund- Direct Plan - Growth Option;INF173K01EK6;;53.96;53.42;53.96;14-Mar-2017
119465;Principal Focused Multicap Fund- Direct Plan - Half Yearly Income Distribution CUM Capital Withdrawal Option;INF173K01EM2;INF173K01EL4;30.04;29.74;30.04;14-Mar-2017
103335;Principal Focused Multicap Fund-Growth Option;INF173K01189;;52.53;52.00;52.53;14-Mar-2017
103334;Principal Focused Multicap Fund-Half Yearly Income Distribution CUM Capital Withdrawal Option;INF173K01197;INF173K01205;29.71;29.41;29.71;14-Mar-2017

quant Mutual Fund
109275;quant Focused Fund - Growth Option - Regular Plan;INF966L01374;;27.4605;27.1859;27.4605;14-Mar-2017
120834;quant Focused Fund - Growth Option-Direct Plan;INF966L01853;;27.1660;26.8943;27.1660;14-Mar-2017
120835;quant Focused Fund - IDCW Option - Direct Plan;INF966L01838;INF966L01846;17.5914;17.4155;17.5914;14-Mar-2017
109274;quant Focused Fund - IDCW Option - Regular Plan;INF966L01358;INF966L01366;22.0391;21.8187;22.0391;14-Mar-2017

SBI Mutual Fund
119834;SBI Focused Fund - Direct Plan - Income Distribution cum Capital Withdrawal Option (IDCW);INF200K01RH5;INF200K01RI3;31.9104;31.5913;31.9104;14-Mar-2017
119727;SBI FOCUSED FUND - DIRECT PLAN -GROWTH;INF200K01RJ1;;107.3132;106.2401;107.3132;14-Mar-2017
102765;SBI Focused Fund - Regular Plan - Income Distribution cum Capital Withdrawal Option (IDCW);INF200K01388;INF200K01396;23.1933;22.9614;23.1933;14-Mar-2017
102756;SBI FOCUSED FUND - REGULAR PLAN -GROWTH;INF200K01370;;103.5929;102.557;103.5929;14-Mar-2017

Sundaram Mutual Fund
119578;Sundaram Select Focus Direct Plan - Growth;INF903J01MV8;;137.8276;137.8276;137.8276;14-Mar-2017
119577;Sundaram Select Focus Direct Plan - Income Distribution cum Capital Withdrawal (IDCW);INF903J01MT2;INF903J01MU0;12.7845;12.7845;12.7845;14-Mar-2017
108305;Sundaram Select Focus Institutional Plan - Growth;INF903J01140;;140.8773;140.8773;140.8773;14-Mar-2017
103953;Sundaram Select Focus Institutional Plan - Income Distribution cum Capital Withdrawal (IDCW);INF903J01157;INF903J01165;12.9634;12.9634;12.9634;14-Mar-2017
101537;Sundaram Select Focus Regular Plan - Growth;INF903J01116;;135.5571;135.5571;135.5571;14-Mar-2017
101536;Sundaram Select Focus Regular Plan - Income Distribution cum Capital Withdrawal (IDCW);INF903J01124;INF903J01132;12.5570;12.5570;12.5570;14-Mar-2017

Open Ended Schemes ( Equity Scheme - Sectoral/ Thematic )


Aditya Birla Sun Life Mutual Fund
125598;Aditya Birla Sun Life Banking and Financial Services Fund - DIRECT - IDCW;INF209K013W3;INF209K015W8;19.75;19.55;19.75;14-Mar-2017
125597;Aditya Birla Sun Life Banking and Financial Services Fund - Direct Plan - Growth;INF209K014W1;;23.32;23.09;23.32;14-Mar-2017
125596;Aditya Birla Sun Life Banking and Financial Services Fund - REGULAR - IDCW;INF209K010W9;INF209K012W5;17.68;17.50;17.68;14-Mar-2017
125595;Aditya Birla Sun Life Banking and Financial Services Fund - Regular Plan - Growth;INF209K011W7;;22.68;22.45;22.68;14-Mar-2017
119576;Aditya Birla Sun Life Commodity Equities Fund - Global Agri Plan - Growth - Direct Plan;INF209K01VL0;;21.8703;21.6516;21.8703;14-Mar-2017
111349;Aditya Birla Sun Life Commodity Equities Fund - Global Agri Plan - Growth - Regular Plan;INF209K01207;;21.4853;21.2704;21.4853;14-Mar-2017
119575;Aditya Birla Sun Life Commodity Equities Fund - Global Agri Plan -Direct - IDCW;INF209K01P64;INF209K01VM8;16.8762;16.7074;16.8762;14-Mar-2017
111348;Aditya Birla Sun Life Commodity Equities Fund - Global Agri Plan -Regular - IDCW;INF209K01199;INF209K01CG0;16.5468;16.3813;16.5468;14-Mar-2017
120539;Aditya Birla Sun Life Digital India Fund - Growth - Direct Plan;INF209K01VF2;;36.94;36.57;36.94;14-Mar-2017
103168;Aditya Birla Sun Life Digital India Fund - Growth - Regular Plan;INF209K01140;;35.87;35.51;35.87;14-Mar-2017
120538;Aditya Birla Sun Life Digital India Fund -DIRECT - IDCW;INF209K01P49;INF209K01VE5;18.94;18.75;18.94;14-Mar-2017
103167;Aditya Birla Sun Life Digital India Fund -Regular - IDCW;INF209K01132;INF209K01CD7;17.02;16.85;17.02;14-Mar-2017
119591;Aditya Birla Sun Life India Gennext Fund - Growth - Direct Plan;INF209K01WC7;;67.78;67.10;67.78;14-Mar-2017
119590;Aditya Birla Sun Life India Gennext Fund -DIRECT - IDCW;INF209K01Q63;;26.48;26.22;26.48;14-Mar-2017
103110;Aditya Birla Sun Life India Gennext Fund -Regular - IDCW;INF209K01439;INF209K01CR7;23.49;23.26;23.49;14-Mar-2017
103111;Aditya Birla Sun Life India Gennext Fund-Growth Option;INF209K01447;;65.20;64.55;65.20;14-Mar-2017
119515;Aditya Birla Sun Life Infrastructure Fund -  Direct - IDCW;INF209K01WG8;;20.95;20.74;20.95;14-Mar-2017
103475;Aditya Birla Sun Life Infrastructure Fund -  Regular - IDCW;INF209K01470;INF209K01CT3;16.23;16.07;16.23;14-Mar-2017
119514;Aditya Birla Sun Life Infrastructure Fund - Growth - Direct Plan;INF209K01WH6;;30.54;30.23;30.54;14-Mar-2017
103476;Aditya Birla Sun Life Infrastructure Fund-Growth;INF209K01504;;29.67;29.37;29.67;14-Mar-2017
119516;Aditya Birla Sun Life International Equity Fund - Direct - IDCW;INF209K01Q89;INF209K01WT1;16.6104;16.4443;16.6104;14-Mar-2017
119517;Aditya Birla Sun Life International Equity Fund - Growth - Direct Plan;INF209K01WS3;;16.5983;16.4323;16.5983;14-Mar-2017
106873;Aditya Birla Sun Life International Equity Fund - Growth - Regular Plan;INF209K01520;;16.2357;16.0733;16.2357;14-Mar-2017
106872;Aditya Birla Sun Life International Equity Fund - Regular - IDCW;INF209K01512;INF209K01CV9;14.9378;14.7884;14.9378;14-Mar-2017
119519;Aditya Birla Sun Life International Equity Fund - Plan B - Direct - IDCW;INF209K01Q97;INF209K01WV7;16.2009;16.0389;16.2009;14-Mar-2017
119518;Aditya Birla Sun Life International Equity Fund - Plan B - Growth - Direct Plan;INF209K01WU9;;16.2088;16.0467;16.2088;14-Mar-2017
106876;Aditya Birla Sun Life International Equity Fund - Plan B - Growth - Regular Plan;INF209K01546;;15.8563;15.6977;15.8563;14-Mar-2017
106875;Aditya Birla Sun Life International Equity Fund - Plan B - Regular - IDCW;INF209K01538;INF209K01CW7;15.8562;15.6976;15.8562;14-Mar-2017
133514;Aditya Birla Sun Life Manufacturing Equity Fund - Direct - IDCW;INF209KA1YL8;INF209KA1YM6;12.33;12.21;12.33;14-Mar-2017
133516;Aditya Birla Sun Life Manufacturing Equity Fund - Direct Plan - Growth;INF209KA1YK0;;12.31;12.19;12.31;14-Mar-2017
133515;Aditya Birla Sun Life Manufacturing Equity Fund - Regular - IDCW;INF209KA1YI4;INF209KA1YJ2;12.06;11.94;12.06;14-Mar-2017
133513;Aditya Birla Sun Life Manufacturing Equity Fund - Regular Plan - Growth;INF209KA1YH6;;12.06;11.94;12.06;14-Mar-2017
119647;Aditya Birla Sun Life MNC Fund - DIRECT - IDCW;INF209K01Q06;INF209K01VU1;211.17;209.06;211.17;14-Mar-2017
119646;Aditya Birla Sun Life MNC Fund - Growth - Direct Plan;INF209K01VT3;;622.63;616.40;622.63;14-Mar-2017
100064;Aditya Birla Sun Life MNC Fund - Growth - Regular Plan;INF209K01322;;599.82;593.82;599.82;14-Mar-2017
100063;Aditya Birla Sun Life MNC Fund - Regular - IDCW;INF209K01314;INF209K01CL0;149.73;148.23;149.73;14-Mar-2017

Bandhan Mutual Fund
114476;BANDHAN Infrastructure Fund - Regular Plan - Growth;INF194K01BY9;;14.2446;14.2446;14.2446;14-Mar-2017
114477;BANDHAN Infrastructure Fund - Regular Plan - IDCW;INF194K01BZ6;INF194K01CA7;14.2506;14.2506;14.2506;14-Mar-2017
118469;BANDHAN Infrastructure Fund-Direct Plan-Growth;INF194K01X46;;14.9744;14.9744;14.9744;14-Mar-2017
118468;BANDHAN Infrastructure Fund-Direct Plan-IDCW;INF194K01X53;INF194K01X61;14.9662;14.9662;14.9662;14-Mar-2017

Bank of India Mutual Fund
119364;BANK OF INDIA Manufacturing & Infrastructure Fund-Direct Plan-Growth;INF761K01702;;14.14;14.00;14.14;14-Mar-2017
119365;BANK OF INDIA Manufacturing & Infrastructure Fund-Direct Plan-Quarterly IDCW;INF761K01728;INF761K01710;13.97;13.83;13.97;14-Mar-2017
119363;BANK OF INDIA Manufacturing & Infrastructure Fund-Direct Plan-Regular IDCW;INF761K01694;INF761K01686;13.96;13.82;13.96;14-Mar-2017
112359;BANK OF INDIA Manufacturing & Infrastructure Fund-Growth;INF761K01199;;13.49;13.36;13.49;14-Mar-2017
112360;BANK OF INDIA Manufacturing & Infrastructure Fund-Quarterly IDCW;INF761K01231;INF761K01223;12.42;12.30;12.42;14-Mar-2017
112361;BANK OF INDIA Manufacturing & Infrastructure Fund-Regular IDCW;INF761K01215;INF761K01207;13.49;13.36;13.49;14-Mar-2017

Baroda BNP Paribas Mutual Fund
119333;Baroda BNP Paribas Banking and Financial Services Fund - Direct - Growth Option;INF955L01971;;19.10;18.91;19.10;14-Mar-2017
119334;Baroda BNP Paribas Banking and Financial Services Fund - Direct - IDCW Option;INF955L01955;;17.77;17.59;17.77;14-Mar-2017
125114;Baroda BNP Paribas Banking And Financial Services Fund - Plan A - Bonus Option;INF955L01DD1;;18.47;18.29;18.47;14-Mar-2017
117549;Baroda BNP Paribas Banking and Financial Services Fund - Regular - Growth Option;INF955L01856;;18.47;18.29;18.47;14-Mar-2017
117547;Baroda BNP Paribas Banking and Financial Services Fund - Regular - IDCW Option;INF955L01831;;17.18;17.01;17.18;14-Mar-2017

Canara Robeco Mutual Fund
118273;CANARA ROBECO CONSUMER TRENDS FUND - DIRECT PLAN - GROWTH OPTION;INF760K01DU1;;31.2700;31.2700;31.2700;14-Mar-2017
118274;CANARA ROBECO CONSUMER TRENDS FUND - DIRECT PLAN - IDCW (Payout/Reinvestment);INF760K01DS5;INF760K01DT3;29.0600;29.0600;29.0600;14-Mar-2017
112152;CANARA ROBECO CONSUMER TRENDS FUND - REGULAR PLAN - GROWTH OPTION;INF760K01241;;30.2600;30.2600;30.2600;14-Mar-2017
112153;CANARA ROBECO CONSUMER TRENDS FUND - REGULAR PLAN - IDCW (Payout/Reinvestment);INF760K01225;INF760K01233;22.2800;22.2800;22.2800;14-Mar-2017
118267;CANARA ROBECO INFRASTRUCTURE FUND - DIRECT PLAN - GROWTH OPTION;INF760K01FO9;;43.6600;43.6600;43.6600;14-Mar-2017
118268;CANARA ROBECO INFRASTRUCTURE FUND - DIRECT PLAN - IDCW (Payout/Reinvestment);INF760K01FM3;INF760K01FN1;31.4100;31.4100;31.4100;14-Mar-2017
103390;CANARA ROBECO INFRASTRUCTURE FUND - REGULAR PLAN - GROWTH OPTION;INF760K01274;;42.4900;42.4900;42.4900;14-Mar-2017
103389;CANARA ROBECO INFRASTRUCTURE FUND - REGULAR PLAN - IDCW (Payout/Reinvestment);INF760K01258;INF760K01266;25.9900;25.9900;25.9900;14-Mar-2017

DSP Mutual Fund
119247;DSP India T.I.G.E.R. Fund - Direct Plan - Growth;INF740K01PU7;;82.305;81.482;82.305;14-Mar-2017
119248;DSP India T.I.G.E.R. Fund - Direct Plan - IDCW;INF740K01PV5;INF740K01PW3;29.617;29.321;29.617;14-Mar-2017
102434;DSP India T.I.G.E.R. Fund - Regular Plan - Growth;INF740K01151;;80.559;79.753;80.559;14-Mar-2017
102435;DSP India T.I.G.E.R. Fund - Regular Plan - IDCW;INF740K01136;INF740K01144;17.189;17.017;17.189;14-Mar-2017
119028;DSP Natural Resources and New Energy Fund - Direct Plan - Growth;INF740K01QA7;;30.180;29.878;30.180;14-Mar-2017
119029;DSP Natural Resources and New Energy Fund - Direct Plan - IDCW;INF740K01QB5;INF740K01QC3;18.209;18.027;18.209;14-Mar-2017
108202;DSP Natural Resources And New Energy Fund - Regular - Growth;INF740K01060;;29.486;29.191;29.486;14-Mar-2017
108203;DSP Natural Resources And New Energy Fund - Regular Plan - IDCW;INF740K01045;INF740K01052;17.834;17.656;17.834;14-Mar-2017

Franklin Templeton Mutual Fund
118559;Franklin Asian Equity Fund - Direct - Growth;INF090I01IZ5;;18.3705;18.1868;18.3705;14-Mar-2017
118558;Franklin Asian Equity Fund - Direct - IDCW ;INF090I01IX0;INF090I01IY8;12.7539;12.6264;12.7539;14-Mar-2017
106979;Franklin Asian Equity Fund - Growth Plan;INF090I01AB3;;17.8791;17.7003;17.8791;14-Mar-2017
106978;Franklin Asian Equity Fund - IDCW ;INF090I01999;INF090I01AA5;12.4034;12.2794;12.4034;14-Mar-2017
118557;Franklin Build India Fund - Direct - Growth;INF090I01JF5;;36.7305;36.3632;36.7305;14-Mar-2017
118556;Franklin Build India Fund - Direct - IDCW ;INF090I01JD0;INF090I01JE8;23.0545;22.8240;23.0545;14-Mar-2017
112093;Franklin Build India Fund - IDCW ;INF090I01AC1;INF090I01AD9;21.7706;21.5529;21.7706;14-Mar-2017
112092;Franklin Build India Fund Growth Plan;INF090I01AE7;;35.0242;34.6740;35.0242;14-Mar-2017
118539;Franklin India Opportunities Fund - Direct - Growth;INF090I01GC8;;65.6414;64.9850;65.6414;14-Mar-2017
118538;Franklin INDIA OPPORTUNITIES FUND - Direct - IDCW ;INF090I01GD6;INF090I01GE4;19.9656;19.7659;19.9656;14-Mar-2017
103151;Franklin India Opportunities Fund - Growth;INF090I01841;;64.0314;63.3911;64.0314;14-Mar-2017
100524;Franklin INDIA OPPORTUNITIES FUND - IDCW ;INF090I01858;INF090I01866;19.4058;19.2117;19.4058;14-Mar-2017
118537;Franklin India Technology Fund - Direct - Growth;INF090I01FE6;;119.8406;118.6422;119.8406;14-Mar-2017
118536;Franklin India Technology Fund - Direct - IDCW ;INF090I01FF3;INF090I01FG1;22.7115;22.4844;22.7115;14-Mar-2017
100521;Franklin India Technology Fund - IDCW ;INF090I01759;INF090I01767;22.1602;21.9386;22.1602;14-Mar-2017
100522;Franklin India Technology Fund-Growth;INF090I01742;;117.0600;115.8894;117.0600;14-Mar-2017

HDFC Mutual Fund
118979;HDFC Infrastructure Fund - Growth Option - Direct Plan;INF179K01WQ2;;17.687;17.510;17.687;14-Mar-2017
107524;HDFC Infrastructure Fund - Growth Plan;INF179K01GF8;;17.089;16.918;17.089;14-Mar-2017
118978;HDFC Infrastructure Fund - IDCW Option - Direct Plan;INF179K01WP4;INF179K01WR0;17.687;17.510;17.687;14-Mar-2017
107525;HDFC Infrastructure Fund - IDCW Plan;INF179K01GE1;INF179K01GG6;14.351;14.207;14.351;14-Mar-2017

ICICI Prudential Mutual Fund
109445;ICICI Prudential Banking and Financial Services Fund -  Growth;INF109K01BU5;;49.85;49.35;49.85;14-Mar-2017
109446;ICICI Prudential Banking and Financial Services Fund -  IDCW;INF109K01DY3;INF109K01BV3;33.06;32.73;33.06;14-Mar-2017
120244;ICICI Prudential Banking and Financial Services Fund - Direct Plan -  Growth;INF109K013J1;;51.90;51.38;51.90;14-Mar-2017
120245;ICICI Prudential Banking and Financial Services Fund - Direct Plan -  IDCW;INF109K011J5;INF109K012J3;46.33;45.87;46.33;14-Mar-2017
120688;ICICI Prudential Exports & Services Fund - Direct Plan - Growth;INF109K01W25;;51.28;50.77;51.28;14-Mar-2017
120687;ICICI Prudential Exports & Services Fund - Direct Plan - IDCW;INF109K01W09;INF109K01W17;36.88;36.51;36.88;14-Mar-2017
103312;ICICI Prudential Exports & Services Fund - Growth;INF109K01BB5;;49.77;49.27;49.77;14-Mar-2017
103313;ICICI Prudential Exports & Services Fund - IDCW;INF109K01FL5;INF109K01BA7;26.65;26.38;26.65;14-Mar-2017
120587;ICICI Prudential FMCG Fund - Direct Plan -  Growth;INF109K01Z14;;187.22;185.35;187.22;14-Mar-2017
120588;ICICI Prudential FMCG Fund - Direct Plan -  IDCW;INF109K01Y98;INF109K01Z06;88.28;87.40;88.28;14-Mar-2017
100352;ICICI Prudential FMCG Fund - Growth;INF109K01415;;182.14;180.32;182.14;14-Mar-2017
100351;ICICI Prudential FMCG Fund - IDCW;INF109K01EO2;INF109K01423;65.54;64.88;65.54;14-Mar-2017
120621;ICICI Prudential Infrastructure Fund - Direct Plan -  Growth;INF109K018M4;;46.69;46.22;46.69;14-Mar-2017
120622;ICICI Prudential Infrastructure Fund - Direct Plan -  IDCW;INF109K016M8;INF109K017M6;16.33;16.17;16.33;14-Mar-2017
103149;ICICI Prudential Infrastructure Fund - Growth;INF109K01AV5;;45.48;45.03;45.48;14-Mar-2017
103150;ICICI Prudential Infrastructure Fund - IDCW;INF109K01FB6;INF109K01AT9;14.01;13.87;14.01;14-Mar-2017
120594;ICICI Prudential Technology Fund - Direct Plan -  Growth;INF109K01Z48;;41.89;41.47;41.89;14-Mar-2017
120595;ICICI Prudential Technology Fund - Direct Plan -  IDCW;INF109K01Z22;INF109K01Z30;39.15;38.76;39.15;14-Mar-2017
100363;ICICI Prudential Technology Fund - Growth;INF109K01506;;40.59;40.18;40.59;14-Mar-2017
115294;ICICI Prudential Technology Fund - IDCW;INF109K01FO9;INF109K01514;27.30;27.03;27.30;14-Mar-2017
120186;ICICI Prudential US Bluechip Equity Fund - Direct Plan -  Growth;INF109K01Z71;;21.60;20.95;21.60;14-Mar-2017
120185;ICICI Prudential US Bluechip Equity Fund - Direct Plan -  IDCW;INF109K01Z55;INF109K01Z63;21.60;20.95;21.60;14-Mar-2017
117620;ICICI Prudential US Bluechip Equity Fund - Growth;INF109K01E35;;20.86;20.23;20.86;14-Mar-2017
117619;ICICI Prudential US Bluechip Equity Fund - IDCW;INF109K01E43;INF109K01E50;20.86;20.23;20.86;14-Mar-2017

Invesco Mutual Fund
120385;Invesco India Financial Services Fund - Direct Plan - Growth;INF205K01KY4;;44.19;43.75;44.19;14-Mar-2017
120384;Invesco India Financial Services Fund - Direct Plan - IDCW (Payout / Reinvestment);INF205K01KW8;INF205K01KX6;25.23;24.98;25.23;14-Mar-2017
108377;Invesco India Financial Services Fund - Regular Plan -  IDCW (Payout / Reinvestment);INF205K01171;INF205K01163;23.66;23.42;23.66;14-Mar-2017
108378;Invesco India Financial Services Fund - Retail Growth;INF205K01155;;41.59;41.17;41.59;14-Mar-2017
120405;Invesco India Infrastructure Fund - Direct Plan - Growth Option;INF205K01MD4;;15.45;15.30;15.45;14-Mar-2017
120404;Invesco India Infrastructure Fund - Direct Plan - IDCW (Payout / Reinvestment);INF205K01MB8;INF205K01MC6;15.40;15.25;15.40;14-Mar-2017
106654;Invesco India Infrastructure Fund - Growth Option;INF205K01CD5;;14.54;14.39;14.54;14-Mar-2017
106653;Invesco India Infrastructure Fund - IDCW (Payout / Reinvestment);INF205K01CE3;INF205K01CF0;14.55;14.40;14.55;14-Mar-2017
120395;Invesco India PSU Equity Fund - Direct Plan - Growth;INF205K01NG5;;18.65;18.46;18.65;14-Mar-2017
120394;Invesco India PSU Equity Fund - Direct Plan - IDCW (Payout / Reinvestment);INF205K01NE0;INF205K01NF7;16.74;16.57;16.74;14-Mar-2017
112171;Invesco India PSU Equity Fund - Growth;INF205K01338;;17.63;17.45;17.63;14-Mar-2017
112173;Invesco India PSU Equity Fund - IDCW (Payout / Reinvestment);INF205K01353;INF205K01346;15.91;15.75;15.91;14-Mar-2017

Kotak Mahindra Mutual Fund
133796;Kotak Infrastructure & Economic Reform Fund - Standard Plan-Growth;INF178L01095;;18.375;18.191;18.375;14-Mar-2017
133799;Kotak Infrastructure & Economic Reform Fund - Standard Plan-Payout of Income Distribution cum capital withdrawal option;INF178L01079;INF178L01087;17.266;17.093;17.266;14-Mar-2017
133801;Kotak Infrastructure & Economic Reform Fund- Direct Plan- Growth Option;INF178L01AL9;;19.314;19.121;19.314;14-Mar-2017
133800;Kotak Infrastructure & Economic Reform Fund- Direct Plan- Payout of Income Distribution cum capital withdrawal option;INF178L01AK1;INF178L01AJ3;19.3;19.107;19.3;14-Mar-2017

L&T Mutual Fund
130825;L&T Business Cycles Fund - Direct Plan - Growth;INF917K01RI2;;14.154;14.012;14.154;14-Mar-2017
130828;L&T Business Cycles Fund - Direct Plan - IDCW;INF917K01RK8;INF917K01RJ0;14.154;14.012;14.154;14-Mar-2017
130827;L&T Business Cycles Fund - Regular Plan - Growth;INF917K01RF8;;13.922;13.783;13.922;14-Mar-2017
130826;L&T Business Cycles Fund - Regular Plan - IDCW;INF917K01RH4;INF917K01RG6;13.922;13.783;13.922;14-Mar-2017
112600;L&T Infrastructure Fund - Regular Plan - Growth;INF917K01536;;13.65;13.51;13.65;14-Mar-2017
112601;L&T Infrastructure Fund - Regular Plan - IDCW;INF917K01544;INF917K01551;13.65;13.51;13.65;14-Mar-2017
119413;L&T Infrastructure Fund -Direct Plan-Growth;INF917K01FW8;;14.06;13.92;14.06;14-Mar-2017
119412;L&T Infrastructure Fund-Direct Plan-IDCW;INF917K01E52;INF917K01FU2;14.06;13.92;14.06;14-Mar-2017

LIC Mutual Fund
134017;LIC MF Banking and Financial Services Fund-Direct Plan-Growth;INF767K01NK6;;10.6845;10.5777;10.6845;14-Mar-2017
133908;LIC MF Banking and Financial Services Fund-Direct Plan-IDCW;INF767K01NJ8;INF767K01NL4;10.6773;10.5705;10.6773;14-Mar-2017
134016;LIC MF Banking and Financial Services Fund-Regular Plan-Growth;INF767K01NH2;;10.5617;10.4561;10.5617;14-Mar-2017
134015;LIC MF Banking and Financial Services Fund-Regular Plan-IDCW;INF767K01NG4;INF767K01NI0;10.5612;10.4556;10.5612;14-Mar-2017
120351;LIC MF Infrastructure Fund-Direct Plan-Growth;INF767K01GW5;;12.7395;12.6121;12.7395;14-Mar-2017
120350;LIC MF Infrastructure Fund-Direct Plan-IDCW;INF767K01GV7;INF767K01GX3;12.6709;12.5442;12.6709;14-Mar-2017
107763;LIC MF Infrastructure Fund-Regular Plan-Growth;INF767K01501;;12.2804;12.1576;12.2804;14-Mar-2017
107764;LIC MF Infrastructure Fund-Regular Plan-IDCW;INF767K01485;INF767K01493;12.2811;12.1583;12.2811;14-Mar-2017

Mirae Asset Mutual Fund
118837;Mirae Asset Great Consumer Fund - Direct Plan - Growth;INF769K01BL5;;26.270;25.745;26.270;14-Mar-2017
114931;Mirae Asset Great Consumer Fund - Regular Plan - Growth option;INF769K01135;;24.976;24.476;24.976;14-Mar-2017
118838;Mirae Asset Great Consumer Fund Direct IDCW;INF769K01BM3;INF769K01BN1;26.121;25.599;26.121;14-Mar-2017
114930;Mirae Asset Great Consumer Fund Regular IDCW;INF769K01150;INF769K01143;16.361;16.034;16.361;14-Mar-2017

Nippon India Mutual Fund
118588;Nippon India Banking & Financial Services Fund - Direct Plan Growth Plan - Bonus Option;INF204K01D22;;221.9334;219.7141;221.9334;14-Mar-2017
118589;Nippon India Banking & Financial Services Fund - Direct Plan Growth Plan - Growth Option;INF204K01XO1;;221.9334;219.7141;221.9334;14-Mar-2017
101864;Nippon India Banking & Financial Services Fund - IDCW Option;INF204K01893;INF204K01901;48.0004;47.5204;48.0004;14-Mar-2017
118591;Nippon India Banking & Financial Services Fund- DIRECT Plan - IDCW Option;INF204K01XM5;INF204K01XN3;57.8010;57.2230;57.8010;14-Mar-2017
101863;Nippon India Banking & Financial Services Fund-Growth Plan-Bonus Option;INF204K01919;;216.7159;214.5487;216.7159;14-Mar-2017
101862;Nippon India Banking & Financial Services Fund-Growth Plan-Growth Option;INF204K01927;;216.7159;214.5487;216.7159;14-Mar-2017
118725;NIPPON INDIA CONSUMPTION FUND - DIRECT Plan - IDCW Option;INF204K01G37;INF204K01G45;26.9569;26.6873;26.9569;14-Mar-2017
118722;Nippon India Consumption Fund - Direct Plan Growth Plan - Bonus;INF204K01G29;;65.7875;65.1296;65.7875;14-Mar-2017
118724;Nippon India Consumption Fund - Direct Plan Growth Plan - Growth Option;INF204K01G52;;65.7875;65.1296;65.7875;14-Mar-2017
102753;NIPPON INDIA CONSUMPTION FUND - IDCW Option;INF204K01AN1;INF204K01AO9;21.9726;21.7529;21.9726;14-Mar-2017
102752;Nippon India Consumption Fund-Growth Plan-Bonus Option;INF204K01AP6;;63.7459;63.1084;63.7459;14-Mar-2017
102751;Nippon India Consumption Fund-Growth Plan-Growth Option;INF204K01AQ4;;63.7459;63.1084;63.7459;14-Mar-2017
130864;NIPPON INDIA - JAPAN EQUITY FUND - DIRECT Plan - IDCW Option;INF204KA1SM3;;10.8657;10.7570;10.8657;14-Mar-2017
130859;NIPPON INDIA - JAPAN EQUITY FUND - IDCW Option;INF204KA1SL5;;10.6803;10.5735;10.6803;14-Mar-2017
130861;Nippon India Japan Equity Fund- Direct Plan- Growth Plan- Bonus Option;INF204KA1SK7;;10.8657;10.7570;10.8657;14-Mar-2017
130860;Nippon India Japan Equity Fund- Direct Plan- Growth Plan- Growth Option;INF204KA1SI1;;10.8657;10.7570;10.8657;14-Mar-2017
130858;Nippon India Japan Equity Fund- Growth Plan- Bonus Option;INF204KA1SJ9;;10.6803;10.5735;10.6803;14-Mar-2017
130863;Nippon India Japan Equity Fund- Growth Plan- Growth Option;INF204KA1SH3;;10.6803;10.5735;10.6803;14-Mar-2017
118756;NIPPON INDIA PHARMA FUND - DIRECT Plan - IDCW Option;INF204K01I35;INF204K01I43;66.8330;66.1647;66.8330;14-Mar-2017
118758;Nippon India Pharma Fund - Direct Plan Growth Plan - Bonus Option;INF204K01I27;;140.4163;139.0121;140.4163;14-Mar-2017
118759;Nippon India Pharma Fund - Direct Plan Growth Plan - Growth Option;INF204K01I50;;140.4163;139.0121;140.4163;14-Mar-2017
102433;NIPPON INDIA PHARMA FUND - IDCW Option;INF204K01935;INF204K01943;57.0686;56.4979;57.0686;14-Mar-2017
102432;Nippon India Pharma Fund-Growth Plan-Bonus Option;INF204K01950;;135.8060;134.4479;135.8060;14-Mar-2017
102431;Nippon India Pharma Fund-Growth Plan-Growth Option;INF204K01968;;135.8060;134.4479;135.8060;14-Mar-2017
118760;NIPPON INDIA POWER & INFRA FUND - DIRECT Plan - IDCW Option;INF204K01I76;INF204K01I84;32.3615;32.0379;32.3615;14-Mar-2017
118762;Nippon India Power & Infra Fund - Direct Plan Growth Plan - Bonus Option;INF204K01I68;;93.0428;92.1124;93.0428;14-Mar-2017
118763;Nippon India Power & Infra Fund - Direct Plan Growth Plan - Growth Option;INF204K01I92;;93.0428;92.1124;93.0428;14-Mar-2017
101264;NIPPON INDIA POWER & INFRA FUND - IDCW Option;INF204K01AB6;INF204K01AC4;31.2347;30.9224;31.2347;14-Mar-2017
101262;Nippon India Power & Infra Fund-Growth Plan -Growth Option;INF204K01AE0;;90.7713;89.8636;90.7713;14-Mar-2017
101263;Nippon India Power & Infra Fund-Growth Plan-Bonus Option;INF204K01AD2;;90.7713;89.8636;90.7713;14-Mar-2017
118767;NIPPON INDIA QUANT FUND - DIRECT Plan - IDCW Option;INF204K01J18;INF204K01J26;12.9030;12.8707;12.9030;14-Mar-2017
118770;Nippon India Quant Fund - Direct Plan Growth Plan - Bonus Option;INF204K01J00;;22.4261;22.3700;22.4261;14-Mar-2017
118769;Nippon India Quant Fund - Direct Plan Growth Plan - Growth Option;INF204K01J34;;22.4261;22.3700;22.4261;14-Mar-2017
108252;NIPPON INDIA QUANT FUND - IDCW Option;INF204K01745;INF204K01752;11.6795;11.6503;11.6795;14-Mar-2017
108249;Nippon India Quant Fund -Growth Plan - Growth Option;INF204K01760;;21.9051;21.8503;21.9051;14-Mar-2017
108258;Nippon India Quant Fund -Growth Plan -Bonus Option;INF204K01737;;21.9051;21.8503;21.9051;14-Mar-2017
134925;NIPPON INDIA - US EQUITY OPPORTUNITIES FUND - Direct Plan - IDCW Option;INF204KA16G3;INF204KA17G1;11.0437;10.9333;11.0437;14-Mar-2017
134924;NIPPON INDIA - US EQUITY OPPORTUNITIES FUND - IDCW Option;INF204KA13G0;INF204KA14G8;10.8730;10.7643;10.8730;14-Mar-2017
134923;Nippon India US Equity Opportunities Fund- Direct Plan- Growth Plan- Growth Option;INF204KA15G5;;11.0437;10.9333;11.0437;14-Mar-2017
134922;Nippon India US Equity Opportunities Fund- Growth Plan- Growth Option;INF204KA12G2;;10.8730;10.7643;10.8730;14-Mar-2017

quant Mutual Fund
106170;quant Infrastructure Fund - Growth Option;INF966L01523;;7.3252;7.2519;7.3252;14-Mar-2017
120833;quant Infrastructure Fund - Growth Option-Direct Plan;INF966L01721;;7.3392;7.2658;7.3392;14-Mar-2017
120832;quant Infrastructure Fund - IDCW Option - Direct Plan;INF966L01705;INF966L01713;7.3550;7.2815;7.3550;14-Mar-2017
106169;quant Infrastructure Fund - IDCW Option - Regular Plan;INF966L01507;INF966L01515;7.3008;7.2278;7.3008;14-Mar-2017

SBI Mutual Fund
133859;SBI BANKING & FINANCIAL SERVICES FUND - DIRECT PLAN - GROWTH;INF200KA1507;;12.5489;12.4234;12.5489;14-Mar-2017
133857;SBI Banking & Financial Services Fund - Direct Plan - Income Distribution cum Capital Withdrawal Option (IDCW);INF200KA1515;INF200KA1523;12.5477;12.4222;12.5477;14-Mar-2017
133858;SBI BANKING & FINANCIAL SERVICES FUND - REGULAR PLAN - GROWTH;INF200KA1473;;12.3792;12.2554;12.3792;14-Mar-2017
133860;SBI Banking & Financial Services Fund - Regular Plan - Income Distribution cum Capital Withdrawal Option (IDCW);INF200KA1481;INF200KA1499;12.3799;12.2561;12.3799;14-Mar-2017
119705;SBI COMMA Fund - DIRECT PLAN - Growth;INF200K01SB6;;34.3862;34.0423;34.3862;14-Mar-2017
119613;SBI Comma Fund - Direct Plan - Income Distribution cum Capital Withdrawal Option (IDCW);INF200K01RZ7;INF200K01SA8;23.2412;23.0088;23.2412;14-Mar-2017
103145;SBI COMMA Fund - REGULAR PLAN - Growth;INF200K01339;;33.5759;33.2401;33.5759;14-Mar-2017
103146;SBI Comma Fund - Regular Plan - Income Distribution cum Capital Withdrawal Option (IDCW);INF200K01313;INF200K01321;22.6764;22.4496;22.6764;14-Mar-2017
120575;SBI CONSUMPTION OPPORTUNITIES FUND - DIRECT PLAN - GROWTH;INF200K01RM5;;92.0868;91.6264;92.0868;14-Mar-2017
119730;SBI Consumption Opportunities Fund - Direct Plan - Income Distribution cum Capital Withdrawal Option (IDCW);INF200K01RK9;INF200K01RL7;76.5938;76.2108;76.5938;14-Mar-2017
120576;SBI CONSUMPTION OPPORTUNITIES FUND - REGULAR - GROWTH;INF200K01VR6;;88.3723;87.9304;88.3723;14-Mar-2017
100645;SBI Consumption Opportunities Fund - Regular Plan - Income Distribution cum Capital Withdrawal Option (IDCW);INF200K01404;INF200K01412;62.8764;62.562;62.8764;14-Mar-2017
119708;SBI ESG Exclusionary Strategy Fund - Direct Plan - Income Distribution cum Capital Withdrawal Option (IDCW);INF200K01SC4;INF200K01SD2;36.8636;36.495;36.8636;14-Mar-2017
119709;SBI ESG Exclusionary Strategy Fund - Direct Plan -Growth;INF200K01SE0;;86.1588;85.2972;86.1588;14-Mar-2017
104523;SBI ESG Exclusionary Strategy Fund - Regular Plan - Growth;INF200K01214;;83.7339;82.8966;83.7339;14-Mar-2017
101295;SBI ESG Exclusionary Strategy Fund - Regular Plan - Income Distribution cum Capital Withdrawal Option (IDCW);INF200K01198;INF200K01206;31.1405;30.8291;31.1405;14-Mar-2017
119782;SBI Healthcare Opportunities Fund - Direct Plan - Income Distribution cum Capital Withdrawal Option (IDCW);INF200K01UN7;INF200K01UO5;117.3376;116.7509;117.3376;14-Mar-2017
119783;SBI HEALTHCARE OPPORTUNITIES FUND - DIRECT PLAN -GROWTH;INF200K01UP2;;142.4811;141.7687;142.4811;14-Mar-2017
100644;SBI Healthcare Opportunities Fund - Regular Plan - Income Distribution cum Capital Withdrawal Option (IDCW);INF200K01453;INF200K01461;101.8245;101.3154;101.8245;14-Mar-2017
102823;SBI HEALTHCARE OPPORTUNITIES FUND - REGULAR PLAN -GROWTH;INF200K01446;;136.3419;135.6602;136.3419;14-Mar-2017
119700;SBI INFRASTRUCTURE FUND -  DIRECT PLAN - GROWTH;INF200K01RS2;;13.5237;13.3885;13.5237;14-Mar-2017
106096;SBI INFRASTRUCTURE FUND -  REGULAR PLAN - GROWTH;INF200K01CT2;;13.2297;13.0974;13.2297;14-Mar-2017
119695;SBI Infrastructure Fund - Direct Plan - Income Distribution cum Capital Withdrawal Option (IDCW);INF200K01RQ6;INF200K01RR4;13.5079;13.3728;13.5079;14-Mar-2017
106095;SBI Infrastructure Fund - Regular Plan - Income Distribution cum Capital Withdrawal Option (IDCW);INF200K01CU0;INF200K01CV8;13.231;13.0987;13.231;14-Mar-2017
103114;SBI Magnum Global Fund - Regular Plan - Income Distribution cum Capital Withdrawal Option (IDCW);INF200K01255;INF200K01263;46.8674;46.3987;46.8674;14-Mar-2017
119710;SBI MNC Fund - Direct Plan - Income Distribution cum Capital Withdrawal Option (IDCW);INF200K01SL5;INF200K01SM3;56.6457;56.0792;56.6457;14-Mar-2017
119711;SBI MNC FUND - DIRECT PLAN -GROWTH;INF200K01SN1;;145.1062;143.6551;145.1062;14-Mar-2017
103034;SBI MNC FUND - REGULAR PLAN -GROWTH;INF200K01271;;140.2869;138.884;140.2869;14-Mar-2017
119732;SBI PSU Fund - DIRECT PLAN - GROWTH;INF200K01UY4;;11.5942;11.4783;11.5942;14-Mar-2017
119733;SBI PSU Fund - Direct Plan - Income Distribution cum Capital Withdrawal Option (IDCW);INF200K01UW8;INF200K01UX6;11.5854;11.4695;11.5854;14-Mar-2017
112923;SBI PSU Fund - Regular Plan - Income Distribution cum Capital Withdrawal Option (IDCW);INF200K01BD8;INF200K01BE6;11.3704;11.2567;11.3704;14-Mar-2017
113099;SBI PSU Fund - REGULAR PLAN -Growth;INF200K01BC0;;11.3718;11.2581;11.3718;14-Mar-2017
120578;SBI TECHNOLOGY OPPORTUNITIES FUND - DIRECT PLAN - GROWTH;INF200K01RV6;;47.8673;47.628;47.8673;14-Mar-2017
119731;SBI Technology Opportunities Fund - Direct Plan - Income Distribution cum Capital Withdrawal Option (IDCW);INF200K01RT0;INF200K01RU8;39.9381;39.7384;39.9381;14-Mar-2017
120577;SBI TECHNOLOGY OPPORTUNITIES FUND - REGULAR PLAN - GROWTH;INF200K01VS4;;46.0044;45.7744;46.0044;14-Mar-2017
100643;SBI Technology Opportunities Fund - Regular Plan - Income Distribution cum Capital Withdrawal Option (IDCW);INF200K01420;INF200K01438;32.4864;32.324;32.4864;14-Mar-2017

Sundaram Mutual Fund
119595;Sundaram Consumption Fund (Formerly Known as Sundaram Rural and Consumption Fund Direct Plan - Growth);INF903J01NH5;;36.5074;36.1423;36.5074;14-Mar-2017
113373;Sundaram Consumption Fund (Formerly Known as Sundaram Rural and Consumption Fund Institutional Plan - Income Distribution cum Capital Withdrawal (IDCW);INF903J01579;INF903J01587;32.3642;32.0406;32.3642;14-Mar-2017
103743;Sundaram Consumption Fund (Formerly Known as Sundaram Rural and Consumption Fund Regular Plan - Income Distribution cum Capital Withdrawal (IDCW);INF903J01546;INF903J01553;20.6236;20.4174;20.6236;14-Mar-2017
119594;Sundaram Consumption Fund (Formerly Known asSundaram Rural and Consumption Fund Direct Plan - Income Distribution cum Capital Withdrawal (IDCW);INF903J01NF9;INF903J01NG7;21.1309;20.9196;21.1309;14-Mar-2017
102142;Sundaram Consumption Fund(Formerly Known as Sundaram Rural and Consumption Fund Regular Plan - Growth);INF903J01561;;35.7109;35.3538;35.7109;14-Mar-2017
119597;Sundaram Financial Services Opportunities Fund Direct Plan - Growth;INF903J01NB8;;34.9926;34.6427;34.9926;14-Mar-2017
119596;Sundaram Financial Services Opportunities Fund Direct Plan - Income Distribution cum Capital Withdrawal (IDCW);INF903J01MZ9;INF903J01NA0;19.4234;19.2292;19.4234;14-Mar-2017
109061;Sundaram Financial Services Opportunities Fund Institutional Plan - Growth;INF903J01652;;35.9805;35.6207;35.9805;14-Mar-2017
109060;Sundaram Financial Services Opportunities Fund Institutional Plan - Income Distribution cum Capital Withdrawal (IDCW);INF903J01637;INF903J01645;19.6903;19.4934;19.6903;14-Mar-2017
109059;Sundaram Financial Services Opportunities Fund Regular Plan - Growth;INF903J01629;;34.3063;33.9632;34.3063;14-Mar-2017
109058;Sundaram Financial Services Opportunities Fund Regular Plan - Income Distribution cum Capital Withdrawal (IDCW);INF903J01603;INF903J01611;18.9726;18.7829;18.9726;14-Mar-2017
129212;Sundaram Infrastructure Advantage Fund Direct Plan - Growth;INF903J01F92;;28.9338;28.6445;28.9338;14-Mar-2017
129211;Sundaram Infrastructure Advantage Fund Direct Plan - Income Distribution cum Capital Withdrawal (IDCW);INF903J01G00;INF903J01G18;27.1149;26.8438;27.1149;14-Mar-2017
129213;Sundaram Infrastructure Advantage Fund Regular Plan - Growth;INF903J01F68;;28.4647;28.1801;28.4647;14-Mar-2017
129210;Sundaram Infrastructure Advantage Fund Regular Plan - Income Distribution cum Capital Withdrawal (IDCW);INF903J01F76;INF903J01F84;26.6587;26.3921;26.6587;14-Mar-2017

Tata Mutual Fund
135789;TATA Banking & Financial Services Fund Direct Plan - Payout of Income Distribution cum capital withdrawal option ;INF277K01Z28;;14.2941;14.2941;14.2941;14-Mar-2017
135792;TATA Banking & Financial Services Fund Direct Plan - Reinvestment of Income Distribution cum capital withdrawal option ;;INF277K01Z36;14.2941;14.2941;14.2941;14-Mar-2017
135790;TATA Banking & Financial Services Fund Regular Plan - Payout of Income Distribution cum capital withdrawal option ;INF277K01Y94;;13.9921;13.9921;13.9921;14-Mar-2017
135791;TATA Banking & Financial Services Fund Regular Plan - Reinvestment of Income Distribution cum capital withdrawal option ;;INF277K01Z02;13.9921;13.9921;13.9921;14-Mar-2017
135793;Tata Banking And Financial Services Fund-Direct Plan-Growth;INF277K01Z10;;14.2941;14.2941;14.2941;14-Mar-2017
135794;Tata Banking And Financial Services Fund-Regular Plan-Growth;INF277K01Y86;;13.9921;13.9921;13.9921;14-Mar-2017
135795;TATA Digital India Fund Direct Plan - Payout of Income Distribution cum capital withdrawal option ;INF277K01Z85;;9.7492;9.7492;9.7492;14-Mar-2017
135798;TATA Digital India Fund Direct Plan - Reinvestment of Income Distribution cum capital withdrawal option ;;INF277K01Z93;9.7492;9.7492;9.7492;14-Mar-2017
135796;TATA Digital India Fund Regular Plan - Payout of Income Distribution cum capital withdrawal option ;INF277K01Z51;;9.5533;9.5533;9.5533;14-Mar-2017
135799;TATA Digital India Fund Regular Plan - Reinvestment of Income Distribution cum capital withdrawal option ;;INF277K01Z69;9.5533;9.5533;9.5533;14-Mar-2017
135800;Tata Digital India Fund-Direct Plan-Growth;INF277K01Z77;;9.7492;9.7492;9.7492;14-Mar-2017
135797;Tata Digital India Fund-Regular Plan-Growth;INF277K01Z44;;9.5533;9.5533;9.5533;14-Mar-2017
119172;Tata Ethical Fund -Direct Plan- Growth Option;INF277K01NG4;;137.8889;136.5100;137.8889;14-Mar-2017
119171;Tata Ethical Fund- Direct Plan - Payout of IDCW Option;INF277K01NE9;INF277K01NF6;82.9029;82.0739;82.9029;14-Mar-2017
101833;Tata Ethical Fund- Regular Plan - Payout of IDCW Option;INF277K01EH1;INF277K01949;64.4289;63.7846;64.4289;14-Mar-2017
100415;Tata Ethical Fund-Regular Plan - Growth Option;INF277K01956;;133.2548;131.9223;133.2548;14-Mar-2017
135806;TATA India Consumer Fund Direct Plan - Payout of Income Distribution cum capital withdrawal option ;INF277K014A4;;12.8366;12.8366;12.8366;14-Mar-2017
135801;TATA India Consumer Fund Direct Plan - Reinvestment of Income Distribution cum capital withdrawal option ;;INF277K015A1;12.8366;12.8366;12.8366;14-Mar-2017
135802;TATA India Consumer Fund Regular Plan - Payout of Income Distribution cum capital withdrawal option;INF277K011A0;;12.5588;12.5588;12.5588;14-Mar-2017
135803;TATA India Consumer Fund Regular Plan - Reinvestment of Income Distribution cum capital withdrawal option ;;INF277K012A8;12.5588;12.5588;12.5588;14-Mar-2017
135805;Tata India Consumer Fund-Direct Plan-Growth;INF277K013A6;;12.8366;12.8366;12.8366;14-Mar-2017
135804;Tata India Consumer Fund-Regular Plan-Growth;INF277K010A2;;12.5588;12.5588;12.5588;14-Mar-2017
135807;TATA India Pharma & Health Care Fund Direct Plan - Payout of Income Distribution cum capital withdrawal option ;INF277K010B0;;9.1435;9.1435;9.1435;14-Mar-2017
135809;TATA India Pharma & Health Care Fund Regular Plan - Payout of Income Distribution cum capital withdrawal option ;INF277K017A7;;8.9525;8.9525;8.9525;14-Mar-2017
135808;TATA India Pharma & Healthcare Fund Direct Plan - Reinvestment of Income Distribution cum capital withdrawal option;;INF277K011B8;9.1435;9.1435;9.1435;14-Mar-2017
135811;TATA India Pharma & Healthcare Fund Regular Plan - Reinvestment of Income Distribution cum capital withdrawal option ;;INF277K018A5;8.9525;8.9525;8.9525;14-Mar-2017
135810;Tata India Pharma & Healthcare Fund-Direct Plan-Growth;INF277K019A3;;9.1435;9.1435;9.1435;14-Mar-2017
135812;Tata India Pharma & Healthcare Fund-Regular Plan-Growth;INF277K016A9;;8.9525;8.9525;8.9525;14-Mar-2017
119243;Tata Infrastructure Fund -Direct Plan -Growth Option;INF277K01PQ8;;50.4913;50.4913;50.4913;14-Mar-2017
101852;TATA Infrastructure Fund Regular Plan - Payout of IDCW Option;INF277K01DY8;INF277K01774;25.5256;25.5256;25.5256;14-Mar-2017
119244;Tata Infrastructure Fund- Direct Plan - Payout of IDCW Option;INF277K01PO3;INF277K01PP0;28.4233;28.4233;28.4233;14-Mar-2017
101766;Tata Infrastructure Fund-Regular Plan- Growth Option;INF277K01782;;49.4475;49.4475;49.4475;14-Mar-2017
135817;TATA Resources & Energy Fund Direct Plan - Payout of Income Distribution cum capital withdrawal option ;INF277K016B7;;13.7525;13.7525;13.7525;14-Mar-2017
135816;TATA Resources & Energy Fund Direct Plan - Reinvestment of Income Distribution cum capital withdrawal option ;;INF277K017B5;13.7525;13.7525;13.7525;14-Mar-2017
135814;TATA Resources & Energy Fund Regular Plan - Payout of Income Distribution cum capital withdrawal option ;INF277K013B4;;13.4582;13.4582;13.4582;14-Mar-2017
135818;TATA Resources & Energy Fund Regular Plan - Reinvestment of Income Distribution cum capital withdrawal option ;;INF277K014B2;13.4582;13.4582;13.4582;14-Mar-2017
135813;Tata Resources & Energy Fund-Direct Plan-Growth;INF277K015B9;;13.7525;13.7525;13.7525;14-Mar-2017
135815;Tata Resources & Energy Fund-Regular Plan-Growth;INF277K012B6;;13.4582;13.4582;13.4582;14-Mar-2017

Taurus Mutual Fund
118868;Taurus Banking & Financial Services Fund - Direct Plan - Growth;INF044D01CN2;;19.65;19.55;19.65;14-Mar-2017
118869;Taurus Banking & Financial Services Fund - Direct Plan - Payout of Income Distribution cum Capital Withdrawal option;INF044D01CO0;INF044D01CP7;19.50;19.40;19.50;14-Mar-2017
117312;Taurus Banking & Financial Services Fund - Regular Plan - Growth;INF044D01BI4;;18.86;18.77;18.86;14-Mar-2017
117313;Taurus Banking & Financial Services Fund - Regular Plan - Payout of Income Distribution cum Capital Withdrawal option;INF044D01BJ2;INF044D01BK0;16.87;16.79;16.87;14-Mar-2017
111903;Taurus Ethical Fund -  Regular Plan - Bonus Option;INF044D01823;;41.32;41.11;41.32;14-Mar-2017
118876;Taurus Ethical Fund - Direct Plan - Growth;INF044D01CJ0;;42.65;42.44;42.65;14-Mar-2017
118877;Taurus Ethical Fund - Direct Plan - Payout of Income Distribution cum Capital Withdrawal option;INF044D01CK8;INF044D01CL6;28.62;28.48;28.62;14-Mar-2017
111787;Taurus Ethical Fund - Regular Plan - Growth;INF044D01864;;41.33;41.12;41.33;14-Mar-2017
111788;Taurus Ethical Fund - Regular Plan - Payout of Income Distribution cum Capital Withdrawal option;INF044D01831;INF044D01849;27.92;27.78;27.92;14-Mar-2017
118878;Taurus Ethical Fund-Direct Plan-Bonus Option #;INF044D01CM4;;13.99;13.92;13.99;14-Mar-2017
118879;Taurus Infrastructure Fund - Direct Plan - Growth ;INF044D01CD3;;21.32;21.21;21.32;14-Mar-2017
118880;Taurus Infrastructure Fund - Direct Plan - Payout of Income Distribution cum Capital Withdrawal option;INF044D01CE1;INF044D01CF8;19.86;19.76;19.86;14-Mar-2017
105417;Taurus Infrastructure Fund - Regular Plan - Growth;INF044D01906;;20.64;20.54;20.64;14-Mar-2017
105418;Taurus Infrastructure Fund - Regular Plan - Payout of Income Distribution cum Capital Withdrawal option;INF044D01872;INF044D01880;19.42;19.32;19.42;14-Mar-2017

UTI Mutual Fund
120733;UTI Banking and Financial Services Fund - Direct Plan - Growth Option;INF789F01SN3;;84.0284;84.0284;84.0284;14-Mar-2017
120732;UTI Banking and Financial Services Fund - Direct Plan - IDCW;INF789F01SL7;INF789F01SM5;32.8848;32.8848;32.8848;14-Mar-2017
102401;UTI Banking and Financial Services Fund - Regular Plan - Growth Option;INF789F01372;;80.5786;80.5786;80.5786;14-Mar-2017
102402;UTI Banking and Financial Services Fund - Regular Plan - IDCW;INF789F01356;INF789F01364;31.3612;31.3612;31.3612;14-Mar-2017
120782;UTI Healthcare Fund - Direct Plan - Growth Option;INF789F01TO9;;92.2401;92.2401;92.2401;14-Mar-2017
120783;UTI Healthcare Fund - Direct Plan - IDCW;INF789F01TM3;INF789F01TN1;71.2943;71.2943;71.2943;14-Mar-2017
100807;UTI Healthcare Fund - Regular Plan - Growth Option;INF789F01695;;89.019;89.019;89.019;14-Mar-2017
100806;UTI Healthcare Fund - Regular Plan - IDCW;INF789F01679;INF789F01687;68.7996;68.7996;68.7996;14-Mar-2017
120780;UTI India Consumer Fund - Direct Plan - Growth Option;INF789F01VF3;;22.5621;22.5621;22.5621;14-Mar-2017
120781;UTI India Consumer Fund - Direct Plan - IDCW;INF789F01VG1;INF789F01VH9;21.1538;21.1538;21.1538;14-Mar-2017
106425;UTI India Consumer Fund - Regular Plan - Growth Option;INF789F01CE6;;22.0239;22.0239;22.0239;14-Mar-2017
106426;UTI India Consumer Fund - Regular Plan - IDCW;INF789F01CF3;INF789F01CG1;20.6279;20.6279;20.6279;14-Mar-2017
120729;UTI Infrastructure Fund - Direct Plan - IDCW;INF789F01TS0;INF789F01TT8;26.298;26.298;26.298;14-Mar-2017
102396;UTI Infrastructure Fund - Regular Plan - IDCW;INF789F01737;INF789F01745;25.8228;25.8228;25.8228;14-Mar-2017
102395;UTI Infrastructure Fund-Growth Option;INF789F01752;;47.5317;47.5317;47.5317;14-Mar-2017
120728;UTI Infrastructure Fund-Growth Option- Direct;INF789F01TU6;;48.3806;48.3806;48.3806;14-Mar-2017
120682;UTI - MNC Fund - Growth Option - Direct;INF789F01UD0;;163.204;163.204;163.204;14-Mar-2017
100740;UTI - MNC Fund - Regular Plan - Growth Option;INF789F01844;;157.6512;157.6512;157.6512;14-Mar-2017
120681;UTI MNC Fund - Direct Plan - IDCW;INF789F01UB4;INF789F01UC2;90.2028;90.2028;90.2028;14-Mar-2017
100739;UTI MNC Fund - Regular Plan - IDCW;INF789F01828;INF789F01836;86.9157;86.9157;86.9157;14-Mar-2017
120730;UTI Transportation and Logistics Fund - Direct Plan - IDCW;INF789F01SF9;INF789F01SG7;48.5371;48.5371;48.5371;14-Mar-2017
102397;UTI Transportation and Logistics Fund - Regular Plan - IDCW;INF789F01273;INF789F01281;46.4923;46.4923;46.4923;14-Mar-2017
102398;UTI-Transportation and Logistics  Fund-Growth Option;INF789F01299;;100.8259;100.8259;100.8259;14-Mar-2017
120731;UTI-Transportation and Logistics  Fund-Growth Option- Direct;INF789F01SH5;;104.9599;104.9599;104.9599;14-Mar-2017

Open Ended Schemes ( Equity Scheme - ELSS )


Aditya Birla Sun Life Mutual Fund
119544;Aditya Birla Sun Life ELSS Tax Saver Fund - Growth - Direct Plan;INF209K01UN8;;25.52;25.52;25.52;14-Mar-2017
107745;Aditya Birla Sun Life ELSS Tax Saver Fund - Growth Option;INF209K01108;;24.66;24.66;24.66;14-Mar-2017
119543;Aditya Birla Sun Life ELSS Tax Saver Fund-DIRECT - IDCW;INF209K01P23;INF209K01UM0;176.04;176.04;176.04;14-Mar-2017
103164;Aditya Birla Sun Life ELSS Tax Saver Fund-Regular - IDCW;INF209K01090;INF209K01CB1;139.25;139.25;139.25;14-Mar-2017
119661;Aditya Birla Sun Life Tax Plan - Direct Plan - Growth Option;INF209K01VV9;;32.22;32.22;32.22;14-Mar-2017
104331;Aditya Birla Sun Life Tax Plan - Regular Plan - Growth Option;INF209K01348;;30.93;30.93;30.93;14-Mar-2017
119660;Aditya Birla Sun Life Tax Plan -DIRECT - IDCW;INF209K01Q14;INF209K01VW7;106.09;106.09;106.09;14-Mar-2017
100067;Aditya Birla Sun Life Tax Plan -Regular - IDCW;INF209K01330;INF209K01CM8;79.12;79.12;79.12;14-Mar-2017

Axis Mutual Fund
120503;Axis ELSS Tax Saver Fund - Direct Plan - Growth Option;INF846K01EW2;;35.2493;35.2493;35.2493;14-Mar-2017
120502;Axis ELSS Tax Saver Fund - Direct Plan - IDCW;INF846K01EX0;INF846K01EY8;30.0304;30.0304;30.0304;14-Mar-2017
112323;Axis ELSS Tax Saver Fund - Regular Plan - Growth;INF846K01131;;33.5456;33.5456;33.5456;14-Mar-2017
112322;Axis ELSS Tax Saver Fund - Regular Plan - IDCW;INF846K01149;INF846K01156;19.6250;19.6250;19.6250;14-Mar-2017

Bandhan Mutual Fund
118473;BANDHAN ELSS Tax Saver Fund - Direct Plan - Growth;INF194K01Y29;;46.2582;46.2582;46.2582;14-Mar-2017
118472;BANDHAN ELSS Tax Saver Fund - Direct Plan - IDCW;INF194K01Y37;INF194K01Y45;17.6156;17.6156;17.6156;14-Mar-2017
111569;BANDHAN ELSS Tax Saver Fund - Regular Plan - Growth;INF194K01292;;44.3449;44.3449;44.3449;14-Mar-2017
111570;BANDHAN ELSS Tax Saver Fund - Regular Plan - IDCW;INF194K01300;INF194K01318;14.7302;14.7302;14.7302;14-Mar-2017

Bank of India Mutual Fund
119351;BANK OF INDIA ELSS Tax Saver -Direct Plan- Growth;INF761K01884;;43.62;43.62;43.62;14-Mar-2017
119352;BANK OF INDIA ELSS Tax Saver -Direct Plan-IDCW;INF761K01876;INF761K01868;22.56;22.56;22.56;14-Mar-2017
111709;BANK OF INDIA ELSS Tax Saver -ECO Plan-Growth;INF761K01157;;42.79;42.79;0.00;14-Mar-2017
111711;BANK OF INDIA ELSS Tax Saver -ECO Plan-IDCW;INF761K01132;INF761K01140;17.08;17.08;0.00;14-Mar-2017
111710;BANK OF INDIA ELSS Tax Saver -Regular Plan- Growth;INF761K01181;;41.22;41.22;41.22;14-Mar-2017
111708;BANK OF INDIA ELSS Tax Saver -Regular Plan-IDCW;INF761K01165;INF761K01173;17.11;17.11;17.11;14-Mar-2017

Baroda BNP Paribas Mutual Fund
100068;BARODA ELSS 96 - Plan A - IDCW;INF955L01641;;31.52;31.52;31.52;14-Mar-2017
119339;BARODA ELSS 96 - Plan B (Direct) - IDCW;INF955L01914;;36.23;36.23;36.23;14-Mar-2017
125111;Baroda ELSS 96 - Plan B (Direct)- Bonus Option;INF955L01DA7;;42.39;42.39;42.39;14-Mar-2017
125110;Baroda ELSS 96 Fund - Plan A- Bonus Option;INF955L01CZ6;;40.27;40.27;40.27;14-Mar-2017
134044;Baroda ELSS 96 Plan A -Growth Option;INF955L01GD4;;40.27;40.27;40.27;14-Mar-2017
134045;Baroda ELSS 96 Plan B(Direct) -Growth Option;INF955L01GE2;;42.39;42.39;42.39;14-Mar-2017

BNP Paribas Mutual Fund
120147;BNP Paribas Long Term Equity Fund - Direct Plan - Growth Option;INF251K01HF3;;31.7870;31.7870;31.7870;14-Mar-2017
120146;BNP Paribas Long Term Equity Fund - Direct Plan - Income Distribution cum Capital Withdrawal Option;INF251K01HH9;INF251K01HG1;16.1850;16.1850;16.1850;14-Mar-2017
113463;BNP Paribas Long Term Equity Fund - Growth Option;INF251K01985;;31.1650;31.1650;31.1650;14-Mar-2017
113464;BNP Paribas Long Term Equity Fund-Income Distribution cum Capital Withdrawal Option;INF251K01AA9;INF251K01993;16.1370;16.1370;16.1370;14-Mar-2017

Canara Robeco Mutual Fund
118285;CANARA ROBECO ELSS TAX SAVER - DIRECT PLAN - GROWTH OPTION;INF760K01EL8;;50.8100;50.8100;50.8100;14-Mar-2017
118286;CANARA ROBECO ELSS TAX SAVER - DIRECT PLAN - IDCW (Payout);INF760K01EJ2;INF760K01EK0;33.9200;33.9200;33.9200;14-Mar-2017
111722;CANARA ROBECO ELSS TAX SAVER - REGULAR PLAN - GROWTH OPTION;INF760K01100;;49.7700;49.7700;49.7700;14-Mar-2017
100593;CANARA ROBECO ELSS TAX SAVER - REGULAR PLAN -IDCW (Payout);INF760K01084;INF760K01092;22.9600;22.9600;22.9600;14-Mar-2017

DSP Mutual Fund
119242;DSP ELSS Tax Saver Fund - Direct Plan - Growth;INF740K01OK1;;40.831;40.831;40.831;14-Mar-2017
119241;DSP ELSS Tax Saver Fund - Direct Plan - IDCW;INF740K01OL9;INF740K01OM7;29.149;29.149;29.149;14-Mar-2017
104772;DSP ELSS Tax Saver Fund - Regular Plan - Growth;INF740K01185;;39.900;39.900;39.900;14-Mar-2017
104773;DSP ELSS Tax Saver Fund - Regular Plan - IDCW;INF740K01169;INF740K01177;16.050;16.050;16.050;14-Mar-2017

Edelweiss Mutual Fund
118619;Edelweiss ELSS Tax Saver Fund - Direct Plan - IDCW Option;INF754K01BX2;INF754K01BY0;19.37;19.37;19.37;14-Mar-2017
118620;Edelweiss ELSS Tax Saver Fund - Direct Plan-Growth Option;INF754K01CA8;;41.24;41.24;41.24;14-Mar-2017
111638;Edelweiss ELSS Tax Saver Fund - Regular Plan - Growth Option;INF754K01517;;39.87;39.87;39.87;14-Mar-2017
111639;Edelweiss ELSS Tax Saver Fund - Regular Plan - IDCW Option;INF754K01525;INF754K01541;16.08;16.08;16.08;14-Mar-2017
140240;Edelweiss Tax Advantage Fund - Direct Plan - Dividend Option;INF843K01AS5;INF843K01AT3;26.476;26.476;26.476;14-Mar-2017
140241;Edelweiss Tax Advantage Fund - Direct Plan - Growth Option;INF843K01AR7;;35.409;35.409;35.409;14-Mar-2017
140239;Edelweiss Tax Advantage Fund - Regular Plan - Dividend Option;INF843K01112;INF843K01120;25.499;25.499;25.499;14-Mar-2017
140238;Edelweiss Tax Advantage Fund - Regular Plan - Growth Option;INF843K01104;;33.825;33.825;33.825;14-Mar-2017

Franklin Templeton Mutual Fund
118540;Franklin India ELSS Tax Saver Fund - Direct - Growth;INF090I01JS8;;501.2763;501.2763;501.2763;14-Mar-2017
118541;Franklin India ELSS Tax Saver Fund - Direct - IDCW;INF090I01JT6;INF090I01JU4;43.9296;43.9296;43.9296;14-Mar-2017
100525;Franklin India ELSS Tax Saver Fund - IDCW;INF090I01783;INF090I01791;42.1476;42.1476;42.1476;14-Mar-2017
100526;Franklin India ELSS Tax Saver Fund-Growth;INF090I01775;;484.3654;484.3654;484.3654;14-Mar-2017

HDFC Mutual Fund
119060;HDFC ELSS Tax saver - Growth Option - Direct Plan;INF179K01YS4;;466.142;466.142;466.142;14-Mar-2017
101979;HDFC ELSS Tax saver - Growth Plan;INF179K01BB8;;454.859;454.859;454.859;14-Mar-2017
119059;HDFC ELSS Tax saver - IDCW Option - Direct Plan;INF179K01YQ8;INF179K01YR6;67.235;67.235;67.235;14-Mar-2017
101980;HDFC ELSS Tax saver - IDCW Plan;INF179K01AZ9;INF179K01BA0;65.283;65.283;65.283;14-Mar-2017
118929;HDFC Long Term Advantage Plan - Growth Option - Direct Plan;INF179K01WX8;;293.982;293.982;293.982;14-Mar-2017
100998;HDFC Long Term Advantage Plan - Growth Plan;INF179K01996;;287.132;287.132;287.132;14-Mar-2017
118928;HDFC Long Term Advantage Plan - IDCW Option - Direct Plan;INF179K01WV2;INF179K01WW0;40.488;40.488;40.488;14-Mar-2017
100997;HDFC Long Term Advantage Plan - IDCW Plan;INF179K01970;INF179K01988;38.593;38.593;38.593;14-Mar-2017

HSBC Mutual Fund
104707;HSBC Tax Saver Equity Fund - Growth;INF336L01BA4;;31.997;31.997;31.997;14-Mar-2017
120079;HSBC Tax Saver Equity Fund - Growth Direct;INF336L01EE0;;32.9934;32.9934;32.9934;14-Mar-2017
104706;HSBC Tax Saver Equity Fund - IDCW;INF336L01AZ3;;22.7322;22.7322;22.7322;14-Mar-2017
120078;HSBC Tax Saver Equity Fund - IDCW Direct Plan;INF336L01ER2;;23.5617;23.5617;23.5617;14-Mar-2017

ICICI Prudential Mutual Fund
120592;ICICI Prudential ELSS Tax Saver Fund - Direct Plan - Growth;INF109K01Y31;;328.72;328.72;328.72;14-Mar-2017
120593;ICICI Prudential ELSS Tax Saver Fund - Direct Plan - IDCW;INF109K01Y15;INF109K01Y23;29.43;29.43;29.43;14-Mar-2017
100354;ICICI Prudential ELSS Tax Saver Fund - Growth;INF109K01464;;315.91;315.91;315.91;14-Mar-2017
100353;ICICI Prudential ELSS Tax Saver Fund - IDCW;INF109K01FN1;INF109K01472;23.03;23.03;23.03;14-Mar-2017

IDBI Mutual Fund
123637;IDBI Equity Advantage Fund - Growth Direct;INF397L01EC6;;22.4300;22.4300;22.4300;14-Mar-2017
123638;IDBI Equity Advantage Fund - Growth Regular;INF397L01DY2;;21.8000;21.8000;21.8000;14-Mar-2017
123635;IDBI Equity Advantage Fund - IDCW Direct;INF397L01ED4;INF397L01EE2;18.5900;18.5900;18.5900;14-Mar-2017
123636;IDBI Equity Advantage Fund - IDCW Regular;INF397L01DZ9;INF397L01EA0;18.0000;18.0000;18.0000;14-Mar-2017

Invesco Mutual Fund
120416;Invesco India ELSS Tax Saver Fund - Direct Plan - Growth;INF205K01NT8;;42.86;42.86;42.86;14-Mar-2017
120417;Invesco India ELSS Tax Saver Fund - Direct Plan - IDCW (Payout / Reinvestment);INF205K01NR2;INF205K01NS0;19.15;19.15;19.15;14-Mar-2017
104636;Invesco India ELSS Tax Saver Fund - Growth;INF205K01270;;40.38;40.38;40.38;14-Mar-2017
104635;Invesco India ELSS Tax Saver Fund - IDCW (Payout / Reinvestment);INF205K01296;INF205K01288;18.26;18.26;18.26;14-Mar-2017

JM Financial Mutual Fund
120494;JM ELSS Tax Saver Fund (Direct) - Growth Option;INF192K01CE3;;14.3343;14.3343;14.3343;14-Mar-2017
120493;JM ELSS Tax Saver Fund (Direct) - IDCW;INF192K01CD5;;13.9887;13.9887;13.9887;14-Mar-2017
107288;JM ELSS Tax Saver Fund (Regular) - Growth option;INF192K01650;;13.5274;13.5274;13.5274;14-Mar-2017
107287;JM ELSS Tax Saver Fund (Regular) - IDCW;INF192K01643;;13.5273;13.5273;13.5273;14-Mar-2017

Kotak Mahindra Mutual Fund
103339;Kotak ELSS Tax Saver Fund-Growth;INF174K01369;;36.415;36.415;36.415;14-Mar-2017
119773;Kotak ELSS Tax Saver Fund-Growth - Direct;INF174K01LI3;;38.438;38.438;38.438;14-Mar-2017
103338;Kotak ELSS Tax Saver Fund-Payout of Income Distribution cum capital withdrawal option;INF174K01385;INF174K01377;19.063;19.063;19.063;14-Mar-2017
119772;Kotak ELSS Tax Saver Fund-Payout of Income Distribution cum capital withdrawal option - Direct;INF174K01LJ1;;21.621;21.621;21.621;14-Mar-2017

L&T Mutual Fund
119417;L&T  Tax Advantage Fund-Direct Plan-Growth;INF917K01GP0;;46.379;46.379;46.379;14-Mar-2017
118047;L&T  Tax Advantage Fund-Regular Plan-Growth;INF677K01064;;45.196;45.196;45.196;14-Mar-2017
119418;L&T Tax Advantage Fund-Direct Plan-IDCW;INF917K01GO3;INF917K01GN5;26.278;26.278;26.278;14-Mar-2017
118048;L&T Tax Advantage Fund-Regular Plan-IDCW;INF677K01072;INF677K01080;22.538;22.538;22.538;14-Mar-2017

LIC Mutual Fund
120270;LIC MF ELSS Tax Saver-Direct Plan-Growth;INF767K01EM1;;54.7981;54.7981;54.7981;14-Mar-2017
120269;LIC MF ELSS Tax Saver-Direct Plan-IDCW;INF767K01EL3;INF767K01EN9;16.5769;16.5769;16.5769;14-Mar-2017
100865;LIC MF ELSS Tax Saver-Regular Plan-Growth;INF767K01956;;52.9573;52.9573;52.9573;14-Mar-2017
100864;LIC MF ELSS Tax Saver-Regular Plan-IDCW;INF767K01931;INF767K01949;16.0045;16.0045;16.0045;14-Mar-2017
134878;LIC MF ULIS (10 Yrs. Regular Premium Reducing Cover Half-Yearly)-Direct Plan-IDCW Reinvestment;;INF767K01DR2;15.6234;15.6234;15.6234;14-Mar-2017
134865;LIC MF ULIS (10 Yrs. Regular Premium Reducing Cover Half-Yearly)-Regular Plan-IDCW Reinvestment;;INF767K01998;15.2600;15.2600;15.2600;14-Mar-2017
134876;LIC MF ULIS (10 Yrs. Regular Premium Reducing Cover Monthly)-Direct Plan-IDCW Reinvestment;;INF767K01DQ4;15.6234;15.6234;15.6234;14-Mar-2017
134847;LIC MF ULIS (10 Yrs. Regular Premium Reducing Cover Monthly)-Regular Plan-IDCW Reinvestment;;INF767K01980;15.2600;15.2600;15.2600;14-Mar-2017
135976;LIC MF ULIS (10 Yrs. Regular Premium Reducing Cover Quarterly)-Direct Plan-IDCW Reinvestment;;INF767K01OY5;15.6234;15.6234;15.6234;14-Mar-2017
135979;LIC MF ULIS (10 Yrs. Regular Premium Reducing Cover Quarterly)-Regular Plan-IDCW Reinvestment;;INF767K01OV1;15.2600;15.2600;15.2600;14-Mar-2017
134877;LIC MF ULIS (10 Yrs. Regular Premium Reducing Cover Yearly)-Direct Plan-IDCW Reinvestment;;INF767K01DS0;15.6234;15.6234;15.6234;14-Mar-2017
134864;LIC MF ULIS (10 Yrs. Regular Premium Reducing Cover Yearly)-Regular Plan-IDCW Reinvestment;;INF767K01AA4;15.2600;15.2600;15.2600;14-Mar-2017
134879;LIC MF ULIS (10 Yrs. Regular Premium Uniform Cover Half-Yearly)-Direct Plan-IDCW Reinvestment;;INF767K01DU6;15.6234;15.6234;15.6234;14-Mar-2017
134867;LIC MF ULIS (10 Yrs. Regular Premium Uniform Cover Half-Yearly)-Regular Plan-IDCW Reinvestment;;INF767K01AC0;15.2600;15.2600;15.2600;14-Mar-2017
134881;LIC MF ULIS (10 Yrs. Regular Premium Uniform Cover Monthly)-Direct Plan-IDCW Reinvestment;;INF767K01DT8;15.6234;15.6234;15.6234;14-Mar-2017
134863;LIC MF ULIS (10 Yrs. Regular Premium Uniform Cover Monthly)-Regular Plan-IDCW Reinvestment;;INF767K01AB2;15.2600;15.2600;15.2600;14-Mar-2017
135977;LIC MF ULIS (10 Yrs. Regular Premium Uniform Cover Quarterly)-Direct Plan-IDCW Reinvestment;;INF767K01PB0;15.6234;15.6234;15.6234;14-Mar-2017
135983;LIC MF ULIS (10 Yrs. Regular Premium Uniform Cover Quarterly)-Regular Plan-IDCW Reinvestment;;INF767K01PA2;15.2600;15.2600;15.2600;14-Mar-2017
134880;LIC MF ULIS (10 Yrs. Regular Premium Uniform Cover Yearly)-Direct Plan-IDCW Reinvestment;;INF767K01DV4;15.6234;15.6234;15.6234;14-Mar-2017
134868;LIC MF ULIS (10 Yrs. Regular Premium Uniform Cover Yearly)-Regular Plan-IDCW Reinvestment;;INF767K01AD8;15.2600;15.2600;15.2600;14-Mar-2017
134875;LIC MF ULIS (10 Yrs. Single Premium)-Direct Plan-IDCW Reinvestment;;INF767K01DP6;15.6234;15.6234;15.6234;14-Mar-2017
134846;LIC MF ULIS (10 Yrs. Single Premium)-Regular Plan-IDCW Reinvestment;;INF767K01972;15.2600;15.2600;15.2600;14-Mar-2017
134882;LIC MF ULIS (15 Yrs. Regular Premium Reducing Cover Half-Yearly)-Direct Plan-IDCW Reinvestment;;INF767K01DX0;15.6234;15.6234;15.6234;14-Mar-2017
134870;LIC MF ULIS (15 Yrs. Regular Premium Reducing Cover Half-Yearly)-Regular Plan-IDCW Reinvestment;;INF767K01AF3;15.2600;15.2600;15.2600;14-Mar-2017
134884;LIC MF ULIS (15 Yrs. Regular Premium Reducing Cover Monthly)-Direct Plan-IDCW Reinvestment;;INF767K01DW2;15.6234;15.6234;15.6234;14-Mar-2017
134869;LIC MF ULIS (15 Yrs. Regular Premium Reducing Cover Monthly)-Regular Plan-IDCW Reinvestment;;INF767K01AE6;15.2600;15.2600;15.2600;14-Mar-2017
135978;LIC MF ULIS (15 Yrs. Regular Premium Reducing Cover Quarterly)-Direct Plan-IDCW Reinvestment;;INF767K01OX7;15.6234;15.6234;15.6234;14-Mar-2017
135981;LIC MF ULIS (15 Yrs. Regular Premium Reducing Cover Quarterly)-Regular Plan-IDCW Reinvestment;;INF767K01OU3;15.2600;15.2600;15.2600;14-Mar-2017
134883;LIC MF ULIS (15 Yrs. Regular Premium Reducing Cover Yearly)-Direct Plan-IDCW Reinvestment;;INF767K01DY8;15.6234;15.6234;15.6234;14-Mar-2017
134871;LIC MF ULIS (15 Yrs. Regular Premium Reducing Cover Yearly)-Regular Plan-IDCW Reinvestment;;INF767K01AG1;15.2600;15.2600;15.2600;14-Mar-2017
134885;LIC MF ULIS (15 Yrs. Regular Premium Uniform Cover Half-Yearly)-Direct Plan-IDCW Reinvestment;;INF767K01EA6;15.6234;15.6234;15.6234;14-Mar-2017
134873;LIC MF ULIS (15 Yrs. Regular Premium Uniform Cover Half-Yearly)-Regular Plan-IDCW Reinvestment;;INF767K01AI7;15.2600;15.2600;15.2600;14-Mar-2017
134887;LIC MF ULIS (15 Yrs. Regular Premium Uniform Cover Monthly)-Direct Plan-IDCW Reinvestment;;INF767K01DZ5;15.6234;15.6234;15.6234;14-Mar-2017
134872;LIC MF ULIS (15 Yrs. Regular Premium Uniform Cover Monthly)-Regular Plan-IDCW Reinvestment;;INF767K01AH9;15.2600;15.2600;15.2600;14-Mar-2017
135980;LIC MF ULIS (15 Yrs. Regular Premium Uniform Cover Quarterly)-Direct Plan-IDCW Reinvestment;;INF767K01OZ2;15.6234;15.6234;15.6234;14-Mar-2017
135982;LIC MF ULIS (15 Yrs. Regular Premium Uniform Cover Quarterly)-Regular Plan-IDCW Reinvestment;;INF767K01OW9;15.2600;15.2600;15.2600;14-Mar-2017
134886;LIC MF ULIS (15 Yrs. Regular Premium Uniform Cover Yearly)-Direct Plan-IDCW Reinvestment;;INF767K01EB4;15.6234;15.6234;15.6234;14-Mar-2017
134874;LIC MF ULIS (15Yrs. Regular Premium Uniform Cover Yearly)-Regular Plan-IDCW Reinvestment;;INF767K01AJ5;15.2600;15.2600;15.2600;14-Mar-2017
120259;LIC MF ULIS (5 Yrs. Single Premium)-Direct Plan-IDCW Reinvestment;;INF767K01DO9;15.6234;15.6234;15.6234;14-Mar-2017
100325;LIC MF ULIS (5 Yrs. Single Premium)-Regular Plan-IDCW Reinvestment;;INF767K01964;15.2600;15.2600;15.2600;14-Mar-2017

Mahindra Manulife Mutual Fund
139781;Mahindra Manulife ELSS Tax Saver Fund - Direct Plan -Growth;INF174V01093;;10.9097;10.9097;10.9097;14-Mar-2017
139780;Mahindra Manulife ELSS Tax Saver Fund - Regular Plan - IDCW;INF174V01085;;10.8043;10.8043;10.8043;14-Mar-2017
139782;Mahindra Manulife ELSS Tax Saver Fund- Direct Plan - IDCW;INF174V01101;;10.8990;10.8990;10.8990;14-Mar-2017
139783;Mahindra Manulife ELSS Tax Saver Fund- Regular Plan - Growth;INF174V01077;;10.8045;10.8045;10.8045;14-Mar-2017

Mirae Asset Mutual Fund
135781;Mirae Asset ELSS Tax Saver Fund - Direct Plan - Growth;INF769K01DM9;;13.351;0.000;13.351;14-Mar-2017
135782;Mirae Asset ELSS Tax Saver Fund - Direct Plan - IDCW;INF769K01DN7;;13.341;0.000;13.341;14-Mar-2017
135784;Mirae Asset ELSS Tax Saver Fund - Regular Plan - Growth;INF769K01DK3;;13.103;0.000;13.103;14-Mar-2017
135783;Mirae Asset ELSS Tax Saver Fund - Regular Plan - IDCW;INF769K01DL1;;13.103;0.000;13.103;14-Mar-2017

Motilal Oswal Mutual Fund
133386;Motilal Oswal ELSS Tax Saver Fund - Direct Plan - Growth Option;INF247L01569;;14.6793;14.6793;14.6793;14-Mar-2017
133383;Motilal Oswal ELSS Tax Saver Fund - IDCW Payout;INF247L01551;;14.2379;14.2379;14.2379;14-Mar-2017
133385;Motilal Oswal ELSS Tax Saver Fund - Regular Plan - Growth Option;INF247L01544;;14.2379;14.2379;14.2379;14-Mar-2017
133384;Motilal Oswal ELSS Tax Saver Fund Direct - IDCW Payout;INF247L01577;;14.6793;14.6793;14.6793;14-Mar-2017

Navi Mutual Fund
135653;Navi ELSS Tax Saver Fund - Direct Plan IDCW Payout;INF959L01CE3;;12.4244;12.4244;12.4244;14-Mar-2017
135652;Navi ELSS Tax Saver Fund - Regular Plan IDCW Payout;INF959L01CG8;;12.2283;12.2283;12.2283;14-Mar-2017
135654;Navi ELSS Tax Saver Fund- Direct Plan- Growth Option;INF959L01CD5;;12.4696;12.4696;12.4696;14-Mar-2017
135655;Navi ELSS Tax Saver Fund- Regular Plan- Growth Option;INF959L01CF0;;12.2274;12.2274;12.2274;14-Mar-2017

Nippon India Mutual Fund
133866;NIPPON INDIA TAX SAVER (ELSS) FUND - ANNUAL IDCW Option;INF204KA1E04;;11.2176;11.2176;11.2176;14-Mar-2017
133865;NIPPON INDIA TAX SAVER (ELSS) FUND - DIRECT Plan - ANNUAL IDCW Option;INF204KA1E12;;11.3060;11.3060;11.3060;14-Mar-2017
118801;NIPPON INDIA TAX SAVER (ELSS) FUND - DIRECT Plan - IDCW Option;INF204K01L30;INF204K01L48;25.4104;25.4104;25.4104;14-Mar-2017
103197;NIPPON INDIA TAX SAVER (ELSS) FUND - IDCW Option;INF204K01GL2;INF204K01GM0;21.6258;21.6258;21.6258;14-Mar-2017
103196;Nippon India Tax Saver (ELSS) Fund-Growth Plan-Growth Option;INF204K01GK4;;53.0917;53.0917;53.0917;14-Mar-2017
118803;Nippon India Tax Saver Fund - Direct Plan Growth Plan - Growth Option;INF204K01L55;;54.7149;54.7149;54.7149;14-Mar-2017

PGIM India Mutual Fund
135600;PGIM India ELSS Tax Saver Fund - Direct Plan - Dividend Option;INF663L01FO3;;11.93;11.93;11.93;14-Mar-2017
135601;PGIM India ELSS Tax Saver Fund - Direct Plan - Growth Option;INF663L01FN5;;11.93;11.93;11.93;14-Mar-2017
135599;PGIM India ELSS Tax Saver Fund - Regular Plan - Dividend Option;INF663L01FR6;;11.81;11.81;11.81;14-Mar-2017
135598;PGIM India ELSS Tax Saver Fund - Regular Plan - Growth Option;INF663L01FQ8;;11.82;11.82;11.82;14-Mar-2017
138393;PGIM India Tax Plan - Bonus;INF223J01887;;16.26;16.26;16.26;14-Mar-2017
138396;PGIM India Tax Plan - Direct Plan - Bonus;INF223J01PD2;;16.75;16.75;16.75;14-Mar-2017
138395;PGIM India Tax Plan - Direct Plan - Dividend;INF223J01QY6;INF223J01QZ3;25.03;25.03;25.03;14-Mar-2017
138394;PGIM India Tax Plan - Direct Plan - Growth;INF223J01RA4;;26.89;26.89;26.89;14-Mar-2017
138392;PGIM India Tax Plan-DIVIDEND;INF223J01333;INF223J01341;21.62;21.62;21.62;14-Mar-2017
138391;PGIM India Tax Plan-GROWTH;INF223J01358;;25.58;25.58;25.58;14-Mar-2017

Principal Mutual Fund
101815;Principal Personal Tax Saver Fund;INF173K01353;;172.44;172.44;172.44;14-Mar-2017
119486;Principal Personal Tax Saver Fund - Direct Plan;INF173K01FA4;;176.87;176.87;176.87;14-Mar-2017
100156;Principal Tax Savings Fund;INF173K01361;;170.00;170.00;170.00;14-Mar-2017
119489;Principal Tax Savings Fund - Direct Plan;INF173K01HZ7;;173.52;173.52;173.52;14-Mar-2017

quant Mutual Fund
120847;quant ELSS Tax Saver Fund - Growth Option - Direct Plan;INF966L01986;;78.0400;78.0400;78.0400;14-Mar-2017
100175;quant ELSS Tax Saver Fund - Growth Option - Regular Plan;INF966L01135;;77.3701;77.3701;77.3701;14-Mar-2017
120846;quant ELSS Tax Saver Fund - IDCW Option - Direct Plan;INF966L01960;INF966L01127;12.7410;12.7410;12.7410;14-Mar-2017
100174;quant ELSS Tax Saver Fund - IDCW Option - Regular Plan;INF966L01119;;13.0562;13.0562;13.0562;14-Mar-2017

Quantum Mutual Fund
111549;Quantum ELSS Tax Saver Fund - Direct Plan Growth Option;INF082J01069;;47.61;47.61;47.61;14-Mar-2017
111550;Quantum ELSS Tax Saver Fund - Direct Plan IDCW;INF082J01077;INF082J01085;47.61;47.61;47.61;14-Mar-2017

SBI Mutual Fund
119722;SBI ELSS Tax Saver Fund - Direct Plan - Income Distribution cum Capital Withdrawal Option (IDCW);INF200K01UK3;;55.5622;55.5622;55.5622;14-Mar-2017
119723;SBI ELSS Tax Saver FUND - DIRECT PLAN -GROWTH;INF200K01UM9;;126.6061;126.6061;126.6061;14-Mar-2017
103883;SBI ELSS Tax Saver Fund - Regular Plan - Income Distribution cum Capital Withdrawal Option (IDCW);INF200K01479;;44.5002;44.5002;44.5002;14-Mar-2017
105628;SBI ELSS Tax Saver FUND - REGULAR PLAN- GROWTH;INF200K01495;;123.772;123.772;123.772;14-Mar-2017

Sundaram Mutual Fund
119549;Sundaram Diversified Equity (ELSS) Direct Plan - Growth;INF903J01NN3;;89.3479;89.3479;89.3479;14-Mar-2017
119548;Sundaram Diversified Equity (ELSS) Direct Plan - Income Distribution cum Capital Withdrawal (IDCW);INF903J01NL7;INF903J01NM5;14.1156;14.1156;14.1156;14-Mar-2017
101853;Sundaram Diversified Equity (ELSS) Regular Plan - Growth;INF903J01538;;88.1468;88.1468;88.1468;14-Mar-2017
100614;Sundaram Diversified Equity (ELSS) Regular Plan - Income Distribution cum Capital Withdrawal (IDCW);INF903J01512;INF903J01520;13.8785;13.8785;13.8785;14-Mar-2017

Tata Mutual Fund
119281;Tata ELSS Tax Saver Fund- Direct Plan - Payout of IDCW Option;INF277K01I94;;91.7279;91.7279;91.7279;14-Mar-2017
100474;Tata ELSS Tax Saver Fund- Regular Plan - Payout of IDCW Option;INF277K01I60;;71.5382;71.5382;71.5382;14-Mar-2017
132756;Tata ELSS Tax Saver Fund-Growth-Direct Plan;INF277K01I86;;14.7264;14.7264;14.7264;14-Mar-2017
132757;Tata ELSS Tax Saver Fund-Growth-Regular Plan;INF277K01I52;;14.2958;14.2958;14.2958;14-Mar-2017

Taurus Mutual Fund
118866;Taurus ELSS Tax Saver Fund - Direct Plan - Growth;INF044D01CG6;INF044D01AA3;62.95;62.95;62.95;14-Mar-2017
118867;Taurus ELSS Tax Saver Fund - Direct Plan - Payout of Income Distribution cum Capital Withdrawal option;INF044D01CH4;INF044D01CI2;29.01;29.01;29.01;14-Mar-2017
100480;Taurus ELSS Tax Saver Fund - Regular Plan - Growth;INF044D01AC9;;60.99;60.99;60.99;14-Mar-2017
108402;Taurus ELSS Tax Saver Fund - Regular Plan - Payout of Income Distribution cum Capital Withdrawal option;INF044D01997;;28.57;28.57;28.57;14-Mar-2017

Union Mutual Fund
119307;Union ELSS Tax Saver Fund - Direct Plan - Growth Option;INF582M01765;;21.30;21.30;21.30;14-Mar-2017
119306;Union ELSS Tax Saver Fund - Direct Plan - IDCW Option;INF582M01781;INF582M01773;21.30;21.30;21.30;14-Mar-2017
116051;Union ELSS Tax Saver Fund - Growth Option;INF582M01302;;20.80;20.80;20.80;14-Mar-2017
116052;Union ELSS Tax Saver Fund - IDCW Option;INF582M01328;INF582M01310;14.10;14.10;14.10;14-Mar-2017

UTI Mutual Fund
120715;UTI ELSS Tax Saver Fund - Direct Plan - Growth Option;INF789F01TF7;;77.0626;77.0626;77.0626;14-Mar-2017
120714;UTI ELSS Tax Saver Fund - Direct Plan - IDCW;INF789F01TD2;INF789F01TE0;23.1368;23.1368;23.1368;14-Mar-2017
100821;UTI ELSS Tax Saver Fund - Regular Plan - Growth Option;INF789F01547;;74.5478;74.5478;74.5478;14-Mar-2017
100820;UTI ELSS Tax Saver Fund - Regular Plan - IDCW;INF789F01521;INF789F01539;19.3193;19.3193;19.3193;14-Mar-2017

Open Ended Schemes ( Debt Scheme - Overnight Fund )


HDFC Mutual Fund
119109;HDFC Overnight Fund - Daily IDCW Option - Direct Plan;;INF179KB1HY1;1042.6600;1042.6600;1042.6600;14-Mar-2017
101996;HDFC Overnight Fund - Growth Option;INF179KB1HS3;;2493.2228;2493.2228;2493.2228;14-Mar-2017
119110;HDFC Overnight Fund - Growth Option - Direct Plan;INF179KB1HT1;;2499.4746;2499.4746;2499.4746;14-Mar-2017
101997;HDFC Overnight Fund - IDCW Option (Daily);;INF179KB1IF8;1042.6600;1042.6600;1042.6600;14-Mar-2017

L&T Mutual Fund
118066;L&T Overnight Fund  - Regular Plan - Monthly IDCW;INF917K01EL4;INF917K01EM2;1031.8991;1031.8991;1031.8991;14-Mar-2017
119283;L&T Overnight Fund - Direct Plan - Growth;INF917K01EN0;;1306.2741;1306.2741;1306.2741;14-Mar-2017
119284;L&T Overnight Fund - Direct Plan- Daily IDCW;;INF917K01EO8;1023.3;1023.3;1023.3;14-Mar-2017
119282;L&T Overnight Fund - Direct Plan- Monthly IDCW;INF917K01ER1;;1054.8992;1054.8992;1054.8992;14-Mar-2017
119285;L&T Overnight Fund - Direct Plan- Weekly IDCW;;INF917K01EP5;1001.581;1001.581;1001.581;14-Mar-2017
118056;L&T Overnight Fund - Regular Plan - Daily IDCW;;INF917K01EJ8;1023.3;1023.3;1023.3;14-Mar-2017
118058;L&T Overnight Fund - Regular Plan - Growth;INF917K01EI0;;1274.9127;1274.9127;1274.9127;14-Mar-2017
118065;L&T Overnight Fund - Regular Plan - Weekly IDCW;;INF917K01EK6;1000.1664;1000.1664;1000.1664;14-Mar-2017

SBI Mutual Fund
119831;SBI Overnight Fund - Direct Plan - Daily Income Distribution cum Capital Withdrawal Option (IDCW);;INF200K01TJ7;1009.91;1009.91;1009.91;14-Mar-2017
119833;SBI OVERNIGHT FUND - DIRECT PLAN - GROWTH;INF200K01TK5;;2737.1327;2737.1327;2737.1327;14-Mar-2017
119832;SBI Overnight Fund - Direct Plan - Weekly Income Distribution cum Capital Withdrawal Option (IDCW);INF200K01TL3;INF200K01TM1;1031.6848;1031.6848;1031.6848;14-Mar-2017
114297;SBI Overnight Fund - Regular Plan - Daily Income Distribution cum Capital Withdrawal Option (IDCW);;INF200K01LN6;1009.91;1009.91;1009.91;14-Mar-2017
101206;SBI OVERNIGHT FUND - REGULAR PLAN - GROWTH;INF200K01LQ9;;2719.0809;2719.0809;2719.0809;14-Mar-2017
103140;SBI Overnight Fund - Regular Plan - Weekly Income Distribution cum Capital Withdrawal Option (IDCW);INF200K01LO4;INF200K01LP1;1031.6716;1031.6716;1031.6716;14-Mar-2017

UTI Mutual Fund
100814;UTI - Overnight  Fund - Regular Plan - Growth Option;INF789F01604;;22.9317;22.9317;22.9317;14-Mar-2017
120785;UTI - Overnight Fund - Direct Plan - Growth Option;INF789FB1S71;;23.0418;23.0418;23.0418;14-Mar-2017
120786;UTI Overnight Fund - Direct Plan - Periodic IDCW;INF789FB1T05;INF789FB1S97;14.2586;14.2586;14.2586;14-Mar-2017
124265;UTI Overnight Fund - Regular Plan - Daily IDCW;;INF789FB1T13;12.5724;12.5724;0;14-Mar-2017
100813;UTI Overnight Fund - Regular Plan - Periodic IDCW;INF789F01588;INF789F01596;13.9845;13.9845;13.9845;14-Mar-2017

Open Ended Schemes ( Debt Scheme - Liquid Fund )


360 ONE Mutual Fund
125349;360 ONE LIQUID FUND DIRECT PLAN  DAILY DIVIDEND REINVESTMENT;;INF579M01688;1000.0246;1000.0246;1000.0246;14-Mar-2017
125345;360 ONE LIQUID FUND DIRECT PLAN  GROWTH;INF579M01621;;1283.4934;1283.4934;1283.4934;14-Mar-2017
125342;360 ONE LIQUID FUND REGULAR PLAN  DAILY DIVIDEND REINVESTMENT;;INF579M01563;1000.0246;1000.0246;1000.0246;14-Mar-2017
125259;360 ONE LIQUID FUND REGULAR PLAN  GROWTH;INF579M01506;;1281.3475;1281.3475;1281.3475;14-Mar-2017
125337;360 ONE LIQUID FUND REGULAR PLAN  WEEKLY DIVIDEND;INF579M01514;INF579M01571;1005.0000;1005.0000;1005.0000;14-Mar-2017

Aditya Birla Sun Life Mutual Fund
100047;Aditya Birla Sun Life Liquid Fund - Growth;INF209K01RU9;;259.7039;259.7039;259.7039;14-Mar-2017
119568;Aditya Birla Sun Life Liquid Fund - Growth - Direct Plan;INF209K01VA3;;260.4888;260.4888;260.4888;14-Mar-2017
100046;Aditya Birla Sun Life Liquid Fund -Daily IDCW;INF209K01KQ2;INF209K01SQ5;100.1950;100.1950;100.1950;14-Mar-2017
119569;Aditya Birla Sun Life Liquid Fund -Direct - daily IDCW;INF209K01UZ2;;100.1950;100.1950;100.1950;14-Mar-2017
119571;Aditya Birla Sun Life Liquid Fund -DIRECT - IDCW;INF209K01VD7;;141.4265;141.4265;141.4265;14-Mar-2017
119570;Aditya Birla Sun Life Liquid Fund -Direct - weekly IDCW;INF209K01VC9;;100.2960;100.2960;100.2960;14-Mar-2017
100041;Aditya Birla Sun Life Liquid Fund -Institutional - IDCW;;INF209K01KN9;108.0230;108.0230;108.0230;14-Mar-2017
100048;Aditya Birla Sun Life Liquid Fund -Institutional - weekly  IDCW;INF209KA1LK7;INF209K01KY6;108.1437;108.1437;108.1437;14-Mar-2017
103885;Aditya Birla Sun Life Liquid Fund -Regular - IDCW;INF209KA1LI1;;108.6554;108.6554;108.6554;14-Mar-2017
100044;Aditya Birla Sun Life Liquid Fund -Retail - IDCW;;INF209K01KP4;163.6940;163.6940;163.6940;14-Mar-2017
100051;Aditya Birla Sun Life Liquid Fund -weekly IDCW;INF209K01KU4;INF209KA1LJ9;100.2952;100.2952;100.2952;14-Mar-2017
112014;Aditya Birla Sun Life Liquid Fund- Discipline Advantage Plan;INF209K01KZ3;;174.4762;174.4762;174.4762;14-Mar-2017
100043;Aditya Birla Sun Life Liquid Fund-Institutional (Growth);INF209K01RT1;;432.4840;432.4840;432.4840;14-Mar-2017
100042;Aditya Birla Sun Life Liquid Fund-Retail (Growth);INF209K01ME4;;421.4396;421.4396;421.4396;14-Mar-2017

Axis Mutual Fund
128954;Axis Liquid Fund - Direct plan - Bonus Option;INF846K01NH4;;1797.2430;1797.2430;1797.2430;14-Mar-2017
120388;Axis Liquid Fund - Direct Plan - Daily IDCW;;INF846K01DA0;1000.6413;1000.6413;1000.6413;14-Mar-2017
120389;Axis Liquid Fund - Direct Plan - Growth Option;INF846K01CX4;;1797.3470;1797.3470;1797.3470;14-Mar-2017
120391;Axis Liquid Fund - Direct Plan - Monthly IDCW;INF846K01CY2;INF846K01CZ9;1002.9409;1002.9409;1002.9409;14-Mar-2017
120390;Axis Liquid Fund - Direct Plan - Weekly IDCW;INF846K01DB8;INF846K01DC6;1002.0913;1002.0913;1002.0913;14-Mar-2017
112211;Axis Liquid Fund - Regular Plan - Daily IDCW;;INF846K01420;1000.8759;1000.8759;1000.8759;14-Mar-2017
112210;Axis Liquid Fund - Regular Plan - Growth Option;INF846K01412;;1792.2255;1792.2255;1792.2255;14-Mar-2017
112213;Axis Liquid Fund - Regular Plan - Monthly IDCW;INF846K01453;INF846K01461;1003.2796;1003.2796;1003.2796;14-Mar-2017
112212;Axis Liquid Fund - Regular Plan - Weekly IDCW;INF846K01438;INF846K01446;1002.0913;1002.0913;1002.0913;14-Mar-2017
112712;Axis Liquid Fund - Retail Plan - Daily IDCW;;INF846K01362;1000.6413;1000.6413;1000.6413;14-Mar-2017
112713;Axis Liquid Fund - Retail Plan - Growth Option;INF846K01354;;1711.7514;1711.7514;1711.7514;14-Mar-2017
112714;Axis Liquid Fund - Retail Plan - Monthly IDCW;INF846K01396;INF846K01404;1002.6838;1002.6838;1002.6838;14-Mar-2017
112715;Axis Liquid Fund - Retail Plan - Weekly IDCW;INF846K01370;INF846K01388;1000.5231;1000.5231;1000.5231;14-Mar-2017

Bandhan Mutual Fund
108692;BANDHAN LIQUID Fund - Regular Plan - Daily IDCW;INF194K01VZ4;INF194K01VY7;1001.0846;1001.0846;1001.0846;14-Mar-2017
108690;BANDHAN LIQUID Fund - Regular Plan - Growth;INF194K01VX9;;1964.8453;1964.8453;1964.8453;14-Mar-2017
108693;BANDHAN LIQUID Fund - Regular Plan - Monthly IDCW;INF194K01WF4;INF194K01WE7;1002.9696;1002.9696;1002.9696;14-Mar-2017
115489;BANDHAN LIQUID Fund - Regular Plan - Periodic IDCW;INF194K01WC1;INF194K01WB3;1295.6873;1295.6873;1295.6873;14-Mar-2017
108691;BANDHAN LIQUID Fund - Regular Plan - Weekly IDCW;INF194K01WI8;INF194K01WH0;1001.7961;1001.7961;1001.7961;14-Mar-2017
139582;BANDHAN LIQUID Fund - Unclaimed IDCW Less than 3 years;INF194KA14C0;;1.0476;1.0476;1.0476;14-Mar-2017
139583;BANDHAN LIQUID Fund - Unclaimed IDCW More than 3 years;INF194KA15C7;;1.0000;1.0000;1.0000;14-Mar-2017
139584;BANDHAN LIQUID Fund - Unclaimed Redemption Less than 3 years;INF194KA12C4;;1.0476;1.0476;1.0476;14-Mar-2017
139585;BANDHAN LIQUID Fund - Unclaimed Redemption More than 3 years;INF194KA13C2;;1.0000;1.0000;1.0000;14-Mar-2017
118365;BANDHAN LIQUID Fund -Direct Plan -Monthly IDCW;INF194K01J36;INF194K01J28;1009.7348;1009.7348;1009.7348;14-Mar-2017
118367;BANDHAN LIQUID Fund -Direct Plan -Weekly IDCW;INF194KB1JT8;INF194K01J51;1007.6813;1007.6813;1007.6813;14-Mar-2017
118366;BANDHAN LIQUID Fund -Direct Plan-Daily IDCW;;INF194K01I78;1001.6663;1001.6663;1001.6663;14-Mar-2017
118364;BANDHAN LIQUID Fund -Direct Plan-Growth;INF194K01I60;;1969.5531;1969.5531;1969.5531;14-Mar-2017
118363;BANDHAN LIQUID Fund -Direct Plan-Periodic IDCW;INF194K01J02;INF194K01I94;1217.2805;1217.2805;1217.2805;14-Mar-2017

Bank of India Mutual Fund
119368;BANK OF INDIA Liquid Fund- Direct Plan- Daily IDCW;;INF761K01CL0;1002.6483;1002.6483;1002.6483;14-Mar-2017
119369;BANK OF INDIA Liquid Fund- Direct Plan- Growth;INF761K01785;;1867.7235;1867.7235;1867.7235;14-Mar-2017
119370;BANK OF INDIA Liquid Fund- Direct Plan- Weekly IDCW;;INF761K01CM8;1061.5518;1061.5518;1061.5518;14-Mar-2017
111971;BANK OF INDIA Liquid Fund- Regular Plan- Daily IDCW;;INF761K01CO4;1002.1069;1002.1069;1002.1069;14-Mar-2017
109254;BANK OF INDIA Liquid Fund- Regular Plan- Growth;INF761K01306;;1859.8576;1859.8576;1859.8576;14-Mar-2017
109255;BANK OF INDIA Liquid Fund- Regular Plan- Weekly IDCW;;INF761K01CP1;1001.3124;1001.3124;1001.3124;14-Mar-2017

Baroda BNP Paribas Mutual Fund
119414;Baroda BNP Paribas LIQUID FUND - DIRECT PLAN - DAILY IDCW OPTION;INF955L01AK2;;1001.8422;1001.8422;1001.8422;14-Mar-2017
119415;Baroda BNP Paribas LIQUID FUND - DIRECT PLAN - GROWTH OPTION;INF955L01AL0;;1863.8164;1863.8164;1863.8164;14-Mar-2017
119416;Baroda BNP Paribas LIQUID FUND - DIRECT PLAN - WEEKLY IDCW OPTION;INF251K01SL8;;1225.9402;1225.9402;1225.9402;14-Mar-2017
125129;Baroda BNP Paribas Liquid Fund - Plan B (Direct) - Bonus Option;INF955L01DS9;;1864.1326;1864.1326;1864.1326;14-Mar-2017
111707;Baroda BNP Paribas LIQUID FUND - Regular Plan - DAILY IDCW OPTION;INF955L01468;INF955L01476;1001.1191;1001.1191;1001.1191;14-Mar-2017
111704;Baroda BNP Paribas LIQUID FUND - Regular Plan - GROWTH OPTION;INF955L01484;;1856.6149;1856.6149;1856.6149;14-Mar-2017
111705;Baroda BNP Paribas LIQUID FUND - Regular Plan - WEEKLY IDCW OPTION;INF251K01SK0;INF955L01500;1001.4638;1001.4638;1001.4638;14-Mar-2017
101408;Baroda BNP Paribas LIQUID FUND- Defunct Plan -Growth Option;INF955L01575;;2732.0009;2732.0009;2732.0009;14-Mar-2017
101407;Baroda BNP Paribas LIQUID FUND-Defunct Plan- IDCW Option;INF955L01559;INF955L01567;2340.6617;2340.6617;2340.6617;14-Mar-2017
101409;Baroda BNP Paribas LIQUID FUND-Defunct Plan-Daily IDCW Option;INF955L01518;INF955L01526;1006.0602;1006.0602;1006.0602;14-Mar-2017

BNP Paribas Mutual Fund
130473;BNP PARIBAS LIQUID FUND - DAILY Income Distribution cum Capital Withdrawal OPTION;;INF251K01NK1;1000.4900;1000.4900;1000.4900;14-Mar-2017
130489;BNP PARIBAS LIQUID Fund - DIRECT PLAN - MONTHLY Income Distribution cum Capital Withdrawal OPTION;INF251K01NR6;INF251K01NS4;1003.4546;1003.4546;1003.4546;14-Mar-2017
130486;BNP PARIBAS LIQUID FUND - DIRECT PLAN -- DAILY Income Distribution cum Capital Withdrawal OPTION;;INF251K01NP0;1000.8637;1000.8637;1000.8637;14-Mar-2017
130472;BNP PARIBAS LIQUID FUND - GROWTH OPTION;INF251K01NJ3;;2482.9073;2482.9073;2482.9073;14-Mar-2017
130476;BNP PARIBAS LIQUID FUND - MONTHLY Income Distribution cum Capital Withdrawal OPTION;INF251K01NM7;INF251K01NN5;1003.4524;1003.4524;1003.4524;14-Mar-2017
130459;BNP PARIBAS LIQUID FUND - REGULAR PLAN - GROWTH OPTION;INF251K01NF1;;2350.8875;2350.8875;2350.8875;14-Mar-2017
130471;BNP PARIBAS LIQUID FUND - REGULAR PLAN - MONTHLY DIVIDEND OPTION;INF251K01NH7;INF251K01NI5;1003.4116;1003.4116;1003.4116;14-Mar-2017
130465;BNP PARIBAS LIQUID FUND - REGULAR PLAN - WEEKLY Income Distribution cum Capital Withdrawal OPTION;;INF251K01NG9;1001.2039;1001.2039;1001.2039;14-Mar-2017
130474;BNP PARIBAS LIQUID FUND - WEEKLY Income Distribution cum Capital Withdrawal OPTION;;INF251K01NL9;1001.2141;1001.2141;1001.2141;14-Mar-2017
130479;BNP PARIBAS LIQUID FUND -- DIRECT PLAN - GROWTH OPTION;INF251K01NO3;;2490.7207;2490.7207;2490.7207;14-Mar-2017
130487;BNP PARIBAS LIQUID FUND -- DIRECT PLAN - WEEKLY Income Distribution cum Capital Withdrawal OPTION;;INF251K01NQ8;1001.2147;1001.2147;1001.2147;14-Mar-2017
139562;BNP PARIBAS LIQUID FUND SPECIAL UNCLAIMED DIV 36A -- GROWTH OPTION;INF251K01OL7;;1046.9677;1046.9677;1046.9677;14-Mar-2017
139561;BNP PARIBAS LIQUID FUND SPECIAL UNCLAIMED DIV 36B -- GROWTH OPTION;INF251K01OM5;;1047.1663;1047.1663;1047.1663;14-Mar-2017
139560;BNP PARIBAS LIQUID FUND SPECIAL UNCLAIMED RED 36A-- GROWTH OPTION;INF251K01OJ1;;1045.9915;1045.9915;1045.9915;14-Mar-2017
139563;BNP PARIBAS LIQUID FUND SPECIAL UNCLAIMED RED 36B -- GROWTH OPTION;INF251K01OK9;;1044.9238;1044.9238;1044.9238;14-Mar-2017

Canara Robeco Mutual Fund
118307;CANARA ROBECO LIQUID FUND - DIRECT PLAN - DAILY IDCW (Reinvestment);;INF760K01FS0;1005.5000;1005.5000;1005.5000;14-Mar-2017
118305;CANARA ROBECO LIQUID FUND - DIRECT PLAN - GROWTH OPTION;INF760K01FU6;;1964.2459;1964.2459;1964.2459;14-Mar-2017
118304;CANARA ROBECO LIQUID FUND - DIRECT PLAN - IDCW (Payout/Reinvestment);INF760K01FT8;;1406.2761;1406.2761;1406.2761;14-Mar-2017
118306;CANARA ROBECO LIQUID FUND - DIRECT PLAN - MONTHLY IDCW (Payout/Reinvestment);INF760K01FV4;INF760K01FW2;1003.5590;1003.5590;1003.5590;14-Mar-2017
118308;CANARA ROBECO LIQUID FUND - DIRECT PLAN - WEEKLY IDCW (Payout/Reinvestment);INF760K01FY8;INF760K01FX0;1001.1062;1001.1062;1001.1062;14-Mar-2017
109349;CANARA ROBECO LIQUID FUND - REGULAR PLAN - DAILY IDCW (Reinvestment);;INF760K01CU3;1005.5000;1005.5000;1005.5000;14-Mar-2017
109353;CANARA ROBECO LIQUID FUND - REGULAR PLAN - GROWTH OPTION;INF760K01CW9;;1960.6571;1960.6571;1960.6571;14-Mar-2017
109351;CANARA ROBECO LIQUID FUND - REGULAR PLAN - MONTHLY IDCW (Payout/Reinvestment);INF760K01CX7;INF760K01CY5;1003.5444;1003.5444;1003.5444;14-Mar-2017
109350;CANARA ROBECO LIQUID FUND - REGULAR PLAN - WEEKLY IDCW (Payout/Reinvestment);INF760K01BZ4;INF760K01CZ2;1001.1030;1001.1030;1001.1030;14-Mar-2017
139235;Canara Robeco Liquid Fund -Unclaimed Redemption and Dividend Plan -Direct Growth Option;INF760K01IC8;;1067.2144;1067.2144;1067.2144;14-Mar-2017

DSP Mutual Fund
119125;DSP Liquidity Fund - Direct Plan - Growth;INF740K01QL4;;2318.2197;2318.2197;2318.2197;14-Mar-2017
119124;DSP Liquidity Fund - Direct Plan - IDCW - Daily;;INF740KA1OB6;1000.8071;1000.8071;1000.8071;14-Mar-2017
119123;DSP Liquidity Fund - Direct Plan - IDCW - Weekly;INF740KA1OC4;INF740KA1OD2;1001.7135;1001.7135;1001.7135;14-Mar-2017
103347;DSP Liquidity Fund - Regular Plan - Growth;INF740K01FK9;;2310.7334;2310.7334;2310.7334;14-Mar-2017
103348;DSP Liquidity Fund - Regular Plan - IDCW - Weekly;INF740K01FM5;INF740K01FL7;1001.6915;1001.6915;1001.6915;14-Mar-2017
103349;DSP Liquidity Fund- Regular Plan - IDCW - Daily;;INF740KA1OE0;1000.8071;1000.8071;1000.8071;14-Mar-2017
100943;DSP BlackRock Liquidity Fund - Regular Plan - Daily Dividend;;;10.0187;10.0187;10.0187;14-Mar-2017
100940;DSP BlackRock Liquidity Fund - Regular Plan - Growth;INF740K01CN0;;37.9162;37.9162;37.9162;14-Mar-2017
100941;DSP BlackRock Liquidity Fund - Regular Plan Weekly Dividend;;;12.4212;12.4212;12.4212;14-Mar-2017

Edelweiss Mutual Fund
140194;Edelweiss Liquid Fund - Direct Plan - Bonus Option;INF754K01GY9;;12.1234;12.1234;12.1234;14-Mar-2017
140196;Edelweiss Liquid Fund - Direct Plan - Growth Option;INF754K01GM4;;20.8385;20.8385;20.8385;14-Mar-2017
140193;Edelweiss Liquid Fund - Direct Plan daily - IDCW Option;;INF754K01GP7;10.0101;10.0101;10.0101;14-Mar-2017
140197;Edelweiss Liquid Fund - Direct Plan Monthly - IDCW Option;INF754K01GW3;INF754K01GS1;10.0594;10.0594;10.0594;14-Mar-2017
140189;Edelweiss Liquid Fund - Regular Plan - Bonus Option;INF754K01HR1;;12.0855;12.0855;12.0855;14-Mar-2017
140182;Edelweiss Liquid Fund - Regular Plan - Growth Option;INF754K01GZ6;;20.7465;20.7465;20.7465;14-Mar-2017
140188;Edelweiss Liquid Fund - Regular Plan Annual - IDCW Option;INF754K01HQ3;INF754K01HP5;14.3536;14.3536;14.3536;14-Mar-2017
140181;Edelweiss Liquid Fund - Regular Plan Daily - IDCW Option;;INF754K01HA7;10.0279;10.0279;10.0279;14-Mar-2017
140183;Edelweiss Liquid Fund - Regular Plan Monthly - IDCW Option;INF754K01HL4;INF754K01HD1;10.0591;10.0591;10.0591;14-Mar-2017
140185;Edelweiss Liquid Fund - Regular Plan Weekly - IDCW Option;INF754K01HJ8;INF754K01HB5;10.1906;10.1906;10.1906;14-Mar-2017
140176;Edelweiss Liquid Fund - Retail Plan - Growth Option;INF754K01HE9;;18.8748;18.8748;18.8748;14-Mar-2017
140178;Edelweiss Liquid Fund - Retail Plan - Weekly Dividend Option;;INF754K01HG4;10.0299;10.0299;10.0299;14-Mar-2017
140177;Edelweiss Liquid Fund - Retail Plan Daily - IDCW Option;;INF754K01HF6;10.019;10.019;10.019;14-Mar-2017
140180;Edelweiss Liquid Fund - Retail Plan Monthly - IDCW Option;;INF754K01HI0;10.0501;10.0501;10.0501;14-Mar-2017

Franklin Templeton Mutual Fund
100541;Franklin India Liquid Fund - Regular Plan - Daily - IDCW;;INF090I01BA3;1512.2956;1512.2956;1512.2956;14-Mar-2017
100538;Franklin India Liquid Fund - Regular Plan - Growth;INF090I01BB1;;3844.9757;3844.9757;3844.9757;14-Mar-2017
100537;Franklin India Liquid Fund - Regular Plan - Weekly - IDCW;INF090I01BL0;INF090I01BI6;1244.5556;1244.5556;1244.5556;14-Mar-2017
118577;Franklin India Liquid Fund - Super Institutional - Direct - Growth;INF090I01JV2;;2424.4081;2424.4081;2424.4081;14-Mar-2017
100547;Franklin India Liquid Fund - Super Institutional Plan - Daily - IDCW;;INF090I01BF2;1000.7051;1000.7051;1000.7051;14-Mar-2017
118578;Franklin India Liquid Fund - Super Institutional Plan - Direct - Daily - IDCW;INF090I01JW0;;1001.8422;1001.8422;1001.8422;14-Mar-2017
118579;Franklin India Liquid Fund - Super Institutional Plan - Direct - Weekly - IDCW;INF090I01JX8;INF090I01JY6;1021.5995;1021.5995;1021.5995;14-Mar-2017
100546;Franklin India Liquid Fund - Super Institutional Plan - Growth;INF090I01BG0;;2418.3646;2418.3646;2418.3646;14-Mar-2017
100548;Franklin India Liquid Fund - Super Institutional Plan - Weekly - IDCW;INF090I01BM8;INF090I01BH8;1021.3330;1021.3330;1021.3330;14-Mar-2017
139890;Franklin India Liquid Fund - Unclaimed IDCW Plan - Growth;INF090I01LP0;;10.3314;10.3314;10.3314;14-Mar-2017
139889;Franklin India Liquid Fund - Unclaimed Redemption Plan - Growth;INF090I01LO3;;10.3314;10.3314;10.3314;14-Mar-2017
102441;Franklin India Liquid Fund - Institution-Growth;INF090I01BD7;;2480.2921;2480.2921;2480.2921;14-Mar-2017
102443;Franklin India Liquid Fund - Institutional Plan - Daily - IDCW;;INF090I01BC9;1000.6505;1000.6505;1000.6505;14-Mar-2017
102442;Franklin India Liquid Fund - Institutional Plan - Weekly - IDCW;INF090I01BJ4;INF090I01BE5;1054.9235;1054.9235;1054.9235;14-Mar-2017

Groww Mutual Fund
119135;Groww Liquid Fund ( formerly known as Indiabulls Liquid )Fund - Direct Plan - Growth Option;INF666M01451;;1583.7104;1583.7104;1583.7104;14-Mar-2017
119136;Groww Liquid Fund (formerly known as Indiabulls Liquid Fund) - Direct Plan- - Income Distribution cum capital withdrawal Option ( Reinvestment);;INF666M01469;1001.0600;1001.0600;1001.0600;14-Mar-2017
115991;Groww Liquid Fund (formerly known as Indiabulls Liquid Fund) - Regular Plan - Growth Option;INF666M01014;;1577.3726;1577.3726;1577.3726;14-Mar-2017
119138;Groww Liquid Fund (formerly known as Indiabulls Liquid Fund)- Direct Plan- Fortnightly - Income Distribution cum capital withdrawal Option (Payout & Reinvestment);INF666M01501;INF666M01485;1000.9317;1000.9317;1000.9317;14-Mar-2017
119139;Groww Liquid Fund (formerly known as Indiabulls Liquid Fund)- Direct Plan- Monthly - Income Distribution cum capital withdrawal Option (Payout & Reinvestment);INF666M01519;INF666M01493;1031.8102;1031.8102;1031.8102;14-Mar-2017
119137;Groww Liquid Fund (formerly known as Indiabulls Liquid Fund)- Direct Plan- Weekly - Income Distribution cum capital withdrawal Option (Payout & Reinvestment);INF666M01527;INF666M01477;1000.5363;1000.5363;1000.5363;14-Mar-2017
115992;Groww Liquid Fund (formerly known as Indiabulls Liquid Fund)- Regular Plan- - Income Distribution cum capital withdrawal Option (Reinvestment);;INF666M01022;1001.1451;1001.1451;1001.1451;14-Mar-2017
115995;Groww Liquid Fund (formerly known as Indiabulls Liquid Fund)- Regular Plan- Monthly - Income Distribution cum capital withdrawal Option (Payout & Reinvestment);INF666M01071;INF666M01055;1003.2197;1003.2197;1003.2197;14-Mar-2017
115993;Groww Liquid Fund (formerly known as Indiabulls Liquid Fund)- Regular Plan- Weekly - Income Distribution cum capital withdrawal Option (Payout & Reinvestment);INF666M01089;INF666M01030;1001.6068;1001.6068;1001.6068;14-Mar-2017
115994;Groww Liquid Fund (formerly known as Indiabulls Liquid) Fund- Regular Plan- Fortnightly - Income Distribution cum capital withdrawal Option (Payout & Reinvestment);INF666M01063;INF666M01048;1001.0735;1001.0735;1001.0735;14-Mar-2017

HDFC Mutual Fund
119091;HDFC Liquid Fund - Growth Option - Direct Plan;INF179KB1HP9;;3198.5471;3198.5471;3198.5471;14-Mar-2017
100868;HDFC Liquid Fund - Growth Plan;INF179KB1HK0;;3189.4474;3189.4474;3189.4474;14-Mar-2017
100875;HDFC Liquid Fund - IDCW Daily;;INF179KB1IC5;1019.8200;1019.8200;1019.8200;14-Mar-2017
119089;HDFC Liquid Fund - IDCW Daily - Direct Plan;;INF179KB1HV7;1019.8200;1019.8200;1019.8200;14-Mar-2017
100876;HDFC Liquid Fund - IDCW Monthly;INF179KB1HM6;INF179KB1HL8;1029.0058;1029.0058;1029.0058;14-Mar-2017
119090;HDFC Liquid Fund - IDCW Monthly - Direct Plan;INF179KB1HO2;INF179KB1HQ7;1029.0528;1029.0528;1029.0528;14-Mar-2017
100874;HDFC Liquid Fund - IDCW Plan Weekly;INF179KB1ID3;;1032.4719;1032.4719;1032.4719;14-Mar-2017
119088;HDFC Liquid Fund - IDCW Weekly - Direct Plan;;;1032.4939;1032.4939;1032.4939;14-Mar-2017
100877;HDFC Liquid Fund-Premium Plan - Dividend-Daily;;INF179K01KN4;1225.9800;1225.9800;1225.9800;14-Mar-2017
100873;HDFC Liquid Fund-PREMIUM- Growth;INF179KB1HN4;;3248.4781;3248.4781;3248.4781;14-Mar-2017

HSBC Mutual Fund
118910;HSBC Cash Fund - Institutional Plan - Growth;INF336L01BT4;;2546.6953;2546.6953;2546.6953;14-Mar-2017
139238;HSBC Cash Fund - Unclaimed Dividend Above 3 years;;;1000;1000;1000;14-Mar-2017
139237;HSBC Cash Fund - Unclaimed Dividend Below 3 years;;;1064.1514;1064.1514;1064.1514;14-Mar-2017
139239;HSBC Cash Fund - Unclaimed Redemption Above 3 years;;;1000;1000;1000;14-Mar-2017
139240;HSBC Cash Fund - Unclaimed Redemption Below 3 years;;;1064.1514;1064.1514;1064.1514;14-Mar-2017
120038;HSBC Liquid Fund -  Growth Direct;INF336L01CC8;;1614.9638;1614.9638;1614.9638;14-Mar-2017
120037;HSBC Liquid Fund - Direct Daily IDCW;;INF336L01CB0;1000.56;1000.56;1000.56;14-Mar-2017
120039;HSBC Liquid Fund - Direct Monthly IDCW;INF336L01BZ1;INF336L01CA2;1010.9797;1010.9797;1010.9797;14-Mar-2017
120040;HSBC Liquid Fund - Direct Weekly IDCW;INF336L01LK2;INF336L01CD6;1111.8675;1111.8675;1111.8675;14-Mar-2017
118907;HSBC Liquid Fund - Growth;INF336L01BL1;;2436.3271;2436.3271;2436.3271;14-Mar-2017
118906;HSBC Liquid Fund - IDCW;;INF336L01BK3;1019.3;1019.3;1019.3;14-Mar-2017
118909;HSBC Liquid Fund - Institutional Daily IDCW;;INF336L01BS6;1199.1159;1199.1159;1199.1159;14-Mar-2017
118901;HSBC Liquid Fund - Regular Daily IDCW;;INF336L01BM9;1000.56;1000.56;1000.56;14-Mar-2017
118902;HSBC Liquid Fund - Regular Growth;INF336L01BN7;;1611.8127;1611.8127;1611.8127;14-Mar-2017
118903;HSBC Liquid Fund - Regular Monthly IDCW;INF336L01BP2;INF336L01BO5;1002.8595;1002.8595;1002.8595;14-Mar-2017
118904;HSBC Liquid Fund - Regular Weekly IDCW;INF336L01LJ4;INF336L01BQ0;1111.8534;1111.8534;1111.8534;14-Mar-2017
118908;HSBC Liquid Fund - Weekly IDCW;;INF336L01BR8;1002.6267;1002.6267;1002.6267;14-Mar-2017

ICICI Prudential Mutual Fund
100357;ICICI Prudential Liquid Fund -Quarterly IDCW;INF109K01UU5;INF109K01UT7;101.7097;101.7097;101.7097;14-Mar-2017
100359;ICICI Prudential Liquid Institutional Plus Fund - Div - Daily;INF109K01VJ6;;118.5152;118.5152;118.5152;14-Mar-2017
103343;ICICI Prudential Liquid Fund - Daily IDCW;INF109K01VP3;;100.0989;100.0989;100.0989;14-Mar-2017
120198;ICICI Prudential Liquid Fund - Direct Plan -  Annual IDCW;INF109K01P99;INF109K01Q07;103.1840;103.1840;103.1840;14-Mar-2017
120187;ICICI Prudential Liquid Fund - Direct Plan -  Half Yearly IDCW;INF109K01Q56;INF109K01Q64;107.7248;107.7248;107.7248;14-Mar-2017
120191;ICICI Prudential Liquid Fund - Direct Plan -  IDCW Others;INF109K01Q31;INF109K01Q23;121.0677;121.0677;121.0677;14-Mar-2017
120188;ICICI Prudential Liquid Fund - Direct Plan - Daily IDCW;;INF109K01Q15;100.0685;100.0685;100.0685;14-Mar-2017
120197;ICICI Prudential Liquid Fund - Direct Plan - Growth;INF109K01Q49;;239.9340;239.9340;239.9340;14-Mar-2017
120189;ICICI Prudential Liquid Fund - Direct Plan - Monthly IDCW;INF109K01R06;;100.4581;100.4581;100.4581;14-Mar-2017
120196;ICICI Prudential Liquid Fund - Direct Plan - Quarterly IDCW;INF109K01Q72;INF109K01Q80;102.4760;102.4760;102.4760;14-Mar-2017
120190;ICICI Prudential Liquid Fund - Direct Plan - Weekly IDCW;INF109K01Q98;;100.2012;100.2012;100.2012;14-Mar-2017
130934;ICICI Prudential Liquid Fund - Direct Plan Bonus;INF109KA1G86;;121.3606;121.3606;121.3606;14-Mar-2017
103340;ICICI Prudential Liquid Fund - Growth;INF109K01VQ1;;239.3795;239.3795;239.3795;14-Mar-2017
104308;ICICI Prudential Liquid Fund - Half Yearly IDCW;INF109K01UX9;INF109K01UW1;106.6551;106.6551;106.6551;14-Mar-2017
115505;ICICI Prudential Liquid Fund - IDCW Others;INF109K01VU3;INF109K01VT5;120.9181;120.9181;120.9181;14-Mar-2017
103344;ICICI Prudential Liquid Fund - Institutional Option - I;INF109K01VH0;;227.0072;227.0072;227.0072;14-Mar-2017
139434;ICICI Prudential Liquid Fund - Unclaimed IDCW;INF109KB1WR9;;105.5891;105.5891;105.5891;14-Mar-2017
139433;ICICI Prudential Liquid Fund - Unclaimed Redemption;INF109KB1WQ1;;105.5891;105.5891;105.5891;14-Mar-2017
103342;ICICI Prudential Liquid Fund - Weekly IDCW;INF109K01VS7;;100.1759;100.1759;100.1759;14-Mar-2017
103341;ICICI Prudential Liquid Fund -Monthly IDCW;INF109K01VR9;;100.3225;100.3225;100.3225;14-Mar-2017
112119;ICICI Prudential Liquid Fund-Annual IDCW;INF109K01VD9;INF109K01VC1;103.1646;103.1646;103.1646;14-Mar-2017
101748;ICICI Prudential Liquid Fund - Institutional - Daily - Div;INF109K01VE7;;118.5022;118.5022;118.5022;14-Mar-2017
101754;ICICI Prudential Liquid Fund Retail Daily Dividend;INF109K01UR1;;118.5142;118.5142;118.5142;14-Mar-2017
101750;ICICI Prudential Liquid Fund Retail Growth;INF109K01UQ3;;372.0026;372.0026;372.0026;14-Mar-2017
101755;ICICI Prudential Liquid Fund Retail Monthly Dividend;INF109K01US9;;100.3606;100.3606;100.3606;14-Mar-2017
101752;ICICI Prudential Liquid Fund Retail Weekly Dividend;INF109K01UV3;;118.8433;118.8433;118.8433;14-Mar-2017
101751;ICICI Prudential Liquid Institutional Fund - Growth;INF109K01VF4;;381.5344;381.5344;381.5344;14-Mar-2017

IDBI Mutual Fund
126163;IDBI Liquid Fund Bonus Direct;INF397L01FP5;;1301.7035;1301.7035;1301.7035;14-Mar-2017
126164;IDBI Liquid Fund Bonus Regular;INF397L01FO8;;1296.4011;1296.4011;1296.4011;14-Mar-2017
118345;IDBI Liquid Fund Growth Direct;INF397L01AH3;;1735.6073;1735.6073;1735.6073;14-Mar-2017
113104;IDBI Liquid Fund- Monthly IDCW;INF397L01976;INF397L01968;1006.1192;1006.1192;1006.1192;14-Mar-2017
118449;IDBI Liquid Fund- Monthly IDCW Direct;INF397L01AK7;INF397L01AJ9;1004.7046;1004.7046;1004.7046;14-Mar-2017
113102;IDBI Liquid Fund-Daily IDCW;;INF397L01935;1005.1234;1005.1234;1005.1234;14-Mar-2017
118450;IDBI Liquid Fund-Daily IDCW Direct;;INF397L01AI1;1002.0372;1002.0372;1002.0372;14-Mar-2017
113096;IDBI Liquid Fund-Growth;INF397L01984;;1728.5306;1728.5306;1728.5306;14-Mar-2017
113103;IDBI Liquid Fund-Weekly IDCW;INF397L01950;INF397L01943;1006.1639;1006.1639;1006.1639;14-Mar-2017
118451;IDBI Liquid Fund-Weekly IDCW Direct;INF397L01AM3;INF397L01AL5;1002.9430;1002.9430;1002.9430;14-Mar-2017

Invesco Mutual Fund
122786;Invesco India Liquid Fund - Bonus Option;INF205K01UX5;;2225.1962;2225.1962;2225.1962;14-Mar-2017
104484;Invesco India Liquid Fund - Daily IDCW (Reinvestment);;INF205K01HN3;1001.6232;1001.6232;1001.6232;14-Mar-2017
120537;Invesco India Liquid Fund - Direct Plan - Growth;INF205K01MF9;;2231.4059;2231.4059;2231.4059;14-Mar-2017
120536;Invesco India Liquid Fund - Direct Plan - Monthly IDCW (Payout / Reinvestment);INF205K01MG7;INF205K01MH5;1027.2899;1027.2899;1027.2899;14-Mar-2017
120535;Invesco India Liquid Fund - Direct Plan - Weekly IDCW (Reinvestment);;INF205K01MI3;1000.5000;1000.5000;1000.5000;14-Mar-2017
120534;Invesco India Liquid Fund - Direct Plan- Daily IDCW (Reinvestment);;INF205K01ME2;1000.7900;1000.7900;1000.7900;14-Mar-2017
104486;Invesco India Liquid Fund - Growth;INF205K01HM5;;2225.2180;2225.2180;2225.2180;14-Mar-2017
104492;Invesco India Liquid Fund - Monthly IDCW (Payout / Reinvestment);INF205K01HQ6;INF205K01HP8;1005.6517;1005.6517;1005.6517;14-Mar-2017
104488;Invesco India Liquid Fund - Regular - Growth;INF205K01HG7;;2060.5103;2060.5103;2060.5103;14-Mar-2017
104489;Invesco India Liquid Fund - Regular - Weekly IDCW (Reinvestment);;INF205K01HH5;1000.9884;1000.9884;1000.9884;14-Mar-2017
139389;Invesco India Liquid Fund - Unclaimed Dividend Plan - Below 3 Years;;;1057.3832;1057.3832;1057.3832;14-Mar-2017
139387;Invesco India Liquid Fund - Unclaimed Redemption Plan - Below 3 years;;;1057.3860;1057.3860;1057.3860;14-Mar-2017
104485;Invesco India Liquid Fund - Weekly IDCW (Reinvestment);;INF205K01HO1;1001.3815;1001.3815;1001.3815;14-Mar-2017

JM Financial Mutual Fund
120410;JM Liquid Fund (Direct) - Bonus Option - Bonus Option - Principal units;INF192K01CN4;;14.2565;14.2565;14.2565;14-Mar-2017
120411;JM Liquid Fund (Direct) - Daily IDCW;;INF192K01CH6;10.4302;10.4302;10.4302;14-Mar-2017
120406;JM Liquid Fund (Direct) - Growth Option;INF192K01CM6;;44.3671;44.3671;44.3671;14-Mar-2017
120408;JM Liquid Fund (Direct) - Quarterly IDCW;INF192K01CK0;INF192K01CL8;25.1883;25.1883;25.1883;14-Mar-2017
120407;JM Liquid Fund (Direct) - Weekly IDCW;INF192K01CI4;INF192K01CJ2;11.0060;11.0060;11.0060;14-Mar-2017
100244;JM Liquid Fund (Regular) - Quarterly IDCW;INF192K01866;INF192K01874;25.0284;25.0284;25.0284;14-Mar-2017
100247;JM Liquid Fund (Regular) - Super Institutional Plan - Growth Option;INF192K01981;;25.4271;25.4271;25.4271;14-Mar-2017
100233;JM Liquid Fund (Regular) - Weekly IDCW;INF192K01841;INF192K01858;11.0035;11.0035;11.0035;14-Mar-2017
100234;JM Liquid Fund - Growth Option;INF192K01882;;44.2194;44.2194;44.2194;14-Mar-2017
139258;JM Liquid Fund Unclaimed Dividend (Direct) Growth Plan;INF192K01LB0;;44.3671;44.3671;44.3671;14-Mar-2017
139260;JM Liquid Fund Unclaimed Dividend IEF (Direct) Growth Plan;INF192K01LD6;;41.4437;41.4437;41.4437;14-Mar-2017
139257;JM Liquid Fund Unclaimed Redemption (Direct) Growth Plan;INF192K01LA2;;44.3671;44.3671;44.3671;14-Mar-2017
139259;JM Liquid Fund Unclaimed Redemption IEF (Direct) Growth Plan;INF192K01LC8;;41.4437;41.4437;41.4437;14-Mar-2017
101549;JM Liquid Fund (Regular) - Bonus Option - Principal Units;INF192K01890;;14.1591;14.1591;14.1591;14-Mar-2017
101078;JM Liquid Fund (Regular) - Daily IDCW;;INF192K01833;10.4302;10.4302;10.4302;14-Mar-2017

Kotak Mahindra Mutual Fund
119764;Kotak Liquid Fund - Direct Plan - Daily Reinvestment of Income Distribution cum capital withdrawal option;;INF174K01NH1;1222.81;1222.81;1222.81;14-Mar-2017
119766;Kotak Liquid Fund - Direct Plan - Growth;INF174K01NE8;;3286.8537;3286.8537;3286.8537;14-Mar-2017
100833;Kotak Liquid Fund - Regular  - Daily Reinvestment of Income Distribution cum capital withdrawal option;;INF174K01NL3;1222.81;1222.81;1222.81;14-Mar-2017
100835;Kotak Liquid Fund - Regular Plan - Growth;INF174K01NI9;;3280.1135;3280.1135;3280.1135;14-Mar-2017
119765;Kotak Liquid Fund - Weekly  Payout of Income Distribution cum capital withdrawal option - Direct;INF174K01NF5;INF174K01NG3;1006.5703;1006.5703;1006.5703;14-Mar-2017
100834;Kotak Liquid Fund Regular Plan Weekly Reinvestment of Income Distribution cum capital withdrawal option Dividend;INF174K01NK5;;1001.4342;1001.4342;1001.4342;14-Mar-2017

L&T Mutual Fund
122235;L&T Liquid Fund - Direct Plan - Weekly IDCW;;INF917K01HE2;1000.6357;1000.6357;1000.6357;14-Mar-2017
119791;L&T Liquid Fund - Direct Plan -Daily IDCW;INF917K01HG7;;1012.8887;1012.8887;1012.8887;14-Mar-2017
119790;L&T Liquid Fund - Direct Plan -Growth;INF917K01HF9;;2222.7583;2222.7583;2222.7583;14-Mar-2017
112458;L&T Liquid Fund - Regular Plan - Weekly IDCW;INF917K01BK2;INF917K01JG3;1001.8111;1001.8111;1001.8111;14-Mar-2017
129924;L&T Liquid Fund -Regular Plan - Bonus;INF917K01QH6;;2217.6977;2217.6977;2217.6977;14-Mar-2017
112445;L&T Liquid Fund -Regular Plan - Daily IDCW;INF917K01JB4;;1011.7794;1011.7794;1011.7794;14-Mar-2017
112457;L&T Liquid Fund -Regular Plan - Growth;INF917K01JH1;;2217.5662;2217.5662;2217.5662;14-Mar-2017

LIC Mutual Fund
120248;LIC MF Liquid Fund-Direct Plan-Daily IDCW;INF767K01DL5;INF767K01DM3;1098.0000;1098.0000;1098.0000;14-Mar-2017
120249;LIC MF Liquid Fund-Direct Plan-Growth;INF767K01DN1;;2939.3549;2939.3549;2939.3549;14-Mar-2017
101184;LIC MF Liquid Fund-Regular Plan-Daily IDCW;INF767K01IQ3;INF767K01IR1;1098.0000;1098.0000;1098.0000;14-Mar-2017
101185;LIC MF Liquid Fund-Regular Plan-Growth;INF767K01IS9;;2928.9701;2928.9701;2928.9701;14-Mar-2017

Mahindra Manulife Mutual Fund
139535;Mahindra Manulife Liquid Fund - Direct Plan - Daily IDCW;;INF174V01051;1000.1594;1000.1594;1000.1594;14-Mar-2017
139536;Mahindra Manulife Liquid Fund - Direct Plan - Weekly IDCW;;INF174V01069;1003.9161;1003.9161;1003.9161;14-Mar-2017
139538;Mahindra Manulife Liquid Fund - Direct Plan -Growth;INF174V01044;;1049.1847;1049.1847;1049.1847;14-Mar-2017
139534;Mahindra Manulife Liquid Fund - Regular Plan - Daily IDCW;;INF174V01028;1000.1594;1000.1594;1000.1594;14-Mar-2017
139537;Mahindra Manulife Liquid Fund - Regular Plan - Growth;INF174V01010;;1048.1818;1048.1818;1048.1818;14-Mar-2017
139541;Mahindra Manulife Liquid Fund - Regular Plan - Weekly IDCW;;INF174V01036;1010.3217;1010.3217;1010.3217;14-Mar-2017

Mirae Asset Mutual Fund
118859;Mirae Asset Liquid Fund - Direct Plan - Growth;INF769K01CM1;;1710.7562;1710.7562;1710.7562;14-Mar-2017
118862;Mirae Asset Liquid Fund - Direct Plan - Weekly IDCW;;INF769K01CP4;1212.3179;1212.3179;1212.3179;14-Mar-2017
118861;Mirae Asset Liquid Fund - Direct Plan -Daily IDCW;;INF769K01CO7;1073.5742;1073.5742;1073.5742;14-Mar-2017
118860;Mirae Asset Liquid Fund - Direct Plan -Monthly IDCW;INF769K01CN9;INF769K01CQ2;1090.2528;1090.2528;1090.2528;14-Mar-2017
111647;Mirae Asset Liquid Fund - Regular - Daily IDCW;;INF769K01804;1064.2168;1064.2168;1064.2168;14-Mar-2017
111646;Mirae Asset Liquid Fund - Regular Plan - Growth;INF769K01788;;1695.0179;1695.0179;1695.0179;14-Mar-2017
111645;Mirae Asset Liquid Fund - Regular Plan - Monthly IDCW;INF769K01838;INF769K01820;1152.8229;1152.8229;1152.8229;14-Mar-2017
111644;Mirae Asset Liquid Fund - Regular Plan - Weekly IDCW;;INF769K01812;1151.3153;1151.3153;1151.3153;14-Mar-2017

Navi Mutual Fund
119163;Navi Liquid Fund - Direct Plan Daily IDCW - ReInvestment;;INF959L01GK1;1001.2900;1001.2900;1001.2900;14-Mar-2017
119161;Navi Liquid Fund - Direct Plan Monthly IDCW - Payout;INF959L01GG9;INF959L01GH7;1004.8643;1004.8643;1004.8643;14-Mar-2017
119162;Navi Liquid Fund - Direct Plan Weekly IDCW - Payout;INF959L01GI5;INF959L01GJ3;1001.9386;1001.9386;1001.9386;14-Mar-2017
112645;Navi Liquid Fund - Regular Plan Daily IDCW;;INF959L01GM7;1001.2900;1001.2900;1001.2900;14-Mar-2017
112647;Navi Liquid Fund - Regular Plan Monthly IDCW;INF959L01GN5;INF959L01GO3;1004.8106;1004.8106;1004.8106;14-Mar-2017
112646;Navi Liquid Fund - Regular Plan Weekly IDCW;INF959L01GP0;INF959L01GQ8;1001.9690;1001.9690;1001.9690;14-Mar-2017
119164;Navi Liquid Fund-Direct Plan-Growth Option;INF959L01GF1;;1784.7472;1784.7472;1784.7472;14-Mar-2017
112636;Navi Liquid Fund-Regular Plan-Growth Option;INF959L01GL9;;1778.8208;1778.8208;1778.8208;14-Mar-2017
140437;Navi Liquid Fund-Unclaimed Redemption and Dividend Plan greater than 3 years;INF959L01CO2;;1000.0000;1000.0000;1000.0000;14-Mar-2017
139386;Navi Liquid Fund-Unclaimed Redemption and Dividend Plan less than 3 years;INF959L01CN4;;1782.9653;1782.9653;1782.9653;14-Mar-2017

Nippon India Mutual Fund
100852;NIPPON INDIA LIQUID FUND - DAILY IDCW OPTION;;INF204K01UM1;1528.7400;1528.7400;1528.7400;14-Mar-2017
118695;NIPPON INDIA LIQUID FUND - DIRECT Plan - DAILY IDCW OPTION;;INF204K01ZG2;1528.7400;1528.7400;1528.7400;14-Mar-2017
118696;NIPPON INDIA LIQUID FUND - DIRECT Plan - MONTHLY IDCW OPTION;INF204K01ZI8;INF204K01ZJ6;1593.8041;1593.8041;1593.8041;14-Mar-2017
118698;NIPPON INDIA LIQUID FUND - DIRECT Plan - QUARTERLY IDCW OPTION;INF204K01ZK4;INF204K01ZL2;1021.2629;1021.2629;1021.2629;14-Mar-2017
118700;NIPPON INDIA LIQUID FUND - DIRECT Plan - WEEKLY IDCW OPTION;INF204KC1FN6;INF204K01ZM0;1531.4071;1531.4071;1531.4071;14-Mar-2017
118701;Nippon India Liquid Fund - Direct Plan Growth Plan - Growth Option;INF204K01ZH0;;3954.3745;3954.3745;3954.3745;14-Mar-2017
100855;NIPPON INDIA LIQUID FUND - MONTHLY IDCW OPTION;INF204K01UO7;INF204K01UP4;1590.4323;1590.4323;1590.4323;14-Mar-2017
112340;NIPPON INDIA LIQUID FUND - QUARTERLY IDCW OPTION;INF204K01UQ2;INF204K01UR0;1018.6362;1018.6362;1018.6362;14-Mar-2017
100837;Nippon India Liquid Fund - Retail Option - Growth Plan;INF204K01UL3;;3692.7620;3692.7620;3692.7620;14-Mar-2017
100842;NIPPON INDIA LIQUID FUND - RETAIL Plan - DAILY IDCW OPTION;;INF204K01UJ7;1524.2800;1524.2800;1524.2800;14-Mar-2017
100843;NIPPON INDIA LIQUID FUND - RETAIL plan - MONTHLY IDCW OPTION;INF204K01UT6;INF204K01UU4;1331.5408;1331.5408;1331.5408;14-Mar-2017
100844;NIPPON INDIA LIQUID FUND - RETAIL Plan - QUARTERLY IDCW OPTION;INF204K01UV2;INF204K01UW0;1231.8553;1231.8553;1231.8553;14-Mar-2017
100838;NIPPON INDIA LIQUID FUND - RETAIL Plan - WEEKLY IDCW OPTION;;INF204K01UK5;1034.8024;1034.8024;1034.8024;14-Mar-2017
100853;NIPPON INDIA LIQUID FUND - WEEKLY IDCW OPTION;INF204KC1FM8;INF204K01US8;1531.3941;1531.3941;1531.3941;14-Mar-2017
100851;Nippon India Liquid Fund -Growth Plan;INF204K01UN9;;3941.1836;3941.1836;3941.1836;14-Mar-2017
118610;Reliance Liquid Fund - Cash Plan - Direct Plan - Growth Plan - Growth Option;;;2616.6769;2616.6769;2616.6769;14-Mar-2017
118618;Reliance Liquid Fund - Cash Plan - Direct Plan Daily Dividend Reinvestment Option;;;1114.1500;1114.1500;1114.1500;14-Mar-2017
118609;Reliance Liquid Fund - Cash Plan - Direct Plan Monthly Dividend Plan;;;1005.8996;1005.8996;1005.8996;14-Mar-2017
118612;Reliance Liquid Fund - Cash Plan - Direct Plan Quarterly Dividend Plan;;;1024.8429;1024.8429;1024.8429;14-Mar-2017
118611;Reliance Liquid Fund - Cash Plan - Direct Plan Weekly Dividend Reinvestment Option;;;1092.4649;1092.4649;1092.4649;14-Mar-2017
100849;Reliance Liquid Fund-Cash Plan-Daily Dividend Reinvestment Option;;;1114.1500;1114.1500;1114.1500;14-Mar-2017
100845;Reliance Liquid Fund-Cash Plan-Growth Plan;;;2536.7290;2536.7290;2536.7290;14-Mar-2017
114251;Reliance Liquid Fund-Cash Plan-Monthly Dividend Plan;;;1003.7043;1003.7043;1003.7043;14-Mar-2017
114252;Reliance Liquid Fund-Cash Plan-Quarterly Dividend Plan;;;1016.6184;1016.6184;1016.6184;14-Mar-2017
100848;Reliance Liquid Fund-Cash Plan-Weekly Dividend Reinvestment Option;;;1092.3526;1092.3526;1092.3526;14-Mar-2017

PGIM India Mutual Fund
138306;PGIM India INSTA CASH FUND - Annual Bonus Option;INF223J01WV0;;124.8511;124.8511;124.8511;14-Mar-2017
138305;PGIM India Insta Cash Fund - Direct Plan -  Annual Bonus Option;INF223J01WW8;;127.3284;127.3284;127.3284;14-Mar-2017
138300;PGIM India Insta Cash Fund - Direct Plan - Quarterly Dividend;INF223J01NX5;;144.3311;144.3311;144.3311;14-Mar-2017
138294;PGIM India Insta Cash Fund - Quarterly Dividend Option;INF223J01IN6;INF223J01IO4;142.291;142.291;142.291;14-Mar-2017
138284;PGIM India INSTA CASH FUND - Regular Plan BONUS OPTION;INF223J01BH3;;12.9633;12.9633;12.9633;14-Mar-2017
139603;PGIM India Insta Cash Fund - Unclaimed Dividend Plan - Below 3 years;;;104.2242;104.2242;104.2242;14-Mar-2017
139604;PGIM India Insta Cash Fund - Unclaimed Redemption Plan - Above 3 years;;;100.7121;100.7121;100.7121;14-Mar-2017
139605;PGIM India Insta Cash Fund - Unclamied Dividend Plan - Above 3 years;;;100.711;100.711;100.711;14-Mar-2017
139602;PGIM India Insta Cash Fund - Unlcaimed Redemption Plan - Below 3 years;;;104.2273;104.2273;104.2273;14-Mar-2017
138292;PGIM India Insta Cash Fund- Annual Dividend Option;INF223J01IP1;INF223J01IQ9;134.1574;134.1574;134.1574;14-Mar-2017
138278;PGIM India Insta Cash Fund-DIVIDEND-WEEKLY DIVIDEND;INF223J01BN1;;10.3572;10.3572;10.3572;14-Mar-2017
138283;PGIM India Insta Cash Fund-Institutional Plan-Daily Dividend;INF223J01BA8;;10.0516;10.0516;10.0516;14-Mar-2017
138282;PGIM India Insta Cash Fund-Institutional Plan-Growth;INF223J01BB6;;23.2865;23.2865;23.2865;14-Mar-2017
138304;PGIM India INSTA CASH FUND-Monthly Bonus Option;INF223J01VD0;;119.9193;119.9193;119.9193;14-Mar-2017
138286;PGIM India Liquid Fund - Bonus Option;INF223J01BQ4;;143.5965;143.5965;143.5965;14-Mar-2017
138285;PGIM India Liquid Fund - Daily Dividend;;INF223J01BO9;100.304;100.304;100.304;14-Mar-2017
138297;PGIM India Liquid Fund - Direct Plan - Daily Dividend;INF223J01NR7;;100.304;100.304;100.304;14-Mar-2017
138299;PGIM India Liquid Fund - Direct Plan - Growth;INF223J01NS5;;210.6669;210.6669;210.6669;14-Mar-2017
138298;PGIM India Liquid Fund - Direct Plan - Monthly Dividend;INF223J01NT3;INF223J01NU1;106.0887;106.0887;106.0887;14-Mar-2017
138301;PGIM India Liquid Fund - Direct Plan - Weekly Dividend;INF223J01NV9;INF223J01NW7;100.5808;100.5808;100.5808;14-Mar-2017
138288;PGIM India Liquid Fund - Growth;INF223J01BP6;;210.0459;210.0459;210.0459;14-Mar-2017
138287;PGIM India Liquid Fund - Monthly Dividend;INF223J01BL5;;105.4457;105.4457;105.4457;14-Mar-2017
138289;PGIM India Liquid Fund - Weekly Dividend;INF223J01BU6;;100.5802;100.5802;100.5802;14-Mar-2017
138280;PGIM India Liquid Fund-DIVIDEND-Daily Dividend;;INF223J01BI1;10.301;10.301;10.301;14-Mar-2017
138279;PGIM India Liquid Fund-DIVIDEND-MONTHLY DIVIDEND;INF223J01BR2;INF223J01BS0;10.034;10.034;10.034;14-Mar-2017
138281;PGIM India Liquid Fund-Growth-GROWTH;INF223J01BJ9;;24.5555;24.5555;24.5555;14-Mar-2017

Principal Mutual Fund
100895;Principal Cash Management Fund - Daily Income Distribution CUM Capital Withdrawal;;INF173K01DB7;1000.8893;1000.8893;1000.8893;14-Mar-2017
119468;Principal Cash Management Fund - Direct Plan - Growth Option;INF173K01GU0;;1578.7735;1578.7735;1578.7735;14-Mar-2017
119467;Principal Cash Management Fund - Direct Plan - Income Distribution CUM Capital Withdrawal Option - Daily;;INF173K01GT2;1000.6367;1000.6367;1000.6367;14-Mar-2017
119469;Principal Cash Management Fund - Direct Plan - Income Distribution CUM Capital Withdrawal Option - Weekly;;INF173K01GY2;1007.8246;1007.8246;1007.8246;14-Mar-2017
100897;Principal Cash Management Fund - Monthly Income Distribution CUM Capital Withdrawal Option;INF173K01BV9;INF173K01BW7;1027.3723;1027.3723;1027.3723;14-Mar-2017
100896;Principal Cash Management Fund - Weekly Income Distribution CUM Capital Withdrawal Option;;INF173K01DC5;1007.3034;1007.3034;1007.3034;14-Mar-2017
119466;Principal Cash Management Fund -Direct Plan - Income Distribution CUM Capital Withdrawal Option - Monthly;INF173K01GV8;INF173K01GW6;1027.4387;1027.4387;1027.4387;14-Mar-2017
100898;Principal Cash Management Fund -Growth Option;INF173K01DA9;;1573.4197;1573.4197;1573.4197;14-Mar-2017

quant Mutual Fund
120837;quant Liquid Fund - Growth Option - Direct Plan;INF966L01820;;25.4548;25.4548;25.4548;14-Mar-2017
103225;quant Liquid Fund - Growth Option - Regular Plan;INF966L01317;;25.3382;25.3382;25.3382;14-Mar-2017
120838;quant Liquid Fund - Monthly IDCW Option - Direct Plan;INF966L01796;INF966L01812;15.2438;15.2438;15.2438;14-Mar-2017
103228;quant Liquid Fund - Monthly IDCW Option - Regular Plan;INF966L01291;INF966L01309;15.1416;15.1416;15.1416;14-Mar-2017
120839;quant Liquid Fund - Weekly IDCW Option - Direct Plan;INF966L01788;INF966L01804;13.6942;13.6942;13.6942;14-Mar-2017
103227;quant Liquid Fund - Weekly IDCW Option - Regular Plan;INF966L01499;INF966L01283;13.5416;13.5416;13.5416;14-Mar-2017
120836;quant Liquid Fund-Daily IDCW Option - Direct Plan;;INF966L01770;13.7723;13.7723;13.7723;14-Mar-2017
103226;quant Liquid Fund-Daily IDCW Option - Regular Plan;;INF966L01275;13.6872;13.6872;13.6872;14-Mar-2017

Quantum Mutual Fund
103736;Quantum Liquid Fund - Direct Plan Daily IDCW;;INF082J01135;10.0052;10.0052;10.0052;14-Mar-2017
103734;Quantum Liquid Fund - Direct Plan Growth Option;INF082J01127;;22.4498;22.4498;22.4498;14-Mar-2017
103735;Quantum Liquid Fund - Direct Plan Monthly IDCW;INF082J01143;INF082J01200;10.0299;10.0299;10.0299;14-Mar-2017

SBI Mutual Fund
119804;SBI Liquid Fund - Direct Paln - Fortnightly Income Distribution cum Capital Withdrawal Option (IDCW);INF200K01UR8;INF200K01US6;1012.4254;1012.4254;1012.4254;14-Mar-2017
119805;SBI Liquid Fund - Direct Plan - Daily Income Distribution cum Capital Withdrawal Option (IDCW);;INF200K01UQ0;1003.25;1003.25;1003.25;14-Mar-2017
119799;SBI Liquid Fund - Direct Plan - Weekly Income Distribution cum Capital Withdrawal Option (IDCW);INF200K01UU2;INF200K01UV0;1061.6537;1061.6537;1061.6537;14-Mar-2017
119800;SBI Liquid Fund - DIRECT PLAN -Growth;INF200K01UT4;;2544.2122;2544.2122;2544.2122;14-Mar-2017
105274;SBI Liquid Fund - Institutional - Growth;INF200K01LU1;;2561.5226;2561.5226;2561.5226;14-Mar-2017
105275;SBI Liquid Fund - Institutional Daily Income Distribution cum Capital Withdrawal Option (IDCW);;INF200K01LR7;1003.25;1003.25;1003.25;14-Mar-2017
105279;SBI Liquid Fund - Institutional Fortnightly Income Distribution cum Capital Withdrawal Option (IDCW);INF200K01LS5;INF200K01LT3;1023.7313;1023.7313;1023.7313;14-Mar-2017
105278;SBI Liquid Fund - Institutional Weekly Income Distribution cum Capital Withdrawal Option (IDCW);INF200K01LV9;INF200K01LW7;1060.9391;1060.9391;1060.9391;14-Mar-2017
105281;SBI Liquid Fund - Regular Plan - Daily Income Distribution cum Capital Withdrawal Option (IDCW);;INF200K01LX5;1003.25;1003.25;1003.25;14-Mar-2017
105283;SBI Liquid Fund - Regular Plan - Fortnightly Income Distribution cum Capital Withdrawal Option (IDCW);INF200K01LY3;INF200K01LZ0;1012.4205;1012.4205;1012.4205;14-Mar-2017
105282;SBI Liquid Fund - Regular Plan - Weekly Income Distribution cum Capital Withdrawal Option (IDCW);INF200K01MB9;INF200K01MC7;1061.6487;1061.6487;1061.6487;14-Mar-2017
105280;SBI Liquid Fund - REGULAR PLAN -Growth;INF200K01MA1;;2537.6741;2537.6741;2537.6741;14-Mar-2017

Sundaram Mutual Fund
119690;Sundaram Money Fund Direct Plan - Bonus;INF903J01RL8;;12.2338;12.2338;12.2338;14-Mar-2017
119688;Sundaram Money Fund Direct Plan - Daily Reinvestment of Income Distribution cum Capital Withdrawal (IDCW);;INF903J01QA3;10.1025;10.1025;10.1025;14-Mar-2017
119692;Sundaram Money Fund Direct Plan - Fortnightly Reinvestment of Income Distribution cum Capital Withdrawal (IDCW);;INF903J01QB1;25.8459;25.8459;25.8459;14-Mar-2017
119686;Sundaram Money Fund Direct Plan - Growth;INF903J01QF2;;34.1856;34.1856;34.1856;14-Mar-2017
119687;Sundaram Money Fund Direct Plan - Monthly Income Distribution cum Capital Withdrawal (IDCW);INF903J01QC9;INF903J01QD7;10.6821;10.6821;10.6821;14-Mar-2017
119689;Sundaram Money Fund Direct Plan - Quarterly Reinvestment of Income Distribution cum Capital Withdrawal (IDCW);;INF903J01QE5;33.5189;33.5189;33.5189;14-Mar-2017
119691;Sundaram Money Fund Direct Plan - Weekly Reinvestment of Income Distribution cum Capital Withdrawal (IDCW);;INF903J01QG0;11.6016;11.6016;11.6016;14-Mar-2017
102701;Sundaram Money Fund Institutional Plan - Daily Reinvestment of Income Distribution cum Capital Withdrawal (IDCW);;INF903J01GP2;10.0953;10.0953;10.0953;14-Mar-2017
102703;Sundaram Money Fund Institutional Plan - Growth;INF903J01GN7;;33.2381;33.2381;33.2381;14-Mar-2017
118328;Sundaram Money Fund Regular Plan - Bonus;INF903J01MB0;;12.1833;12.1833;12.1833;14-Mar-2017
103392;Sundaram Money Fund Regular Plan - Daily Reinvestment of Income Distribution cum Capital Withdrawal (IDCW);;INF903J01GW8;10.0953;10.0953;10.0953;14-Mar-2017
103395;Sundaram Money Fund Regular Plan - Fortnightly Reinvestment of Income Distribution cum Capital Withdrawal (IDCW);;INF903J01GY4;10.9354;10.9354;10.9354;14-Mar-2017
103397;Sundaram Money Fund Regular Plan - Growth;INF903J01GU2;;34.0843;34.0843;34.0843;14-Mar-2017
103396;Sundaram Money Fund Regular Plan - Monthly Income Distribution cum Capital Withdrawal (IDCW);INF903J01GV0;INF903J01GZ1;10.5393;10.5393;10.5393;14-Mar-2017
103393;Sundaram Money Fund Regular Plan - Quarterly Reinvestment of Income Distribution cum Capital Withdrawal (IDCW);;INF903J01HA2;33.4595;33.4595;33.4595;14-Mar-2017
100620;Sundaram Money Fund Retail Plan - Daily Reinvestment of Income Distribution cum Capital Withdrawal (IDCW);;INF903J01GI7;10.0953;10.0953;10.0953;14-Mar-2017
100622;Sundaram Money Fund Retail Plan - Fortnightly Reinvestment of Income Distribution cum Capital Withdrawal (IDCW);;INF903J01GK3;10.9028;10.9028;10.9028;14-Mar-2017
100618;Sundaram Money Fund Retail Plan - Growth;INF903J01GG1;;31.8527;31.8527;31.8527;14-Mar-2017
100623;Sundaram Money Fund Retail Plan - Monthly Income Distribution cum Capital Withdrawal (IDCW);INF903J01GH9;INF903J01GL1;10.5524;10.5524;10.5524;14-Mar-2017
100619;Sundaram Money Fund Retail Plan - Quarterly Reinvestment of Income Distribution cum Capital Withdrawal (IDCW);;INF903J01GM9;12.0955;12.0955;12.0955;14-Mar-2017
100621;Sundaram Money Fund Retail Plan - Weekly Reinvestment of Income Distribution cum Capital Withdrawal (IDCW);;INF903J01GJ5;11.5415;11.5415;11.5415;14-Mar-2017
140006;Sundaram Money Fund Unclaimed Amount Plan - Unclaimed Dividend Less Than Three Years;INF903JA1567;;10.2815;10.2815;10.2815;14-Mar-2017
140005;Sundaram Money Fund Unclaimed Amount Plan - Unclaimed Dividend More Than Three Years;INF903JA1575;;10.0000;10.0000;10.0000;14-Mar-2017
140003;Sundaram Money Fund Unclaimed Amount Plan - Unclaimed Redemption Less Than Three Years;INF903JA1542;;10.2899;10.2899;10.2899;14-Mar-2017
140004;Sundaram Money Fund Unclaimed Amount Plan - Unclaimed Redemption More Than Three Years;INF903JA1559;;10.0000;10.0000;10.0000;14-Mar-2017
103394;Sundaram Money Fund Regular Plan - Weekly Reinvestment of Income Distribution cum Capital Withdrawal (IDCW);;INF903J01GX6;11.5838;11.5838;11.5838;14-Mar-2017

Tata Mutual Fund
102672;Tata Liquid Fund -Regular Plan - Growth Option;INF277K01YD8;;2545.6107;2545.6107;2545.6107;14-Mar-2017
119862;Tata Liquid Fund- Direct Plan - Daily Reinvestment of IDCW Option;;INF277K012D2;1001.5187;1001.5187;1001.5187;14-Mar-2017
119861;Tata Liquid Fund- Direct Plan-Growth Option;INF277K01YE6;;2554.6857;2554.6857;2554.6857;14-Mar-2017
101714;Tata Liquid Fund- Regular Plan - Daily Reinvestment of IDCW Option;;INF277K011D4;1001.5157;1001.5157;1001.5157;14-Mar-2017

Taurus Mutual Fund
111915;Taurus Liquid Fund - Regular Plan - SI Growth Option;INF044D01534;;1626.2106;1626.2106;1626.2106;14-Mar-2017
113248;Taurus Liquid Fund - Regular Plan - SI Weekly Dividend Option;;INF044D01526;931.6933;931.6933;931.6933;14-Mar-2017
111703;Taurus Liquid Fund - Regular Plan -SI Daily Dividend Option;;INF044D01518;931.3378;931.3378;931.3378;14-Mar-2017
111760;Taurus Liquid Fund Insti Growth;INF044D01500;;1649.9317;1649.9317;1649.9317;14-Mar-2017
118891;Taurus Liquid Fund-Direct Plan-SI Daily Dividend Option;;INF044D01DI0;931.3807;931.3807;931.3807;14-Mar-2017
118893;Taurus Liquid Fund-Direct Plan-SI Growth Option;INF044D01DK6;;1630.4825;1630.4825;1630.4825;14-Mar-2017
118892;Taurus Liquid Fund-Direct Plan-SI Weekly Dividend Option;;INF044D01DJ8;932.1597;932.1597;932.1597;14-Mar-2017
104240;Taurus Liquid Fund-Dividend;INF044D01542;INF044D01559;931.6775;931.6775;931.6775;14-Mar-2017
104241;Taurus Liquid Fund-Growth;INF044D01575;;1909.4971;1909.4971;1909.4971;14-Mar-2017

Union Mutual Fund
115401;Union Liquid Fund - Daily IDCW Option;;INF582M01021;1000.6489;1000.6489;1000.6489;14-Mar-2017
119301;Union Liquid Fund - Direct Plan - Daily IDCW Option;;INF582M01682;1000.6506;1000.6506;1000.6506;14-Mar-2017
119305;Union Liquid Fund - Direct Plan - Fortnightly IDCW Option;INF582M01724;INF582M01708;1001.0383;1001.0383;1001.0383;14-Mar-2017
119303;Union Liquid Fund - Direct Plan - Growth Option;INF582M01674;;1620.2420;1620.2420;1620.2420;14-Mar-2017
119302;Union Liquid Fund - Direct Plan - Monthly IDCW Option;INF582M01732;INF582M01716;1002.9396;1002.9396;1002.9396;14-Mar-2017
119304;Union Liquid Fund - Direct Plan - Weekly IDCW Option;;INF582M01690;1001.7533;1001.7533;1001.7533;14-Mar-2017
115399;Union Liquid Fund - Fortnightly IDCW Option;INF582M01062;INF582M01047;1001.0189;1001.0189;1001.0189;14-Mar-2017
115398;Union Liquid Fund - Growth Option;INF582M01013;;1614.0111;1614.0111;1614.0111;14-Mar-2017
115400;Union Liquid Fund - Monthly IDCW Option;INF582M01070;INF582M01054;1002.8710;1002.8710;1002.8710;14-Mar-2017
115402;Union Liquid Fund - Weekly IDCW Option;;INF582M01039;1001.7142;1001.7142;1001.7142;14-Mar-2017

UTI Mutual Fund
134427;UTI Liquid Fund - Direct Plan - Annual IDCW;INF789FA1K63;INF789FA1K71;1168.0676;1168.0676;1168.0676;14-Mar-2017
120558;UTI Liquid Fund - Direct Plan - Daily IDCW (Reinvestment);;INF789F01XP8;1019.4457;1019.4457;1019.4457;14-Mar-2017
140913;UTI Liquid Fund - Direct Plan - Fortnightly IDCW;INF789FA1K06;INF789FA1K14;1037.3553;1037.3553;0;14-Mar-2017
140504;UTI Liquid Fund - Direct Plan - Half-Yearly IDCW;INF789FA1K48;INF789FA1K55;1012.8112;1012.8112;0;14-Mar-2017
120794;UTI Liquid Fund - Direct Plan - Monthly IDCW;INF789F01XR4;INF789F01XS2;1027.5544;1027.5544;1027.5544;14-Mar-2017
140024;UTI Liquid Fund - Direct Plan - Quarterly IDCW;INF789FA1K22;INF789FA1K30;1102.5913;1102.5913;0;14-Mar-2017
120777;UTI Liquid Fund - Direct Plan - Weekly IDCW;;INF789F01XT0;1054.071;1054.071;1054.071;14-Mar-2017
133973;UTI Liquid Fund - Regular Plan - Annual IDCW;INF789FA1J66;INF789FA1J74;1167.6493;1167.6493;1167.6493;14-Mar-2017
102010;UTI Liquid Fund - Regular Plan - Daily IDCW (Reinvestment);;INF789F01PG3;1019.4457;1019.4457;1019.4457;14-Mar-2017
139838;UTI Liquid Fund - Regular Plan - Fortnightly IDCW;INF789FA1J09;INF789FA1J17;1037.3692;1037.3692;0;14-Mar-2017
102011;UTI Liquid Fund - Regular Plan - Monthly IDCW;INF789F01PI9;INF789F01PJ7;1027.5434;1027.5434;1027.5434;14-Mar-2017
135721;UTI Liquid Fund - Regular Plan - Quarterly IDCW;INF789FA1J25;INF789FA1J33;1102.4749;1102.4749;0;14-Mar-2017
102013;UTI Liquid Fund - Regular Plan - Weekly IDCW;;INF789F01PK5;1054.065;1054.065;1054.065;14-Mar-2017
120304;UTI-  Liquid Cash Plan - Direct Plan - Growth Option;INF789F01XQ6;;2654.5993;2654.5993;2654.5993;14-Mar-2017
102012;UTI-  Liquid Cash Plan - Regular Plan - Growth Option;INF789F01PH1;;2648.0582;2648.0582;2648.0582;14-Mar-2017
102008;UTI-  Liquid Cash Plan- Discontinued - Regular Plan - Monthly Dividend Option;INF789F01BC2;INF789F01BA6;1176.4645;1176.4645;0;14-Mar-2017
102009;UTI-  Liquid Cash Plan- Discontinued - Regular Plan -Growth;INF789F01BB4;;2507.2193;2507.2193;0;14-Mar-2017
102007;UTI-  Liquid Cash Plan- Discontinued -Regular Plan Periodic Dividend Option;;INF789F01AZ5;1133.9512;1133.9512;0;14-Mar-2017

Open Ended Schemes ( Debt Scheme - Ultra Short Duration Fund )


Aditya Birla Sun Life Mutual Fund
112016;Aditya Birla Sun Life Savings Fund - Discipline Advantage Plan;INF209K01JT8;;181.3899;181.3899;181.3899;14-Mar-2017
119501;Aditya Birla Sun Life Savings Fund - Growth - Direct Plan;INF209K01UR9;;318.3640;318.3640;318.3640;14-Mar-2017
101317;Aditya Birla Sun Life Savings Fund - Growth - Regular Plan;INF209K01LZ1;;316.9395;316.9395;316.9395;14-Mar-2017
119500;Aditya Birla Sun Life Savings Fund-DIRECT - DAILY IDCW;INF209K01UQ1;;100.2972;100.2972;100.2972;14-Mar-2017
119499;Aditya Birla Sun Life Savings Fund-DIRECT - WEEKLY IDCW;INF209K01US7;;100.1919;100.1919;100.1919;14-Mar-2017
105888;Aditya Birla Sun Life Savings Fund-Regular - DAILY IDCW;INF209K01LY4;;100.2970;100.2970;100.2970;14-Mar-2017
105887;Aditya Birla Sun Life Savings Fund-Regular - weekly IDCW;INF209K01MA2;;100.1898;100.1898;100.1898;14-Mar-2017
109108;Aditya Birla Sun Life Savings Fund-Retail - Daily IDCW;INF209K01MB0;;100.2963;100.2963;100.2963;14-Mar-2017
101316;Aditya Birla Sun Life Savings Fund-Retail Growth;INF209K01MC8;;306.6754;306.6754;306.6754;14-Mar-2017
105881;Aditya Birla Sun Life Savings Fund-Weekly - retail IDCW;INF209K01MD6;;100.1897;100.1897;100.1897;14-Mar-2017

Bank of India Mutual Fund
119380;BANK OF INDIA Ultra Short Duration Fund- Direct Plan- Daily IDCW;;INF761K01CT3;1006.7769;1006.7769;1006.7769;14-Mar-2017
119379;BANK OF INDIA Ultra Short Duration Fund- Direct Plan- Growth;INF761K01892;;1964.7218;1964.7218;1964.7218;14-Mar-2017
119381;BANK OF INDIA Ultra Short Duration Fund- Direct Plan- Weekly IDCW;;INF761K01CU1;1007.5946;1007.5946;1007.5946;14-Mar-2017
126389;BANK OF INDIA Ultra Short Duration Fund- Direct Plan-Bonus;INF761K01CS5;;1958.2609;1958.2609;1958.2609;14-Mar-2017
111970;BANK OF INDIA Ultra Short Duration Fund- Regular Plan- Daily IDCW;;INF761K01CW7;1006.8948;1006.8948;1006.8948;14-Mar-2017
109269;BANK OF INDIA Ultra Short Duration Fund- Regular Plan- Growth;INF761K01298;;1943.7843;1943.7843;1943.7843;14-Mar-2017
109264;BANK OF INDIA Ultra Short Duration Fund- Regular Plan- Weekly IDCW;;INF761K01CX5;1007.5982;1007.5982;1007.5982;14-Mar-2017

Canara Robeco Mutual Fund
118315;CANARA ROBECO ULTRA SHORT TERM FUND - DIRECT PLAN - DAILY IDCW (Reinvestment);;INF760K01GL3;1240.7100;1240.7100;1240.7100;14-Mar-2017
118317;CANARA ROBECO ULTRA SHORT TERM FUND - DIRECT PLAN - GROWTH OPTION;INF760K01GM1;;2487.4275;2487.4275;2487.4275;14-Mar-2017
118319;CANARA ROBECO ULTRA SHORT TERM FUND - DIRECT PLAN - IDCW (Payout/Reinvestment);INF760K01GN9;;1424.5564;1424.5564;1424.5564;14-Mar-2017
118318;CANARA ROBECO ULTRA SHORT TERM FUND - DIRECT PLAN - MONTHLY IDCW (Payout/Reinvestment);INF760K01GP4;INF760K01GO7;1003.4908;1003.4908;1003.4908;14-Mar-2017
118316;CANARA ROBECO ULTRA SHORT TERM FUND - DIRECT PLAN - WEEKLY IDCW (Payout/Reinvestment);INF760K01GQ2;INF760K01GR0;1241.9180;1241.9180;1241.9180;14-Mar-2017
109372;CANARA ROBECO ULTRA SHORT TERM FUND - REGULAR PLAN - DAILY IDCW (Reinvestment);;INF760K01DA3;1240.7100;1240.7100;1240.7100;14-Mar-2017
109371;CANARA ROBECO ULTRA SHORT TERM FUND - REGULAR PLAN - GROWTH OPTION;INF760K01DC9;;2451.2358;2451.2358;2451.2358;14-Mar-2017
109370;CANARA ROBECO ULTRA SHORT TERM FUND - REGULAR PLAN - MONTHLY IDCW (Payout/Reinvestment);INF760K01CA5;INF760K01DD7;1003.0868;1003.0868;1003.0868;14-Mar-2017
109366;CANARA ROBECO ULTRA SHORT TERM FUND - REGULAR PLAN - WEEKLY IDCW (Payout/Reinvestment);INF760K01DE5;INF760K01DF2;1241.7752;1241.7752;1241.7752;14-Mar-2017
140530;CANARA ROBECO ULTRA SHORT TERM FUND- REGULAR PLAN - IDCW (Payout);INF760K01IL9;;1006.9343;1006.9343;1006.9343;14-Mar-2017

DSP Mutual Fund
119205;DSP Ultra Short Fund - Direct Plan - Growth;INF740K01ON5;;2225.1996;2225.1996;2225.1996;14-Mar-2017
119206;DSP Ultra Short Fund - Direct Plan - IDCW;INF740K01OQ8;INF740K01OR6;1072.7961;1072.7961;1072.7961;14-Mar-2017
119203;DSP Ultra Short Fund - Direct Plan - IDCW - Daily;;INF740KA1NT0;1004.2306;1004.2306;1004.2306;14-Mar-2017
119204;DSP Ultra Short Fund - Direct Plan - IDCW - Monthly;INF740K01OO3;INF740K01OP0;1042.4011;1042.4011;1042.4011;14-Mar-2017
119207;DSP Ultra Short Fund - Direct Plan - IDCW - Weekly;INF740KA1NU8;INF740KA1NV6;1004.8970;1004.8970;1004.8970;14-Mar-2017
104138;DSP Ultra Short Fund - Regular Plan - Growth;INF740K01QQ3;;2173.5417;2173.5417;2173.5417;14-Mar-2017
104140;DSP Ultra Short Fund - Regular Plan - IDCW - Daily Reinvest;;INF740KA1NW4;1004.2306;1004.2306;1004.2306;14-Mar-2017
117063;DSP Ultra Short Fund - Regular Plan - IDCW - Monthly;INF740K01QS9;INF740K01QR1;1039.5674;1039.5674;1039.5674;14-Mar-2017
117995;DSP Ultra Short Fund - Regular Plan - IDCW - Payout;INF740K01MK5;;1067.1628;1067.1628;1067.1628;14-Mar-2017
104139;DSP Ultra Short Fund - Regular Plan - IDCW - Weekly Reinvest;;;1004.7931;1004.7931;1004.7931;14-Mar-2017

Franklin Templeton Mutual Fund
107248;Franklin India Ultra Short Bond Fund - Institutional - Growth;INF090I01CG8;;21.6025;21.6025;21.6025;14-Mar-2017
107251;Franklin India Ultra Short Bond Fund - Institutional Plan - Daily - IDCW;;INF090I01CD5;10.0000;10.0000;10.0000;14-Mar-2017
107247;Franklin India Ultra Short Bond Fund - Retail - Growth;INF090I01CK0;;21.2068;21.2068;21.2068;14-Mar-2017
107252;Franklin India Ultra Short Bond Fund - Retail Plan - Daily - IDCW;;INF090I01CH6;10.0555;10.0555;10.0555;14-Mar-2017
109575;Franklin India Ultra Short Bond Fund - Retail Plan - Weekly - IDCW;INF090I01CI4;INF090I01CJ2;10.1295;10.1295;10.1295;14-Mar-2017
107249;Franklin India Ultra Short Bond Fund - Super Institutional - Growth;INF090I01CN4;;22.1611;22.1611;22.1611;14-Mar-2017
107250;Franklin India Ultra Short Bond Fund - Super Institutional Plan - Daily - IDCW;;INF090I01CL8;10.0820;10.0820;10.0820;14-Mar-2017
118560;Franklin India Ultra Short Bond Fund - Super Institutional Plan - Direct - Growth;INF090I01JA6;;22.2252;22.2252;22.2252;14-Mar-2017
109576;Franklin India Ultra Short Bond Fund - Super Institutional Plan - Weekly - IDCW;INF090I01CM6;;10.1021;10.1021;10.1021;14-Mar-2017
118561;Franklin India Ultra Short Bond Fund Super Institutional Plan - Direct - Daily - IDCW;INF090I01JB4;;10.0646;10.0646;10.0646;14-Mar-2017
118562;Franklin India Ultra Short Bond Fund Super Institutional Plan - Direct - Weekly - IDCW;INF090I01JC2;;10.0945;10.0945;10.0945;14-Mar-2017

Groww Mutual Fund
116610;Indiabulls Ultra Short Term Fund - Daily Dividend Option;;INF666M01196;1003.5210;1003.5210;1003.5210;14-Mar-2017
119144;Indiabulls Ultra Short Term Fund - Direct Plan - Daily Dividend Option;;INF666M01634;1004.3509;1004.3509;1004.3509;14-Mar-2017
119146;Indiabulls Ultra Short Term Fund - Direct Plan - Fortnightly Dividend Option;INF666M01584;INF666M01550;1001.4273;1001.4273;1001.4273;14-Mar-2017
119143;Indiabulls Ultra Short Term Fund - Direct Plan - Growth Option;INF666M01535;;1603.9264;1603.9264;1603.9264;14-Mar-2017
119147;Indiabulls Ultra Short Term Fund - Direct Plan - Monthly Dividend Option;INF666M01592;INF666M01568;1003.6574;1003.6574;1003.6574;14-Mar-2017
119145;Indiabulls Ultra Short Term Fund - Direct Plan - Weekly Dividend Option;INF666M01576;INF666M01543;1001.8354;1001.8354;1001.8354;14-Mar-2017
116424;Indiabulls Ultra Short Term Fund - Growth Option;INF666M01097;;1570.9557;1570.9557;1570.9557;14-Mar-2017
116427;Indiabulls Ultra Short Term Fund - Monthly Dividend Option;INF666M01154;INF666M01121;1003.5000;1003.5000;1003.5000;14-Mar-2017
116425;Indiabulls Ultra Short Term Fund - Weekly Dividend Option;INF666M01139;INF666M01105;1002.5714;1002.5714;1002.5714;14-Mar-2017

ICICI Prudential Mutual Fund
120676;ICICI Prudential Ultra Short Term Fund - Direct Plan -  Growth;INF109K01T04;;16.8815;16.7127;16.8815;14-Mar-2017
120678;ICICI Prudential Ultra Short Term Fund - Direct Plan -  Half Yearly IDCW;INF109K01T12;INF109K01T20;10.6541;10.5476;10.6541;14-Mar-2017
120677;ICICI Prudential Ultra Short Term Fund - Direct Plan -  Monthly IDCW;INF109K01T38;INF109K01T46;10.6710;10.5643;10.6710;14-Mar-2017
120675;ICICI Prudential Ultra Short Term Fund - Direct Plan -  Quarterly IDCW;INF109K01T53;INF109K01T61;10.8499;10.7414;10.8499;14-Mar-2017
130942;ICICI Prudential Ultra Short Term Fund - Direct Plan Bonus;INF109KA1H69;;12.6122;12.4861;12.6122;14-Mar-2017
115092;ICICI Prudential Ultra Short Term Fund - Growth;INF109K01TP7;;16.3015;16.1385;16.3015;14-Mar-2017
115093;ICICI Prudential Ultra Short Term Fund - Half Yearly IDCW;INF109K01TV5;INF109K01TU7;10.5110;10.4059;10.5110;14-Mar-2017
115094;ICICI Prudential Ultra Short Term Fund - Monthly IDCW;INF109K01TR3;INF109K01TQ5;10.6159;10.5097;10.6159;14-Mar-2017
115091;ICICI Prudential Ultra Short Term Fund - Quarterly IDCW;INF109K01TT9;INF109K01TS1;10.6615;10.5549;10.6615;14-Mar-2017

IDBI Mutual Fund
126166;IDBI UST Bonus Direct;INF397L01FN0;;1744.3565;1744.3565;1744.3565;14-Mar-2017
126165;IDBI UST Bonus Regular;INF397L01FM2;;1708.6283;1708.6283;1708.6283;14-Mar-2017
113252;IDBI UST Daily IDCW;;INF397L01695;1014.9310;1014.9310;1014.9310;14-Mar-2017
118459;IDBI UST Daily IDCW Direct;;INF397L01AQ4;1031.1905;1031.1905;1031.1905;14-Mar-2017
113251;IDBI UST Growth;INF397L01745;;1708.6186;1708.6186;1708.6186;14-Mar-2017
118350;IDBI UST Growth Direct;INF397L01AV4;;1745.1774;1745.1774;1745.1774;14-Mar-2017
113254;IDBI UST Monthly IDCW;INF397L01711;INF397L01703;1038.1412;1038.1412;1038.1412;14-Mar-2017
118460;IDBI UST Monthly IDCW Direct;INF397L01AS0;INF397L01AR2;1311.7042;1311.7042;1311.7042;14-Mar-2017
113253;IDBI UST Weekly IDCW;INF397L01737;INF397L01729;1038.8681;1038.8681;1038.8681;14-Mar-2017
118461;IDBI UST Weekly IDCW Direct;INF397L01AU6;INF397L01AT8;1047.7074;1047.7074;1047.7074;14-Mar-2017

Invesco Mutual Fund
114361;Invesco India Ultra Short Duration Fund - Annual IDCW (Payout / Reinvestment);INF205K01TD9;INF205K01TE7;1285.9305;1285.9305;1285.9305;14-Mar-2017
136111;Invesco India Ultra Short Duration Fund - Daily IDCW (Reinvestment);;INF205K018H7;1036.9404;1036.9404;1036.9404;14-Mar-2017
120543;Invesco India Ultra Short Duration Fund - Direct Plan - Annual IDCW (Payout / Reinvestment);INF205K01TF4;INF205K01TG2;1199.0642;1199.0642;1199.0642;14-Mar-2017
136112;Invesco India Ultra Short Duration Fund - Direct Plan - Daily IDCW (Reinvestment);;INF205K019H5;1031.2315;1031.2315;1031.2315;14-Mar-2017
120541;Invesco India Ultra Short Duration Fund - Direct Plan - Growth;INF205K01TH0;;1685.4555;1685.4555;1685.4555;14-Mar-2017
120542;Invesco India Ultra Short Duration Fund - Direct Plan - Monthly IDCW (Payout / Reinvestment);INF205K01TI8;INF205K01TJ6;1227.7460;1227.7460;1227.7460;14-Mar-2017
120544;Invesco India Ultra Short Duration Fund - Direct Plan - Quarterly IDCW (Payout / Reinvestment);INF205K01TK4;INF205K01TL2;1044.1040;1044.1040;1044.1040;14-Mar-2017
114359;Invesco India Ultra Short Duration Fund - Growth;INF205K01TM0;;1650.3167;1650.3167;1650.3167;14-Mar-2017
114362;Invesco India Ultra Short Duration Fund - Monthly IDCW (Payout / Reinvestment);INF205K01TN8;INF205K01TO6;1018.3085;1018.3085;1018.3085;14-Mar-2017
114360;Invesco India Ultra Short Duration Fund - Quarterly IDCW (Payout / Reinvestment);INF205K01TP3;INF205K01TQ1;1207.7220;1207.7220;1207.7220;14-Mar-2017

JM Financial Mutual Fund
120459;JM Money Manager Fund - Super Plan (Direct) - Daily Dividend Option;;;10.0508;10.0508;10.0508;14-Mar-2017
120462;JM Money Manager Fund - Super Plan (Direct) - Fortnightly Dividend Option;;;10.3266;10.3266;10.3266;14-Mar-2017
120463;JM Money Manager Fund - Super Plan (Direct) - Growth Option;;;23.2528;23.2528;23.2528;14-Mar-2017
120460;JM Money Manager Fund - Super Plan (Direct) - Weekly Dividend Option;;;10.6711;10.6711;10.6711;14-Mar-2017
122319;JM Money Manager Fund - Super Plan - Bonus Option - Principal Units;;;12.8348;12.8348;12.8348;14-Mar-2017
104270;JM Money Manager Fund - Super Plan - Dividend option - Daily dividend;;;10.0406;10.0406;10.0406;14-Mar-2017
106100;JM Money Manager Fund - Super Plan - Dividend option - Fortnightly;;;10.3126;10.3126;10.3126;14-Mar-2017
106099;JM Money Manager Fund - Super Plan - Dividend option - Weekly dividend;;;10.6528;10.6528;10.6528;14-Mar-2017
104269;JM Money Manager Fund - Super Plan - Growth Plan;;;23.0385;23.0385;23.0385;14-Mar-2017
122320;JM Money Manager Fund - Super Plus Plan (Direct) - Bonus Option - Principal units;;;13.9637;13.9637;13.9637;14-Mar-2017
120464;JM Money Manager Fund - Super Plus Plan (Direct) - Daily Dividend Option;;;10.1079;10.1079;10.1079;14-Mar-2017
120456;JM Money Manager Fund - Super Plus Plan (Direct) - Fortnightly Dividend Option;;;10.3536;10.3536;10.3536;14-Mar-2017
120461;JM Money Manager Fund - Super Plus Plan (Direct) - Growth Option;;;23.1902;23.1902;23.1902;14-Mar-2017
120453;JM Money Manager Fund - Super Plus Plan (Direct) - Weekly Dividend Option;;;10.6591;10.6591;10.6591;14-Mar-2017
122321;JM Money Manager Fund - Super Plus Plan - Bonus Option - Principal units;;;13.9054;13.9054;13.9054;14-Mar-2017
104268;JM Money Manager Fund - Super Plus Plan - Dividend option - Daily dividend;;;10.1024;10.1024;10.1024;14-Mar-2017
106103;JM Money Manager Fund - Super Plus Plan - Dividend option - Fortnightly;;;10.3384;10.3384;10.3384;14-Mar-2017
106102;JM Money Manager Fund - Super Plus Plan - Dividend option - Weekly dividend;;;10.6413;10.6413;10.6413;14-Mar-2017
104267;JM Money Manager Fund - Super Plus Plan - Growth option;;;23.0826;23.0826;23.0826;14-Mar-2017
122318;JM Money Manger Fund - Super Plan (Direct) Bonus Option Principal Units;;;12.9098;12.9098;12.9098;14-Mar-2017
122316;JM Ultra Short Duration Fund (Direct) - Bonus Option - Principal Units;INF192K01FD8;;23.3443;23.3443;23.3443;14-Mar-2017
120457;JM Ultra Short Duration Fund (Direct) - Fortnightly Dividend Option;;INF192K01DN2;10.2660;10.2660;10.2660;14-Mar-2017
120458;JM Ultra Short Duration Fund - (Direct) - Growth Option;INF192K01DO0;;23.1291;23.1291;23.1291;14-Mar-2017
120454;JM Ultra Short Duration Fund - (Direct) -Daily Dividend Option;;INF192K01DL6;10.1043;10.1043;10.1043;14-Mar-2017
120455;JM Ultra Short Duration Fund - (Direct) -Weekly Dividend Option;;INF192K01DM4;10.6259;10.6259;10.6259;14-Mar-2017
122317;JM Ultra Short Duration Fund - Bonus Option - Principal Units;INF192K01FB2;;22.9991;22.9991;22.9991;14-Mar-2017
104272;JM Ultra Short Duration Fund - Daily Dividend;;INF192K01AN8;10.0764;10.0764;10.0764;14-Mar-2017
106101;JM Ultra Short Duration Fund - Fortnightly Dividend;;INF192K01AP3;10.2400;10.2400;10.2400;14-Mar-2017
104271;JM Ultra Short Duration Fund - Growth option;INF192K01AQ1;;22.7957;22.7957;22.7957;14-Mar-2017
106104;JM Ultra Short Duration Fund - Weekly Dividend;;INF192K01AO6;10.6143;10.6143;10.6143;14-Mar-2017

Kotak Mahindra Mutual Fund
102591;Kotak Savings Fund -Growth;INF174K01FD6;;25.9383;25.9383;25.9383;14-Mar-2017
102592;Kotak Savings Fund -Monthly Payout of Income Distribution cum capital withdrawal option;INF174K01FH7;;10.2093;10.2093;10.2093;14-Mar-2017
102590;Kotak Savings Fund -Weekly Weekly Reinvestment of Income Distribution cum capital withdrawal option;INF174K01FF1;;10.1482;10.1482;10.1482;14-Mar-2017
119750;Kotak Savings Fund-Growth - Direct;INF174K01JP2;;26.2506;26.2506;26.2506;14-Mar-2017
119751;Kotak Savings Fund-Monthly Payout of Income Distribution cum capital withdrawal option - Direct;INF174K01JQ0;;11.8705;11.8705;11.8705;14-Mar-2017
119752;Kotak Savings Fund-Weekly Weekly Reinvestment of Income Distribution cum capital withdrawal option- Direct;INF174K01JR8;;10.1647;10.1647;10.1647;14-Mar-2017
110575;Kotak Treasury Advantage Fund -Daily Reinvestment of Income Distribution cum capital withdrawal option;INF174K01FE4;;10.0798;10.0798;10.0798;14-Mar-2017
119749;Kotak Treasury Advantage Fund -Daily Reinvestment of Income Distribution cum capital withdrawal option - Direct;INF174K01JT4;;10.0805;10.0805;10.0805;14-Mar-2017

L&T Mutual Fund
129925;L&T Ultra Short Term Fund - Direct Plan - Bonus;INF917K01QK0;;14.6017;14.6017;14.6017;14-Mar-2017
129926;L&T Ultra Short Term Fund - Regular Plan - Bonus;INF917K01QJ2;;14.4182;14.4182;14.4182;14-Mar-2017
112423;L&T Ultra Short Term Fund - Regular Plan - Growth;INF917K01AS7;;26.4332;26.4332;26.4332;14-Mar-2017
112422;L&T Ultra Short Term Fund -Regular - Cumulative;INF917K01AN8;;25.4365;25.4365;25.4365;14-Mar-2017
119848;L&T Ultra Short Term Fund- Direct Plan - Daily IDCW;;INF917K01HX2;10.439;10.439;10.439;14-Mar-2017
119850;L&T Ultra Short Term Fund- Direct Plan- Weekly IDCW;INF917K01HZ7;INF917K01HY0;10.9646;10.9646;10.9646;14-Mar-2017
112425;L&T Ultra Short Term Fund- Regular Plan - Daily IDCW;;INF917K01AX7;10.2568;10.2568;10.2568;14-Mar-2017
119849;L&T Ultra Short Term Fund-Direct Plan - Growth;INF917K01HS2;;26.7694;26.7694;26.7694;14-Mar-2017
112424;L&T Ultra Short Term Fund-Regular Plan - Weekly IDCW;INF917K01AV1;INF917K01AW9;10.8101;10.8101;10.8101;14-Mar-2017
112461;L&T Ultra Short Term Fund - Regular Plan -Semi Annual IDCW;INF917K01AO6;INF917K01AP3;19.9862;19.9862;19.9862;14-Mar-2017
112475;L&T Ultra Short Term Fund - Regular Plan - Monthly IDCW;INF917K01AQ1;INF917K01AR9;12.7353;12.7353;12.7353;14-Mar-2017
119851;L&T Ultra Short Term Fund-Direct Plan -Monthly IDCW;INF917K01HU8;INF917K01HT0;12.8251;12.8251;12.8251;14-Mar-2017

Motilal Oswal Mutual Fund
124234;Motilal Oswal Ultra Short Term Fund (MOFUSTF) -Direct Plan- Growth;INF247L01247;;12.9244;12.9244;12.9244;14-Mar-2017
124233;Motilal Oswal Ultra Short Term Fund (MOFUSTF)-Regular Plan- Growth;INF247L01213;;12.6589;12.6589;12.6589;14-Mar-2017
124316;Motilal Oswal Ultra Short Term Fund Direct - IDCW Daily Reinvestment;;INF247L01346;10.0000;10.0000;10.0000;14-Mar-2017
124311;Motilal Oswal Ultra Short Term Fund Direct - IDCW Fortnightly Reinvestment;;INF247L01361;10.0000;10.0000;10.0000;14-Mar-2017
124312;Motilal Oswal Ultra Short Term Fund Direct - IDCW Quarterly Payout/Reinvestment;INF247L01403;INF247L01387;10.1431;10.1431;10.1431;14-Mar-2017
124306;Motilal Oswal Ultra Short Term Fund Direct - IDCW Weekly Reinvestment;;INF247L01353;10.0036;10.0036;10.0036;14-Mar-2017
124308;Motilal Oswal Ultra Short Term Fund Direct Plan - IDCW Monthly Payout/Reinvestment;INF247L01395;INF247L01379;10.0227;10.0227;10.0227;14-Mar-2017
124303;Motilal Oswal Ultra Short Term Fund Regular - IDCW Daily Reinvestment;;INF247L01270;10.0078;10.0078;10.0078;14-Mar-2017
124313;Motilal Oswal Ultra Short Term Fund Regular - IDCW Fortnightly Reinvestment;;INF247L01296;10.0000;10.0000;10.0000;14-Mar-2017
124315;Motilal Oswal Ultra Short Term Fund Regular - IDCW Monthly Payout/Reinvestment;INF247L01320;INF247L01304;10.0209;10.0209;10.0209;14-Mar-2017
124305;Motilal Oswal Ultra Short Term Fund Regular - IDCW Quarterly Payout/Reinvestment;INF247L01338;INF247L01312;10.1384;10.1384;10.1384;14-Mar-2017
124310;Motilal Oswal Ultra Short Term Fund Regular - IDCW Weekly Reinvestment;;INF247L01288;10.0046;10.0046;10.0046;14-Mar-2017

Navi Mutual Fund
119185;Navi Ultra Short Term Fund - Direct Plan Daily IDCW - ReInvestment;;INF959L01BL0;1006.6500;1006.6500;1006.6500;14-Mar-2017
119187;Navi Ultra Short Term Fund - Direct Plan Monthly IDCW Payout;INF959L01BF2;INF959L01BG0;1016.3250;1016.3250;1016.3250;14-Mar-2017
119188;Navi Ultra Short Term Fund - Direct Plan Weekly IDCW - Payout;INF959L01BI6;INF959L01BJ4;1004.8913;1004.8913;1004.8913;14-Mar-2017
119186;Navi Ultra Short Term Fund - Direct Plan-Growth Option;INF959L01BC9;;1811.1923;1811.1923;1811.1923;14-Mar-2017
112648;Navi Ultra Short Term Fund - Regular Plan Daily IDCW;;INF959L01BM8;1005.4600;1005.4600;1005.4600;14-Mar-2017
112649;Navi Ultra Short Term Fund - Regular Plan Monthly IDCW;INF959L01BN6;INF959L01BP1;1003.5153;1003.5153;1003.5153;14-Mar-2017
112658;Navi Ultra Short Term Fund - Regular Plan Weekly IDCW;INF959L01BQ9;INF959L01AY5;1004.0754;1004.0754;1004.0754;14-Mar-2017
112408;Navi Ultra Short Term Fund - Regular Plan-Growth Option;INF959L01BH8;;1771.8774;1771.8774;1771.8774;14-Mar-2017

PGIM India Mutual Fund
138342;PGIM India Ultra Short Duration Fund - Daily Dividend;INF223J01FH4;;10.0203;10.0203;10.0203;14-Mar-2017
138361;PGIM India Ultra Short Duration Fund - Direct Plan - Daily Dividend;;INF223J01QL3;10.0179;10.0179;10.0179;14-Mar-2017
138358;PGIM India Ultra Short Duration Fund - Direct Plan - Growth;INF223J01QO7;;19.8168;19.8168;19.8168;14-Mar-2017
138359;PGIM India Ultra Short Duration Fund - Direct Plan - Monthly Dividend;INF223J01QP4;;11.0411;11.0411;11.0411;14-Mar-2017
138362;PGIM India Ultra Short Duration Fund - Direct Plan - Weekly Dividend;INF223J01QR0;INF223J01QS8;10.2724;10.2724;10.2724;14-Mar-2017
138343;PGIM India Ultra Short Duration Fund - Growth;INF223J01FK8;;19.6353;19.6353;19.6353;14-Mar-2017
138344;PGIM India Ultra Short Duration Fund - Monthly Dividend;INF223J01FL6;INF223J01FM4;10.718;10.718;10.718;14-Mar-2017
138338;PGIM India Ultra Short Duration Fund - Regular Plan - Daily Dividend;INF223J01FW3;;10.0215;10.0215;10.0215;14-Mar-2017
138337;PGIM India Ultra Short Duration Fund - Regular Plan - Growth;INF223J01FX1;;25.0924;25.0924;25.0924;14-Mar-2017
138340;PGIM India Ultra Short Duration Fund - Regular Plan - Monthly Dividend;INF223J01FY9;INF223J01FZ6;10.3039;10.3039;10.3039;14-Mar-2017
138339;PGIM India Ultra Short Duration Fund - Regular Plan - Weekly Dividend;INF223J01GC3;;10.5061;10.5061;10.5061;14-Mar-2017
138341;PGIM India Ultra Short Duration Fund - Weekly Dividend;INF223J01FO0;INF223J01FP7;10.0843;10.0843;10.0843;14-Mar-2017
138368;PGIM India Ultra Short Term Fund - Annual Bonus;INF223J01XH7;;19.652;19.652;19.652;14-Mar-2017
138345;PGIM India Ultra Short Term Fund - Bonus;INF223J01FN2;;14.7411;14.7411;14.7411;14-Mar-2017
138367;PGIM India Ultra Short Term Fund - Direct Plan - Annual Bonus;INF223J01XI5;;13.1788;13.1788;13.1788;14-Mar-2017
138363;PGIM India Ultra Short Term Fund - Direct Plan - Bonus;INF223J01QK5;;14.8511;14.8511;14.8511;14-Mar-2017
138366;PGIM India Ultra Short Term Fund - Direct Plan - Monthly Bonus;INF223J01VK5;;11.8028;11.8028;11.8028;14-Mar-2017
138364;PGIM India Ultra Short Term Fund - Direct Plan - Quarterly Dividend;INF223J01QT6;INF223J01QU4;10.956;10.956;10.956;14-Mar-2017
138349;PGIM India Ultra Short Term Fund - Dividend;INF223J01FI2;INF223J01FJ0;13.4889;13.4889;13.4889;14-Mar-2017
138365;PGIM India Ultra Short Term Fund - Monthly Bonus;INF223J01VJ7;;12.0419;12.0419;12.0419;14-Mar-2017
138353;PGIM India Ultra Short Term Fund - Quarterly Dividend;INF223J01JH6;;11.2248;11.2248;11.2248;14-Mar-2017
138346;PGIM India Ultra Short Term Fund - Regular Plan - Bonus;INF223J01GA7;;15.114;15.114;15.114;14-Mar-2017

Principal Mutual Fund
119475;Principal Ultra Short Term Fund- Direct Plan - Income Distribution CUM Capital Withdrawal Option - Monthly;INF173K01HK9;INF173K01HJ1;1064.4475;1064.4475;1064.4475;14-Mar-2017
119474;Principal Ultra Short Term Fund- Direct Plan -Growth Option;INF173K01HI3;;1848.6370;1848.6370;1848.6370;14-Mar-2017
107329;Principal Ultra Short Term Fund-Daily Income Distribution CUM Capital Withdrawal Option;;INF173K01CV7;1005.4300;1005.4300;1005.4300;14-Mar-2017
107328;Principal Ultra Short Term Fund-Growth Option;INF173K01CU9;;1841.9108;1841.9108;1841.9108;14-Mar-2017
107330;Principal Ultra Short Term Fund-Monthly Income Distribution CUM Capital Withdrawal Option;INF173K01CB9;INF173K01CC7;1064.2208;1064.2208;1064.2208;14-Mar-2017
107332;Principal Ultra Short Term Fund-Weekly Income Distribution CUM Capital Withdrawal Option;;INF173K01CW5;1019.9084;1019.9084;1019.9084;14-Mar-2017

SBI Mutual Fund
119784;SBI Magnum Ultra Short Duration Fund - Direct Plan - Daily Income Distribution cum Capital Withdrawal Option (IDCW);;INF200K01TG3;1675.03;1675.03;1675.03;14-Mar-2017
119828;SBI MAGNUM ULTRA SHORT DURATION FUND - DIRECT PLAN - GROWTH;INF200K01TF5;;3585.9439;3585.9439;3585.9439;14-Mar-2017
119829;SBI Magnum Ultra Short Duration Fund - Direct Plan - Weekly Income Distribution cum Capital Withdrawal Option (IDCW);INF200K01TH1;INF200K01TI9;1078.2394;1078.2394;1078.2394;14-Mar-2017
105080;SBI Magnum Ultra Short Duration Fund - Regular Plan - Daily Income Distribution cum Capital Withdrawal Option (IDCW);;INF200K01LK2;1675.03;1675.03;1675.03;14-Mar-2017
100641;SBI MAGNUM ULTRA SHORT DURATION FUND - REGULAR PLAN - GROWTH;INF200K01LJ4;;3574.8696;3574.8696;3574.8696;14-Mar-2017
103884;SBI Magnum Ultra Short Duration Fund - Regular Plan - Weekly Income Distribution cum Capital Withdrawal Option (IDCW);INF200K01LM8;INF200K01LL0;1078.2295;1078.2295;1078.2295;14-Mar-2017

UTI Mutual Fund
139568;UTI Ultra Short Duration Fund - Direct Plan - Annual IDCW;INF789FA1Q42;INF789FA1Q59;1106.6013;1106.6013;1106.6013;14-Mar-2017
120744;UTI Ultra Short Duration Fund - Direct Plan - Daily IDCW (Reinvestment);INF789F01TG5;INF789F01TH3;1076.8777;1076.8777;1076.8777;14-Mar-2017
121892;UTI Ultra Short Duration Fund - Direct Plan - Flexi IDCW;INF789FB1KQ0;INF789FB1KR8;1391.1713;1391.1713;1391.1713;14-Mar-2017
120746;UTI Ultra Short Duration Fund - Direct Plan - Growth Option;INF789F01TI1;;2704.3882;2704.3882;2704.3882;14-Mar-2017
131444;UTI Ultra Short Duration Fund - Direct Plan - Monthly IDCW;INF789FA1P84;INF789FA1P92;1090.879;1090.879;1090.879;14-Mar-2017
133059;UTI Ultra Short Duration Fund - Direct Plan - Quarterly IDCW;INF789FA1Q00;INF789FA1Q18;1122.8747;1122.8747;1122.8747;14-Mar-2017
120745;UTI Ultra Short Duration Fund - Direct Plan - Weekly IDCW (Reinvestment);INF789FB1S63;;1112.4137;1112.4137;1112.4137;14-Mar-2017
112083;UTI Ultra Short Duration Fund - Discontinued - INSTN GROWTH OPTION;INF789F01PM1;;1863.8249;1863.8249;0;14-Mar-2017
112082;UTI Ultra Short Duration Fund - Discontinued - INSTN PLAN - PERIODIC DIVIDEND OPTION;;INF789F01PL3;1001.9217;1001.9217;0;14-Mar-2017
134484;UTI Ultra Short Duration Fund - Regular Plan - Annual IDCW;INF789FA1P43;INF789FA1P50;1101.7063;1101.7063;1101.7063;14-Mar-2017
109501;UTI Ultra Short Duration Fund - Regular Plan - Daily IDCW (Reinvestment);;INF789F01554;1076.8777;1076.8777;1076.8777;14-Mar-2017
121891;UTI Ultra Short Duration Fund - Regular Plan - Flexi IDCW;INF789FB1KS6;INF789FB1KT4;1257.0694;1257.0694;1257.0694;14-Mar-2017
131511;UTI Ultra Short Duration Fund - Regular Plan - Fortnightly IDCW;INF789FA1O69;INF789FA1O77;1225.7315;1225.7315;1225.7315;14-Mar-2017
102532;UTI Ultra Short Duration Fund - Regular Plan - Growth Option;INF789F01570;;2642.363;2642.363;2642.363;14-Mar-2017
134799;UTI Ultra Short Duration Fund - Regular Plan - Half-Yearly IDCW;INF789FA1P27;INF789FA1P35;1069.7;1069.7;0;14-Mar-2017
131445;UTI Ultra Short Duration Fund - Regular Plan - Monthly IDCW;INF789FA1O85;INF789FA1O93;1066.6502;1066.6502;1066.6502;14-Mar-2017
133873;UTI Ultra Short Duration Fund - Regular Plan - Quarterly IDCW;INF789FA1P01;INF789FA1P19;1056.3061;1056.3061;1056.3061;14-Mar-2017
102531;UTI Ultra Short Duration Fund - Regular Plan - Weekly IDCW (Reinvestment);;INF789F01562;1112.292;1112.292;1112.292;14-Mar-2017

Open Ended Schemes ( Debt Scheme - Low Duration Fund )


Aditya Birla Sun Life Mutual Fund
119523;Aditya Birla Sun Life Low duration Fund - Growth - Direct Plan;INF209K01XU7;;404.0890;404.0890;404.0890;14-Mar-2017
103192;Aditya Birla Sun Life Low Duration Fund - Growth Plan;INF209K01LQ0;;390.4692;390.4692;390.4692;14-Mar-2017
103195;Aditya Birla Sun Life Low Duration Fund - Institutional Plan - Growth;INF209K01KE8;;273.7738;273.7738;273.7738;14-Mar-2017
119524;Aditya Birla Sun Life Low Duration Fund -Direct - daily IDCW;INF209K01XW3;;100.3904;100.3904;100.3904;14-Mar-2017
119522;Aditya Birla Sun Life Low Duration Fund -Direct - weekly IDCW;;INF209K01XV5;100.5116;100.5116;100.5116;14-Mar-2017
103191;Aditya Birla Sun Life Low Duration Fund -INSTITUTIONAL - DAILY IDCW;;INF209K01KD0;100.3903;100.3903;100.3903;14-Mar-2017
103194;Aditya Birla Sun Life Low Duration Fund -Institutional - weekly  IDCW;;INF209K01KG3;100.4943;100.4943;100.4943;14-Mar-2017
113307;Aditya Birla Sun Life Low Duration Fund -Regular - DAILY IDCW;;INF209KA1LP6;100.5928;100.5928;100.5928;14-Mar-2017
103193;Aditya Birla Sun Life Low Duration Fund -REGULAR - WEEKLY IDCW;;INF209KA1LQ4;100.5074;100.5074;100.5074;14-Mar-2017

Axis Mutual Fund
128961;Axis Treasury Advantage Fund - Direct Plan - Bonus Option;INF846K01NQ5;;1836.6716;1836.6716;1836.6716;14-Mar-2017
120515;Axis Treasury Advantage Fund - Direct Plan - Daily IDCW;;INF846K01EQ4;1007.2893;1007.2893;1007.2893;14-Mar-2017
120513;Axis Treasury Advantage Fund - Direct Plan - Growth Option;INF846K01EN1;;1838.2587;1838.2587;1838.2587;14-Mar-2017
120516;Axis Treasury Advantage Fund - Direct Plan - Monthly IDCW;INF846K01EO9;INF846K01EP6;1007.7007;1007.7007;1007.7007;14-Mar-2017
120514;Axis Treasury Advantage Fund - Direct Plan - Weekly IDCW;INF846K01ER2;INF846K01ES0;1004.6037;1004.6037;1004.6037;14-Mar-2017
112215;Axis Treasury Advantage Fund - Regular Plan - Daily IDCW;;INF846K01545;1006.2334;1006.2334;1006.2334;14-Mar-2017
112214;Axis Treasury Advantage Fund - Regular Plan - Growth Option;INF846K01537;;1808.8919;1808.8919;1808.8919;14-Mar-2017
112217;Axis Treasury Advantage Fund - Regular Plan - Monthly IDCW;INF846K01578;INF846K01586;1007.4347;1007.4347;1007.4347;14-Mar-2017
112216;Axis Treasury Advantage Fund - Regular Plan - Weekly IDCW;INF846K01552;INF846K01560;1006.0042;1006.0042;1006.0042;14-Mar-2017
112720;Axis Treasury Advantage Fund - Retail Plan - Daily IDCW;;INF846K01487;1005.4758;1005.4758;1005.4758;14-Mar-2017
112717;Axis Treasury Advantage Fund - Retail Plan - Growth Option;INF846K01479;;1700.7649;1700.7649;1700.7649;14-Mar-2017
112718;Axis Treasury Advantage Fund - Retail Plan - Monthly IDCW;INF846K01511;INF846K01529;1007.2156;1007.2156;1007.2156;14-Mar-2017
112719;Axis Treasury Advantage Fund - Retail Plan - Weekly IDCW;INF846K01495;INF846K01503;1004.6028;1004.6028;1004.6028;14-Mar-2017

Bandhan Mutual Fund
108633;BANDHAN Low Duration Fund - Regular Plan - Daily IDCW;INF194K01FW4;INF194K01FV6;10.0712;10.0712;10.0712;14-Mar-2017
108632;BANDHAN Low Duration Fund - Regular Plan - Growth;INF194K01FU8;;22.9111;22.9111;22.9111;14-Mar-2017
108635;BANDHAN Low Duration Fund - Regular Plan - Monthly IDCW;INF194K01FZ7;INF194K01FY0;10.1242;10.1242;10.1242;14-Mar-2017
116020;BANDHAN Low Duration Fund - Regular Plan - Periodic IDCW;INF194K01I29;INF194K01I37;12.3709;12.3709;12.3709;14-Mar-2017
116413;BANDHAN Low Duration Fund - Regular Plan - Quarterly IDCW;INF194K01UR3;INF194K01US1;10.7234;10.7234;10.7234;14-Mar-2017
108634;BANDHAN Low Duration Fund - Regular Plan - Weekly IDCW;INF194K01GC4;INF194K01GB6;10.1010;10.1010;10.1010;14-Mar-2017
118368;BANDHAN Low Duration Fund-Direct Plan-Daily IDCW;;INF194K01J85;10.1111;10.1111;10.1111;14-Mar-2017
118371;BANDHAN Low Duration Fund-Direct Plan-Growth;INF194K01J77;;23.0326;23.0326;23.0326;14-Mar-2017
118372;BANDHAN Low Duration Fund-Direct Plan-Monthly IDCW;INF194K01K17;INF194K01K09;10.1382;10.1382;10.1382;14-Mar-2017
118370;BANDHAN Low Duration Fund-Direct Plan-Periodic IDCW;INF194K01K82;INF194K01K90;12.4017;12.4017;12.4017;14-Mar-2017
118369;BANDHAN Low Duration Fund-Direct Plan-Quarterly IDCW;INF194K01K58;INF194K01K66;10.6355;10.6355;10.6355;14-Mar-2017
118373;BANDHAN Low Duration Fund-Direct Plan-Weekly IDCW;;INF194K01K33;10.0795;10.0795;10.0795;14-Mar-2017

Baroda BNP Paribas Mutual Fund
125137;Baroda Pioneer Treasury Advantage Fund - Plan B (Direct) - Bonus Option;INF955L01EA5;;1912.0797;1912.0797;1912.0797;14-Mar-2017
125136;Baroda Treasury Advantage Fund - Plan A - Bonus Option;INF955L01DZ4;;1872.1839;1872.1839;1872.1839;14-Mar-2017
119309;Baroda Treasury Advantage Fund - Plan B (Direct) - Daily IDCW Option;INF955L01BE3;;1008.8997;1008.8997;1008.8997;14-Mar-2017
119410;Baroda Treasury Advantage Fund - Plan B (Direct) - Growth Option;INF955L01BF0;;1912.1495;1912.1495;1912.1495;14-Mar-2017
119411;Baroda Treasury Advantage Fund - Plan B (Direct) - Monthly IDCW Option;INF955L01BG8;;1007.2172;1007.2172;1007.2172;14-Mar-2017
119439;Baroda Treasury Advantage Fund - Plan B (Direct) - Quarterly IDCW Option;INF955L01BK0;;1043.0791;1043.0791;1043.0791;14-Mar-2017
119409;Baroda Treasury Advantage Fund - Plan B (Direct) - Weekly IDCW Option;INF955L01BI4;;1004.4541;1004.4541;1004.4541;14-Mar-2017
112032;Baroda Treasury Advantage Fund- Plan A- Daily IDCW Option;INF955L01294;INF955L01302;1029.0063;1029.0063;1029.0063;14-Mar-2017
112029;Baroda Treasury Advantage Fund- Plan A- Growth Option;INF955L01310;;1885.8456;1885.8456;1885.8456;14-Mar-2017
112035;Baroda Treasury Advantage Fund- Plan A- Monthly IDCW Option;INF955L01344;INF955L01351;1007.0515;1007.0515;1007.0515;14-Mar-2017
112034;Baroda Treasury Advantage Fund- Plan A- Quarterly IDCW Option;INF955L01BM6;;1038.2301;1038.2301;1038.2301;14-Mar-2017
112033;Baroda Treasury Advantage Fund- Plan A- Weekly IDCW Option;INF955L01328;INF955L01336;1020.7831;1020.7831;1020.7831;14-Mar-2017
112025;Baroda Treasury Advantage Fund- Regular Plan - Daily IDCW Option;INF955L01369;INF955L01377;1004.5707;1004.5707;1004.5707;14-Mar-2017
112031;Baroda Treasury Advantage Fund- Regular Plan - Growth Option;INF955L01385;;1839.1152;1839.1152;1839.1152;14-Mar-2017
112027;Baroda Treasury Advantage Fund- Regular Plan - Monthly IDCW Option;INF955L01393;INF955L01401;1007.0517;1007.0517;1007.0517;14-Mar-2017
112026;Baroda Treasury Advantage Fund- Regular Plan - Weekly IDCW Option;INF955L01419;INF955L01427;1004.4687;1004.4687;1004.4687;14-Mar-2017

BNP Paribas Mutual Fund
120007;BNP Paribas LOW DURATION Fund - Direct Plan - Daily Income Distribution cum Capital Withdrawal Option;;INF251K01GK5;10.0835;10.0835;10.0835;14-Mar-2017
120008;BNP Paribas LOW DURATION Fund - Direct Plan - Growth Option;INF251K01GJ7;;25.0874;25.0874;25.0874;14-Mar-2017
120009;BNP Paribas LOW DURATION Fund - Direct Plan - Monthly Income Distribution cum Capital Withdrawal Option;INF251K01GN9;INF251K01GO7;10.0000;10.0000;10.0000;14-Mar-2017
120010;BNP Paribas LOW DURATION Fund - Direct Plan - Weekly Income Distribution cum Capital Withdrawal Option;INF251K01GL3;INF251K01GM1;10.0162;10.0162;10.0162;14-Mar-2017
117944;BNP PARIBAS LOW DURATION FUND DAILY Income Distribution cum Capital Withdrawal OPTION;;INF251K01DR7;10.0604;10.0604;10.0604;14-Mar-2017
117945;BNP PARIBAS LOW DURATION FUND GROWTH OPTION;INF251K01DQ9;;24.3802;24.3802;24.3802;14-Mar-2017
117947;BNP PARIBAS LOW DURATION FUND MONTHLY Income Distribution cum Capital Withdrawal OPTION;INF251K01DU1;INF251K01DV9;10.0319;10.0319;10.0319;14-Mar-2017
117946;BNP PARIBAS LOW DURATION FUND WEEKLY Income Distribution cum Capital Withdrawal OPTION;INF251K01DS5;INF251K01DT3;10.0155;10.0155;10.0155;14-Mar-2017
113483;BNP PARIBAS LOW DURATION Fund-Regular Plan- Daily Income Distribution cum Capital Withdrawal Option (Compulsory Reinvestment);;INF251K01DM8;10.0499;10.0499;10.0499;14-Mar-2017
113476;BNP PARIBAS LOW DURATION Fund-Regular Plan-Growth Option;INF251K01DL0;;23.7830;23.7830;23.7830;14-Mar-2017
113478;BNP PARIBAS LOW DURATION Fund-Regular Plan-Monthly Income Distribution cum Capital Withdrawal Option;INF251K01DO4;INF251K01DP1;10.0308;10.0308;10.0308;14-Mar-2017
113477;BNP PARIBAS LOW DURATION Fund-Regular Plan-Weekly Income Distribution cum Capital Withdrawal Option;;INF251K01DN6;10.0152;10.0152;10.0152;14-Mar-2017

Canara Robeco Mutual Fund
118293;CANARA ROBECO SAVINGS FUND - DIRECT PLAN - DAILY IDCW (Reinvestment);;INF760K01EM6;10.2600;10.2600;10.2600;14-Mar-2017
118291;CANARA ROBECO SAVINGS FUND - DIRECT PLAN - GROWTH OPTION;INF760K01ET1;;25.5583;25.5583;25.5583;14-Mar-2017
118292;CANARA ROBECO SAVINGS FUND - DIRECT PLAN - IDCW (Payout/Reinvestment);INF760K01EP9;INF760K01EQ7;22.9003;22.9003;22.9003;14-Mar-2017
118295;CANARA ROBECO SAVINGS FUND - DIRECT PLAN - MONTHLY IDCW (Payout/Reinvestment);INF760K01EN4;INF760K01EO2;10.2921;10.2921;10.2921;14-Mar-2017
118294;CANARA ROBECO SAVINGS FUND - DIRECT PLAN - WEEKLY IDCW (Payout/Reinvestment);INF760K01ER5;INF760K01ES3;10.2670;10.2670;10.2670;14-Mar-2017
104559;CANARA ROBECO SAVINGS FUND - REGULAR PLAN - DAILY IDCW (Reinvestment);;INF760K01803;10.2600;10.2600;10.2600;14-Mar-2017
102913;CANARA ROBECO SAVINGS FUND - REGULAR PLAN - GROWTH OPTION;INF760K01795;;25.3880;25.3880;25.3880;14-Mar-2017
102914;CANARA ROBECO SAVINGS FUND - REGULAR PLAN - IDCW (Payout/Reinvestment);INF760K01779;INF760K01787;22.7407;22.7407;22.7407;14-Mar-2017
113144;CANARA ROBECO SAVINGS FUND - REGULAR PLAN - MONTHLY IDCW (Payout/Reinvestment);INF760K01AM4;INF760K01AN2;10.2911;10.2911;10.2911;14-Mar-2017
102915;CANARA ROBECO SAVINGS FUND - REGULAR PLAN - WEEKLY IDCW (Payout/Reinvestment);INF760K01CB3;INF760K01811;10.2666;10.2666;10.2666;14-Mar-2017

DSP Mutual Fund
133925;DSP Low Duration Fund - Direct Plan - Growth;INF740K013Q1;;11.8570;11.8570;11.8570;14-Mar-2017
133922;DSP Low Duration Fund - Direct Plan - IDCW - Daily;;INF740KA1OL5;10.0709;10.0709;10.0709;14-Mar-2017
133928;DSP Low Duration Fund - Direct Plan - IDCW - Monthly;INF740K014Q9;INF740K015Q6;11.3123;11.3123;11.3123;14-Mar-2017
133924;DSP Low Duration Fund - Direct Plan - IDCW - Quarterly;INF740K016Q4;INF740K017Q2;10.2307;10.2307;10.2307;14-Mar-2017
133923;DSP Low Duration Fund - Direct Plan - IDCW - Weekly;INF740KA1OM3;INF740KA1ON1;10.0670;10.0670;10.0670;14-Mar-2017
133926;DSP Low Duration Fund - Regular Plan - Growth;INF740K018P2;;11.7743;11.7743;11.7743;14-Mar-2017
133919;DSP Low Duration Fund - Regular Plan - IDCW - Daily;;INF740KA1OO9;10.0835;10.0835;10.0835;14-Mar-2017
133920;DSP Low Duration Fund - Regular Plan - IDCW - Monthly;INF740K019P0;INF740K010Q7;10.2295;10.2295;10.2295;14-Mar-2017
133921;DSP Low Duration Fund - Regular Plan - IDCW - Quarterly;INF740K011Q5;INF740K012Q3;10.2196;10.2196;10.2196;14-Mar-2017
133927;DSP Low Duration Fund - Regular Plan - IDCW - Weekly;INF740KA1OP6;INF740KA1OQ4;10.0677;10.0677;10.0677;14-Mar-2017

Edelweiss Mutual Fund
140222;Edelweiss Low Duration Fund - Direct Plan - Daily Dividend Option;;;10.0825;10.0825;10.0825;14-Mar-2017
140220;Edelweiss Low Duration Fund - Direct Plan - Growth Option;;;19.3986;19.3986;19.3986;14-Mar-2017
140219;Edelweiss Low Duration Fund - Direct Plan - Weekly Dividend Option;;;10.0879;10.0879;10.0879;14-Mar-2017
140208;Edelweiss Low Duration Fund - Regular Plan - Daily Dividend Option;;;10.0089;10.0089;10.0089;14-Mar-2017
140214;Edelweiss Low Duration Fund - Regular Plan - Dividend Option;;;13.0654;13.0654;13.0654;14-Mar-2017
140207;Edelweiss Low Duration Fund - Regular Plan - Growth Option;;;19.3188;19.3188;19.3188;14-Mar-2017
140206;Edelweiss Low Duration Fund - Regular Plan - Monthly Dividend Option;;;10.0688;10.0688;10.0688;14-Mar-2017
140209;Edelweiss Low Duration Fund - Regular Plan - Weekly Dividend Option;;;10.0735;10.0735;10.0735;14-Mar-2017
140200;Edelweiss Low Duration Fund - Retail Plan - Daily Dividend Option;;;10.0353;10.0353;10.0353;14-Mar-2017
140201;Edelweiss Low Duration Fund - Retail Plan - Growth Option;;;17.2717;17.2717;17.2717;14-Mar-2017
140204;Edelweiss Low Duration Fund - Retail Plan - Monthly Dividend Option;;;10.0588;10.0588;10.0588;14-Mar-2017
140202;Edelweiss Low Duration Fund - Retail Plan - Weekly Dividend Option;;;10.0809;10.0809;10.0809;14-Mar-2017

Franklin Templeton Mutual Fund
118530;Franklin India Low Duration Fund - Direct - Growth;INF090I01HG7;;18.6022;18.5092;18.6022;14-Mar-2017
118528;Franklin India Low Duration Fund - Direct - Monthly - IDCW;INF090I01HC6;INF090I01HD4;10.7538;10.7000;10.7538;14-Mar-2017
118529;Franklin India Low Duration Fund - Direct - Quarterly - IDCW;INF090I01HE2;INF090I01HF9;10.6449;10.5917;10.6449;14-Mar-2017
113135;Franklin India Low Duration Fund - Growth Plan;INF090I01BU1;;18.3742;18.2823;18.3742;14-Mar-2017
100503;Franklin India Low Duration Fund - Monthly - IDCW;INF090I01BQ9;INF090I01BR7;10.5909;10.5379;10.5909;14-Mar-2017
100504;Franklin India Low Duration Fund - Quarterly - IDCW;INF090I01BS5;INF090I01BT3;10.4804;10.4280;10.4804;14-Mar-2017

HDFC Mutual Fund
105548;HDFC Low Duration  Fund - Daily IDCW;;INF179K01434;10.1387;10.1387;10.1387;14-Mar-2017
118945;HDFC Low Duration  Fund - Direct Plan - Daily IDCW;;;10.0629;10.0629;10.0629;14-Mar-2017
118942;HDFC Low Duration  Fund - Direct Plan - Growth;INF179K01VF7;;35.2306;35.2306;35.2306;14-Mar-2017
118943;HDFC Low Duration  Fund - Direct Plan - Monthly IDCW;INF179K01VG5;INF179K01VH3;10.1520;10.1520;10.1520;14-Mar-2017
118944;HDFC Low Duration  Fund - Direct Plan - Weekly IDCW;;;10.1849;10.1849;10.1849;14-Mar-2017
102452;HDFC Low Duration  Fund - Growth;INF179K01442;;34.1796;34.1796;34.1796;14-Mar-2017
105543;HDFC Low Duration  Fund - Monthly IDCW;INF179K01459;INF179K01467;10.1465;10.1465;10.1465;14-Mar-2017
102453;HDFC Low Duration  Fund - Weekly IDCW;INF179K01475;INF179K01483;10.1539;10.1539;10.1539;14-Mar-2017
105547;HDFC Low Duration Fund- Wholesale Daily Dividend;;INF179K01541;10.1547;10.1547;10.1547;14-Mar-2017
105546;HDFC Low Duration Fund- Wholesale Monthly Dividend;INF179K01509;INF179K01517;10.1692;10.1692;10.1692;14-Mar-2017
105545;HDFC Low Duration Fund- Wholesale Weekly Dividend;INF179K01525;;10.1568;10.1568;10.1568;14-Mar-2017
105544;HDFC Low Duration Fund- Wholesale- Growth;INF179K01491;;35.8619;35.8619;35.8619;14-Mar-2017

HSBC Mutual Fund
104344;HSBC Low Duration Fund  - Growth;INF336L01AH1;;14.3046;14.3046;14.3046;14-Mar-2017
104350;HSBC Low Duration Fund  - Regular - Growth;INF336L01AP4;;20.7868;20.7868;20.7868;14-Mar-2017
104342;HSBC Low Duration Fund - Daily IDCW;;INF336L01AO7;10.0021;10.0021;10.0021;14-Mar-2017
120066;HSBC Low Duration Fund - Direct Growth;INF336L01EG5;;14.7165;14.7165;14.7165;14-Mar-2017
120065;HSBC Low Duration Fund - Direct Monthly IDCW;;INF336L01EF7;10.084;10.084;10.084;14-Mar-2017
104349;HSBC Low Duration Fund - Inst.Plus - Daily IDCW;;INF336L01AS8;16.091;16.091;16.091;14-Mar-2017
104352;HSBC Low Duration Fund - Regular Monthly IDCW;;INF336L01AL3;10.0537;10.0537;10.0537;14-Mar-2017
104343;HSBC Low Duration Fund - Weekly IDCW;;INF336L01AQ2;10.0047;10.0047;10.0047;14-Mar-2017

ICICI Prudential Mutual Fund
130900;ICICI Prudential Savings Fund - Bonus;INF109KA1I92;;123.5509;123.5509;123.5509;14-Mar-2017
101618;ICICI Prudential Savings Fund - Daily IDCW;INF109K01738;;105.7358;105.7358;105.7358;14-Mar-2017
120397;ICICI Prudential Savings Fund - Direct Plan - Daily IDCW;;INF109K01O66;105.7358;105.7358;105.7358;14-Mar-2017
122904;ICICI Prudential Savings Fund - Direct Plan - Fortnightly IDCW;INF109K016Y3;INF109K015Y5;101.5339;101.5339;101.5339;14-Mar-2017
120398;ICICI Prudential Savings Fund - Direct Plan - Growth;INF109K01O82;;310.8947;310.8947;310.8947;14-Mar-2017
120399;ICICI Prudential Savings Fund - Direct Plan - IDCW Others;INF109K01O90;INF109K01O74;124.4215;124.4215;124.4215;14-Mar-2017
122651;ICICI Prudential Savings Fund - Direct Plan - Monthly IDCW;INF109K018Y9;INF109K017Y1;101.1618;101.1618;101.1618;14-Mar-2017
122982;ICICI Prudential Savings Fund - Direct Plan - Quarterly IDCW;INF109K010Z3;INF109K019Y7;104.4814;104.4814;104.4814;14-Mar-2017
120396;ICICI Prudential Savings Fund - Direct Plan - Weekly IDCW;INF109K01P08;INF109K01P16;105.4920;105.4920;105.4920;14-Mar-2017
130952;ICICI Prudential Savings Fund - Direct Plan Bonus;INF109KA1I01;;123.8402;123.8402;123.8402;14-Mar-2017
122748;ICICI Prudential Savings Fund - Fortnightly IDCW;INF109K012Z9;INF109K011Z1;101.0649;101.0649;101.0649;14-Mar-2017
101619;ICICI Prudential Savings Fund - Growth;INF109K01746;;309.6848;309.6848;309.6848;14-Mar-2017
115511;ICICI Prudential Savings Fund - IDCW Others;INF109K01WO4;INF109K01WN6;123.7414;123.7414;123.7414;14-Mar-2017
122531;ICICI Prudential Savings Fund - Monthly IDCW;INF109K014Z5;INF109K013Z7;101.3738;101.3738;101.3738;14-Mar-2017
122995;ICICI Prudential Savings Fund - Quarterly IDCW;INF109K016Z0;INF109K015Z2;104.3483;104.3483;104.3483;14-Mar-2017
101617;ICICI Prudential Savings Fund - Weekly IDCW;INF109K01JO1;INF109K01753;105.4425;105.4425;105.4425;14-Mar-2017
111795;ICICI Prudential Savings Fund Retail Daily Dividend;INF109K01EI4;INF109K01BW1;100.3607;100.3607;100.3607;14-Mar-2017
111794;ICICI Prudential Savings Fund Retail Growth;INF109K01BX9;;179.4732;179.4732;179.4732;14-Mar-2017
111793;ICICI Prudential Savings Fund Retail Weekly Dividend;INF109K01EJ2;INF109K01BY7;100.9450;100.9450;100.9450;14-Mar-2017

Invesco Mutual Fund
105025;Invesco India Low Duration Fund - Daily IDCW (Reinvestment);;INF205K01HZ7;1001.7200;1001.7200;1001.7200;14-Mar-2017
120567;Invesco India Low Duration Fund - Direct Plan - Discretionary IDCW (Payout / Reinvestment);INF205K01NW2;INF205K01NX0;1543.2860;1543.2860;1543.2860;14-Mar-2017
120570;Invesco India Low Duration Fund - Direct Plan - Growth;INF205K01NY8;;2277.7124;2277.7124;2277.7124;14-Mar-2017
120571;Invesco India Low Duration Fund - Direct Plan - Monthly IDCW (Payout / Reinvestment);INF205K01NZ5;INF205K01OA6;1064.8060;1064.8060;1064.8060;14-Mar-2017
120568;Invesco India Low Duration Fund - Direct Plan - Weekly IDCW (Payout / Reinvestment);INF205K01OB4;INF205K01OC2;1206.6271;1206.6271;1206.6271;14-Mar-2017
120566;Invesco India Low Duration Fund - Direct Plan -Daily IDCW (Reinvestment);;INF205K01NV4;1018.9655;1018.9655;1018.9655;14-Mar-2017
115458;Invesco India Low Duration Fund - Discretionary IDCW (Payout / Reinvestment);INF205K01IG5;INF205K01IF7;1432.1139;1432.1139;1432.1139;14-Mar-2017
104726;Invesco India Low Duration Fund - Growth;INF205K01HY0;;2243.7921;2243.7921;2243.7921;14-Mar-2017
104729;Invesco India Low Duration Fund - Monthly IDCW (Payout / Reinvestment);INF205K01ID2;INF205K01IC4;1032.8272;1032.8272;1032.8272;14-Mar-2017
104728;Invesco India Low Duration Fund - Regular - Growth;INF205K01HT0;;2098.4824;2098.4824;2098.4824;14-Mar-2017
104723;Invesco India Low Duration Fund - Regular - Monthly IDCW (Reinvestment);;INF205K01HW4;1072.0470;1072.0470;1072.0470;14-Mar-2017
104722;Invesco India Low Duration Fund - Regular - Weekly IDCW (Reinvestment);;INF205K01HV6;1129.3153;1129.3153;1129.3153;14-Mar-2017
105024;Invesco India Low Duration Fund - Regular Daily IDCW (Reinvestment);;INF205K01HU8;1159.1777;1159.1777;1159.1777;14-Mar-2017
104725;Invesco India Low Duration Fund - Weekly IDCW (Payout / Reinvestment);INF205K01IB6;INF205K01IA8;1027.0204;1027.0204;1027.0204;14-Mar-2017
130794;Invesco India Treasury Advantage Fund - Annual Bonus;INF205K01P35;;2243.7949;2243.7949;2243.7949;14-Mar-2017
104727;Invesco India Treasury Advantage Fund - Bonus;INF205K01IE0;;1246.5564;1246.5564;1246.5564;14-Mar-2017
120569;Invesco India Treasury Advantage Fund - Direct Plan - Bonus;INF205K01NU6;;1265.4023;1265.4023;1265.4023;14-Mar-2017
104724;Invesco India Ultra Short Term Fund - Regular - Bonus;INF205K01HX2;;2023.7074;2023.7074;2023.7074;14-Mar-2017

Kotak Mahindra Mutual Fund
133807;Kotak Low Duration - Regular Plan-Weekly Reinvestment of Income Distribution cum capital withdrawal option;INF178L01236;;1014.7774;1014.7774;1014.7774;14-Mar-2017
133812;Kotak Low Duration Fund - Direct Plan- Standard Income Distribution cum capital withdrawal option;INF178L01AZ9;INF178L01AY2;1038.4155;1038.4155;1038.4155;14-Mar-2017
135498;Kotak Low Duration Fund - Regular Plan - Normal Dividend;INF174K01Y64;;1029.8613;1029.8613;1029.8613;14-Mar-2017
133810;Kotak Low Duration Fund- Direct Plan- Growth Option;INF178L01AX4;;2020.5468;2020.5468;2020.5468;14-Mar-2017
133811;Kotak Low Duration Fund- Direct Plan- Weekly Reinvestment of Income Distribution cum capital withdrawal option;INF178L01BA0;;1199.4486;1199.4486;1199.4486;14-Mar-2017
133805;Kotak Low Duration Fund- Regular Plan-Growth Option;INF178L01202;;1973.3692;1973.3692;1973.3692;14-Mar-2017
133809;Kotak Low Duration Fund- Regular Plan-Standard Income Distribution cum capital withdrawal option;INF178L01210;INF178L01228;1022.7766;1022.7766;1022.7766;14-Mar-2017

L&T Mutual Fund
134422;L&T Low Duration Fund - Regular Plan - Annual IDCW;INF917K01VX3;INF917K01VW5;10.8472;10.7387;10.8472;14-Mar-2017
119809;L&T Low Duration Fund-Direct Plan-Growth;INF917K01GM7;;17.4934;17.3185;17.4934;14-Mar-2017
119808;L&T Low Duration Fund-Direct Plan-IDCW;INF917K01GK1;;11.0557;10.9451;11.0557;14-Mar-2017
118133;L&T Low Duration Fund-Regular Plan - Growth;INF677K01452;;17.2955;17.1225;17.2955;14-Mar-2017
118134;L&T Low Duration Fund-Regular Plan - IDCW;INF677K01460;INF677K01478;10.815;10.7069;10.815;14-Mar-2017

LIC Mutual Fund
120316;LIC MF Low Duration Fund-Direct Plan-Daily IDCW;INF767K01FL0;INF767K01FN6;10.1000;10.1000;10.1000;14-Mar-2017
120315;LIC MF Low Duration Fund-Direct Plan-Growth;INF767K01FM8;;25.6457;25.6457;25.6457;14-Mar-2017
120317;LIC MF Low Duration Fund-Direct Plan-Monthly IDCW;INF767K01FP1;INF767K01FO4;13.4325;13.4325;13.4325;14-Mar-2017
120318;LIC MF Low Duration Fund-Direct Plan-Weekly IDCW;INF767K01JJ6;INF767K01JK4;10.5544;10.5544;10.5544;14-Mar-2017
111676;LIC MF Low Duration Fund-Regular Plan-Daily IDCW;INF767K01AK3;INF767K01AL1;10.1611;10.1611;10.1611;14-Mar-2017
101830;LIC MF Low Duration Fund-Regular Plan-Growth;INF767K01AO5;;24.8228;24.8228;24.8228;14-Mar-2017
101829;LIC MF Low Duration Fund-Regular Plan-Monthly IDCW;INF767K01AM9;INF767K01AN7;10.1866;10.1866;10.1866;14-Mar-2017
111675;LIC MF Low Duration Fund-Regular Plan-Weekly IDCW;INF767K01AP2;INF767K01AQ0;10.1000;10.1000;10.1000;14-Mar-2017

Mahindra Manulife Mutual Fund
140617;Mahindra Manulife Low Duration Fund - Direct Plan - Daily IDCW;;INF174V01275;1004.6915;1004.6915;1004.6915;14-Mar-2017
140619;Mahindra Manulife Low Duration Fund - Direct Plan - Monthly IDCW;INF174V01309;INF174V01291;1005.7471;1005.7471;1005.7471;14-Mar-2017
140618;Mahindra Manulife Low Duration Fund - Direct Plan - Weekly IDCW;;INF174V01283;1005.7077;1005.7077;1005.7077;14-Mar-2017
140613;Mahindra Manulife Low Duration Fund - Direct Plan -Growth;INF174V01267;;1005.7453;1005.7453;1005.7453;14-Mar-2017
140614;Mahindra Manulife Low Duration Fund - Regular Plan - Daily IDCW;;INF174V01226;1004.3225;1004.3225;1004.3225;14-Mar-2017
140620;Mahindra Manulife Low Duration Fund - Regular Plan - Growth;INF174V01218;;1005.2416;1005.2416;1005.2416;14-Mar-2017
140616;Mahindra Manulife Low Duration Fund - Regular Plan - Monthly IDCW;INF174V01259;INF174V01242;1005.2395;1005.2395;1005.2395;14-Mar-2017
140615;Mahindra Manulife Low Duration Fund - Regular Plan - Weekly IDCW;;INF174V01234;1005.2432;1005.2432;1005.2432;14-Mar-2017

Mirae Asset Mutual Fund
118843;Mirae Asset Low Duration Fund - Direct Plan - Daily IDCW;;INF769K01BR2;1222.1922;1222.1922;1222.1922;14-Mar-2017
118840;Mirae Asset Low Duration Fund - Direct Plan - Growth;INF769K01BO9;;1454.6643;1454.6643;1454.6643;14-Mar-2017
118841;Mirae Asset Low Duration Fund - Direct Plan - Monthly IDCW;INF769K01BP6;INF769K01BT8;1122.8910;1122.8910;1122.8910;14-Mar-2017
118842;Mirae Asset Low Duration Fund - Direct Plan - Quarterly IDCW;INF769K01BQ4;INF769K01BU6;1074.0592;1074.0592;1074.0592;14-Mar-2017
118844;Mirae Asset Low Duration Fund - Direct Plan - Weekly IDCW;;INF769K01BS0;1408.8243;1408.8243;1408.8243;14-Mar-2017
107700;Mirae Asset Low Duration Fund - Regular Plan - Daily IDCW;;INF769K01986;1016.4477;1016.4477;1016.4477;14-Mar-2017
107705;Mirae Asset Low Duration Fund - Regular Plan - Growth;INF769K01937;;1409.3588;1409.3588;1409.3588;14-Mar-2017
107704;Mirae Asset Low Duration Fund - Regular Plan - Monthly IDCW;INF769K01960;INF769K01AA0;1094.7567;1094.7567;1094.7567;14-Mar-2017
107702;Mirae Asset Low Duration Fund - Regular Plan - Quarterly IDCW;INF769K01978;INF769K01AB8;1049.3956;1049.3956;1049.3956;14-Mar-2017
107701;Mirae Asset Low Duration Fund - Regular Plan - Weekly IDCW;;INF769K01994;1114.7692;1114.7692;1114.7692;14-Mar-2017
107698;Mirae Asset Savings Fund-Regular Plan- Daily Dividend;;INF769K01895;1593.1469;1593.1469;1593.1469;14-Mar-2017
107695;Mirae Asset Savings Fund-Regular Plan- Growth;INF769K01846;;1671.1336;1671.1336;1671.1336;14-Mar-2017
107697;Mirae Asset Savings Fund-Regular Plan- Monthly Dividend;INF769K01879;INF769K01911;1596.6930;1596.6930;1596.6930;14-Mar-2017
107696;Mirae Asset Savings Fund-Regular Plan- Weekly Dividend;;INF769K01903;1593.2233;1593.2233;1593.2233;14-Mar-2017

Nippon India Mutual Fund
111747;NIPPON INDIA LOW DURATION FUND - DAILY IDCW Option;;INF204K01EX2;1007.5000;1007.5000;1007.5000;14-Mar-2017
118703;NIPPON INDIA LOW DURATION FUND - DIRECT Plan - DAILY IDCW Option;;INF204K01ZV1;1007.5000;1007.5000;1007.5000;14-Mar-2017
125264;NIPPON INDIA LOW DURATION FUND - DIRECT Plan - IDCW Option;INF204KA1EK7;INF204KA1EL5;1235.2060;1235.2060;1235.2060;14-Mar-2017
118704;NIPPON INDIA LOW DURATION FUND - DIRECT Plan - MONTHLY IDCW Option;INF204K01ZX7;INF204K01ZY5;1014.4345;1014.4345;1014.4345;14-Mar-2017
118705;NIPPON INDIA LOW DURATION FUND - DIRECT Plan - QUARTERLY IDCW Option;INF204K01ZZ2;INF204K01A09;1024.1729;1024.1729;1024.1729;14-Mar-2017
118706;NIPPON INDIA LOW DURATION FUND - DIRECT Plan - WEEKLY IDCW Option;INF204K01A17;;1007.5000;1007.5000;1007.5000;14-Mar-2017
118702;Nippon India Low Duration Fund - Direct Plan Growth Plan - Bonus Option;INF204K01G03;;1316.3192;1316.3192;1316.3192;14-Mar-2017
118709;Nippon India Low Duration Fund - Direct Plan Growth Plan - Growth Option;INF204K01ZU3;;2266.0028;2266.0028;2266.0028;14-Mar-2017
125265;NIPPON INDIA LOW DURATION FUND - IDCW Option;INF204KA1EI1;INF204KA1EJ9;1224.4762;1224.4762;1224.4762;14-Mar-2017
111749;NIPPON INDIA LOW DURATION FUND - MONTHLY IDCW Option;INF204K01EZ7;INF204K01FA7;1011.0853;1011.0853;1011.0853;14-Mar-2017
111750;NIPPON INDIA LOW DURATION FUND - QUARTERLY IDCW Option;INF204K01FB5;INF204K01FC3;1023.3430;1023.3430;1023.3430;14-Mar-2017
111744;NIPPON INDIA LOW DURATION FUND - RETAIL Plan - DAILY IDCW Option;;INF204K01EP8;1007.5000;1007.5000;1007.5000;14-Mar-2017
111748;Nippon India Low Duration Fund - Retail Plan - Growth Plan - Growth Option;INF204K01EN3;;2161.0226;2161.0226;2161.0226;14-Mar-2017
111743;Nippon India Low Duration Fund - Retail Plan - Growth Plan -Bonus Option;INF204K01EO1;;1610.3025;1610.3025;1610.3025;14-Mar-2017
111751;NIPPON INDIA LOW DURATION FUND - RETAIL Plan - MONTHLY IDCW Option;INF204K01ER4;INF204K01ES2;1012.8387;1012.8387;1012.8387;14-Mar-2017
111752;NIPPON INDIA LOW DURATION FUND - RETAIL Plan - QUARTERLY IDCW Option;INF204K01ET0;INF204K01EU8;1039.1674;1039.1674;1039.1674;14-Mar-2017
111745;NIPPON INDIA LOW DURATION FUND - RETAIL Plan - WEEKLY IDCW Option;INF204K01OP7;INF204K01EQ6;1007.5000;1007.5000;1007.5000;14-Mar-2017
111754;NIPPON INDIA LOW DURATION FUND - WEEKLY IDCW Option;INF204K01OO0;INF204K01EY0;1007.5000;1007.5000;1007.5000;14-Mar-2017
111746;Nippon India Low Duration Fund -Growth Plan -Bonus Option;INF204K01EW4;;1296.2130;1296.2130;1296.2130;14-Mar-2017
111753;Nippon India Low Duration Fund- Growth Plan - Growth Option;INF204K01EV6;;2232.5204;2232.5204;2232.5204;14-Mar-2017

PGIM India Mutual Fund
138450;PGIM India Low Duration Fund  -  Annual  Bonus;INF663L01HD2;;13.1295;13.1295;13.1295;14-Mar-2017
138437;PGIM India Low Duration Fund - ANNUAL DIV;INF663L01HY8;INF663L01HZ5;11.3175;11.3175;11.3175;14-Mar-2017
138430;PGIM India Low Duration Fund - DAILY DIV;INF663L01HQ4;;10.0271;10.0271;10.0271;14-Mar-2017
138452;PGIM India Low Duration Fund - Direct Dividend;INF663L01HW2;INF663L01HX0;11.0133;11.0133;11.0133;14-Mar-2017
138449;PGIM India Low Duration Fund - Direct Plan -  Annual  Bonus;INF663L01JS6;;13.3725;13.3725;13.3725;14-Mar-2017
138444;PGIM India Low Duration Fund - Direct Plan - Annual Dividend;INF663L01HO9;;12.2593;12.2593;12.2593;14-Mar-2017
138441;PGIM India Low Duration Fund - Direct Plan - Daily Dividend;INF663L01HF7;;10.0271;10.0271;10.0271;14-Mar-2017
138442;PGIM India Low Duration Fund - Direct Plan - Fortnightly Dividend;INF663L01HM3;;10.1448;10.1448;10.1448;14-Mar-2017
138443;PGIM India Low Duration Fund - Direct Plan - Growth;INF663L01HE0;;22.6178;22.6178;22.6178;14-Mar-2017
138447;PGIM India Low Duration Fund - Direct Plan - Monthly Bonus;INF663L01JR8;;12.3216;12.3216;12.3216;14-Mar-2017
138439;PGIM India Low Duration Fund - Direct Plan - Monthly Dividend;INF663L01HK7;;11.203;11.203;11.203;14-Mar-2017
138446;PGIM India Low Duration Fund - Direct Plan - Weekly Dividend;INF663L01HG5;INF663L01HH3;10.2214;10.2214;10.2214;14-Mar-2017
138426;PGIM India Low Duration Fund - FORTNIGHTLY DIV;INF663L01HT8;INF663L01HU6;10.1472;10.1472;10.1472;14-Mar-2017
138423;PGIM India Low Duration Fund - GR;INF663L01HV4;;22.1027;22.1027;22.1027;14-Mar-2017
138448;PGIM India Low Duration Fund - Monthly Bonus Option;INF663L01JT4;;12.205;12.205;12.205;14-Mar-2017
138436;PGIM India Low Duration Fund - QUARTERLY DIV;INF663L01IC2;INF663L01ID0;10.3972;10.3972;10.3972;14-Mar-2017
138438;PGIM India Low Duration Fund DIV OPTION;INF663L01IA6;INF663L01IB4;10.7339;10.7339;10.7339;14-Mar-2017
138429;PGIM India Low Duration Fund INSTITUTIONAL - MONTHLY DIV;INF223J01986;;10.9858;10.9858;10.9858;14-Mar-2017
138427;PGIM India Low Duration Fund INSTITUTIONAL -GR;INF663L01JN7;;20.4399;20.4399;20.4399;14-Mar-2017
138431;PGIM India Low Duration Fund INSTITUTIONAL -Weekly;INF663L01JP2;;10.0804;10.0804;10.0804;14-Mar-2017
138432;PGIM India Low Duration Fund INSTITUTIONAL-Daily;INF663L01JO5;;10.0443;10.0443;10.0443;14-Mar-2017
138435;PGIM India Low Duration Fund- Bonus Option;INF663L01JQ0;;17.1015;17.1015;17.1015;14-Mar-2017
138424;PGIM India Low Duration Fund- MONTHLY DIV;INF663L01HR2;INF663L01HS0;11.3306;11.3306;11.3306;14-Mar-2017
138425;PGIM India Low Duration Fund- WEEKLY DIV;INF663L01IE8;INF663L01IF5;10.1081;10.1081;10.1081;14-Mar-2017

Principal Mutual Fund
119445;Principal Low Duration Fund - Direct Plan - Daily Income Distribution CUM Capital Withdrawal Option;;INF173K01FR8;1006.2278;1006.2278;1006.2278;14-Mar-2017
119448;Principal Low Duration Fund - Direct Plan - Growth Option;INF173K01FS6;;2645.3197;2645.3197;2645.3197;14-Mar-2017
119447;Principal Low Duration Fund - Direct Plan - Monthly Income Distribution CUM Capital Withdrawal Option;INF173K01FT4;INF173K01FU2;1146.1442;1146.1442;1146.1442;14-Mar-2017
119446;Principal Low Duration Fund - Direct Plan - Weekly Income Distribution CUM Capital Withdrawal Option;;INF173K01FW8;1005.5933;1005.5933;1005.5933;14-Mar-2017
102723;Principal Low Duration Fund - Weekly Income Distribution CUM Capital Withdrawal Option;;INF173K01DI2;1004.8805;1004.8805;1004.8805;14-Mar-2017
105461;Principal Low Duration Fund -Daily Income Distribution CUM Capital Withdrawal Option;;INF173K01DH4;1004.7821;1004.7821;1004.7821;14-Mar-2017
102722;Principal Low Duration Fund- Growth Option;INF173K01DG6;;2570.8070;2570.8070;2570.8070;14-Mar-2017
102724;Principal Low Duration Fund- Monthly Income Distribution CUM Capital Withdrawal Option;INF173K01DJ0;INF173K01DK8;1143.8552;1143.8552;1143.8552;14-Mar-2017

SBI Mutual Fund
119810;SBI Magnum Low Duration Fund - Direct Plan - Daily Income Distribution cum Capital Withdrawal Option (IDCW);;INF200K01VJ3;1005.8868;1005.8868;1005.8868;14-Mar-2017
119811;SBI Magnum Low Duration Fund - Direct Plan - Fortnightly Income Distribution cum Capital Withdrawal Option (IDCW);INF200K01VK1;INF200K01VL9;1028.3975;1028.3975;1028.3975;14-Mar-2017
119812;SBI MAGNUM LOW DURATION FUND - DIRECT PLAN - GROWTH;INF200K01VM7;;2100.0014;2100.0014;2100.0014;14-Mar-2017
119818;SBI Magnum Low Duration Fund - Direct Plan - Monthly Income Distribution cum Capital Withdrawal Option (IDCW);INF200K01VN5;INF200K01VO3;1083.3667;1083.3667;1083.3667;14-Mar-2017
119819;SBI Magnum Low Duration Fund - Direct Plan - Weekly Income Distribution cum Capital Withdrawal Option (IDCW);INF200K01VP0;INF200K01VQ8;1010.7849;1010.7849;1010.7849;14-Mar-2017
106213;SBI Magnum Low Duration Fund - Regular Plan - Daily Income Distribution cum Capital Withdrawal Option (IDCW);;INF200K01ML8;1005.8124;1005.8124;1005.8124;14-Mar-2017
106215;SBI Magnum Low Duration Fund - Regular Plan - Fornightly Income Distribution cum Capital Withdrawal Option (IDCW);INF200K01MM6;INF200K01MN4;1028.3975;1028.3975;1028.3975;14-Mar-2017
106212;SBI MAGNUM LOW DURATION FUND - REGULAR PLAN - GROWTH;INF200K01MO2;;2092.6152;2092.6152;2092.6152;14-Mar-2017
106216;SBI Magnum Low Duration Fund - Regular Plan - Monthly Income Distribution cum Capital Withdrawal Option (IDCW);INF200K01MP9;INF200K01MQ7;1079.8331;1079.8331;1079.8331;14-Mar-2017
106214;SBI Magnum Low Duration Fund - Regular Plan - Weekly Income Distribution cum Capital Withdrawal Option (IDCW);INF200K01MR5;INF200K01MS3;1010.7849;1010.7849;1010.7849;14-Mar-2017
106221;SBI Short Horizon Debt Fund - Ultra Short Term Fund - Institutional Plan - Daily Income Distribution cum Capital Withdrawal Option (IDCW);;INF200K01MD5;1005.4542;1005.4542;1005.4542;14-Mar-2017
106217;SBI Short Horizon Debt Fund - Ultra Short Term Fund - Institutional Plan - Growth;INF200K01MG8;;2129.1549;2129.1549;2129.1549;14-Mar-2017
106224;SBI Short Horizon Debt Fund - Ultra Short Term Fund - Institutional Plan - Monthly Income Distribution cum Capital Withdrawal Option (IDCW);INF200K01MH6;INF200K01MI4;N.A.;N.A.;N.A.;14-Mar-2017
106222;SBI Short Horizon Debt Fund - Ultra Short Term Fund- Institutional Plan - Weekly Income Distribution cum Capital Withdrawal Option (IDCW);INF200K01MJ2;INF200K01MK0;1005.2608;1005.2608;1005.2608;14-Mar-2017
106223;SBI Short Horizon Debt Fund -Ultra Short Term Fund - Institutional Plan - Fortnightly Income Distribution cum Capital Withdrawal Option (IDCW);INF200K01ME3;INF200K01MF0;N.A.;N.A.;N.A.;14-Mar-2017

Sundaram Mutual Fund
119679;Sundaram Low Duration Fund Direct Plan - Daily Reinvestment of Income Distribution cum Capital Withdrawal (IDCW);;INF903J01QY3;10.0439;10.0439;10.0439;14-Mar-2017
119681;Sundaram Low Duration Fund Direct Plan - Fortnightly Income Distribution cum Capital Withdrawal (IDCW);INF903J01QZ0;INF903J01RA1;11.5264;11.5264;11.5264;14-Mar-2017
119680;Sundaram Low Duration Fund Direct Plan - Growth;INF903J01RB9;;22.6060;22.6060;22.6060;14-Mar-2017
119682;Sundaram Low Duration Fund Direct Plan - Income Distribution cum Capital Withdrawal (IDCW);INF903J01RR5;INF903J01RG8;11.1587;11.1587;11.1587;14-Mar-2017
119677;Sundaram Low Duration Fund Direct Plan - Weekly Income Distribution cum Capital Withdrawal (IDCW);INF903J01RF0;;11.9225;11.9225;11.9225;14-Mar-2017
119683;Sundaram Low Duration Fund Direct Plan -Growth;INF903J01RQ7;;12.9140;12.9140;12.9140;14-Mar-2017
119678;Sundaram Low Duration Fund Direct Plan -Income Distribution cum Capital Withdrawal (IDCW);INF903J01RC7;INF903J01RD5;11.7933;11.7933;11.7933;14-Mar-2017
105554;Sundaram Low Duration Fund Institutional Plan - Daily Reinvestment of Income Distribution cum Capital Withdrawal (IDCW);;INF903J01RE3;10.0370;10.0370;10.0370;14-Mar-2017
105562;Sundaram Low Duration Fund Institutional Plan - Growth;INF903J01EG6;;21.2410;21.2410;21.2410;14-Mar-2017
105561;Sundaram Low Duration Fund Institutional Plan - Income Distribution cum Capital Withdrawal (IDCW);INF903J01EH4;INF903J01EL6;10.8962;10.8962;10.8962;14-Mar-2017
105565;Sundaram Low Duration Fund Regular Plan - Daily Reinvestment of Income Distribution cum Capital Withdrawal (IDCW);;INF903J01EP7;10.0370;10.0370;10.0370;14-Mar-2017
105557;Sundaram Low Duration Fund Regular Plan - Fortnightly Income Distribution cum Capital Withdrawal (IDCW);INF903J01JP6;INF903J01ER3;11.1271;11.1271;11.1271;14-Mar-2017
105563;Sundaram Low Duration Fund Regular Plan - Growth;INF903J01EN2;;22.1654;22.1654;22.1654;14-Mar-2017
105566;Sundaram Low Duration Fund Regular Plan - Income Distribution cum Capital Withdrawal (IDCW);INF903J01EO0;INF903J01ES1;10.9982;10.9982;10.9982;14-Mar-2017
105556;Sundaram Low Duration Fund Regular Plan - Weekly Income Distribution cum Capital Withdrawal (IDCW);INF903J01JO9;INF903J01EQ5;11.8479;11.8479;11.8479;14-Mar-2017
118329;Sundaram Low Duration Fund Regular Plan -Growth;INF903J01MG9;;12.6890;12.6890;12.6890;14-Mar-2017
105558;Sundaram Low Duration Fund Regular Plan -Income Distribution cum Capital Withdrawal (IDCW);INF903J01JQ4;INF903J01ET9;11.6632;11.6632;11.6632;14-Mar-2017
105553;Sundaram Low Duration Fund Retail Plan - Daily Reinvestment of Income Distribution cum Capital Withdrawal (IDCW);;INF903J01EB7;10.0370;10.0370;10.0370;14-Mar-2017
105550;Sundaram Low Duration Fund Retail Plan - Fortnightly Income Distribution cum Capital Withdrawal (IDCW);INF903J01JJ9;INF903J01ED3;11.0206;11.0206;11.0206;14-Mar-2017
105564;Sundaram Low Duration Fund Retail Plan - Growth;INF903J01DZ8;;20.0921;20.0921;20.0921;14-Mar-2017
105551;Sundaram Low Duration Fund Retail Plan - Income Distribution cum Capital Withdrawal (IDCW);INF903J01EA9;INF903J01EE1;10.8176;10.8176;10.8176;14-Mar-2017
105549;Sundaram Low Duration Fund Retail Plan - Weekly Income Distribution cum Capital Withdrawal (IDCW);INF903J01JI1;INF903J01EC5;11.6875;11.6875;11.6875;14-Mar-2017
105552;Sundaram Low Duration Fund Retail Plan -Income Distribution cum Capital Withdrawal (IDCW);INF903J01JK7;INF903J01EF8;11.3352;11.3352;11.3352;14-Mar-2017

Tata Mutual Fund
119863;Tata Treasury Advantage Fund - Direct Plan - Growth Option;INF277K01OK4;;2470.5868;2470.5868;2470.5868;14-Mar-2017
103159;Tata Treasury Advantage Fund - Regular Plan - Growth Option;INF277K01MA9;;2454.4675;2454.4675;2454.4675;14-Mar-2017
119864;Tata Treasury Advantage Fund Direct Plan - Daily Reinvestment of IDCW Option;;INF277K018B3;1003.5316;1003.5316;1003.5316;14-Mar-2017
119957;Tata Treasury Advantage Fund Direct Plan - Periodic Payout of IDCW Option;INF277K01OL2;INF277K01OM0;1567.2132;1567.2132;1567.2132;14-Mar-2017
119865;Tata Treasury Advantage Fund Direct Plan - Weekly Payout of IDCW Option;INF277K019B1;INF277K010C8;1008.0658;1008.0658;1008.0658;14-Mar-2017
103160;Tata Treasury Advantage Fund Regular Plan - Daily Reinvestment of IDCW Option;;INF277K01LZ8;1003.5288;1003.5288;1003.5288;14-Mar-2017
115464;Tata Treasury Advantage Fund Regular Plan - Periodic Payout of IDCW Option;INF277K01MC5;INF277K01ME1;1557.2817;1557.2817;1557.2817;14-Mar-2017
103158;Tata Treasury Advantage Fund Regular Plan - Weekly Payout of IDCW Option;INF277K01MD3;INF277K01MB7;1008.0658;1008.0658;1008.0658;14-Mar-2017

UTI Mutual Fund
120738;UTI Low Duration Fund - Direct Plan - Bonus Option;INF789F01XH5;;1873.1842;1873.1842;1873.1842;14-Mar-2017
120737;UTI Low Duration Fund - Direct Plan - Daily IDCW (Reinvestment);;INF789F01XE2;1002.354;1002.354;1002.354;14-Mar-2017
133127;UTI Low Duration Fund - Direct Plan - Flexi IDCW;INF789FA1O44;INF789FA1O51;1061.815;1061.815;1061.815;14-Mar-2017
135191;UTI Low Duration Fund - Direct Plan - Fortnightly IDCW;INF789FA1O02;INF789FA1O10;1196.8775;1196.8775;0;14-Mar-2017
120735;UTI Low Duration Fund - Direct Plan - Growth Option;INF789F01XI3;;2244.9487;2244.9487;2244.9487;14-Mar-2017
133469;UTI Low Duration Fund - Direct Plan - Half-Yearly IDCW;INF789FA1O28;INF789FA1O36;1064.93;1064.93;1064.93;14-Mar-2017
120736;UTI Low Duration Fund - Direct Plan - Monthly IDCW;INF789F01XJ1;INF789F01XK9;1027.1928;1027.1928;1027.1928;14-Mar-2017
120734;UTI Low Duration Fund - Direct Plan - Quarterly IDCW;INF789F01XL7;INF789F01XM5;1203.4668;1203.4668;1203.4668;14-Mar-2017
120739;UTI Low Duration Fund - Direct Plan - Weekly IDCW;INF789F01XN3;INF789F01XO1;1017.639;1017.639;1017.639;14-Mar-2017
102538;UTI Low Duration Fund - Discontinued - Annaul Dividend Option;INF789F01OK8;INF789F01OL6;2196.8048;2196.8048;0;14-Mar-2017
105578;UTI Low Duration Fund - Discontinued - Periodic Dividend Plan;;INF789F01349;1047.2077;1047.2077;0;14-Mar-2017
102541;UTI Low Duration Fund - Discontinued - Quarterly Dividend Option;INF789F01OO0;INF789F01OP7;1643.5896;1643.5896;0;14-Mar-2017
102539;UTI Low Duration Fund - Discontinued Bonus Option;INF789F01OM4;;2725.3355;2725.3355;0;14-Mar-2017
105659;UTI Low Duration Fund - Discontinued Flexi Dividend Plan;INF789F01PA6;;1085.8708;1085.8708;0;14-Mar-2017
102540;UTI Low Duration Fund - Discontinued Growth Option;INF789F01331;;4088.4519;4088.4519;0;14-Mar-2017
105670;UTI Low Duration Fund - Discontinued Monthly Dividend Option;INF789F01OY9;INF789F01OZ6;1093.1661;1093.1661;0;14-Mar-2017
102545;UTI Low Duration Fund - Regular Plan - Bonus Option;INF789F01OS1;;1864.9546;1864.9546;1864.9546;14-Mar-2017
105605;UTI Low Duration Fund - Regular Plan - Daily IDCW (Reinvestment);;INF789F01ON2;1002.5967;1002.5967;1002.5967;14-Mar-2017
133130;UTI Low Duration Fund - Regular Plan - Flexi IDCW;INF789FA1N86;INF789FA1N94;1029.1931;1029.1931;1029.1931;14-Mar-2017
133733;UTI Low Duration Fund - Regular Plan - Fortnightly IDCW;INF789FA1N45;INF789FA1N52;1194.0083;1194.0083;1194.0083;14-Mar-2017
102544;UTI Low Duration Fund - Regular Plan - Growth Option;INF789F01OT9;;2231.3684;2231.3684;2231.3684;14-Mar-2017
136345;UTI Low Duration Fund - Regular Plan - Half-Yearly IDCW;INF789FA1N60;INF789FA1N78;1064.7244;1064.7244;0;14-Mar-2017
105658;UTI Low Duration Fund - Regular Plan - Monthly IDCW;INF789F01OU7;INF789F01OV5;1027.9828;1027.9828;1027.9828;14-Mar-2017
115483;UTI Low Duration Fund - Regular Plan - Quarterly IDCW;INF789F01OW3;INF789F01OX1;1134.8223;1134.8223;1134.8223;14-Mar-2017
105627;UTI Low Duration Fund - Regular Plan - Weekly IDCW;INF789F01PB4;INF789F01PC2;1005.0027;1005.0027;1005.0027;14-Mar-2017

Open Ended Schemes ( Debt Scheme - Money Market Fund )


Aditya Birla Sun Life Mutual Fund
101973;Aditya Birla Sun Life Money Manager Fund - Daily IDCW;;INF209K01SZ6;100.0200;100.0200;100.0200;14-Mar-2017
119513;Aditya Birla Sun Life Money Manager Fund - Direct - daily IDCW;;INF209K01UT5;100.0200;100.0200;100.0200;14-Mar-2017
119512;Aditya Birla Sun Life Money Manager Fund - Direct - weekly IDCW;INF209K01UV1;INF209KA1LM3;100.1476;100.1476;100.1476;14-Mar-2017
101976;Aditya Birla Sun Life Money Manager Fund - Growth;INF209K01RV7;;215.5283;215.5283;215.5283;14-Mar-2017
119511;Aditya Birla Sun Life Money Manager Fund - Growth - Direct Plan;INF209K01UU3;;216.1318;216.1318;216.1318;14-Mar-2017
101972;Aditya Birla Sun Life Money Manager Fund - Retail - Daily IDCW;;INF209K01JZ5;100.0150;100.0150;100.0150;14-Mar-2017
101970;Aditya Birla Sun Life Money Manager Fund - RETAIL - WEEKLY IDCW;;INF209K01JY8;103.8181;103.8181;103.8181;14-Mar-2017
101971;Aditya Birla Sun Life Money Manager Fund - Retail Growth;INF209K01MJ3;;265.6025;265.6025;265.6025;14-Mar-2017
101974;Aditya Birla Sun Life Money Manager Fund - WEEKLY IDCW;;INF209K01SY9;100.1465;100.1465;100.1465;14-Mar-2017

Bandhan Mutual Fund
131389;Bandhan Money Market Fund - Regular Plan - Periodic IDCW;INF194KA1TG5;INF194KA1TH3;12.2029;12.2029;12.2029;14-Mar-2017
108701;Bandhan Money Market Fund - Regular Plan - Weekly IDCW;INF194K01LR2;INF194K01LQ4;10.1264;10.1264;10.1264;14-Mar-2017
118383;Bandhan Money Market Fund -Direct Plan-Daily IDCW;;INF194K01M98;10.0994;10.0994;10.0994;14-Mar-2017
118384;Bandhan Money Market Fund -Direct Plan-Growth;INF194K01M80;;26.0644;26.0644;26.0644;14-Mar-2017
118385;Bandhan Money Market Fund -Direct Plan-Monthly IDCW;INF194K01N22;INF194K01N14;10.2012;10.2012;10.2012;14-Mar-2017
118386;Bandhan Money Market Fund -Direct Plan-Weekly IDCW;;INF194K01N48;10.1044;10.1044;10.1044;14-Mar-2017
108650;BANDHAN Money Market Fund - Regular Plan - Daily IDCW;INF194K01LL5;INF194K01LK7;10.0994;10.0994;10.0994;14-Mar-2017
108756;BANDHAN Money Market Fund - Regular Plan - Growth;INF194K01LJ9;;25.3940;25.3940;25.3940;14-Mar-2017
108757;BANDHAN Money Market Fund - Regular Plan - Monthly IDCW;INF194K01LO9;INF194K01LN1;10.2631;10.2631;10.2631;14-Mar-2017

DSP Mutual Fund
123288;DSP Savings Fund - Direct Plan -  IDCW - Daily;;INF740KA1PB3;10.0400;10.0400;10.0400;14-Mar-2017
119106;DSP Savings Fund - Direct Plan - Growth;INF740K01NU2;;32.3414;32.3414;32.3414;14-Mar-2017
119108;DSP Savings Fund - Direct Plan - IDCW;INF740K01NV0;INF740K01NX6;11.9985;11.9985;11.9985;14-Mar-2017
119107;DSP Savings Fund - Direct Plan - IDCW - Monthly;INF740K01NT4;INF740K01NW8;10.5842;10.5842;10.5842;14-Mar-2017
100087;DSP Savings Fund - Regular Plan - Growth;INF740K01714;;32.0090;32.0090;32.0090;14-Mar-2017
100088;DSP Savings Fund - Regular Plan - IDCW;INF740K01706;INF740K01AJ2;11.9659;11.9659;11.9659;14-Mar-2017
123287;DSP Savings Fund - Regular Plan - IDCW - Daily;;INF740KA1PC1;10.0564;10.0564;10.0564;14-Mar-2017
100089;DSP Savings Fund - Regular Plan - IDCW - Monthly;INF740K01722;INF740K01AK0;10.5631;10.5631;10.5631;14-Mar-2017
139306;DSP Savings Fund - Unclaimed IDCW - Beyond 3 years;;;10.0000;10.0000;10.0000;14-Mar-2017
139305;DSP Savings Fund - Unclaimed IDCW - Upto 3 years;;;10.5859;10.5859;10.5859;14-Mar-2017
139304;DSP Savings Fund - Unclaimed Redemption - Beyond 3 years;;;10.0000;10.0000;10.0000;14-Mar-2017
139303;DSP Savings Fund - Unclaimed Redemption - Upto 3 years;;;10.5859;10.5859;10.5859;14-Mar-2017

Edelweiss Mutual Fund
140237;Edelweiss Money Market Fund - Direct Plan - Growth Option;INF843K01CE1;;17.9027;17.9027;17.9027;14-Mar-2017
140235;Edelweiss Money Market Fund - Direct Plan - IDCW Option;INF843K01CF8;INF843K01CG6;16.6844;16.6844;16.6844;14-Mar-2017
140231;Edelweiss Money Market Fund - Institutional Plan - Dividend Option;INF843K01385;INF843K01393;14.6236;14.6236;14.6236;14-Mar-2017
140230;Edelweiss Money Market Fund - Institutional Plan - Growth Option;INF843K01377;;14.6491;14.6491;14.6491;14-Mar-2017
140229;Edelweiss Money Market Fund - Regular Plan - Growth Option;INF843K01344;;17.2169;17.2169;17.2169;14-Mar-2017
140232;Edelweiss Money Market Fund - Regular Plan - IDCW Option;INF843K01351;INF843K01369;16.1939;16.1939;16.1939;14-Mar-2017

Franklin Templeton Mutual Fund
118506;Franklin India Money Market Fund - Direct - Growth;INF090I01GV8;;30.1382;30.1382;30.1382;14-Mar-2017
101357;Franklin India Money Market Fund - Growth Option;INF090I01CA1;;29.5687;29.5687;29.5687;14-Mar-2017
101359;Franklin India Money Market Fund - Institutional Option - Dividend;INF090I01BW7;INF090I01BV9;10.3641;10.3641;10.3641;14-Mar-2017
122443;Franklin India Money Market Fund Retail Option - Daily - IDCW;;INF090I01KM9;10.0299;10.0299;10.0299;14-Mar-2017
122444;Franklin India Money Market Fund Retail Option - Direct - Daily - IDCW;;INF090I01KN7;10.0000;10.0000;10.0000;14-Mar-2017
129437;Franklin India Money Market Fund Retail Option - Direct - Monthly - IDCW;INF090I01LC8;INF090I01LD6;10.3969;10.3969;10.3969;14-Mar-2017
118505;Franklin India Money Market Fund Retail Option - Direct - Quarterly - IDCW;INF090I01GT2;INF090I01GU0;11.4406;11.4406;11.4406;14-Mar-2017
129436;Franklin India Money Market Fund Retail Option - Monthly - IDCW;INF090I01LA2;INF090I01LB0;10.1946;10.1946;10.1946;14-Mar-2017
101356;Franklin India Money Market Fund Retail Option - Quarterly - IDCW;INF090I01BZ0;INF090I01BY3;11.2055;11.2055;11.2055;14-Mar-2017

HDFC Mutual Fund
101994;HDFC Money Market Fund - Daily IDCW Option;;INF179KB1IG6;1063.6400;1063.6400;1063.6400;14-Mar-2017
119093;HDFC Money Market Fund - Daily IDCW Option - Direct Plan;;INF179KB1HZ8;1063.6400;1063.6400;1063.6400;14-Mar-2017
101993;HDFC Money Market Fund - Growth Option;INF179KB1HR5;;3368.6183;3368.6183;3368.6183;14-Mar-2017
119092;HDFC Money Market Fund - Growth Option - Direct Plan;INF179KB1HU9;;3384.8697;3384.8697;3384.8697;14-Mar-2017
101995;HDFC Money Market Fund - Weekly IDCW Option;INF179KB1IH4;INF179KB1II2;1063.2047;1063.2047;1063.2047;14-Mar-2017
119094;HDFC Money Market Fund - Weekly IDCW Option -Direct Plan;INF179KB1IA9;INF179KB1IB7;1063.2266;1063.2266;1063.2266;14-Mar-2017

ICICI Prudential Mutual Fund
130946;ICICI Prudential Money Market Fund - Direct Plan Bonus;INF109KA1H85;;120.6152;120.6152;120.6152;14-Mar-2017
115328;ICICI Prudential Money Market Fund Dividend;INF109K01I72;;100.1098;100.1098;100.1098;14-Mar-2017
120209;ICICI Prudential Money Market Fund Option - Direct Plan -  Daily IDCW;;INF109K01R22;100.1435;100.1435;100.1435;14-Mar-2017
120210;ICICI Prudential Money Market Fund Option - Direct Plan -  Fortnightly IDCW;INF109K01R55;;100.8627;100.8627;100.8627;14-Mar-2017
120211;ICICI Prudential Money Market Fund Option - Direct Plan -  Growth;INF109K01R14;;224.2835;224.2835;224.2835;14-Mar-2017
120216;ICICI Prudential Money Market Fund Option - Direct Plan -  IDCW Others;INF109K01R30;;114.1799;114.1799;114.1799;14-Mar-2017
120213;ICICI Prudential Money Market Fund Option - Direct Plan -  Monthly IDCW;INF109K01R63;INF109K01R71;100.6453;100.6453;100.6453;14-Mar-2017
120212;ICICI Prudential Money Market Fund Option - Direct Plan -  Weekly IDCW;INF109K01R89;;100.4291;100.4291;100.4291;14-Mar-2017
101221;ICICI Prudential Money Market Fund Retail Growth (erstwhile Cash Option);INF109K01TW3;;248.2105;248.2105;248.2105;14-Mar-2017
103634;ICICI Prudential Money Market Fund Option - Daily IDCW;INF109K01TY9;;100.1295;100.1295;100.1295;14-Mar-2017
103633;ICICI Prudential Money Market Fund Option - Growth;INF109K01TX1;;223.6538;223.6538;223.6538;14-Mar-2017
130013;ICICI Prudential Money Market Fund Option - IDCW Others;INF109K01I64;;114.0377;114.0377;114.0377;14-Mar-2017
103637;ICICI Prudential Money Market Fund Option - Monthly IDCW;INF109K01UC3;INF109K01UB5;100.4936;100.4936;100.4936;14-Mar-2017
103635;ICICI Prudential Money Market Fund Option - Weekly IDCW;INF109K01TZ6;;100.0835;100.0835;100.0835;14-Mar-2017
103636;ICICI Prudential Money Market Fund Option -Fortnightly IDCW;INF109K01UA7;;100.4718;100.4718;100.4718;14-Mar-2017

Invesco Mutual Fund
115515;Invesco India Money Market Fund - Daily IDCW (Reinvestment);;INF205K01RU7;1000.2900;997.7893;1000.2900;14-Mar-2017
120506;Invesco India Money Market Fund - Direct Plan - Daily IDCW (Reinvestment);;INF205K01RV5;1000.2900;997.7893;1000.2900;14-Mar-2017
120508;Invesco India Money Market Fund - Direct Plan - Discretionary IDCW (Payout / Reinvestment);INF205K01RW3;INF205K01RX1;1675.3723;1671.1839;1675.3723;14-Mar-2017
120507;Invesco India Money Market Fund - Direct Plan - Growth;INF205K01RY9;;1870.6473;1865.9707;1870.6473;14-Mar-2017
120509;Invesco India Money Market Fund - Direct Plan - Monthly IDCW (Payout / Reinvestment);INF205K01RZ6;INF205K01SA7;1020.4335;1017.8824;1020.4335;14-Mar-2017
116653;Invesco India Money Market Fund - Discretionary IDCW (Payout / Reinvestment);INF205K01SB5;INF205K01SC3;1853.2766;1848.6434;1853.2766;14-Mar-2017
112123;Invesco India Money Market Fund - Growth;INF205K01SD1;;1850.8541;1846.2270;1850.8541;14-Mar-2017
112125;Invesco India Money Market Fund - Monthly IDCW (Payout / Reinvestment);INF205K01SE9;INF205K01SF6;1020.3287;1017.7779;1020.3287;14-Mar-2017
112120;Invesco India Money Market Fund - Regular - Growth;INF205K01SG4;;1738.4558;1734.1097;1738.4558;14-Mar-2017
112122;Invesco India Money Market Fund - Regular - Monthly IDCW (Payout / Reinvestment);INF205K01SH2;INF205K01SI0;1049.1858;1046.5628;1049.1858;14-Mar-2017
116488;Invesco India Money Market Fund - Regular Plan - Daily IDCW (Reinvestment);;INF205K01UW7;1002.0000;999.4950;1002.0000;14-Mar-2017

Kotak Mahindra Mutual Fund
106842;Kotak Money Market Fund - (Daily Reinvestment of Income Distribution cum capital withdrawal option);INF174K01ND0;;1011.62;1011.62;1011.62;14-Mar-2017
119745;Kotak Money Market Fund - (Daily Reinvestment of Income Distribution cum capital withdrawal option) - Direct;INF174K01MZ5;;1011.62;1011.62;1011.62;14-Mar-2017
101893;Kotak Money Market Fund - (Growth);INF174K01NA6;;2655.2258;2655.2258;2655.2258;14-Mar-2017
119746;Kotak Money Market Fund - (Growth) - Direct;INF174K01MW2;;2660.7192;2660.7192;2660.7192;14-Mar-2017
101892;Kotak Money market Fund - (Monthly Payout of Income Distribution cum capital withdrawal option);INF174K018O0;INF174K01NB4;1006.5855;1006.5855;1006.5855;14-Mar-2017
119747;Kotak Money Market Fund - (Monthly Payout of Income Distribution cum capital withdrawal option) - Direct;INF174K019O8;INF174K01MX0;1011.9558;1011.9558;1011.9558;14-Mar-2017
101894;Kotak Money Market Fund - (Weekly Reinvestment of Income Distribution cum capital withdrawal option);INF174K01NC2;;1013.4129;1013.4129;1013.4129;14-Mar-2017
119748;Kotak Money Market Fund - (Weekly Reinvestment of Income Distribution cum capital withdrawal option) - Direct;INF174K01MY8;;1023.0955;1023.0955;1023.0955;14-Mar-2017

L&T Mutual Fund
119432;L&T Money Market Fund - Direct Plan - Daily IDCW;;INF917K01FD8;10.8591;10.8048;10.8591;14-Mar-2017
114217;L&T Money Market Fund - Regular Plan - Daily IDCW;;INF917K01AY5;10.8591;10.8048;10.8591;14-Mar-2017
114216;L&T Money Market Fund - Regular Plan - Growth;INF917K01BC9;;15.9187;15.8391;15.9187;14-Mar-2017
114219;L&T Money Market Fund - Regular Plan - Monthly IDCW;INF917K01BB1;INF917K01BA3;11.4515;11.3942;11.4515;14-Mar-2017
114218;L&T Money Market Fund - Regular Plan - Weekly IDCW;;INF917K01AZ2;12.9359;12.8712;12.9359;14-Mar-2017
119431;L&T Money Market Fund -Direct Plan- Growth;INF917K01FE6;;16.1245;16.0439;16.1245;14-Mar-2017
119429;L&T Money Market Fund -Direct Plan- Monthly IDCW;INF917K01FF3;;11.6069;11.5489;11.6069;14-Mar-2017

Nippon India Mutual Fund
103050;NIPPON INDIA MONEY MARKET FUND - DAILY IDCW Option;;INF204K01UY6;1000.5100;1000.5100;1000.5100;14-Mar-2017
118718;NIPPON INDIA MONEY MARKET FUND - DIRECT Plan - DAILY IDCW Option;;INF204K01ZN8;1000.5100;1000.5100;1000.5100;14-Mar-2017
118720;NIPPON INDIA MONEY MARKET FUND - DIRECT Plan - MONTHLY IDCW Option;INF204K01ZQ1;INF204K01ZR9;1004.5927;1004.5927;1004.5927;14-Mar-2017
118716;NIPPON INDIA MONEY MARKET FUND - DIRECT Plan - QUARTERLY IDCW Option;INF204K01ZS7;INF204K01ZT5;1018.2948;1018.2948;1018.2948;14-Mar-2017
118717;NIPPON INDIA MONEY MARKET FUND - DIRECT Plan - WEEKLY IDCW Option;;INF204K01ZO6;1001.3857;1001.3857;1001.3857;14-Mar-2017
118715;Nippon India Money Market Fund - Direct Plan Growth Plan - Bonus Option;INF204K01G11;;1436.6220;1436.6220;1436.6220;14-Mar-2017
118719;Nippon India Money Market Fund - Direct Plan Growth Plan - Growth Option;INF204K01ZP3;;2443.1428;2443.1428;2443.1428;14-Mar-2017
103052;NIPPON INDIA MONEY MARKET FUND - MONTHLY IDCW Option;INF204K01VB2;INF204K01VC0;1004.5387;1004.5387;1004.5387;14-Mar-2017
112341;NIPPON INDIA MONEY MARKET FUND - QUARTERLY IDCW Option;INF204K01VD8;INF204K01VE6;1018.2817;1018.2817;1018.2817;14-Mar-2017
103051;NIPPON INDIA MONEY MARKET FUND - WEEKLY IDCW Option;;INF204K01UZ3;1001.3620;1001.3620;1001.3620;14-Mar-2017
103049;Nippon India Money Market Fund-Growth Plan-Bonus Option;INF204K01UX8;;1431.5146;1431.5146;1431.5146;14-Mar-2017
103048;Nippon India Money Market Fund-Growth Plan-Growth Option;INF204K01VA4;;2434.2850;2434.2850;2434.2850;14-Mar-2017

quant Mutual Fund
103465;Quant Money Market Fund-Dividend Option;INF966L01382;INF966L01390;14.7518;14.7518;14.7518;14-Mar-2017
120844;Quant Money Market Fund-Dividend Option-Direct Plan;INF966L01929;INF966L01937;14.7651;14.7651;14.7651;14-Mar-2017
103464;Quant Money Market Fund-Growth Option;INF966L01408;;25.2213;25.2213;25.2213;14-Mar-2017
120845;Quant Money Market Fund-Growth Option-Direct Plan;INF966L01945;;25.3600;25.3600;25.3600;14-Mar-2017

SBI Mutual Fund
119821;SBI  SAVINGS FUND - DIRECT PLAN - GROWTH;INF200K01SZ5;;25.839;25.8132;25.839;14-Mar-2017
102503;SBI  SAVINGS FUND - REGULAR PLAN - GROWTH;INF200K01636;;25.2449;25.2197;25.2449;14-Mar-2017
119820;SBI Savings Fund - Direct Plan - Income Distribution cum Capital Withdrawal Option (IDCW);INF200K01SX0;INF200K01SY8;11.853;11.8411;11.853;14-Mar-2017
119822;SBI Savings Fund - Direct Plan Daily Income Distribution cum Capital Withdrawal Option (IDCW);;INF200K01SW2;10.0718;10.0617;10.0718;14-Mar-2017
119823;SBI Savings Fund - Direct Plan Weekly Income Distribution cum Capital Withdrawal Option (IDCW);INF200K01TA6;INF200K01TB4;11.6197;11.6081;11.6197;14-Mar-2017
102504;SBI Savings Fund - Regular Plan - Income Distribution cum Capital Withdrawal Option (IDCW);INF200K01644;INF200K01651;11.5809;11.5693;11.5809;14-Mar-2017
114348;SBI Savings Fund - Regular Plan Daily Income Distribution cum Capital Withdrawal Option (IDCW);;INF200KA1K20;10.0697;10.0596;10.0697;14-Mar-2017
102860;SBI Savings Fund - Regular Plan Weekly Income Distribution cum Capital Withdrawal Option (IDCW);INF200K01669;INF200K01677;11.53;11.5185;11.53;14-Mar-2017

Tata Mutual Fund
119423;Tata Liquid Fund- Direct Plan- Monthly Dividend;INF277K01PS4;INF277K01PT2;1003.4427;1003.4427;1003.4427;14-Mar-2017
119422;Tata Liquid Fund- Direct Plan- Weekly Dividend;INF277K013C2;;1000.6798;1000.6798;1000.6798;14-Mar-2017
119421;Tata Money Market Fund- Direct Plan - Daily Reinvestment of IDCW Option;;INF277K011C6;1114.5200;1114.5200;1114.5200;14-Mar-2017
119424;Tata Money Market Fund- Direct Plan- Growth Option;INF277K01PR6;;2989.8069;2989.8069;2989.8069;14-Mar-2017
101986;Tata Money Market Fund- Regular Plan - Daily Reinvestment of IDCW Option;;INF277K014C0;1114.5200;1114.5200;1114.5200;14-Mar-2017
101847;Tata Money Market Fund-Regular Plan - Growth Option;INF277K01LQ7;;2980.3321;2980.3321;2980.3321;14-Mar-2017

UTI Mutual Fund
120299;UTI MMF - Direct Plan - Growth Option;INF789F01XV6;;1818.2681;1818.2681;1818.2681;14-Mar-2017
112077;UTI MMF - Regular Plan - Growth Option;INF789F01PX8;;1810.9882;1810.9882;1810.9882;14-Mar-2017
100724;UTI MMF- Discontinued - Regular Plan - Flexi Dividend Option;;INF789F01BD0;2347.6542;2347.6542;0;14-Mar-2017
100725;UTI MMF- Discontinued - Regular Plan - Periodic Dividend Option;INF789F01BE8;;1990.902;1990.902;0;14-Mar-2017
100723;UTI MMF-Discontinued - Regular Plan -Growth;INF789F01BF5;;4350.7809;4350.7809;0;14-Mar-2017
134973;UTI Money Market Fund - Direct Plan - Annual IDCW;INF789FA1N03;INF789FA1N11;1079.2053;1079.2053;0;14-Mar-2017
120772;UTI Money Market Fund - Direct Plan - Daily IDCW (Reinvestment);;INF789F01XU8;1003.3854;1003.3854;1003.3854;14-Mar-2017
135606;UTI Money Market Fund - Direct Plan - Fortnightly IDCW;INF789FA1M20;INF789FA1M38;1120.1842;1120.1842;0;14-Mar-2017
140023;UTI Money Market Fund - Direct Plan - Half-Yearly IDCW;INF789FA1M87;INF789FA1M95;1041.1573;1041.1573;0;14-Mar-2017
133387;UTI Money Market Fund - Direct Plan - Monthly IDCW;INF789FA1M46;INF789FA1M53;1061.9251;1061.9251;1061.9251;14-Mar-2017
120793;UTI Money Market Fund - Direct Plan - Weekly IDCW;INF789F01XW4;INF789F01XX2;1015.6124;1015.6124;1015.6124;14-Mar-2017
134972;UTI Money Market Fund - Regular Plan - Annual IDCW;INF789FA1L88;INF789FA1L96;1078.6631;1078.6631;0;14-Mar-2017
112076;UTI Money Market Fund - Regular Plan - Daily IDCW (Reinvestment);;INF789F01PW0;1003.3854;1003.3854;1003.3854;14-Mar-2017
135371;UTI Money Market Fund - Regular Plan - Fortnightly IDCW;INF789FA1L05;INF789FA1L13;1039.8948;1039.8948;0;14-Mar-2017
134763;UTI Money Market Fund - Regular Plan - Half-Yearly IDCW;INF789FA1L62;INF789FA1L70;1017.7409;1017.7409;0;14-Mar-2017
133484;UTI Money Market Fund - Regular Plan - Monthly IDCW;INF789FA1L21;INF789FA1L39;1039.3537;1039.3537;1039.3537;14-Mar-2017
139646;UTI Money Market Fund - Regular Plan - Quarterly IDCW;INF789FA1L47;INF789FA1L54;1044.3361;1044.3361;0;14-Mar-2017
112635;UTI Money Market Fund - Regular Plan - Weekly IDCW;INF789F01PY6;INF789F01PZ3;1015.5909;1015.5909;1015.5909;14-Mar-2017

Open Ended Schemes ( Debt Scheme - Short Duration Fund )


Aditya Birla Sun Life Mutual Fund
119496;Aditya Birla Sun Life Short Term Fund - DIRECT - IDCW;INF209KA1KQ6;INF209K01XL6;17.5655;17.4777;17.5655;14-Mar-2017
119498;Aditya Birla Sun Life Short Term Fund - Growth - Direct Plan;INF209K01XK8;;27.4745;27.3371;27.4745;14-Mar-2017
101844;Aditya Birla Sun Life Short Term Fund - Growth - Regular Plan;INF209K01942;;26.8528;26.7185;26.8528;14-Mar-2017
101843;Aditya Birla Sun Life Short Term Fund - REGULAR - IDCW;INF209K01975;INF209K01DK0;17.1736;17.0877;17.1736;14-Mar-2017
112356;Aditya Birla Sun Life Short Term Fund - REGULAR - Quarterly IDCW;INF209K01BU3;;10.4095;10.3575;10.4095;14-Mar-2017
119497;Aditya Birla Sun Life Short Term Fund-Quarterly-IDCW-Direct;INF209K01R96;INF209KA1KR4;10.6814;10.6280;10.6814;14-Mar-2017

Axis Mutual Fund
120510;Axis Short Duration Fund - Direct Plan - Growth Option;INF846K01EI1;;18.2642;18.2642;18.2642;14-Mar-2017
120511;Axis Short Duration Fund - Direct Plan - Monthly IDCW;INF846K01EJ9;INF846K01EK7;10.0320;10.0320;10.0320;14-Mar-2017
133894;Axis Short Duration Fund - Direct Plan - Regular IDCW;INF846K01RH5;INF846K01RI3;11.1261;11.1261;11.1261;14-Mar-2017
120512;Axis Short Duration Fund - Direct Plan - Weekly IDCW;INF846K01EL5;INF846K01EM3;10.2153;10.2153;10.2153;14-Mar-2017
128950;Axis Short Duration Fund - Regular Plan - Bonus Option;INF846K01NS1;;17.7546;17.7546;17.7546;14-Mar-2017
112354;Axis Short Duration Fund - Regular Plan - Growth Option;INF846K01644;;17.6535;17.6535;17.6535;14-Mar-2017
112355;Axis Short Duration Fund - Regular Plan - Monthly IDCW;INF846K01651;INF846K01669;10.1827;10.1827;10.1827;14-Mar-2017
133895;Axis Short Duration Fund - Regular Plan - Regular IDCW;INF846K01RJ1;INF846K01RK9;11.8098;11.8098;11.8098;14-Mar-2017
112369;Axis Short Duration Fund - Regular Plan - Weekly IDCW;INF846K01677;INF846K01685;10.2086;10.2086;10.2086;14-Mar-2017
112721;Axis Short Duration Fund - Retail Plan - Growth Option;INF846K01594;;17.4543;17.4543;17.4543;14-Mar-2017
112723;Axis Short Duration Fund - Retail Plan - Monthly IDCW;INF846K01602;INF846K01610;10.0275;10.0275;10.0275;14-Mar-2017
112722;Axis Short Duration Fund - Retail Plan - Weekly IDCW;INF846K01628;INF846K01636;10.1173;10.1173;10.1173;14-Mar-2017

Bandhan Mutual Fund
108713;BANDHAN Bond Fund - Short Term - Regular Plan - Fortnightly IDCW;INF194K01HK5;INF194K01HJ7;10.3205;10.3205;10.3205;14-Mar-2017
131383;BANDHAN Bond Fund - Short Term - Regular Plan - Periodic IDCW;INF194KA1SO1;INF194KA1SP8;12.3024;12.3024;12.3024;14-Mar-2017
118405;BANDHAN Bond Fund - Short Term-Direct Plan-Fortnightly IDCW;INF194K01U56;INF194K01U49;10.2472;10.2472;10.2472;14-Mar-2017
118407;BANDHAN Bond Fund - Short Term-Direct Plan-Growth;INF194K01U07;;34.0886;34.0886;34.0886;14-Mar-2017
118406;BANDHAN Bond Fund - Short Term-Direct Plan-Monthly IDCW;INF194K01U23;INF194K01U15;10.3612;10.3612;10.3612;14-Mar-2017
131382;BANDHAN Bond Fund - Short Term-Direct Plan-Periodic IDCW;INF194KA1SR4;INF194KA1SS2;12.3071;12.3071;12.3071;14-Mar-2017

Bank of India Mutual Fund
119382;BANK OF INDIA Short Term Income Fund-Direct Plan- Growth;INF761K01736;;18.5086;18.4161;18.5086;14-Mar-2017
119383;BANK OF INDIA Short Term Income Fund-Direct Plan- Monthly IDCW;INF761K01751;INF761K01744;10.4341;10.3819;10.4341;14-Mar-2017
119384;BANK OF INDIA Short Term Income Fund-Direct Plan- Quarterly IDCW;INF761K01777;INF761K01769;10.5563;10.5035;10.5563;14-Mar-2017
111585;BANK OF INDIA Short Term Income Fund-Regular Plan- Growth;INF761K01579;;17.7918;17.7028;17.7918;14-Mar-2017
111589;BANK OF INDIA Short Term Income Fund-Regular Plan- Monthly IDCW;INF761K01595;INF761K01587;10.3625;10.3107;10.3625;14-Mar-2017
111590;BANK OF INDIA Short Term Income Fund-Regular Plan- Quarterly IDCW;INF761K01611;INF761K01603;10.4245;10.3724;10.4245;14-Mar-2017

Baroda BNP Paribas Mutual Fund
119400;Baroda BNP Paribas Short Duration Fund - Direct Plan - Growth Option;INF955L01BD5;;17.5905;17.5729;17.5905;14-Mar-2017
119399;Baroda BNP Paribas Short Duration Fund - Direct Plan - Monthly IDCW Option;INF955L01BB9;;10.0698;10.0597;10.0698;14-Mar-2017
113036;Baroda BNP Paribas Short Duration Fund - Regular Plan - Growth Option;INF955L01153;;17.1649;17.1477;17.1649;14-Mar-2017
113037;Baroda BNP Paribas Short Duration Fund - Regular Plan - Monthly IDCW Option;INF955L01138;INF955L01146;10.0859;10.0758;10.0859;14-Mar-2017

BNP Paribas Mutual Fund
120135;BNP Paribas Short Term Fund - Direct Plan - Daily Income Distribution cum Capital Withdrawal Option;;INF251K01GD0;10.0236;10.0236;10.0236;14-Mar-2017
120131;BNP Paribas Short Term Fund - Direct Plan - Growth Option;INF251K01GC2;;18.9537;18.9537;18.9537;14-Mar-2017
120132;BNP Paribas Short Term Fund - Direct Plan - Monthly Income Distribution cum Capital Withdrawal Option;INF251K01GF5;INF251K01GG3;10.0040;10.0040;10.0040;14-Mar-2017
120133;BNP Paribas Short Term Fund - Direct Plan - Quarterly Income Distribution cum Capital Withdrawal Option;INF251K01GH1;INF251K01GI9;10.1496;10.1496;10.1496;14-Mar-2017
120134;BNP Paribas Short Term Fund - Direct Plan - Weekly Income Distribution cum Capital Withdrawal Option;;INF251K01GE8;10.0000;10.0000;10.0000;14-Mar-2017
117956;BNP PARIBAS SHORT TERM FUND DAILY Income Distribution cum Capital Withdrawal OPTION;;INF251K01CY5;10.0035;10.0035;10.0035;14-Mar-2017
117953;BNP PARIBAS SHORT TERM FUND GROWTH OPTION;INF251K01CX7;;18.5366;18.5366;18.5366;14-Mar-2017
117955;BNP PARIBAS SHORT TERM FUND MONTHLY Income Distribution cum Capital Withdrawal OPTION;INF251K01DA3;INF251K01DB1;10.0032;10.0032;10.0032;14-Mar-2017
117952;BNP PARIBAS SHORT TERM FUND QUARTERLY Income Distribution cum Capital Withdrawal OPTION;INF251K01DC9;INF251K01DD7;10.0864;10.0864;10.0864;14-Mar-2017
117954;BNP PARIBAS SHORT TERM FUND WEEKLY Income Distribution cum Capital Withdrawal OPTION;;INF251K01CZ2;10.0192;10.0192;10.0192;14-Mar-2017
113547;BNP PARIBAS Short Term Fund-Regular Plan-Growth Option;INF251K01CR9;;24.9089;24.9089;24.9089;14-Mar-2017
113548;BNP PARIBAS Short Term Fund-Regular Plan-Monthly Income Distribution cum Capital Withdrawal Option;INF251K01CT5;INF251K01CU3;10.0026;10.0026;10.0026;14-Mar-2017
113557;BNP PARIBAS Short Term Fund-Regular Plan-Quarterly Income Distribution cum Capital Withdrawal Option;INF251K01CV1;INF251K01CW9;10.0847;10.0847;10.0847;14-Mar-2017
113549;BNP PARIBAS Short Term Fund-Regular Plan-Weekly Income Distribution cum Capital Withdrawal Option;;INF251K01CS7;10.0121;10.0121;10.0121;14-Mar-2017

Canara Robeco Mutual Fund
118320;CANARA ROBECO SHORT DURATION FUND - DIRECT PLAN - GROWTH OPTION;INF760K01DX5;;15.8903;15.8903;15.8903;14-Mar-2017
118321;CANARA ROBECO SHORT DURATION FUND - DIRECT PLAN - MONTHLY IDCW (Payout/Reinvestment);INF760K01DV9;INF760K01DW7;15.0610;15.0610;15.0610;14-Mar-2017
118322;CANARA ROBECO SHORT DURATION FUND - DIRECT PLAN - QUARTERLY IDCW (Payout/Reinvestment);INF760K01DY3;INF760K01DZ0;15.1262;15.1262;15.1262;14-Mar-2017
115077;CANARA ROBECO SHORT DURATION FUND - REGULAR PLAN - GROWTH OPTION;INF760K01BM2;;15.3775;15.3775;15.3775;14-Mar-2017
115078;CANARA ROBECO SHORT DURATION FUND - REGULAR PLAN - MONTHLY IDCW (Payout/Reinvestment);INF760K01BO8;INF760K01BN0;14.2947;14.2947;14.2947;14-Mar-2017
115079;CANARA ROBECO SHORT DURATION FUND - REGULAR PLAN - QUARTERLY IDCW (Payout/Reinvestment);INF760K01BQ3;INF760K01BP5;14.6180;14.6180;14.6180;14-Mar-2017

DSP Mutual Fund
119226;DSP Short Term Fund - Direct Plan - Growth;INF740K01NJ5;;28.4158;28.4158;28.4158;14-Mar-2017
119222;DSP Short Term Fund - Direct Plan - IDCW;INF740K01NK3;INF740K01NN7;12.5654;12.5654;12.5654;14-Mar-2017
119224;DSP Short Term Fund - Direct Plan - IDCW - Monthly;INF740K01NL1;INF740K01NM9;11.2476;11.2476;11.2476;14-Mar-2017
119223;DSP Short Term Fund - Direct Plan - IDCW - Weekly;INF740KA1PD9;INF740KA1PE7;10.1534;10.1534;10.1534;14-Mar-2017
101306;DSP Short Term Fund - IDCW - Monthly;INF740K01664;INF740K01AG8;11.2038;11.2038;11.2038;14-Mar-2017
101304;DSP Short Term Fund - Regular Plan - Growth;INF740K01656;;27.6370;27.6370;27.6370;14-Mar-2017
101305;DSP Short Term Fund - Regular Plan - IDCW;INF740K01649;INF740K01AF0;12.2485;12.2485;12.2485;14-Mar-2017
101303;DSP Short Term Fund - Regular Plan - Regular Plan - IDCW - Weekly;INF740KA1PF4;;10.1417;10.1417;10.1417;14-Mar-2017

Edelweiss Mutual Fund
140251;Edelweiss Short Term Fund - Direct Plan -  Growth Option;INF843K01BX3;;14.8716;14.8716;14.8716;14-Mar-2017
140252;Edelweiss Short Term Fund - Direct Plan - Monthly Dividend Option;INF843K01CD3;INF843K01CC5;9.4903;9.4903;9.4903;14-Mar-2017
140248;Edelweiss Short Term Fund - Regular Plan - Dividend Option;INF843K01971;INF843K01989;11.8249;11.8249;11.8249;14-Mar-2017
140246;Edelweiss Short Term Fund - Regular Plan - Fortnightly Dividend Option;INF843K01401;;9.4687;9.4687;9.4687;14-Mar-2017
140244;Edelweiss Short Term Fund - Regular Plan - Growth Option;INF843K01419;;14.6792;14.6792;14.6792;14-Mar-2017
140247;Edelweiss Short Term Fund - Regular Plan - Monthly Dividend Option;INF843K01435;INF843K01427;9.4182;9.4182;9.4182;14-Mar-2017
140245;Edelweiss Short Term Fund - Regular Plan - Weekly Dividend Option;INF843K01443;;9.4228;9.4228;9.4228;14-Mar-2017

Franklin Templeton Mutual Fund
118567;Franklin India Short Term Income Plan -  Retail Plan - Direct - Monthly - IDCW;INF090I01GN5;INF090I01GO3;1259.4875;1253.1901;1259.4875;14-Mar-2017
118566;Franklin India Short Term Income Plan -  Retail Plan - Direct - Quarterly - IDCW;INF090I01GL9;INF090I01GM7;1313.4207;1306.8536;1313.4207;14-Mar-2017
118568;Franklin India Short Term Income Plan -  Retail Plan - Direct - Weekly - IDCW;INF090I01GP0;;1097.3596;1091.8728;1097.3596;14-Mar-2017
101236;Franklin India Short Term Income Plan -  Retail Plan - Monthly - IDCW;INF090I01338;INF090I01346;1214.8914;1208.8169;1214.8914;14-Mar-2017
101238;Franklin India Short Term Income Plan -  Retail Plan - Quarterly - IDCW;INF090I01312;INF090I01320;1265.9722;1259.6423;1265.9722;14-Mar-2017
101242;Franklin India Short Term Income Plan -  Retail Plan - Weekly - IDCW;INF090I01353;;1095.6648;1090.1865;1095.6648;14-Mar-2017
118565;Franklin India SHORT TERM INCOME PLAN - Direct - GROWTH;INF090I01GK1;;3479.3954;3461.9984;3479.3954;14-Mar-2017
101232;Franklin India Short-Term Income Plan-Growth;INF090I01304;;3364.3802;3347.5583;3364.3802;14-Mar-2017
101244;Franklin India Short-Term Income Plan-Institutional Plan - Growth;INF090I01361;;2755.8262;2742.0471;2755.8262;14-Mar-2017
101246;Franklin India Short-Term Income Plan-Institutional Plan - Monthly Dividend;INF090I01387;INF090I01395;1299.8363;1293.3371;1299.8363;14-Mar-2017

Groww Mutual Fund
123708;Groww Short Duration Fund (formerly known as Indiabulls Short Term Fund )- Regular Plan - Growth Option;INF666M01AJ5;;1344.3015;1344.3015;1344.3015;14-Mar-2017
123704;Groww Short Duration Fund (formerly known as Indiabulls Short Term Fund) - Direct Plan - Growth Option;INF666M01AC0;;1403.4832;1403.4832;1403.4832;14-Mar-2017
123706;Groww Short Duration Fund (formerly known as Indiabulls Short Term Fund)- Direct Plan- Fortnightly - Income Distribution cum capital withdrawal Option (Payout & Reinvestment);INF666M01AH9;INF666M01AE6;1004.1312;1004.1312;1004.1312;14-Mar-2017
123707;Groww Short Duration Fund (formerly known as Indiabulls Short Term Fund)- Direct Plan- Monthly - Income Distribution cum capital withdrawal Option (Payout & Reinvestment);INF666M01AI7;INF666M01AF3;1009.3148;1009.3148;1009.3148;14-Mar-2017
123705;Groww Short Duration Fund (formerly known as Indiabulls Short Term Fund)- Direct Plan- Weekly - Income Distribution cum capital withdrawal Option (Payout & Reinvestment);INF666M01AG1;INF666M01AD8;1004.9932;1004.9932;1004.9932;14-Mar-2017
123711;Groww Short Duration Fund (formerly known as Indiabulls Short Term Fund)- Regular Plan- Monthly - Income Distribution cum capital withdrawal Option (Payout & Reinvestment);INF666M01AP2;INF666M01AM9;1011.1846;1011.1846;1011.1846;14-Mar-2017
123709;Groww Short Duration Fund (formerly known as Indiabulls Short Term Fund)- Regular Plan- Weekly - Income Distribution cum capital withdrawal Option (Payout & Reinvestment);INF666M01AN7;INF666M01AK3;1008.8966;1008.8966;1008.8966;14-Mar-2017

HDFC Mutual Fund
119015;HDFC Short Term  Debt Fund - Fortnightly IDCW - Direct Plan;;;10.2829;10.2829;10.2829;14-Mar-2017
113048;HDFC Short Term  Debt Fund - Fortnightly IDCW Option;INF179K01CV4;INF179K01CW2;10.2222;10.2222;10.2222;14-Mar-2017
113047;HDFC Short Term  Debt Fund - Growth Option;INF179K01CU6;;17.8980;17.8980;17.8980;14-Mar-2017
119016;HDFC Short Term  Debt Fund - Growth Option - Direct Plan;INF179K01YM7;;18.0087;18.0087;18.0087;14-Mar-2017
133367;HDFC Short Term  Debt Fund - Normal IDCW - Direct Plan;INF179KA1Q53;;12.0390;12.0390;12.0390;14-Mar-2017
133368;HDFC Short Term  Debt Fund - Normal IDCW Option;INF179KA1Q79;;12.0340;12.0340;12.0340;14-Mar-2017

HSBC Mutual Fund
108363;HSBC Income Fund - Short Term - Inst. Plus - Growth;INF336L01925;;15.8624;15.8624;15.8624;14-Mar-2017
104429;HSBC Short Duration Fund - Closed (Direct - Monthly IDCW);;INF336L01982;10.1741;10.1741;10.1741;14-Mar-2017
101600;HSBC Short Duration Fund - Closed (Monthly IDCW);INF336L01990;INF336L01AA6;11.1561;11.1561;11.1561;14-Mar-2017
120062;HSBC Short Duration Fund - Direct Growth;INF336L01DL7;;27.7436;27.7436;27.7436;14-Mar-2017
120061;HSBC Short Duration Fund - Direct Monthly IDCW;;INF336L01DN3;10.1823;10.1823;10.1823;14-Mar-2017
120060;HSBC Short Duration Fund - Direct Monthly IDCW (Closed);INF336L01DM5;INF336L01EQ4;11.2047;11.2047;11.2047;14-Mar-2017
104430;HSBC Short Duration Fund - Institutional-Weekly IDCW;;INF336L01AC2;13.3083;13.3083;13.3083;14-Mar-2017
101599;HSBC Short Duration Fund - Regular Growth;INF336L01917;;26.7422;26.7422;26.7422;14-Mar-2017
139768;HSBC Short Duration Fund - Regular Quarterly IDCW;INF336L01LF2;INF336L01LG0;9.9799;9.9799;9.9799;14-Mar-2017

ICICI Prudential Mutual Fund
122674;ICICI Prudential Short Term Fund - Bonus;INF109KA1376;;33.7190;33.7190;33.7190;14-Mar-2017
122909;ICICI Prudential Short Term Fund - Direct Plan - Bonus;INF109KA1368;;34.6029;34.6029;34.6029;14-Mar-2017
120754;ICICI Prudential Short Term Fund - Direct Plan - Growth Option;INF109K013N3;;34.6029;34.6029;34.6029;14-Mar-2017
131478;ICICI Prudential Short Term Fund - Direct Plan - Half Yearly IDCW;INF109KA1X36;INF109KA1X28;12.6212;12.6212;12.6212;14-Mar-2017
120755;ICICI Prudential Short Term Fund - Direct Plan - Monthly IDCW;INF109K014N1;INF109K015N8;12.5463;12.5463;12.5463;14-Mar-2017
120753;ICICI Prudential Short Term Fund - Direct Plan - Reinvestment of IDCW Fortnightly;INF109K012N5;;12.6115;12.6115;12.6115;14-Mar-2017
101758;ICICI Prudential Short Term Fund - Growth Option;INF109K01654;;33.7190;33.7190;33.7190;14-Mar-2017
131479;ICICI Prudential Short Term Fund - Half Yearly IDCW;INF109KA1X10;INF109KA1X02;12.0486;12.0486;12.0486;14-Mar-2017
101759;ICICI Prudential Short Term Fund - Reinvestment of IDCW Fortnightly;INF109KB12M9;INF109K01662;12.3375;12.3375;12.3375;14-Mar-2017
101165;ICICI Prudential Short Term Fund - Monthly IDCW;INF109K01WL0;INF109K01647;12.2292;12.2292;12.2292;14-Mar-2017
101229;ICICI Prudential Short Term Fund - Institutional Plan - Dividend Monthly;INF109K01WK2;INF109K01670;12.7747;12.7747;12.7747;14-Mar-2017
101231;ICICI Prudential Short Term Fund-Institutional Growth;INF109K01696;;34.8711;34.8711;34.8711;14-Mar-2017
101230;ICICI Prudential Short Term Fund-Institutional Plan-Dividend Fortnightly;INF109K01688;;12.8326;12.8326;12.8326;14-Mar-2017

IDBI Mutual Fund
115005;IDBI Short Term Bond Fund Growth;INF397L01463;;16.2737;16.2737;16.2737;14-Mar-2017
118349;IDBI Short Term Bond Fund Growth Direct;INF397L01BG3;;16.8150;16.8150;16.8150;14-Mar-2017
114999;IDBI Short Term Bond Fund Monthly IDCW;INF397L01406;INF397L01414;11.3303;11.3303;11.3303;14-Mar-2017
118457;IDBI Short Term Bond Fund Monthly IDCW Direct;INF397L01BH1;INF397L01BI9;13.7423;13.7423;13.7423;14-Mar-2017
115000;IDBI Short Term Bond Fund Weekly IDCW;INF397L01430;INF397L01448;11.0343;11.0343;11.0343;14-Mar-2017
118458;IDBI Short Term Bond Fund Weekly IDCW Direct;INF397L01BK5;INF397L01BL3;11.5495;11.5495;11.5495;14-Mar-2017

Invesco Mutual Fund
117973;Invesco India Short Duration Fund - Daily IDCW (Reinvestment);;INF205K01UD7;1026.9812;1026.9812;1026.9812;14-Mar-2017
120559;Invesco India Short Duration Fund - Direct Plan - Daily IDCW (Reinvestment);;INF205K01UE5;1019.3968;1019.3968;1019.3968;14-Mar-2017
120560;Invesco India Short Duration Fund - Direct Plan - Growth;INF205K01UH8;;2223.5672;2223.5672;2223.5672;14-Mar-2017
120561;Invesco India Short Duration Fund - Direct Plan - Monthly IDCW (Payout / Reinvestment);INF205K01UI6;INF205K01UJ4;1834.8835;1834.8835;1834.8835;14-Mar-2017
120563;Invesco India Short Duration Fund - Direct Plan -Discretionary IDCW (Payout / Reinvestment);INF205K01UF2;INF205K01UG0;1568.9537;1568.9537;1568.9537;14-Mar-2017
120562;Invesco India Short Duration Fund - Direct Plan -Weekly IDCW (Reinvestment);;INF205K01UK2;1013.1721;1013.1721;1013.1721;14-Mar-2017
105185;Invesco India Short Duration Fund - Growth;INF205K01UN6;;2144.6854;2144.6854;2144.6854;14-Mar-2017
105191;Invesco India Short Duration Fund - Monthly IDCW (Payout / Reinvestment);INF205K01UO4;INF205K01UP1;1042.9981;1042.9981;1042.9981;14-Mar-2017
105189;Invesco India Short Duration Fund - Plan B - Growth;INF205K01UR7;;2137.0754;2137.0754;2137.0754;14-Mar-2017
105187;Invesco India Short Duration Fund - Plan B - Monthly IDCW (Payout / Reinvestment);INF205K01US5;INF205K01UT3;1421.5485;1421.5485;1421.5485;14-Mar-2017
105192;Invesco India Short Duration Fund - Plan B - Weekly IDCW (Reinvestment);;INF205K01UU1;1009.3836;1009.3836;1009.3836;14-Mar-2017
105190;Invesco India Short Duration Fund - Weekly IDCW (Reinvestment);;INF205K01UV9;1012.8526;1012.8526;1012.8526;14-Mar-2017
105186;Invesco India Short Term Fund- Plan B - Daily Dividend;;INF205K01UQ9;1025.4735;1025.4735;1025.4735;14-Mar-2017

JM Financial Mutual Fund
120469;JM Short Term Fund (Direct) - Daily Dividend Option;;INF192K01DZ6;12.5330;12.5330;12.5330;14-Mar-2017
120470;JM Short Term Fund (Direct) - Dividend Option;INF192K01DX1;INF192K01DY9;10.4901;10.4901;10.4901;14-Mar-2017
120471;JM Short Term Fund (Direct) - Growth Option;INF192K01EA7;;23.1519;23.1519;23.1519;14-Mar-2017
115103;JM Short Term Fund - Daily Dividend Option;;INF192K01BD7;12.1922;12.1922;12.1922;14-Mar-2017
101524;JM Short Term Fund - Dividend Option;INF192K01BE5;INF192K01BF2;10.4531;10.4531;10.4531;14-Mar-2017
101521;JM Short Term Fund - Growth Option;INF192K01BG0;;22.9085;22.9085;22.9085;14-Mar-2017
115090;JM Short Term Fund - Regular Plan - Daily Dividend Option;;INF192K01AZ2;12.0724;12.0724;12.0724;14-Mar-2017
101519;JM Short Term Fund - Regular Plan - Dividend Option;INF192K01BA3;INF192K01BB1;11.5057;11.5057;11.5057;14-Mar-2017
101520;JM Short Term Fund - Regular Plan - Growth Option;INF192K01BC9;;31.2546;31.2546;31.2546;14-Mar-2017

Kotak Mahindra Mutual Fund
101373;Kotak Bond Short Term Plan-(Growth);INF174K01ES7;;30.5447;30.5447;30.5447;14-Mar-2017
119739;Kotak Bond Short Term Plan-(Growth) - Direct;INF174K01JI7;;31.4314;31.4314;31.4314;14-Mar-2017
125254;Kotak Bond Short Term Plan-(Half Yearly Payout of Income Distribution cum capital withdrawal option) - Direct;INF174K01YR7;INF174K01YS5;11.2584;11.2584;11.2584;14-Mar-2017
101372;Kotak Bond Short Term Plan-(Payout of Income Distribution cum capital withdrawal option);INF174K01EU3;INF174K01ET5;10.0954;10.0954;10.0954;14-Mar-2017
119738;Kotak Bond Short Term Plan-(Payout of Income Distribution cum capital withdrawal option) - Direct;INF174K01JJ5;;10.359;10.359;10.359;14-Mar-2017

L&T Mutual Fund
134419;L&T Short Term Bond Fund - Direct Plan - Annual IDCW;INF917K01VR5;INF917K01VQ7;11.3561;11.3561;11.3561;14-Mar-2017
119858;L&T Short Term Bond Fund - Direct Plan - Quarterly IDCW;INF917K01IS0;INF917K01IR2;11.2326;11.2326;11.2326;14-Mar-2017
134420;L&T Short Term Bond Fund - Regular Plan - Annual IDCW;INF917K01VT1;INF917K01VS3;11.2748;11.2748;11.2748;14-Mar-2017
116296;L&T Short Term Bond Fund - Regular Plan - Bonus;INF917K01CM6;;15.551;15.551;15.551;14-Mar-2017
116299;L&T Short Term Bond Fund - Regular Plan - Growth;INF917K01CL8;;15.551;15.551;15.551;14-Mar-2017
116297;L&T Short Term Bond Fund - Regular Plan - Monthly IDCW;INF917K01CH6;INF917K01CI4;10.8369;10.8369;10.8369;14-Mar-2017
116298;L&T Short Term Bond Fund - Regular Plan - Quarterly IDCW;INF917K01CJ2;INF917K01CK0;10.9088;10.9088;10.9088;14-Mar-2017
119857;L&T Short Term Bond Fund -Direct Plan -  Monthly IDCW;INF917K01IP6;INF917K01IO9;11.0438;11.0438;11.0438;14-Mar-2017
119856;L&T Short Term Bond Fund -Direct Plan- Growth;INF917K01IQ4;;15.8325;15.8325;15.8325;14-Mar-2017

Navi Mutual Fund
128298;Essel Short Term Fund- Bonus;;INF959L01BS5;13.3825;13.3825;13.3825;14-Mar-2017
128297;Essel Short Term Fund- Direct - Bonus;;INF959L01BR7;18.5220;18.5220;18.5220;14-Mar-2017
119169;Essel Short Term Fund-Direct Plan-Dividend Option-Monthly Dividend;INF959L01791;INF959L01809;10.9727;10.9727;10.9727;14-Mar-2017
119170;Essel Short Term Fund-Direct Plan-Dividend Option-Quarterly Dividend;INF959L01817;INF959L01825;11.2445;11.2445;11.2445;14-Mar-2017
119168;Essel Short Term Fund-Direct Plan-Growth Option;INF959L01783;;18.5020;18.5020;18.5020;14-Mar-2017
113173;Essel Short Term Fund-Dividend Option-Monthly Dividend;INF959L01148;INF959L01155;10.6235;10.6235;10.6235;14-Mar-2017
113211;Essel Short Term Fund-Dividend Option-Quarterly Dividend;INF959L01163;INF959L01171;10.8285;10.8285;10.8285;14-Mar-2017
113172;Essel Short Term Fund-Growth;INF959L01189;;17.8551;17.8551;17.8551;14-Mar-2017

Nippon India Mutual Fund
125269;NIPPON INDIA SHORT DURATION FUND - Direct Plan - IDCW Option;INF204KA1ES0;INF204KA1ET8;12.7400;12.7400;12.7400;14-Mar-2017
118797;NIPPON INDIA SHORT DURATION FUND - Direct Plan - MONTHLY IDCW Option;INF204K01B40;;11.1665;11.1665;11.1665;14-Mar-2017
118800;NIPPON INDIA SHORT DURATION FUND - Direct Plan - QUARTERLY IDCW OPTION;INF204K01B65;INF204K01B73;14.4698;14.4698;14.4698;14-Mar-2017
118796;Nippon India Short Duration Fund - Direct Plan Growth Plan - Growth Option;INF204K01B32;;31.3481;31.3481;31.3481;14-Mar-2017
125268;NIPPON INDIA SHORT DURATION FUND - IDCW Option;INF204KA1EQ4;INF204KA1ER2;12.4372;12.4372;12.4372;14-Mar-2017
101667;NIPPON INDIA SHORT DURATION FUND - MONTHLY IDCW Option;INF204K01FM2;INF204K01FN0;11.0422;11.0422;11.0422;14-Mar-2017
101669;NIPPON INDIA SHORT TERM FUND - QUARTERLY IDCW OPTION;INF204K01FO8;INF204K01FP5;14.2798;14.2798;14.2798;14-Mar-2017
101665;Nippon India Short Term Fund-Growth Plan;INF204K01FL4;;30.5790;30.5790;30.5790;14-Mar-2017

PGIM India Mutual Fund
138277;PGIM India Short Duration Fund - Annual Bonus;INF223J01XB0;;19.7071;19.5593;19.7071;14-Mar-2017
138266;PGIM India Short Duration Fund - Annual Dividend;INF223J01KD3;INF223J01KE1;11.0494;10.9665;11.0494;14-Mar-2017
138264;PGIM India Short Duration Fund - Bonus;INF223J01DW8;;17.016;16.8884;17.016;14-Mar-2017
138270;PGIM India Short Duration Fund - Direct Plan - Growth;INF223J01OW5;;30.6257;30.396;30.6257;14-Mar-2017
138268;PGIM India Short Duration Fund - Direct Plan - Monthly Dividend;INF223J01OX3;INF223J01OY1;13.5031;13.4018;13.5031;14-Mar-2017
138271;PGIM India Short Duration Fund - Direct Plan - Quarterly Dividend;INF223J01PB6;INF223J01PC4;11.0207;10.938;11.0207;14-Mar-2017
138256;PGIM India Short Duration Fund - Growth;INF223J01DT4;;29.5609;29.3392;29.5609;14-Mar-2017
138274;PGIM India Short Duration Fund - Half Yearly Bonus;INF223J01WH9;;11.9441;11.8545;11.9441;14-Mar-2017
138254;PGIM India Short Duration Fund - Monthly Dividend;INF223J01DU2;INF223J01DV0;13.0284;12.9307;13.0284;14-Mar-2017
138265;PGIM India Short Duration Fund - Quarterly Dividend;INF223J01KB7;INF223J01KC5;10.6643;10.5843;10.6643;14-Mar-2017
138276;PGIM India Short Maturity Fund - Direct Plan - Annual Bonus;INF223J01XC8;;20.4169;20.2638;20.4169;14-Mar-2017
138272;PGIM India Short Maturity Fund - Direct Plan - Weekly Dividend;INF223J01OZ8;INF223J01PA8;10.4408;10.3625;10.4408;14-Mar-2017
138257;PGIM India Short Maturity Fund - Institutional Plan - Growth;INF223J01DG1;;19.0894;18.9462;19.0894;14-Mar-2017
138262;PGIM India Short Maturity Fund - Premium Plus - Growth;INF223J01DN7;;16.7646;16.6389;16.7646;14-Mar-2017
138261;PGIM India Short Maturity Fund - Premium Plus - Quarterly Dividend;INF223J01DR8;;10.6752;10.5951;10.6752;14-Mar-2017
138260;PGIM India Short Maturity Fund - Premium Plus Plan - Monthly Dividend;INF223J01DP2;;10.4017;10.3237;10.4017;14-Mar-2017
138255;PGIM India Short Maturity Fund - Weekly Dividend;INF223J01DX6;INF223J01DY4;10.2125;10.1359;10.2125;14-Mar-2017

Principal Mutual Fund
119463;Principal Short Term Debt Fund - Direct Plan - Income Distribution CUM Capital Withdrawal Plan - Monthly;INF173K01GQ8;INF173K01GR6;12.8473;12.7831;12.8473;14-Mar-2017
101466;Principal Short Term Debt Fund - Income Distribution CUM Capital Withdrawal Option - Monthly;INF173K01BB1;INF173K01BC9;12.8081;12.7441;12.8081;14-Mar-2017
119462;Principal Short Term Debt Fund- Direct Plan - Growth Option;INF173K01GP0;;29.4238;29.2767;29.4238;14-Mar-2017
101465;Principal Short Term Debt Fund- Growth Plan;INF173K01BA3;;28.5462;28.4035;28.5462;14-Mar-2017

SBI Mutual Fund
106230;SBI Short Horizon Debt Fund - Short Term Fund - Retail Dividend - Fortnightly Income Distribution cum Capital Withdrawal Option (IDCW);INF200K01IA9;INF200K01IB7;10.9613;10.9613;10.9613;14-Mar-2017
106229;SBI Short Horizon Debt Fund - Short Term Fund - Retail Dividend - Monthly Income Distribution cum Capital Withdrawal Option (IDCW);INF200K01IC5;INF200K01ID3;11.3514;11.3514;11.3514;14-Mar-2017
106228;SBI Short Horizon Debt Fund - Short Term Fund - Retail Dividend - Weekly Income Distribution cum Capital Withdrawal Option (IDCW);INF200K01IE1;INF200K01IF8;10.9255;10.9255;10.9255;14-Mar-2017
106227;SBI SHORT HORIZON DEBT FUND-SHORT TERM FUND - RETAIL - GROWTH;INF200K01IG6;;21.2265;21.2265;21.2265;14-Mar-2017
119813;SBI Short Term Debt Fund - Direct Plan - Monthly Income Distribution cum Capital Withdrawal Option (IDCW);INF200K01VF1;INF200K01VG9;12.2932;12.2932;12.2932;14-Mar-2017
119816;SBI SHORT TERM DEBT FUND - DIRECT PLAN -GROWTH;INF200K01VE4;;19.0858;19.0858;19.0858;14-Mar-2017
119815;SBI Short Term Debt Fund - Direct Plan Fortnightly Income Distribution cum Capital Withdrawal Option (IDCW);INF200K01VC8;INF200K01VD6;12.8548;12.8548;12.8548;14-Mar-2017
119817;SBI Short Term Debt Fund - Direct Plan Weekly Income Distribution cum Capital Withdrawal Option (IDCW);INF200K01VH7;INF200K01VI5;10.5264;10.5264;10.5264;14-Mar-2017
106233;SBI Short Term Debt Fund - Regular Plan - Monthly Income Distribution cum Capital Withdrawal Option (IDCW);INF200K01HV7;INF200K01HW5;12.0018;12.0018;12.0018;14-Mar-2017
106231;SBI SHORT TERM DEBT FUND - REGULAR PLAN -GROWTH;INF200K01HZ8;;18.7624;18.7624;18.7624;14-Mar-2017
106234;SBI Short Term Debt Fund - Regular Plan Fortnightly Income Distribution cum Capital Withdrawal Option (IDCW);INF200K01HT1;INF200K01HU9;10.2949;10.2949;10.2949;14-Mar-2017
106232;SBI Short Term Debt Fund - Regular Plan Weekly Income Distribution cum Capital Withdrawal Option (IDCW);INF200K01HX3;INF200K01HY1;10.5191;10.5191;10.5191;14-Mar-2017

Sundaram Mutual Fund
119665;Sundaram Short Term Debt Fund Direct Plan - Fortnightly Income Distribution cum Capital Withdrawal (IDCW);INF903J01QP1;INF903J01QQ9;12.9464;12.9464;12.9464;14-Mar-2017
119664;Sundaram Short Term Debt Fund Direct Plan - Growth;INF903J01QR7;;28.8998;28.8998;28.8998;14-Mar-2017
119666;Sundaram Short Term Debt Fund Direct Plan - Income Distribution cum Capital Withdrawal (IDCW);INF903J01QT3;INF903J01QU1;12.6610;12.6610;12.6610;14-Mar-2017
119662;Sundaram Short Term Debt Fund Direct Plan - Weekly Income Distribution cum Capital Withdrawal (IDCW);INF903J01QW7;INF903J01QX5;14.0342;14.0342;14.0342;14-Mar-2017
119667;Sundaram Short Term Debt Fund Direct Plan -Growth;INF903J01RP9;;14.3831;14.3831;14.3831;14-Mar-2017
119663;Sundaram Short Term Debt Fund Direct Plan- Income Distribution cum Capital Withdrawal ( IDCW);INF903J01QV9;;11.8799;11.8799;11.8799;14-Mar-2017
119668;Sundaram Short Term Debt Fund Direct Plan-Income Distribution cum Capital Withdrawal (IDCW);INF903J01QS5;;12.5329;12.5329;12.5329;14-Mar-2017
101565;Sundaram Short Term Debt Fund Regular Plan - Fortnightly Income Distribution cum Capital Withdrawal (IDCW);INF903J01FI9;INF903J01FO7;12.8684;12.8684;12.8684;14-Mar-2017
101563;Sundaram Short Term Debt Fund Regular Plan - Growth;INF903J01FG3;;27.9244;27.9244;27.9244;14-Mar-2017
101566;Sundaram Short Term Debt Fund Regular Plan - Income Distribution cum Capital Withdrawal (IDCW);INF903J01FJ7;INF903J01FP4;12.4971;12.4971;12.4971;14-Mar-2017
101564;Sundaram Short Term Debt Fund Regular Plan - Weekly Income Distribution cum Capital Withdrawal (IDCW);INF903J01FH1;INF903J01FN9;13.8412;13.8412;13.8412;14-Mar-2017
118332;Sundaram Short Term Debt Fund Regular Plan -Growth;INF903J01MF1;;13.9444;13.9444;13.9444;14-Mar-2017
101560;Sundaram Short Term Debt Fund Regular Plan -Income Distribution cum Capital Withdrawal ( IDCW );INF903J01FK5;;11.7441;11.7441;11.7441;14-Mar-2017
101561;Sundaram Short Term Debt Fund Regular Plan- Income Distribution cum Capital Withdrawal (IDCW );INF903J01FL3;;12.1902;12.1902;12.1902;14-Mar-2017
101562;Sundaram Short Term Debt Fund Regular Plan- Income Distribution cum Capital Withdrawal (IDCW);INF903J01FM1;;12.1209;12.1209;12.1209;14-Mar-2017

Tata Mutual Fund
119949;Tata Short Term Bond Fund - Direct Plan - Growth Option;INF277K01QR4;;31.2658;31.1876;31.2658;14-Mar-2017
101548;Tata Short Term Bond Fund -Regular Plan- Growth Option;INF277K01972;;30.3680;30.2921;30.3680;14-Mar-2017
119950;Tata Short Term Bond Fund Direct Plan - Monthly Payout of IDCW Option;INF277K01QP8;INF277K01QQ6;15.1850;15.1470;15.1850;14-Mar-2017
133974;Tata Short Term Bond Fund- Direct Plan - Periodic Payout of IDCW Option;INF277K01P38;INF277K01P46;16.5745;16.5331;16.5745;14-Mar-2017
101547;Tata Short Term Bond Fund- Regular Plan - Monthly Payout of IDCW Option;INF277K01EI9;INF277K01964;14.7416;14.7047;14.7416;14-Mar-2017
133975;Tata Short Term Bond Fund- Regular Plan - Periodic Payout of IDCW Option;INF277K01P12;INF277K01P20;16.0904;16.0502;16.0904;14-Mar-2017

Taurus Mutual Fund
101113;Taurus Short Term Income Fund- Regular Plan - Dividend Option;INF044D01583;INF044D01591;1360.7428;1357.3409;1360.7428;14-Mar-2017
101114;Taurus Short Term Income Fund- Regular Plan - Growth Option;INF044D01617;;2522.0062;2515.7012;2522.0062;14-Mar-2017
118890;Taurus Short Term Income Fund-Direct Plan-Dividend Option;INF044D01CX1;INF044D01CY9;1360.9293;1357.5270;1360.9293;14-Mar-2017
118889;Taurus Short Term Income Fund-Direct Plan-Growth Option;INF044D01CW3;;2545.8946;2539.5299;2545.8946;14-Mar-2017
111438;Taurus Ultra Short Term Bond  Fund - Retail Weekly Dividend Option  #;;INF044D01658;887.2109;887.2109;887.2109;14-Mar-2017
111441;Taurus Ultra Short Term Bond Fund - Institutional Daily Div;;INF044D01674;886.7197;886.7197;886.7197;14-Mar-2017
111445;Taurus Ultra Short Term Bond Fund - Regular Plan - SI Daily Dividend Option;;INF044D01716;886.4794;886.4794;886.4794;14-Mar-2017
111443;Taurus Ultra Short Term Bond Fund - Regular Plan - SI Growth Option;INF044D01708;;1727.0940;1727.0940;1727.0940;14-Mar-2017
111446;Taurus Ultra Short Term Bond Fund - Regular Plan - SI Weekly Dividend Option;;INF044D01724;887.3511;887.3511;887.3511;14-Mar-2017
111435;Taurus Ultra Short Term Bond Fund - Retail Growth Option #;INF044D01625;;1660.3638;1660.3638;1660.3638;14-Mar-2017
111437;Taurus Ultra Short Term Bond Fund - Retails Daily Dividend Option #;;INF044D01633;886.6665;886.6665;886.6665;14-Mar-2017
118895;Taurus Ultra Short Term Bond Fund-Direct Plan-SI Daily Dividend Option;;INF044D01DF6;886.8267;886.8267;886.8267;14-Mar-2017
118894;Taurus Ultra Short Term Bond Fund-Direct Plan-SI Growth Option;INF044D01DH2;;1747.8577;1747.8577;1747.8577;14-Mar-2017
118896;Taurus Ultra Short Term Bond Fund-Direct Plan-SI Weekly Dividend Option;;INF044D01DG4;887.7574;887.7574;887.7574;14-Mar-2017

Union Mutual Fund
117282;Union Short Term Fund - Daily Dividend Option;;INF582M01385;1001.7531;1001.7531;1001.7531;14-Mar-2017
119320;Union Short Term Fund - Direct Plan - Daily Dividend Option;;INF582M01849;1001.7531;1001.7531;1001.7531;14-Mar-2017
119322;Union Short Term Fund - Direct Plan - Fortnightly Dividend Option;INF582M01880;INF582M01864;1003.5400;1003.5400;1003.5400;14-Mar-2017
119318;Union Short Term Fund - Direct Plan - Growth Option;INF582M01831;;1492.3545;1492.3545;1492.3545;14-Mar-2017
119319;Union Short Term Fund - Direct Plan - Monthly Dividend Option;INF582M01898;INF582M01872;1006.3420;1006.3420;1006.3420;14-Mar-2017
119321;Union Short Term Fund - Direct Plan - Weekly Dividend Option;;INF582M01856;1004.0360;1004.0360;1004.0360;14-Mar-2017
117280;Union Short Term Fund - Fortnightly Dividend Option;INF582M01427;INF582M01401;1003.5404;1003.5404;1003.5404;14-Mar-2017
117281;Union Short Term Fund - Growth Option;INF582M01377;;1487.2549;1487.2549;1487.2549;14-Mar-2017
117283;Union Short Term Fund - Monthly Dividend Option;INF582M01435;INF582M01419;1006.3252;1006.3252;1006.3252;14-Mar-2017
117284;Union Short Term Fund - Weekly Dividend Option;;INF582M01393;1004.0360;1004.0360;1004.0360;14-Mar-2017

UTI Mutual Fund
135497;UTI Short Duration Fund - Direct Plan - Annual IDCW;INF789FA1R33;INF789FA1R41;11.1788;11.1788;0;14-Mar-2017
124962;UTI Short Duration Fund - Direct Plan - Flexi IDCW;INF789FB1T70;INF789FB1T62;12.3335;12.3335;0;14-Mar-2017
120718;UTI Short Duration Fund - Direct Plan - Growth Option;INF789F01XY0;;20.1699;20.1699;20.1699;14-Mar-2017
131425;UTI Short Duration Fund - Direct Plan - Half Yearly Dividend Option;INF789FA1R17;INF789FA1R25;12.6149;12.6149;0;14-Mar-2017
131548;UTI Short Duration Fund - Direct Plan - Monthly IDCW;INF789F01XZ7;INF789F01YA8;10.7995;10.7995;0;14-Mar-2017
120719;UTI Short Duration Fund - Direct Plan - Quarterly IDCW;INF789FA1R66;INF789FA1R74;12.7825;12.7825;12.7825;14-Mar-2017
106383;UTI Short Duration Fund - Discontinued Regular Option - Dividend Sub Option;INF789F01AH3;INF789F01AI1;15.3996;15.3996;15.3996;14-Mar-2017
106384;UTI Short Duration Fund - Discontinued Regular Option -Growth Sub Option;INF789F01AJ9;;28.6602;28.6602;28.6602;14-Mar-2017
134517;UTI Short Duration Fund - Regular Plan - Annual IDCW;INF789FA1Q91;INF789FA1R09;11.1803;11.1803;0;14-Mar-2017
125045;UTI Short Duration Fund - Regular Plan - Flexi IDCW;INF789FB1T54;INF789FB1T47;12.5161;12.5161;0;14-Mar-2017
106624;UTI Short Duration Fund - Regular Plan - Growth Option;INF789F01QA4;;19.7927;19.7927;19.7927;14-Mar-2017
131424;UTI Short Duration Fund - Regular Plan - Half-Yearly IDCW;INF789FA1Q75;INF789FA1Q83;10.7653;10.7653;0;14-Mar-2017
131547;UTI Short Duration Fund - Regular Plan - Monthly IDCW;INF789F01QB2;INF789F01QC0;10.5579;10.5579;0;14-Mar-2017
106980;UTI Short Duration Fund - Regular Plan - Quarterly IDCW;INF789FC1GD5;INF789FA1R58;12.3015;12.3015;12.3015;14-Mar-2017

Open Ended Schemes ( Debt Scheme - Medium Duration Fund )


Aditya Birla Sun Life Mutual Fund
119540;Aditya Birla Sun Life Medium Term Plan - DIRECT - HALF YEARLY IDCW;INF209KA1KN3;;11.6669;11.5502;11.6669;14-Mar-2017
119538;Aditya Birla Sun Life Medium Term Plan - Direct - IDCW;INF209KA1KO1;;15.3625;15.2089;15.3625;14-Mar-2017
119541;Aditya Birla Sun Life Medium Term Plan - DIRECT - Quarterly IDCW;INF209KA1KP8;;10.4707;10.3660;10.4707;14-Mar-2017
119539;Aditya Birla Sun Life Medium Term Plan - Growth - Direct Plan;INF209K01XA9;;20.7302;20.5229;20.7302;14-Mar-2017
111803;Aditya Birla Sun Life Medium Term Plan - Growth - Regular Plan;INF209K01603;;20.2164;20.0142;20.2164;14-Mar-2017
111804;Aditya Birla Sun Life Medium Term Plan - Institutional - Growth Plan;INF209K01660;;19.6269;19.4306;19.6269;14-Mar-2017
111811;Aditya Birla Sun Life Medium Term Plan - REGULAR - HALFYEARLY IDCW;INF209K01595;INF209K01CZ0;11.3012;11.1882;11.3012;14-Mar-2017
111812;Aditya Birla Sun Life Medium Term Plan - Regular - IDCW;INF209K01611;INF209K01DA1;14.9861;14.8362;14.9861;14-Mar-2017
111809;Aditya Birla Sun Life Medium Term Plan - REGULAR - Quarterly IDCW;INF209K01637;INF209KB1OJ2;10.4390;10.3346;10.4390;14-Mar-2017

Axis Mutual Fund
120475;Axis Strategic Bond Fund - Direct Plan - Growth Option;INF846K01DT0;;16.1787;16.0169;16.1787;14-Mar-2017
120474;Axis Strategic Bond Fund - Direct Plan - Half Yearly IDCW;INF846K01DU8;INF846K01DV6;11.4615;11.3469;11.4615;14-Mar-2017
120476;Axis Strategic Bond Fund - Direct Plan - Quarterly IDCW;INF846K01DW4;INF846K01DX2;11.1615;11.0499;11.1615;14-Mar-2017
116894;Axis Strategic Bond Fund - Regular Plan - Growth Option;INF846K01BP2;;15.5732;15.4175;15.5732;14-Mar-2017
116896;Axis Strategic Bond Fund - Regular Plan - Half Yearly IDCW;INF846K01BR8;INF846K01BT4;11.2687;11.1560;11.2687;14-Mar-2017
116895;Axis Strategic Bond Fund - Regular Plan - Quarterly IDCW;INF846K01BQ0;INF846K01BS6;10.6545;10.5480;10.6545;14-Mar-2017

Bandhan Mutual Fund
108730;BANDHAN Bond Fund - Medium Term - Regular Plan - Bi-Monthly IDCW;INF194K01KF9;INF194K01KE2;11.4579;11.4579;11.4579;14-Mar-2017
108731;BANDHAN Bond Fund - Medium Term - Regular Plan - Daily IDCW;INF194K01JW6;INF194K01JV8;10.1907;10.1907;10.1907;14-Mar-2017
108729;BANDHAN Bond Fund - Medium Term - Regular Plan - Fortnightly IDCW;INF194K01KI3;INF194K01KH5;10.1432;10.1432;10.1432;14-Mar-2017
108728;BANDHAN Bond Fund - Medium Term - Regular Plan - Growth;INF194K01JU0;;27.4859;27.4859;27.4859;14-Mar-2017
113169;BANDHAN Bond Fund - Medium Term - Regular Plan - IDCW Quarterly;INF194K01JZ9;INF194K01JY2;10.7556;10.7556;10.7556;14-Mar-2017
108727;BANDHAN Bond Fund - Medium Term - Regular Plan - Monthly IDCW;INF194K01KC6;INF194K01KB8;10.1574;10.1574;10.1574;14-Mar-2017
131385;BANDHAN Bond Fund - Medium Term - Regular Plan - Periodic IDCW;INF194KA1TA8;INF194KA1TB6;12.5511;12.5511;12.5511;14-Mar-2017
118399;BANDHAN Bond Fund - Medium Term Plan-Direct Plan-Bi Monthly IDCW;INF194K01T59;INF194K01T42;11.7292;11.7292;11.7292;14-Mar-2017
118400;BANDHAN Bond Fund - Medium Term Plan-Direct Plan-Daily IDCW;;INF194K01S68;10.4121;10.4121;10.4121;14-Mar-2017
118404;BANDHAN Bond Fund - Medium Term Plan-Direct Plan-Fortnightly IDCW;INF194K01T83;INF194K01T75;10.1308;10.1308;10.1308;14-Mar-2017
118401;BANDHAN Bond Fund - Medium Term Plan-Direct Plan-Growth;INF194K01S50;;28.2986;28.2986;28.2986;14-Mar-2017
118402;BANDHAN Bond Fund - Medium Term Plan-Direct Plan-Monthly IDCW;INF194K01T26;INF194K01T18;10.4220;10.4220;10.4220;14-Mar-2017
131384;BANDHAN Bond Fund - Medium Term Plan-Direct Plan-Periodic IDCW;INF194KA1TD2;INF194KA1TE0;12.6244;12.6244;12.6244;14-Mar-2017
118403;BANDHAN Bond Fund - Medium Term Plan-Direct Plan-Quartely IDCW;INF194K01S92;INF194K01S84;10.8706;10.8706;10.8706;14-Mar-2017

BNP Paribas Mutual Fund
127320;BNP Paribas Medium Term Fund - Annual Income Distribution cum Capital Withdrawal Option;INF251K01LP4;INF251K01LZ3;11.0681;11.0681;11.0681;14-Mar-2017
127307;BNP Paribas Medium Term Fund - Calendar Quarterly Income Distribution cum Capital Withdrawal Option;INF251K01LQ2;INF251K01MA4;10.3054;10.3054;10.3054;14-Mar-2017
127315;BNP Paribas Medium Term Fund - Direct Plan - Annual Income Distribution cum Capital Withdrawal Option;INF251K01LY6;INF251K01MG1;10.0000;10.0000;10.0000;14-Mar-2017
127311;BNP Paribas Medium Term Fund - Direct Plan - Calendar Quarterly Income Distribution cum Capital Withdrawal Option;INF251K01LW0;INF251K01ME6;10.0000;10.0000;10.0000;14-Mar-2017
127305;BNP Paribas Medium Term Fund - Direct Plan - Growth Option;INF251K01LU4;;13.2967;13.2967;13.2967;14-Mar-2017
127313;BNP Paribas Medium Term Fund - Direct Plan - Half yearly Income Distribution cum Capital Withdrawal Option;INF251K01LX8;INF251K01MF3;10.0000;10.0000;10.0000;14-Mar-2017
127310;BNP Paribas Medium Term Fund - Direct Plan - Monthly Income Distribution cum Capital Withdrawal Option;INF251K01LV2;INF251K01MD8;10.0000;10.0000;10.0000;14-Mar-2017
127304;BNP Paribas Medium Term Fund - Growth Option;INF251K01LT6;;12.9739;12.9739;12.9739;14-Mar-2017
127319;BNP Paribas Medium Term Fund - Half Yearly Income Distribution cum Capital Withdrawal Option;INF251K01LR0;INF251K01MB2;10.5311;10.5311;10.5311;14-Mar-2017
127308;BNP Paribas Medium Term Fund - Monthly Income Distribution cum Capital Withdrawal Option;INF251K01LS8;INF251K01MC0;10.1285;10.1285;10.1285;14-Mar-2017

DSP Mutual Fund
118924;DSP Bond Fund - Direct Plan - Growth;INF740K01MZ3;;52.6293;52.1030;52.6293;14-Mar-2017
118922;DSP Bond Fund - Direct Plan - IDCW;INF740K01NB2;INF740K01ND8;11.7780;11.6602;11.7780;14-Mar-2017
118921;DSP Bond Fund - Direct Plan - IDCW - Monthly;INF740K01NA4;INF740K01NC0;10.8229;10.7147;10.8229;14-Mar-2017
100078;DSP Bond Fund - Growth;INF740K01557;;51.1806;50.6688;51.1806;14-Mar-2017
100077;DSP Bond Fund - IDCW;INF740K01565;INF740K01995;11.6109;11.4948;11.6109;14-Mar-2017
100079;DSP Bond Fund - IDCW - Monthly;INF740K01573;INF740K01AA1;10.7133;10.6062;10.7133;14-Mar-2017

Franklin Templeton Mutual Fund
118554;Franklin India Income Opportunities Fund - Direct - Growth;INF090I01JI9;;19.5965;19.0086;19.5965;14-Mar-2017
118555;Franklin India Income Opportunities Fund - Direct - IDCW ;INF090I01JG3;INF090I01JH1;11.5526;11.2060;11.5526;14-Mar-2017
112304;Franklin India Income Opportunities Fund - Growth;INF090I01445;;18.9447;18.3764;18.9447;14-Mar-2017
112305;Franklin India Income Opportunities Fund - IDCW ;INF090I01452;INF090I01460;11.1620;10.8271;11.1620;14-Mar-2017

Groww Mutual Fund
121153;Indiabulls Income Fund - Direct Plan - Growth Option;INF666M01642;;13.7664;13.7664;13.7664;14-Mar-2017
121156;Indiabulls Income Fund - Direct Plan - Half Yearly Dividend Option;INF666M01709;INF666M01675;11.7809;11.7809;11.7809;14-Mar-2017
121154;Indiabulls Income Fund - Direct Plan - Monthly Dividend Option;INF666M01683;INF666M01659;10.3655;10.3655;10.3655;14-Mar-2017
121155;Indiabulls Income Fund - Direct Plan - Quarterly Dividend Option;INF666M01691;INF666M01667;11.8100;11.8100;11.8100;14-Mar-2017
121158;Indiabulls Income Fund - Regular Plan - Growth Option;INF666M01717;;13.1914;13.1914;13.1914;14-Mar-2017
121157;Indiabulls Income Fund - Regular Plan - Half Yearly Dividend Option;INF666M01774;INF666M01741;11.5442;11.5442;11.5442;14-Mar-2017
121159;Indiabulls Income Fund - Regular Plan - Monthly Dividend Option;INF666M01758;INF666M01725;10.1061;10.1061;10.1061;14-Mar-2017
121160;Indiabulls Income Fund - Regular Plan - Quarterly Dividend Option;INF666M01766;INF666M01733;11.8850;11.8850;11.8850;14-Mar-2017

HDFC Mutual Fund
101990;HDFC Medium Term Debt Fund - Fornightly IDCW Option;INF179K01897;INF179K01905;10.5283;10.5283;10.5283;14-Mar-2017
119080;HDFC Medium Term Debt Fund - Fortnightly IDCW Opt - Direct Plan;INF179KA1NP8;INF179KA1NO1;10.6599;10.6599;10.6599;14-Mar-2017
101989;HDFC Medium Term Debt Fund - Growth Option;INF179K01913;;32.4016;32.4016;32.4016;14-Mar-2017
119081;HDFC Medium Term Debt Fund - Growth Option - Direct Plan;INF179K01WI9;;33.0509;33.0509;33.0509;14-Mar-2017
132852;HDFC Medium Term Debt Fund - IDCW Option;INF179KA1E16;INF179KA1E08;12.2939;12.2939;12.2939;14-Mar-2017
132853;HDFC Medium Term Debt Fund - IDCW Option - Direct Plan;INF179KA1D90;INF179KA1D82;12.3741;12.3741;12.3741;14-Mar-2017

ICICI Prudential Mutual Fund
132981;ICICI Prudential Medium Term Bond Fund - Annual IDCW;INF109KA12G3;INF109KA13G1;11.1893;11.0774;11.1893;14-Mar-2017
130935;ICICI Prudential Medium Term Bond Fund - Bonus;INF109KA1B99;;12.0898;11.9689;12.0898;14-Mar-2017
120670;ICICI Prudential Medium Term Bond Fund - Direct Plan - Growth;INF109K015A5;;26.0104;25.7503;26.0104;14-Mar-2017
120672;ICICI Prudential Medium Term Bond Fund - Direct Plan - Half Yearly IDCW;INF109K016A3;INF109K017A1;11.1802;11.0684;11.1802;14-Mar-2017
120671;ICICI Prudential Medium Term Bond Fund - Direct Plan - Quarterly IDCW;INF109K018A9;INF109K019A7;11.0134;10.9033;11.0134;14-Mar-2017
130936;ICICI Prudential Medium Term Bond Fund - Direct Plan Bonus;INF109KA1B81;;12.7349;12.6076;12.7349;14-Mar-2017
102741;ICICI Prudential Medium Term Bond Fund - Growth;INF109K01AH4;;25.0888;24.8379;25.0888;14-Mar-2017
117330;ICICI Prudential Medium Term Bond Fund - Half Yearly IDCW;INF109K01B53;INF109K01B61;10.8239;10.7157;10.8239;14-Mar-2017
113137;ICICI Prudential Medium Term Bond Fund - Quarterly IDCW;INF109K01UF6;INF109K01IO3;10.4941;10.3892;10.4941;14-Mar-2017
132982;ICICI Prudential Medium Term Bond Fund -Direct Plan - Annual IDCW;INF109KA10G7;INF109KA11G5;12.0134;11.8933;12.0134;14-Mar-2017
117706;ICICI Prudential Medium Term Bond Fund Plan B - Half Yearly Dividend;INF109K01B87;;10.7571;10.6495;10.7571;14-Mar-2017
113138;ICICI Prudential Medium Term Bond Fund Plan B - Quarterly Dividend;INF109K01UI0;INF109K01IQ8;10.3890;10.2851;10.3890;14-Mar-2017
102743;ICICI Prudential Medium Term Bond Fund-Plan B-Growth;INF109K01AJ0;;25.9250;25.6658;25.9250;14-Mar-2017

Kotak Mahindra Mutual Fund
128008;Kotak Medium Term Fund - Direct - Quarterly Payout of Income Distribution cum capital withdrawal option;INF174K01VR3;INF174K01VT9;10.5756;10.5756;10.5756;14-Mar-2017
128079;Kotak Medium Term Fund - Direct - Standard Income Distribution cum capital withdrawal option;INF174K01VSI;INF174K01VU7;13.8169;13.8169;13.8169;14-Mar-2017
128006;Kotak Medium Term Fund - Direct Growth;INF174K01VQ5;;13.7838;13.7838;13.7838;14-Mar-2017
128009;Kotak Medium Term Fund - Growth;INF174K01VL6;;13.3886;13.3886;13.3886;14-Mar-2017
128007;Kotak Medium Term Fund - Quarterly Payout of Income Distribution cum capital withdrawal option;INF174K01VM4;INF174K01VO0;10.55;10.55;10.55;14-Mar-2017
128078;Kotak Medium Term Fund - Standard Income Distribution cum capital withdrawal option;INF174K01VN2;INF174K01VP7;11.2665;11.2665;11.2665;14-Mar-2017

L&T Mutual Fund
134425;L&T Resurgent India  Bond Fund - Direct Plan - Annual IDCW;INF917K01WF8;INF917K01WC5;11.6045;11.3724;11.6045;14-Mar-2017
133604;L&T Resurgent India  Bond Fund - Direct Plan - Growth;INF917K01TK4;;12.2597;12.0145;12.2597;14-Mar-2017
133606;L&T Resurgent India  Bond Fund - Direct Plan - IDCW;INF917K01TM0;INF917K01TL2;10.9411;10.7223;10.9411;14-Mar-2017
134426;L&T Resurgent India  Bond Fund - Regular Plan - Annual IDCW;INF917K01WE1;INF917K01WD3;11.4754;11.2459;11.4754;14-Mar-2017
133607;L&T Resurgent India  Bond Fund - Regular Plan - Growth;INF917K01TH0;;12.0406;11.7998;12.0406;14-Mar-2017
133605;L&T Resurgent India  Bond Fund - Regular Plan - IDCW;INF917K01TJ6;INF917K01TI8;10.7323;10.5177;10.7323;14-Mar-2017

Nippon India Mutual Fund
130056;NIPPON INDIA MEDIUJM DURATION FUND - QUARTERLY IDCW Option;INF204KA1QC8;INF204KA1QE4;10.5669;10.4612;10.5669;14-Mar-2017
130051;Nippon India Medium Duration  Fund - Bonus Option;INF204KA1QA2;;12.9970;12.8670;12.9970;14-Mar-2017
130052;Nippon India Medium Duration Fund - Direct Plan - Bonus Option;INF204KA1QG9;;13.2914;13.1585;13.2914;14-Mar-2017
130050;Nippon India Medium Duration Fund - Direct Plan - Growth Option;INF204KA1QF1;;13.2914;13.1585;13.2914;14-Mar-2017
130054;NIPPON INDIA MEDIUM DURATION FUND - DIRECT Plan - IDCW Option;INF204KA1QH7;INF204KA1QJ3;11.2094;11.0973;11.2094;14-Mar-2017
130055;NIPPON INDIA MEDIUM DURATION FUND - DIRECT Plan - QUARTERLY IDCW Option;INF204KA1QI5;INF204KA1QK1;10.6107;10.5046;10.6107;14-Mar-2017
130037;Nippon India Medium Duration Fund - Growth Option;INF204KA1PZ1;;12.9970;12.8670;12.9970;14-Mar-2017
130053;NIPPON INDIA MEDIUM DURATION FUND - IDCW Option;INF204KA1QB0;INF204KA1QD6;11.1214;11.0102;11.1214;14-Mar-2017

PGIM India Mutual Fund
138696;DHFL Pramerica Medium Term Fund - Direct Plan - Annual Dividend;INF223JA1MH6;INF223JA1MI4;9.8683;9.7696;9.8683;14-Mar-2017
138697;DHFL Pramerica Medium Term Fund - Direct Plan - Monthly Dividend;INF223JA1MD5;;10.8305;10.7222;10.8305;14-Mar-2017
138700;DHFL Pramerica Medium Term Fund - Regular Plan - Monthly Dividend;INF223JA1LX5;INF223JA1LY3;10.699;10.592;10.699;14-Mar-2017
138695;DHFL Pramerica Medium Term Fund - Regular Plan - Quarterly Dividend;INF223JA1LZ0;;9.8536;9.7551;9.8536;14-Mar-2017
138692;DHFL Pramerica Medium Term Fund- Direct Plan - Regular Dividend;INF223J01N46;INF223J01N53;12.2209;12.0987;12.2209;14-Mar-2017
138693;DHFL Pramerica Medium Term Fund- Direct Plan- Growth;INF223J01N61;;13.9821;13.8423;13.9821;14-Mar-2017
138691;DHFL Pramerica Medium Term Fund- Regular Plan - Regular Dividend;INF223J01N12;INF223J01N20;11.969;11.8493;11.969;14-Mar-2017
138694;DHFL Pramerica Medium Term Fund- Regular Plan- Growth;INF223J01N38;;13.701;13.564;13.701;14-Mar-2017

SBI Mutual Fund
119824;SBI MAGNUM MEDIUM DURATION FUND - DIRECT PLAN - GROWTH;INF200K01VB0;;28.8067;28.3746;28.8067;14-Mar-2017
119825;SBI Magnum Medium Duration Fund - Direct Plan - Income Distribution cum Capital Withdrawal Option (IDCW);INF200K01UZ1;INF200K01VA2;13.2997;13.1002;13.2997;14-Mar-2017
102053;SBI MAGNUM MEDIUM DURATION FUND - REGULAR PLAN - GROWTH;INF200K01719;;27.9621;27.5427;27.9621;14-Mar-2017
102054;SBI Magnum Medium Duration Fund - Regular Plan - Income Distribution cum Capital Withdrawal Option (IDCW);INF200K01727;INF200K01735;12.9553;12.761;12.9553;14-Mar-2017

Sundaram Mutual Fund
119675;Sundaram Medium Duration Fund (Formerly Known as Sundaram Medium Term Bond Fund) Direct Plan - Growth;INF903J01PO6;;47.0033;46.5333;47.0033;14-Mar-2017
119676;Sundaram Medium Duration Fund (Formerly Known as Sundaram Medium Term Bond Fund) Direct Plan -Income Distribution cum Capital Withdrawal (IDCW);INF903J01PH0;INF903J01PM0;12.5182;12.3930;12.5182;14-Mar-2017
119672;Sundaram Medium Duration Fund (Formerly Known as Sundaram Medium Term Bond Fund) Direct Plan-Income Distribution cum Capital Withdrawal (IDCW);INF903J01PK4;INF903J01PL2;19.5187;19.3235;19.5187;14-Mar-2017
100608;Sundaram Medium Duration Fund (Formerly Known as Sundaram Medium Term Bond Fund) Institutional Plan - Growth;INF903J01FY6;;51.3575;50.8439;51.3575;14-Mar-2017
100603;Sundaram Medium Duration Fund (Formerly Known as Sundaram Medium Term Bond Fund) Regular Plan - Growth;INF903J01FQ2;;45.4370;44.9826;45.4370;14-Mar-2017
100604;Sundaram Medium Duration Fund (Formerly Known as Sundaram Medium Term Bond Fund) Regular Plan -Growth;INF903J01FX8;;15.5187;15.3635;15.5187;14-Mar-2017
100610;Sundaram Medium Duration Fund (Formerly Known as Sundaram Medium Term Bond Fund) Regular Plan -Income Distribution cum Capital Withdrawal (IDCW);INF903J01FT6;INF903J01FW0;12.1183;11.9971;12.1183;14-Mar-2017
100609;Sundaram Medium Duration Fund (Formerly Known as Sundaram Medium Term Bond Fund) Regular Plan- Income Distribution cum Capital Withdrawal(IDCW);INF903J01FS8;INF903J01FV2;12.1386;12.0172;12.1386;14-Mar-2017
100602;Sundaram Medium Duration Fund (Formerly Known as Sundaram Medium Term Bond Fund) Regular Plan-Income Distribution cum Capital Withdrawal(IDCW);INF903J01FR0;INF903J01FU4;11.9202;11.8010;11.9202;14-Mar-2017

Tata Mutual Fund
101703;Tata Medium Term Fund -Regular Plan - Growth Option;INF277K01717;;25.2817;25.0289;25.2817;14-Mar-2017
119126;Tata Medium Term Fund- Direct Plan - Payout of IDCW Option;INF277K01PG9;INF277K01PH7;13.4883;13.3534;13.4883;14-Mar-2017
119127;Tata Medium Term Fund- Direct Plan- Growth Option;INF277K01PI5;;26.4366;26.1722;26.4366;14-Mar-2017
101605;Tata Medium Term Fund- Regular Plan - Payout of IDCW option;INF277K01DW2;INF277K01709;12.9265;12.7972;12.9265;14-Mar-2017
101704;Tata Medium Term Fund B - Growth Option;INF277K01733;;26.4294;26.1651;26.4294;14-Mar-2017
101606;Tata Medium Term Fund B - Income / Bonus Option;INF277K01DX0;;14.4473;14.3028;14.4473;14-Mar-2017

UTI Mutual Fund
134505;UTI Medium Duration Fund - Direct Plan - Annual IDCW;INF789FB1KL1;INF789FB1KM9;11.3583;11.3583;0;14-Mar-2017
134506;UTI Medium Duration Fund - Direct Plan - Flexi IDCW;INF789FB1KO5;INF789FB1KN7;11.3595;11.3595;0;14-Mar-2017
134503;UTI Medium Duration Fund - Direct Plan - Growth Option;INF789FB1KE6;;12.0177;12.0177;0;14-Mar-2017
134504;UTI Medium Duration Fund - Direct Plan - Half-Yearly IDCW;INF789FB1KJ5;INF789FB1KK3;11.051;11.051;0;14-Mar-2017
134501;UTI Medium Duration Fund - Direct Plan - Monthly IDCW;INF789FB1KF3;INF789FB1KG1;10.5537;10.5537;0;14-Mar-2017
134502;UTI Medium Duration Fund - Direct Plan - Quarterly IDCW;INF789FB1KH9;INF789FB1KI7;10.8836;10.8836;0;14-Mar-2017
134500;UTI Medium Duration Fund - Regular Plan - Annual IDCW;INF789FB1KA4;INF789FB1KB2;11.1796;11.1796;0;14-Mar-2017
134498;UTI Medium Duration Fund - Regular Plan - Flexi IDCW;INF789FB1KC0;INF789FB1KD8;9.9939;9.9939;0;14-Mar-2017
134499;UTI Medium Duration Fund - Regular Plan - Growth Option;INF789FB1JU4;;11.8368;11.8368;0;14-Mar-2017
134497;UTI Medium Duration Fund - Regular Plan - Half-Yearly IDCW;INF789FB1JY6;INF789FB1JZ3;10.8687;10.8687;0;14-Mar-2017
134495;UTI Medium Duration Fund - Regular Plan - Monthly IDCW;INF789FB1JV2;INF789FB1KP2;10.3805;10.3805;0;14-Mar-2017
134496;UTI Medium Duration Fund - Regular Plan - Quarterly IDCW;INF789FB1JW0;INF789FB1JX8;10.7082;10.7082;0;14-Mar-2017

Open Ended Schemes ( Debt Scheme - Medium to Long Duration Fund )


Aditya Birla Sun Life Mutual Fund
111777;Aditya Birla Sun Life Income Fund (Discipline Advantage Plan);INF209K01LD8;;18.0568;18.0568;18.0568;14-Mar-2017
133446;Aditya Birla Sun Life Income Fund - Direct - IDCW;INF209KA1WL2;INF209KA1WM0;11.5832;11.5832;11.5832;14-Mar-2017
119655;Aditya Birla Sun Life Income Fund - Direct - Quarterly IDCW;INF209K01R13;INF209K01WZ8;13.3530;13.3530;13.3530;14-Mar-2017
119657;Aditya Birla Sun Life Income Fund - Growth - Direct Plan;INF209K01WY1;;73.7445;73.7445;73.7445;14-Mar-2017
100038;Aditya Birla Sun Life Income Fund - Growth - Regular Plan;INF209K01579;;71.5729;71.5729;71.5729;14-Mar-2017
133445;Aditya Birla Sun Life Income Fund - Regular - IDCW;INF209KA1WJ6;INF209KA1WK4;11.3784;11.3784;11.3784;14-Mar-2017
100037;Aditya Birla Sun Life Income Fund - Regular - Quarterly IDCW;INF209K01587;INF209K01CY3;12.8801;12.8801;12.8801;14-Mar-2017

Bandhan Mutual Fund
108766;BANDHAN Bond Fund - Income Plan - Regular Plan - Annual IDCW;INF194K01IN7;INF194K01IM9;12.2957;12.2957;12.2957;14-Mar-2017
108765;BANDHAN Bond Fund - Income Plan - Regular Plan - Growth;INF194K01IL1;;39.6956;39.6956;39.6956;14-Mar-2017
108763;BANDHAN Bond Fund - Income Plan - Regular Plan - Half-yearly IDCW;INF194K01IQ0;INF194K01IP2;11.8218;11.8218;11.8218;14-Mar-2017
131387;BANDHAN Bond Fund - Income Plan - Regular Plan - Periodic IDCW;INF194KA1SU8;INF194KA1SV6;13.0345;13.0345;13.0345;14-Mar-2017
108764;BANDHAN Bond Fund - Income Plan - Regular Plan - Quarterly IDCW;INF194K01IT4;INF194K01IS6;11.5468;11.5468;11.5468;14-Mar-2017
118393;BANDHAN Bond Fund - Income Plan-Direct Plan-Annual IDCW;INF194K01R77;INF194K01R69;16.9103;16.9103;16.9103;14-Mar-2017
118394;BANDHAN Bond Fund - Income Plan-Direct Plan-Growth;INF194K01R51;;41.0301;41.0301;41.0301;14-Mar-2017
118396;BANDHAN Bond Fund - Income Plan-Direct Plan-Quarterly IDCW;INF194K01S35;INF194K01S27;11.9065;11.9065;11.9065;14-Mar-2017
108768;BANDHAN Bond Fund - Short Term - Regular Plan - Growth;INF194K01HF5;;33.1570;33.1570;33.1570;14-Mar-2017
108767;BANDHAN Bond Fund - Short Term - Regular Plan - Monthly IDCW;INF194K01HH1;INF194K01HG3;10.1536;10.1536;10.1536;14-Mar-2017

Bank of India Mutual Fund
119395;BANK OF INDIA Conservative Hybrid  Fund-Direct Plan-Quarterly IDCW;INF761K01850;INF761K01843;11.2898;11.1769;11.2898;14-Mar-2017
111718;BANK OF INDIA Conservative Hybrid  Fund-ECO Plan-Quarterly IDCW;INF761K01439;INF761K01421;10.5476;10.4421;0.0000;14-Mar-2017
119393;BANK OF INDIA Conservative Hybrid Fund Fund-Direct Plan-Growth;INF761K01819;;19.2238;19.0316;19.2238;14-Mar-2017
119396;BANK OF INDIA Conservative Hybrid Fund-Direct Plan-Annual IDCW;INF761K01793;INF761K01801;10.1645;10.0629;10.1645;14-Mar-2017
119394;BANK OF INDIA Conservative Hybrid Fund-Direct Plan-Monthly IDCW;INF761K01835;INF761K01827;10.3916;10.2877;10.3916;14-Mar-2017
111715;BANK OF INDIA Conservative Hybrid Fund-ECO Plan-Growth;INF761K01397;;19.1464;18.9549;0.0000;14-Mar-2017
111717;BANK OF INDIA Conservative Hybrid Fund-ECO Plan-Monthly IDCW;INF761K01413;INF761K01405;17.3779;17.2041;0.0000;14-Mar-2017
111714;BANK OF INDIA Conservative Hybrid Fund-Regular Plan-Annual IDCW;INF761K01454;INF761K01447;10.5378;10.4324;10.5378;14-Mar-2017
111712;BANK OF INDIA Conservative Hybrid Fund-Regular Plan-Growth;INF761K01462;;18.9194;18.7302;18.9194;14-Mar-2017
111716;BANK OF INDIA Conservative Hybrid Fund-Regular Plan-Monthly IDCW;INF761K01488;INF761K01470;12.2941;12.1712;12.2941;14-Mar-2017
111713;BANK OF INDIA Conservative Hybrid Fund-Regular Plan-Quarterly IDCW;INF761K01504;INF761K01496;11.1857;11.0738;11.1857;14-Mar-2017

Baroda BNP Paribas Mutual Fund
101155;BARODA INCOME FUND - Plan A - Dividend Option;INF955L01211;INF955L01229;22.0603;21.8397;22.0603;14-Mar-2017
101154;BARODA INCOME FUND - Plan A - Growth Option;INF955L01237;;25.0616;24.8110;25.0616;14-Mar-2017
119361;BARODA INCOME FUND - Plan B (Direct) - Dividend Option;INF955L01BO2;;22.2388;22.0164;22.2388;14-Mar-2017
119362;BARODA INCOME FUND - Plan B (Direct) - Growth Option;INF955L01BQ7;;25.9637;25.7041;25.9637;14-Mar-2017

Canara Robeco Mutual Fund
118282;CANARA ROBECO INCOME FUND - DIRECT PLAN - GROWTH OPTION;INF760K01FI1;;35.1130;35.1130;35.1130;14-Mar-2017
118281;CANARA ROBECO INCOME FUND - DIRECT PLAN - QUARTERLY IDCW (Payout/Reinvestment);INF760K01FG5;INF760K01FH3;15.0734;15.0734;15.0734;14-Mar-2017
101588;CANARA ROBECO INCOME FUND - REGULAR PLAN - GROWTH OPTION;INF760K01324;;34.1856;34.1856;34.1856;14-Mar-2017
101587;CANARA ROBECO INCOME FUND - REGULAR PLAN - QUARTERLY IDCW (Payout/Reinvestment);INF760K01340;INF760K01357;14.6557;14.6557;14.6557;14-Mar-2017

HDFC Mutual Fund
100124;HDFC Income Fund - Growth Option;INF179K01962;;36.6947;36.6947;36.6947;14-Mar-2017
119069;HDFC Income Fund - Growth Option - Direct Plan;INF179K01WL3;;38.0678;38.0678;38.0678;14-Mar-2017
133365;HDFC Income Fund - Normal IDCW - Direct Plan;INF179KA1Q12;;12.0389;12.0389;12.0389;14-Mar-2017
133366;HDFC Income Fund - Normal IDCW Option;INF179KA1Q38;;11.5708;11.5708;11.5708;14-Mar-2017
100123;HDFC Income Fund - Quarterly IDCW Option;INF179K01947;INF179K01954;11.0631;11.0631;11.0631;14-Mar-2017
119068;HDFC Income Fund - Quarterly IDCW- Direct Plan;INF179K01WJ7;INF179K01WK5;11.4957;11.4957;11.4957;14-Mar-2017

HSBC Mutual Fund
120059;HSBC Medium to Long Duration Fund - Direct Growth;INF336L01DE2;;27.7512;27.7512;27.7512;14-Mar-2017
101685;HSBC Medium to Long Duration Fund - Regular Growth;INF336L01776;;26.8478;26.8478;26.8478;14-Mar-2017
101686;HSBC Medium to Long Duration Fund - Regular Quarterly IDCW;INF336L01784;INF336L01792;11.0349;11.0349;11.0349;14-Mar-2017

ICICI Prudential Mutual Fund
130932;ICICI Prudential Bond Fund - Bonus;INF109KA1C72;;11.7163;11.5991;11.7163;14-Mar-2017
120619;ICICI Prudential Bond Fund - Direct Plan - Growth;INF109K01V83;;22.9400;22.7106;22.9400;14-Mar-2017
131480;ICICI Prudential Bond Fund - Direct Plan - Half Yearly IDCW;INF109KA1X77;INF109KA1X69;10.6289;10.5226;10.6289;14-Mar-2017
120617;ICICI Prudential Bond Fund - Direct Plan - IDCW Monthly;INF109K01V59;INF109K01V67;11.3397;11.2263;11.3397;14-Mar-2017
120618;ICICI Prudential Bond Fund - Direct Plan - IDCW Quarterly;INF109K01V75;INF109K01V91;11.0308;10.9205;11.0308;14-Mar-2017
109740;ICICI Prudential Bond Fund - Growth;INF109K01BO8;;22.6336;22.4073;22.6336;14-Mar-2017
131481;ICICI Prudential Bond Fund - Half Yearly IDCW;INF109KA1X51;INF109KA1X44;10.9514;10.8419;10.9514;14-Mar-2017
109741;ICICI Prudential Bond Fund - IDCW Monthly;INF109K01EU9;INF109K01BP5;11.2334;11.1211;11.2334;14-Mar-2017
109743;ICICI Prudential Bond Fund - IDCW Quarterly;INF109K01EV7;INF109K01BS9;10.6976;10.5906;10.6976;14-Mar-2017
109742;ICICI Prudential Bond Fund- Institutional Growth;INF109K01BQ3;;19.7992;19.6012;19.7992;14-Mar-2017
109744;ICICI Prudential Bond Fund- Institutional Monthly Dividend;INF109K01ES3;INF109K01BR1;10.4843;10.3795;10.4843;14-Mar-2017
109745;ICICI Prudential Bond Fund- Institutional Quarterly Dividend;INF109K01ET1;INF109K01BT7;11.0935;10.9826;11.0935;14-Mar-2017

JM Financial Mutual Fund
120428;JM Medium to Long Duration Fund (Direct) - Bonus Option - Principal Units;INF192K01CX3;;20.1153;20.1153;20.1153;14-Mar-2017
120430;JM Medium to Long Duration Fund (Direct) - Growth Option;INF192K01CW5;;46.9451;46.9451;46.9451;14-Mar-2017
120431;JM Medium to Long Duration Fund (Direct) - Quarterly IDCW;INF192K01CU9;INF192K01CV7;16.4574;16.4574;16.4574;14-Mar-2017
100223;JM Medium to Long Duration Fund (Regular) - Growth Option;INF192K01AB3;;45.0234;45.0234;45.0234;14-Mar-2017
100222;JM Medium to Long Duration Fund (Regular) - Quarterly IDCW;INF192K01999;INF192K01AA5;15.3082;15.3082;15.3082;14-Mar-2017
101181;JM Medium to Long Duration Fund (Regular) - Bonus Option- Principal Units;INF192K01AC1;;18.4204;18.4204;18.4204;14-Mar-2017

Kotak Mahindra Mutual Fund
119736;Kotak Bond - Quaterly Payout of Income Distribution cum capital withdrawal option - Direct;INF174K01JF3;;12.6723;12.6723;12.6723;14-Mar-2017
119734;Kotak Bond Fund - Direct Plan - Standard IDCW option;INF174K01JD8;;23.6036;23.6036;23.6036;14-Mar-2017
119735;Kotak Bond Fund - Growth - Direct;INF174K01JC0;;46.8247;46.8247;46.8247;14-Mar-2017
100300;Kotak Bond Fund - Regular Plan - Standard IDCW Option;INF174K01EQ1;INF174K01EP3;27.8188;27.8188;27.8188;14-Mar-2017
100299;Kotak Bond Fund - Regular Plan Growth;INF174K01EM0;;45.4061;45.4061;45.4061;14-Mar-2017
100298;Kotak Bond Regular Plan Quaterly Payout of Income Distribution cum capital withdrawal option;INF174K01EO6;INF174K01EN8;10.6552;10.6552;10.6552;14-Mar-2017

LIC Mutual Fund
120279;LIC MF Medium to Long Duration Fund-Direct Plan-Growth;INF767K01EW0;;44.8634;44.4148;44.8634;14-Mar-2017
120278;LIC MF Medium to Long Duration Fund-Direct Plan-IDCW;INF767K01EV2;INF767K01EX8;10.8375;10.7291;10.8375;14-Mar-2017
100315;LIC MF Medium to Long Duration Fund-Regular Plan-Growth;INF767K01923;;43.9020;43.4630;43.9020;14-Mar-2017
100314;LIC MF Medium to Long Duration Fund-Regular Plan-IDCW;INF767K01907;INF767K01915;10.5603;10.4547;10.5603;14-Mar-2017

Nippon India Mutual Fund
100386;NIPPON INDIA MEDIUM TO LONG DURATION  FUND - ANNUAL IDCW Option;INF204K01CT4;INF204K01CU2;13.5914;13.5914;13.5914;14-Mar-2017
118680;NIPPON INDIA MEDIUM TO LONG DURATION  FUND - Direct Plan - ANNUAL IDCW Option;INF204K01YT8;INF204K01YU6;14.9711;14.9711;14.9711;14-Mar-2017
118681;NIPPON INDIA MEDIUM TO LONG DURATION  FUND - Direct Plan - HALF YEARLY IDCW Option;INF204K01YR2;INF204K01YS0;13.4422;13.4422;13.4422;14-Mar-2017
118683;NIPPON INDIA MEDIUM TO LONG DURATION  FUND - Direct Plan - MONTHLY IDCW Option;INF204K01YN1;;10.6654;10.6654;10.6654;14-Mar-2017
118679;Nippon India Medium to Long Duration  Fund - Direct Plan Growth Plan-Bonus Option;INF204K01F38;;15.4599;15.4599;15.4599;14-Mar-2017
100388;Nippon India Medium to Long Duration  Fund - Growth Plan Bonus Option;INF204K01CM9;;14.9948;14.9948;14.9948;14-Mar-2017
100387;Nippon India Medium to Long Duration  Fund - Growth Plan Growth Option;INF204K01CL1;;52.1573;52.1573;52.1573;14-Mar-2017
100385;NIPPON INDIA MEDIUM TO LONG DURATION  FUND - HALF YEARLY IDCW Option;INF204K01CR8;INF204K01CS6;12.6330;12.6330;12.6330;14-Mar-2017
100384;NIPPON INDIA MEDIUM TO LONG DURATION  FUND - QUARTERLY IDCW Option;INF204K01CP2;INF204K01CQ0;12.7909;12.7909;12.7909;14-Mar-2017
118684;NIPPON INDIA MEDIUM TO LONG DURATION FUND - Direct Plan - QUARTERLY IDCW Option;INF204K01YP6;INF204K01YQ4;13.1660;13.1660;13.1660;14-Mar-2017
118687;Nippon India Medium to Long Duration Fund - Direct Plan Growth Plan - Growth Option;INF204K01XS2;;54.1019;54.1019;54.1019;14-Mar-2017
100383;NIPPON INDIA MEDIUM TO LONG DURATION FUND - MONTHLY IDCW Option;INF204K01CN7;INF204K01CO5;10.1694;10.1694;10.1694;14-Mar-2017

PGIM India Mutual Fund
138659;DHFL Pramerica Strategic Debt Fund - Direct Plan - Growth;INF223J01I19;;12.5827;12.5827;12.5827;14-Mar-2017
138658;DHFL Pramerica Strategic Debt Fund - Direct Plan - Monthly Dividend;INF223J01H77;INF223J01I01;11.4332;11.4332;11.4332;14-Mar-2017
138665;DHFL Pramerica Strategic Debt Fund - Direct Plan - Quarterly Dividend;INF223J01H69;INF223J01H93;11.0277;11.0277;11.0277;14-Mar-2017
138657;DHFL Pramerica Strategic Debt Fund - Direct Plan - Regular Dividend;INF223J01H51;INF223J01H85;12.5822;12.5822;12.5822;14-Mar-2017
138662;DHFL Pramerica Strategic Debt Fund - Regular Plan - Bonus;INF223J01H44;;12.2993;12.2993;12.2993;14-Mar-2017
138663;DHFL Pramerica Strategic Debt Fund - Regular Plan - Growth;INF223J01H36;;12.2902;12.2902;12.2902;14-Mar-2017
138666;DHFL Pramerica Strategic Debt Fund - Regular Plan - Monthly Dividend;INF223J01G94;;11.3876;11.3876;11.3876;14-Mar-2017
138664;DHFL Pramerica Strategic Debt Fund - Regular Plan - Quarterly Dividend;INF223J01G86;;11.1314;11.1314;11.1314;14-Mar-2017
138661;DHFL Pramerica Strategic Debt Fund - Regular Plan - Regular Dividend;INF223J01G78;INF223J01H02;12.2902;12.2902;12.2902;14-Mar-2017

SBI Mutual Fund
119713;SBI Magnum Income Fund - Direct Plan - Half Yearly - Income Distribution cum Capital Withdrawal Option (IDCW);INF200K01SP6;INF200K01SQ4;13.7147;13.5776;13.7147;14-Mar-2017
121940;SBI Magnum Income Fund - Direct Plan - Quarterly Income Distribution cum Capital Withdrawal Option (IDCW);INF200K01YS8;INF200K01YT6;13.814;13.6759;13.814;14-Mar-2017
100638;SBI Magnum Income Fund - Regular Plan - Half Yearly - Income Distribution cum Capital Withdrawal Option (IDCW);INF200K01610;INF200K01628;12.5739;12.4482;12.5739;14-Mar-2017
121944;SBI Magnum Income Fund - Regular Plan - Quarterly Income Distribution cum Capital Withdrawal Option (IDCW);INF200K01YQ2;INF200K01YR0;13.2664;13.1337;13.2664;14-Mar-2017
119712;SBI Magnum Income Fund-DIRECT PLAN - Bonus;INF200K01SO9;;24.4929;24.248;24.4929;14-Mar-2017
119714;SBI Magnum Income Fund-DIRECT PLAN -Growth;INF200K01SR2;;40.3394;39.936;40.3394;14-Mar-2017
100640;SBI Magnum Income Fund-REGULAR PLAN-Bonus;INF200K01602;;24.0207;23.7805;24.0207;14-Mar-2017
100639;SBI Magnum Income Fund-REGULAR PLAN-Growth;INF200K01594;;39.6433;39.2469;39.6433;14-Mar-2017

Tata Mutual Fund
119879;Tata Income Fund - Direct Plan - Bonus;INF277K01OZ2;;15.7757;15.6179;15.7757;14-Mar-2017
119876;Tata Income Fund - Direct Plan - Growth Option;INF277K01OY5;;51.1788;50.6670;51.1788;14-Mar-2017
100418;Tata Income Fund -Regular Plan - Growth Option;INF277K01659;;49.7683;49.2706;49.7683;14-Mar-2017
119875;TATA Income Fund Direct Plan - Periodic Payout of Income Distribution cum capital withdrawal option ;INF277K01PC8;INF277K01PD6;29.1392;28.8478;29.1392;14-Mar-2017
101186;Tata Income Fund- Regular Plan - Periodic Payout of IDCW Option;INF277K01DT8;INF277K01667;28.8532;28.5647;28.8532;14-Mar-2017
119877;TATA Income Fund-Direct Plan - Half Yearly Payout of IDCW Option;INF277K01PA2;INF277K01PB0;13.3347;13.2014;13.3347;14-Mar-2017
100417;Tata Income Fund-Regular Plan - Half Yearly Payout of IDCW Option;INF277K01DU6;INF277K01675;12.9222;12.7930;12.9222;14-Mar-2017
119873;Tata Long Term Debt Fund - Direct Plan - Quartelry Dividend Plan;INF277K01PE4;INF277K01PF1;11.6107;11.4946;11.6107;14-Mar-2017
101419;Tata Long Term Debt Fund - Regular Plan  -Bonus;INF277K01691;;15.2228;15.0706;15.2228;14-Mar-2017
100416;Tata Long Term Debt Fund - Regular Plan - Quarterly Dividend;INF277K01DV4;INF277K01683;11.4048;11.2908;11.4048;14-Mar-2017

UTI Mutual Fund
139339;UTI Medium to Long Duration Fund - Direct Plan - Annual IDCW;INF789FA1T80;;11.5174;11.5174;0;14-Mar-2017
133280;UTI Medium to Long Duration Fund - Direct Plan - Flexi IDCW;INF789FA1U04;INF789FA1U12;11.8061;11.8061;0;14-Mar-2017
120690;UTI Medium to Long Duration Fund - Direct Plan - Quarterly IDCW;INF789F01SO1;INF789F01SP8;16.3505;16.3505;16.3505;14-Mar-2017
133869;UTI Medium to Long Duration Fund - Regular Plan - Annual IDCW;INF789FA1T23;INF789FA1T31;11.436;11.436;0;14-Mar-2017
133872;UTI Medium to Long Duration Fund - Regular Plan - Flexi IDCW;INF789FA1T49;INF789FA1T56;11.4387;11.4387;0;14-Mar-2017
135581;UTI Medium to Long Duration Fund - Regular Plan - Half-Yearly IDCW;INF789FA1T07;INF789FA1T15;10.9694;10.9694;0;14-Mar-2017
100742;UTI Medium to Long Duration Fund - Regular Plan - Quarterly IDCW;INF789F01380;INF789F01398;14.3041;14.3041;14.3041;14-Mar-2017
100741;UTI Medium to Long Duration Fund- Regular Plan - Growth;INF789F01406;;49.1116;49.1116;49.1116;14-Mar-2017
120689;UTI Medium to Long Duration Fund-Growth - Direct;INF789F01SQ6;;51.1096;51.1096;51.1096;14-Mar-2017

Open Ended Schemes ( Debt Scheme - Long Duration Fund )


ICICI Prudential Mutual Fund
131623;ICICI Prudential Long Term Bond Fund - Annual IDCW;INF109KA11C4;INF109KA10C6;10.4704;10.3657;10.4704;14-Mar-2017
122673;ICICI Prudential Long Term Bond Fund - Bonus;INF109KA1335;;50.9932;50.4833;50.9932;14-Mar-2017
120743;ICICI Prudential Long Term Bond Fund - Direct Plan - Growth;INF109K017L8;;53.1528;52.6213;53.1528;14-Mar-2017
120748;ICICI Prudential Long Term Bond Fund - Direct Plan - Half Yearly IDCW;INF109K018L6;INF109K019L4;11.6346;11.5183;11.6346;14-Mar-2017
120747;ICICI Prudential Long Term Bond Fund - Direct Plan - Quarterly IDCW;INF109K010M1;INF109K011M9;11.8288;11.7105;11.8288;14-Mar-2017
100365;ICICI Prudential Long Term Bond Fund - Growth;INF109K01365;;50.9929;50.4830;50.9929;14-Mar-2017
100364;ICICI Prudential Long Term Bond Fund - Half Yearly IDCW;INF109K01EX3;INF109K01357;10.9369;10.8275;10.9369;14-Mar-2017
100367;ICICI Prudential Long Term Bond Fund - Quarterly IDCW;INF109K01EZ8;INF109K01399;11.6193;11.5031;11.6193;14-Mar-2017
131622;ICICI Prudential Long Term Bond Fund Direct Plan - Annual IDCW;INF109KA13C0;INF109KA12C2;11.5160;11.4008;11.5160;14-Mar-2017
100366;ICICI Prudential Long Term Bond Fund-Institutional Quarterly Dividend;INF109K01EY1;INF109K01381;11.0278;10.9175;11.0278;14-Mar-2017
101642;ICICI Prudential Long Term Bond Fund - Institutional Dividend Halfyearly;INF109K01EW5;INF109K01373;10.6297;10.5234;10.6297;14-Mar-2017
101643;ICICI Prudential Long Term Bond Fund-Institutional Option-Growth;INF109K01407;;54.7779;54.2301;54.7779;14-Mar-2017

Open Ended Schemes ( Debt Scheme - Dynamic Bond )


360 ONE Mutual Fund
122612;360 ONE Dynamic Bond Fund - Regular Plan - Growth Option;INF579M01183;;12.8764;12.8764;12.8764;14-Mar-2017
122715;360 ONE Dynamic Bond Fund Direct Plan Growth;INF579M01266;;13.1190;13.1190;13.1190;14-Mar-2017
122721;360 ONE Dynamic Bond Fund Direct Plan Monthly Dividend;INF579M01282;INF579M01316;11.4319;11.4319;11.4319;14-Mar-2017
122711;360 ONE Dynamic Bond Fund Regular Plan Bonus;INF579M01191;;12.8764;12.8764;12.8764;14-Mar-2017
122720;360 ONE Dynamic Bond Fund Regular Plan Half Yearly Dividend;INF579M01225;INF579M01258;12.4256;12.4256;12.4256;14-Mar-2017
122719;360 ONE Dynamic Bond Fund Regular Plan Monthly Dividend;INF579M01209;INF579M01233;11.2009;11.2009;11.2009;14-Mar-2017
122712;360 ONE Dynamic Bond Fund Regular Plan Quarterly Dividend;INF579M01217;INF579M01241;12.4256;12.4256;12.4256;14-Mar-2017

Aditya Birla Sun Life Mutual Fund
119505;Aditya Birla Sun Life Dynamic Bond Fund - Growth - Direct Plan;INF209K01N82;;29.0928;28.9473;29.0928;14-Mar-2017
102767;Aditya Birla Sun Life Dynamic Bond Fund - Growth - Regular Plan;INF209K01793;;28.4333;28.2911;28.4333;14-Mar-2017
132918;Aditya Birla Sun Life Dynamic Bond Fund -Direct - IDCW;INF209KA1TX3;;12.5426;12.4799;12.5426;14-Mar-2017
119503;Aditya Birla Sun Life Dynamic Bond Fund -DIRECT - MONTHLY IDCW;INF209K01R62;;11.0419;10.9867;11.0419;14-Mar-2017
119502;Aditya Birla Sun Life Dynamic Bond Fund -Direct - Quarterly IDCW;INF209K01R88;;10.7319;10.6782;10.7319;14-Mar-2017
132917;Aditya Birla Sun Life Dynamic Bond Fund -Regular - IDCW;INF209KA1TV7;;12.3526;12.2908;12.3526;14-Mar-2017
111521;Aditya Birla Sun Life Dynamic Bond Fund -REGULAR - MONTHLY IDCW;INF209K01801;INF209K01DG8;10.8958;10.8413;10.8958;14-Mar-2017
102766;Aditya Birla Sun Life Dynamic Bond Fund -Regular - Quarterly IDCW;INF209K01819;INF209K01DH6;10.4555;10.4032;10.4555;14-Mar-2017
111848;Aditya Birla Sun Life Dynamic Bond Fund-Discipline Advantage Plan-Growth;INF209K01JW2;;19.6687;19.5704;19.6687;14-Mar-2017

Axis Mutual Fund
120451;Axis Dynamic Bond Fund - Direct Plan - Growth Option;INF846K01DI3;;17.5082;17.3331;17.5082;14-Mar-2017
120450;Axis Dynamic Bond Fund - Direct Plan - Half Yearly IDCW;INF846K01DJ1;INF846K01DK9;11.6462;11.5297;11.6462;14-Mar-2017
120452;Axis Dynamic Bond Fund - Direct Plan - Quarterly IDCW;INF846K01DL7;INF846K01DM5;11.2508;11.1383;11.2508;14-Mar-2017
115068;Axis Dynamic Bond Fund - Regular Plan - Growth Option;INF846K01917;;16.6489;16.4824;16.6489;14-Mar-2017
115131;Axis Dynamic Bond Fund - Regular Plan - Half Yearly IDCW;INF846K01941;INF846K01958;11.0843;10.9735;11.0843;14-Mar-2017
115069;Axis Dynamic Bond Fund - Regular Plan - Quarterly IDCW;INF846K01925;INF846K01933;10.6390;10.5326;10.6390;14-Mar-2017

Bandhan Mutual Fund
108561;BANDHAN Dynamic Bond Fund - Regular Plan B - Quarterly IDCW;INF194K01QI0;INF194K01QH2;10.7608;10.7608;10.7608;14-Mar-2017
108675;BANDHAN Dynamic Bond Fund - Regular Plan B - Annual IDCW;INF194K01QL4;INF194K01QK6;11.7555;11.7555;11.7555;14-Mar-2017
111524;BANDHAN Dynamic Bond Fund - Regular Plan B - Growth;INF194K01QG4;;19.7856;19.7856;19.7856;14-Mar-2017
122868;BANDHAN Dynamic Bond Fund - Regular Plan B - Half Yearly IDCW;INF194K018R9;INF194K019R7;10.6755;10.6755;10.6755;14-Mar-2017
111523;BANDHAN Dynamic Bond Fund - Regular Plan B - IDCW;INF194K01QO8;INF194K01QN0;11.3160;11.3160;11.3160;14-Mar-2017
131397;BANDHAN Dynamic Bond Fund - Regular Plan B - Periodic IDCW;INF194KA1TM3;INF194KA1TN1;12.8944;12.8944;12.8944;14-Mar-2017
118415;BANDHAN Dynamic Bond Fund-Direct Plan-Annual IDCW;INF194K01O13;INF194K01O05;12.3264;12.3264;12.3264;14-Mar-2017
118416;BANDHAN Dynamic Bond Fund-Direct Plan-Growth;INF194K01N63;;20.5504;20.5504;20.5504;14-Mar-2017
122618;BANDHAN Dynamic Bond Fund-Direct Plan-Half Yearly IDCW;INF194K011P8;INF194K012P6;10.8199;10.8199;10.8199;14-Mar-2017
118417;BANDHAN Dynamic Bond Fund-Direct Plan-IDCW;INF194K01O47;INF194K01O39;13.7234;13.7234;13.7234;14-Mar-2017
131396;BANDHAN Dynamic Bond Fund-Direct Plan-Periodic IDCW;INF194KA1TP6;INF194KA1TQ4;13.2846;13.2846;13.2846;14-Mar-2017
118418;BANDHAN Dynamic Bond Fund-Direct Plan-Quarterly IDCW;INF194K01N89;INF194K01N71;12.5174;12.5174;12.5174;14-Mar-2017

Baroda BNP Paribas Mutual Fund
117631;Baroda Dynamic Bond Fund - Plan A - Growth Option;INF955L01906;;15.3392;15.2625;15.3392;14-Mar-2017
117629;Baroda Dynamic Bond Fund - Plan A - IDCW;INF955L01880;;12.6462;12.5830;12.6462;14-Mar-2017
119337;Baroda Dynamic Bond Fund - Plan B (Direct) - Growth Option;INF955L01AA3;;15.9153;15.8357;15.9153;14-Mar-2017
119336;Baroda Dynamic Bond Fund - Plan B (Direct) - IDCW;INF955L01989;;13.2060;13.1400;13.2060;14-Mar-2017

BNP Paribas Mutual Fund
119991;BNP Paribas Flexi Debt Fund - Direct Plan - Daily Income Distribution cum Capital Withdrawal Option;;INF251K01GX8;9.9102;9.9102;9.9102;14-Mar-2017
119992;BNP Paribas Flexi Debt Fund - Direct Plan - Growth Option;INF251K01GW0;;28.7744;28.7744;28.7744;14-Mar-2017
119993;BNP Paribas Flexi Debt Fund - Direct Plan - Half Yearly Income Distribution cum Capital Withdrawal Option;INF251K01HD8;INF251K01HE6;10.0000;10.0000;10.0000;14-Mar-2017
119994;BNP Paribas Flexi Debt Fund - Direct Plan - Monthly Income Distribution cum Capital Withdrawal Option;INF251K01GZ3;INF251K01HA4;9.9081;9.9081;9.9081;14-Mar-2017
119995;BNP Paribas Flexi Debt Fund - Direct Plan - Quarterly Income Distribution cum Capital Withdrawal Option;INF251K01HB2;INF251K01HC0;9.9679;9.9679;9.9679;14-Mar-2017
119996;BNP Paribas Flexi Debt Fund - Direct Plan - Weekly Income Distribution cum Capital Withdrawal Option;;INF251K01GY6;10.0000;10.0000;10.0000;14-Mar-2017
117958;BNP Paribas Flexi Debt Fund Daily Income Distribution cum Capital Withdrawal Option;;INF251K01DX5;9.8449;9.8449;9.8449;14-Mar-2017
117957;BNP Paribas Flexi Debt Fund Growth Option;INF251K01DW7;;28.0797;28.0797;28.0797;14-Mar-2017
117962;BNP Paribas Flexi Debt Fund Half Yearly Income Distribution cum Capital Withdrawal Option;INF251K01ED5;INF251K01EE3;10.4024;10.4024;10.4024;14-Mar-2017
117960;BNP Paribas Flexi Debt Fund Monthly Income Distribution cum Capital Withdrawal Option;INF251K01DZ0;INF251K01EA1;9.9077;9.9077;9.9077;14-Mar-2017
117961;BNP Paribas Flexi Debt Fund Quarterly Income Distribution cum Capital Withdrawal Option;INF251K01EB9;INF251K01EC7;9.9538;9.9538;9.9538;14-Mar-2017
117959;BNP Paribas Flexi Debt Fund Weekly Income Distribution cum Capital Withdrawal Option;;INF251K01DY3;9.8883;9.8883;9.8883;14-Mar-2017
113526;BNP PARIBAS Flexi Debt Fund-Regular Plan A - Growth Option;INF251K01EF0;;19.1911;19.1911;19.1911;14-Mar-2017
113528;BNP PARIBAS Flexi Debt Fund-Regular Plan A - Quarterly Dividend Option;;INF251K01EH6;9.9613;9.9613;9.9613;14-Mar-2017

Canara Robeco Mutual Fund
118284;CANARA ROBECO DYNAMIC BOND FUND - DIRECT PLAN - GROWTH OPTION;INF760K01EC7;;19.0126;19.0126;19.0126;14-Mar-2017
118283;CANARA ROBECO DYNAMIC BOND FUND - DIRECT PLAN - IDCW (Payout/Reinvestment);INF760K01EA1;INF760K01EB9;14.2258;14.2258;14.2258;14-Mar-2017
111962;CANARA ROBECO DYNAMIC BOND FUND - REGULAR PLAN - GROWTH OPTION;INF760K01449;;18.6253;18.6253;18.6253;14-Mar-2017
111963;CANARA ROBECO DYNAMIC BOND FUND - REGULAR PLAN - IDCW (Payout/Reinvestment);INF760K01423;INF760K01431;13.9024;13.9024;13.9024;14-Mar-2017

DSP Mutual Fund
119239;DSP Strategic Bond Fund - Direct Plan - Growth;INF740K01QG4;;1964.2685;1964.2685;1964.2685;14-Mar-2017
119238;DSP Strategic Bond Fund - Direct Plan - IDCW;INF740K01QI0;INF740K01QK6;1338.3237;1338.3237;1338.3237;14-Mar-2017
119240;DSP Strategic Bond Fund - Direct Plan - IDCW - Daily;;INF740KA1OX0;1008.5224;1008.5224;1008.5224;14-Mar-2017
119236;DSP Strategic Bond Fund - Direct Plan - IDCW - Monthly;INF740K01QH2;INF740K01QJ8;1016.6769;1016.6769;1016.6769;14-Mar-2017
119237;DSP Strategic Bond Fund - Direct Plan - IDCW - Weekly;INF740KA1OY8;INF740KA1OZ5;1012.1996;1012.1996;1012.1996;14-Mar-2017
105669;DSP Strategic Bond Fund - Regular Plan - Growth;INF740K01GK7;;1934.9453;1934.9453;1934.9453;14-Mar-2017
105668;DSP Strategic Bond Fund - Regular Plan - IDCW;INF740K01GO9;INF740K01GN1;1259.3241;1259.3241;1259.3241;14-Mar-2017
111786;DSP Strategic Bond Fund - Regular Plan - IDCW - Daily;;INF740KA1PA5;1026.4354;1026.4354;1026.4354;14-Mar-2017
105667;DSP Strategic Bond Fund - Regular Plan - IDCW - Monthly;INF740K01GM3;INF740K01GL5;1010.2398;1010.2398;1010.2398;14-Mar-2017
105878;DSP Strategic Bond Fund - Regular Plan - IDCW - Weekly;INF740K01GQ4;INF740K01GP6;1011.1286;1011.1286;1011.1286;14-Mar-2017

Franklin Templeton Mutual Fund
118495;Franklin India Dynamic Accrual Fund - Direct - Growth;INF090I01HB8;;58.1810;56.4356;58.1810;14-Mar-2017
118496;Franklin India Dynamic Accrual Fund - Direct - IDCW ;INF090I01GZ9;INF090I01HA0;12.3858;12.0142;12.3858;14-Mar-2017
100498;Franklin India Dynamic Accrual Fund - IDCW ;INF090I01BN6;INF090I01BO4;11.9337;11.5757;11.9337;14-Mar-2017
100499;Franklin India Dynamic Accrual Fund-Growth;INF090I01BP1;;56.3725;54.6813;56.3725;14-Mar-2017

HDFC Mutual Fund
101872;HDFC Dynamic Debt Fund - Growth Option;INF179K01848;;55.8102;55.5311;55.8102;14-Mar-2017
119075;HDFC Dynamic Debt Fund - Growth Option - Direct Plan;INF179K01WB4;;57.7287;57.4401;57.7287;14-Mar-2017
119072;HDFC Dynamic Debt Fund - Half Yearly IDCW - Direct Plan;INF179K01WC2;INF179K01WD0;12.5327;12.4700;12.5327;14-Mar-2017
101874;HDFC Dynamic Debt Fund - Half Yearly IDCW Option;INF179K01855;INF179K01863;11.6952;11.6367;11.6952;14-Mar-2017
133369;HDFC Dynamic Debt Fund - Normal IDCW - Direct Plan;INF179KA1Q95;;12.1555;12.0947;12.1555;14-Mar-2017
133370;HDFC Dynamic Debt Fund - Normal IDCW Option;INF179KA1R11;;11.9561;11.8963;11.9561;14-Mar-2017
119073;HDFC Dynamic Debt Fund - Quarterly IDCW - Direct Plan;INF179K01WE8;INF179K01WF5;12.3546;12.2928;12.3546;14-Mar-2017
101873;HDFC Dynamic Debt Fund - Quarterly IDCW Option;INF179K01871;INF179K01889;11.9471;11.8874;11.9471;14-Mar-2017
119074;HDFC Dynamic Debt Fund - Yearly IDCW - Direct Plan;INF179K01WG3;INF179K01WH1;14.1232;14.0526;14.1232;14-Mar-2017
101875;HDFC Dynamic Debt Fund - Yearly IDCW Option;INF179K01921;INF179K01939;13.6700;13.6017;13.6700;14-Mar-2017

HSBC Mutual Fund
120048;HSBC Dynamic Bond Fund - Direct Growth;INF336L01CO3;;22.6502;22.6502;22.6502;14-Mar-2017
120049;HSBC Dynamic Bond Fund - Direct Monthly IDCW;INF336L01CP0;INF336L01CQ8;11.5457;11.5457;11.5457;14-Mar-2017
106736;HSBC Dynamic Bond Fund - Growth;INF336L01545;;21.3118;21.3118;21.3118;14-Mar-2017
106737;HSBC Dynamic Bond Fund - Regular Growth;INF336L01461;;21.9301;21.9301;21.9301;14-Mar-2017
106738;HSBC Dynamic Bond Fund - Regular Monthly IDCW;;INF336L01453;10.3529;10.3529;10.3529;14-Mar-2017

ICICI Prudential Mutual Fund
113218;ICICI Prudential All Seasons Bond Fund - Annual IDCW;INF109K01GO7;INF109K01GP4;11.0783;11.0506;11.0783;14-Mar-2017
130937;ICICI Prudential All Seasons Bond Fund - Bonus;INF109KA1H36;;13.0881;13.0554;13.0881;14-Mar-2017
120601;ICICI Prudential All Seasons Bond Fund - Direct Plan - Annual IDCW;INF109K012E4;INF109K013E2;11.0611;11.0334;11.0611;14-Mar-2017
120603;ICICI Prudential All Seasons Bond Fund - Direct Plan - Growth;INF109K016E5;;20.2654;20.2147;20.2654;14-Mar-2017
120600;ICICI Prudential All Seasons Bond Fund - Direct Plan - IDCW;INF109K014E0;INF109K015E7;14.1417;14.1063;14.1417;14-Mar-2017
120602;ICICI Prudential All Seasons Bond Fund - Direct Plan - Quarterly IDCW;INF109K017E3;INF109K018E1;10.9273;10.9000;10.9273;14-Mar-2017
120604;ICICI Prudential All Seasons Bond Fund - Direct Plan - Weekly IDCW;INF109K019E9;INF109K010F5;10.2183;10.1928;10.2183;14-Mar-2017
130938;ICICI Prudential All Seasons Bond Fund - Direct Plan Bonus;INF109KA1H28;;13.4288;13.3952;13.4288;14-Mar-2017
112096;ICICI Prudential All Seasons Bond Fund - Growth;INF109K01GN9;;19.9137;19.8639;19.9137;14-Mar-2017
112097;ICICI Prudential All Seasons Bond Fund - IDCW;INF109K01GK5;INF109K01GL3;13.4105;13.3770;13.4105;14-Mar-2017
112094;ICICI Prudential All Seasons Bond Fund - Premium Growth Option;INF109K01GM1;;19.7652;19.7158;19.7652;14-Mar-2017
113403;ICICI Prudential All Seasons Bond Fund - Quarterly IDCW;INF109K01GE8;INF109K01GF5;10.6912;10.6645;10.6912;14-Mar-2017
101351;ICICI Prudential All Seasons Bond Fund - Weekly IDCW;INF109K01FD2;INF109K01704;10.2620;10.2363;10.2620;14-Mar-2017
101350;ICICI Prudential All Seasons Bond Fund Retail - Cumulative;INF109K01712;;37.8526;37.7580;37.8526;14-Mar-2017
113417;ICICI Prudential All Seasons Bond Fund Retail - Quarterly Dividend;INF109K01GG3;INF109K01GH1;10.8368;10.8097;10.8368;14-Mar-2017

IDBI Mutual Fund
118428;IDBI Dynamic Bond Fund Annual IDCW Direct;INF397L01BR0;;11.7439;11.6265;11.7439;14-Mar-2017
116582;IDBI Dynamic Bond Fund Annual IDCW Regular;INF397L01638;;11.5447;11.4293;11.5447;14-Mar-2017
116583;IDBI Dynamic Bond Fund Growth;INF397L01661;;14.0868;13.9459;14.0868;14-Mar-2017
116811;IDBI Dynamic Bond Fund Growth Direct;INF397L01BN9;;14.4175;14.2733;14.4175;14-Mar-2017
118429;IDBI Dynamic Bond Fund Quarterly IDCW Direct;INF397L01BO7;INF397L01BP4;12.6297;12.5034;12.6297;14-Mar-2017
116810;IDBI Dynamic Bond Fund Quarterly IDCW Regular;INF397L01604;INF397L01612;11.6020;11.4860;11.6020;14-Mar-2017

JM Financial Mutual Fund
120432;JM Dynamic Bond Fund (Direct) - Daily IDCW;;INF192K01CZ8;10.0110;10.0110;10.0110;14-Mar-2017
120434;JM Dynamic Bond Fund (Direct) - IDCW;INF192K01DB7;INF192K01DC5;25.5990;25.5990;25.5990;14-Mar-2017
133414;JM Dynamic Bond Fund (Direct) - Monthly IDCW;INF192K01IL5;INF192K01IM3;25.7915;25.7915;25.7915;14-Mar-2017
120433;JM Dynamic Bond Fund (Direct) - Weekly IDCW;;INF192K01DA9;10.5732;10.5732;10.5732;14-Mar-2017
122323;JM Dynamic Bond Fund (Regular) - Bonus Option - Principal Units;INF192K01EX9;;24.8921;24.8921;24.8921;14-Mar-2017
105639;JM Dynamic Bond Fund (Regular) - Daily IDCW;;INF192K01668;10.0065;10.0065;10.0065;14-Mar-2017
101806;JM Dynamic Bond Fund (Regular) - Growth Option;INF192K01700;;24.8919;24.8919;24.8919;14-Mar-2017
133389;JM Dynamic Bond Fund (Regular) - Half Yearly Bonus Option - Principal Units;INF192K01IN1;;25.0925;25.0925;25.0925;14-Mar-2017
101805;JM Dynamic Bond Fund (Regular) - IDCW;INF192K01684;INF192K01692;24.9700;24.9700;24.9700;14-Mar-2017
133390;JM Dynamic Bond Fund (Regular) - Monthly IDCW;INF192K01IJ9;INF192K01IK7;25.0892;25.0892;25.0892;14-Mar-2017
105637;JM Dynamic Bond Fund (Regular) - Weekly IDCW;;INF192K01676;10.5629;10.5629;10.5629;14-Mar-2017
101807;JM Dynamic Bond Fund (Regular)- Premium Plan IDCW;INF192K01734;INF192K01742;10.3477;10.3477;10.3477;14-Mar-2017
122315;JM Dynamic Bond Fund - (Direct) - Bonus Option-Principal Units;INF192K01EZ4;;25.3605;25.3605;25.3605;14-Mar-2017
120435;JM Dynamic Bond Fund - (Direct) - Growth Option;INF192K01DD3;;25.4602;25.4602;25.4602;14-Mar-2017
133388;JM Dynamic Bond Fund - (Direct) - Half Yearly Bonus Option - Principal Units;INF192K01IP6;;25.6029;25.6029;25.6029;14-Mar-2017
105638;JM Dynamic Bond Fund - Premium Plan - Daily Dividend Option;;INF192K01718;10.0064;10.0064;10.0064;14-Mar-2017
101808;JM Dynamic Bond Fund - Premium Plan - Growth Option;INF192K01759;;24.1025;24.1025;24.1025;14-Mar-2017

Kotak Mahindra Mutual Fund
119754;Kotak Dynamic Bond Fund - Daily Dividend - Direct;INF174K01JW8;;9.8859;9.8859;9.8859;14-Mar-2017
119753;Kotak Dynamic Bond Fund - Direct Plan - Standard Income Distribution cum capital withdrawal option;INF174K01JX6;;10.5786;10.5786;10.5786;14-Mar-2017
119755;Kotak Dynamic Bond Fund - Growth - Direct;INF174K01JU2;;21.288;21.288;21.288;14-Mar-2017
119756;Kotak Dynamic Bond Fund - Weekly Dividend Direct;INF174K01JV0;;12.6397;12.6397;12.6397;14-Mar-2017
117998;Kotak Dynamic Bond Fund Regular Plan - Standard Income Distribution cum capital withdrawal option;INF174K01IY6;INF174K01IZ3;10.7768;10.7768;10.7768;14-Mar-2017
108500;Kotak Dynamic Bond Fund Regular Plan Daily Dividend;INF174K01FB0;;9.8709;9.8709;9.8709;14-Mar-2017
108511;Kotak Dynamic Bond Fund Regular Plan Growth;INF174K01FA2;;20.7383;20.7383;20.7383;14-Mar-2017
108512;Kotak Dynamic Bond Fund Regular Plan Weekly Dividend;INF174K01FC8;;10.3334;10.3334;10.3334;14-Mar-2017

L&T Mutual Fund
119428;L&T Flexi Bond Fund - Direct Plan- Growth;INF917K01HA0;;18.0355;17.9453;18.0355;14-Mar-2017
119427;L&T Flexi Bond Fund - Direct Plan- IDCW;INF917K01GY2;;11.9743;11.9144;11.9743;14-Mar-2017
134418;L&T Flexi Bond Fund - Regular Plan - Annual IDCW;INF917K01VP9;INF917K01VO2;10.9138;10.8592;10.9138;14-Mar-2017
118053;L&T Flexi Bond Fund - Regular Plan - Growth;INF677K01916;;17.629;17.5409;17.629;14-Mar-2017
118054;L&T Flexi Bond Fund - Regular Plan - IDCW;INF677K01924;INF677K01932;11.0377;10.9825;11.0377;14-Mar-2017

Navi Mutual Fund
117836;ESSEL FLEXIBLE INCOME FUND - QUARTERLY DIVIDEND;INF959L01510;INF959L01536;13.4031;13.4031;13.4031;14-Mar-2017
117839;ESSEL FLEXIBLE INCOME FUND MONTHLY DIVIDEND;INF959L01502;INF959L01528;12.4297;12.4297;12.4297;14-Mar-2017
119151;ESSEL FLEXIBLE INCOME FUND-DIRECT PLAN-GROWTH OPTION;INF959L01627;;14.1705;14.1705;14.1705;14-Mar-2017
119152;ESSEL FLEXIBLE INCOME FUND-DIRECT PLAN-MONTHLY DIVIDEND OPTION;INF959L01635;INF959L01643;12.8511;12.8511;12.8511;14-Mar-2017
119153;ESSEL FLEXIBLE INCOME FUND-DIRECT PLAN-QUARTERLY DIVIDEND OPTION;INF959L01650;INF959L01668;13.4368;13.4368;13.4368;14-Mar-2017
117810;ESSEL FLEXIBLE INCOME FUND-GROWTH;INF959L01494;;13.5605;13.5605;13.5605;14-Mar-2017

Nippon India Mutual Fund
118750;NIPPON INDIA DYNAMIC BOND FUND - Direct Plan - IDCW Option;INF204K01A33;INF204K01A41;16.3042;16.1412;16.3042;14-Mar-2017
118749;NIPPON INDIA DYNAMIC BOND FUND - Direct Plan - QUARTERLY IDCW Option;INF204K01A58;INF204K01A66;10.2594;10.1568;10.2594;14-Mar-2017
118747;Nippon India Dynamic Bond Fund - Direct Plan Growth Plan - Growth Option;INF204K01A25;;22.5685;22.3428;22.5685;14-Mar-2017
102851;NIPPON INDIA DYNAMIC BOND FUND - IDCW Option;INF204K01FJ8;INF204K01FK6;14.7633;14.6157;14.7633;14-Mar-2017
117974;NIPPON INDIA DYNAMIC BOND FUND - QUARTERLY IDCW Option;INF204K01XB8;INF204K01XC6;10.2894;10.1865;10.2894;14-Mar-2017
102849;Nippon India Dynamic Bond Fund-Growth Plan-Growth Option;INF204K01FI0;;21.9489;21.7294;21.9489;14-Mar-2017

PGIM India Mutual Fund
120084;PGIM India Dynamic Bond Fund - Direct Plan-Growth Option;INF663L01AD7;;1592.2141;1576.292;1592.2141;14-Mar-2017
120085;PGIM India Dynamic Bond Fund - Direct Plan-Monthly Dividend Option;INF663L01AF2;INF663L01AE5;1153.8884;1142.3495;1153.8884;14-Mar-2017
120086;PGIM India Dynamic Bond Fund - Direct Plan-Quarterly Dividend Option;INF663L01AI6;INF663L01AH8;1145.7299;1134.2726;1145.7299;14-Mar-2017
116483;PGIM India Dynamic Bond Fund - Dividend Option - Monthly;INF663L01492;INF663L01500;1042.8686;1032.4399;1042.8686;14-Mar-2017
116484;PGIM India Dynamic Bond Fund - Dividend Option - Quarterly;INF663L01526;INF663L01534;1101.4727;1090.458;1101.4727;14-Mar-2017
116485;PGIM India Dynamic Bond Fund - Growth Option;INF663L01484;;1536.3238;1520.9606;1536.3238;14-Mar-2017
122260;PGIM India Dynamic Bond Fund-Bonus Option;INF663L01BF0;;1537.3961;1522.0221;1537.3961;14-Mar-2017

Principal Mutual Fund
119460;Principal Dynamic Bond Fund - Direct Plan - Dividend Option -Annually;INF173K01GI5;INF173K01GJ3;11.9424;11.8230;11.9424;14-Mar-2017
119461;Principal Dynamic Bond Fund - Direct Plan - Growth Option;INF173K01GL9;;28.8600;28.5714;28.8600;14-Mar-2017
100960;Principal Dynamic Bond Fund - Dividend Option -Annual;INF173K01AX7;INF173K01AY5;11.5719;11.4562;11.5719;14-Mar-2017
100963;Principal Dynamic Bond Fund - Growth Option;INF173K01AT5;;27.9736;27.6939;27.9736;14-Mar-2017
100961;Principal Dynamic Bond Fund -Dividend Option - Quarterly;INF173K01AU3;INF173K01AV1;13.2328;13.1005;13.2328;14-Mar-2017
119459;Principal Dynamic Bond Fund- Direct Plan - Dividend Option - Quarterly;INF173K01GM7;INF173K01GN5;13.3210;13.1878;13.3210;14-Mar-2017

quant Mutual Fund
100173;Quant Dynamic Bond-Bonus;INF966L01101;;28.4485;28.3063;28.4485;14-Mar-2017
120831;Quant Dynamic Bond-Bonus Option-Direct Plan;INF966L01762;;28.4485;28.3063;28.4485;14-Mar-2017
100171;Quant Dynamic Bond-Dividend;INF966L01077;INF966L01085;11.1843;11.1284;11.1843;14-Mar-2017
120829;Quant Dynamic Bond-Dividend Option-Direct Plan;INF966L01739;INF966L01747;11.2945;11.2380;11.2945;14-Mar-2017
100172;Quant Dynamic Bond-Growth;INF966L01093;;54.0973;53.8268;54.0973;14-Mar-2017
120830;Quant Dynamic Bond-Growth Option-Direct Plan;INF966L01754;;54.5620;54.2892;54.5620;14-Mar-2017

Quantum Mutual Fund
134494;Quantum Dynamic Bond Fund - Direct Plan Growth Option;INF082J01176;;12.0873;12.0873;12.0873;14-Mar-2017
134493;Quantum Dynamic Bond Fund - Direct Plan Monthly IDCW;INF082J01184;INF082J01192;9.9301;9.9301;9.9301;14-Mar-2017

SBI Mutual Fund
119671;SBI Dynamic Bond Fund - DIRECT PLAN - Growth;INF200K01RD4;;20.9014;20.8491;20.9014;14-Mar-2017
119670;SBI Dynamic Bond Fund - Direct Plan - Income Distribution cum Capital Withdrawal Option (IDCW);INF200K01RB8;INF200K01RC6;13.6912;13.657;13.6912;14-Mar-2017
102205;SBI Dynamic Bond Fund - REGULAR PLAN - Growth;INF200K01958;;20.3566;20.3057;20.3566;14-Mar-2017
102206;SBI Dynamic Bond Fund - Regular Plan - Income Distribution cum Capital Withdrawal Option (IDCW);INF200K01966;INF200K01974;12.6699;12.6382;12.6699;14-Mar-2017

Tata Mutual Fund
119097;Tata Dynamic Bond Fund- Direct Plan-Growth Option;INF277K01MV5;;26.1953;26.0643;26.1953;14-Mar-2017
101909;Tata Dynamic Bond Fund- Regular Plan - Growth Option;INF277K01360;;25.1238;24.9982;25.1238;14-Mar-2017
101224;Tata Dynamic Bond Fund- Regular Plan - Payout of IDCW Option;INF277K01DE0;INF277K01352;15.8852;15.8058;15.8852;14-Mar-2017
119098;Tata Dynamic Bond- Direct Plan - Payout of IDCW Option;INF277K01MT9;INF277K01MU7;16.9242;16.8396;16.9242;14-Mar-2017
102031;Tata Dynamic Bond Fund B - Dividend;INF277K01DF7;INF277K01378;15.5179;15.4403;15.5179;14-Mar-2017
101910;Tata Dynamic Bond Fund B - Growth;INF277K01386;;25.5854;25.4575;25.5854;14-Mar-2017

Taurus Mutual Fund
114538;Taurus Dynamic Income Fund - Regular Plan - Dividend Option;INF044D01AH8;INF044D01AI6;9.1064;9.0153;9.1064;14-Mar-2017
114537;Taurus Dynamic Income Fund - Regular Plan - Growth Option;INF044D01AK2;;13.7144;13.5773;13.7144;14-Mar-2017
118875;Taurus Dynamic Income Fund-Direct Plan-Dividend Option;INF044D01DA7;INF044D01DB5;9.1229;9.0317;9.1229;14-Mar-2017
118874;Taurus Dynamic Income Fund-Direct Plan-Growth Option;INF044D01CZ6;;14.0523;13.9118;14.0523;14-Mar-2017

Union Mutual Fund
119311;Union Dynamic Bond Fund - Direct Plan - Growth Option;INF582M01799;;14.9287;14.8541;14.9287;14-Mar-2017
119310;Union Dynamic Bond Fund - Direct Plan - IDCW Option;INF582M01815;INF582M01807;11.3118;11.2552;11.3118;14-Mar-2017
116555;Union Dynamic Bond Fund - Growth Option;INF582M01336;;14.4741;14.4017;14.4741;14-Mar-2017
116556;Union Dynamic Bond Fund - IDCW Option;INF582M01351;INF582M01344;10.8773;10.8229;10.8773;14-Mar-2017

UTI Mutual Fund
135536;UTI Dynamic Bond Fund - Direct Plan - Annual IDCW;INF789FA1S65;INF789FA1S73;11.5307;11.5307;0;14-Mar-2017
133180;UTI Dynamic Bond Fund - Direct Plan - Flexi IDCW;INF789FA1S81;INF789FA1S99;11.673;11.673;11.673;14-Mar-2017
120762;UTI Dynamic Bond Fund - Direct Plan - Growth Option;INF789F01XD4;;19.353;19.353;19.353;14-Mar-2017
134788;UTI Dynamic Bond Fund - Direct Plan - Half-Yearly IDCW;INF789FA1S40;INF789FA1S57;11.2803;11.2803;0;14-Mar-2017
120763;UTI Dynamic Bond Fund - Direct Plan - Quarterly IDCW;INF789F01XB8;INF789F01XC6;15.7434;15.7434;15.7434;14-Mar-2017
133852;UTI Dynamic Bond Fund - Regular Plan - Annual IDCW;INF789FA1S08;INF789FA1S16;11.5181;11.5181;0;14-Mar-2017
135336;UTI Dynamic Bond Fund - Regular Plan - Flexi IDCW;INF789FA1S24;INF789FA1S32;11.5925;11.5925;0;14-Mar-2017
113077;UTI Dynamic Bond Fund - Regular Plan - Growth Option;INF789F01JQ5;;18.8808;18.8808;18.8808;14-Mar-2017
139181;UTI Dynamic Bond Fund - Regular Plan - Half-Yearly IDCW;INF789FA1R82;INF789FA1R90;11.088;11.088;0;14-Mar-2017
113078;UTI Dynamic Bond Fund - Regular Plan - Quarterly IDCW;INF789F01JO0;INF789F01JP7;12.0167;12.0167;12.0167;14-Mar-2017

Open Ended Schemes ( Debt Scheme - Corporate Bond Fund )


Aditya Birla Sun Life Mutual Fund
111780;Aditya Birla Sun Life Corporate Bond Fund - Discipline Advantage Plan;INF209K01KK5;;19.0034;19.0034;19.0034;14-Mar-2017
119533;Aditya Birla Sun Life Corporate Bond Fund - Growth - Direct Plan;INF209K01S38;;62.0249;62.0249;62.0249;14-Mar-2017
103178;Aditya Birla Sun Life Corporate Bond Fund - Growth - Regular Plan;INF209K01785;;61.7587;61.7587;61.7587;14-Mar-2017
124832;Aditya Birla Sun Life Corporate Bond Fund -DIRECT - IDCW;INF209KA1KT0;;11.5542;11.5542;11.5542;14-Mar-2017
119532;Aditya Birla Sun Life Corporate Bond Fund -DIRECT - MONTHLY IDCW;INF209K01N90;INF209KA1KU8;11.7833;11.7833;11.7833;14-Mar-2017
124833;Aditya Birla Sun Life Corporate Bond Fund -REGULAR - IDCW;INF209KA1KS2;;11.5693;11.5693;11.5693;14-Mar-2017
103183;Aditya Birla Sun Life Corporate Bond Fund -REGULAR - MONTHLY IDCW;INF209K01983;INF209K01DL8;11.7531;11.7531;11.7531;14-Mar-2017

Bandhan Mutual Fund
139201;BANDHAN Corporate Bond Fund - Direct Annual IDCW;INF194KA1T34;INF194KA1T42;10.5978;10.5978;10.5978;14-Mar-2017
135916;BANDHAN Corporate Bond Fund - Direct Growth;INF194KA1M23;;11.1168;11.1168;11.1168;14-Mar-2017
139198;BANDHAN Corporate Bond Fund - Direct Monthly IDCW;INF194KA1S43;INF194KA1S50;10.1921;10.1921;10.1921;14-Mar-2017
135917;BANDHAN Corporate Bond Fund - Direct Periodic IDCW;INF194KA1M31;INF194KA1M49;10.5688;10.5688;10.5688;14-Mar-2017
139199;BANDHAN Corporate Bond Fund - Direct Quarterly IDCW;INF194KA1S76;INF194KA1S84;10.2504;10.2504;10.2504;14-Mar-2017
135914;BANDHAN Corporate Bond Fund - Regular Growth;INF194KA1L81;;11.0746;11.0746;11.0746;14-Mar-2017
139203;BANDHAN Corporate Bond Fund - Regular Half Yearly IDCW;INF194KA1R85;INF194KA1R93;10.6055;10.6055;10.6055;14-Mar-2017
139202;BANDHAN Corporate Bond Fund - Regular Monthly IDCW;INF194KA1R28;INF194KA1R36;10.4695;10.4695;10.4695;14-Mar-2017
135915;BANDHAN Corporate Bond Fund - Regular Periodic IDCW;INF194KA1L99;INF194KA1M07;10.5854;10.5854;10.5854;14-Mar-2017
139205;BANDHAN Corporate Bond Fund - Regular Quarterly IDCW;INF194KA1R51;INF194KA1R69;10.4040;10.4040;10.4040;14-Mar-2017

BNP Paribas Mutual Fund
119983;BNP Paribas Corporate Bond Fund - Direct Plan - Annual Income Distribution cum Capital Withdrawal Option;INF251K01GU4;INF251K01GV2;11.3450;11.3450;11.3450;14-Mar-2017
119984;BNP Paribas Corporate Bond Fund - Direct Plan - Growth Option;INF251K01GP4;;18.0473;18.0473;18.0473;14-Mar-2017
119985;BNP Paribas Corporate Bond Fund - Direct Plan - Monthly Income Distribution cum Capital Withdrawal Option;INF251K01GQ2;INF251K01GR0;10.1207;10.1207;10.1207;14-Mar-2017
119986;BNP Paribas Corporate Bond Fund - Direct Plan - Quarterly Income Distribution cum Capital Withdrawal Option;INF251K01GS8;INF251K01GT6;10.2969;10.2969;10.2969;14-Mar-2017
114100;BNP PARIBAS Corporate Bond Fund - Regular Plan - Annual-Income Distribution cum Capital Withdrawal Option;INF251K01EN4;INF251K01EO2;11.1760;11.1760;11.1760;14-Mar-2017
114099;BNP PARIBAS Corporate Bond Fund - Regular Plan - Growth Option;INF251K01EI4;;20.2941;20.2941;20.2941;14-Mar-2017
114105;BNP PARIBAS Corporate Bond Fund - Regular Plan - Monthly-Income Distribution cum Capital Withdrawal Option;INF251K01EJ2;INF251K01EK0;10.0109;10.0109;10.0109;14-Mar-2017
114097;BNP PARIBAS Corporate Bond Fund - Regular Plan - Quarterly-Income Distribution cum Capital Withdrawal Option;INF251K01EL8;INF251K01EM6;10.1250;10.1250;10.1250;14-Mar-2017
117949;BNP PARIBAS CORPORATE BOND FUND ANNUAL Income Distribution cum Capital Withdrawal OPTION;INF251K01EU9;INF251K01EV7;11.1913;11.1913;11.1913;14-Mar-2017
117951;BNP PARIBAS CORPORATE BOND FUND GROWTH OPTION;INF251K01EP9;;17.5996;17.5996;17.5996;14-Mar-2017
117950;BNP PARIBAS CORPORATE BOND FUND MONTHLY Income Distribution cum Capital Withdrawal OPTION;INF251K01EQ7;INF251K01ER5;10.0127;10.0127;10.0127;14-Mar-2017
117948;BNP PARIBAS CORPORATE BOND FUND QUARTERLY Income Distribution cum Capital Withdrawal OPTION;INF251K01ES3;INF251K01ET1;10.1260;10.1260;10.1260;14-Mar-2017

Canara Robeco Mutual Fund
126685;CANARA ROBECO CORPORATE BOND FUND - DIRECT PLAN - GROWTH OPTION;INF760K01HB2;;13.2911;13.2911;13.2911;14-Mar-2017
126686;CANARA ROBECO CORPORATE BOND FUND - DIRECT PLAN - IDCW (Payout/Reinvestment);INF760K01HC0;INF760K01HD8;11.5079;11.5079;11.5079;14-Mar-2017
126687;CANARA ROBECO CORPORATE BOND FUND - REGULAR PLAN - GROWTH OPTION;INF760K01GY6;;13.1080;13.1080;13.1080;14-Mar-2017
126688;CANARA ROBECO CORPORATE BOND FUND - REGULAR PLAN - IDCW (Payout/Reinvestment);INF760K01GZ3;INF760K01HA4;11.3388;11.3388;11.3388;14-Mar-2017

Edelweiss Mutual Fund
140333;Edelweiss Corporate Bond Fund - Direct Plan - Growth Option;INF843K01JI7;;12.5807;12.5807;12.5807;14-Mar-2017
140334;Edelweiss Corporate Bond Fund - Direct Plan - IDCW Option;INF843K01JK3;INF843K01JL1;12.5822;12.5822;12.5822;14-Mar-2017
140346;Edelweiss Corporate Bond Fund - Regular  Annual - IDCW Option;INF843K01KB0;INF843K01JZ1;12.4367;12.4367;12.4367;14-Mar-2017
140345;Edelweiss Corporate Bond Fund - Regular  Monthly - IDCW Option;INF843K01KA2;INF843K01JY4;10.4873;10.4873;10.4873;14-Mar-2017
140343;Edelweiss Corporate Bond Fund - Regular  Weekly - IDCW Option;INF843K01JW8;;10.5647;10.5647;10.5647;14-Mar-2017
140337;Edelweiss Corporate Bond Fund - Regular - IDCW Option;INF843K01JU2;INF843K01JV0;12.4367;12.4367;12.4367;14-Mar-2017
140336;Edelweiss Corporate Bond Fund - Regular Plan - Growth Option;INF843K01JS6;;12.4367;12.4367;12.4367;14-Mar-2017
140344;Edelweiss Corporate Bond Fund - Regular Plan Fortnightly - IDCW Option;INF843K01JX6;;10.5485;10.5485;10.5485;14-Mar-2017

Franklin Templeton Mutual Fund
118569;Franklin India Corporate Debt Fund - Direct - GROWTH;INF090I01FW8;;58.4140;58.1219;58.4140;14-Mar-2017
100528;Franklin India Corporate Debt Fund - Growth;INF090I01DG6;;56.5260;56.2434;56.5260;14-Mar-2017
100527;Franklin India Corporate Debt Fund - Plan A - Annual - IDCW;INF090I01DH4;INF090I01DI2;18.3736;18.2817;18.3736;14-Mar-2017
118570;Franklin India Corporate Debt Fund - Plan A - Direct - Annual - IDCW;INF090I01FX6;INF090I01FY4;19.1066;19.0111;19.1066;14-Mar-2017
118573;Franklin India Corporate Debt Fund - Plan A - Direct - Half yearly - IDCW;INF090I01FU2;INF090I01FV0;15.0656;14.9903;15.0656;14-Mar-2017
118571;Franklin India Corporate Debt Fund - Plan A - Direct - Monthly - IDCW;INF090I01FQ0;INF090I01FR8;16.5989;16.5159;16.5989;14-Mar-2017
118572;Franklin India Corporate Debt Fund - Plan A - Direct - Quarterly - IDCW;INF090I01FS6;INF090I01FT4;14.2641;14.1928;14.2641;14-Mar-2017
100531;Franklin India Corporate Debt Fund - Plan B - Half yearly - IDCW;INF090I01DN2;INF090I01DO0;14.2908;14.2193;14.2908;14-Mar-2017
100529;Franklin India Corporate Debt Fund - Plan B - Monthly - IDCW;INF090I01DJ0;INF090I01DK8;15.9539;15.8741;15.9539;14-Mar-2017
100530;Franklin India Corporate Debt Fund - Plan B - Quarterly - IDCW;INF090I01DL6;INF090I01DM4;13.7014;13.6329;13.7014;14-Mar-2017

HDFC Mutual Fund
113070;HDFC Corporate Bond Fund - Growth Option;INF179K01DC2;;17.9569;17.9569;17.9569;14-Mar-2017
118987;HDFC Corporate Bond Fund - Growth Option - Direct Plan;INF179K01XD8;;18.0259;18.0259;18.0259;14-Mar-2017
132848;HDFC Corporate Bond Fund - IDCW Option;INF179KA1D33;INF179KA1D25;12.2133;12.2133;12.2133;14-Mar-2017
132849;HDFC Corporate Bond Fund - IDCW Option - Direct Plan;INF179KA1D17;;12.3709;12.3709;12.3709;14-Mar-2017
113071;HDFC Corporate Bond Fund - Quarterly IDCW Option;INF179K01DD0;INF179K01DE8;10.3735;10.3735;10.3735;14-Mar-2017
118986;HDFC Corporate Bond Fund - Quarterly IDCW Option - Direct Plan;INF179K01XB2;INF179K01XC0;10.4486;10.4486;10.4486;14-Mar-2017

ICICI Prudential Mutual Fund
130947;ICICI Prudential Corporate Bond Fund - Bonus;INF109KA1I84;;11.8557;11.8557;11.8557;14-Mar-2017
111988;ICICI Prudential Corporate Bond Fund - Daily IDCW;INF109K01CR9;;10.1496;10.1496;10.1496;14-Mar-2017
120695;ICICI Prudential Corporate Bond Fund - Direct Plan - Daily IDCW;INF109K013B8;;10.0935;10.0935;10.0935;14-Mar-2017
120696;ICICI Prudential Corporate Bond Fund - Direct Plan - Fortnightly IDCW;INF109K014B6;INF109K015B3;10.5243;10.5243;10.5243;14-Mar-2017
120692;ICICI Prudential Corporate Bond Fund - Direct Plan - Growth;INF109K016B1;;16.9647;16.9647;16.9647;14-Mar-2017
131152;ICICI Prudential Corporate Bond Fund - Direct Plan - Half Yearly IDCW Option;INF109KA1N38;INF109KA1N20;11.5630;11.5630;11.5630;14-Mar-2017
120697;ICICI Prudential Corporate Bond Fund - Direct Plan - Monthly IDCW;INF109K017B9;INF109K018B7;10.2091;10.2091;10.2091;14-Mar-2017
120694;ICICI Prudential Corporate Bond Fund - Direct Plan - Quarterly IDCW;INF109K019B5;INF109K012C8;11.8366;11.8366;11.8366;14-Mar-2017
120693;ICICI Prudential Corporate Bond Fund - Direct Plan - Weekly IDCW;INF109K010C2;INF109K011C0;10.1889;10.1889;10.1889;14-Mar-2017
111990;ICICI Prudential Corporate Bond Fund - Fortnightly IDCW;INF109K01SJ2;INF109K01CS7;10.2080;10.2080;10.2080;14-Mar-2017
111987;ICICI Prudential Corporate Bond Fund - Growth;INF109K01CQ1;;16.5806;16.5806;16.5806;14-Mar-2017
131151;ICICI Prudential Corporate Bond Fund - Half Yearly IDCW Option;INF109KA1N12;INF109KA1N04;11.4195;11.4195;11.4195;14-Mar-2017
111991;ICICI Prudential Corporate Bond Fund - Monthly IDCW;INF109K01SK0;INF109K01CT5;10.2678;10.2678;10.2678;14-Mar-2017
111982;ICICI Prudential Corporate Bond Fund - Premium Daily Dividend;INF109K01CL2;;10.0394;10.0394;10.0394;14-Mar-2017
111989;ICICI Prudential Corporate Bond Fund - Weekly IDCW;INF109K01SL8;INF109K01SM6;10.2702;10.2702;10.2702;14-Mar-2017
111992;ICICI Prudential Corporate Bond Fund -Quarterly IDCW;INF109K01SN4;INF109K01SO2;10.6509;10.6509;10.6509;14-Mar-2017
111976;ICICI Prudential Corporate Bond Fund Retail Daily Dividend;INF109K01CF4;;10.0394;10.0394;10.0394;14-Mar-2017
111978;ICICI Prudential Corporate Bond Fund Retail Fort Nightly Dividend;INF109K01SF0;INF109K01CH0;10.2080;10.2080;10.2080;14-Mar-2017
111972;ICICI Prudential Corporate Bond Fund Retail Growth;INF109K01CE7;;18.0103;18.0103;18.0103;14-Mar-2017
111979;ICICI Prudential Corporate Bond Fund Retail Monthly Dividend;INF109K01QM0;INF109K01CI8;10.2079;10.2079;10.2079;14-Mar-2017
111980;ICICI Prudential Corporate Bond Fund Retail Quarterly Dividend;INF109K01FQ4;INF109K01CJ6;10.6574;10.6574;10.6574;14-Mar-2017
111977;ICICI Prudential Corporate Bond Fund Retail Weekly Dividend;INF109K01SE3;INF109K01CG2;10.1857;10.1857;10.1857;14-Mar-2017

Invesco Mutual Fund
106179;Invesco India Corporate Bond Fund - Annual IDCW (Payout / Reinvestment);INF205K01QX3;INF205K01QY1;1655.4720;1655.4720;1655.4720;14-Mar-2017
120500;Invesco India Corporate Bond Fund - Direct Plan - Annual IDCW (Payout / Reinvestment);INF205K01RA9;INF205K01RB7;1684.8284;1684.8284;1684.8284;14-Mar-2017
120499;Invesco India Corporate Bond Fund - Direct Plan - Discretionary IDCW (Payout / Reinvestment);INF205K01RD3;INF205K01RE1;1565.2598;1565.2598;1565.2598;14-Mar-2017
120497;Invesco India Corporate Bond Fund - Direct Plan - Growth;INF205K01RF8;;1941.6722;1941.6722;1941.6722;14-Mar-2017
120496;Invesco India Corporate Bond Fund - Direct Plan - Monthly IDCW (Payout / Reinvestment);INF205K01RG6;INF205K01RH4;1208.4411;1208.4411;1208.4411;14-Mar-2017
120501;Invesco India Corporate Bond Fund - Direct Plan - Quarterly IDCW (Payout / Reinvestment);INF205K01RI2;INF205K01RJ0;1072.4119;1072.4119;1072.4119;14-Mar-2017
106177;Invesco India Corporate Bond Fund - Growth;INF205K01RM4;;1882.3283;1882.3283;1882.3283;14-Mar-2017
106171;Invesco India Corporate Bond Fund - Monthly IDCW (Payout / Reinvestment);INF205K01RN2;INF205K01RO0;1384.7139;1384.7139;1384.7139;14-Mar-2017
106172;Invesco India Corporate Bond Fund - Quarterly IDCW (Payout / Reinvestment);INF205K01RP7;INF205K01RQ5;1049.1023;1049.1023;1049.1023;14-Mar-2017

Kotak Mahindra Mutual Fund
133791;Kotak Corporate Bond Fund- Direct Plan- Growth Option;INF178L01BY0;;2162.1768;2162.1768;2162.1768;14-Mar-2017
133792;Kotak Corporate Bond Fund- Direct Plan- Monthly Payout of Income Distribution cum capital withdrawal option;INF178L01BZ7;;1103.8366;1103.8366;1103.8366;14-Mar-2017
133782;Kotak Corporate Bond Fund- Regular Plan-Growth Option;INF178L01BO1;;2125.8854;2125.8854;2125.8854;14-Mar-2017
133787;Kotak Corporate Bond Fund- Regular Plan-Monthly Dividend Option;INF178L01BQ6;INF178L01BP8;1050.0535;1050.0535;1050.0535;14-Mar-2017
133777;Kotak Corporate Bond Fund- Regular Plan-Quarterly Dividend Option;INF178L01BR4;;1061.5204;1061.5204;1061.5204;14-Mar-2017

L&T Mutual Fund
119844;L&T Triple Ace Bond Fund - Direct Plan -Growth;INF917K01HN3;;42.217;42.217;42.217;14-Mar-2017
119846;L&T Triple Ace Bond Fund - Direct Plan -Semi Annual IDCW;INF917K01HR4;INF917K01HQ6;17.7119;17.7119;17.7119;14-Mar-2017
134424;L&T Triple Ace Bond Fund - Regular Plan - Annual IDCW;INF917K01WB7;INF917K01WA9;10.8841;10.8841;10.8841;14-Mar-2017
112414;L&T Triple Ace Bond Fund - Regular Plan - Quarterly IDCW;INF917K01AF4;INF917K01AG2;11.4321;11.4321;11.4321;14-Mar-2017
119847;L&T Triple Ace Bond Fund -Direct Plan- Quarterly IDCW;INF917K01HP8;INF917K01HO1;12.2208;12.2208;12.2208;14-Mar-2017
112420;L&T Triple Ace Bond Fund -Regular Plan - Bonus;INF917K01AK4;;15.4881;15.4881;15.4881;14-Mar-2017
112416;L&T Triple Ace Bond Fund -Regular Plan - Semi Annual IDCW;INF917K01AI8;INF917K01AJ6;15.6649;15.6649;15.6649;14-Mar-2017
112410;L&T Triple Ace Bond Fund-Regular Plan-Growth;INF917K01AH0;;40.774;40.774;40.774;14-Mar-2017

Nippon India Mutual Fund
109472;NIPPON INDIA CORPORATE BOND FUND - DAILY IDCW Option;;INF204K01EG7;17.0834;17.0834;17.0834;14-Mar-2017
118808;NIPPON INDIA CORPORATE BOND FUND - DIRECT Plan - DAILY IDCW Option;;INF204K01C23;17.0858;17.0858;17.0858;14-Mar-2017
125266;NIPPON INDIA CORPORATE BOND FUND - DIRECT Plan - IDCW Option;INF204KA1EO9;INF204KA1EP6;10.9287;10.9287;10.9287;14-Mar-2017
118809;NIPPON INDIA CORPORATE BOND FUND - DIRECT Plan - MONTHLY IDCW Option;INF204K01C56;INF204K01C64;11.1477;11.1477;11.1477;14-Mar-2017
118811;NIPPON INDIA CORPORATE BOND FUND - DIRECT Plan - QUARTERLY IDCW Option;INF204K01C72;INF204K01C80;11.6170;11.6170;11.6170;14-Mar-2017
118812;NIPPON INDIA CORPORATE BOND FUND - DIRECT Plan - WEEKLY IDCW Option;INF204K01C31;INF204K01C49;17.0894;17.0894;17.0894;14-Mar-2017
118807;Nippon India Corporate Bond Fund - Direct Plan Growth Plan - Bonus;INF204K01D63;;24.6237;24.6237;24.6237;14-Mar-2017
118814;Nippon India Corporate Bond Fund - Direct Plan Growth Plan - Growth Option;INF204K01C15;;34.4894;34.4894;34.4894;14-Mar-2017
100859;Nippon India Corporate Bond Fund - Growth Plan - Bonus Option;INF204KA12N8;;24.2381;24.2381;24.2381;14-Mar-2017
100856;Nippon India Corporate Bond Fund - Growth Plan - Growth Option;INF204K01EF9;;33.9377;33.9377;33.9377;14-Mar-2017
125267;NIPPON INDIA CORPORATE BOND FUND - IDCW Option;INF204KA1EM3;INF204KA1EN1;10.8725;10.8725;10.8725;14-Mar-2017
100857;NIPPON INDIA CORPORATE BOND FUND - MONTHLY IDCW Option;INF204K01EJ1;INF204K01EK9;11.0739;11.0739;11.0739;14-Mar-2017
100858;NIPPON INDIA CORPORATE BOND FUND - QUARTERLY IDCW Option;INF204K01EL7;INF204K01EM5;11.5190;11.5190;11.5190;14-Mar-2017
109473;NIPPON INDIA CORPORATE BOND FUND - WEEKLY IDCW Option;INF204K01EH5;INF204K01EI3;17.0873;17.0873;17.0873;14-Mar-2017

PGIM India Mutual Fund
138317;PGIM India Corporate Bond Fund - Annual Dividend;INF223J01CY6;INF223J01CZ3;10.8646;10.8646;10.8646;14-Mar-2017
138329;PGIM India Corporate Bond Fund - Direct Plan - Annual Dividend;INF223J01OM6;;11.8631;11.8631;11.8631;14-Mar-2017
138330;PGIM India Corporate Bond Fund - Direct Plan - Growth;INF223J01OO2;;26.8965;26.8965;26.8965;14-Mar-2017
138331;PGIM India Corporate Bond Fund - Direct Plan - Monthly Dividend;INF223J01OP9;;15.7853;15.7853;15.7853;14-Mar-2017
138332;PGIM India Corporate Bond Fund - Direct Plan - Quarterly Dividend;INF223J01OR5;INF223J01OS3;13.0432;13.0432;13.0432;14-Mar-2017
138318;PGIM India Corporate Bond Fund - Growth;INF223J01DB2;;25.8801;25.8801;25.8801;14-Mar-2017
138316;PGIM India Corporate Bond Fund - Monthly Dividend;INF223J01DC0;INF223J01DD8;13.4913;13.4913;13.4913;14-Mar-2017
138323;PGIM India Corporate Bond Fund - Premium Plus Plan - Growth;INF223J01CQ2;;15.4719;15.4719;15.4719;14-Mar-2017
138315;PGIM India Corporate Bond Fund - Quarterly Dividend;INF223J01DE6;INF223J01DF3;12.0011;12.0011;12.0011;14-Mar-2017
138334;PGIM India Premier Bond Fund - Half-Yearly Bonus;INF223J01WF3;;12.0885;12.0885;12.0885;14-Mar-2017

Principal Mutual Fund
119479;Principal Corporate Bond Fund  - Direct Plan -Growth Option;INF173K01HM5;;29.3002;29.0072;29.3002;14-Mar-2017
102169;Principal Corporate Bond Fund - Dividend - Monthly;INF173K01312;INF173K01320;10.1170;10.0158;10.1170;14-Mar-2017
102170;Principal Corporate Bond Fund - Dividend - Quarterly;INF173K01338;INF173K01346;12.0458;11.9253;12.0458;14-Mar-2017
102171;Principal Corporate Bond Fund -Growth;INF173K01288;;28.3515;28.0680;28.3515;14-Mar-2017

Sundaram Mutual Fund
119621;Sundaram Corporate Bond Fund Direct Plan - Growth;INF903J01NR4;;22.9321;22.9321;22.9321;14-Mar-2017
119622;Sundaram Corporate Bond Fund Direct Plan - Income Distribution cum Capital Withdrawal(IDCW);INF903J01NS2;INF903J01NT0;11.5042;11.5042;11.5042;14-Mar-2017
119631;Sundaram Corporate Bond Fund Direct Plan -Income Distribution cum Capital Withdrawal (IDCW);INF903J01OX0;INF903J01OZ5;13.3505;13.3505;13.3505;14-Mar-2017
119630;Sundaram Corporate Bond Fund Direct Plan-Income Distribution cum Capital Withdrawal(IDCW);INF903J01NU8;INF903J01NV6;14.1260;14.1260;14.1260;14-Mar-2017
100786;Sundaram Corporate Bond Fund Regular Plan - Income Distribution cum Capital Withdrawal (IDCW );INF903J01HY2;INF903J01IC6;14.0838;14.0838;14.0838;14-Mar-2017
100785;Sundaram Corporate Bond Fund Regular Plan -Income Distribution cum Capital Withdrawal(IDCW);INF903J01HX4;INF903J01IB8;11.1938;11.1938;11.1938;14-Mar-2017
100789;Sundaram Corporate Bond Fund Regular Plan- Growth;INF903J01HW6;;22.7324;22.7324;22.7324;14-Mar-2017
100788;Sundaram Corporate Bond Fund Regular Plan- Income Distribution cum Capital Withdrawal (IDCW);INF903J01IA0;INF903J01IE2;13.3140;13.3140;13.3140;14-Mar-2017
100787;Sundaram Corporate Bond Fund Regular Plan-Income Distribution cum Capital Withdrawal (IDCW);INF903J01HZ9;INF903J01ID4;13.3373;13.3373;13.3373;14-Mar-2017

Tata Mutual Fund
106130;Tata Corporate Bond Fund -Regular Plan  -  Daily Dividend;;INF277K01AA4;1008.4750;1008.4750;1008.4750;14-Mar-2017
116516;Tata Corporate Bond Fund Retail Investment Plan Daily Dividend Option;;INF277K01GD5;1003.3596;1003.3596;1003.3596;14-Mar-2017
106128;Tata Corporate Bond Fund Retail Investment Plan Growth;INF277K01AD8;;2117.3877;2117.3877;2117.3877;14-Mar-2017
106123;Tata Corporate Bond Fund Retail Investment Plan Monthly Dividend;INF277K01CV6;INF277K01AE6;1004.5165;1004.5165;1004.5165;14-Mar-2017
119102;Tata Corporate Bond Fund- Direct Plan-Daily Dividend;;INF277K013D0;1008.5144;1008.5144;1008.5144;14-Mar-2017
119104;Tata Corporate Bond Fund- Direct Plan-Growth;INF277K01QT0;;2194.0163;2194.0163;2194.0163;14-Mar-2017
119105;Tata Corporate Bond Fund- Direct Plan-Monthly Dividend;INF277K01QU8;INF277K01QV6;1004.3890;1004.3890;1004.3890;14-Mar-2017
119103;Tata Corporate Bond Fund- Direct Plan-Weekly Dividend;INF277K014D8;INF277K015D5;1011.6437;1011.6437;1011.6437;14-Mar-2017
106129;Tata Corporate Bond Fund -Regular Plan -  Growth;INF277K01998;;2134.0377;2134.0377;2134.0377;14-Mar-2017
106132;Tata Corporate Bond Fund -Regular Plan -  Monthly Dividend;INF277K01CT0;INF277K01AB2;1003.9125;1003.9125;1003.9125;14-Mar-2017
106131;Tata Corporate Bond Fund-Regular Plan - Weekly Dividend;INF277K01CU8;INF277K01AC0;1010.7348;1010.7348;1010.7348;14-Mar-2017

Open Ended Schemes ( Debt Scheme - Credit Risk Fund )


Aditya Birla Sun Life Mutual Fund
134385;Aditya Birla Sun Life Credit Risk Fund - Direct - IDCW;INF209KA1K96;INF209KA1L04;11.5522;11.3212;11.5522;14-Mar-2017
134388;Aditya Birla Sun Life Credit Risk Fund - Direct Plan - Bonus;INF209KA1L12;;12.0233;11.7828;12.0233;14-Mar-2017
134387;Aditya Birla Sun Life Credit Risk Fund - Direct Plan - Growth;INF209KA1K88;;12.0235;11.7830;12.0235;14-Mar-2017
134386;Aditya Birla Sun Life Credit Risk Fund - Regular - IDCW;INF209KA1K54;INF209KA1K62;11.3677;11.1403;11.3677;14-Mar-2017
134384;Aditya Birla Sun Life Credit Risk Fund - Regular Plan - Bonus;INF209KA1K70;;11.8518;11.6148;11.8518;14-Mar-2017
134383;Aditya Birla Sun Life Credit Risk Fund - Regular Plan - Growth;INF209KA1K47;;11.8375;11.6007;11.8375;14-Mar-2017

Axis Mutual Fund
130314;Axis Credit Risk Fund - Direct Plan - Growth;INF846K01PJ5;;13.0784;12.8822;13.0784;14-Mar-2017
130312;Axis Credit Risk Fund - Direct Plan - Monthly IDCW;INF846K01PM9;INF846K01PN7;10.0380;9.8874;10.0380;14-Mar-2017
130311;Axis Credit Risk Fund - Direct Plan - Weekly IDCW;INF846K01PK3;INF846K01PL1;10.2204;10.0671;10.2204;14-Mar-2017
130309;Axis Credit Risk Fund - Regular Plan - Growth;INF846K01PO5;;12.7185;12.5277;12.7185;14-Mar-2017
130313;Axis Credit Risk Fund - Regular Plan - Monthly IDCW;INF846K01PR8;INF846K01PS6;10.0983;9.9468;10.0983;14-Mar-2017
130310;Axis Credit Risk Fund - Regular Plan - Weekly IDCW;INF846K01PP2;INF846K01PQ0;10.1273;9.9754;10.1273;14-Mar-2017

Bandhan Mutual Fund
140605;BANDHAN CREDIT RISK FUND - DIRECT PLAN HALF YEARLY IDCW;INF194KA1X04;INF194KA1X12;9.9940;9.9940;9.9940;14-Mar-2017
140608;BANDHAN Credit Risk Fund - Regular Plan Annual IDCW;INF194KA1W05;INF194KA1W13;9.9910;9.9910;9.9910;14-Mar-2017
140609;BANDHAN Credit Risk Fund - Regular Plan Growth;INF194KA1W39;;9.9910;9.9910;9.9910;14-Mar-2017
140611;BANDHAN Credit Risk Fund - Regular Plan Half Yearly IDCW;INF194KA1V71;INF194KA1V89;9.9910;9.9910;9.9910;14-Mar-2017
140612;BANDHAN Credit Risk Fund - Regular Plan Periodic IDCW;INF194KA1V14;INF194KA1V22;9.9910;9.9910;9.9910;14-Mar-2017
140607;BANDHAN Credit Risk Fund - Regular Plan Quarterly IDCW;INF194KA1V48;INF194KA1V55;9.9910;9.9910;9.9910;14-Mar-2017
140610;BANDHAN Credit Risk Fund-Direct Plan-Annual IDCW;INF194KA1X38;INF194KA1X46;9.9939;9.9939;9.9939;14-Mar-2017
140603;BANDHAN Credit Risk Fund-Direct Plan-Growth;INF194KA1X61;;9.9939;9.9939;9.9939;14-Mar-2017
140606;BANDHAN Credit Risk Fund-Direct Plan-Periodic IDCW;INF194KA1W47;INF194KA1W54;9.9938;9.9938;9.9938;14-Mar-2017
140604;BANDHAN Credit Risk Fund-Direct Plan-Quarterly IDCW;INF194KA1W70;INF194KA1W88;9.9939;9.9939;9.9939;14-Mar-2017

Bank of India Mutual Fund
133868;BANK OF INDIA Credit Risk  Fund - Direct Plan;INF761K01DG8;;12.2066;11.7183;12.2066;14-Mar-2017
133867;BANK OF INDIA Credit Risk Fund - Regular Plan;INF761K01DH6;;12.1762;11.6892;12.1762;14-Mar-2017

Baroda BNP Paribas Mutual Fund
133520;Baroda BNP Paribas Credit Risk Fund -Direct- Monthly IDCW;INF955L01FZ9;;11.1440;11.0326;11.1440;14-Mar-2017
133524;Baroda BNP Paribas Credit Risk Fund -Direct- Quarterly IDCW;INF955L01GA0;;11.1091;10.9980;11.1091;14-Mar-2017
133488;Baroda BNP Paribas Credit Risk Fund -Direct-Growth Option;INF955L01FR6;;12.7504;12.6229;12.7504;14-Mar-2017
133678;Baroda BNP Paribas Credit Risk Fund -Plan B(Direct)-Bonus Option;INF955L01FY2;;12.7504;12.6229;12.7504;14-Mar-2017
133486;Baroda BNP Paribas Credit Risk Fund -Regular-Growth Option;INF955L01FP0;;12.4262;12.3019;12.4262;14-Mar-2017
133517;Baroda BNP Paribas Credit Risk Fund -Regular-Monthly IDCW;INF955L01FU0;;10.8186;10.7104;10.8186;14-Mar-2017
133518;Baroda BNP Paribas Credit Risk Fund -Regular-Quarterly IDCW;INF955L01FV8;;10.8358;10.7274;10.8358;14-Mar-2017

DSP Mutual Fund
119084;DSP Credit Risk Fund - Direct Plan -  IDCW - Monthly;INF740K01OV8;INF740K01OW6;10.4913;10.3864;10.4913;14-Mar-2017
119082;DSP Credit Risk Fund - Direct Plan - Growth;INF740K01OS4;;27.2986;27.0256;27.2986;14-Mar-2017
119083;DSP Credit Risk Fund - Direct Plan - IDCW;INF740K01OT2;INF740K01OU0;12.2302;12.1079;12.2302;14-Mar-2017
119087;DSP Credit Risk Fund - Direct Plan - IDCW - Daily;;INF740KA1NX2;10.2125;10.1104;10.2125;14-Mar-2017
119085;DSP Credit Risk Fund - Direct Plan - IDCW - Quarterly ;INF740K01OX4;INF740K01OY2;10.6287;10.5224;10.6287;14-Mar-2017
119086;DSP Credit Risk Fund - Direct Plan - IDCW - Weekly;INF740KA1NY0;INF740KA1NZ7;10.2281;10.1258;10.2281;14-Mar-2017
101839;DSP Credit Risk Fund - Regular Plan - IDCW;INF740K01581;INF740K01AB9;12.1287;12.0074;12.1287;14-Mar-2017
101840;DSP Credit Risk Fund - Regular Plan - IDCW - Daily;;INF740KA1OA8;10.2057;10.1036;10.2057;14-Mar-2017
117061;DSP Credit Risk Fund - Regular Plan - IDCW - Monthly;INF740K01JW6;INF740K01JV8;10.4655;10.3608;10.4655;14-Mar-2017
117062;DSP Credit Risk Fund - Regular Plan - IDCW - Quarterly ;INF740K01JY2;INF740K01JX4;10.5806;10.4748;10.5806;14-Mar-2017
101838;DSP Credit Risk Fund - Regular Plan - IDCW - Weekly;INF740K01FR4;INF740K01FQ6;10.2203;10.1181;10.2203;14-Mar-2017
101837;DSP Credit Risk Fund - Regular Plan -Growth;INF740K01599;;26.6589;26.3923;26.6589;14-Mar-2017

Franklin Templeton Mutual Fund
118553;Franklin India Credit Risk Fund - Direct - Growth;INF090I01JL3;;17.2030;16.6869;17.2030;14-Mar-2017
118552;Franklin India Credit Risk Fund - Direct - IDCW ;INF090I01JJ7;INF090I01JK5;11.7842;11.4307;11.7842;14-Mar-2017
116153;Franklin India Credit Risk Fund - Growth;INF090I01ET7;;16.6049;16.1068;16.6049;14-Mar-2017
116154;Franklin India Credit Risk Fund - IDCW ;INF090I01ES9;INF090I01ER1;11.2898;10.9511;11.2898;14-Mar-2017

HDFC Mutual Fund
128053;HDFC Credit Risk Debt Fund - Growth Option;INF179KA1GC0;;13.4185;13.1501;13.4185;14-Mar-2017
128051;HDFC Credit Risk Debt Fund - Growth Option - Direct Plan;INF179KA1FZ3;;13.7749;13.4994;13.7749;14-Mar-2017
133148;HDFC Credit Risk Debt Fund - IDCW Option;INF179KA1I87;INF179KA1I79;12.3554;12.1083;12.3554;14-Mar-2017
133147;HDFC Credit Risk Debt Fund - IDCW Option - Direct Plan;INF179KA1I61;INF179KA1I53;12.0747;11.8332;12.0747;14-Mar-2017
128050;HDFC Credit Risk Debt Fund - Quarterly IDCW - Direct Plan;INF179KA1GA4;INF179KA1GB2;10.8572;10.6401;10.8572;14-Mar-2017
128052;HDFC Credit Risk Debt Fund - Quarterly IDCW Option;INF179KA1GD8;INF179KA1GE6;10.8111;10.5949;10.8111;14-Mar-2017

ICICI Prudential Mutual Fund
134342;ICICI Prudential Credit Risk Fund - Annual IDCW;INF109KB1AF0;INF109KB1AG8;11.0438;10.9334;11.0438;14-Mar-2017
130943;ICICI Prudential Credit Risk Fund - Bonus;INF109KA1I27;;12.5049;12.3799;12.5049;14-Mar-2017
134341;ICICI Prudential Credit Risk Fund - Direct Plan - Annual IDCW;INF109KB1AD5;INF109KB1AE3;11.3797;11.2659;11.3797;14-Mar-2017
120711;ICICI Prudential Credit Risk Fund - Direct Plan - Growth;INF109K01V00;;17.9107;17.7316;17.9107;14-Mar-2017
120710;ICICI Prudential Credit Risk Fund - Direct Plan - Half Yearly IDCW;INF109K01V18;INF109K01V26;10.9942;10.8843;10.9942;14-Mar-2017
120709;ICICI Prudential Credit Risk Fund - Direct Plan - Quarterly IDCW;INF109K01V34;INF109K01V42;11.0844;10.9736;11.0844;14-Mar-2017
130944;ICICI Prudential Credit Risk Fund - Direct Plan Bonus;INF109KA1I19;;12.7428;12.6154;12.7428;14-Mar-2017
114239;ICICI Prudential Credit Risk Fund - Growth;INF109K01GU4;;17.2455;17.0730;17.2455;14-Mar-2017
114241;ICICI Prudential Credit Risk Fund - Half Yearly IDCW;INF109K01GX8;INF109K01GY6;10.6082;10.5021;10.6082;14-Mar-2017
114240;ICICI Prudential Credit Risk Fund - Quarterly IDCW;INF109K01GV2;INF109K01GW0;10.4930;10.3881;10.4930;14-Mar-2017

IDBI Mutual Fund
128337;IDBI Credit Risk Fund Annual IDCW - Direct Plan;INF397L01GD9;;13.0451;12.7842;13.0451;14-Mar-2017
128332;IDBI Credit Risk Fund Annual IDCW - Regular Plan;INF397L01FX9;;11.9580;11.7188;11.9580;14-Mar-2017
127181;IDBI Credit Risk Fund Growth Direct;INF397L01GG2;;13.3117;13.0455;13.3117;14-Mar-2017
127183;IDBI Credit Risk Fund Growth Regular;INF397L01GH0;;12.9737;12.7142;12.9737;14-Mar-2017
127184;IDBI Credit Risk Fund Quarterly IDCW - Direct Plan;INF397L01GA5;;11.8196;11.5832;11.8196;14-Mar-2017
127182;IDBI Credit Risk Fund Quarterly IDCW - Regular Plan;INF397L01FU5;;11.5074;11.2773;11.5074;14-Mar-2017

Invesco Mutual Fund
130722;Invesco India Credit Risk Fund - Direct Plan - Growth;INF205K01I83;;1294.3072;1281.3641;1294.3072;14-Mar-2017
130724;Invesco India Credit Risk Fund - Direct Plan - Monthly IDCW (Payout / Reinvestment);INF205K01I91;INF205K01J17;1030.1575;1019.8559;1030.1575;14-Mar-2017
130726;Invesco India Credit Risk Fund - Regular Plan - Discretionary IDCW (Payout / Reinvestment);INF205K01I59;INF205K01I75;1270.0010;1257.3010;1270.0010;14-Mar-2017
130721;Invesco India Credit Risk Fund - Regular Plan - Growth;INF205K01I34;;1270.0256;1257.3253;1270.0256;14-Mar-2017
130723;Invesco India Credit Risk Fund - Regular Plan - Monthly IDCW (Payout / Reinvestment);INF205K01I42;INF205K01I67;1031.7524;1021.4349;1031.7524;14-Mar-2017

Kotak Mahindra Mutual Fund
119740;Kotak Credit Risk Fund - Direct Plan - Standard Income Distribution cum capital withdrawal option;INF174K01MG5;;13.8894;13.8894;13.8894;14-Mar-2017
117716;Kotak Credit Risk Fund - Growth;INF174K01DY7;;17.7845;17.7845;17.7845;14-Mar-2017
119741;Kotak Credit Risk Fund - Growth - Direct;INF174K01LZ7;;18.4929;18.4929;18.4929;14-Mar-2017
117717;Kotak Credit Risk Fund - Monthly Payout of Income Distribution cum capital withdrawal option;INF174K01EC1;INF174K01EB3;10.2949;10.2949;10.2949;14-Mar-2017
119742;Kotak Credit Risk Fund - Monthly Payout of Income Distribution cum capital withdrawal option - Direct;INF174K01MC4;;10.5389;10.5389;10.5389;14-Mar-2017
117718;Kotak Credit Risk Fund - Quarterly Payout of Income Distribution cum capital withdrawal option;INF174K01EE7;INF174K01ED9;10.7501;10.7501;10.7501;14-Mar-2017
119744;Kotak Credit Risk Fund - Quaterly Direct Payout of Income Distribution cum capital withdrawal option - Direct;INF174K01ME0;;10.1428;10.1428;10.1428;14-Mar-2017
117715;Kotak Credit Risk Fund - Regular Plan - Standard Income Distribution cum capital withdrawal option;INF174K01EG2;INF174K01EF4;11.1986;11.1986;11.1986;14-Mar-2017
117719;Kotak Credit Risk Fund - Weekly Payout of Income Distribution cum capital withdrawal option;INF174K01DZ4;;9.9781;9.9781;9.9781;14-Mar-2017
119743;Kotak Credit Risk Fund - Weekly Reinvestment of Income Distribution cum capital withdrawal option- Direct;INF174K01MA8;;10.4105;10.4105;10.4105;14-Mar-2017

L&T Mutual Fund
119785;L&T Credit Risk Fund - Direct Plan - IDCW;INF917K01UJ4;INF917K01UI6;11.1489;11.0374;11.1489;14-Mar-2017
134332;L&T Credit Risk Fund - Direct Plan -Annual IDCW;INF917K01UL0;INF917K01UK2;11.6078;11.4917;11.6078;14-Mar-2017
134331;L&T Credit Risk Fund - Regular Plan - Annual IDCW;INF917K01UN6;INF917K01UM8;11.5081;11.393;11.5081;14-Mar-2017
112632;L&T Credit Risk Fund - Regular Plan - Growth;INF917K01130;;18.5054;18.3203;18.5054;14-Mar-2017
119786;L&T Credit Risk Fund- Direct Plan - Growth;INF917K01UH8;;18.8288;18.6405;18.8288;14-Mar-2017
112630;L&T Credit Risk Fund- Regular Plan - Bonus;INF917K01CU9;;18.2145;18.0324;18.2145;14-Mar-2017
112631;L&T Credit Risk Fund- Regular Plan - IDCW;INF917K01114;INF917K01122;10.9893;10.8794;10.9893;14-Mar-2017

Nippon India Mutual Fund
112938;Nippon India Credit Risk Fund  - Growth Plan;INF204K01FQ3;;22.4912;22.2663;22.4912;14-Mar-2017
112939;Nippon India Credit Risk Fund  - Institutional Growth Plan;INF204K01FT7;;23.1511;22.9196;23.1511;14-Mar-2017
118780;Nippon India Credit Risk Fund - Direct Plan - Growth Plan;INF204K01A74;;23.3108;23.0777;23.3108;14-Mar-2017
132873;NIPPON INDIA CREDIT RISK FUND - DIRECT Plan - IDCW Option;INF204KA1WV6;;12.6203;12.4941;12.6203;14-Mar-2017
118781;NIPPON INDIA CREDIT RISK FUND - DIRECT Plan - QUARTERLY IDCW Option;INF204K01A82;INF204K01A90;13.5269;13.3916;13.5269;14-Mar-2017
132871;NIPPON INDIA CREDIT RISK FUND - IDCW Option;INF204KA1WT0;INF204KA1WS2;12.3381;12.2147;12.3381;14-Mar-2017
112941;NIPPON INDIA CREDIT RISK FUND - QUARTERLY IDCW Option;INF204K01FR1;INF204K01FS9;13.2863;13.1534;13.2863;14-Mar-2017

PGIM India Mutual Fund
138897;PGIM India Credit Risk Fund - Direct Plan - Annual Dividend;INF663L01GG7;INF663L01GH5;12.9191;12.7899;12.9191;14-Mar-2017
138898;PGIM India Credit Risk Fund - Direct Plan - Growth;INF663L01GB8;;13.0713;12.9406;13.0713;14-Mar-2017
138899;PGIM India Credit Risk Fund - Direct Plan - Monthly Dividend;INF663L01GC6;INF663L01GD4;10.6182;10.512;10.6182;14-Mar-2017
138900;PGIM India Credit Risk Fund - Direct Plan - Quarterly Dividend;INF663L01GF9;;11.1342;11.0229;11.1342;14-Mar-2017
138907;PGIM India Credit Risk Fund - Regular Plan - Annual Dividend;INF663L01FZ9;INF663L01GA0;12.7581;12.6305;12.7581;14-Mar-2017
138908;PGIM India Credit Risk Fund - Regular Plan - Dividend;INF663L01GP8;INF663L01GQ6;12.2777;12.1549;12.2777;14-Mar-2017
138905;PGIM India Credit Risk Fund - Regular Plan - Growth;INF663L01GK9;;12.7574;12.6298;12.7574;14-Mar-2017
138906;PGIM India Credit Risk Fund - Regular Plan - Monthly Dividend;INF663L01GL7;INF663L01GM5;10.5338;10.4285;10.5338;14-Mar-2017
138903;PGIM India Credit Risk Fund - Regular Plan - Quarterly Dividend;INF663L01GN3;INF663L01GO1;10.7564;10.6488;10.7564;14-Mar-2017

Principal Mutual Fund
119450;Principal Credit Risk Fund - Direct Plan - Growth Option;INF173K01FX6;;2566.8542;2554.0199;2566.8542;14-Mar-2017
119449;Principal Credit Risk Fund - Direct Plan - Monthly Dividend Option;INF173K01FY4;INF173K01FZ1;1244.7682;1238.5444;1244.7682;14-Mar-2017
102729;Principal Credit Risk Fund - Regular Plan - Growth Option;INF173K01DM4;;2529.7129;2517.0643;2529.7129;14-Mar-2017
102732;Principal Credit Risk Fund - Regular Plan - Monthly Dividend Option;INF173K01BJ4;INF173K01BK2;1241.5837;1235.3758;1241.5837;14-Mar-2017

SBI Mutual Fund
119792;SBI Credit Risk Fund - Direct Plan - Daily Income Distribution cum Capital Withdrawal Option (IDCW);;INF200K01SS0;10.3748;10.0636;10.3748;14-Mar-2017
119793;SBI Credit Risk Fund - Direct Plan - Income Distribution cum Capital Withdrawal Option (IDCW);INF200K01ST8;INF200K01SU6;14.527;14.0912;14.527;14-Mar-2017
119798;SBI CREDIT RISK FUND - DIRECT PLAN -GROWTH;INF200K01SV4;;26.5334;25.7374;26.5334;14-Mar-2017
118211;SBI Credit Risk Fund - Regular Plan - Daily Income Distribution cum Capital Withdrawal Option (IDCW);;INF200K01QK1;10.3746;10.0634;10.3746;14-Mar-2017
102505;SBI CREDIT RISK FUND - REGULAR PLAN - GROWTH;INF200K01685;;25.9849;25.2054;25.9849;14-Mar-2017
102506;SBI Credit Risk Fund - Regular Plan - Income Distribution cum Capital Withdrawal Option (IDCW);INF200K01693;INF200K01701;13.9106;13.4933;13.9106;14-Mar-2017

Sundaram Mutual Fund
134964;Sundaram  Short Term Credit Risk Fund- Direct Plan - Monthly Dividend;INF903J012Q9;INF903J017Q8;11.9646;11.9646;11.9646;14-Mar-2017
134967;Sundaram Short Term Credit Risk Fund  - Direct Plan - Weekly Dividend;INF903J010Q3;INF903J015Q2;10.7776;10.7776;10.7776;14-Mar-2017
134970;Sundaram Short Term Credit Risk Fund  - Regular Plan - Half Yearly Dividend;INF903J016P2;;11.8315;11.8315;11.8315;14-Mar-2017
134968;Sundaram Short Term Credit Risk Fund  - Regular Plan - Quarterly Dividend;INF903J015P4;;11.8548;11.8548;11.8548;14-Mar-2017
119633;Sundaram Short Term Credit Risk Fund - Direct Plan - Dividend Option;INF903J01OC4;INF903J01OD2;12.0980;12.0980;12.0980;14-Mar-2017
119632;Sundaram Short Term Credit Risk Fund - Direct Plan - Growth Option;INF903J01OE0;;24.1879;24.1879;24.1879;14-Mar-2017
101544;Sundaram Short Term Credit Risk Fund -Dividend;INF903J01EV5;INF903J01EW3;11.8315;11.8315;11.8315;14-Mar-2017
134969;Sundaram Short Term Credit Risk Fund- Regular Plan - Monthly Dividend;INF903J014P7;INF903J019P6;11.7809;11.7809;11.7809;14-Mar-2017
134971;Sundaram Short Term Credit Risk Fund- Regular Plan - Weekly Dividend;INF903J012P1;INF903J017P0;11.0008;11.0008;11.0008;14-Mar-2017
101545;Sundaram Short Term Credit Risk Fund-Appreciation;INF903J01EU7;;23.6689;23.6689;23.6689;14-Mar-2017

UTI Mutual Fund
117981;UTI Credit Risk Fund  - Regular Plan - Growth Option;INF789F01QZ1;;14.7566;14.7566;0;14-Mar-2017
135290;UTI Credit Risk Fund - Direct Plan - Annual IDCW;INF789FB1U28;INF789FB1U36;11.6758;11.6758;0;14-Mar-2017
136302;UTI Credit Risk Fund - Direct Plan - Flexi IDCW;INF789FB1U44;INF789FB1U51;11.4515;11.4515;0;14-Mar-2017
120764;UTI Credit Risk Fund - Direct Plan - Growth Option;INF789F01YB6;;15.5372;15.5372;0;14-Mar-2017
131419;UTI Credit Risk Fund - Direct Plan - Monthly IDCW;INF789FB1U02;INF789FB1U10;11.1215;11.1215;0;14-Mar-2017
120765;UTI Credit Risk Fund - Direct Plan - Quarterly IDCW;INF789F01YC4;INF789F01YD2;12.1313;12.1313;0;14-Mar-2017
133344;UTI Credit Risk Fund - Regular Plan - Annual IDCW;INF789FA1V60;INF789FA1V78;11.4564;11.4564;0;14-Mar-2017
135051;UTI Credit Risk Fund - Regular Plan - Flexi IDCW;INF789FA1V86;INF789FA1V94;11.1896;11.1896;0;14-Mar-2017
135419;UTI Credit Risk Fund - Regular Plan - Half-Yearly IDCW;INF789FA1V45;INF789FA1V52;10.8232;10.8232;0;14-Mar-2017
131418;UTI Credit Risk Fund - Regular Plan - Monthly IDCW;INF789FB1T88;INF789FB1T96;10.4673;10.4673;0;14-Mar-2017
117982;UTI Credit Risk Fund - Regular Plan - Quarterly IDCW;INF789F01RA2;INF789F01RB0;11.6608;11.6608;0;14-Mar-2017

Open Ended Schemes ( Debt Scheme - Banking and PSU Fund )


Aditya Birla Sun Life Mutual Fund
119551;Aditya Birla Sun Life Banking & PSU Debt Fund  - DIRECT - IDCW;INF209KA12Z1;INF209KA13Z9;140.4476;140.4476;140.4476;14-Mar-2017
119552;Aditya Birla Sun Life Banking & PSU Debt Fund  - DIRECT - MONTHLY IDCW;INF209K01YM2;;107.0693;107.0693;107.0693;14-Mar-2017
119553;Aditya Birla Sun Life Banking & PSU Debt Fund  - Direct - Quarterly IDCW;INF209K01YO8;;106.5726;106.5726;106.5726;14-Mar-2017
108272;Aditya Birla Sun Life Banking & PSU Debt Fund  - REGULAR - IDCW;INF209K01LX6;INF209KA11Z3;139.1462;139.1462;139.1462;14-Mar-2017
110282;Aditya Birla Sun Life Banking & PSU Debt Fund  - REGULAR - MONTHLY IDCW;INF209K01LU2;;106.0983;106.0983;106.0983;14-Mar-2017
108274;Aditya Birla Sun Life Banking & PSU Debt Fund  - REGULAR - Quarterly IDCW;INF209K01LN7;;105.7310;105.7310;105.7310;14-Mar-2017
110490;Aditya Birla Sun Life Banking & PSU Debt Fund  - retail - monthly IDCW;INF209K01LR8;;105.9604;105.9604;105.9604;14-Mar-2017
106157;Aditya Birla Sun Life Banking & PSU Debt Fund  - retail - quarterly IDCW;INF209K01LS6;;108.4191;108.4191;108.4191;14-Mar-2017
108273;Aditya Birla Sun Life Banking & PSU Debt Fund - Regular Plan-Growth;INF209K01LV0;;205.4579;205.4579;205.4579;14-Mar-2017
103176;Aditya Birla Sun Life Banking & PSU Debt Fund - Retail Plan-Growth;INF209K01LT4;;308.4229;308.4229;308.4229;14-Mar-2017
119550;Aditya Birla Sun Life Banking & PSU Debt Fund- Direct Plan-Growth;INF209K01YN0;;207.5515;207.5515;207.5515;14-Mar-2017
112015;Aditya Birla Sun Life Treasury Optimizer Plan - Discipline Advantage Plan - Growth;INF209K01KM1;;190.6314;190.6314;190.6314;14-Mar-2017
120533;Aditya Birla Sun Life Banking & PSU Debt Fund - Growth - Direct Plan;INF209K01YL4;;48.8648;48.8648;48.8648;14-Mar-2017
103188;Aditya Birla Sun Life Banking & PSU Debt Fund - Growth - Regular Plan;INF209K01BF4;;47.8032;47.8032;47.8032;14-Mar-2017
133440;Aditya Birla Sun Life Banking & PSU Debt Fund - Monthly Dividend - Direct Plan;;INF209K01YJ8;12.1454;12.1454;12.1454;14-Mar-2017
133439;Aditya Birla Sun Life Banking & PSU Debt Fund - Monthly Dividend - Regular Plan;INF209KA1WN8;;11.8457;11.8457;11.8457;14-Mar-2017
103187;Aditya Birla Sun Life Banking & PSU Debt Fund - Regular Plan;INF209K01BE7;INF209K01EA9;10.7181;10.7181;10.7181;14-Mar-2017
120532;Aditya Birla Sun Life Banking & PSU Debt Fund - Weekly Dividend - Direct Plan;INF209K01YK6;;11.2979;11.2979;11.2979;14-Mar-2017

Axis Mutual Fund
128952;Axis Banking & PSU Debt Fund - Direct Plan - Bonus Option;INF846K01NF8;;1500.4032;1500.4032;1500.4032;14-Mar-2017
120437;Axis Banking & PSU Debt Fund - Direct Plan - Daily IDCW;;INF846K01CU0;1007.6500;1007.6500;1007.6500;14-Mar-2017
120438;Axis Banking & PSU Debt Fund - Direct Plan - Growth Option;INF846K01CR6;;1499.9757;1499.9757;1499.9757;14-Mar-2017
120439;Axis Banking & PSU Debt Fund - Direct Plan - Monthly IDCW;INF846K01CT2;INF846K01CS4;1007.9202;1007.9202;1007.9202;14-Mar-2017
120436;Axis Banking & PSU Debt Fund - Direct Plan - Weekly IDCW;INF846K01CV8;INF846K01CW6;1006.8920;1006.8920;1006.8920;14-Mar-2017
117447;Axis Banking & PSU Debt Fund - Regular Plan - Daily IDCW;;INF846K01CC8;1007.6104;1007.6104;1007.6104;14-Mar-2017
117446;Axis Banking & PSU Debt Fund - Regular Plan - Growth option;INF846K01CB0;;1488.7373;1488.7373;1488.7373;14-Mar-2017
117449;Axis Banking & PSU Debt Fund - Regular Plan - Monthly IDCW;INF846K01CF1;INF846K01CG9;1007.8483;1007.8483;1007.8483;14-Mar-2017
117448;Axis Banking & PSU Debt Fund - Regular Plan - Weekly IDCW;INF846K01CD6;INF846K01CE4;1006.8534;1006.8534;1006.8534;14-Mar-2017

Bandhan Mutual Fund
127471;Bandhan Banking and PSU Fund - Direct Daily IDCW;;INF194KA1JD3;10.0523;10.0523;10.0523;14-Mar-2017
121934;Bandhan Banking and PSU Fund - Direct Fortnightly IDCW;;INF194K010N5;10.0751;10.0751;10.0751;14-Mar-2017
121279;Bandhan Banking and PSU Fund - Direct Growth;INF194K015G8;;13.9488;13.9488;13.9488;14-Mar-2017
121281;Bandhan Banking and PSU Fund - Direct IDCW;INF194K016G6;INF194K017G4;10.8539;10.8539;10.8539;14-Mar-2017
121935;Bandhan Banking and PSU Fund - Direct Monthly IDCW;;INF194K011N3;10.1278;10.1278;10.1278;14-Mar-2017
121938;Bandhan Banking and PSU Fund - Direct Quarterly IDCW;INF194K018M0;;10.6737;10.6737;10.6737;14-Mar-2017
121933;Bandhan Banking and PSU Fund - Regular Annual IDCW;INF194K015M6;;10.8552;10.8552;10.8552;14-Mar-2017
127470;Bandhan Banking and PSU Fund - Regular Daily IDCW;;INF194KA1JC5;10.0973;10.0973;10.0973;14-Mar-2017
121931;Bandhan Banking and PSU Fund - Regular Fortnightly IDCW;;INF194K016M4;10.1955;10.1955;10.1955;14-Mar-2017
121280;Bandhan Banking and PSU Fund - Regular Growth;INF194K01SN6;;13.8878;13.8878;13.8878;14-Mar-2017
121282;Bandhan Banking and PSU Fund - Regular IDCW;INF194K01SO4;INF194K012D2;10.8420;10.8420;10.8420;14-Mar-2017
121932;Bandhan Banking and PSU Fund - Regular Monthly IDCW;;INF194K017M2;10.1779;10.1779;10.1779;14-Mar-2017
121937;Bandhan Banking and PSU Fund - Regular Quarterly IDCW;INF194K014M9;;10.6077;10.6077;10.6077;14-Mar-2017

DSP Mutual Fund
124175;DSP Banking & PSU Debt Fund - Direct Plan - Growth;INF740K01ZW2;;13.8853;13.8853;13.8853;14-Mar-2017
124178;DSP Banking & PSU Debt Fund - Direct Plan - IDCW;INF740K01A18;INF740K01A26;11.0934;11.0934;11.0934;14-Mar-2017
124182;DSP Banking & PSU Debt Fund - Direct Plan - IDCW - Daily Reinvest;;INF740KA1OF7;10.0737;10.0737;10.0737;14-Mar-2017
124176;DSP Banking & PSU Debt Fund - Direct Plan - IDCW - Monthly;INF740K01ZX0;INF740K01ZY8;10.0989;10.0989;10.0989;14-Mar-2017
124177;DSP Banking & PSU Debt Fund - Direct Plan - IDCW - Quarterly ;INF740K01ZZ5;INF740K01A00;10.1917;10.1917;10.1917;14-Mar-2017
124183;DSP Banking & PSU Debt Fund - Direct Plan - IDCW - Weekly;INF740KA1OG5;INF740KA1OH3;10.2303;10.2303;10.2303;14-Mar-2017
124172;DSP Banking & PSU Debt Fund - Regular Plan - Growth;INF740K01ZP6;;13.7147;13.7147;13.7147;14-Mar-2017
124174;DSP Banking & PSU Debt Fund - Regular Plan - IDCW;INF740K01ZU6;INF740K01ZV4;11.0535;11.0535;11.0535;14-Mar-2017
124173;DSP Banking & PSU Debt Fund - Regular Plan - IDCW - Daily Reinvest;;INF740KA1OI1;10.0713;10.0713;10.0713;14-Mar-2017
124180;DSP Banking & PSU Debt Fund - Regular Plan - IDCW - Monthly;INF740K01ZQ4;INF740K01ZR2;10.0957;10.0957;10.0957;14-Mar-2017
124181;DSP Banking & PSU Debt Fund - Regular Plan - IDCW - Quarterly ;INF740K01ZS0;INF740K01ZT8;10.1859;10.1859;10.1859;14-Mar-2017
124179;DSP Banking & PSU Debt Fund - Regular Plan - IDCW - Weekly;INF740KA1OJ9;INF740KA1OK7;10.0826;10.0826;10.0826;14-Mar-2017

Edelweiss Mutual Fund
140286;Edelweiss Banking and PSU Debt Fund - Direct Plan - Growth Option;INF843K01FC8;;13.5875;13.5875;13.5875;14-Mar-2017
140293;Edelweiss Banking and PSU Debt Fund - Direct Plan Monthly - IDCW Option;INF843K01FI5;INF843K01FH7;10.3448;10.3448;10.3448;14-Mar-2017
140290;Edelweiss Banking and PSU Debt Fund - Direct Plan weekly - IDCW Option;INF843K01FF1;;10.5868;10.5868;10.5868;14-Mar-2017
140283;Edelweiss Banking and PSU Debt Fund - Regular Plan - Growth Option;INF843K01FK1;;13.4472;13.4472;13.4472;14-Mar-2017
140284;Edelweiss Banking and PSU Debt Fund - Regular Plan - IDCW Option;INF843K01FL9;INF843K01FM7;13.447;13.447;13.447;14-Mar-2017
140292;Edelweiss Banking and PSU Debt Fund - Regular Plan Monthly - IDCW Option;INF843K01FQ8;INF843K01FP0;10.33;10.33;10.33;14-Mar-2017
140289;Edelweiss Banking and PSU Debt Fund - Regular Plan Weekly - IDCW Option;INF843K01FN5;;10.4853;10.4853;10.4853;14-Mar-2017

Franklin Templeton Mutual Fund
129008;Franklin India Banking & PSU Debt Fund - Direct - Growth;INF090I01KR8;;12.8583;12.8583;12.8583;14-Mar-2017
129006;Franklin India Banking & PSU Debt Fund - Growth;INF090I01KO5;;12.6657;12.6657;12.6657;14-Mar-2017
129009;Franklin India Banking and PSU Debt Fund - Direct - IDCW ;INF090I01KS6;INF090I01KT4;10.7521;10.7521;10.7521;14-Mar-2017
129007;Franklin India Banking and PSU Debt Fund - IDCW ;INF090I01KP2;INF090I01KQ0;10.5889;10.5889;10.5889;14-Mar-2017

HDFC Mutual Fund
128628;HDFC Banking and PSU Debt Fund - Growth Option;INF179KA1JC4;;13.0419;13.0419;13.0419;14-Mar-2017
128629;HDFC Banking and PSU Debt Fund - Growth Option - Direct Plan;INF179KA1IZ7;;13.1012;13.1012;13.1012;14-Mar-2017
128627;HDFC Banking and PSU Debt Fund - IDCW Option;INF179KA1JD2;INF179KA1JE0;10.1536;10.1536;10.1536;14-Mar-2017
128626;HDFC Banking and PSU Debt Fund - IDCW Option - Direct Plan;INF179KA1JA8;INF179KA1JB6;10.2030;10.2030;10.2030;14-Mar-2017

ICICI Prudential Mutual Fund
112343;ICICI Prudential Banking and PSU Debt Fund -  Daily IDCW;INF109K01WS5;INF109K01RV9;9.9946;9.9946;9.9946;14-Mar-2017
112344;ICICI Prudential Banking and PSU Debt Fund -  Weekly IDCW;INF109K01WR7;INF109K01RU1;10.1127;10.1127;10.1127;14-Mar-2017
130897;ICICI Prudential Banking and PSU Debt Fund - Bonus;INF109KA1B57;;12.6953;12.6953;12.6953;14-Mar-2017
120257;ICICI Prudential Banking and PSU Debt Fund - Direct Plan -  Daily IDCW;INF109K01Z89;INF109K01Z97;10.2908;10.2908;10.2908;14-Mar-2017
120256;ICICI Prudential Banking and PSU Debt Fund - Direct Plan -  Growth;INF109K010A6;;18.6737;18.6737;18.6737;14-Mar-2017
120258;ICICI Prudential Banking and PSU Debt Fund - Direct Plan -  Quarterly IDCW;INF109K011A4;INF109K012A2;11.2372;11.2372;11.2372;14-Mar-2017
120255;ICICI Prudential Banking and PSU Debt Fund - Direct Plan -  Weekly IDCW;INF109K013A0;INF109K014A8;10.2411;10.2411;10.2411;14-Mar-2017
130950;ICICI Prudential Banking and PSU Debt Fund - Direct Plan Bonus;INF109KA1B40;;12.7743;12.7743;12.7743;14-Mar-2017
131148;ICICI Prudential Banking and PSU Debt Fund - Direct Plan Half Yearly IDCW Option;INF109KA1M96;INF109KA1M88;11.7656;11.7656;11.7656;14-Mar-2017
112342;ICICI Prudential Banking and PSU Debt Fund - Growth;INF109K01RT3;;18.5077;18.5077;18.5077;14-Mar-2017
116174;ICICI Prudential Banking and PSU Debt Fund - Quarterly IDCW;INF109K01YE1;INF109K01YD3;10.3912;10.3912;10.3912;14-Mar-2017
131147;ICICI Prudential Banking and PSU Debt Fund Half Yearly IDCW Option;INF109KA1M70;INF109KA1M62;11.6670;11.6670;11.6670;14-Mar-2017
113247;ICICI Prudential Banking and PSU Debt Fund Retail Daily Dividend;INF109K01WW7;INF109K01JM5;9.9275;9.9275;9.9275;14-Mar-2017
113242;ICICI Prudential Banking and PSU Debt Fund Retail Growth;INF109K01II5;;17.4466;17.4466;17.4466;14-Mar-2017

Invesco Mutual Fund
118234;Invesco India Banking and PSU Fund - Daily IDCW (Reinvestment);;INF205K01JX8;1003.5020;1003.5020;1003.5020;14-Mar-2017
120444;Invesco India Banking and PSU Fund - Direct Plan -  Growth Option;INF205K01KT4;;1397.5318;1397.5318;1397.5318;14-Mar-2017
120443;Invesco India Banking and PSU Fund - Direct Plan - Daily IDCW (Reinvestment);;INF205K01KS6;1003.5900;1003.5900;1003.5900;14-Mar-2017
120445;Invesco India Banking and PSU Fund - Direct Plan - Monthly IDCW (Payout / Reinvestment);INF205K01KU2;INF205K01KV0;1011.1732;1011.1732;1011.1732;14-Mar-2017
118232;Invesco India Banking and PSU Fund - Growth Option;INF205K01JV2;;1349.0099;1349.0099;1349.0099;14-Mar-2017
118233;Invesco India Banking and PSU Fund - Monthly IDCW (Payout / Reinvestment);INF205K01JW0;INF205K01JY6;1011.0061;1011.0061;1011.0061;14-Mar-2017

Kotak Mahindra Mutual Fund
123688;Kotak Banking and PSU Debt - Annual Dividend;INF174K01FS4;INF174K01FR6;16.8493;16.8493;16.8493;14-Mar-2017
123858;Kotak Banking and PSU Debt - Daily Dividend Reinvestment;;INF174K01SD9;10.1413;10.1413;10.1413;14-Mar-2017
123859;Kotak Banking and PSU Debt - Direct Daily Dividend Reinvestment;INF174K01SE7;;10.216;10.216;10.216;14-Mar-2017
123690;Kotak Banking and PSU Debt - Growth;INF174K01FO3;;36.5307;36.5307;36.5307;14-Mar-2017
123691;Kotak Banking and PSU Debt - Monthly Payout of Income Distribution cum capital withdrawal option;INF174K01FQ8;INF174K01FP0;10.5928;10.5928;10.5928;14-Mar-2017
123689;Kotak Banking and PSU Debt Direct - Annual Dividend;INF174K01KI5;INF174K01KJ3;17.8799;17.8799;17.8799;14-Mar-2017
123693;Kotak Banking and PSU Debt Direct - Growth;INF174K01KH7;;36.8769;36.8769;36.8769;14-Mar-2017
123692;Kotak Banking and PSU Debt Direct - Monthly Payout of Income Distribution cum capital withdrawal option;INF174K01KK1;;10.6948;10.6948;10.6948;14-Mar-2017

L&T Mutual Fund
119794;L&T Banking and PSU Debt Fund -  Direct Plan - Monthly IDCW;INF917K01HI3;;10.6482;10.6482;10.6482;14-Mar-2017
118080;L&T Banking and PSU Debt Fund -  Regular Plan - Monthly IDCW;INF677K01AI8;INF677K01AJ6;10.4796;10.4796;10.4796;14-Mar-2017
119795;L&T Banking and PSU Debt Fund - Direct Plan - Growth;INF917K01HH5;;14.5768;14.5768;14.5768;14-Mar-2017
119797;L&T Banking and PSU Debt Fund - Direct Plan - Weekly IDCW;;INF917K01HK9;10.4073;10.4073;10.4073;14-Mar-2017
118076;L&T Banking and PSU Debt Fund - Regular Plan - Daily IDCW;;INF677K01AF4;10.3898;10.3898;10.3898;14-Mar-2017
118078;L&T Banking and PSU Debt Fund - Regular Plan - Growth;INF677K01AE7;;14.3054;14.3054;14.3054;14-Mar-2017
118077;L&T Banking and PSU Debt Fund - Regular Plan - Weekly IDCW;INF917K01HM5;INF677K01AH0;10.4121;10.4121;10.4121;14-Mar-2017

LIC Mutual Fund
120337;LIC MF Banking & PSU Fund-Direct Plan-Daily IDCW;INF767K01GJ2;INF767K01GM6;10.2323;10.2323;10.2323;14-Mar-2017
120338;LIC MF Banking & PSU Fund-Direct Plan-Growth;INF767K01GI4;;21.0601;21.0601;21.0601;14-Mar-2017
120336;LIC MF Banking & PSU Fund-Direct Plan-Weekly IDCW;INF767K01GL8;INF767K01GO2;10.1000;10.1000;10.1000;14-Mar-2017
105822;LIC MF Banking & PSU Fund-Regular Plan-Daily IDCW;INF767K01519;INF767K01527;10.1000;10.1000;10.1000;14-Mar-2017
105823;LIC MF Banking & PSU Fund-Regular Plan-Growth;INF767K01535;;20.4432;20.4432;20.4432;14-Mar-2017
105856;LIC MF Banking & PSU Fund-Regular Plan-Monthly IDCW;INF767K01543;INF767K01550;10.1246;10.1246;10.1246;14-Mar-2017
105857;LIC MF Banking & PSU Fund-Regular Plan-Weekly IDCW;INF767K01568;INF767K01576;10.1000;10.1000;10.1000;14-Mar-2017

Nippon India Mutual Fund
134555;NIPPON INDIA BANKING and PSU  FUND - Direct Plan - IDCW Option;INF204KA1U79;INF204KA1U87;11.7052;11.7052;11.7052;14-Mar-2017
134553;NIPPON INDIA BANKING and PSU  FUND - WEEKLY IDCW Option;INF204KA1U12;INF204KA1U20;10.0831;10.0831;10.0831;14-Mar-2017
134547;Nippon India Banking and PSU  Fund- Direct Plan-Growth Plan- Growth Option;INF204KA1U53;;11.7052;11.7052;11.7052;14-Mar-2017
134550;NIPPON INDIA BANKING and PSU FUND - Direct Plan - MONTHLY IDCW Option;INF204KA1V37;INF204KA1V45;10.1752;10.1752;10.1752;14-Mar-2017
134556;NIPPON INDIA BANKING and PSU FUND - Direct Plan - QUARTERLY IDCW Option;INF204KA1U95;INF204KA1V03;10.3237;10.3237;10.3237;14-Mar-2017
134554;NIPPON INDIA BANKING and PSU FUND - Direct Plan - WEEKLY IDCW Option;INF204KA1V11;INF204KA1V29;10.0831;10.0831;10.0831;14-Mar-2017
134548;NIPPON INDIA BANKING and PSU FUND - IDCW Option;INF204KA1T72;INF204KA1T80;11.6623;11.6623;11.6623;14-Mar-2017
134549;NIPPON INDIA BANKING and PSU FUND - MONTHLY IDCW Option;INF204KA1U38;INF204KA1U46;10.1660;10.1660;10.1660;14-Mar-2017
134551;NIPPON INDIA BANKING and PSU FUND - QUARTERLY IDCW Option;INF204KA1T98;INF204KA1U04;10.3081;10.3081;10.3081;14-Mar-2017
134552;Nippon India Banking and PSU Fund- Direct Plan-Growth Plan- Bonus Option;INF204KA1U61;;11.7052;11.7052;11.7052;14-Mar-2017
134546;Nippon India Banking and PSU Fund- Growth Plan- Bonus Option;INF204KA1T64;;11.6623;11.6623;11.6623;14-Mar-2017
134545;Nippon India Banking and PSU Fund- Growth Plan- Growth Option;INF204KA1T56;;11.6623;11.6623;11.6623;14-Mar-2017

PGIM India Mutual Fund
138565;PGIM India Banking and PSU Debt fund - Monthly Dividend;INF223J01SU0;;10.2832;10.2832;10.2832;14-Mar-2017
138571;PGIM India Banking and PSU Debt fund - Quarterly Dividend;INF223J01VV2;;10.4577;10.4577;10.4577;14-Mar-2017
138570;PGIM India Banking and PSU Debt fund - Weekly Dividend;INF223J01VT6;INF223J01VU4;10.2095;10.2095;10.2095;14-Mar-2017
138566;PGIM India Banking and PSU Debt fund -Growth;INF223J01SW6;;13.9964;13.9964;13.9964;14-Mar-2017
138574;PGIM India Banking and PSU Debt fund- Direct Plan-  Regular Bonus;INF223J01VI9;;14.1252;14.1252;14.1252;14-Mar-2017
138568;PGIM India Banking and PSU Debt fund- Direct Plan- Annual Dividend;INF223J01WD8;;10.049;10.049;10.049;14-Mar-2017
138563;PGIM India Banking and PSU Debt fund- Direct Plan- Monthly Dividend;INF223J01SX4;INF223J01SY2;10.453;10.453;10.453;14-Mar-2017
138567;PGIM India Banking and PSU Debt fund- Direct Plan- Quarterly Dividend;INF223J01WB2;;10.8085;10.8085;10.8085;14-Mar-2017
138569;PGIM India Banking and PSU Debt fund- Direct Plan- Weekly Dividend;INF223J01VZ3;INF223J01WA4;10.2098;10.2098;10.2098;14-Mar-2017
138564;PGIM India Banking and PSU Debt fund- Direct Plan-Growth;INF223J01SZ9;;14.2584;14.2584;14.2584;14-Mar-2017

SBI Mutual Fund
125502;SBI Banking & PSU Fund - Direct Plan - Daily Income Distribution cum Capital Withdrawal Option (IDCW);;INF200K01V16;1010.1466;1010.1466;1010.1466;14-Mar-2017
125503;SBI BANKING & PSU FUND - Direct Plan - Growth;INF200K01V08;;1839.5754;1839.5754;1839.5754;14-Mar-2017
125505;SBI Banking & PSU Fund - Direct Plan - Monthly Income Distribution cum Capital Withdrawal Option (IDCW);INF200K01V40;INF200K01V57;1046.4606;1046.4606;1046.4606;14-Mar-2017
125504;SBI Banking & PSU Fund - Direct Plan - Weekly Income Distribution cum Capital Withdrawal Option (IDCW);INF200K01V32;INF200K01V24;1011.103;1011.103;1011.103;14-Mar-2017
125498;SBI BANKING & PSU FUND - Regular Paln - Growth;INF200K01U41;;1800.5334;1800.5334;1800.5334;14-Mar-2017
125499;SBI Banking & PSU Fund - Regular Plan - Daily Income Distribution cum Capital Withdrawal Option (IDCW);;INF200K01U58;1008.6824;1008.6824;1008.6824;14-Mar-2017
125501;SBI Banking & PSU Fund - Regular Plan - Monthly Income Distribution cum Capital Withdrawal Option (IDCW);INF200K01U82;INF200K01U90;1034.1885;1034.1885;1034.1885;14-Mar-2017
125500;SBI Banking & PSU Fund - Regular Plan - Weekly Income Distribution cum Capital Withdrawal Option (IDCW);INF200K01U74;INF200K01U66;1007.408;1007.408;1007.408;14-Mar-2017

Sundaram Mutual Fund
134363;Sundaram Banking & PSU Fund (Formerly Known as Sundaram Banking & PSU Debt Fund) - Direct Growth;INF903J017I5;;11.6937;11.6937;11.6937;14-Mar-2017
134370;Sundaram Banking & PSU Fund (Formerly Known as Sundaram Banking & PSU Debt Fund) - Direct Monthly Dividend;INF903J012J4;INF903J013J2;11.3883;11.3883;11.3883;14-Mar-2017
134358;Sundaram Banking & PSU Fund (Formerly Known as Sundaram Banking & PSU Debt Fund) - Regular Daily Dividend Reinvestment;;INF903J010I0;11.6456;11.6456;11.6456;14-Mar-2017
134356;Sundaram Banking & PSU Fund (Formerly Known as Sundaram Banking & PSU Debt Fund) - Regular Growth;INF903J016H9;;11.6367;11.6367;11.6367;14-Mar-2017
134359;Sundaram Banking & PSU Fund (Formerly Known as Sundaram Banking & PSU Debt Fund) - Regular Monthly Dividend;INF903J018H5;INF903J012I6;11.1291;11.1291;11.1291;14-Mar-2017
134362;Sundaram Banking & PSU Fund (Formerly Known as Sundaram Banking & PSU Debt Fund) - Regular Quarterly Dividend;INF903J019H3;INF903J013I4;11.0116;11.0116;11.0116;14-Mar-2017
134360;Sundaram Banking & PSU Fund (Formerly Known as Sundaram Banking & PSU Debt Fund) - Regular Weekly Dividend;INF903J017H7;INF903J011I8;10.1308;10.1308;10.1308;14-Mar-2017
119629;Sundaram Banking & PSU Fund (Formerly Known as Sundaram Banking and PSU Debt Fund) Direct Plan - Bonus;INF903J01RI4;;12.8109;12.8109;12.8109;14-Mar-2017
119627;Sundaram Banking & PSU Fund (Formerly Known as Sundaram Banking and PSU Debt Fund) Direct Plan - Daily Reinvestment of Income Distribution cum Capital Withdrawal (IDCW);;INF903J01PC1;10.0519;10.0519;10.0519;14-Mar-2017
119625;Sundaram Banking & PSU Fund (Formerly Known as Sundaram Banking and PSU Debt Fund) Direct Plan - Growth;INF903J01PA5;;25.6060;25.6060;25.6060;14-Mar-2017
119626;Sundaram Banking & PSU Fund (Formerly Known as Sundaram Banking and PSU Debt Fund) Direct Plan - Income Distribution cum Capital Withdrawal (IDCW);INF903J01PB3;INF903J01PE7;10.8999;10.8999;10.8999;14-Mar-2017
118326;Sundaram Banking & PSU Fund (Formerly Known as Sundaram Banking and PSU Debt Fund) Regular Plan - Bonus;INF903J01LY4;;12.8713;12.8713;12.8713;14-Mar-2017
100782;Sundaram Banking & PSU Fund (Formerly Known as Sundaram Banking and PSU Debt Fund) Regular Plan - Daily Reinvestment of Income Distribution cum Capital Withdrawal (IDCW);;INF903J01IP8;10.0519;10.0519;10.0519;14-Mar-2017
100784;Sundaram Banking & PSU Fund (Formerly Known as Sundaram Banking and PSU Debt Fund) Regular Plan - Growth;INF903J01IN3;;25.5244;25.5244;25.5244;14-Mar-2017
100793;Sundaram Banking & PSU Fund (Formerly Known as Sundaram Banking and PSU Debt Fund) Regular Plan - Income Distribution cum Capital Withdrawal (IDCW);INF903J01IO1;INF903J01IR4;10.8958;10.8958;10.8958;14-Mar-2017
100783;Sundaram Banking & PSU Fund (Formerly Known as Sundaram Banking and PSU Debt Fund) Regular Plan - Weekly Reinvestment of Income Distribution cum Capital Withdrawal (IDCW);;INF903J01IQ6;10.9601;10.9601;10.9601;14-Mar-2017
100781;Sundaram Banking & PSU Fund (Formerly Known as Sundaram Banking and PSU Debt Fund) Retail Plan - Growth;INF903J01IK9;;23.0097;23.0097;23.0097;14-Mar-2017
100780;Sundaram Banking & PSU Fund (Formerly Known as Sundaram Banking and PSU Debt Fund) Retail Plan - Monthly Income Distribution cum Capital Withdrawal (IDCW);INF903J01IL7;INF903J01IM5;10.7981;10.7981;10.7981;14-Mar-2017

UTI Mutual Fund
140135;UTI Banking & PSU Fund - Direct Plan - Annual IDCW;INF789FA1V03;INF789FA1V11;10.3215;10.3215;0;14-Mar-2017
133972;UTI Banking & PSU Fund - Direct Plan - Flexi IDCW;INF789FA1V29;INF789FA1V37;11.4635;11.4635;0;14-Mar-2017
126940;UTI Banking & PSU Fund - Direct Plan - Growth Option;INF789F015Z6;;13.3025;13.3025;0;14-Mar-2017
134026;UTI Banking & PSU Fund - Direct Plan - Monthly IDCW;INF789FC1HE1;INF789FC1HF8;11.23;11.23;0;14-Mar-2017
126942;UTI Banking & PSU Fund - Direct Plan - Quarterly IDCW;INF789F016Z4;INF789F017Z2;11.6912;11.6912;0;14-Mar-2017
140116;UTI Banking & PSU Fund - Regular Plan - Annual IDCW;INF789FA1U46;INF789FA1U53;10.2952;10.2952;0;14-Mar-2017
133971;UTI Banking & PSU Fund - Regular Plan - Flexi IDCW;INF789FA1U61;INF789FA1U79;10.5137;10.5137;0;14-Mar-2017
139407;UTI Banking & PSU Fund - Regular Plan - Half-Yearly IDCW;INF789FA1U20;INF789FA1U38;10.5739;10.5739;0;14-Mar-2017
136110;UTI Banking & PSU Fund - Regular Plan - Monthly IDCW;INF789FC1HC5;INF789FC1HD3;11.2208;11.2208;0;14-Mar-2017
126941;UTI Banking & PSU Fund - Regular Plan - Quarterly IDCW;INF789F012Z3;INF789F013Z1;10.8902;10.8902;0;14-Mar-2017
126939;UTI Banking & PSU Fund- Regular Plan - Growth Option;INF789F014Z9;;13.256;13.256;0;14-Mar-2017

Open Ended Schemes ( Debt Scheme - Gilt Fund )


Aditya Birla Sun Life Mutual Fund
119614;Aditya Birla Sun Life Constant Maturity 10 Year Gilt Fund - Growth - Direct Plan;INF209K01XS1;;49.2918;49.2918;49.2918;14-Mar-2017
100061;Aditya Birla Sun Life Constant Maturity 10 Year Gilt Fund - Growth - Regular Plan;INF209K01AH2;;48.9811;48.9811;48.9811;14-Mar-2017
119615;Aditya Birla Sun Life Constant Maturity 10 Year Gilt Fund - Quarterly Dividend - Direct Plan;INF209KA1KX2;INF209K01XT9;11.0431;11.0431;11.0431;14-Mar-2017
100060;Aditya Birla Sun Life Constant Maturity 10 Year Gilt Fund - Quarterly Dividend - Regular Plan;INF209K01AI0;INF209K01DR5;12.5408;12.5408;12.5408;14-Mar-2017
119606;Aditya Birla Sun Life Govenment Securities Fund -DIRECT - Quarterly IDCW;INF209KA1LC4;;10.3867;10.3348;10.3867;14-Mar-2017
100057;Aditya Birla Sun Life Govenment Securities Fund -Regular - Quarterly IDCW;INF209K01AF6;INF209K01DP9;10.3085;10.2570;10.3085;14-Mar-2017
100058;Aditya Birla Sun Life Government Securities Fund  - Growth - Regular Plan;INF209K01AC3;INF209K01AD1;45.0204;44.7953;45.0204;14-Mar-2017
119605;Aditya Birla Sun Life Government Securities Fund - Growth - Direct Plan;INF209K01XP7;;45.9634;45.7336;45.9634;14-Mar-2017

Axis Mutual Fund
120447;Axis Gilt Fund - Direct Plan - Growth Option;INF846K01DD4;;14.6913;14.6913;14.6913;14-Mar-2017
120449;Axis Gilt Fund - Direct Plan - Regular IDCW;INF846K01DG7;INF846K01DH5;9.7624;9.7624;9.7624;14-Mar-2017
116471;Axis Gilt Fund - Regular Plan - Growth Option;INF846K01AX8;;14.3774;14.3774;14.3774;14-Mar-2017
116472;Axis Gilt Fund - Regular Plan - Half Yearly IDCW;INF846K01AZ3;INF846K01BB2;11.7577;11.7577;11.7577;14-Mar-2017
116470;Axis Gilt Fund - Regular Plan - Regular IDCW;INF846K01CK1;INF846K01CL9;9.7529;9.7529;9.7529;14-Mar-2017

Bandhan Mutual Fund
108558;BANDHAN Government Securities Fund - IP - Regular - Plan B - Half Yearly IDCW;INF194K01EB1;INF194K01EA3;10.9862;10.9862;10.9862;14-Mar-2017
108559;BANDHAN Government Securities Fund - IP - Regular Plan - Annual IDCW;INF194K01EE5;INF194K01ED7;11.6596;11.6596;11.6596;14-Mar-2017
108557;BANDHAN Government Securities Fund - IP - Regular Plan - Quarterly IDCW;INF194K01EH8;INF194K01EG0;11.0683;11.0683;11.0683;14-Mar-2017
131395;BANDHAN Government Securities Fund - IP - Regular -Plan B - Periodic IDCW;INF194KA1RW6;INF194KA1RX4;13.1628;13.1628;13.1628;14-Mar-2017
111525;BANDHAN Government Securities Fund - IP - Regular Plan - Growth;INF194K01DZ2;;19.5082;19.5082;19.5082;14-Mar-2017
111527;BANDHAN Government Securities Fund - IP - Regular Plan - IDCW;INF194K01EK2;INF194K01EJ4;11.3973;11.3973;11.3973;14-Mar-2017
118467;BANDHAN Government Securities Fund-  Investment Plan-Direct Plan-Annual IDCW;INF194K01Q78;INF194K01Q60;12.8149;12.8149;12.8149;14-Mar-2017
118464;BANDHAN Government Securities Fund-  Investment Plan-Direct Plan-Growth;INF194K01Q29;;20.0491;20.0491;20.0491;14-Mar-2017
118463;BANDHAN Government Securities Fund-  Investment Plan-Direct Plan-IDCW;INF194K01R36;INF194K01R28;12.3438;12.3438;12.3438;14-Mar-2017
118466;BANDHAN Government Securities Fund-  Investment Plan-Direct Plan-Quarterly IDCW;INF194K01R02;INF194K01Q94;10.7389;10.7389;10.7389;14-Mar-2017

Baroda BNP Paribas Mutual Fund
119341;Baroda BNP Paribas GILT FUND - Direct Plan - Growth Option;INF955L01AD7;;26.4146;26.1505;26.4146;14-Mar-2017
119340;Baroda BNP Paribas GILT FUND - Direct Plan - IDCW Option;INF955L01AB1;INF955L01AC9;22.8677;22.6390;22.8677;14-Mar-2017
101187;Baroda BNP Paribas GILT FUND - Regular Plan - Growth Option;INF955L01450;;25.4108;25.1567;25.4108;14-Mar-2017
101188;Baroda BNP Paribas GILT FUND - Regular Plan - IDCW Option;INF955L01435;INF955L01443;19.4747;19.2800;19.4747;14-Mar-2017

Canara Robeco Mutual Fund
118299;CANARA ROBECO GILT FUND - DIRECT PLAN - GROWTH OPTION;INF760K01FC4;;46.3996;46.3996;46.3996;14-Mar-2017
118298;CANARA ROBECO GILT FUND - DIRECT PLAN - IDCW (Payout/Reinvestment);INF760K01FA8;INF760K01FB6;14.9128;14.9128;14.9128;14-Mar-2017
100597;CANARA ROBECO GILT FUND - REGULAR PLAN - GROWTH OPTION;INF760K01AE1;;45.5776;45.5776;45.5776;14-Mar-2017
100596;CANARA ROBECO GILT FUND - REGULAR PLAN - IDCW (Payout/Reinvestment);INF760K01AB7;INF760K01AC5;14.6185;14.6185;14.6185;14-Mar-2017

DSP Mutual Fund
119099;DSP Gilt Fund - Direct Plan - Growth;INF740K01NF3;;53.3869;53.3869;53.3869;14-Mar-2017
119101;DSP Gilt Fund - Direct Plan - IDCW;INF740K01NG1;INF740K01NI7;12.0654;12.0654;12.0654;14-Mar-2017
119100;DSP Gilt Fund - Direct Plan - IDCW - Monthly;INF740K01NE6;INF740K01NH9;10.2718;10.2718;10.2718;14-Mar-2017
100084;DSP Gilt Fund - Regular Plan - Growth;INF740K01615;;52.7615;52.7615;52.7615;14-Mar-2017
100085;DSP Gilt Fund - Regular Plan - IDCW;INF740K01607;INF740K01AD5;11.9617;11.9617;11.9617;14-Mar-2017
100086;DSP Gilt Fund - Regular Plan - IDCW - Monthly;INF740K01623;INF740K01AE3;10.2302;10.2302;10.2302;14-Mar-2017

Edelweiss Mutual Fund
140298;Edelweiss Government Securities Fund - Direct Plan - Growth Option;INF843K01GS2;;13.8031;13.8031;13.8031;14-Mar-2017
140310;Edelweiss Government Securities Fund - Regular Plan - Annual - IDCW Option;INF843K01HL5;INF843K01HK7;13.6174;13.6174;13.6174;14-Mar-2017
140297;Edelweiss Government Securities Fund - Regular Plan - Growth Option;INF843K01HC4;;13.6111;13.6111;13.6111;14-Mar-2017
140301;Edelweiss Government Securities Fund - Regular Plan - IDCW Option;INF843K01HE0;INF843K01HF7;13.6202;13.6202;13.6202;14-Mar-2017
140307;Edelweiss Government Securities Fund - Regular Plan Monthly - IDCW Option;INF843K01HJ9;INF843K01HI1;10.5929;10.5929;10.5929;14-Mar-2017
140303;Edelweiss Government Securities Fund - Regular Plan Weekly - IDCW Option;INF843K01HG5;;10.3821;10.3821;10.3821;14-Mar-2017

Franklin Templeton Mutual Fund
118502;Franklin India GOVERNMENT SECURITIES FUND - Composite Plan - Direct - Growth;INF090I01HJ1;;55.8306;55.5514;55.8306;14-Mar-2017
118501;Franklin India GOVERNMENT SECURITIES FUND - Composite Plan - Direct - Quarterly Dividend;INF090I01HH5;INF090I01HI3;12.0917;12.0312;12.0917;14-Mar-2017
118498;Franklin India Government Securities Fund - Direct - Growth;INF090I01HS2;;39.5759;39.5759;39.5759;14-Mar-2017
118497;Franklin India Government Securities Fund - Direct - IDCW ;INF090I01HQ6;INF090I01HR4;12.2648;12.2648;12.2648;14-Mar-2017
100493;Franklin India Government Securities Fund - Growth;INF090I01CU9;;37.9752;37.9752;37.9752;14-Mar-2017
100494;Franklin India Government Securities Fund - IDCW ;INF090I01CS3;INF090I01CT1;11.6987;11.6987;11.6987;14-Mar-2017
118504;Franklin India GOVERNMENT SECURITIES FUND PF PLAN - Direct - Growth;INF090I01HP8;;24.2265;24.1054;24.2265;14-Mar-2017
100486;Franklin India Govt.Sec. Fund-Composite Plan - Dividend;INF090I01CP9;INF090I01CQ7;11.5558;11.4980;11.5558;14-Mar-2017
100485;Franklin India Govt.Sec. Fund-Composite Plan - Growth;INF090I01CR5;;54.0352;53.7650;54.0352;14-Mar-2017
100491;Franklin India Govt.Sec. Fund-PF Plan - Dividend;INF090I01CW5;INF090I01CX3;23.7336;23.6149;23.7336;14-Mar-2017
100490;Franklin India Govt.Sec. Fund-PF Plan - Growth;INF090I01CY1;;23.7336;23.6149;23.7336;14-Mar-2017

Groww Mutual Fund
118427;Indiabulls Gilt Fund - Direct Plan -  Growth Option;INF666M01295;;1535.1952;1535.1952;1535.1952;14-Mar-2017
118817;Indiabulls Gilt Fund - Direct Plan - Fortnightly Dividend Option;INF666M01329;INF666M01337;994.7677;994.7677;994.7677;14-Mar-2017
118818;Indiabulls Gilt Fund - Direct Plan - Monthly Dividend Option;INF666M01345;INF666M01352;994.0449;994.0449;994.0449;14-Mar-2017
118822;Indiabulls Gilt Fund - Indirect Plan - Fortnightly Dividend Option;INF666M01402;INF666M01410;1015.4061;1015.4061;1015.4061;14-Mar-2017
118820;Indiabulls Gilt Fund - Indirect Plan - Growth Option;INF666M01378;;1472.5999;1472.5999;1472.5999;14-Mar-2017
118823;Indiabulls Gilt Fund - Indirect Plan - Monthly Dividend Option;INF666M01428;INF666M01436;1015.5050;1015.5050;1015.5050;14-Mar-2017
118821;Indiabulls Gilt Fund - Indirect Plan - Weekly Dividend Option;INF666M01386;INF666M01394;1017.9294;1017.9294;1017.9294;14-Mar-2017

HDFC Mutual Fund
119116;HDFC Gilt Fund - Growth Option - Direct Plan;INF179K01VS0;;33.7875;33.7875;33.7875;14-Mar-2017
101083;HDFC Gilt Fund - Growth Plan;INF179K01756;;33.2249;33.2249;33.2249;14-Mar-2017
119115;HDFC Gilt Fund - IDCW Option - Direct Plan;INF179K01VR2;INF179K01VT8;11.3116;11.3116;11.3116;14-Mar-2017
101084;HDFC Gilt Fund - IDCW Plan;INF179K01772;INF179K01764;11.0804;11.0804;11.0804;14-Mar-2017

ICICI Prudential Mutual Fund
120590;ICICI Prudential Gilt Fund - Direct Plan - Growth;INF109K018C5;;56.9541;56.9541;56.9541;14-Mar-2017
120589;ICICI Prudential Gilt Fund - Direct Plan - IDCW;INF109K016C9;INF109K017C7;11.8587;11.8587;11.8587;14-Mar-2017
130955;ICICI Prudential Gilt Fund - Direct Plan Bonus;INF109KA1H02;;13.4391;13.4391;13.4391;14-Mar-2017
100369;ICICI Prudential Gilt Fund - Growth;INF109K01JR4;;55.3092;55.3092;55.3092;14-Mar-2017
100368;ICICI Prudential Gilt Fund - IDCW;INF109K01JQ6;INF109K01JP8;11.6415;11.6415;11.6415;14-Mar-2017
120607;ICICI Prudential Short Term Gilt Fund - Direct Plan -  Dividend;INF109K012D6;INF109K013D4;12.1566;12.1566;12.1566;14-Mar-2017
120608;ICICI Prudential Short Term Gilt Fund - Direct Plan -  Growth;INF109K014D2;;42.0252;42.0252;42.0252;14-Mar-2017
120609;ICICI Prudential Short Term Gilt Fund - Direct Plan -  Half Yearly Dividend;INF109K015D9;INF109K016D7;10.2677;10.2677;10.2677;14-Mar-2017
130956;ICICI Prudential Short Term Gilt Fund - Direct Plan Bonus;INF109KA1I50;;11.9920;11.9920;11.9920;14-Mar-2017
100370;ICICI Prudential Short Term Gilt Fund - Dividend;INF109K01JW4;INF109K01JV6;11.9905;11.9905;11.9905;14-Mar-2017
100371;ICICI Prudential Short Term Gilt Fund - Growth;INF109K01JX2;;41.2270;41.2270;41.2270;14-Mar-2017
100372;ICICI Prudential Short Term Gilt Fund - Half Yearly Dividend;INF109K01JZ7;INF109K01JY0;11.1320;11.1320;11.1320;14-Mar-2017

IDBI Mutual Fund
118034;IDBI Gilt Fund Annual IDCW;INF397L01AA8;INF397L01AB6;11.9534;11.8936;11.9534;14-Mar-2017
118447;IDBI Gilt Fund Annual IDCW Direct;INF397L01BZ3;INF397L01CA4;12.1614;12.1006;12.1614;14-Mar-2017
118030;IDBI Gilt Fund Growth;INF397L01AD2;;14.1241;14.0535;14.1241;14-Mar-2017
118341;IDBI Gilt Fund Growth Direct;INF397L01CC0;;14.4033;14.3313;14.4033;14-Mar-2017
118031;IDBI Gilt Fund Quarterly IDCW;INF397L01AE0;INF397L01AF7;11.4345;11.3773;11.4345;14-Mar-2017
118446;IDBI Gilt Fund Quarterly IDCW Direct;INF397L01CD8;INF397L01CE6;12.1551;12.0943;12.1551;14-Mar-2017

Invesco Mutual Fund
107476;Invesco India Gilt Fund - Annual IDCW (Payout / Reinvestment);INF205K01SJ8;INF205K01SK6;1473.4116;1473.4116;1473.4116;14-Mar-2017
120520;Invesco India Gilt Fund - Direct  Plan - Growth;INF205K01SN0;;1843.0214;1843.0214;1843.0214;14-Mar-2017
120519;Invesco India Gilt Fund - Direct Plan - Annual IDCW (Payout / Reinvestment);INF205K01SL4;INF205K01SM2;1624.0054;1624.0054;1624.0054;14-Mar-2017
120521;Invesco India Gilt Fund - Direct Plan - Monthly IDCW (Reinvestment);;INF205K01SO8;1438.2987;1438.2987;1438.2987;14-Mar-2017
120522;Invesco India Gilt Fund - Direct Plan - Quarterly IDCW (Payout / Reinvestment);INF205K01SP5;INF205K01SQ3;1147.1003;1147.1003;1147.1003;14-Mar-2017
107477;Invesco India Gilt Fund - Growth;INF205K01SR1;;1776.0844;1776.0844;1776.0844;14-Mar-2017
107471;Invesco India Gilt Fund - Monthly IDCW (Reinvestment);;INF205K01SS9;1024.7544;1024.7544;1024.7544;14-Mar-2017
107472;Invesco India Gilt Fund - Quarterly IDCW (Payout / Reinvestment);INF205K01ST7;INF205K01SU5;1057.5450;1057.5450;1057.5450;14-Mar-2017

JM Financial Mutual Fund
120421;JM G-Sec Fund - (Direct) - Growth Option;INF192K01CR5;;53.9202;53.9202;53.9202;14-Mar-2017
120420;JM G-Sec Fund - (Direct) - Quarterly Dividend Option;INF192K01CP9;INF192K01CQ7;24.7737;24.7737;24.7737;14-Mar-2017
134662;JM G-Sec Fund - (Direct) Annual Dividend Option;INF192K01KI7;INF192K01KJ5;25.1809;25.1809;25.1809;14-Mar-2017
120419;JM G-Sec Fund - (Direct) Bonus Option - Principal Units;INF192K01CT1;;27.6170;27.6170;27.6170;14-Mar-2017
134661;JM G-Sec Fund - (Direct) Half Yearly Dividend Option;INF192K01KE6;INF192K01KF3;25.1814;25.1814;25.1814;14-Mar-2017
134664;JM G-Sec Fund - (Direct) Monthly Dividend Option;INF192K01JY6;INF192K01KB2;25.0579;25.0579;25.0579;14-Mar-2017
134659;JM G-Sec Fund - Annual Dividend Option;INF192K01KG1;INF192K01KH9;24.3349;24.3349;24.3349;14-Mar-2017
100253;JM G-Sec Fund - Bonus Option - Principal Units;INF192K01817;;25.4740;25.4740;25.4740;14-Mar-2017
100250;JM G-Sec Fund - Growth Option;INF192K01809;;52.3621;52.3621;52.3621;14-Mar-2017
134663;JM G-Sec Fund - Half Yearly Dividend Option;INF192K01KC0;INF192K01KD8;24.2792;24.2792;24.2792;14-Mar-2017
134660;JM G-Sec Fund - Monthly Dividend Option;INF192K01JW0;INF192K01JX8;24.3349;24.3349;24.3349;14-Mar-2017
100249;JM G-Sec Fund - Quarterly Dividend Option;INF192K01783;INF192K01791;23.9311;23.9311;23.9311;14-Mar-2017

Kotak Mahindra Mutual Fund
100281;Kotak Gilt-Investment  Provident Fund and Trust-Growth;INF174K01FL9;;56.566;56.566;56.566;14-Mar-2017
119757;Kotak Gilt-Investment  Provident Fund and Trust-Growth - Direct;INF174K01KM7;;59.0016;59.0016;59.0016;14-Mar-2017
100280;Kotak Gilt-Investment  Provident Fund and Trust-Payout of Income Distribution cum capital withdrawal option;INF174K01FM7;;11.3523;11.3523;11.3523;14-Mar-2017
100265;Kotak Gilt-Investment Regular-Growth;INF174K01FI5;;55.2911;55.2911;55.2911;14-Mar-2017
119759;Kotak Gilt-Investment Regular-Growth - Direct;INF174K01KE4;;57.6213;57.6213;57.6213;14-Mar-2017
100264;Kotak Gilt-Investment Regular-Payout of Income Distribution cum capital withdrawal option;INF174K01FK1;INF174K01FJ3;12.6989;12.6989;12.6989;14-Mar-2017
119758;Kotak Gilt-Investment Regular-Payout of Income Distribution cum capital withdrawal option - Direct;INF174K01KF1;;13.01;13.01;13.01;14-Mar-2017

L&T Mutual Fund
119425;L&T Gilt Fund - Direct Plan - Growth;INF917K01FI7;;42.8317;42.8317;42.8317;14-Mar-2017
119426;L&T Gilt Fund - Direct Plan - Quarterly IDCW;INF917K01FK3;INF917K01FJ5;13.3329;13.3329;13.3329;14-Mar-2017
112429;L&T Gilt Fund - Regular Plan - Growth;INF917K01BP1;;41.4481;41.4481;41.4481;14-Mar-2017
112428;L&T Gilt Fund - Regular Plan - Quarterly IDCW;INF917K01BN6;INF917K01BO4;12.8842;12.8842;12.8842;14-Mar-2017

LIC Mutual Fund
120282;LIC MF Gilt Fund-Direct Plan-Growth;INF767K01EZ3;;36.7517;36.6598;36.7517;14-Mar-2017
120283;LIC MF Gilt Fund-Direct Plan-IDCW;INF767K01EY6;INF767K01FA3;11.2376;11.2095;11.2376;14-Mar-2017
100319;LIC MF Gilt Fund-PF Plan-Growth;INF767K01733;;20.5413;20.4899;20.5413;14-Mar-2017
100318;LIC MF Gilt Fund-PF Plan-IDCW;INF767K01717;INF767K01725;13.2922;13.2590;13.2922;14-Mar-2017
100317;LIC MF Gilt Fund-Regular Plan-Growth;INF767K01709;;35.5432;35.4543;35.5432;14-Mar-2017
100316;LIC MF Gilt Fund-Regular Plan-IDCW;INF767K01683;INF767K01691;10.8308;10.8037;10.8308;14-Mar-2017

Nippon India Mutual Fund
118670;NIPPON INDIA GILT  FUND - Direct Plan - MONTHLY IDCW Option;INF204K01XQ6;INF204K01XR4;11.0333;11.0333;11.0333;14-Mar-2017
118669;Nippon India Gilt  Fund - Direct Plan - P F Option - Automatic Capital Appreciation Payout Option;INF204K01E70;;22.3704;22.3704;22.3704;14-Mar-2017
118673;Nippon India Gilt  Fund - Direct Plan - P F Option - Defined Maturity Date Option;INF204K01E88;;22.4876;22.4876;22.4876;14-Mar-2017
118672;Nippon India Gilt  Fund - Direct Plan Growth Plan - Growth Option;INF204K01XP8;;22.4278;22.4278;22.4278;14-Mar-2017
109717;Nippon India Gilt  Fund - Institutional Plan-Growth Plan -Growth Option;INF204K01BX8;;21.6414;21.6414;21.6414;14-Mar-2017
109723;NIPPON INDIA GILT  FUND - MONTHLY IDCW Option;INF204K01BV2;INF204K01BW0;10.1597;10.1597;10.1597;14-Mar-2017
109720;Nippon India Gilt  Fund -Growth Plan - Growth Option;INF204K01BU4;;21.4736;21.4736;21.4736;14-Mar-2017
109716;Nippon India Gilt  Fund -P F Option-Automatic Annual Reinvest Option;INF204K01CA4;;18.0007;18.0007;18.0007;14-Mar-2017
109721;Nippon India Gilt  Fund -P F Option-Defined Maturity Date Option;INF204K01CB2;;21.4736;21.4736;21.4736;14-Mar-2017
133265;Nippon India Gilt  Fund- Direct Plan- Growth Plan- Bonus Option;INF204KA1YV2;;12.5350;12.5350;12.5350;14-Mar-2017
133264;Nippon India Gilt  Fund- Growth Plan- Bonus Option;INF204KA1YU4;;12.3211;12.3211;12.3211;14-Mar-2017
109718;Nippon India Gilt  Fund-Institutional Plan-P F Option-Automatic Capital Appreciation Payout Option;INF204K01CD8;;21.6414;21.6414;21.6414;14-Mar-2017
109724;Nippon India Gilt  Fund-P F Option-Automatic Capital Appreciation Payout Option;INF204K01CC0;;21.4736;21.4736;21.4736;14-Mar-2017
118674;Nippon India Gilt Fund - Direct Plan - P F Option - Automatic Annual Reinvest Option;;INF204K01E62;12.1368;12.1368;12.1368;14-Mar-2017

PGIM India Mutual Fund
138472;PGIM India Gilt Fund - Direct Plan - Growth;INF223J01ND7;;18.054;18.054;18.054;14-Mar-2017
138476;PGIM India Gilt Fund - Direct Plan - Half Yearly Bonus;INF223J01VM1;;12.0686;12.0686;12.0686;14-Mar-2017
138474;PGIM India Gilt Fund - Direct Plan - Quarterly Dividend;INF223J01NB1;;13.6213;13.6213;13.6213;14-Mar-2017
138470;PGIM India Gilt Fund - Growth;INF223J01AQ6;;17.8774;17.8774;17.8774;14-Mar-2017
138475;PGIM India Gilt Fund - Half Yearly Bonus;INF223J01VL3;;11.9416;11.9416;11.9416;14-Mar-2017
138467;PGIM India Gilt Fund - Quarterly Dividend;INF223J01AO1;INF223J01AP8;13.5231;13.5231;13.5231;14-Mar-2017

SBI Mutual Fund
102061;SBI MAGNUM GILT FUND -  GROWTH - PF (Fixed Period - 1 Yr) Option;INF200K01AB4;;N.A.;N.A.;N.A.;14-Mar-2017
101933;SBI MAGNUM GILT FUND -  GROWTH - PF (Fixed Period - 2 Yrs) Option;INF200K01AE8;;N.A.;N.A.;N.A.;14-Mar-2017
101934;SBI MAGNUM GILT FUND -  GROWTH - PF (Fixed Period - 3 Yrs) Option;INF200K01AH1;;21.7439;21.6352;21.7439;14-Mar-2017
101932;SBI MAGNUM GILT FUND -  GROWTH - PF (Regular) Option;INF200K01AK5;;23.2723;23.1559;23.2723;14-Mar-2017
119707;SBI MAGNUM GILT FUND - DIRECT PLAN - GROWTH;INF200K01SH3;;36.8469;36.8469;36.8469;14-Mar-2017
119706;SBI Magnum Gilt Fund - Direct Plan - Income Distribution cum Capital Withdrawal Option (IDCW);INF200K01SF7;INF200K01SG5;14.2042;14.2042;14.2042;14-Mar-2017
101950;SBI Magnum Gilt Fund - Income Distribution cum Capital Withdrawal Option (IDCW) - PF (Fixed Period - 1 Yr);INF200K01AC2;INF200K01AD0;13.2047;13.1387;13.2047;14-Mar-2017
101951;SBI Magnum Gilt Fund - Income Distribution cum Capital Withdrawal Option (IDCW) - PF (Fixed Period - 2 Yrs);INF200K01AF5;INF200K01AG3;13.3437;13.277;13.3437;14-Mar-2017
101952;SBI Magnum Gilt Fund - Income Distribution cum Capital Withdrawal Option (IDCW) - PF (Fixed Period - 3 Yrs);INF200K01AI9;INF200K01AJ7;12.9908;12.9258;12.9908;14-Mar-2017
101935;SBI Magnum Gilt Fund - Income Distribution cum Capital Withdrawal Option (IDCW) - PF (Regular);INF200K01AL3;INF200K01AM1;13.7335;13.6648;13.7335;14-Mar-2017
101001;SBI MAGNUM GILT FUND - REGULAR PLAN - GROWTH;INF200K01982;;36.2536;36.2536;36.2536;14-Mar-2017
100999;SBI Magnum Gilt Fund - Regular Plan - Income Distribution cum Capital Withdrawal Option (IDCW);INF200K01990;INF200K01AA6;13.5744;13.5744;13.5744;14-Mar-2017

Sundaram Mutual Fund
101092;SUNDARAM GILT FUND (Growth. OPTION);INF903J01FA6;;26.7154;26.7154;26.7154;14-Mar-2017
119603;Sundaram Gilt Fund - Direct Plan - Growth Option;INF903J01NY0;;27.1765;27.1765;27.1765;14-Mar-2017
101059;SUNDARAM GILT FUND (DIV. OPTION);INF903J01FB4;INF903J01FC2;12.4230;12.4230;12.4230;14-Mar-2017
119608;Sundaram Gilt Fund - Direct Plan - Dividend Option;INF903J01NW4;INF903J01NX2;12.6866;12.6866;12.6866;14-Mar-2017

Tata Mutual Fund
101902;Tata Gilt High Fund - Dividend Opt;INF277K01DO9;INF277K01543;17.7567;17.6679;17.7567;14-Mar-2017
102016;Tata Gilt High Fund - Growth;INF277K01550;;29.4043;29.2573;29.4043;14-Mar-2017
119944;Tata Gilt Mid Term Fund - Direct Plan - Growth;INF277K01OQ1;;18.3955;18.3955;18.3955;14-Mar-2017
119945;Tata Gilt Mid Term Fund - Direct Plan - Periodic Dividend;INF277K01OR9;INF277K01OS7;17.2164;17.2164;17.2164;14-Mar-2017
119946;Tata Gilt Mid Term Fund - Direct Plan - Quarterly Dividend;INF277K01OT5;INF277K01OU3;15.4333;15.4333;15.4333;14-Mar-2017
112929;Tata Gilt Mid Term Fund - Regular Plan -Periodic Dividend;INF277K01LI4;INF277K01LJ2;16.8619;16.8619;16.8619;14-Mar-2017
112928;Tata Gilt Mid Term Fund -Regular Plan- Growth;INF277K01LH6;;17.7777;17.7777;17.7777;14-Mar-2017
112930;Tata Gilt Mid Term Fund -Regular Plan- Quarterly Dividend;INF277K01LK0;INF277K01LL8;15.0385;15.0385;15.0385;14-Mar-2017
102046;Tata Gilt Retirement Plan (28/2/25) - Payout of IDCW Option;;;21.6474;21.5392;21.6474;14-Mar-2017
101945;Tata Gilt Retirement Plan- 28/2/25 Growth Option;;;21.6748;21.5664;21.6748;14-Mar-2017
119954;Tata Gilt Securities Fund - Direct Plan - Payout of IDCW Option;INF277K01OV1;INF277K01OW9;14.7198;14.6462;14.7198;14-Mar-2017
101049;Tata Gilt Securities Fund - Regular Plan - Payout of IDCW Option;INF277K01DN1;INF277K01535;14.1517;14.0809;14.1517;14-Mar-2017
101042;Tata Gilt Securities Fund -Regular Plan- Growth Option;INF277K01519;;47.6219;47.3838;47.6219;14-Mar-2017
119953;Tata Gilt Securities Fund- Direct Plan - Growth Option;INF277K01OX7;;49.3142;49.0676;49.3142;14-Mar-2017
102263;Tata Gilt Securities Fund RIP ( Bonus);INF277K01527;;23.9805;23.8606;23.9805;14-Mar-2017

UTI Mutual Fund
120792;UTI - GILT FUND - Direct Plan - Growth Option;INF789F01TL5;;36.6628;36.6628;36.6628;14-Mar-2017
102512;UTI - GILT FUND - Discontinued PF Plan - Growth Option;INF789F01PT6;;26.9312;26.9312;26.9312;14-Mar-2017
102514;UTI - GILT FUND - Discontinued PF Plan Prescribed Date Auto Redemption Option;INF789F01PU4;;26.9462;26.9462;26.9462;14-Mar-2017
102510;UTI - GILT FUND - Regular Plan - Growth Option;INF789F01661;;36.2205;36.2205;36.2205;14-Mar-2017
102511;UTI - GILT FUND -Discontinued PF Plan -Dividend Option;INF789F01PR0;INF789F01PS8;17.4524;17.4524;17.4524;14-Mar-2017
120791;UTI Gilt Fund - Direct Plan - IDCW;INF789F01TJ9;INF789F01TK7;20.1842;20.1842;20.1842;14-Mar-2017
102509;UTI Gilt Fund - Regular Plan - IDCW;INF789F01646;INF789F01653;22.4677;22.4677;22.4677;14-Mar-2017

Open Ended Schemes ( Debt Scheme - Gilt Fund with 10 year constant duration )


Bandhan Mutual Fund
108646;BANDHAN Government Securities Fund - Constant Maturity Plan - Regular Plan - Quarterly IDCW;INF194K01FF9;INF194K01FE2;10.6780;10.6780;10.6780;14-Mar-2017
108753;BANDHAN Government Securities Fund - Constant Maturity Plan - Regular Plan - Growth;INF194K01FA0;;23.5781;23.5781;23.5781;14-Mar-2017
111343;BANDHAN Government Securities Fund - Constant Maturity Plan - Regular Plan - Weekly IDCW;INF194K01FI3;INF194K01FH5;10.1467;10.1467;10.1467;14-Mar-2017
108644;BANDHAN Government Securities Fund - Constant Maturity Plan - Regular Plan - Monthly IDCW;INF194K01FC6;INF194K01FB8;10.3823;10.3823;10.3823;14-Mar-2017
131391;BANDHAN Government Securities Fund - Constant Maturity Plan - Regular Plan - Periodic IDCW;INF194KA1SI3;INF194KA1SJ1;12.6364;12.6364;12.6364;14-Mar-2017
118387;BANDHAN Government Securities Fund - Constant Maturity Plan -Direct Plan-Growth;INF194K01P38;;23.6782;23.6782;23.6782;14-Mar-2017
118390;BANDHAN Government Securities Fund - Constant Maturity Plan -Direct Plan-Monthly IDCW;INF194K01P53;INF194K01P46;10.4656;10.4656;10.4656;14-Mar-2017
131390;BANDHAN Government Securities Fund - Constant Maturity Plan -Direct Plan-Periodic IDCW;INF194KA1SL7;INF194KA1SM5;12.6370;12.6370;12.6370;14-Mar-2017
118388;BANDHAN Government Securities Fund - Constant Maturity Plan -Direct Plan-Quarterly IDCW;INF194K01P87;INF194K01P79;10.9361;10.9361;10.9361;14-Mar-2017
118389;BANDHAN Government Securities Fund - Constant Maturity Plan -Direct Plan-Weekly IDCW;;INF194K01Q03;14.8071;14.8071;14.8071;14-Mar-2017

DSP Mutual Fund
131301;DSP 10Y G-Sec Fund - Direct Plan - Growth;INF740K019I5;;12.9532;12.9532;12.9532;14-Mar-2017
131304;DSP 10Y G-Sec Fund - Direct Plan - IDCW;INF740K010J2;INF740K011J0;11.4605;11.4605;11.4605;14-Mar-2017
131303;DSP 10Y G-Sec Fund - Direct Plan - IDCW - Monthly;INF740K012J8;INF740K013J6;10.0772;10.0772;10.0772;14-Mar-2017
131302;DSP 10Y G-Sec Fund - Direct Plan - IDCW - Quarterly;INF740K014J4;INF740K015J1;10.2486;10.2486;10.2486;14-Mar-2017
131297;DSP 10Y G-Sec Fund - Regular Plan - Growth;INF740K012I0;;12.8737;12.8737;12.8737;14-Mar-2017
131298;DSP 10Y G-Sec Fund - Regular Plan - IDCW;INF740K013I8;INF740K014I6;11.4323;11.4323;11.4323;14-Mar-2017
131299;DSP 10Y G-Sec Fund - Regular Plan - IDCW - Monthly;INF740K015I3;INF740K016I1;10.0732;10.0732;10.0732;14-Mar-2017
131300;DSP 10Y G-Sec Fund - Regular Plan - IDCW - Quarterly ;INF740K017I9;INF740K018I7;10.3094;10.3094;10.3094;14-Mar-2017

ICICI Prudential Mutual Fund
131059;ICICI Prudential Constant Maturity Gilt Fund - Annual IDCW;INF109KA1N87;INF109KA1O29;10.7373;10.7105;10.7373;14-Mar-2017
131056;ICICI Prudential Constant Maturity Gilt Fund - Direct Plan - Annual IDCW;INF109KA1O78;INF109KA1P10;10.9333;10.9060;10.9333;14-Mar-2017
131061;ICICI Prudential Constant Maturity Gilt Fund - Direct Plan - Growth;INF109KA1O37;;13.0644;13.0317;13.0644;14-Mar-2017
131055;ICICI Prudential Constant Maturity Gilt Fund - Direct Plan - Half Yearly IDCW;INF109KA1O60;INF109KA1P02;10.9911;10.9636;10.9911;14-Mar-2017
131053;ICICI Prudential Constant Maturity Gilt Fund - Direct Plan - Monthly IDCW;INF109KA1O45;INF109KA1O86;11.0640;11.0363;11.0640;14-Mar-2017
131054;ICICI Prudential Constant Maturity Gilt Fund - Direct Plan - Quarterly IDCW;INF109KA1O52;INF109KA1O94;10.6298;10.6032;10.6298;14-Mar-2017
131051;ICICI Prudential Constant Maturity Gilt Fund - Growth;INF109KA1N46;;12.9669;12.9345;12.9669;14-Mar-2017
131058;ICICI Prudential Constant Maturity Gilt Fund - Half Yearly IDCW;INF109KA1N79;INF109KA1O11;10.7103;10.6835;10.7103;14-Mar-2017
131062;ICICI Prudential Constant Maturity Gilt Fund - Monthly IDCW;INF109KA1N53;INF109KA1N95;10.8817;10.8545;10.8817;14-Mar-2017
131057;ICICI Prudential Constant Maturity Gilt Fund - quarterly IDCW;INF109KA1N61;INF109KA1O03;10.4049;10.3789;10.4049;14-Mar-2017

SBI Mutual Fund
120137;SBI MAGNUM CONSTANT MATURITY FUND - DIRECT PLAN - GROWTH;INF200K01SK7;;35.0068;35.0068;35.0068;14-Mar-2017
120136;SBI Magnum Constant Maturity Fund - Direct Plan - Income Distribution cum Capital Withdrawal Option (IDCW);INF200K01SI1;INF200K01SJ9;12.9751;12.9751;12.9751;14-Mar-2017
101002;SBI MAGNUM CONSTANT MATURITY FUND - REGULAR PLAN - GROWTH;INF200K01AN9;;34.573;34.573;34.573;14-Mar-2017
101003;SBI Magnum Constant Maturity Fund - Regular Plan - Income Distribution cum Capital Withdrawal Option (IDCW);INF200K01AO7;INF200K01AP4;12.8396;12.8396;12.8396;14-Mar-2017

Open Ended Schemes ( Debt Scheme - Floater Fund )


Aditya Birla Sun Life Mutual Fund
122645;Aditya Birla Sun Life Floating Rate Fund-Direct - daily IDCW;INF209K01UW9;;100.3547;100.3547;100.3547;14-Mar-2017
122648;Aditya Birla Sun Life Floating Rate Fund-Direct - weekly IDCW;INF209K01UY5;;100.0217;100.0217;100.0217;14-Mar-2017
122646;Aditya Birla Sun Life Floating Rate Fund-Direct Plan-Growth;INF209K01UX7;;199.5452;199.5452;199.5452;14-Mar-2017
122643;Aditya Birla Sun Life Floating Rate Fund-Regular - DAILY IDCW;;INF209KA1LN1;100.7064;100.7064;100.7064;14-Mar-2017
122647;Aditya Birla Sun Life Floating Rate Fund-REGULAR - WEEKLY IDCW;;INF209K01MH7;100.0188;100.0188;100.0188;14-Mar-2017
122644;Aditya Birla Sun Life Floating Rate Fund-Regular Plan-Growth;INF209K01MG9;;197.7065;197.7065;197.7065;14-Mar-2017
122649;Aditya Birla Sun Life Floating Rate Fund-RETAIL - WEEKLY IDCW;;INF209K01MI5;100.0188;100.0188;100.0188;14-Mar-2017
122650;Aditya Birla Sun Life Floating Rate Fund-Retail Plan-Growth;INF209K01MF1;;285.9532;285.9532;285.9532;14-Mar-2017

Franklin Templeton Mutual Fund
118508;Franklin India Floating Rate Fund - Direct - Growth;INF090I01LK1;;25.3594;25.3594;25.3594;14-Mar-2017
118507;Franklin India Floating Rate Fund - Direct - IDCW ;INF090I01LL9;;10.0102;10.0102;10.0102;14-Mar-2017
101048;Franklin India Floating Rate Fund - Growth Plan;INF090I01LM7;;24.5151;24.5151;24.5151;14-Mar-2017
101044;Franklin India Floating Rate Fund - IDCW ;INF090I01LN5;;10.0127;10.0127;10.0127;14-Mar-2017

HDFC Mutual Fund
106838;HDFC Floating Rate Debt Fund - Daily IDCW Option;;INF179K01699;10.0809;10.0809;10.0809;14-Mar-2017
118959;HDFC Floating Rate Debt Fund - Direct Plan - Daily IDCW;;;10.0809;10.0809;10.0809;14-Mar-2017
118961;HDFC Floating Rate Debt Fund - Direct Plan - Growth Option;INF179K01VQ4;;28.2132;28.2132;28.2132;14-Mar-2017
118960;HDFC Floating Rate Debt Fund - Direct Plan - Monthly IDCW;INF179K01VO9;INF179K01VP6;10.1603;10.1603;10.1603;14-Mar-2017
118962;HDFC Floating Rate Debt Fund - Direct Plan - Weekly IDCW;;;10.1376;10.1376;10.1376;14-Mar-2017
106841;HDFC Floating Rate Debt Fund - Growth Option;INF179K01707;;28.1253;28.1253;28.1253;14-Mar-2017
106839;HDFC Floating Rate Debt Fund - Monthly IDCW Option;INF179K01715;INF179K01723;10.1599;10.1599;10.1599;14-Mar-2017
106840;HDFC Floating Rate Debt Fund - Weekly IDCW Option;INF179K01731;INF179K01749;10.1374;10.1374;10.1374;14-Mar-2017
101483;HDFC Floating Rate Debt Fund - Retail Daily Div Option;;INF179K01640;10.0809;10.0809;10.0809;14-Mar-2017
101481;HDFC Floating Rate Debt Fund - Retail Growth Option;INF179K01632;;27.3256;27.3256;27.3256;14-Mar-2017
101484;HDFC Floating Rate Debt Fund - Retail Monthly Div option;INF179K01657;INF179K01665;10.1591;10.1591;10.1591;14-Mar-2017
101482;HDFC Floating Rate Debt Fund - Retail Weekly Div Option;INF179K01681;INF179K01673;10.1370;10.1370;10.1370;14-Mar-2017

ICICI Prudential Mutual Fund
130899;ICICI Prudential Floating Interest Fund - Bonus;INF109KA1I43;;122.8166;122.8166;122.8166;14-Mar-2017
101804;ICICI Prudential Floating Interest Fund - Daily IDCW;INF109K01AW3;;101.2353;101.2353;101.2353;14-Mar-2017
120423;ICICI Prudential Floating Interest Fund - Direct Plan - Daily IDCW;;INF109K01P24;100.6495;100.6495;100.6495;14-Mar-2017
120427;ICICI Prudential Floating Interest Fund - Direct Plan - Fortnightly IDCW;INF109K01P40;;101.3138;101.3138;101.3138;14-Mar-2017
120425;ICICI Prudential Floating Interest Fund - Direct Plan - Growth;INF109K01P57;;250.3155;250.3155;250.3155;14-Mar-2017
120426;ICICI Prudential Floating Interest Fund - Direct Plan - IDCW Others;INF109K01P65;INF109K01P32;122.8395;122.8395;122.8395;14-Mar-2017
122607;ICICI Prudential Floating Interest Fund - Direct Plan - Monthly IDCW;INF109K018Z6;INF109K017Z8;101.3898;101.3898;101.3898;14-Mar-2017
125216;ICICI Prudential Floating Interest Fund - Direct Plan - Quarterly IDCW;INF109KA1012;INF109K019Z4;105.0719;105.0719;105.0719;14-Mar-2017
120424;ICICI Prudential Floating Interest Fund - Direct Plan - Weekly IDCW;INF109K01P73;INF109K01P81;101.2271;101.2271;101.2271;14-Mar-2017
101803;ICICI Prudential Floating Interest Fund - Fortnightly IDCW;INF109K01AZ6;;101.2815;101.2815;101.2815;14-Mar-2017
101802;ICICI Prudential Floating Interest Fund - Growth;INF109K01AX1;;243.2117;243.2117;243.2117;14-Mar-2017
115510;ICICI Prudential Floating Interest Fund - IDCW Others;INF109K01WQ9;INF109K01WP1;122.8092;122.8092;122.8092;14-Mar-2017
122606;ICICI Prudential Floating Interest Fund - Monthly IDCW;INF109KA1038;INF109KA1020;102.1303;102.1303;102.1303;14-Mar-2017
122891;ICICI Prudential Floating Interest Fund - Quarterly IDCW;INF109KA1053;INF109KA1046;104.0000;104.0000;104.0000;14-Mar-2017
111545;ICICI Prudential Floating Interest Fund - Weekly IDCW;INF109K01EN4;INF109K01AY9;101.3010;101.3010;101.3010;14-Mar-2017
101800;ICICI Prudential Floating Interest Fund Plan A - Dividend Daily;INF109K01928;;100.6493;100.6493;100.6493;14-Mar-2017
101796;ICICI Prudential Floating Interest Fund Plan A - Fortnightly Dividend;INF109K01910;;101.2810;101.2810;101.2810;14-Mar-2017
101795;ICICI Prudential Floating Interest Fund Plan A - Growth;INF109K01936;;244.1569;244.1569;244.1569;14-Mar-2017
111544;ICICI Prudential Floating Interest Fund Plan A - Weekly Dividend Option;INF109K01EK0;INF109K01944;101.2066;101.2066;101.2066;14-Mar-2017
101799;ICICI Prudential Floating Interest Fund Plan B - Dividend Daily;INF109K01951;;100.6493;100.6493;100.6493;14-Mar-2017
101794;ICICI Prudential Floating Interest Fund Plan B - Fortnightly Dividend;INF109K01969;;101.2814;101.2814;101.2814;14-Mar-2017
101793;ICICI Prudential Floating Interest Fund Plan B - Growth;INF109K01977;;263.6302;263.6302;263.6302;14-Mar-2017
111543;ICICI Prudential Floating Interest Fund Plan B - Weekly Dividend Option;INF109K01EL8;INF109K01985;101.2066;101.2066;101.2066;14-Mar-2017
101801;ICICI Prudential Floating Interest Fund Plan C - Dividend Daily;INF109K01AA9;;100.6493;100.6493;100.6493;14-Mar-2017
101798;ICICI Prudential Floating Interest Fund Plan C - Fortnightly Dividend;INF109K01993;;101.2810;101.2810;101.2810;14-Mar-2017

Nippon India Mutual Fund
118660;NIPPON INDIA FLOATER  FUND - DIRECT Plan - WEEKLY IDCW Option;INF204K01D14;INF204K01E13;10.0633;10.0130;10.0633;14-Mar-2017
118656;Nippon India Floater Fund  - Direct Plan Growth Plan - Growth Option;INF204K01E05;;26.0875;25.9571;26.0875;14-Mar-2017
102676;NIPPON INDIA FLOATER FUND - DAILY IDCW REINVESTMENT Option;;INF204K01CI7;10.0591;10.0088;10.0591;14-Mar-2017
118654;NIPPON INDIA FLOATER FUND - DIRECT Plan - DAILY IDCW Option;;INF204K01D71;10.0634;10.0131;10.0634;14-Mar-2017
124590;NIPPON INDIA FLOATER FUND - DIRECT Plan - IDCW Option;INF204KA1DU8;INF204KA1DV6;11.6316;11.5734;11.6316;14-Mar-2017
118655;NIPPON INDIA FLOATER FUND - DIRECT Plan - MONTHLY IDCW Option;INF204K01D89;INF204K01D97;10.7629;10.7091;10.7629;14-Mar-2017
118661;NIPPON INDIA FLOATER FUND - DIRECT Plan - QUARTERLY IDCW Option;INF204K01C98;INF204K01D06;10.3612;10.3094;10.3612;14-Mar-2017
102673;Nippon India Floater Fund - Growth Plan-Growth Option;INF204K01CG1;;25.5560;25.4282;25.5560;14-Mar-2017
124589;NIPPON INDIA FLOATER FUND - IDCW Option;INF204KA1DS2;INF204KA1DT0;11.5387;11.4810;11.5387;14-Mar-2017
102675;NIPPON INDIA FLOATER FUND - MONTHLY IDCW Option;INF204K01CH9;INF204K01CK3;10.6268;10.5737;10.6268;14-Mar-2017
112942;NIPPON INDIA FLOATER FUND - QUARTERLY IDCW Option;INF204K01HK2;INF204K01HL0;10.5138;10.4612;10.5138;14-Mar-2017
102677;NIPPON INDIA FLOATER FUND - WEEKLY IDCW Option;INF204K01OQ5;INF204K01CJ5;10.0590;10.0087;10.0590;14-Mar-2017

PGIM India Mutual Fund
138521;DHFL Pramerica Floating Rate Fund - Annual Bonus;INF663L01IG3;;12.3181;12.3181;12.3181;14-Mar-2017
138500;DHFL Pramerica Floating Rate Fund - Annual Dividend;INF663L01IW0;INF663L01IX8;15.3893;15.3893;15.3893;14-Mar-2017
138496;DHFL Pramerica Floating Rate Fund - Bonus;INF663L01IH1;;13.5006;13.5006;13.5006;14-Mar-2017
138484;DHFL Pramerica Floating Rate Fund - Daily Dividend;;INF663L01IS8;10.222;10.222;10.222;14-Mar-2017
138518;DHFL Pramerica Floating Rate Fund - Direct Plan -  Quarterly Bonus;INF223J01VQ2;;11.8281;11.8281;11.8281;14-Mar-2017
138522;DHFL Pramerica Floating Rate FUnd - Direct Plan - Annual Bonus;INF223J01XG9;;18.0106;18.0106;18.0106;14-Mar-2017
138510;DHFL Pramerica Floating Rate Fund - Direct Plan - Daily Dividend;;INF663L01IJ7;10.222;10.222;10.222;14-Mar-2017
138509;DHFL Pramerica Floating Rate Fund - Direct Plan - Growth;INF663L01II9;;18.0922;18.0922;18.0922;14-Mar-2017
138481;DHFL Pramerica Floating Rate Fund - Growth;INF663L01IT6;;17.9361;17.9361;17.9361;14-Mar-2017
138513;DHFL Pramerica Short Term Floating Rate Fund - Direct Plan - Weekly Dividend;INF663L01IK5;INF663L01IL3;11.0217;11.0217;11.0217;14-Mar-2017
138492;DHFL Pramerica Short Term Floating Rate Fund - Monthly Dividend;INF663L01IU4;INF663L01IV2;10.6499;10.6499;10.6499;14-Mar-2017
138491;DHFL Pramerica Short Term Floating Rate Fund - Weekly Dividend;INF663L01JA4;INF663L01JB2;10.0809;10.0809;10.0809;14-Mar-2017

Open Ended Schemes ( Hybrid Scheme - Conservative Hybrid Fund )


Aditya Birla Sun Life Mutual Fund
120550;Aditya Birla Sun Life Regular Savings Fund - DIRECT - MONTHLY IDCW;INF209K01R47;;19.3641;19.1705;19.3641;14-Mar-2017
120705;Aditya Birla Sun Life Regular Savings Fund - Growth / Payment - Direct Plan;INF209K01XH4;INF209K01XJ0;36.3448;35.9814;36.3448;14-Mar-2017
101818;Aditya Birla Sun Life Regular Savings Fund - Growth / Payment - Regular Plan;INF209K01751;INF209K01777;35.1427;34.7913;35.1427;14-Mar-2017
101816;Aditya Birla Sun Life Regular Savings Fund - REGULAR - MONTHLY IDCW;INF209K01769;INF209K01DF0;14.7215;14.5743;14.7215;14-Mar-2017

Axis Mutual Fund
120477;Axis Conservative Hybrid Fund - Direct Plan - Annual IDCW;INF846K01DY0;INF846K01DZ7;12.6380;12.5116;12.6380;14-Mar-2017
120480;Axis Conservative Hybrid Fund - Direct Plan - Growth Option;INF846K01EA8;;17.9156;17.7364;17.9156;14-Mar-2017
120478;Axis Conservative Hybrid Fund - Direct Plan - Half Yearly;INF846K01EB6;INF846K01EC4;11.9578;11.8382;11.9578;14-Mar-2017
120479;Axis Conservative Hybrid Fund - Direct Plan - Quarterly;INF846K01ED2;INF846K01EE0;12.9847;12.8549;12.9847;14-Mar-2017
112927;Axis Conservative Hybrid Fund - Regular Plan - Annual IDCW;INF846K01743;INF846K01750;12.4160;12.2918;12.4160;14-Mar-2017
112924;Axis Conservative Hybrid Fund - Regular Plan - Growth Option;INF846K01693;;16.9134;16.7443;16.9134;14-Mar-2017
112926;Axis Conservative Hybrid Fund - Regular Plan - Half Yearly IDCW;INF846K01727;INF846K01735;11.4780;11.3632;11.4780;14-Mar-2017
112925;Axis Conservative Hybrid Fund - Regular Plan - Quarterly IDCW;INF846K01701;INF846K01719;10.9442;10.8348;10.9442;14-Mar-2017

Bandhan Mutual Fund
112353;BANDHAN Conservative Hybrid Fund - Regular Plan - Growth;INF194K01RW9;;19.1917;19.1917;19.1917;14-Mar-2017
112352;BANDHAN Conservative Hybrid Fund - Regular Plan - IDCW;INF194K01RY5;INF194K01RX7;12.9776;12.9776;12.9776;14-Mar-2017
113361;BANDHAN Conservative Hybrid Fund - Regular Plan - Quarterly IDCW;INF194K01SB1;INF194K01SA3;13.2890;13.2890;13.2890;14-Mar-2017
118491;BANDHAN Conservative Hybrid Fund-Direct Plan-Growth;INF194K015B9;;19.9153;19.9153;19.9153;14-Mar-2017
118490;BANDHAN Conservative Hybrid Fund-Direct Plan-IDCW;INF194K017B5;INF194K016B7;13.6148;13.6148;13.6148;14-Mar-2017
118492;BANDHAN Conservative Hybrid Fund-Direct Plan-Quarterly IDCW;INF194K010C8;INF194K019B1;14.1582;14.1582;14.1582;14-Mar-2017

Baroda BNP Paribas Mutual Fund
102661;BARODA CONSERVATIVE HYBRID FUND - Plan A - Growth Option;INF955L01161;;20.7445;20.5371;20.7445;14-Mar-2017
102662;BARODA CONSERVATIVE HYBRID FUND - Plan A - Monthly IDCW Option;INF955L01179;INF955L01187;13.3221;13.1889;13.3221;14-Mar-2017
102663;BARODA CONSERVATIVE HYBRID FUND - Plan A - Quarterly IDCW Option;INF955L01195;INF955L01203;13.1025;12.9715;13.1025;14-Mar-2017
119389;BARODA CONSERVATIVE HYBRID FUND - Plan B (Direct) - Growth Option;INF955L01AQ9;;21.4786;21.2638;21.4786;14-Mar-2017
119391;BARODA CONSERVATIVE HYBRID FUND - Plan B (Direct) - Quarterly IDCW Option;INF955L01AR7;;13.3833;13.2495;13.3833;14-Mar-2017
119390;BARODA CONSERVATIVE HYBRID FUND - Plan B (Direct)- Monthly IDCW Option;INF955L01AO4;;13.5740;13.4383;13.5740;14-Mar-2017

BNP Paribas Mutual Fund
120082;BNP Paribas Conservative Hybrid Fund - Direct Plan - Growth Option;INF251K01HR8;;26.1964;26.1964;26.1964;14-Mar-2017
120083;BNP Paribas Conservative Hybrid Fund - Direct Plan - Monthly Income Distribution cum Capital Withdrawal Option;INF251K01HS6;INF251K01HT4;11.0875;11.0875;11.0875;14-Mar-2017
120111;BNP Paribas Conservative Hybrid Fund - Direct Plan - Quarterly Income Distribution cum Capital Withdrawal Option;INF251K01HU2;INF251K01HV0;10.8724;10.8724;10.8724;14-Mar-2017
113560;BNP PARIBAS Conservative Hybrid Fund-Regular Plan-Growth Option;INF251K01845;;24.7578;24.7578;24.7578;14-Mar-2017
113561;BNP PARIBAS Conservative hybrid Fund-Regular Plan-Monthly Income Distribution cum Capital Withdrawal Option;INF251K01852;INF251K01860;10.4917;10.4917;10.4917;14-Mar-2017
113562;BNP PARIBAS Conservative Hybrid Fund-Regular Plan-Quarterly Income Distribution cum Capital Withdrawal Option;INF251K01878;INF251K01886;10.6504;10.6504;10.6504;14-Mar-2017

Canara Robeco Mutual Fund
118309;CANARA ROBECO CONSERVATIVE HYBRID FUND - DIRECT PLAN - GROWTH OPTION;INF760K01GB4;;51.7272;51.7272;51.7272;14-Mar-2017
118311;CANARA ROBECO CONSERVATIVE HYBRID FUND - DIRECT PLAN - MONTHLY IDCW (Payout/Reinvestment);INF760K01FZ5;INF760K01GA6;15.0313;15.0313;15.0313;14-Mar-2017
118310;CANARA ROBECO CONSERVATIVE HYBRID FUND - DIRECT PLAN - QUARTERLY IDCW (Payout/Reinvestment);INF760K01GC2;INF760K01GD0;15.5188;15.5188;15.5188;14-Mar-2017
100601;CANARA ROBECO CONSERVATIVE HYBRID FUND - REGULAR PLAN - GROWTH OPTION;INF760K01282;;49.5868;49.5868;49.5868;14-Mar-2017
100600;CANARA ROBECO CONSERVATIVE HYBRID FUND - REGULAR PLAN - MONTHLY IDCW (Payout/Reinvestment);INF760K01308;INF760K01316;14.3461;14.3461;14.3461;14-Mar-2017
112378;CANARA ROBECO CONSERVATIVE HYBRID FUND - REGULAR PLAN - QUARTERLY IDCW (Payout/Reinvestment);INF760K01AP7;INF760K01AQ5;14.8089;14.8089;14.8089;14-Mar-2017

DSP Mutual Fund
118994;DSP Regular Savings Fund - Direct Plan - Growth;INF740K01NO5;;34.4645;34.1199;34.4645;14-Mar-2017
118992;DSP Regular Savings Fund - Direct Plan - IDCW - Monthly;INF740K01NP2;INF740K01NR8;12.7752;12.6474;12.7752;14-Mar-2017
118993;DSP Regular Savings Fund - Direct Plan - IDCW - Quarterly ;INF740K01NQ0;INF740K01NS6;13.7643;13.6267;13.7643;14-Mar-2017
102450;DSP Regular Savings Fund - Regular Plan - IDCW - Monthly;INF740K01458;INF740K01466;12.1531;12.0316;12.1531;14-Mar-2017
102451;DSP Regular Savings Fund - Regular Plan - IDCW - Quarterly ;INF740K01474;INF740K01482;13.3434;13.2100;13.3434;14-Mar-2017
102448;DSP Regular Savings Fund- Regular Plan - Growth;INF740K01441;;33.5224;33.1872;33.5224;14-Mar-2017

Franklin Templeton Mutual Fund
118574;Franklin India Debt Hybrid Fund - Direct - GROWTH;INF090I01GF1;;50.8826;50.3738;50.8826;14-Mar-2017
100948;Franklin India Debt Hybrid Fund - Growth;INF090I01EA7;;49.2990;48.8060;49.2990;14-Mar-2017
118575;Franklin India Debt Hybrid Fund - Plan A - Direct - Monthly - IDCW;INF090I01GG9;INF090I01GH7;14.5255;14.3802;14.5255;14-Mar-2017
118576;Franklin India Debt Hybrid Fund - Plan A - Direct - Quarterly - IDCW;INF090I01GI5;INF090I01GJ3;14.1053;13.9642;14.1053;14-Mar-2017
100949;Franklin India Debt Hybrid Fund - Plan A - Monthly - IDCW;INF090I01EB5;INF090I01EC3;14.0130;13.8729;14.0130;14-Mar-2017
100950;Franklin India Debt Hybrid Fund - Plan A - Quarterly - IDCW;INF090I01ED1;INF090I01EE9;13.6121;13.4760;13.6121;14-Mar-2017

Groww Mutual Fund
135690;Indiabulls Savings Income Fund- Direct Plan- - Monthly- Income Distribution cum capital withdrawal Option (Payout & Reinvestment);INF666M01BL9;INF666M01BM7;11.0518;10.9413;11.0518;14-Mar-2017
135691;Indiabulls Savings Income Fund- Regular Plan-Monthly - Income Distribution cum capital withdrawal Option (Payout & Reinvestment);INF666M01BO3;INF666M01BP0;10.8947;10.7858;10.8947;14-Mar-2017
135689;Indiabulls Savings Income Fund-Direct Plan-Growth Option;INF666M01BK1;;11.0928;10.9819;11.0928;14-Mar-2017
135692;Indiabulls Savings Income Fund-Regular Plan-Growth Option;INF666M01BN5;;10.8946;10.7857;10.8946;14-Mar-2017

HDFC Mutual Fund
119118;HDFC Hybrid Debt Fund - Growth Option - Direct Plan;INF179K01XE6;;41.3941;40.9802;41.3941;14-Mar-2017
102147;HDFC Hybrid Debt Fund - Growth Plan;INF179K01AE4;;40.5703;40.1646;40.5703;14-Mar-2017
102148;HDFC Hybrid Debt Fund - IDCW Monthly;INF179K01AA2;INF179K01AB0;14.2666;14.1239;14.2666;14-Mar-2017
119119;HDFC Hybrid Debt Fund - IDCW Monthly - Direct Plan;INF179K01XF3;INF179K01XG1;14.6127;14.4666;14.6127;14-Mar-2017
102149;HDFC Hybrid Debt Fund - IDCW Quarterly;INF179K01AC8;INF179K01AD6;15.0154;14.8652;15.0154;14-Mar-2017
119120;HDFC Hybrid Debt Fund - IDCW Quarterly - Direct Plan;INF179K01XH9;INF179K01XI7;15.3785;15.2247;15.3785;14-Mar-2017
119121;HDFC MF MIP STP -Direct Plan - Growth Option;INF179K01XJ5;;28.8622;28.5736;28.8622;14-Mar-2017
119122;HDFC MF MIP STP -Direct Plan - Monthly Dividend Option;INF179K01XK3;INF179K01XL1;11.9208;11.8016;11.9208;14-Mar-2017
119117;HDFC MF MIP STP-Direct Plan - Quarterly Dividend Option;INF179K01XM9;INF179K01XN7;12.3056;12.1825;12.3056;14-Mar-2017
102144;HDFC MF Monthly Income Plan-Short Term Plan-Growth Option;INF179K01AF1;;27.9991;27.7191;27.9991;14-Mar-2017
102145;HDFC MF Monthly Income Plan-Short Term Plan-Monthly Dividend Option;INF179K01AG9;INF179K01AH7;11.3149;11.2018;11.3149;14-Mar-2017
102146;HDFC MF Monthly Income Plan-Short Term Plan-Quarterly Dividend Option;INF179K01AI5;INF179K01AJ3;11.8837;11.7649;11.8837;14-Mar-2017

HSBC Mutual Fund
120073;HSBC Conservative Hybrid Fund - Direct Growth;INF336L01DW4;;33.7759;33.7759;33.7759;14-Mar-2017
120074;HSBC Conservative Hybrid Fund - Direct Monthly IDCW;INF336L01DX2;INF336L01DY0;15.6956;15.6956;15.6956;14-Mar-2017
120075;HSBC Conservative Hybrid Fund - Direct Quarterly IDCW;INF336L01DZ7;INF336L01EA8;14.2154;14.2154;14.2154;14-Mar-2017
102262;HSBC Conservative Hybrid Fund - Regular Growth;INF336L01099;;33.0217;33.0217;33.0217;14-Mar-2017
102260;HSBC Conservative Hybrid Fund - Regular Monthly IDCW;INF336L01107;INF336L01115;13.2498;13.2498;13.2498;14-Mar-2017
102261;HSBC Conservative Hybrid Fund - Regular Quarterly IDCW;INF336L01123;INF336L01131;13.3734;13.3734;13.3734;14-Mar-2017

ICICI Prudential Mutual Fund
123183;ICICI Prudential Regular Savings Fund - Direct Plan - Bonus;INF109KA1301;;36.8868;36.5179;36.8868;14-Mar-2017
120616;ICICI Prudential Regular Savings Fund - Direct Plan - Growth;INF109K01S39;;36.8928;36.5239;36.8928;14-Mar-2017
120613;ICICI Prudential Regular Savings Fund - Direct Plan - Half Yearly IDCW;INF109K01S47;INF109K01S54;15.2770;15.1242;15.2770;14-Mar-2017
120615;ICICI Prudential Regular Savings Fund - Direct Plan - Monthly IDCW;INF109K01S62;INF109K01S70;14.7794;14.6316;14.7794;14-Mar-2017
120614;ICICI Prudential Regular Savings Fund - Direct Plan - Quarterly IDCW;INF109K01S88;INF109K01S96;13.6265;13.4902;13.6265;14-Mar-2017
128110;ICICI Prudential Regular Savings Fund - Plan - Bonus;INF109KA1319;;14.9287;14.7794;14.9287;14-Mar-2017
102330;ICICI Prudential Regular Savings Fund - Plan - Growth;INF109K01902;;35.7448;35.3874;35.7448;14-Mar-2017
113098;ICICI Prudential Regular Savings Fund - Plan - Half Yearly IDCW;INF109K01IW6;INF109K01WX5;12.4051;12.2810;12.4051;14-Mar-2017
102331;ICICI Prudential Regular Savings Fund - Plan - Monthly IDCW;INF109K01ER5;INF109K01894;13.6881;13.5512;13.6881;14-Mar-2017
113097;ICICI Prudential Regular Savings Fund - Plan - Quarterly IDCW;INF109K01IX4;INF109K01WY3;11.7877;11.6698;11.7877;14-Mar-2017

Invesco Mutual Fund
120554;Invesco India Regular Savings Fund - Direct Plan  - Growth;INF205K01TX7;;1655.9569;1639.3973;1655.9569;14-Mar-2017
120555;Invesco India Regular Savings Fund - Direct Plan - Monthly Dividend;INF205K01TY5;INF205K01TZ2;1091.2342;1080.3219;1091.2342;14-Mar-2017
112887;Invesco India Regular Savings Fund - Growth;INF205K01UA3;;1610.5239;1594.4187;1610.5239;14-Mar-2017
112888;Invesco India Regular Savings Fund - Monthly Dividend;INF205K01UB1;INF205K01UC9;1147.9081;1136.4290;1147.9081;14-Mar-2017

Kotak Mahindra Mutual Fund
114859;Kotak Debt Hybrid - Growth;INF174K01393;;27.4273;27.4273;27.4273;14-Mar-2017
120154;Kotak Debt Hybrid - Growth - Direct;INF174K01JZ1;;28.491;28.491;28.491;14-Mar-2017
114858;Kotak Debt Hybrid - Monthly Payout of Income Distribution cum capital withdrawal option;INF174K01419;INF174K01401;12.8433;12.8433;12.8433;14-Mar-2017
120155;Kotak Debt Hybrid - Monthly Payout of Income Distribution cum capital withdrawal option - Direct;INF174K01KA2;INF174K01KB0;13.1442;13.1442;13.1442;14-Mar-2017
114860;Kotak Debt Hybrid - Quarterly Payout of Income Distribution cum capital withdrawal option;INF174K01435;INF174K01427;14.0348;14.0348;14.0348;14-Mar-2017
120156;Kotak Debt Hybrid - Quarterly Payout of Income Distribution cum capital withdrawal option - Direct;INF174K01KC8;;14.5003;14.5003;14.5003;14-Mar-2017

L&T Mutual Fund
119852;L&T Conservative Hybrid Fund -Direct Plan- Growth;INF917K01GF1;;31.707;31.3899;31.707;14-Mar-2017
112487;L&T Conservative Hybrid Fund- Regular Plan - Growth;INF917K01056;;30.805;30.497;30.805;14-Mar-2017
119853;L&T Conservative Hybrid Fund -Direct Plan-Monthly IDCW;INF917K01GH7;INF917K01GG9;11.4447;11.3303;11.4447;14-Mar-2017
112488;L&T Conservative Hybrid Fund -Regular Plan - Monthly IDCW;INF917K01031;INF917K01049;11.0111;10.901;11.0111;14-Mar-2017
119854;L&T Conservative Hybrid Fund -Direct Plan-Quarterly IDCW;INF917K01GJ3;INF917K01GI5;11.9214;11.8022;11.9214;14-Mar-2017
112489;L&T Conservative Hybrid Fund -Regular Plan -Quarterly IDCW;INF917K01064;INF917K01072;11.6798;11.563;11.6798;14-Mar-2017

LIC Mutual Fund
120276;LIC MF Conservative Hybrid Fund-Direct Plan-Growth;INF767K01EO7;;50.4492;49.9447;50.4492;14-Mar-2017
120277;LIC MF Conservative Hybrid Fund-Direct Plan-Monthly IDCW;INF767K01EP4;INF767K01ES8;10.5827;10.4769;10.5827;14-Mar-2017
120274;LIC MF Conservative Hybrid Fund-Direct Plan-Quarterly IDCW;INF767K01EQ2;INF767K01ET6;11.1497;11.0382;11.1497;14-Mar-2017
120275;LIC MF Conservative Hybrid Fund-Direct Plan-Yearly IDCW;INF767K01ER0;INF767K01EU4;12.1195;11.9983;12.1195;14-Mar-2017
101869;LIC MF Conservative Hybrid Fund-Regular Plan-Growth;INF767K01808;;49.0434;48.5530;49.0434;14-Mar-2017
101866;LIC MF Conservative Hybrid Fund-Regular Plan-Monthly IDCW;INF767K01816;INF767K01824;10.5438;10.4384;10.5438;14-Mar-2017
101867;LIC MF Conservative Hybrid Fund-Regular Plan-Quarterly IDCW;INF767K01832;INF767K01840;10.7803;10.6725;10.7803;14-Mar-2017
101868;LIC MF Conservative Hybrid Fund-Regular Plan-Yearly IDCW;INF767K01857;INF767K01865;11.8091;11.6910;11.8091;14-Mar-2017

Navi Mutual Fund
113143;Navi Conservative Hybrid  Fund - Quarterly IDCW;INF959L01114;INF959L01122;11.1372;11.1372;11.1372;14-Mar-2017
119157;Navi Conservative Hybrid Fund - Direct Plan Monthly IDCW;INF959L01684;INF959L01692;11.2779;11.2779;11.2779;14-Mar-2017
119158;Navi Conservative Hybrid Fund - Direct Plan Quarterly IDCW;INF959L01700;INF959L01718;11.9247;11.9247;11.9247;14-Mar-2017
113141;Navi Conservative Hybrid Fund - Monthly IDCW;INF959L01098;INF959L01106;10.5370;10.5370;10.5370;14-Mar-2017
119156;Navi Conservative Hybrid Fund-Direct Plan-Growth Option;INF959L01676;;18.0648;18.0648;18.0648;14-Mar-2017
113142;Navi Conservative Hybrid Fund-Growth;INF959L01130;;17.0402;17.0402;17.0402;14-Mar-2017

Nippon India Mutual Fund
118727;NIPPON INDIA CONSERVATIVE HYBRID  FUND - DIRECT Plan - MONTHLY IDCW Option;INF204K01YW2;INF204K01YX0;12.9942;12.7993;12.9942;14-Mar-2017
118729;NIPPON INDIA CONSERVATIVE HYBRID  FUND - DIRECT Plan - QUARTERLY IDCW Option;INF204K01YY8;INF204K01YZ5;13.2122;13.0140;13.2122;14-Mar-2017
118726;Nippon India Conservative Hybrid  Fund - Direct Plan Growth Plan - Growth Option;INF204K01YV4;;39.2680;38.6790;39.2680;14-Mar-2017
102173;NIPPON INDIA CONSERVATIVE HYBRID  FUND - MONTHLY IDCW Option;INF204K01FE9;INF204K01FF6;12.2524;12.0686;12.2524;14-Mar-2017
102174;NIPPON INDIA CONSERVATIVE HYBRID  FUND - QUARTERLY IDCW Option;INF204K01FG4;INF204K01FH2;12.9509;12.7566;12.9509;14-Mar-2017
102172;Nippon India Conservative Hybrid  Fund-Growth Plan;INF204K01FD1;;37.8840;37.3157;37.8840;14-Mar-2017

PGIM India Mutual Fund
138464;PGIM India Hybrid Debt Fund - Direct Plan - Growth;INF223J01NN6;;20.6504;20.3406;20.6504;14-Mar-2017
138460;PGIM India Hybrid Debt Fund - Dividend;INF223J01CA6;INF223J01CB4;10.6048;10.4457;10.6048;14-Mar-2017
138459;PGIM India Hybrid Debt Fund - Growth;INF223J01BZ5;;19.8573;19.5594;19.8573;14-Mar-2017

SBI Mutual Fund
119836;SBI Conservative Hybrid Fund  - Direct Plan - Quarterly Income Distribution cum Capital Withdrawal Option (IDCW);INF200K01TV2;INF200K01TW0;13.5331;13.3978;13.5331;14-Mar-2017
119837;SBI Conservative Hybrid Fund - Direct Plan - Annual Income Distribution cum Capital Withdrawal Option (IDCW);INF200K01TQ2;INF200K01TR0;17.0366;16.8662;17.0366;14-Mar-2017
119839;SBI Conservative Hybrid Fund - Direct Plan - Growth;INF200K01TS8;;37.0829;36.7121;37.0829;14-Mar-2017
119838;SBI Conservative Hybrid Fund - Direct Plan - Monthly Income Distribution cum Capital Withdrawal Option (IDCW);INF200K01TT6;INF200K01TU4;15.2192;15.067;15.2192;14-Mar-2017
100929;SBI Conservative Hybrid Fund - Regular Plan - Annual Income Distribution cum Capital Withdrawal Option (IDCW);INF200K01909;INF200K01917;14.9017;14.7527;14.9017;14-Mar-2017
100968;SBI Conservative Hybrid Fund - Regular Plan - Growth;INF200K01859;;35.7848;35.427;35.7848;14-Mar-2017
100927;SBI Conservative Hybrid Fund - Regular Plan - Monthly Income Distribution cum Capital Withdrawal Option (IDCW);INF200K01867;INF200K01875;12.6557;12.5291;12.6557;14-Mar-2017
100928;SBI Conservative Hybrid Fund - Regular Plan - Quarterly Income Distribution cum Capital Withdrawal Option (IDCW);INF200K01883;INF200K01891;12.4751;12.3503;12.4751;14-Mar-2017

Sundaram Mutual Fund
119635;Sundaram Conservative Hybrid Fund (Formerly Known as Sundaram Debt Oriented Hybrid Fund) Direct Plan - Growth;INF903J01OP6;;17.7941;17.7941;17.7941;14-Mar-2017
119636;Sundaram Conservative Hybrid Fund (Formerly Known as Sundaram Debt Oriented Hybrid Fund) Direct Plan - IDCW;INF903J01OQ4;INF903J01OT8;14.2394;14.2394;14.2394;14-Mar-2017
119638;Sundaram Conservative Hybrid Fund (Formerly Known as Sundaram Debt Oriented Hybrid Fund) Direct Plan - Income Distribution cum Capital Withdrawal (IDCW);INF903J01OS0;INF903J01OV4;14.3245;14.3245;14.3245;14-Mar-2017
119637;Sundaram Conservative Hybrid Fund (Formerly Known as Sundaram Debt Oriented Hybrid Fund) Direct Plan -Income Distribution cum Capital Withdrawal (IDCW);INF903J01OR2;INF903J01OU6;14.3249;14.3249;14.3249;14-Mar-2017
112868;Sundaram Conservative Hybrid Fund (Formerly Known as Sundaram Debt Oriented Hybrid Fund) Regular Plan - Growth;INF903J01HB0;;17.4919;17.4919;17.4919;14-Mar-2017
112867;Sundaram Conservative Hybrid Fund (Formerly Known as Sundaram Debt Oriented Hybrid Fund) Regular Plan - Income Distribution cum Capital Withdrawal (IDCW);INF903J01HC8;INF903J01HF1;14.1283;14.1283;14.1283;14-Mar-2017
112870;Sundaram Conservative Hybrid Fund (Formerly Known as Sundaram Debt Oriented Hybrid Fund) Regular Plan -Income Distribution cum Capital Withdrawal (IDCW);INF903J01HD6;INF903J01HG9;14.1299;14.1299;14.1299;14-Mar-2017
112869;Sundaram Conservative Hybrid Fund (Formerly Known as Sundaram Debt Oriented Hybrid Fund) Regular Plan- Income Distribution cum Capital Withdrawal (IDCW);INF903J01HE4;INF903J01HH7;14.0841;14.0841;14.0841;14-Mar-2017
119644;Sundaram Regular Savings Fund - Direct Plan - Growth Option;INF903J01OF7;;15.8808;15.4838;15.8808;14-Mar-2017
112873;Sundaram Regular Savings Fund - DIVIDEND;INF903J01HJ3;INF903J01HM7;12.2285;11.9228;12.2285;14-Mar-2017
112874;Sundaram Regular Savings Fund - GROWTH;INF903J01HI5;;15.5523;15.1635;15.5523;14-Mar-2017
112871;Sundaram Regular Savings Fund - Half-yearly Dividend;INF903J01HL9;INF903J01HO3;12.2239;11.9183;12.2239;14-Mar-2017
112872;Sundaram Regular Savings Fund - Quarterly Dividend;INF903J01HK1;INF903J01HN5;11.8661;11.5694;11.8661;14-Mar-2017
119645;Sundaram Regular Savings Fund - Quarterly Dividend Option;INF903J01OK7;INF903J01OL5;11.9470;11.6483;11.9470;14-Mar-2017

UTI Mutual Fund
102533;UTI Conservative Hybrd Fund - Regular Plan - Monthly Payment Option;INF789F01927;;35.8089;35.8089;35.8089;14-Mar-2017
120789;UTI Conservative Hybrid Fund - Direct Plan - Flexi IDCW;INF789F01UH1;INF789F01UI9;34.9038;34.9038;34.9038;14-Mar-2017
120779;UTI Conservative Hybrid Fund - Direct Plan - Growth Option;INF789F01UJ7;;36.7539;36.7539;36.7539;14-Mar-2017
120778;UTI Conservative Hybrid Fund - Direct Plan - Monthly IDCW;INF789F01UK5;INF789F01UL3;15.5899;15.5899;15.5899;14-Mar-2017
120790;UTI Conservative Hybrid Fund - Direct Plan - Monthly Payment Option;INF789F01UM1;;36.1556;36.1556;0;14-Mar-2017
102534;UTI Conservative Hybrid Fund - Regular Plan - Flexi IDCW;INF789F01877;INF789F01885;33.9588;33.9588;33.9588;14-Mar-2017
102535;UTI Conservative Hybrid Fund - Regular Plan - Growth Option;INF789F01893;;35.7906;35.7906;35.7906;14-Mar-2017
102536;UTI Conservative Hybrid Fund - Regular Plan - Monthly IDCW;INF789F01901;INF789F01919;15.1226;15.1226;15.1226;14-Mar-2017

Open Ended Schemes ( Hybrid Scheme - Balanced Hybrid Fund )


Nippon India Mutual Fund
118738;NIPPON INDIA BALANCED ADVANTAGE FUND - DIRECT Plan - IDCW Option;INF204K01G78;INF204K01G86;26.9169;26.6477;26.9169;14-Mar-2017
118736;Nippon India Balanced Advantage Fund - Direct Plan Growth Plan - Growth Option;INF204K01G94;;76.9817;76.2119;76.9817;14-Mar-2017
102848;NIPPON INDIA BALANCED ADVANTAGE FUND - IDCW Option;INF204K01570;INF204K01588;23.6203;23.3841;23.6203;14-Mar-2017
102847;Nippon India Balanced Advantage Fund-Growth Plan-Bonus Option;INF204K01596;;75.1510;74.3995;75.1510;14-Mar-2017
102846;Nippon India Balanced Advantage Fund-Growth Plan-Growth Option;INF204K01604;;75.1510;74.3995;75.1510;14-Mar-2017

Sundaram Mutual Fund
119542;Sundaram Equity Hybrid Fund Direct Plan - Growth;INF903J01MP0;;74.7399;73.9925;74.7399;14-Mar-2017
119545;Sundaram Equity Hybrid Fund Direct Plan - Income Distribution cum Capital Withdrawal (IDCW);INF903J01MN5;INF903J01MO3;15.1784;15.0266;15.1784;14-Mar-2017
100617;Sundaram Equity Hybrid Fund Regular Plan - Growth;INF903J01744;;73.2611;72.5285;73.2611;14-Mar-2017
101472;Sundaram Equity Hybrid Fund Regular Plan - Income Distribution cum Capital Withdrawal (IDCW);INF903J01728;INF903J01736;14.8123;14.6642;14.8123;14-Mar-2017

Open Ended Schemes ( Hybrid Scheme - Aggressive Hybrid Fund )


Aditya Birla Sun Life Mutual Fund
120517;Aditya Birla Sun Life Equity Hybrid'95 Fund - Direct Plan-Growth;INF209K01ZC0;;689.74;682.84;689.74;14-Mar-2017
103155;Aditya Birla Sun Life Equity Hybrid'95 Fund - Regular Plan-Growth;INF209K01BT5;;662.24;655.62;662.24;14-Mar-2017
120518;Aditya Birla Sun Life Equity Hybrid'95 Fund -DIRECT - IDCW;INF209KA1LH3;INF209K01ZB2;201.17;199.16;201.17;14-Mar-2017
103154;Aditya Birla Sun Life Equity Hybrid'95 Fund -Regular - IDCW;INF209K01BS7;INF209K01EE1;146.04;144.58;146.04;14-Mar-2017

Bandhan Mutual Fund
140382;Bandhan Aggressive Hybrid Fund-Direct Plan Growth;INF194KA1U56;;10.4149;10.4149;10.4149;14-Mar-2017
140383;Bandhan Aggressive Hybrid Fund-Direct Plan IDCW;INF194KA1U64;INF194KA1U72;10.4141;10.4141;10.4141;14-Mar-2017
140381;Bandhan Aggressive Hybrid Fund-Regular Plan Growth;INF194KA1U15;;10.3771;10.3771;10.3771;14-Mar-2017
140384;Bandhan Aggressive Hybrid Fund-Regular Plan IDCW;INF194KA1U23;INF194KA1U31;10.3771;10.3771;10.3771;14-Mar-2017

Bank of India Mutual Fund
139527;BANK OF INDIA MID & SMALL CAP EQUITY & DEBT FUND - DIRECT PLAN GROWTH;INF761K01DM6;;10.91;10.80;10.91;14-Mar-2017
139530;BANK OF INDIA MID & SMALL CAP EQUITY & DEBT FUND - DIRECT PLAN IDCW;INF761K01DN4;INF761K01DO2;10.88;10.77;10.88;14-Mar-2017
139529;BANK OF INDIA MID & SMALL CAP EQUITY & DEBT FUND - REGULAR  PLAN  GROWTH;INF761K01DP9;;10.84;10.73;10.84;14-Mar-2017
139528;BANK OF INDIA MID & SMALL CAP EQUITY & DEBT FUND - REGULAR  PLAN IDCW;INF761K01DQ7;INF761K01DR5;10.84;10.73;10.84;14-Mar-2017

Baroda BNP Paribas Mutual Fund
101912;BARODA  HYBRID EQUITY FUND - Plan A - Growth Option;INF955L01708;;48.37;47.89;48.37;14-Mar-2017
101913;BARODA HYBRID EQUITY FUND - Plan A - IDCW Option;INF955L01682;INF955L01690;17.54;17.36;17.54;14-Mar-2017
119326;BARODA HYBRID EQUITY FUND - Plan B (Direct) - Growth Option;INF955L01948;;50.55;50.04;50.55;14-Mar-2017
119325;BARODA HYBRID EQUITY FUND - Plan B (Direct) - IDCW Option;INF955L01922;;18.82;18.63;18.82;14-Mar-2017

Canara Robeco Mutual Fund
118272;CANARA ROBECO EQUITY HYBRID FUND - DIRECT PLAN - GROWTH OPTION;INF760K01EZ8;;131.2200;131.2200;131.2200;14-Mar-2017
118271;CANARA ROBECO EQUITY HYBRID FUND - DIRECT PLAN - MONTHLY IDCW (Payout/Reinvestment);INF760K01EX3;INF760K01EY1;80.3000;80.3000;80.3000;14-Mar-2017
106166;CANARA ROBECO EQUITY HYBRID FUND - REGULAR PLAN - GROWTH OPTION;INF760K01050;;128.2100;128.2100;128.2100;14-Mar-2017
106167;CANARA ROBECO EQUITY HYBRID FUND - REGULAR PLAN - MONTHLY IDCW (Payout/Reinvestment);INF760K01068;INF760K01076;78.3700;78.3700;78.3700;14-Mar-2017

DSP Mutual Fund
119019;DSP Aggressive Hybrid Fund - Direct Plan - Growth;INF740K01NY4;;132.358;131.034;132.358;14-Mar-2017
119020;DSP Aggressive Hybrid Fund - Direct Plan - IDCW;INF740K01NZ1;INF740K01OA2;35.835;35.477;35.835;14-Mar-2017
131086;DSP Aggressive Hybrid Fund - Direct Plan - Quarterly Dividend;INF740K010D5;INF740K011D3;13.948;13.809;13.948;14-Mar-2017
131087;DSP Aggressive Hybrid Fund - Regular Plan - Quarterly Dividend;INF740K018C0;INF740K019C8;13.581;13.445;13.581;14-Mar-2017
100081;DSP Aggressive Hybrid Fund- Regular Plan - Growth;INF740K01318;;128.429;127.145;128.429;14-Mar-2017
100082;DSP Aggressive Hybrid Fund- Regular Plan - IDCW;INF740K01326;INF740K01334;24.368;24.124;24.368;14-Mar-2017

Edelweiss Mutual Fund
118625;Edelweiss Aggressive Hybrid Fund  - Direct Plan - IDCW Option;INF754K01CB6;INF754K01CC4;17.84;17.84;17.84;14-Mar-2017
112013;Edelweiss Aggressive Hybrid Fund  - Plan B - IDCW Option;INF754K01137;INF754K01145;21.37;21.37;21.37;14-Mar-2017
112108;Edelweiss Aggressive Hybrid Fund - Regular Plan - Growth Option;INF754K01202;;21.24;21.24;21.24;14-Mar-2017
112109;Edelweiss Aggressive Hybrid Fund - Regular Plan - IDCW Option;INF754K01178;INF754K01186;17.51;17.51;17.51;14-Mar-2017
112012;Edelweiss Aggressive Hybrid Fund- Plan B-Growth Option;INF754K01160;;20.96;20.96;20.96;14-Mar-2017
118624;Edelweiss Aggressive Hybrid Fund-Direct Plan-Growth Option;INF754K01CE0;;21.57;21.57;21.57;14-Mar-2017

Franklin Templeton Mutual Fund
118546;Franklin India Equity Hybrid Fund - Direct - Growth;INF090I01FZ1;;107.6508;106.5743;107.6508;14-Mar-2017
118547;Franklin India Equity Hybrid Fund - Direct - IDCW ;INF090I01GA2;INF090I01GB0;23.7732;23.5355;23.7732;14-Mar-2017
100550;Franklin India Equity Hybrid Fund - Growth Plan;INF090I01817;;103.2939;102.2610;103.2939;14-Mar-2017
100549;Franklin India Equity Hybrid Fund - IDCW ;INF090I01825;INF090I01833;22.6993;22.4723;22.6993;14-Mar-2017

HDFC Mutual Fund
119062;HDFC Hybrid Equity Fund - Growth Option - Direct Plan;INF179K01XZ1;;48.511;48.026;48.511;14-Mar-2017
102948;HDFC Hybrid Equity Fund - Growth Plan;INF179K01AS4;;47.344;46.871;47.344;14-Mar-2017
119061;HDFC Hybrid Equity Fund - IDCW Option - Direct Plan;INF179K01XX6;INF179K01XY4;13.489;13.354;13.489;14-Mar-2017
102947;HDFC Hybrid Equity Fund - IDCW Plan;INF179K01AQ8;INF179K01AR6;13.069;12.938;13.069;14-Mar-2017

ICICI Prudential Mutual Fund
136113;ICICI Prudential Equity & Debt Fund - Annual IDCW;INF109KB1QK6;INF109KB1QJ8;12.86;12.73;12.86;14-Mar-2017
136114;ICICI Prudential Equity & Debt Fund - Direct Plan - Annual IDCW;INF109KB1QM2;INF109KB1QL4;13.07;12.94;13.07;14-Mar-2017
120251;ICICI Prudential Equity & Debt Fund - Direct Plan - Growth;INF109K01Y07;;118.05;116.87;118.05;14-Mar-2017
131453;ICICI Prudential Equity & Debt Fund - Direct Plan - Half Yearly IDCW;INF109KA1Y19;INF109KA1Y01;13.23;13.10;13.23;14-Mar-2017
120252;ICICI Prudential Equity & Debt Fund - Direct Plan - Monthly IDCW;INF109K01X81;INF109K01X99;29.29;29.00;29.29;14-Mar-2017
100356;ICICI Prudential Equity & Debt Fund - Growth;INF109K01480;;113.02;111.89;113.02;14-Mar-2017
131452;ICICI Prudential Equity & Debt Fund - Half Yearly IDCW;INF109KA1X93;INF109KA1X85;12.96;12.83;12.96;14-Mar-2017
100355;ICICI Prudential Equity & Debt Fund - Monthly IDCW;INF109K01DX5;INF109K01498;24.42;24.18;24.42;14-Mar-2017

IDBI Mutual Fund
139971;IDBI Hybrid Equity Fund Growth Direct;INF397L01JC5;;10.7982;10.6902;10.7982;14-Mar-2017
139969;IDBI Hybrid Equity Fund Growth Regular;INF397L01JG6;;10.7336;10.6263;10.7336;14-Mar-2017
139972;IDBI Hybrid Equity Fund IDCW Direct;INF397L01IZ8;INF397L01JA9;10.7982;10.6902;10.7982;14-Mar-2017
139970;IDBI Hybrid Equity Fund IDCW Regular;INF397L01JD3;INF397L01JE1;10.7336;10.6263;10.7336;14-Mar-2017

JM Financial Mutual Fund
130904;JM Aggressive Hybrid Fund (Direct) - Annual Bonus Option;INF192K01HB8;;42.9575;42.9575;42.9575;14-Mar-2017
131477;JM Aggressive Hybrid Fund (Direct) - Annual IDCW;INF192K01HJ1;INF192K01HK9;30.6014;30.6014;30.6014;14-Mar-2017
133401;JM Aggressive Hybrid Fund (Direct) - Bonus Option - Principal Units;INF192K01GP0;;43.8472;43.8472;43.8472;14-Mar-2017
120484;JM Aggressive Hybrid Fund (Direct) - Growth Option;INF192K01BQ9;;42.9329;42.9329;42.9329;14-Mar-2017
133409;JM Aggressive Hybrid Fund (Direct) - Half Yearly Bonus Option - Principal Units;INF192K01HV6;;43.8472;43.8472;43.8472;14-Mar-2017
133402;JM Aggressive Hybrid Fund (Direct) - Half Yearly IDCW;INF192K01HH5;INF192K01HI3;30.9197;30.9197;30.9197;14-Mar-2017
120483;JM Aggressive Hybrid Fund (Direct) - IDCW;INF192K01BO4;INF192K01BP1;30.1478;30.1478;30.1478;14-Mar-2017
133412;JM Aggressive Hybrid Fund (Direct) - Monthly IDCW;INF192K01HN3;INF192K01HO1;30.9197;30.9197;30.9197;14-Mar-2017
133411;JM Aggressive Hybrid Fund (Direct) - Quarterly Bonus Option - Principal Units;INF192K01HZ7;;43.8472;43.8472;43.8472;14-Mar-2017
133406;JM Aggressive Hybrid Fund (Direct) - Quarterly IDCW;INF192K01HR4;INF192K01HS2;23.1498;23.1498;23.1498;14-Mar-2017
133407;JM Aggressive Hybrid Fund (Regular) - Annual Bonus Option - Principal Units;INF192K01GZ9;;41.9735;41.9735;41.9735;14-Mar-2017
131476;JM Aggressive Hybrid Fund (Regular) - Annual IDCW;INF192K01HF9;INF192K01HG7;29.9245;29.9245;29.9245;14-Mar-2017
133400;JM Aggressive Hybrid Fund (Regular) - Bonus Option - Principal Units;INF192K01GN5;;41.9735;41.9735;41.9735;14-Mar-2017
133403;JM Aggressive Hybrid Fund (Regular) - Half Yearly Bonus Option - Principal Units;INF192K01HT0;;41.9735;41.9735;41.9735;14-Mar-2017
133408;JM Aggressive Hybrid Fund (Regular) - Half Yearly IDCW;INF192K01HD4;INF192K01HE2;29.9225;29.9225;29.9225;14-Mar-2017
100220;JM Aggressive Hybrid Fund (Regular) - IDCW;INF192K01528;INF192K01536;11.4446;11.4446;11.4446;14-Mar-2017
133404;JM Aggressive Hybrid Fund (Regular) - Monthly IDCW;INF192K01HL7;INF192K01HM5;29.7098;29.7098;29.7098;14-Mar-2017
133410;JM Aggressive Hybrid Fund (Regular) - Quarterly Bonus Option - Principal Units;INF192K01HX2;;41.9735;41.9735;41.9735;14-Mar-2017
133405;JM Aggressive Hybrid Fund (Regular) - Quarterly IDCW;INF192K01HP8;INF192K01HQ6;11.9157;11.9157;11.9157;14-Mar-2017
100221;JM Aggressive Hybrid Fund (Regular) -Growth Option;INF192K01544;;40.9176;40.9176;40.9176;14-Mar-2017

Kotak Mahindra Mutual Fund
119767;Kotak Aggressive Hybrid Fund - Direct Plan - IDCW - Payout & Reinvestment of Income Distribution cum  capital withdrawal option;INF174K01LL7;INF174K01LM5;17.348;17.175;17.348;14-Mar-2017
133035;Kotak Aggressive Hybrid Fund - Direct Plan -Growth;INF174K01F00;;22.964;22.734;22.964;14-Mar-2017
100286;Kotak Aggressive Hybrid Fund - Regular Plan - IDCW - Payout & Reinvestment of Income Distribution cum capital withdrawal option;INF174K01450;INF174K01443;16.306;16.143;16.306;14-Mar-2017
133036;Kotak Aggressive Hybrid Fund - Regular Plan -Growth;INF174K01E92;;21.874;21.655;21.874;14-Mar-2017

L&T Mutual Fund
133871;L&T Hybrid Equity Fund - Direct Plan - Annual IDCW;INF917K01TY5;INF917K01TX7;12.33;12.207;12.33;14-Mar-2017
119348;L&T Hybrid Equity Fund - Direct Plan -IDCW;INF917K01LD6;;20.216;20.014;20.216;14-Mar-2017
119347;L&T Hybrid Equity Fund - Direct Plan-Growth;INF917K01LE4;;23.525;23.29;23.525;14-Mar-2017
133870;L&T Hybrid Equity Fund - Regular Plan- Annual IDCW;INF917K01TW9;INF917K01TV1;12.056;11.935;12.056;14-Mar-2017
118191;L&T Hybrid Equity Fund- Regular Plan - Growth;INF917K01LB0;;22.578;22.352;22.578;14-Mar-2017
118192;L&T Hybrid Equity Fund- Regular Plan - IDCW;INF917K01KZ1;INF917K01LA2;18.775;18.587;18.775;14-Mar-2017

LIC Mutual Fund
120261;LIC MF Aggressive Hybrid Fund-Direct Plan-Growth;INF767K01ED0;;91.9960;91.0760;91.9960;14-Mar-2017
120260;LIC MF Aggressive Hybrid Fund-Direct Plan-IDCW;INF767K01EC2;INF767K01EE8;15.1243;14.9731;15.1243;14-Mar-2017
100323;LIC MF Aggressive Hybrid Fund-Regular Plan-Growth;INF767K01030;;89.3530;88.4595;89.3530;14-Mar-2017
100321;LIC MF Aggressive Hybrid Fund-Regular Plan-IDCW;INF767K01022;INF767K01014;14.7039;14.5569;14.7039;14-Mar-2017

Mirae Asset Mutual Fund
134813;Mirae Asset Aggressive Hybrid Fund - Direct Plan - Growth;INF769K01DH9;;12.150;11.907;12.150;14-Mar-2017
134814;Mirae Asset Aggressive Hybrid Fund - Direct Plan - IDCW;INF769K01DI7;INF769K01DJ5;11.913;11.675;11.913;14-Mar-2017
134815;Mirae Asset Aggressive Hybrid Fund - Regular Plan - Growth;INF769K01DE6;;11.783;11.547;11.783;14-Mar-2017
134816;Mirae Asset Aggressive Hybrid Fund - Regular Plan - IDCW;INF769K01DF3;INF769K01DG1;11.573;11.342;11.573;14-Mar-2017

Nippon India Mutual Fund
118794;Nippon India Aggressive Hybrid Fund  - Direct Plan Growth Plan;INF204K01B08;;48.9006;48.4116;48.9006;14-Mar-2017
118793;NIPPON INDIA AGGRESSIVE HYBRID FUND - DIRECT Plan - IDCW Option;INF204K01B16;INF204K01B24;20.4033;20.1993;20.4033;14-Mar-2017
139679;NIPPON INDIA AGGRESSIVE HYBRID FUND - DIRECT Plan - MONTHLY IDCW Option;INF204KB1BD7;INF204KB1BE5;10.6390;10.5326;10.6390;14-Mar-2017
122766;NIPPON INDIA AGGRESSIVE HYBRID FUND - DIRECT Plan - QUARTERLY IDCW Option;INF204K011R2;INF204K012R0;14.9784;14.8286;14.9784;14-Mar-2017
112936;Nippon India Aggressive Hybrid Fund - Growth Plan;INF204K01FW1;;46.8638;46.3952;46.8638;14-Mar-2017
112937;NIPPON INDIA AGGRESSIVE HYBRID FUND - IDCW Option;INF204K01FX9;INF204K01FY7;16.7451;16.5776;16.7451;14-Mar-2017
139680;NIPPON INDIA AGGRESSIVE HYBRID FUND - MONTHLY IDCW Option;INF204KB1BF2;INF204KB1BG0;10.5428;10.4374;10.5428;14-Mar-2017
122765;NIPPON INDIA AGGRESSIVE HYBRID FUND - QUARTERLY IDCW Option;INF204K013R8;INF204K014R6;14.8838;14.7350;14.8838;14-Mar-2017

PGIM India Mutual Fund
138387;PGIM India Aggressive Hybrid Equity Fund - Direct Plan - Dividend;INF663L01GY0;INF663L01GZ7;23.61;23.37;23.61;14-Mar-2017
138386;PGIM India Aggressive Hybrid Equity Fund - Direct Plan - Growth;INF663L01GX2;;64.4;63.76;64.4;14-Mar-2017
138381;PGIM India Aggressive Hybrid Equity Fund - Dividend Option;INF663L01HA8;INF663L01HB6;14.98;14.83;14.98;14-Mar-2017
138382;PGIM India Aggressive Hybrid Equity Fund - Growth Option;INF663L01HC4;;61.47;60.86;61.47;14-Mar-2017
138384;PGIM India Aggressive Hybrid Equity Fund Wealth Plan- Dividend Option;INF223J01309;;20.2;20;20.2;14-Mar-2017
138383;PGIM India Aggressive Hybrid Equity Fund Wealth Plan- Growth Option;INF223J01325;;27.8;27.52;27.8;14-Mar-2017
139820;PGIM India Aggressive Hybrid Equity Fund-Direct Plan-Monthly Dividend Option;INF663L01OA4;INF663L01OB2;23.55;23.31;23.55;14-Mar-2017
139823;PGIM India Aggressive Hybrid Equity Fund-Direct Plan-Quarterly Divdend Option;INF663L01OE6;INF663L01OF3;15.73;15.57;15.73;14-Mar-2017
139821;PGIM India Aggressive Hybrid Equity Fund-Monthly Dividend Option;INF663L01NY6;INF663L01NZ3;23.4;23.17;23.4;14-Mar-2017
139822;PGIM India Aggressive Hybrid Equity Fund-Quarterly Dividend Option;INF663L01OC0;INF663L01OD8;15.62;15.46;15.62;14-Mar-2017

Principal Mutual Fund
119484;Principal Hybrid Equity Fund- Direct Plan - Growth Option;INF173K01FE6;;63.03;62.40;63.03;14-Mar-2017
101266;Principal Hybrid Equity Fund- Monthly Income Distribution CUM Capital Withdrawal;INF173K01CI4;INF173K01CJ2;25.41;25.16;25.41;14-Mar-2017
119485;Principal Hybrid Equity Fund-Direct Plan - Monthly Income Distribution CUM Capital Withdrawal Option;INF173K01FB2;INF173K01FC0;28.40;28.12;28.40;14-Mar-2017
101265;Principal Hybrid Equity Fund-Growth;INF173K01CL8;;60.88;60.27;60.88;14-Mar-2017

quant Mutual Fund
101070;quant Aggressive Hybrid Fund - Growth Option - Regular Plan;INF966L01267;;112.3875;111.2636;112.3875;14-Mar-2017
120819;quant Aggressive Hybrid Fund-Growth Option-Direct Plan;INF966L01556;;112.8352;111.7068;112.8352;14-Mar-2017
101069;quant Aggressive Hybrid Fund-IDCW Option - Regular Plan;INF966L01242;INF966L01259;16.7661;16.5984;16.7661;14-Mar-2017
120818;quant Aggressive Hybrid Fund-IDCW Option-Direct Plan;INF966L01531;INF966L01549;16.9214;16.7522;16.9214;14-Mar-2017

SBI Mutual Fund
119609;SBI EQUITY HYBRID FUND - DIRECT PLAN - Growth;INF200K01RY0;;111.0749;109.9642;111.0749;14-Mar-2017
119604;SBI Equity Hybrid Fund - Direct Plan - Income Distribution cum Capital Withdrawal Option (IDCW);INF200K01RW4;INF200K01RX2;39.0101;38.62;39.0101;14-Mar-2017
101551;SBI Equity Hybrid Fund - Regular Plan - Income Distribution cum Capital Withdrawal Option (IDCW);INF200K01115;INF200K01123;27.2597;26.9871;27.2597;14-Mar-2017
102885;SBI EQUITY HYBRID FUND - REGULAR PLAN -Growth;INF200K01107;;107.0235;105.9533;107.0235;14-Mar-2017

Shriram Mutual Fund
125711;Shriram Aggressive Hybrid Fund- Direct Growth;INF680P01042;;14.4748;14.3301;14.4748;14-Mar-2017
125712;Shriram Aggressive Hybrid Fund- Direct- IDCW;INF680P01059;INF680P01067;11.5277;11.4124;11.5277;14-Mar-2017
125713;Shriram Aggressive Hybrid Fund- Regular Growth;INF680P01018;;14.2002;14.0582;14.2002;14-Mar-2017
125714;Shriram Aggressive Hybrid Fund- Regular-IDCW;INF680P01026;INF680P01034;11.3521;11.2386;11.3521;14-Mar-2017

Tata Mutual Fund
119053;Tata Hybrid Equity Fund -Direct Plan- Growth Option;INF277K01MN2;;192.7306;190.8033;192.7306;14-Mar-2017
119057;Tata Hybrid Equity Fund- Direct Plan - Monthly Payout of IDCW Option;INF277K01MO0;INF277K01MP7;68.2710;67.5883;68.2710;14-Mar-2017
119058;Tata Hybrid Equity Fund- Direct Plan - Periodic Payout of IDCW Option;INF277K01ML6;INF277K01MM4;75.7324;74.9751;75.7324;14-Mar-2017
100414;Tata Hybrid Equity Fund- Regular Plan - Growth Option;INF277K01303;;188.1141;186.2330;188.1141;14-Mar-2017
113134;Tata Hybrid Equity Fund- Regular Plan - Monthly Payout of IDCW Option;INF277K01CS2;INF277K01CW4;66.2973;65.6343;66.2973;14-Mar-2017
101222;Tata Hybrid Equity Fund- Regular Plan - Periodic Payout of IDCW Option;INF277K01DB6;INF277K01295;73.4338;72.6995;73.4338;14-Mar-2017

UTI Mutual Fund
120673;UTI Aggressive Hybrid Fund - Direct Plan - IDCW;INF789F01SI3;INF789F01SJ1;30.9058;30.9058;30.9058;14-Mar-2017
100684;UTI Aggressive Hybrid Fund - Regular Plan - Growth;INF789F01323;;149.4553;149.4553;149.4553;14-Mar-2017
100685;UTI Aggressive Hybrid Fund - Regular Plan - IDCW;INF789F01307;INF789F01315;30.334;30.334;30.334;14-Mar-2017
120674;UTI Aggressive Hybrid Fund -Direct Plan - Growth;INF789F01SK9;;151.8967;151.8967;151.8967;14-Mar-2017

Open Ended Schemes ( Hybrid Scheme - Dynamic Asset Allocation or Balanced Advantage )


Aditya Birla Sun Life Mutual Fund
131670;Aditya Birla Sun Life Balanced Advantage Fund - Direct Plan - Growth Option;INF084M01DJ5;;47.88;47.40;47.88;14-Mar-2017
131666;Aditya Birla Sun Life Balanced Advantage Fund - Regular Plan - Growth Option;INF084M01AB8;;46.50;46.04;46.50;14-Mar-2017
131671;Aditya Birla Sun Life Balanced Advantage Fund -DIRECT - IDCW;INF084M01DK3;INF084M01DL1;22.30;22.08;22.30;14-Mar-2017
131665;Aditya Birla Sun Life Balanced Advantage Fund -REGULAR - IDCW;INF084M01AC6;INF084M01AD4;21.61;21.39;21.61;14-Mar-2017

Bandhan Mutual Fund
131355;BANDHAN Balanced Advantage Fund Direct Plan Growth;INF194KA1UH1;;11.7592;11.7592;11.7592;14-Mar-2017
131356;BANDHAN Balanced Advantage Fund Direct Plan IDCW;INF194KA1UI9;INF194KA1UJ7;10.8554;10.8554;10.8554;14-Mar-2017
131357;BANDHAN Balanced Advantage Fund Regular Plan Growth;INF194KA1UE8;;11.4084;11.4084;11.4084;14-Mar-2017
131354;BANDHAN Balanced Advantage Fund Regular Plan IDCW;INF194KA1UF5;INF194KA1UG3;10.5476;10.5476;10.5476;14-Mar-2017

Bank of India Mutual Fund
127852;BANK OF INDIA BALANCED ADVANTAGE FUND  DIRECT PLAN IDCW;INF761K01BM0;INF761K01BN8;12.0752;12.0752;12.0752;14-Mar-2017
127851;BANK OF INDIA BALANCED ADVANTAGE FUND  REGULAR PLAN IDCW;INF761K01BP3;INF761K01BQ1;10.7582;10.7582;10.7582;14-Mar-2017
127850;BANK OF INDIA BALANCED ADVANTAGE FUND DIRECT PLAN  GROWTH;INF761K01BO6;;13.9700;13.9700;13.9700;14-Mar-2017
127849;BANK OF INDIA BALANCED ADVANTAGE FUND REGULAR PLAN  GROWTH;INF761K01BR9;;13.7924;13.7924;13.7924;14-Mar-2017

DSP Mutual Fund
126393;DSP Dynamic Asset Allocation Fund - Direct Plan - Growth;INF740K01K81;;13.6374;13.5010;13.6374;14-Mar-2017
126391;DSP Dynamic Asset Allocation Fund - Direct Plan - IDCW - Monthly;INF740K01K99;INF740K01L07;10.7373;10.6299;10.7373;14-Mar-2017
126394;DSP Dynamic Asset Allocation Fund - Regular Plan - Growth;INF740K01K57;;13.2929;13.1600;13.2929;14-Mar-2017
126392;DSP Dynamic Asset Allocation Fund - Regular Plan - IDCW - Monthly;INF740K01K65;INF740K01K73;10.5326;10.4273;10.5326;14-Mar-2017

Edelweiss Mutual Fund
118614;Edelweiss Balanced Advantage Fund - Direct Plan - Quarterly - IDCW Option;INF754K01BP8;INF754K01BQ6;14.33;14.19;14.33;14-Mar-2017
112117;Edelweiss Balanced Advantage Fund - Regular Plan - Growth Option;INF754K01285;;19.72;19.52;19.72;14-Mar-2017
112118;Edelweiss Balanced Advantage Fund - Regular Plan - Quarterly - IDCW Option;INF754K01251;INF754K01269;12.66;12.53;12.66;14-Mar-2017
118615;Edelweiss Balanced Advantage Fund -Direct Plan-Growth Option;INF754K01BS2;;20.19;19.99;20.19;14-Mar-2017

HDFC Mutual Fund
100119;HDFC Balanced Advantage Fund - Growth Plan;INF179K01830;;156.269;154.706;156.269;14-Mar-2017
118968;HDFC Balanced Advantage Fund - Growth Plan - Direct Plan;INF179K01WA6;;159.736;158.139;159.736;14-Mar-2017
100120;HDFC Balanced Advantage Fund - IDCW Plan;INF179K01814;INF179K01822;28.994;28.704;28.994;14-Mar-2017
118969;HDFC Balanced Advantage Fund - IDCW Plan - Direct Plan;INF179K01VY8;INF179K01VZ5;29.815;29.517;29.815;14-Mar-2017

HSBC Mutual Fund
106671;HSBC Dynamic Asset Allocation Fund - Dividend;INF336L01404;INF336L01396;15.3814;15.3814;15.3814;14-Mar-2017
106670;HSBC Dynamic Asset Allocation Fund - Growth;INF336L01412;;15.3814;15.3814;15.3814;14-Mar-2017
120041;HSBC Dynamic Asset Allocation Fund-Dividend Direct;INF336L01CE4;INF336L01CF1;15.8496;15.8496;15.8496;14-Mar-2017
120042;HSBC Dynamic Asset Allocation Fund-Growth Direct;INF336L01CG9;;15.8496;15.8496;15.8496;14-Mar-2017

ICICI Prudential Mutual Fund
120377;ICICI Prudential Balanced Advantage Fund - Direct Plan -  Growth;INF109K012B0;;31.24;30.93;31.24;14-Mar-2017
120376;ICICI Prudential Balanced Advantage Fund - Direct Plan -  IDCW;INF109K010B4;INF109K011B2;18.89;18.70;18.89;14-Mar-2017
122236;ICICI Prudential Balanced Advantage Fund - Direct Plan - Monthly IDCW;INF109K016W7;INF109K015W9;14.83;14.68;14.83;14-Mar-2017
131451;ICICI Prudential Balanced Advantage Fund - Direct Plan - Quarterly IDCW;INF109KA1Y50;INF109KA1Y43;12.27;12.15;12.27;14-Mar-2017
104685;ICICI Prudential Balanced Advantage Fund - Growth;INF109K01BH2;;29.81;29.51;29.81;14-Mar-2017
104686;ICICI Prudential Balanced Advantage Fund - IDCW;INF109K01EG8;INF109K01BG4;15.87;15.71;15.87;14-Mar-2017
122168;ICICI Prudential Balanced Advantage Fund - Monthly IDCW;INF109K018W3;INF109K017W5;14.09;13.95;14.09;14-Mar-2017
131450;ICICI Prudential Balanced Advantage Fund - Quarterly IDCW;INF109KA1Y35;INF109KA1Y27;11.81;11.69;11.81;14-Mar-2017

Invesco Mutual Fund
120333;Invesco India Balanced Advantage Fund - Direct Plan - Growth;INF205K01LN5;;25.77;25.51;25.77;14-Mar-2017
120332;Invesco India Balanced Advantage Fund - Direct Plan - IDCW (Payout / Reinvestment);INF205K01LL9;INF205K01LM7;19.39;19.20;19.39;14-Mar-2017
106317;Invesco India Balanced Advantage Fund - Growth;INF205K01213;;24.27;24.03;24.27;14-Mar-2017
106316;Invesco India Balanced Advantage Fund - IDCW (Payout / Reinvestment);INF205K01239;INF205K01221;18.95;18.76;18.95;14-Mar-2017

L&T Mutual Fund
119298;L&T Balanced Advantage Fund-Direct Plan-Growth;INF917K01IN1;;22.063;21.842;22.063;14-Mar-2017
119297;L&T Balanced Advantage Fund-Direct Plan-IDCW;INF917K01IM3;INF917K01IL5;18.948;18.759;18.948;14-Mar-2017
118194;L&T Balanced Advantage Fund-Regular Plan-Growth;INF917K01KY4;;21.175;20.963;21.175;14-Mar-2017
118193;L&T Balanced Advantage Fund-Regular Plan-IDCW;INF917K01KW8;INF917K01KX6;18.105;17.924;18.105;14-Mar-2017

Motilal Oswal Mutual Fund
139872;Motilal Oswal Balanced Advantage Fund  (MOFDYNAMIC) - Direct Plan - Growth Option;INF247L01635;;10.5113;10.5113;10.5113;14-Mar-2017
139863;Motilal Oswal Balanced Advantage Fund (MOFDYNAMIC) - Regular Plan - Annual Dividend Payout Option;INF247L01601;INF247L01627;10.4472;10.4472;10.4472;14-Mar-2017
139870;Motilal Oswal Balanced Advantage Fund (MOFDYNAMIC) - Regular Plan - Growth Option;INF247L01585;;10.4472;10.4472;10.4472;14-Mar-2017
139866;Motilal Oswal Balanced Advantage Fund Direct - Annual IDCW Payout/Reinvestment;INF247L01650;INF247L01676;10.5113;10.5113;10.5113;14-Mar-2017
139865;Motilal Oswal Balanced Advantage Fund Direct - Quarterly IDCW Payout/Reinvestment;INF247L01643;INF247L01668;10.5113;10.5113;10.5113;14-Mar-2017
139871;Motilal Oswal Balanced Advantage Fund Regular - Quarterly IDCW Payout/Reinvestment;INF247L01593;INF247L01619;10.4472;10.4472;10.4472;14-Mar-2017

Principal Mutual Fund
119482;Principal Balanced Advantage Fund - Direct Plan - Growth Option;INF173K01FI7;;19.07;18.88;19.07;14-Mar-2017
119483;Principal Balanced Advantage Fund - Direct Plan - Monthly Income Distribution CUM Capital Withdrawal Option;INF173K01FF3;INF173K01FG1;16.86;16.69;16.86;14-Mar-2017
114301;Principal Balanced Advantage Fund - Growth Option;INF173K01585;;18.37;18.19;18.37;14-Mar-2017
114302;Principal Balanced Advantage Fund - Monthly Income Distribution CUM Capital Withdrawal Option;INF173K01551;INF173K01569;15.56;15.40;15.56;14-Mar-2017

SBI Mutual Fund
134110;SBI Dynamic Asset Allocation Fund - Direct Plan - Growth;INF200KA1671;;11.3303;11.217;11.3303;14-Mar-2017
134109;SBI Dynamic Asset Allocation Fund - Regular Plan - Growth;INF200KA1648;;11.2534;11.1409;11.2534;14-Mar-2017
134111;SBI Dynamic Asset Allocation Fund- Direct Plan - Income Distribution cum Capital Withdrawal Option (IDCW);INF200KA1689;INF200KA1697;11.3297;11.2164;11.3297;14-Mar-2017
134108;SBI Dynamic Asset Allocation Fund- Regular Plan - Income Distribution cum Capital Withdrawal Option (IDCW);INF200KA1655;INF200KA1663;11.2534;11.1409;11.2534;14-Mar-2017

UTI Mutual Fund
100646;UTI - Unit Linked Insurance Plan;;;22.0855;22.0855;22.0855;14-Mar-2017
120784;UTI - Unit Linked Insurance Plan- Direct;;;22.5749;22.5749;22.5749;14-Mar-2017

Open Ended Schemes ( Hybrid Scheme - Multi Asset Allocation )


Axis Mutual Fund
120524;Axis Multi Asset Allocation Fund - Direct Plan - Growth Option;INF846K01EV4;;17.0989;16.9279;17.0989;14-Mar-2017
120523;Axis Multi Asset Allocation Fund - Direct Plan - Monthly IDCW;INF846K01ET8;INF846K01EU6;14.7267;14.5794;14.7267;14-Mar-2017
113064;Axis Multi Asset Allocation Fund - Regular Plan - Growth Option;INF846K01768;;16.4151;16.2509;16.4151;14-Mar-2017
113065;Axis Multi Asset Allocation Fund - Regular Plan - Monthly IDCW;INF846K01776;INF846K01784;13.3882;13.2543;13.3882;14-Mar-2017

HDFC Mutual Fund
103131;HDFC Multi-Asset Fund - Growth Option;INF179K01AP0;;28.6998;28.4128;28.6998;14-Mar-2017
119131;HDFC Multi-Asset Fund - Growth Option - Direct Plan;INF179K01XW8;;29.4117;29.1176;29.4117;14-Mar-2017
103130;HDFC Multi-Asset Fund - IDCW Option;INF179K01AN5;INF179K01AO3;11.2450;11.1326;11.2450;14-Mar-2017
119130;HDFC Multi-Asset Fund - IDCW Option - Direct Plan;INF179K01XU2;INF179K01XV0;12.0630;11.9424;12.0630;14-Mar-2017

ICICI Prudential Mutual Fund
120334;ICICI Prudential Multi-Asset Fund - Direct Plan - Growth;INF109K015K4;;234.7000;232.3530;234.7000;14-Mar-2017
120335;ICICI Prudential Multi-Asset Fund - Direct Plan - IDCW;INF109K013K9;INF109K014K7;26.3039;26.0409;26.3039;14-Mar-2017
101144;ICICI Prudential Multi-Asset Fund - Growth;INF109K01761;;227.3171;225.0439;227.3171;14-Mar-2017
101143;ICICI Prudential Multi-Asset Fund - IDCW;INF109K01ED5;INF109K01779;23.1130;22.8819;23.1130;14-Mar-2017
115269;ICICI Prudential Multi-Asset Fund- Institutional Growth Option;INF109K01TN2;;22.1354;21.9140;22.1354;14-Mar-2017
104898;ICICI Prudential Multi-Asset Fund-Institutional Option - I;INF109K01787;;37.6562;37.2796;37.6562;14-Mar-2017

Navi Mutual Fund
119174;Navi 3 IN 1 FUND - Direct Plan Monthly IDCW Payout;INF959L01551;INF959L01569;15.3679;15.3679;15.3679;14-Mar-2017
119175;Navi 3 IN 1 FUND - Direct Plan Quarterly IDCW Payout;INF959L01577;INF959L01585;15.7831;15.7831;15.7831;14-Mar-2017
114854;Navi 3 IN 1 FUND - MONTHLY IDCW Payout;INF959L01023;INF959L01049;16.0181;16.0181;16.0181;14-Mar-2017
115101;Navi 3 IN 1 FUND - QUARTERLY IDCW Payout;INF959L01031;INF959L01056;15.2963;15.2963;15.2963;14-Mar-2017
119176;Navi 3 in 1 Fund-Direct Plan-Growth Option;INF959L01544;;16.8296;16.8296;16.8296;14-Mar-2017
114855;Navi 3 in 1 Fund-Growth;INF959L01015;;16.0162;16.0162;16.0162;14-Mar-2017

quant Mutual Fund
120820;quant Multi Asset Allocation Fund - IDCW Option - Direct Plan;INF966L01564;INF966L01572;30.4181;30.2660;30.4181;14-Mar-2017
101071;quant Multi Asset Allocation Fund - IDCW Option - Regular Plan;INF966L01184;INF966L01192;30.4181;30.2660;30.4181;14-Mar-2017
101072;quant Multi Asset Allocation Fund-GROWTH OPTION - Regular Plan;INF966L01200;;33.2289;33.0628;33.2289;14-Mar-2017
120821;quant Multi Asset Allocation Fund-GROWTH OPTION-Direct Plan;INF966L01580;;33.2289;33.0628;33.2289;14-Mar-2017

SBI Mutual Fund
119840;SBI Multi Asset Allocation Fund - Direct Plan - Annual Income Distribution cum Capital Withdrawal Option (IDCW);INF200K01TX8;INF200K01TY6;16.2707;16.108;16.2707;14-Mar-2017
119843;SBI MULTI ASSET ALLOCATION FUND - DIRECT PLAN - GROWTH;INF200K01TZ3;;24.6343;24.388;24.6343;14-Mar-2017
119841;SBI Multi Asset Allocation Fund - Direct Plan - Monthly Income Distribution cum Capital Withdrawal Option (IDCW);INF200K01UA4;INF200K01UB2;12.6381;12.5117;12.6381;14-Mar-2017
119842;SBI Multi Asset Allocation Fund - Direct Plan - Quarterly Income Distribution cum Capital Withdrawal Option (IDCW);INF200K01UC0;INF200K01UD8;13.6373;13.5009;13.6373;14-Mar-2017
103409;SBI Multi Asset Allocation Fund - Regular Plan - Annual Income Distribution cum Capital Withdrawal Option (IDCW);INF200K01784;INF200K01792;15.773;15.6153;15.773;14-Mar-2017
103408;SBI MULTI ASSET ALLOCATION FUND - REGULAR PLAN - GROWTH;INF200K01800;;23.9169;23.6777;23.9169;14-Mar-2017
103400;SBI Multi Asset Allocation Fund - Regular Plan - Monthly Income Distribution cum Capital Withdrawal Option (IDCW);INF200K01818;INF200K01826;12.2943;12.1714;12.2943;14-Mar-2017
103401;SBI Multi Asset Allocation Fund - Regular Plan - Quarterly Income Distribution cum Capital Withdrawal Option (IDCW);INF200K01834;INF200K01842;12.6281;12.5018;12.6281;14-Mar-2017

Sundaram Mutual Fund
119573;Sundaram Multi Asset Fund Direct Dividend;INF903J01NO1;INF903J01NP8;11.7763;11.6585;11.7763;14-Mar-2017
119572;Sundaram Multi Asset Fund Direct Growth;INF903J01NQ6;;14.4773;14.3325;14.4773;14-Mar-2017
115242;Sundaram Multi Asset Fund Dividend Payout;INF903J01CL0;INF903J01CM8;11.4200;11.3058;11.4200;14-Mar-2017
115241;Sundaram Multi Asset Fund Growth;INF903J01CK2;;14.0718;13.9311;14.0718;14-Mar-2017

Union Mutual Fund
119328;Union Asset Allocation Fund - Direct Plan - Dividend Option;INF582M01948;INF582M01930;14.4320;14.3598;14.4320;14-Mar-2017
119327;Union Asset Allocation Fund - Direct Plan - Growth Option;INF582M01922;;14.4320;14.3598;14.4320;14-Mar-2017
117394;Union Asset Allocation Fund - Dividend Option;INF582M01484;INF582M01476;14.0428;13.9726;14.0428;14-Mar-2017
117393;Union Asset Allocation Fund - Growth Option;INF582M01468;;14.0428;13.9726;14.0428;14-Mar-2017

UTI Mutual Fund
120760;UTI Multi Asset Allocation Fund - Direct Plan - Growth Option;INF789F01VE6;;31.4021;31.4021;31.4021;14-Mar-2017
120761;UTI Multi Asset Allocation Fund - Direct Plan - IDCW;INF789F01VC0;INF789F01VD8;18.7052;18.7052;18.7052;14-Mar-2017
111599;UTI Multi Asset Allocation Fund - Regular Plan - Growth Option;INF789F01AP6;;30.574;30.574;30.574;14-Mar-2017
111602;UTI Multi Asset Allocation Fund - Regular Plan - IDCW;INF789F01AN1;INF789F01AO9;18.1433;18.1433;18.1433;14-Mar-2017

Open Ended Schemes ( Hybrid Scheme - Arbitrage Fund )


Aditya Birla Sun Life Mutual Fund
119526;Aditya Birla Sun Life Arbitrage Fund - Growth - Direct Plan;INF209K01VP1;;17.1868;17.1009;17.1868;14-Mar-2017
112088;Aditya BIRLA SUN LIFE ARBITRAGE FUND - REGULAR PLAN - GROWTH;INF209K01264;;16.8318;16.7476;16.8318;14-Mar-2017
119525;Aditya Birla Sun Life Arbitrage Fund-DIRECT - IDCW;INF209K01P80;INF209K01VQ9;11.0537;10.9984;11.0537;14-Mar-2017
112087;Aditya Birla Sun Life Arbitrage Fund-Regular - IDCW;INF209K01256;INF209K01CI6;10.8530;10.7987;10.8530;14-Mar-2017

Axis Mutual Fund
130773;Axis Arbitrage Fund - Direct Plan - Growth;INF846K01PZ1;;12.1525;12.1221;12.1525;14-Mar-2017
130774;Axis Arbitrage Fund - Direct Plan - Monthly IDCW;INF846K01QA2;INF846K01QB0;10.8439;10.8168;10.8439;14-Mar-2017
130771;Axis Arbitrage Fund - Regular Plan - Growth;INF846K01QC8;;11.8912;11.8615;11.8912;14-Mar-2017
130776;Axis Arbitrage Fund - Regular Plan - Monthly IDCW;INF846K01QD6;INF846K01QE4;10.4994;10.4732;10.4994;14-Mar-2017

Bandhan Mutual Fund
133680;BANDHAN Arbitrage Fund - Regular Plan - Annual IDCW;INF194KA1YD2;INF194KA1YE0;11.4430;11.4430;11.4430;14-Mar-2017
108845;BANDHAN Arbitrage Fund - Regular Plan - Growth;INF194K01649;;20.6538;20.6538;20.6538;14-Mar-2017
108847;BANDHAN Arbitrage Fund - Regular Plan - Monthly IDCW;INF194K01656;INF194K01664;12.6585;12.6585;12.6585;14-Mar-2017
118474;BANDHAN Arbitrage Fund-Direct Plan- Growth;INF194K01Y60;;21.0958;21.0958;21.0958;14-Mar-2017
133679;BANDHAN Arbitrage Fund-Direct Plan-Annual IDCW;INF194KA1YG5;INF194KA1YH3;11.5735;11.5735;11.5735;14-Mar-2017
118475;BANDHAN Arbitrage Fund-Direct Plan-Monthly IDCW;INF194K01Y78;INF194K01Y86;13.0234;13.0234;13.0234;14-Mar-2017

BNP Paribas Mutual Fund
140387;BNP PARIBAS ARBITRAGE FUND -DIRECT PLAN - ADHOC Income Distribution cum Capital Withdrawal OPTION;INF251K01OV6;INF251K01OU8;10.1560;10.1560;10.1560;14-Mar-2017
140385;BNP PARIBAS ARBITRAGE FUND- REGULAR PLAN- GROWTH OPTION;INF251K01ON3;;10.1440;10.1440;10.1440;14-Mar-2017
140386;BNP PARIBAS ARBITRAGE FUND-DIRECT PLAN-GROWTH OPTION;INF251K01OT0;;10.1560;10.1560;10.1560;14-Mar-2017
140388;BNP PARIBAS ARBITRAGE FUND-REGULAR PLAN- ADHOC Income Distribution cum Capital Withdrawal OPTION;INF251K01OP8;INF251K01OO1;10.1440;10.1440;10.1440;14-Mar-2017

Edelweiss Mutual Fund
130209;Edelweiss Arbitrage Fund - Direct Plan - IDCW Option;INF754K01EB2;INF754K01EC0;10.5701;10.5437;10.5701;14-Mar-2017
130207;Edelweiss Arbitrage Fund - Regular Plan - IDCW Option;INF754K01EG1;INF754K01EH9;10.4757;10.4495;10.4757;14-Mar-2017
130206;Edelweiss Arbitrage Fund- Direct Plan- Growth Option;INF754K01EA4;;12.3215;12.2907;12.3215;14-Mar-2017
130208;Edelweiss Arbitrage Fund- Regular Plan -Bonus Option;INF754K01EJ5;;12.163;12.1326;12.163;14-Mar-2017
130205;Edelweiss Arbitrage Fund- Regular Plan- Growth Option;INF754K01EF3;;12.1629;12.1325;12.1629;14-Mar-2017

Groww Mutual Fund
133181;Groww Arbitrage Fund (formerly known as Indiabulls Arbitrage Fund) - Direct Plan - Growth Option;INF666M01AW8;;11.9120;11.8822;11.9120;14-Mar-2017
140805;Groww Arbitrage Fund (formerly known as Indiabulls Arbitrage Fund) - Direct Plan- Half Yearly - Income Distribution cum capital withdrawal Option (Payout & Reinvestment);INF666M01CE2;INF666M01CF9;10.0207;9.9956;10.0207;14-Mar-2017
133184;Groww Arbitrage Fund (formerly known as Indiabulls Arbitrage Fund) - Regular Plan - Growth Option;INF666M01BA2;;11.7343;11.7050;11.7343;14-Mar-2017
140801;Groww Arbitrage Fund (formerly known as Indiabulls Arbitrage Fund)- Direct Plan- Monthly - Income Distribution cum capital withdrawal Option (Payout & Reinvestment);INF666M01AX6;INF666M01AY4;10.6013;10.5748;10.6013;14-Mar-2017
140806;Groww Arbitrage Fund (formerly known as Indiabulls Arbitrage Fund)- Regular Plan- Half Yearly - Income Distribution cum capital withdrawal Option (Payout & Reinvestment);INF666M01CK9;INF666M01CL7;10.0180;9.9930;10.0180;14-Mar-2017
140802;Groww Arbitrage Fund (formerly known as Indiabulls Arbitrage Fund)- Regular Plan- Monthly - Income Distribution cum capital withdrawal Option (Payout & Reinvestment);INF666M01BB0;INF666M01BC8;10.4401;10.4140;10.4401;14-Mar-2017
140804;Groww Arbitrage Fund (formerly known as Indiabulls Arbitrage Fund)- Regular Plan- Quarterly - Income Distribution cum capital withdrawal Option (Payout & Reinvestment);INF666M01CG7;INF666M01CH5;10.0190;9.9940;10.0190;14-Mar-2017
140808;Groww Arbitrage Fund (formerly known as Indiabulls Arbitrage Fund)- Regular Plan- Yearly - Income Distribution cum capital withdrawal Option (Payout & Reinvestment);INF666M01CI3;INF666M01CJ1;10.0190;9.9940;10.0190;14-Mar-2017

HDFC Mutual Fund
118931;HDFC ARBITRAGE FUND - Growth Option - Direct Plan;INF179K01UU8;;19.606;19.557;19.606;14-Mar-2017
118930;HDFC ARBITRAGE FUND - Quarterly IDCW Option - Direct Plan;INF179K01UV6;INF179K01UW4;14.856;14.819;14.856;14-Mar-2017
106796;HDFC ARBITRAGE FUND - Retail Growth Option;INF179K01319;;19.261;19.213;19.261;14-Mar-2017
106799;HDFC ARBITRAGE FUND - Retail IDCW Option;;;14.303;14.267;14.303;14-Mar-2017
106797;HDFC ARBITRAGE FUND - Retail Quarterly IDCW Option;INF179K01327;;13.689;13.655;13.689;14-Mar-2017
106793;HDFC ARBITRAGE FUND - Wholesale Growth Option;INF179K01343;;19.628;19.579;19.628;14-Mar-2017
129052;HDFC ARBITRAGE FUND - Wholesale Growth Option - Direct Plan;INF179KA1KT6;;12.367;12.336;12.367;14-Mar-2017
106795;HDFC ARBITRAGE FUND - Wholesale IDCW Option;INF179KA1KM1;INF179KA1KL3;10.533;10.507;10.533;14-Mar-2017
129053;HDFC ARBITRAGE FUND - Wholesale IDCW Option - Direct Plan;INF179KA1KQ2;INF179KA1KP4;10.759;10.732;10.759;14-Mar-2017
129054;HDFC ARBITRAGE FUND - Wholesale Monthly IDCW - Direct Plan;INF179KA1KS8;INF179KA1KR0;10.512;10.486;10.512;14-Mar-2017
129051;HDFC ARBITRAGE FUND - Wholesale Monthly IDCW Option  ;INF179KA1KO7;INF179KA1KN9;10.906;10.879;10.906;14-Mar-2017

ICICI Prudential Mutual Fund
104684;ICICI Prudential Equity - Arbitrage Fund-Institutional Growth Option;INF109K01BD1;;21.9296;21.8200;21.9296;14-Mar-2017
120364;ICICI Prudential Equity Arbitrage Fund - Direct Plan - Growth;INF109K016O4;;22.1547;22.0439;22.1547;14-Mar-2017
120365;ICICI Prudential Equity Arbitrage Fund - Direct Plan - IDCW;INF109K017O2;INF109K015O6;14.5274;14.4548;14.5274;14-Mar-2017
130951;ICICI Prudential Equity Arbitrage Fund - Direct Plan Bonus;INF109KA1C07;;12.0540;11.9937;12.0540;14-Mar-2017
104683;ICICI Prudential Equity Arbitrage Fund - Growth;INF109K01BF6;;21.6697;21.5614;21.6697;14-Mar-2017
104681;ICICI Prudential Equity Arbitrage Fund - IDCW;INF109K01EF0;INF109K01BE9;13.7646;13.6958;13.7646;14-Mar-2017

Invesco Mutual Fund
130788;Invesco India Arbitrage Fund - Annual Bonus;INF205K01P50;;20.0824;19.9820;20.0824;14-Mar-2017
122785;Invesco India Arbitrage Fund - Bonus Option;INF205K01VF0;;13.3883;13.3214;13.3883;14-Mar-2017
130787;Invesco India Arbitrage Fund - Direct Plan - Annual Bonus;INF205K01P68;;20.5794;20.4765;20.5794;14-Mar-2017
122784;Invesco India Arbitrage Fund - Direct Plan - Bonus Option;INF205K01VO2;;13.7195;13.6509;13.7195;14-Mar-2017
120401;Invesco India Arbitrage Fund - Direct Plan - Growth Option;INF205K01KR8;;20.5798;20.4769;20.5798;14-Mar-2017
120400;Invesco India Arbitrage Fund - Direct Plan - IDCW (Payout / Reinvestment);INF205K01KP2;INF205K01KQ0;13.2830;13.2166;13.2830;14-Mar-2017
105603;Invesco India Arbitrage Fund - Growth Option;INF205K01122;;20.0814;19.9810;20.0814;14-Mar-2017
105604;Invesco India Arbitrage Fund - IDCW (Payout / Reinvestment);INF205K01148;INF205K01130;12.8459;12.7817;12.8459;14-Mar-2017

JM Financial Mutual Fund
133395;JM Arbitrage Fund (Direct) - Annual Bonus Option - Principal Units;INF192K01GX4;;11.4786;11.4212;11.4786;14-Mar-2017
135173;JM Arbitrage Fund (Direct) - Annual IDCW;INF192K01KY4;INF192K01KZ1;10.1700;10.1192;10.1700;14-Mar-2017
130604;JM Arbitrage Fund (Direct) - Bonus Option - Principal Units;INF192K01GL9;;11.9592;11.8994;11.9592;14-Mar-2017
120482;JM Arbitrage Fund (Direct) - Growth Option;INF192K01BN6;;22.3509;22.2391;22.3509;14-Mar-2017
133397;JM Arbitrage Fund (Direct) - Half Yearly Bonus Option - Principal Units;INF192K01ID2;;22.3850;22.2731;22.3850;14-Mar-2017
135171;JM Arbitrage Fund (Direct) - Half Yearly IDCW;INF192K01KU2;INF192K01KV0;10.3848;10.3329;10.3848;14-Mar-2017
135172;JM Arbitrage Fund (Direct) - Monthly IDCW;INF192K01KM9;INF192K01KN7;12.0168;11.9567;12.0168;14-Mar-2017
133398;JM Arbitrage Fund (Direct) - Quarterly Bonus Option - Principal Units;INF192K01IH3;;22.3914;22.2794;22.3914;14-Mar-2017
135174;JM Arbitrage Fund (Direct) - Quarterly IDCW;INF192K01KQ0;INF192K01KR8;10.6676;10.6143;10.6676;14-Mar-2017
120481;JM Arbitrage Fund (Direct)- IDCW;INF192K01BL0;INF192K01BM8;10.9417;10.8870;10.9417;14-Mar-2017
133394;JM Arbitrage Fund (Regular) - Annual Bonus Option - Principal Units;INF192K01GV8;;22.0833;21.9729;22.0833;14-Mar-2017
135167;JM Arbitrage Fund (Regular) - Annual IDCW;INF192K01KW8;INF192K01KX6;11.7038;11.6453;11.7038;14-Mar-2017
130603;JM Arbitrage Fund (Regular) - Bonus Option - Principal Units;INF192K01GJ3;;11.8891;11.8297;11.8891;14-Mar-2017
103780;JM Arbitrage Fund (Regular) - Growth Option;INF192K01510;;21.8686;21.7593;21.8686;14-Mar-2017
133399;JM Arbitrage Fund (Regular) - Half Yearly Bonus Option - Principal Units;INF192K01IB6;;22.1208;22.0102;22.1208;14-Mar-2017
135170;JM Arbitrage Fund (Regular) - Half Yearly IDCW;INF192K01KS6;INF192K01KT4;11.6735;11.6151;11.6735;14-Mar-2017
103781;JM Arbitrage Fund (Regular) - IDCW ;INF192K01494;INF192K01502;10.5614;10.5086;10.5614;14-Mar-2017
135168;JM Arbitrage Fund (Regular) - Monthly IDCW;INF192K01KK3;INF192K01KL1;11.6402;11.5820;11.6402;14-Mar-2017
133396;JM Arbitrage Fund (Regular) - Quarterly Bonus Option - Principal Units;INF192K01IF7;;22.1208;22.0102;22.1208;14-Mar-2017
135169;JM Arbitrage Fund (Regular) - Quarterly IDCW;INF192K01KO5;INF192K01KP2;11.6912;11.6327;11.6912;14-Mar-2017

Kotak Mahindra Mutual Fund
119770;Kotak  Arbitrage Fund - Direct Plan - IDCW -Payout &  Reinvestment of Income Distribution cum capital withdrawal option;INF174K01LE2;INF174K01LD4;10.9129;10.8856;10.9129;14-Mar-2017
140413;Kotak  Arbitrage Fund -Fortnightly - Payout of Income Distribution cum capital withdrawal option- Direct;INF174K013K9;INF174K015K4;23.8341;23.7745;23.8341;14-Mar-2017
133034;Kotak  Arbitrage Fund -Payout of Income Distribution cum capital withdrawal option Bimonthly;INF174K01F18;INF174K01F34;20.1098;20.0595;20.1098;14-Mar-2017
133033;Kotak Arbitrage Fund -  Payout of Income Distribution cum capital withdrawal option-Bimonthly Direct;INF174K01F26;INF174K01F42;20.3152;20.2644;20.3152;14-Mar-2017
119771;Kotak Arbitrage Fund - Direct Plan - Growth;INF174K01LC6;;23.8363;23.7767;23.8363;14-Mar-2017
140414;Kotak Arbitrage Fund - Fortnightly -Payout of Income Distribution cum capital withdrawal option Regular;INF174K012K1;INF174K014K7;23.3422;23.2838;23.3422;14-Mar-2017
105968;Kotak Arbitrage Fund - Regular Plan - Growth;INF174K01302;;23.3427;23.2843;23.3427;14-Mar-2017
105967;Kotak Arbitrage Fund - Regular Plan - IDCW - Payout & Re-investment of Income Distribution cum capital withdrawal option;INF174K01328;INF174K01310;10.7632;10.7363;10.7632;14-Mar-2017

L&T Mutual Fund
130453;L&T Arbitrage Opportunities Fund - Direct Plan - Bonus;INF917K01QW5;;12.214;12.153;12.214;14-Mar-2017
130450;L&T Arbitrage Opportunities Fund - Direct Plan - Growth;INF917K01QR5;;12.214;12.153;12.214;14-Mar-2017
130447;L&T Arbitrage Opportunities Fund - Direct Plan - Monthly IDCW;INF917K01QT1;INF917K01QS3;10.282;10.231;10.282;14-Mar-2017
130448;L&T Arbitrage Opportunities Fund - Direct Plan - Quarterly IDCW;INF917K01QV7;INF917K01QU9;10.659;10.606;10.659;14-Mar-2017
130451;L&T Arbitrage Opportunities Fund - Regular Plan - Bonus;INF917K01QQ7;;12.015;11.955;12.015;14-Mar-2017
130446;L&T Arbitrage Opportunities Fund - Regular Plan - Growth;INF917K01QL8;;12.015;11.955;12.015;14-Mar-2017
130452;L&T Arbitrage Opportunities Fund - Regular Plan - Monthly IDCW;INF917K01QN4;INF917K01QM6;10.151;10.1;10.151;14-Mar-2017
130449;L&T Arbitrage Opportunities Fund - Regular Plan - Quarterly IDCW;INF917K01QP9;INF917K01QO2;10.498;10.446;10.498;14-Mar-2017

Nippon India Mutual Fund
118587;NIPPON INDIA ARBITRAGE FUND - DIRECT Plan - IDCW Option;INF204K01YA8;INF204K01YB6;12.5446;12.5132;12.5446;14-Mar-2017
128821;NIPPON INDIA ARBITRAGE FUND - DIRECT Plan - MONTHLY IDCW Option;INF204KA1MV7;INF204KA1MW5;10.7493;10.7224;10.7493;14-Mar-2017
118585;Nippon India Arbitrage Fund - Direct Plan Growth Plan - Growth Option;INF204K01XZ7;;17.0578;17.0152;17.0578;14-Mar-2017
113345;Nippon India Arbitrage Fund - Growth Plan - Growth Option;INF204K01IY1;;16.7182;16.6764;16.7182;14-Mar-2017
113346;NIPPON INDIA ARBITRAGE FUND - IDCW Option;INF204K01IZ8;INF204K01JA9;12.0832;12.0530;12.0832;14-Mar-2017
128820;NIPPON INDIA ARBITRAGE FUND - MONTHLY IDCW Option;INF204KA1MT1;INF204KA1MU9;10.5544;10.5280;10.5544;14-Mar-2017

PGIM India Mutual Fund
138880;PGIM India Arbitrage Fund - Direct Plan - Annual Dividend;INF223J012N9;;11.0122;10.9571;11.0122;14-Mar-2017
138875;PGIM India Arbitrage Fund - Direct Plan - Growth;INF223J013N7;;12.0603;12;12.0603;14-Mar-2017
138878;PGIM India Arbitrage Fund - Direct Plan - Monthly Dividend;INF223J011N1;INF223J016N0;10.6571;10.6038;10.6571;14-Mar-2017
138879;PGIM India Arbitrage Fund - Direct Plan - Quarterly Dividend;INF223J010N3;INF223J015N2;10.9049;10.8504;10.9049;14-Mar-2017
138877;PGIM India Arbitrage Fund - Direct Plan - Regular Dividend;INF223J019M6;INF223J014N5;11.4896;11.4322;11.4896;14-Mar-2017
138885;PGIM India Arbitrage Fund - Regular Plan - Annual Dividend;INF223J012M1;INF223J016M2;10.8518;10.7975;10.8518;14-Mar-2017
138876;PGIM India Arbitrage Fund - Regular Plan - Growth;INF223J019N4;;11.8925;11.833;11.8925;14-Mar-2017
138883;PGIM India Arbitrage Fund - Regular Plan - Monthly Dividend;INF223J011M3;INF223J015M4;10.5507;10.4979;10.5507;14-Mar-2017
138884;PGIM India Arbitrage Fund - Regular Plan - Quarterly Dividend;INF223J010M5;INF223J014M7;10.7803;10.7264;10.7803;14-Mar-2017
138887;PGIM India Arbitrage Fund - Regular Plan - Regular Dividend;INF223J019L8;INF223J013M9;11.2558;11.1995;11.2558;14-Mar-2017

Principal Mutual Fund
139221;Principal Arbitrage Fund - Direct Plan - Growth;INF173K01NF7;;10.5783;10.5783;10.5783;14-Mar-2017
139219;Principal Arbitrage Fund - Direct Plan- Monthly Income Distribution CUM Capital Withdrawal;INF173K01NC4;INF173K01NE0;10.3212;10.3212;10.3212;14-Mar-2017
139224;Principal Arbitrage Fund - Regular Plan - Growth;INF173K01NB6;;10.5124;10.5124;10.5124;14-Mar-2017
139222;Principal Arbitrage Fund - Regular Plan - Monthly Income Distribution CUM Capital Withdrawal;INF173K01MY0;INF173K01NA8;10.2567;10.2567;10.2567;14-Mar-2017

SBI Mutual Fund
119574;SBI Arbitrage Opportunities Fund - Direct Plan - Gr;INF200K01QU0;;21.7648;21.656;21.7648;14-Mar-2017
119567;SBI Arbitrage Opportunities Fund - Direct Plan - Income Distribution cum Capital Withdrawal Option (IDCW);INF200K01QS4;INF200K01QT2;14.111;14.0404;14.111;14-Mar-2017
104457;SBI Arbitrage Opportunities Fund - Regular Plan - Gr;INF200K01156;;21.3434;21.2367;21.3434;14-Mar-2017
104458;SBI Arbitrage Opportunities Fund - Regular Plan - Income Distribution cum Capital Withdrawal Option (IDCW);INF200K01131;INF200K01149;13.2884;13.222;13.2884;14-Mar-2017

UTI Mutual Fund
120795;UTI Arbitrage Fund - Direct Plan - Growth Option;INF789FB1RG6;;22.4469;0;22.4469;14-Mar-2017
120796;UTI Arbitrage Fund - Direct Plan - IDCW;INF789FB1RE1;INF789FB1RF8;16.5267;0;16.5267;14-Mar-2017
104075;UTI Arbitrage Fund - Regular Plan - Growth Option;INF789FB1RJ0;;22.0411;0;22.0411;14-Mar-2017
104074;UTI Arbitrage Fund - Regular Plan - IDCW;INF789FB1RH4;INF789FB1RI2;15.8595;0;15.8595;14-Mar-2017

Open Ended Schemes ( Hybrid Scheme - Equity Savings )


Aditya Birla Sun Life Mutual Fund
132996;Aditya Birla Sun Life Equity Savings Fund - Direct - IDCW;INF209KA1TQ7;INF209KA1TR5;11.67;11.55;11.67;14-Mar-2017
132995;Aditya Birla Sun Life Equity Savings Fund - Direct Plan - Growth;INF209KA1TP9;;12.36;12.24;12.36;14-Mar-2017
132997;Aditya Birla Sun Life Equity Savings Fund - Regular - IDCW;INF209KA1TT1;INF209KA1TU9;11.38;11.27;11.38;14-Mar-2017
132998;Aditya Birla Sun Life Equity Savings Fund - Regular Plan - Growth;INF209KA1TS3;;12.05;11.93;12.05;14-Mar-2017

Axis Mutual Fund
135120;Axis Equity Savings Fund - Direct Plan - Growth;INF846K01VJ3;;10.92;10.81;10.92;14-Mar-2017
135121;Axis Equity Savings Fund - Direct Plan - Monthly IDCW;INF846K01VK1;INF846K01VL9;10.55;10.44;10.55;14-Mar-2017
135124;Axis Equity Savings Fund - Direct Plan - Quarterly IDCW;INF846K01VM7;INF846K01VN5;10.70;10.59;10.70;14-Mar-2017
139520;Axis Equity Savings Fund - Direct Plan - Regular IDCW;INF846K01XP6;INF846K01XQ4;10.15;10.05;10.15;14-Mar-2017
135122;Axis Equity Savings Fund - Regular Plan - Growth;INF846K01VO3;;10.71;10.60;10.71;14-Mar-2017
135123;Axis Equity Savings Fund - Regular Plan - Monthly IDCW;INF846K01VP0;INF846K01VQ8;10.38;10.28;10.38;14-Mar-2017
135125;Axis Equity Savings Fund - Regular Plan - Quarterly IDCW;INF846K01VR6;INF846K01VS4;10.52;10.41;10.52;14-Mar-2017
139521;Axis Equity Savings Fund - Regular Plan - Regular IDCW;INF846K01XR2;INF846K01XS0;10.40;10.30;10.40;14-Mar-2017

Bandhan Mutual Fund
108995;BANDHAN Equity Savings Fund - Regular Plan - Growth;INF194K01581;;18.1860;18.1860;18.1860;14-Mar-2017
108992;BANDHAN Equity Savings Fund - Regular Plan - Monthly IDCW;INF194K01599;INF194K01607;12.0405;12.0405;12.0405;14-Mar-2017
133682;BANDHAN Equity Savings Fund - Regular Plan -Annual IDCW;INF194KA1XX2;INF194KA1XY0;10.6983;10.6983;10.6983;14-Mar-2017
133681;BANDHAN Equity Savings Fund-Direct Plan-Annual IDCW;INF194KA1YA8;INF194KA1YB6;11.1085;11.1085;11.1085;14-Mar-2017
118477;BANDHAN Equity Savings Fund-Direct Plan-Growth;INF194K01Z02;;18.5677;18.5677;18.5677;14-Mar-2017
118476;BANDHAN Equity Savings Fund-Direct Plan-Monthly IDCW;INF194K01Z10;INF194K01Z28;12.2994;12.2994;12.2994;14-Mar-2017

DSP Mutual Fund
136567;DSP Equity Savings Fund - Direct Plan - Growth;INF740KA1504;;11.345;11.232;11.345;14-Mar-2017
136568;DSP Equity Savings Fund - Direct Plan - IDCW;INF740KA1512;INF740KA1520;11.348;11.235;11.348;14-Mar-2017
136569;DSP Equity Savings Fund - Direct Plan - IDCW - Monthly;INF740KA1538;INF740KA1546;10.986;10.876;10.986;14-Mar-2017
136570;DSP Equity Savings Fund - Direct Plan - IDCW - Quarterly;INF740KA1553;INF740KA1561;11.116;11.005;11.116;14-Mar-2017
136563;DSP Equity Savings Fund - Regular Plan - Growth;INF740KA1439;;11.229;11.117;11.229;14-Mar-2017
136564;DSP Equity Savings Fund - Regular Plan - IDCW;INF740KA1447;INF740KA1454;11.229;11.117;11.229;14-Mar-2017
136565;DSP Equity Savings Fund - Regular Plan - IDCW - Monthly;INF740KA1462;INF740KA1470;10.868;10.759;10.868;14-Mar-2017
136566;DSP Equity Savings Fund - Regular Plan - IDCW - Quarterly;INF740KA1488;INF740KA1496;10.868;10.759;10.868;14-Mar-2017

Edelweiss Mutual Fund
140350;Edelweiss Equity Savings Fund - Direct Plan - Bonus Option;INF843K01KD6;;11.9142;11.7951;11.9142;14-Mar-2017
140347;Edelweiss Equity Savings Fund - Direct Plan - Growth Option;INF843K01KC8;;11.9161;11.7969;11.9161;14-Mar-2017
140348;Edelweiss Equity Savings Fund - Direct Plan - IDCW Option;INF843K01KE4;INF843K01KF1;11.0512;10.9407;11.0512;14-Mar-2017
140352;Edelweiss Equity Savings Fund - Regular Plan - Bonus Option;INF843K01KH7;;11.8134;11.6953;11.8134;14-Mar-2017
140351;Edelweiss Equity Savings Fund - Regular Plan - Growth Option;INF843K01KG9;;11.8129;11.6948;11.8129;14-Mar-2017
140349;Edelweiss Equity Savings Fund - Regular Plan - IDCW Option;INF843K01KI5;INF843K01KJ3;10.4565;10.3519;10.4565;14-Mar-2017

HDFC Mutual Fund
119128;HDFC Equity Savings Fund - Growth Option - Direct Plan;INF179K01XT4;;32.845;32.517;32.845;14-Mar-2017
101585;HDFC Equity Savings Fund - GROWTH PLAN;INF179K01AM7;;31.939;31.620;31.939;14-Mar-2017
119129;HDFC Equity Savings Fund - IDCW Option - Direct Plan;INF179K01XR8;INF179K01XS6;12.106;11.985;12.106;14-Mar-2017
101586;HDFC Equity Savings Fund - IDCW PLAN;INF179K01AK1;INF179K01AL9;11.722;11.605;11.722;14-Mar-2017

ICICI Prudential Mutual Fund
133051;ICICI Prudential Equity Savings Fund - Cumulative option;INF109KA14I5;;12.00;11.88;12.00;14-Mar-2017
133054;ICICI Prudential Equity Savings Fund - Direct Plan - Cumulative option;INF109KA11J9;;12.25;12.13;12.25;14-Mar-2017
133056;ICICI Prudential Equity Savings Fund - Direct Plan - Half Yearly IDCW;INF109KA14J3;INF109KA17J6;11.69;11.57;11.69;14-Mar-2017
133049;ICICI Prudential Equity Savings Fund - Direct Plan - Monthly IDCW;INF109KA12J7;INF109KA15J0;11.69;11.57;11.69;14-Mar-2017
133052;ICICI Prudential Equity Savings Fund - Direct Plan - Quarterly IDCW;INF109KA13J5;INF109KA16J8;11.58;11.46;11.58;14-Mar-2017
133057;ICICI Prudential Equity Savings Fund - Half Yearly IDCW;INF109KA17I8;INF109KA10J1;11.49;11.38;11.49;14-Mar-2017
133050;ICICI Prudential Equity Savings Fund - Monthly IDCW;INF109KA15I2;INF109KA18I6;11.12;11.01;11.12;14-Mar-2017
133053;ICICI Prudential Equity Savings Fund - Quarterly IDCW;INF109KA16I0;INF109KA19I4;11.43;11.32;11.43;14-Mar-2017

IDBI Mutual Fund
114982;IDBI Equity Savings Fund Growth Option;INF397L01315;;15.4416;15.2872;15.4416;14-Mar-2017
118452;IDBI Equity Savings Fund Growth Option Direct;INF397L01AZ5;;15.7973;15.6393;15.7973;14-Mar-2017
114630;IDBI Equity Savings Fund IDCW Option;INF397L01257;INF397L01265;13.1480;13.0165;13.1480;14-Mar-2017
118453;IDBI Equity Savings Fund IDCW Option Direct;INF397L01BA6;INF397L01BB4;11.8227;11.7045;11.8227;14-Mar-2017
118454;IDBI Equity Savings Fund Option Direct;INF397L01BD0;INF397L01BE8;10.6745;10.5678;10.6745;14-Mar-2017
114983;IDBI Equity Savings Fund Quarterly IDCW Option;INF397L01281;INF397L01299;12.6417;12.5153;12.6417;14-Mar-2017

Kotak Mahindra Mutual Fund
131373;Kotak Equity Savings Fund - Direct - Growth;INF174K01D28;;12.2414;12.2414;12.2414;14-Mar-2017
131375;Kotak Equity Savings Fund - Direct - Monthly Payout of Income Distribution cum capital withdrawal option;INF174K01D36;INF174K01D51;10.9431;10.9431;10.9431;14-Mar-2017
131377;Kotak Equity Savings Fund - Direct - Quarterly Payout of Income Distribution cum capital withdrawal option;INF174K01D44;INF174K01D69;10.9065;10.9065;10.9065;14-Mar-2017
131372;Kotak Equity Savings Fund - Regular - Growth;INF174K01C78;;12.0385;12.0385;12.0385;14-Mar-2017
131374;Kotak Equity Savings Fund - Regular - Monthly Payout of Income Distribution cum capital withdrawal option;INF174K01C86;INF174K01D02;10.7883;10.7883;10.7883;14-Mar-2017
131376;Kotak Equity Savings Fund - Regular - QuarterlyPayout of Income Distribution cum capital withdrawal option;INF174K01C94;INF174K01D10;10.8252;10.8252;10.8252;14-Mar-2017

L&T Mutual Fund
119802;L&T Equity Savings Fund - Direct Plan-Growth;INF917K01GE4;;16.278;16.115;16.278;14-Mar-2017
119803;L&T Equity Savings Fund - Direct Plan-Monthly IDCW;INF917K01GA2;;12.078;11.957;12.078;14-Mar-2017
115887;L&T Equity Savings Fund - Regular Plan - Growth;INF917K01AA5;;15.779;15.621;15.779;14-Mar-2017
115883;L&T Equity Savings Fund - Regular Plan - Monthly IDCW;INF917K01965;INF917K01973;12.128;12.007;12.128;14-Mar-2017
115886;L&T Equity Savings Fund - Regular Plan - Quarterly IDCW;INF917K01981;INF917K01999;11.739;11.622;11.739;14-Mar-2017
119801;L&T Equity Savings Fund- Direct Plan-Quarterly IDCW;INF917K01GD6;INF917K01GC8;12.287;12.164;12.287;14-Mar-2017

Mahindra Manulife Mutual Fund
140444;Mahindra Manulife Equity Savings Fund - Direct Plan -Growth;INF174V01184;;10.1573;10.0557;10.1573;14-Mar-2017
140447;Mahindra Manulife Equity Savings Fund - Regular Plan - Growth;INF174V01150;;10.1295;10.0282;10.1295;14-Mar-2017
140442;Mahindra Manulife Equity Savings Fund -Direct Plan -Dividend;INF174V01192;INF174V01200;10.1561;10.0545;10.1561;14-Mar-2017
140446;Mahindra Manulife Equity Savings Fund -Regular Plan -Dividend;INF174V01168;INF174V01176;10.1295;10.0282;10.1295;14-Mar-2017

Nippon India Mutual Fund
134597;NIPPON INDIA EQUITY SAVINGS FUND - Direct Plan - IDCW Option;INF204KA1W93;INF204KA1X01;11.4941;11.3792;11.4941;14-Mar-2017
134599;NIPPON INDIA EQUITY SAVINGS FUND - Direct Plan - MONTHLY IDCW Option;INF204KA1X35;INF204KA1X43;11.1268;11.0155;11.1268;14-Mar-2017
134601;NIPPON INDIA EQUITY SAVINGS FUND - Direct Plan - QUARTERLY IDCW Option;INF204KA1X19;INF204KA1X27;11.1715;11.0598;11.1715;14-Mar-2017
134596;NIPPON INDIA EQUITY SAVINGS FUND - IDCW Option;INF204KA1W10;INF204KA1W28;11.2740;11.1613;11.2740;14-Mar-2017
134598;NIPPON INDIA EQUITY SAVINGS FUND - MONTHLY IDCW Option;INF204KA1W51;INF204KA1W69;10.9034;10.7944;10.9034;14-Mar-2017
134600;NIPPON INDIA EQUITY SAVINGS FUND - QUARTERLY IDCW Option;INF204KA1W36;INF204KA1W44;10.9533;10.8438;10.9533;14-Mar-2017
134595;Nippon India Equity Savings Fund- Direct Plan- Growth Plan- Bonus Option;INF204KA1W85;;11.4941;11.3792;11.4941;14-Mar-2017
134594;Nippon India Equity Savings Fund- Direct Plan- Growth Plan-Growth Option;INF204KA1W77;;11.4941;11.3792;11.4941;14-Mar-2017
134602;Nippon India Equity Savings Fund- Growth Plan- Bonus Option;INF204KA1W02;;11.2740;11.1613;11.2740;14-Mar-2017
134593;Nippon India Equity Savings Fund- Growth Plan- Growth Option;INF204KA1V94;;11.2740;11.1613;11.2740;14-Mar-2017

PGIM India Mutual Fund
138371;PGIM India Equity Savings Fund - Annual Dividend option;INF223J01EZ9;INF223J01FA9;14.8721;14.7234;14.8721;14-Mar-2017
138376;PGIM India Equity Savings Fund - Direct Plan - Growth;INF223J01QD0;;28.9845;28.6947;28.9845;14-Mar-2017
138377;PGIM India Equity Savings Fund - Direct Plan - Monthly Dividend;INF223J01QE8;INF223J01QF5;12.0872;11.9663;12.0872;14-Mar-2017
138378;PGIM India Equity Savings Fund - Direct Plan - Quarterly Dividend;INF223J01QG3;INF223J01QH1;12.1282;12.0069;12.1282;14-Mar-2017
138372;PGIM India Equity Savings Fund - Growth Option;INF223J01FB7;;27.8708;27.5921;27.8708;14-Mar-2017
138369;PGIM India Equity Savings Fund - Monthly Dividend option;INF223J01FC5;INF223J01FD3;11.7602;11.6426;11.7602;14-Mar-2017
138370;PGIM India Equity Savings Fund - Quarterly  Dividend;INF223J01FE1;INF223J01FF8;11.6277;11.5114;11.6277;14-Mar-2017

Principal Mutual Fund
119472;Principal Equity Savings Fund - Direct Plan - Growth Option;INF173K01GZ9;;32.5780;32.2522;32.5780;14-Mar-2017
119470;Principal Equity Savings Fund - Direct Plan - Income Distribution CUM Capital Withdrawal Option - Half Yearly;INF173K01HC6;INF173K01HD4;11.7745;11.6568;11.7745;14-Mar-2017
101498;Principal Equity Savings Fund - Growth Option;INF173K01213;;31.5743;31.2586;31.5743;14-Mar-2017
101499;Principal Equity Savings Fund - Half Yearly Income Distribution CUM Capital Withdrawal;INF173K01247;INF173K01254;11.5770;11.4612;11.5770;14-Mar-2017
101500;Principal Equity Savings Fund -Quaterly Income Distribution CUM Capital Withdrawal;INF173K01262;INF173K01270;12.5895;12.4636;12.5895;14-Mar-2017
119471;Principal Equity Savings Fund- Direct Plan - Income Distribution CUM Capital Withdrawal Option - Quaterly;INF173K01HF9;INF173K01HG7;13.2472;13.1147;13.2472;14-Mar-2017

SBI Mutual Fund
134643;SBI Equity Savings Fund - Direct Plan - Growth;INF200KA1DF3;;11.7789;11.6611;11.7789;14-Mar-2017
134641;SBI Equity Savings Fund - Direct Plan - Monthly Income Distribution cum Capital Withdrawal Option (IDCW);INF200KA1DG1;INF200KA1DH9;11.558;11.4424;11.558;14-Mar-2017
134640;SBI Equity Savings Fund - Direct Plan - Quarterly Income Distribution cum Capital Withdrawal Option (IDCW);INF200KA1DI7;INF200KA1DJ5;11.6082;11.4921;11.6082;14-Mar-2017
134644;SBI Equity Savings Fund - Regular Plan - Growth;INF200KA1DA4;;11.4507;11.3362;11.4507;14-Mar-2017
134639;SBI Equity Savings Fund - Regular Plan - Monthly Income Distribution cum Capital Withdrawal Option (IDCW);INF200KA1DB2;INF200KA1DC0;11.309;11.1959;11.309;14-Mar-2017
134642;SBI Equity Savings Fund - Regular Plan - Quarterly Income Distribution cum Capital Withdrawal Option (IDCW);INF200KA1DD8;INF200KA1DE6;11.285;11.1722;11.285;14-Mar-2017

Tata Mutual Fund
101906;Tata Equity Savings Fund -Regular Plan-Growth Option;INF277K01907;;29.6574;29.5833;29.6574;14-Mar-2017
119960;Tata Equity Savings Fund- Direct Plan- Growth Option;INF277K01QH5;;30.8654;30.7882;30.8654;14-Mar-2017
102118;Tata Equity Savings Fund- Regular Plan - Periodic Payout of IDCW Option;INF277K01EF5;INF277K01915;14.7371;14.7003;14.7371;14-Mar-2017
101609;TATA Equity Savings Fund- Regular Plan -Monthly Payout of IDCW option;INF277K01EE8;INF277K01899;14.4058;14.3698;14.4058;14-Mar-2017
119958;Tata Equity Savings Fund-Direct Plan - Monthly Payout of IDCW Option;INF277K01QI3;INF277K01QJ1;14.7918;14.7548;14.7918;14-Mar-2017
119959;Tata Equity Savings Fund-Direct Plan - Periodic Payout of IDCWS Option;INF277K01QK9;INF277K01QL7;15.5315;15.4927;15.5315;14-Mar-2017

Open Ended Schemes ( Solution Oriented Scheme - Retirement Fund )


Franklin Templeton Mutual Fund
118548;Franklin India  PENSION PLAN - Direct - Growth;INF090I01JZ3;;114.4690;114.4690;114.4690;14-Mar-2017
118549;Franklin India Pension Plan - Direct - IDCW ;INF090I01KA4;INF090I01KB2;18.3433;18.3433;18.3433;14-Mar-2017
100535;Franklin India Pension Plan - IDCW ;INF090I01528;INF090I01536;17.7869;17.7869;17.7869;14-Mar-2017
100536;Franklin India Pension Plan-Growth;INF090I01510;;111.2672;111.2672;111.2672;14-Mar-2017

HDFC Mutual Fund
136090;HDFC Retirement Savings Fund - Equity Plan - Growth Option;INF179KB1MG8;;13.872;13.733;13.872;14-Mar-2017
136094;HDFC Retirement Savings Fund - Equity Plan - Growth Option - Direct Plan;INF179KB1MF0;;14.117;13.976;14.117;14-Mar-2017
136466;HDFC Retirement Savings Fund - Hybrid-Debt Plan - Growth Option;INF179KB1MK0;;11.5500;11.4345;11.5500;14-Mar-2017
136465;HDFC Retirement Savings Fund - Hybrid-Debt Plan - Growth Option - Direct Plan;INF179KB1MJ2;;11.7588;11.6412;11.7588;14-Mar-2017
136463;HDFC Retirement Savings Fund - Hybrid-Equity Plan - Growth Option;INF179KB1MI4;;13.512;13.377;13.512;14-Mar-2017
136464;HDFC Retirement Savings Fund - Hybrid-Equity Plan - Growth Option - Direct Plan;INF179KB1MH6;;13.763;13.625;13.763;14-Mar-2017

Nippon India Mutual Fund
133570;NIPPON INDIA RETIREMENT FUND - INCOME GENERATION SCHEME - Direct Plan - IDCW Option;INF204KA1C71;;11.5824;11.4666;11.5824;14-Mar-2017
133571;NIPPON INDIA RETIREMENT FUND - INCOME GENERATION SCHEME - IDCW Option;INF204KA1C63;;11.2273;11.1150;11.2273;14-Mar-2017
133569;Nippon India Retirement Fund- Income Generation Scheme- Direct Plan- Growth Plan - Growth Option;INF204KA1C30;;11.5824;11.4666;11.5824;14-Mar-2017
133629;Nippon India Retirement Fund- Income Generation Scheme- Direct Plan-Growth Plan- Bonus Option;INF204KA1C55;;11.5824;11.4666;11.5824;14-Mar-2017
133628;Nippon India Retirement Fund- Income Generation Scheme- Growth Plan- Bonus Option;INF204KA1C48;;11.2273;11.1150;11.2273;14-Mar-2017
133572;Nippon India Retirement Fund- Income Generation Scheme-Growth Plan - Growth Option;INF204KA1C22;;11.2273;11.1150;11.2273;14-Mar-2017
133566;NIPPON INDIA RETIREMENT FUND - WEALTH CREATION SCHEME - Direct Plan - IDCW Option;INF204KA1C14;;11.5758;11.4600;11.5758;14-Mar-2017
133567;NIPPON INDIA RETIREMENT FUND - WEALTH CREATION SCHEME - IDCW Option;INF204KA1C06;;11.1818;11.0700;11.1818;14-Mar-2017
133568;Nippon India Retirement Fund- Wealth Creation Scheme- Direct Plan- Growth Plan - Growth Option;INF204KA1B72;;11.5758;11.4600;11.5758;14-Mar-2017
133630;Nippon India Retirement Fund- Wealth Creation Scheme- Direct Plan-Growth Plan- Bonus Option;INF204KA1B98;;11.5758;11.4600;11.5758;14-Mar-2017
133565;Nippon India Retirement Fund- Wealth Creation Scheme- Growth Plan - Growth Option;INF204KA1B64;;11.1818;11.0700;11.1818;14-Mar-2017
133631;Nippon India Retirement Fund- Wealth Creation Scheme- Growth Plan- Bonus Option;INF204KA1B80;;11.1818;11.0700;11.1818;14-Mar-2017

Principal Mutual Fund
135751;Principal Retirement Savings Fund - Conservative Plan - Direct Sub-Plan - Growth;INF173K01MT0;;11.2410;11.2410;11.2410;14-Mar-2017
135752;Principal Retirement Savings Fund- Conservative Plan - Regular Sub-Plan - Growth;INF173K01MS2;;11.1854;11.1854;11.1854;14-Mar-2017
135753;Principal Retirement Savings Fund - Moderate Plan - Direct Sub-Plan - Growth;INF173K01MV6;;11.3341;11.3341;11.3341;14-Mar-2017
135754;Principal Retirement Savings Fund - Moderate Plan - Regular Sub-Plan - Growth;INF173K01MU8;;11.2318;11.2318;11.2318;14-Mar-2017
135749;Principal Retirement Savings Fund - Progressive Plan - Direct Sub-Plan - Growth;INF173K01MX2;;11.8101;11.8101;11.8101;14-Mar-2017
135750;Principal Retirement Savings Fund - Progressive Plan - Regular Sub - Plan - Growth;INF173K01MW4;;11.6996;11.6996;11.6996;14-Mar-2017

Tata Mutual Fund
119256;Tata Retirement Savings Fund- Conservative Plan-Direct Plan-Growth Option;INF277K01QM5;;18.2070;17.6608;18.2070;14-Mar-2017
115944;Tata Retirement Savings Fund- Conservative Plan-Regular Plan-Growth Option;INF277K01FI6;;17.2834;16.7649;17.2834;14-Mar-2017
119255;Tata Retirement Savings Fund- Moderate Plan -Direct Plan-Growth Option;INF277K01QN3;;25.8488;25.0733;25.8488;14-Mar-2017
115943;Tata Retirement Savings Fund- Moderate Plan-Regular Plan-Growth Option;INF277K01FH8;;24.3701;23.6390;24.3701;14-Mar-2017
115942;Tata Retirement Savings Fund - Progressive Plan -Regular Plan-Growth Option;INF277K01FG0;;22.9586;22.2698;22.9586;14-Mar-2017
119251;Tata Retirement Savings Fund- Progressive Plan -Direct Plan-Growth Option;INF277K01QO1;;24.6170;23.8785;24.6170;14-Mar-2017

UTI Mutual Fund
100682;UTI Retirement Fund - Regular Plan;;;23.3801;23.3801;23.3801;14-Mar-2017
120766;UTI Retirement Fund- Direct Plan;;;23.927;23.927;23.927;14-Mar-2017

Open Ended Schemes ( Solution Oriented Scheme - Children’s Fund )


Axis Mutual Fund
135762;Axis Children's Fund - Lock in - Direct Growth;INF846K01WO1;;11.0898;11.0898;11.0898;14-Mar-2017
135765;Axis Children's Fund - Lock in - Direct Plan - IDCW;INF846K01WP8;;11.0888;11.0888;11.0888;14-Mar-2017
135759;Axis Children's Fund - Lock in - Regular Growth;INF846K01WJ1;;10.8685;10.8685;10.8685;14-Mar-2017
135760;Axis Children's Fund - Lock in - Regular Plan - IDCW;INF846K01WK9;;10.8730;10.8730;10.8730;14-Mar-2017
135764;Axis Children's Fund - No Lock in - Direct Growth;INF846K01WR4;;11.1460;10.8116;11.1460;14-Mar-2017
135763;Axis Children's Fund - No Lock in - Direct Plan - IDCW;INF846K01WS2;INF846K01WQ6;11.0888;10.7561;11.0888;14-Mar-2017
135766;Axis Children's Fund - No Lock in - Regular Plan - Growth;INF846K01WM5;;10.8672;10.5412;10.8672;14-Mar-2017
135761;Axis Children's Fund - No Lock in - Regular Plan - IDCW;INF846K01WN3;INF846K01WL7;10.8723;10.5461;10.8723;14-Mar-2017

HDFC Mutual Fund
119066;HDFC Childrens Fund - Direct Plan;;;100.516;97.501;100.516;14-Mar-2017
100900;HDFC Childrens Fund - Growth Plan;;;97.522;94.596;97.522;14-Mar-2017
119067;HDFC Childrens Fund Savings Plan-Direct Plan;;;42.9116;41.6243;42.9116;14-Mar-2017
100899;HDFC Childrens Fund-Savings;;;41.4415;40.1983;41.4415;14-Mar-2017

ICICI Prudential Mutual Fund
101127;ICICI Prudential Child Care Fund (Gift Plan) - Cumulative;INF109K01605;;122.04;118.38;122.04;14-Mar-2017
120579;ICICI Prudential Child Care Fund (Gift Plan) - Direct Plan - Cumulative;INF109K01Y49;;125.96;122.18;125.96;14-Mar-2017

LIC Mutual Fund
120285;LIC MF Children's Fund-Direct Plan-Growth;INF767K01FB1;;17.1750;17.0033;17.1750;14-Mar-2017
101271;LIC MF Children's Fund-Regular Plan-Growth;INF767K01048;;16.5136;16.3485;16.5136;14-Mar-2017

SBI Mutual Fund
119719;SBI Magnum Children's Benefit Fund - Savings Plan - DIRECT PLAN - GROWTH;INF200K01QR6;;47.6905;46.2598;47.6905;14-Mar-2017
101169;SBI Magnum Children's Benefit Fund - Savings Plan - REGULAR PLAN - GROWTH;INF200K01776;;46.0789;44.6965;46.0789;14-Mar-2017

Tata Mutual Fund
101491;Tata Young Citizens' Fund -Regular Plan-Growth Option;INF277K01AJ5;;23.2390;23.0066;23.2390;14-Mar-2017
119312;Tata Young Citizens' Fund-Direct Plan-Growth Option;INF277K01QW4;;24.2657;24.0230;24.2657;14-Mar-2017
101490;Tata Young Citizen Fund [>3 years upto 7 years] Regular Plan;;;23.2390;22.7742;23.2390;14-Mar-2017
101489;Tata Young Citizen Fund [Upto 3 years] Regular Plan;;;23.2390;22.5418;23.2390;14-Mar-2017
119299;Tata Young Citizens' Fund [> 3 years upto 7 years]-Direct Plan Growth;;;24.2657;23.7804;24.2657;14-Mar-2017
119296;Tata Young Citizens' Fund [Upto 3 years]-Direct Plan Growth;;;24.2657;23.5377;24.2657;14-Mar-2017

UTI Mutual Fund
120724;UTI Children's Equity Fund - Direct Plan - Growth Option;;;31.339;31.339;31.339;14-Mar-2017
120725;UTI Children's Equity Fund - Direct Plan - IDCW;;;31.3877;31.3877;31.3877;14-Mar-2017
102267;UTI Children's Equity Fund - Regular Plan - Growth Option;;;30.6322;30.6322;30.6322;14-Mar-2017
102266;UTI Children's Equity Fund - Regular Plan - IDCW;;;30.6345;30.6345;30.6345;14-Mar-2017
120771;UTI Children's Hybrid Fund - Direct Plan;;;20.7167;20.7167;20.7167;14-Mar-2017
100678;UTI Children's Hybrid Fund - Regular Plan;;;20.6104;20.6104;20.6104;14-Mar-2017

Open Ended Schemes ( Other Scheme - Index Funds )


Aditya Birla Sun Life Mutual Fund
119648;Aditya Birla Sun Life Nifty 50 Index Fund - Growth - Direct Plan;INF209K01VY3;;89.0269;89.0269;89.0269;14-Mar-2017
101314;Aditya Birla Sun Life Nifty 50 Index Fund - Growth - Regular Plan;INF209K01LB2;;88.9340;88.9340;88.9340;14-Mar-2017
119649;Aditya Birla Sun Life Nifty 50 Index Fund -DIRECT - IDCW;INF209K01VX5;;12.6559;12.6559;12.6559;14-Mar-2017
101313;Aditya Birla Sun Life Nifty 50 Index Fund -REGULAR - IDCW;INF209K01LA4;INF209K01LC0;12.5192;12.5192;12.5192;14-Mar-2017

Bandhan Mutual Fund
112877;BANDHAN Nifty 50 Index Fund - Regular Plan - Growth;INF194K01920;;18.3716;18.3716;18.3716;14-Mar-2017
112878;BANDHAN Nifty 50 Index Fund - Regular Plan - IDCW;INF194K01938;INF194K01946;18.5161;18.5161;18.5161;14-Mar-2017
118482;BANDHAN Nifty 50 Index Fund-Direct Plan-Growth;INF194K012A8;;18.4291;18.4291;18.4291;14-Mar-2017
118483;BANDHAN Nifty 50 Index Fund-Direct Plan-IDCW;INF194K013A6;INF194K014A4;18.5862;18.5862;18.5862;14-Mar-2017

Franklin Templeton Mutual Fund
118580;Franklin India INDEX FUND- NSE Nifty 50 Index Fund - Direct - IDCW;INF090I01GQ8;INF090I01GR6;73.0881;72.3572;73.0881;14-Mar-2017
100484;Franklin India Index Fund- NSE Nifty 50 Index Fund - Growth;INF090I01890;;72.0099;71.2898;72.0099;14-Mar-2017
105067;Franklin India INDEX FUND- NSE NIFTY 50 INDEX FUND - IDCW;INF090I01874;INF090I01882;72.0099;71.2898;72.0099;14-Mar-2017
118581;Franklin India INDEX FUND- NSE NIFTY 50 INDEX FUND- Direct - Growth;INF090I01GS4;;73.0881;72.3572;73.0881;14-Mar-2017

HDFC Mutual Fund
119065;HDFC BSE Sensex Index Fund - Direct Plan;INF179K01WN9;;258.6137;256.0276;258.6137;14-Mar-2017
101281;HDFC BSE Sensex Index Fund - Growth Plan;INF179K01LA9;;256.3148;253.7517;256.3148;14-Mar-2017
119063;HDFC Nifty 50 Index Fund - Direct Plan;INF179K01WM1;;81.4976;80.6826;81.4976;14-Mar-2017
101525;HDFC Nifty 50 Index Fund - Growth Plan;INF179K01KZ8;;80.9167;80.1075;80.9167;14-Mar-2017

ICICI Prudential Mutual Fund
101349;ICICI Prudential Nifty 50 Index Fund - Cumulative Option;INF109K01PI0;;87.2624;87.2624;87.2624;14-Mar-2017
120620;ICICI Prudential Nifty 50 Index Fund - Direct Plan Cumulative Option;INF109K012M7;;88.6861;88.6861;88.6861;14-Mar-2017
135391;ICICI Prudential Nifty 50 Index Fund - Direct Plan IDCW Option;INF109KB1NL1;INF109KB1NM9;11.9250;11.9250;11.9250;14-Mar-2017
135390;ICICI Prudential Nifty 50 Index Fund - IDCW Option;INF109KB1NN7;INF109KB1NO5;11.6192;11.6192;11.6192;14-Mar-2017
120684;ICICI Prudential Nifty Next 50 Index Fund - Direct Plan -  Growth;INF109K01Y80;;21.8958;21.8411;21.8958;14-Mar-2017
120683;ICICI Prudential Nifty Next 50 Index Fund - Direct Plan -  IDCW;INF109K01Y64;INF109K01Y72;21.8910;21.8363;21.8910;14-Mar-2017
112957;ICICI Prudential Nifty Next 50 Index Fund - Growth;INF109K01IF1;;21.4768;21.4231;21.4768;14-Mar-2017
112958;ICICI Prudential Nifty Next 50 Index Fund -IDCW;INF109K01PR1;INF109K01IE4;21.4768;21.4231;21.4768;14-Mar-2017

IDBI Mutual Fund
118347;IDBI NIFTY 50  Index Fund Growth Direct;INF397L01AP6;;17.4143;17.4143;17.4143;14-Mar-2017
113062;IDBI Nifty 50  Index Fund IDCW;INF397L01083;INF397L01075;16.1290;16.1290;16.1290;14-Mar-2017
113063;IDBI NIFTY 50 Index Fund Growth;INF397L01091;;16.9134;16.9134;16.9134;14-Mar-2017
118455;IDBI Nifty 50 Index Fund IDCW Direct;INF397L01AN1;INF397L01AO9;16.6081;16.6081;16.6081;14-Mar-2017
113250;IDBI Nifty Next 50  Index Fund IDCW;INF397L01166;INF397L01182;18.6426;18.6426;18.6426;14-Mar-2017
113249;IDBI Nifty Next 50 Index Fund Growth;INF397L01174;;18.6426;18.6426;18.6426;14-Mar-2017
118348;IDBI Nifty Next 50 Index Fund Growth Direct;INF397L01AW2;;19.2859;19.2859;19.2859;14-Mar-2017
118456;IDBI Nifty Next 50 Index Fund IDCW Direct;INF397L01AY8;INF397L01AX0;19.2859;19.2859;19.2859;14-Mar-2017

LIC Mutual Fund
120308;LIC MF BSE Sensex Index Fund-Direct Plan-Growth;INF767K01FJ4;;56.0440;55.4836;56.0440;14-Mar-2017
120312;LIC MF BSE Sensex Index Fund-Direct Plan-IDCW;INF767K01FI6;INF767K01FK2;18.8203;18.6321;18.8203;14-Mar-2017
101199;LIC MF BSE Sensex Index Fund-Regular Plan-Growth;INF767K01139;;54.8139;54.2658;54.8139;14-Mar-2017
101198;LIC MF BSE Sensex Index Fund-Regular Plan-IDCW;INF767K01121;INF767K01113;18.7888;18.6009;18.7888;14-Mar-2017
120307;LIC MF Nifty 50 Index Fund-Direct Plan-Growth;INF767K01FF2;;51.2687;50.7560;51.2687;14-Mar-2017
120309;LIC MF Nifty 50 Index Fund-Direct Plan-IDCW;INF767K01FG0;INF767K01FH8;18.8891;18.7002;18.8891;14-Mar-2017
101201;LIC MF Nifty 50 Index Fund-Regular Plan-Growth;INF767K01162;;50.1900;49.6881;50.1900;14-Mar-2017
101200;LIC MF Nifty 50 Index Fund-Regular Plan-IDCW;INF767K01154;INF767K01147;18.5135;18.3284;18.5135;14-Mar-2017

Nippon India Mutual Fund
113295;NIPPON INDIA INDEX FUND - BSE SENSEX PLAN - ANNUAL - IDCW Option;INF204K01IQ7;INF204K01IT1;14.4192;14.3832;14.4192;14-Mar-2017
118786;NIPPON INDIA INDEX FUND - BSE SENSEX PLAN - DIRECT Plan - ANNUAL - IDCW Option;INF204K01K64;INF204K01K72;14.6549;14.6183;14.6549;14-Mar-2017
118788;NIPPON INDIA INDEX FUND - BSE SENSEX PLAN - DIRECT Plan - HALF YEARLY - IDCW Option;INF204K01K98;INF204K01L06;14.6549;14.6183;14.6549;14-Mar-2017
118790;NIPPON INDIA INDEX FUND - BSE SENSEX PLAN - DIRECT Plan - QUARTERLY - IDCW Option;INF204K01L14;INF204K01L22;14.6549;14.6183;14.6549;14-Mar-2017
118785;Nippon India Index Fund - BSE Sensex Plan - Direct Plan Growth Plan - Bonus Option;INF204K01K56;;14.6549;14.6183;14.6549;14-Mar-2017
118791;Nippon India Index Fund - BSE Sensex Plan - Direct Plan Growth Plan - Growth Option;INF204K01K80;;14.6549;14.6183;14.6549;14-Mar-2017
113270;Nippon India Index Fund - BSE Sensex Plan - Growth Plan - Bonus Option;INF204K01IN4;;14.4192;14.3832;14.4192;14-Mar-2017
113269;Nippon India Index Fund - BSE Sensex Plan - Growth Plan - Growth Option;INF204K01IM6;;14.4192;14.3832;14.4192;14-Mar-2017
113294;NIPPON INDIA INDEX FUND - BSE SENSEX PLAN - HALF YEARLY - IDCW Option;INF204K01IP9;INF204K01IS3;14.4192;14.3832;14.4192;14-Mar-2017
113271;NIPPON INDIA INDEX FUND - BSE SENSEX PLAN - QUARTERLY - IDCW Option;INF204K01IO2;INF204K01IR5;14.4192;14.3832;14.4192;14-Mar-2017
113300;NIPPON INDIA INDEX FUND - NIFTY 50 PLAN - ANNUAL - IDCW Option;INF204K01II4;INF204K01IL8;15.1090;15.0712;15.1090;14-Mar-2017
118743;NIPPON INDIA INDEX FUND - NIFTY 50 PLAN - DIRECT Plan - ANNUAL - IDCW Option;INF204K01H10;INF204K01H28;15.3845;15.3460;15.3845;14-Mar-2017
118745;NIPPON INDIA INDEX FUND - NIFTY 50 PLAN - DIRECT Plan - HALF YEARLY - IDCW Option;INF204K01H44;INF204K01H51;15.3845;15.3460;15.3845;14-Mar-2017
118740;NIPPON INDIA INDEX FUND - NIFTY 50 PLAN - DIRECT Plan - QUARTERLY - IDCW Option;INF204K01H69;INF204K01H77;15.3845;15.3460;15.3845;14-Mar-2017
118742;Nippon India Index Fund - Nifty 50 Plan - Direct Plan Growth Plan - Bonus Option;INF204K01H02;;15.3845;15.3460;15.3845;14-Mar-2017
118741;Nippon India Index Fund - Nifty 50 Plan - Direct Plan Growth Plan - Growth Option;INF204K01H36;;15.3845;15.3460;15.3845;14-Mar-2017
113297;Nippon India Index Fund - Nifty 50 Plan - Growth Plan - Bonus Option;INF204K01IF0;;15.1090;15.0712;15.1090;14-Mar-2017
113296;Nippon India Index Fund - Nifty 50 Plan - Growth Plan - Growth Option;INF204K01IE3;;15.1090;15.0712;15.1090;14-Mar-2017
113299;NIPPON INDIA INDEX FUND - NIFTY 50 PLAN - HALF YEARLY - IDCW Option;INF204K01IH6;INF204K01IK0;15.1090;15.0712;15.1090;14-Mar-2017
113298;NIPPON INDIA INDEX FUND - NIFTY 50 PLAN - QUARTERLY - IDCW Option;INF204K01IG8;INF204K01IJ2;15.1090;15.0712;15.1090;14-Mar-2017

Principal Mutual Fund
119488;Principal Nifty 100 Equal Weight Fund - Direct Plan - Growth Option;INF173K01EZ4;;64.0338;63.3935;64.0338;14-Mar-2017
119487;Principal Nifty 100 Equal Weight Fund- Direct Plan - Income Distribution CUM Capital Withdrawal Option;INF173K01EW1;INF173K01EX9;37.6321;37.2558;37.6321;14-Mar-2017
100153;Principal Nifty 100 Equal Weight Fund-Growth;INF173K01AG2;;62.7724;62.1447;62.7724;14-Mar-2017
100152;Principal Nifty 100 Equal Weight Fund-Income Distribution CUM Capital Withdrawal;INF173K01AH0;INF173K01AI8;36.8926;36.5237;36.8926;14-Mar-2017

SBI Mutual Fund
119827;SBI NIFTY INDEX FUND - DIRECT PLAN - GROWTH;INF200K01TE8;;78.4786;78.4786;78.4786;14-Mar-2017
119826;SBI Nifty Index Fund - Direct Plan - Income Distribution cum Capital Withdrawal Option (IDCW);INF200K01TC2;INF200K01TD0;40.2793;40.2793;40.2793;14-Mar-2017
102272;SBI NIFTY INDEX FUND - REGULAR PLAN - GROWTH;INF200K01537;;77.0674;77.0674;77.0674;14-Mar-2017
102273;SBI Nifty Index Fund - Regular Plan - Income Distribution cum Capital Withdrawal Option (IDCW);INF200K01545;INF200K01552;39.4771;39.4771;39.4771;14-Mar-2017

Sundaram Mutual Fund
140453;Sundaram Smart Nifty 100 Equal Weight Fund Direct Plan - Growth;INF903JA1666;;10.6856;10.6856;10.6856;14-Mar-2017
140448;Sundaram Smart Nifty 100 Equal Weight Fund Direct Plan - Payout of Income Distribution cum Capital Withdrawal (IDCW);INF903JA1674;;10.6855;10.6855;10.6855;14-Mar-2017
140449;Sundaram Smart Nifty 100 Equal Weight Fund Direct Plan - Reinvestment of Income Distribution cum Capital Withdrawal (IDCW);;INF903JA1682;10.6855;10.6855;10.6855;14-Mar-2017
140452;Sundaram Smart Nifty 100 Equal Weight Fund Regular Plan - Growth;INF903JA1633;;10.6724;10.6724;10.6724;14-Mar-2017
140451;Sundaram Smart Nifty 100 Equal Weight Fund Regular Plan - Payout of Income Distribution cum Capital Withdrawal (IDCW);INF903JA1641;;10.6720;10.6720;10.6720;14-Mar-2017
140450;Sundaram Smart Nifty 100 Equal Weight Fund Regular Plan - Reinvestment of Income Distribution cum Capital Withdrawal (IDCW);;INF903JA1658;10.6720;10.6720;10.6720;14-Mar-2017

Tata Mutual Fund
119287;Tata S&P BSE Sensex Index Fund - Direct Plan;INF277K01PK1;;73.0233;72.8407;73.0233;14-Mar-2017
101746;Tata S&P BSE Sensex Index Fund -Regular Plan;INF277K01758;;71.5328;71.3540;71.5328;14-Mar-2017
119288;Tata Nifty 50 Index Fund -Direct Plan;INF277K01PJ3;;56.7930;56.6510;56.7930;14-Mar-2017
101659;Tata Nifty 50 Index Fund -Regular Plan;INF277K01741;;54.0677;53.9325;54.0677;14-Mar-2017

Taurus Mutual Fund
118881;Taurus Nifty 50 Index Fund - Direct Plan - Growth;INF044D01CQ5;;17.4358;17.3486;17.4358;14-Mar-2017
118882;Taurus Nifty 50 Index Fund - Direct Plan - Payout of Income Distribution cum Capital Withdrawal option;INF044D01CR3;INF044D01CS1;17.2279;17.1418;17.2279;14-Mar-2017
112948;Taurus Nifty 50 Index Fund - Regular Plan - Growth;INF044D01948;;16.7963;16.7123;16.7963;14-Mar-2017
112949;Taurus Nifty 50 Index Fund - Regular Plan - Payout of Income Distribution cum Capital Withdrawal option;INF044D01914;INF044D01922;16.7963;16.7123;16.7963;14-Mar-2017

UTI Mutual Fund
120717;UTI Nifty 50 Index Fund - Direct Plan - IDCW;INF789F01WY2;INF789F01WZ9;29.6884;29.6884;29.6884;14-Mar-2017
120716;UTI Nifty 50 Index Fund - Growth Option- Direct;INF789F01XA0;;58.3225;58.3225;58.3225;14-Mar-2017
100822;UTI Nifty 50 Index Fund - Regular Plan - Growth Option;INF789F01JN2;;57.9485;57.9485;57.9485;14-Mar-2017
100823;UTI Nifty 50 Index Fund - Regular Plan - IDCW;INF789F01JL6;INF789F01JM4;29.5003;29.5003;29.5003;14-Mar-2017

Open Ended Schemes ( Other Scheme - Gold ETF )


Aditya Birla Sun Life Mutual Fund
115127;Aditya Birla Sun Life Gold ETF;INF209KB18D3;;2725.3349;2725.3349;2725.3349;14-Mar-2017

Axis Mutual Fund
113434;Axis Gold ETF;INF846K01W80;;2591.6716;2591.6716;2591.6716;14-Mar-2017

Canara Robeco Mutual Fund
117076;Canara Robeco Gold Exchange Traded Fund;INF760K01BR1;;2679.7002;2679.7002;2679.7002;14-Mar-2017

HDFC Mutual Fund
113049;HDFC Gold ETF - Growth Option;INF179KC1981;;2651.8533;0.0000;0.0000;14-Mar-2017

ICICI Prudential Mutual Fund
113076;ICICI Prudential Gold ETF;INF109KC1NT3;;269.1435;N.A.;N.A.;14-Mar-2017

IDBI Mutual Fund
115939;IDBI Gold Exchange Traded Fund;INF397L01554;;2733.0781;2733.0781;0.0000;14-Mar-2017

Invesco Mutual Fund
112368;Invesco India Gold Exchange Traded Fund;INF205K01361;;2685.5537;2685.5537;2685.5537;14-Mar-2017

Kotak Mahindra Mutual Fund
106193;KOTAK GOLD ETF;INF174KA1HJ8;;259.6445;259.6445;259.6445;14-Mar-2017

Nippon India Mutual Fund
140088;Nippon India ETF Gold BeES;INF204KB17I5;;2605.3477;2605.3477;2605.3477;14-Mar-2017

Quantum Mutual Fund
107693;Quantum Gold Fund;INF082J01408;;1296.9594;1296.9594;1296.9594;14-Mar-2017

SBI Mutual Fund
111954;SBI Gold ETF;INF200KA16D8;;2670.4015;2670.4015;2670.4015;14-Mar-2017

UTI Mutual Fund
105463;UTI GOLD Exchange Traded Fund;INF789F1AUX7;;2613.3632;0;2613.3632;14-Mar-2017

Open Ended Schemes ( Other Scheme - Other  ETFs )


Aditya Birla Sun Life Mutual Fund
139581;Aditya Birla Sun Life BSE Sensex ETF;INF209KB10E8;;295.4986;295.4986;295.4986;14-Mar-2017
115512;Aditya Birla Sun Life Nifty 50 ETF;INF209KB19D1;;96.0309;96.0309;96.0309;14-Mar-2017

Bandhan Mutual Fund
139840;BANDHAN BSE Sensex ETF;INF194KA1T91;;294.9326;294.9326;294.9326;14-Mar-2017
139839;BANDHAN Nifty 50 ETF;INF194KA1U07;;91.0328;91.0328;91.0328;14-Mar-2017

Edelweiss Mutual Fund
139367;Edelweiss ETF - Nifty 100 Quality 30;INF754K01EM9;;227.9293;227.9293;227.9293;14-Mar-2017
134536;Edelweiss ETF - Nifty 50;INF754K01EK3;;9426.5558;9426.5558;9426.5558;14-Mar-2017
135859;Edelweiss ETF - Nifty Bank;INF754K01EL1;;2121.9479;2121.9479;2121.9479;14-Mar-2017

HDFC Mutual Fund
135854;HDFC BSE Sensex ETF - Growth Plan;INF179KC1HX2;;2997.31;2997.31;2997.31;14-Mar-2017
135853;HDFC NIFTY 50 ETF - Growth Plan;INF179KC1965;;920.71;920.71;920.71;14-Mar-2017

ICICI Prudential Mutual Fund
139519;ICICI Prudential BSE Midcap Select ETF;INF109KC10W0;;58.48;N.A.;N.A.;14-Mar-2017
101705;ICICI Prudential BSE Sensex ETF;INF346A01034;;304.2300;304.2300;304.2300;14-Mar-2017
123004;ICICI Prudential Nifty 100 ETF;INF109KC16V9;;97.5024;N.A.;N.A.;14-Mar-2017
121366;ICICI Prudential Nifty 50 ETF;INF109K012R6;;92.5302;N.A.;N.A.;14-Mar-2017
139455;ICICI Prudential Nifty50 Value 20 ETF;INF109KC11V0;;40.45;N.A.;N.A.;14-Mar-2017

Invesco Mutual Fund
115284;Invesco India Nifty 50 Exchange Traded Fund;INF205K01DA9;;940.1951;940.1951;940.1951;14-Mar-2017

Kotak Mahindra Mutual Fund
109010;Kotak BSE Sensex ETF;INF174KA1JD7;;295.3256;295.3256;295.3256;14-Mar-2017
112351;Kotak Nifty 50 ETF;INF174K014P6;;910.8647;910.8647;910.8647;14-Mar-2017
135744;Kotak Nifty 50 Value 20 ETF - Payout of Income Distribution cum capital withdrawal option;INF174K01Z71;;40.929;40.929;40.929;14-Mar-2017
133122;Kotak Nifty Bank ETF;INF174K01F59;;214.1864;214.1864;214.1864;14-Mar-2017
106929;Kotak Nifty PSU Bank ETF;INF373I01023;;330.8341;330.8341;330.8341;14-Mar-2017

LIC Mutual Fund
135672;LIC MF BSE Sensex ETF;INF767K01OT5;;299.1107;299.1107;299.1107;14-Mar-2017
136473;LIC MF Nifty 100 ETF;INF767K01PC8;;94.2425;94.2425;94.2425;14-Mar-2017
135607;LIC MF Nifty 50 ETF;INF767K01OS7;;91.8575;91.8575;91.8575;14-Mar-2017
133307;LIC MF Nifty 8-13 yr G-Sec ETF;INF767K01MV5;;16.3367;16.3367;16.3367;14-Mar-2017

Motilal Oswal Mutual Fund
114984;Motilal Oswal Nasdaq 100 ETF (MOFN100);INF247L01AP3;;355.6399;355.6399;355.6399;14-Mar-2017
113069;Motilal Oswal Nifty 50 ETF;INF247L01536;;87.3252;87.3252;87.3252;14-Mar-2017
114456;Motilal Oswal Nifty Midcap 100 ETF;INF247L01023;;17.1581;17.1581;17.1581;14-Mar-2017

Nippon India Mutual Fund
140107;CPSE ETF;INF457M01133;;27.8623;27.8623;27.8623;14-Mar-2017
131331;Nippon India ETF BSE Sensex;INF204KA1UN7;;304.1052;304.1052;304.1052;14-Mar-2017
140095;Nippon India ETF Hang Seng BeES;INF204KB19I1;;2377.9866;2377.9866;2377.9866;14-Mar-2017
121146;Nippon India ETF Nifty 100;INF204K014N5;;95.2498;95.2498;95.2498;14-Mar-2017
140086;Nippon India ETF Nifty 1D Rate Liquid BeES - DAILY IDCW Option;INF732E01037;;1000.0000;1000.0000;1000.0000;14-Mar-2017
140084;Nippon India ETF Nifty 50 BeES;INF204KB14I2;;928.3680;928.3680;928.3680;14-Mar-2017
140094;Nippon India ETF Nifty 50 Shariah BeES;INF732E01128;;213.5065;213.5065;213.5065;14-Mar-2017
134782;Nippon India ETF Nifty 50 Value 20;INF204KA17D8;;410.6393;410.6393;410.6393;14-Mar-2017
139496;Nippon India ETF Nifty 8-13 yr G-Sec Long Term Gilt;INF204KB1882;;16.4280;16.4280;16.4280;14-Mar-2017
140087;Nippon India ETF Nifty Bank BeES;INF204KB15I9;;2132.0034;2132.0034;2132.0034;14-Mar-2017
128639;Nippon India ETF Nifty Dividend Opportunities 50;INF204KA1MS3;;24.7472;24.7472;24.7472;14-Mar-2017
128331;Nippon India ETF Nifty India Consumption;INF204KA1LD7;;41.3293;41.3293;41.3293;14-Mar-2017
140102;Nippon India ETF Nifty Infrastructure BeES;INF732E01268;;309.7168;309.7168;309.7168;14-Mar-2017
140085;Nippon India ETF Nifty Next 50 Junior BeES;INF732E01045;;246.7151;246.7151;246.7151;14-Mar-2017
140089;Nippon India ETF Nifty PSU Bank BeES;INF204KB16I7;;367.0562;367.0562;367.0562;14-Mar-2017

Quantum Mutual Fund
108479;Quantum Nifty 50 ETF;INF082J01028;;974.9289;974.9289;974.9289;14-Mar-2017

SBI Mutual Fund
134014;SBI BSE 100 ETF;INF200KA1572;;96.1406;96.1406;96.1406;14-Mar-2017
121109;SBI BSE SENSEX ETF;INF200K01VT2;;311.7787;311.7787;311.7787;14-Mar-2017
139430;SBI Nifty 10 yr Benchmark G-Sec ETF;INF200KA1JT1;;158.0829;158.0829;158.0829;14-Mar-2017
135106;SBI Nifty 50 ETF;INF200KA1FS1;;92.5622;92.5622;92.5622;14-Mar-2017
134008;SBI Nifty Bank ETF;INF200KA1580;;214.1888;214.1888;214.1888;14-Mar-2017
134013;SBI Nifty Next 50 ETF;INF200KA1598;;249.3796;249.3796;249.3796;14-Mar-2017

UTI Mutual Fund
135321;UTI BSE Sensex ETF;INF789FB1X58;;300.1252;0;0;14-Mar-2017
135320;UTI Nifty 50 ETF;INF789F1AZC0;;927.9362;0;0;14-Mar-2017

Open Ended Schemes ( Other Scheme - FoF Overseas )


Aditya Birla Sun Life Mutual Fund
132141;Aditya Birla Sun Life Global Emerging Opportunities Fund - Direct - IDCW;INF084M01EC8;INF084M01ED6;10.5123;10.4072;10.5123;14-Mar-2017
132140;Aditya Birla Sun Life Global Emerging Opportunities Fund - Direct plan - Growth Option;INF084M01EB0;;11.9053;11.7862;11.9053;14-Mar-2017
132139;Aditya Birla Sun Life Global Emerging Opportunities Fund - Regular - IDCW;INF084M01AU8;INF084M01AV6;11.7740;11.6563;11.7740;14-Mar-2017
132138;Aditya Birla SUn Life Global Emerging Opportunities Fund - Regular Plan - Growth Option;INF084M01AT0;;11.7713;11.6536;11.7713;14-Mar-2017
132009;Aditya Birla Sun Life Global Excellence Equity Fund Of Fund - Retail Plan - Direct Plan - Growth Option;INF084M01EH7;;16.9836;16.8138;16.9836;14-Mar-2017
132005;Aditya Birla Sun Life Global Excellence Equity Fund Of Fund- Retail Plan - Regular Plan - Growth Option;INF084M01AZ7;;16.6582;16.4916;16.6582;14-Mar-2017
132010;Aditya Birla Sun Life Global Excellence Equity Fund Of Fund-DIRECT - RETAIL - IDCW;INF084M01EI5;INF084M01EJ3;16.9937;16.8238;16.9937;14-Mar-2017
132003;Aditya Birla Sun Life Global Excellence Equity Fund Of Fund-REGULAR - RETAIL - IDCW;INF084M01BA8;INF084M01BB6;16.6688;16.5021;16.6688;14-Mar-2017

DSP Mutual Fund
119275;DSP Global Clean Energy Fund of Fund - Direct Plan - Growth;INF740K01PC5;;12.2454;12.1229;12.2454;14-Mar-2017
119276;DSP Global Clean Energy Fund of Fund - Direct Plan - IDCW;INF740K01PD3;INF740K01PE1;11.0419;10.9315;11.0419;14-Mar-2017
112126;DSP Global Clean Energy Fund of Fund - Regular Plan - Growth;INF740K01284;;12.1248;12.0036;12.1248;14-Mar-2017
112127;DSP Global Clean Energy Fund of Fund - Regular Plan - IDCW;INF740K01292;INF740K01300;10.3696;10.2659;10.3696;14-Mar-2017
119252;DSP US Flexible Equity Fund of Fund - Direct Plan - Growth;INF740K01OH7;;20.3666;20.1629;20.3666;14-Mar-2017
119253;DSP US Flexible Equity Fund of Fund - Direct Plan - IDCW;INF740K01OI5;INF740K01OJ3;20.3666;20.1629;20.3666;14-Mar-2017
117691;DSP US Flexible Equity Fund of Fund - Regular Plan - Growth Option;INF740K01LP6;;19.8354;19.6370;19.8354;14-Mar-2017
117692;DSP US Flexible Equity Fund of Fund - Regular Plan - IDCW;INF740K01LQ4;;15.8054;15.6473;15.8054;14-Mar-2017
119271;DSP World Agriculture Fund - Direct Plan - Growth;INF740K01OE4;;15.2264;15.0741;15.2264;14-Mar-2017
119272;DSP World Agriculture Fund - Direct Plan - IDCW;INF740K01OF1;INF740K01OG9;14.3567;14.2131;14.3567;14-Mar-2017
115882;DSP World Agriculture Fund - Regular Plan - Growth;INF740K01EK2;;15.0170;14.8668;15.0170;14-Mar-2017
115881;DSP World Agriculture Fund - Regular Plan - IDCW;INF740K01EL0;;12.1589;12.0373;12.1589;14-Mar-2017
119277;DSP World Gold Fund of Fund - Direct Plan - Growth;INF740K01OZ9;;12.6833;12.5565;12.6833;14-Mar-2017
119278;DSP World Gold Fund of Fund - Direct Plan - IDCW;INF740K01PA9;INF740K01PB7;10.3888;10.2849;10.3888;14-Mar-2017
106597;DSP World Gold Fund of Fund - Regular Plan - Growth;INF740K01250;;12.4564;12.3318;12.4564;14-Mar-2017
106596;DSP World Gold Fund of Fund - Regular Plan - IDCW;INF740K01268;INF740K01276;10.1995;10.0975;10.1995;14-Mar-2017
119279;DSP World Mining Fund of Fund - Direct Plan - Growth;INF740K01PF8;;7.0468;6.9763;7.0468;14-Mar-2017
119280;DSP World Mining Fund of Fund - Direct Plan - IDCW;INF740K01PG6;INF740K01PH4;7.0468;6.9763;7.0468;14-Mar-2017
112293;DSP World Mining Fund of Fund - Regular Plan - Growth;INF740K01730;;6.8923;6.8234;6.8923;14-Mar-2017
112347;DSP World Mining Fund of Fund - Regular Plan - IDCW;INF740K01748;INF740K01AL8;6.8923;6.8234;6.8923;14-Mar-2017

Edelweiss Mutual Fund
140256;Edelweiss ASEAN Equity Off-shore Fund - Direct Plan - Growth Option;INF843K01AW7;;17.58;17.404;17.58;14-Mar-2017
140255;Edelweiss ASEAN Equity Off-shore Fund - Regular Plan - Growth Option;INF843K01609;;16.796;16.628;16.796;14-Mar-2017
140327;Edelweiss Emerging Markets Opportunities Equity Offshore Fund - Direct Plan - Growth Option;INF843K01IZ3;;10.01;9.9099;10.01;14-Mar-2017
140328;Edelweiss Emerging Markets Opportunities Equity Offshore Fund - Regular Plan - Growth Option;INF843K01IY6;;9.8869;9.788;9.8869;14-Mar-2017
140296;Edelweiss Europe Dynamic Equity Offshore Fund - Growth Option - Direct Plan;INF843K01GI3;;10.2844;10.1816;10.2844;14-Mar-2017
140295;Edelweiss Europe Dynamic Equity Offshore Fund - Growth Option - Regular Plan;INF843K01GJ1;;9.9818;9.882;9.9818;14-Mar-2017
140243;Edelweiss Greater China Equity Off-shore Fund - Direct Plan - Growth Option;INF843K01AU1;;21.226;21.014;21.226;14-Mar-2017
140242;Edelweiss Greater China Equity Off-shore Fund - Regular Plan - Growth Option;INF843K01138;;20.369;20.165;20.369;14-Mar-2017
140274;Edelweiss US Value Equity Offshore Fund - Direct Plan - Growth Option;INF843K01EC1;;14.2597;14.1171;14.2597;14-Mar-2017
140273;Edelweiss US Value Equity Offshore Fund - Regular Plan - Growth Option;INF843K01ED9;;13.8295;13.6912;13.8295;14-Mar-2017

Franklin Templeton Mutual Fund
129440;Franklin India Feeder - Templeton European Opportunities Fund - Direct - Growth;INF090I01KX6;;9.3834;9.2896;9.3834;14-Mar-2017
129441;Franklin India Feeder - Templeton European Opportunities Fund - Direct - IDCW ;INF090I01KY4;INF090I01KZ1;9.3834;9.2896;9.3834;14-Mar-2017
129438;Franklin India Feeder - Templeton European Opportunities Fund - Growth;INF090I01KU2;;9.0204;8.9302;9.0204;14-Mar-2017
129439;Franklin India Feeder - Templeton European Opportunities Fund - IDCW ;INF090I01KV0;INF090I01KW8;9.0204;8.9302;9.0204;14-Mar-2017
118551;Franklin U.S. Opportunities Equity Active Fund of Funds - Direct - Growth;INF090I01JR0;;22.8935;22.6646;22.8935;14-Mar-2017
118550;Franklin U.S. Opportunities Equity Active Fund of Funds - Direct - IDCW;INF090I01JP4;INF090I01JQ2;22.8935;22.6646;22.8935;14-Mar-2017
116633;Franklin U.S. Opportunities Equity Active Fund of Funds - Growth;INF090I01EW1;;21.9386;21.7192;21.9386;14-Mar-2017
116632;Franklin U.S. Opportunities Equity Active Fund of Funds - IDCW;INF090I01EV3;INF090I01EU5;21.9386;21.7192;21.9386;14-Mar-2017

HSBC Mutual Fund
127073;HSBC Asia Pacific (Ex Japan) Dividend Yield Fund - Growth;INF336L01HC7;;11.5419;11.5419;11.5419;14-Mar-2017
127071;HSBC Asia Pacific (Ex Japan) Dividend Yield Fund - Growth Direct;INF336L01HF0;;11.7915;11.7915;11.7915;14-Mar-2017
127072;HSBC Asia Pacific IDCW Yield Fund Direct Plan IDCW;INF336L01HG8;INF336L01HH6;11.7915;11.7915;11.7915;14-Mar-2017
127070;HSBC Asia Pacific IDCW Yield Fund IDCW;INF336L01HD5;INF336L01HE3;11.5419;11.5419;11.5419;14-Mar-2017
120035;HSBC Brazil Fund - Growth Direct;INF336L01BY4;;7.4278;7.4278;7.4278;14-Mar-2017
115117;HSBC Brazil Fund - IDCW;INF336L01172;INF336L01180;7.2073;7.2073;7.2073;14-Mar-2017
120036;HSBC Brazil Fund - IDCW Direct Plan;INF336L01BW8;INF336L01BX6;7.4278;7.4278;7.4278;14-Mar-2017
115116;HSBC Brazil Fund-Growth;INF336L01164;;7.2073;7.2073;7.2073;14-Mar-2017
133713;HSBC Global Consumer Opportunities Fund - Growth;INF336L01JU5;;10.3185;10.3185;10.3185;14-Mar-2017
133714;HSBC Global Consumer Opportunities Fund - Growth Direct;INF336L01JT7;;10.4681;10.4681;10.4681;14-Mar-2017
120043;HSBC Global Emerging Market Fund - Growth Direct;INF336L01CJ3;;12.2764;12.2764;12.2764;14-Mar-2017
107988;HSBC Global Emerging Markets Fund - Growth;INF336L01446;;11.9083;11.9083;11.9083;14-Mar-2017
107989;HSBC Global Emerging Markets Fund - IDCW;INF336L01438;INF336L01420;11.3932;11.3932;11.3932;14-Mar-2017
120044;HSBC Global Emerging Markets Fund - IDCW Direct Plan;INF336L01CH7;INF336L01CI5;11.755;11.755;11.755;14-Mar-2017

ICICI Prudential Mutual Fund
123654;ICICI Prudential Global Stable Equity Fund (FOF) - Direct - Growth;INF109KA1CE0;;13.63;13.22;13.63;14-Mar-2017
123652;ICICI Prudential Global Stable Equity Fund (FOF) - Direct - IDCW;INF109KA1CG5;INF109KA1CF7;13.63;13.22;13.63;14-Mar-2017
123651;ICICI Prudential Global Stable Equity Fund (FOF) - Growth;INF109KA1CB6;;13.26;12.86;13.26;14-Mar-2017
123653;ICICI Prudential Global Stable Equity Fund (FOF) - IDCW;INF109KA1CD2;INF109KA1CC4;13.26;12.86;13.26;14-Mar-2017

Invesco Mutual Fund
129188;Invesco India - Invesco Global Equity Income Fund of Fund - Direct Plan - Growth;INF205K01B49;;11.2849;11.1721;11.2849;14-Mar-2017
129190;Invesco India - Invesco Global Equity Income Fund of Fund - Direct Plan - IDCW (Payout / Reinvestment);INF205K01B56;INF205K01B64;11.2520;11.1395;11.2520;14-Mar-2017
129187;Invesco India - Invesco Global Equity Income Fund of Fund - Regular Plan - Growth;INF205K01B15;;10.8923;10.7834;10.8923;14-Mar-2017
129189;Invesco India - Invesco Global Equity Income Fund of Fund - Regular Plan - IDCW (Payout / Reinvestment);INF205K01B23;INF205K01B31;10.8804;10.7716;10.8804;14-Mar-2017
126353;Invesco India - Invesco Pan European Equity Fund of Fund - Direct Plan - Growth Option;INF205K01A24;;9.8186;9.7204;9.8186;14-Mar-2017
126352;Invesco India - Invesco Pan European Equity Fund of Fund - Direct Plan - IDCW (Payout / Reinvestment);INF205K01A32;INF205K01A40;9.8058;9.7077;9.8058;14-Mar-2017
126351;Invesco India - Invesco Pan European Equity Fund of Fund - Regular Plan - Growth Option;INF205K01ZZ9;;9.4788;9.3840;9.4788;14-Mar-2017
126350;Invesco India - Invesco Pan European Equity Fund of Fund - Regular Plan - IDCW (Payout / Reinvestment);INF205K01A08;INF205K01A16;9.4785;9.3837;9.4785;14-Mar-2017

Kotak Mahindra Mutual Fund
106441;Kotak Global Emerging Market Fund - Growth;INF174K01DV3;;13.542;13.407;13.542;14-Mar-2017
119779;Kotak Global Emerging Market Fund - Growth - Direct;INF174K01LW4;;13.954;13.814;13.954;14-Mar-2017
106442;Kotak Global Emerging Market Fund - Payout of Income Distribution cum capital withdrawal option;INF174K01DX9;INF174K01DW1;13.542;13.407;13.542;14-Mar-2017
119778;Kotak Global Emerging Market Fund - Payout of Income Distribution cum capital withdrawal option - Direct;INF174K01LX2;;14.001;13.861;14.001;14-Mar-2017
133832;Kotak US Equity Fund - Direct Plan - Dividend option;INF178L01CM3;INF178L01CN1;13.752;13.614;13.752;14-Mar-2017
133831;Kotak US Equity Fund - Direct Plan - Growth option;INF178L01CL5;;13.751;13.613;13.751;14-Mar-2017
133830;Kotak US Equity Fund - Standard Plan - Dividend option;INF178L01CJ9;INF178L01CK7;13.418;13.284;13.418;14-Mar-2017
133833;Kotak US Equity Fund - Standard Plan - Growth option;INF178L01CI1;;13.416;13.282;13.416;14-Mar-2017
133814;Kotak World Gold Fund - Standard Plan - Dividend Option;INF178L01145;INF178L01137;7.342;7.269;7.342;14-Mar-2017
133815;Kotak World Gold Fund - Standard Plan - Growth Option;INF178L01152;;8.857;8.768;8.857;14-Mar-2017
133817;Kotak World Gold Fund- Direct Plan- Dividend Option;INF178L01AM7;INF178L01AN5;7.585;7.509;7.585;14-Mar-2017
133816;Kotak World Gold Fund- Direct Plan- Growth Option;INF178L01AO3;;9.132;9.041;9.132;14-Mar-2017

PGIM India Mutual Fund
138456;PGIM India Emerging Markets Equity Fund of Fund - Direct Plan - Growth;INF223J01NL0;;12.32;12.2;12.32;14-Mar-2017
138457;PGIM India Emerging Markets Equity Fund of Fund- Direct Plan - Dividend;INF223J01NJ4;;9.53;9.43;9.53;14-Mar-2017
138454;PGIM India Emerging Markets Equity Fund of Fund- Dividend;INF223J01AW4;INF223J01AX2;10.95;10.84;10.95;14-Mar-2017
138453;PGIM India Emerging Markets Equity Fund of Fund- Growth;INF223J01AY0;;11.92;11.8;11.92;14-Mar-2017
138527;PGIM India Global Equity Opportunities Fund of Fund- Direct Plan - Dividend;INF223J01NG0;;14.13;13.99;14.13;14-Mar-2017
138528;PGIM India Global Equity Opportunities Fund of Fund- Direct Plan - Growth;INF223J01NF2;;14.13;13.99;14.13;14-Mar-2017
138524;PGIM India Global Equity Opportunities Fund of Fund- Dividend;INF223J01AS2;INF223J01AT0;12.84;12.71;12.84;14-Mar-2017
138523;PGIM India Global Equity Opportunities Fund of Fund- Growth;INF223J01AU8;;13.69;13.55;13.69;14-Mar-2017

Principal Mutual Fund
119458;Principal Global Opportunities Fund- Direct Plan - Income Distribution CUM Capital Withdrawal Option;INF173K01FJ5;INF173K01FK3;23.9494;23.7099;23.9494;14-Mar-2017
102336;Principal Global Opportunities Fund- Income Distribution CUM Capital Withdrawal Option;INF173K01CQ7;INF173K01CR5;23.5401;23.3047;23.5401;14-Mar-2017
119457;Principal Global Opportunities Fund-Direct Plan - Growth Option;INF173K01FM9;;23.9494;23.7099;23.9494;14-Mar-2017
102337;Principal Global Opportunities Fund-Growth Option;INF173K01CT1;;23.5401;23.3047;23.5401;14-Mar-2017

Sundaram Mutual Fund
119602;Sundaram Global Brand Theme-Equity Active FOF - Direct Growth;INF903J01OB6;;14.7643;14.7643;14.7643;14-Mar-2017
119601;Sundaram Global Brand Theme-Equity Active FOF - Direct IDCW;INF903J01NZ7;INF903J01OA8;13.2804;13.2804;13.2804;14-Mar-2017
106370;Sundaram Global Brand Theme-Equity Active FOF - Regular Growth;INF903J01EX1;;14.4420;14.4420;14.4420;14-Mar-2017
106369;Sundaram Global Brand Theme-Equity Active FOF - Regular IDCW;INF903J01EY9;INF903J01EZ6;12.3811;12.3811;12.3811;14-Mar-2017

Open Ended Schemes ( Other Scheme - FoF Domestic )


Aditya Birla Sun Life Mutual Fund
131865;Aditya Birla Sun Life Asset Allocator FoF- Direct Plan - Growth Option;INF084M01DM9;;12.5210;12.3958;12.5210;14-Mar-2017
131864;Aditya Birla Sun Life Asset Allocator FoF- Regular Plan - Growth Option;INF084M01AE2;;25.0501;24.7996;25.0501;14-Mar-2017
131866;Aditya Birla Sun Life Asset Allocator FoF-DIRECT - IDCW;INF084M01DN7;INF084M01DO5;11.9298;11.8105;11.9298;14-Mar-2017
131863;Aditya Birla Sun Life Asset Allocator FoF-REGULAR - IDCW;INF084M01AF9;INF084M01AG7;23.0593;22.8287;23.0593;14-Mar-2017
131897;Aditya Birla Sun Life Debt Plus Arbitrage FoF Scheme - DIRECT - IDCW;INF084M01DQ0;INF084M01DR8;14.2021;14.0601;14.2021;14-Mar-2017
131898;Aditya Birla Sun Life Debt Plus Arbitrage FoF Scheme - Direct Plan - Growth Option;INF084M01DP2;;22.6700;22.4433;22.6700;14-Mar-2017
131895;Aditya Birla Sun Life Debt Plus Arbitrage FoF Scheme - REGULAR - IDCW;INF084M01AI3;INF084M01AJ1;13.9593;13.8197;13.9593;14-Mar-2017
131896;Aditya Birla Sun Life Debt Plus Arbitrage FoF Scheme - Regular Plan - Growth Option;INF084M01AH5;;22.2611;22.0385;22.2611;14-Mar-2017
132187;Aditya Birla Sun Life Financial Planning Fund - Aggressive Plan - Direct - IDCW;INF084M01EX4;INF084M01EY2;18.1585;17.9769;18.1585;14-Mar-2017
132186;Aditya Birla Sun Life Financial Planning Fund - Aggressive Plan - Direct Plan - Growth Option;INF084M01EW6;;19.8112;19.6131;19.8112;14-Mar-2017
132180;Aditya Birla Sun Life Financial Planning Fund - Aggressive Plan - Regular Plan - Growth Option;INF084M01101;;19.3214;19.1282;19.3214;14-Mar-2017
132181;Aditya Birla Sun Life Financial Planning Fund - Aggressive Plan -Regular - IDCW;INF084M01119;INF084M01127;17.6836;17.5068;17.6836;14-Mar-2017
132183;Aditya Birla Sun Life Financial Planning Fund - Conservative Plan - Direct Plan - Growth Option;INF084M01EQ8;;16.5032;16.3382;16.5032;14-Mar-2017
132178;Aditya Birla Sun life Financial Planning Fund - Conservative Plan - Regular Plan - Growth Option;INF084M01044;;16.1550;15.9934;16.1550;14-Mar-2017
132184;Aditya Birla Sun Life Financial Planning Fund - Conservative Plan -Direct - IDCW;INF084M01ER6;INF084M01ES4;11.1965;11.0845;11.1965;14-Mar-2017
132179;Aditya Birla Sun Life Financial Planning Fund - Conservative Plan -Regular - IDCW;INF084M01051;INF084M01069;14.6993;14.5523;14.6993;14-Mar-2017
132185;Aditya Birla Sun Life Financial Planning Fund - Moderate Plan - Direct Plan - Growth Option;INF084M01ET2;;17.7199;17.5427;17.7199;14-Mar-2017
132174;Aditya Birla Sun Life Financial Planning Fund - Moderate Plan - Regular Plan - Growth Option;INF084M01077;;17.3715;17.1978;17.3715;14-Mar-2017
132175;Aditya Birla Sun Life Financial Planning Fund -Moderate  Plan -  Regular -  IDCW;INF084M01085;INF084M01093;15.5804;15.4246;15.5804;14-Mar-2017
132189;Aditya Birla Sun Life Financial Planning Fund -Moderate  Plan - Direct - IDCW;INF084M01EU0;INF084M01EV8;16.0517;15.8912;16.0517;14-Mar-2017
120546;Aditya Birla Sun Life Gold Fund - Growth - Direct Plan;INF209K01YU5;;9.9692;9.8695;9.9692;14-Mar-2017
120545;Aditya Birla Sun Life Gold Fund-DIRECT - IDCW;INF209K01YT7;;9.9662;9.8665;9.9662;14-Mar-2017
116796;Aditya Birla Sun Life Gold Fund-Growth;INF209K01PF4;;9.8658;9.7671;9.8658;14-Mar-2017
116795;Aditya Birla Sun Life Gold Fund-REGULAR - IDCW;INF209K01PG2;INF209K01PH0;9.8643;9.7657;9.8643;14-Mar-2017

Axis Mutual Fund
120473;Axis Gold Fund - Direct Plan - Growth option;INF846K01DS2;;9.8680;9.7693;9.8680;14-Mar-2017
120472;Axis Gold Fund - Direct Plan - IDCW;INF846K01DQ6;INF846K01DR4;9.8751;9.7763;9.8751;14-Mar-2017
115897;Axis Gold Fund - Regular Plan - Growth Option;INF846K01AL3;;9.3364;9.2430;9.3364;14-Mar-2017
115898;Axis Gold Fund - Regular Plan - IDCW;INF846K01AM1;INF846K01AN9;9.3471;9.2536;9.3471;14-Mar-2017

Bandhan Mutual Fund
112332;BANDHAN Asset Allocation Fund - Regular Plan - Aggressive Plan - Growth;INF194K01953;;20.1829;20.1829;20.1829;14-Mar-2017
112331;BANDHAN Asset Allocation Fund - Regular Plan - Aggressive Plan - IDCW;INF194K01961;INF194K01979;15.6385;15.6385;15.6385;14-Mar-2017
118485;BANDHAN Asset Allocation Fund Of Fund-Aggressive Plan-Direct Plan-Growth;INF194K012B6;;20.4837;20.4837;20.4837;14-Mar-2017
118484;BANDHAN Asset Allocation Fund Of Fund-Aggressive Plan-Direct Plan-IDCW;INF194K013B4;INF194K014B2;17.1487;17.1487;17.1487;14-Mar-2017
112327;BANDHAN Asset Allocation Fund - Regular Plan - Conservative Plan - Growth;INF194K01987;;18.5161;18.5161;18.5161;14-Mar-2017
112328;BANDHAN Asset Allocation Fund - Regular Plan - Conservative Plan - IDCW;INF194K01995;INF194K01AA1;13.8868;13.8868;13.8868;14-Mar-2017
118486;BANDHAN Asset Allocation Fund Of Fund-Conservative Plan-Direct Plan-Growth;INF194K016A9;;18.8039;18.8039;18.8039;14-Mar-2017
118487;BANDHAN Asset Allocation Fund Of Fund-Conservative Plan-Direct Plan-IDCW;INF194K017A7;INF194K018A5;14.1202;14.1202;14.1202;14-Mar-2017
112329;BANDHAN Asset Allocation Fund - Regular Plan - Moderate Plan - Growth;INF194K01AB9;;19.7141;19.7141;19.7141;14-Mar-2017
112330;BANDHAN Asset Allocation Fund - Regular Plan - Moderate Plan - IDCW;INF194K01AC7;INF194K01AD5;15.2352;15.2352;15.2352;14-Mar-2017
118489;BANDHAN Asset Allocation Fund Of Fund-Moderate Plan-Direct Plan-Growth;INF194K019A3;;20.0086;20.0086;20.0086;14-Mar-2017
118414;Bandhan Income Plus Arbitrage Fund of Funds - Direct Plan - Fortnightly IDCW;INF194K01V55;INF194K01V48;11.0280;11.0280;11.0280;14-Mar-2017
118410;Bandhan Income Plus Arbitrage Fund of Funds - Direct Plan - Growth;INF194K01U72;;25.7320;25.7320;25.7320;14-Mar-2017
131398;Bandhan Income Plus Arbitrage Fund of Funds - Direct Plan - Periodic IDCW;INF194KA1TV4;INF194KA1TW2;12.4944;12.4944;12.4944;14-Mar-2017
118413;Bandhan Income Plus Arbitrage Fund of Funds - Direct Plan - Quarterly IDCW;INF194K01V30;INF194K01V22;12.6060;12.6060;12.6060;14-Mar-2017
108547;Bandhan Income Plus Arbitrage Fund of Funds - Regular Plan - Annual IDCW;INF194K01SG0;INF194K01SF2;12.4345;12.4345;12.4345;14-Mar-2017
117868;Bandhan Income Plus Arbitrage Fund of Funds - Regular Plan - Daily IDCW;;INF194K01F55;11.0212;11.0212;11.0212;14-Mar-2017
115874;Bandhan Income Plus Arbitrage Fund of Funds - Regular Plan - Fortnightly IDCW;INF194K01SM8;INF194K01SL0;11.0269;11.0269;11.0269;14-Mar-2017
108545;Bandhan Income Plus Arbitrage Fund of Funds - Regular Plan - Growth;INF194K01SE5;;25.2598;25.2598;25.2598;14-Mar-2017
108546;Bandhan Income Plus Arbitrage Fund of Funds - Regular Plan - Half Yearly IDCW;INF194K01SI6;INF194K01SH8;11.9629;11.9629;11.9629;14-Mar-2017
131399;Bandhan Income Plus Arbitrage Fund of Funds - Regular Plan - Periodic IDCW;INF194KA1TS0;INF194KA1TT8;12.4893;12.4893;12.4893;14-Mar-2017
108544;Bandhan Income Plus Arbitrage Fund of Funds - Regular Plan - Quarterly IDCW;INF194K01SK2;INF194K01SJ4;12.4593;12.4593;12.4593;14-Mar-2017
117867;Bandhan Income Plus Arbitrage Fund of Funds - Regular Plan - Weekly IDCW;;INF194K01F63;11.0058;11.0058;11.0058;14-Mar-2017

Canara Robeco Mutual Fund
118300;Canara Robeco Gold Savings Fund - Direct Plan - Dividend Option;INF760K01FD2;INF760K01FE0;8.6438;8.6438;8.6438;14-Mar-2017
118301;Canara Robeco Gold Savings Fund - Direct Plan - Growth Option;INF760K01FF7;;8.6743;8.6743;8.6743;14-Mar-2017
117540;Canara Robeco Gold Savings Fund - Regular Plan - Dividend;INF760K01BY7;INF760K01BX9;8.6208;8.6208;8.6208;14-Mar-2017
117541;Canara Robeco Gold Savings Fund - Regular Plan - Growth;INF760K01BW1;;8.6155;8.6155;8.6155;14-Mar-2017

DSP Mutual Fund
130493;DSP Income Plus Arbitrage Fund of Fund - Direct Plan - Growth;INF740K01Z50;;11.0940;10.9831;11.0940;14-Mar-2017
130491;DSP Income Plus Arbitrage Fund of Fund - Direct Plan - IDCW;INF740K01Z68;INF740K01Z76;11.0940;10.9831;11.0940;14-Mar-2017
130492;DSP Income Plus Arbitrage Fund of Fund - Regular Plan - Growth;INF740K01Z27;;10.9807;10.8709;10.9807;14-Mar-2017
130490;DSP Income Plus Arbitrage Fund of Fund - Regular Plan - IDCW;INF740K01Z35;INF740K01Z43;10.9807;10.8709;10.9807;14-Mar-2017

Franklin Templeton Mutual Fund
118543;Franklin India Dynamic Asset Allocation Fund Of Funds - Direct - Growth;INF090I01HV6;;73.9111;73.1720;73.9111;14-Mar-2017
118542;Franklin India Dynamic Asset Allocation Fund of funds - Direct - IDCW ;INF090I01HT0;INF090I01HU8;39.9492;39.5497;39.9492;14-Mar-2017
101657;Franklin India Dynamic Asset Allocation Fund of funds - IDCW ;INF090I01247;INF090I01254;38.1648;37.7832;38.1648;14-Mar-2017
101656;Franklin India Dynamic Asset Allocation Fund of Funds-Growth;INF090I01262;;71.0888;70.3779;71.0888;14-Mar-2017
132990;Franklin India Income Plus Arbitrage Active Fund of Funds - Direct - IDCW;INF090I01LI5;INF090I01LJ3;11.7655;11.6478;11.7655;14-Mar-2017
132987;Franklin India Income Plus Arbitrage Active Fund of Funds- Growth Plan;INF090I01LE4;;11.3051;11.1920;11.3051;14-Mar-2017
132989;Franklin India Income Plus Arbitrage Active Fund of Funds- Growth Plan - Direct;INF090I01LH7;;11.7655;11.6478;11.7655;14-Mar-2017
132988;Franklin India Income Plus Arbitrage Active Fund of Funds- IDCW;INF090I01LF1;INF090I01LG9;11.3051;11.1920;11.3051;14-Mar-2017
118511;Franklin India Life Stage Fund of Funds - 20's Plan - Direct - IDCW ;INF090I01HW4;INF090I01HX2;31.3552;31.0416;31.3552;14-Mar-2017
102108;Franklin India Life Stage Fund of Funds - 20's Plan - IDCW ;INF090I01577;;30.7133;30.4062;30.7133;14-Mar-2017
102107;Franklin INDIA LIFE STAGE FUND OF FUNDS - THE 20S PLAN (G);INF090I01593;;72.5499;71.8244;72.5499;14-Mar-2017
118512;Franklin INDIA LIFE STAGE FUND OF FUNDS - THE 20S PLAN - Direct - Growth;INF090I01HY0;;73.8353;73.0969;73.8353;14-Mar-2017
118513;Franklin India Life Stage Fund of Funds - 30's Plan - Direct - IDCW ;INF090I01HZ7;INF090I01IA8;24.5833;24.3989;24.5833;14-Mar-2017
102110;Franklin India Life Stage Fund of Funds - 30's Plan - IDCW ;INF090I01601;;23.9384;23.7589;23.9384;14-Mar-2017
102109;Franklin INDIA LIFE STAGE FUND OF FUNDS - THE 30S PLAN (G);INF090I01627;;52.2152;51.8236;52.2152;14-Mar-2017
118514;Franklin India Life Stage Fund of Funds - The 30s Plan - Direct - Growth;INF090I01IB6;;53.4010;53.0005;53.4010;14-Mar-2017
118515;Franklin India Life Stage Fund of Funds - 40's Plan - Direct - IDCW ;INF090I01IC4;INF090I01ID2;15.7556;15.6374;15.7556;14-Mar-2017
102111;Franklin India Life Stage Fund of Funds - 40's Plan - IDCW ;INF090I01635;;15.4371;15.3213;15.4371;14-Mar-2017
102112;Franklin INDIA LIFE STAGE FUND OF FUNDS - THE 40S PLAN (G);INF090I01650;;41.8821;41.5680;41.8821;14-Mar-2017
118516;Franklin India Life Stage Fund of Funds - The 40s Plan - Direct - Growth;INF090I01IE0;;43.0033;42.6808;43.0033;14-Mar-2017
118520;Franklin India Life Stage Fund of Funds - 50's Plus Floating Rate Plan - Direct - IDCW ;INF090I01JM1;INF090I01JN9;14.9069;14.7578;14.9069;14-Mar-2017
102546;Franklin India Life Stage Fund Of Funds - 50's Plus Floating Rate Plan - IDCW ;INF090I01692;;14.6726;14.5259;14.6726;14-Mar-2017
102547;Franklin India Life Stage Fund of Funds - The 50s Plus Flo (Gro);INF090I01718;;32.7288;32.4015;32.7288;14-Mar-2017
118519;Franklin India Life Stage Fund Of Funds - The 50S Plus Floating Rate Plan - Direct - Growth;INF090I01JO7;;33.3092;32.9761;33.3092;14-Mar-2017
118517;Franklin India Life Stage Fund of Funds - 50's Plus Plan - Direct - IDCW ;INF090I01IF7;INF090I01IG5;14.2780;14.1352;14.2780;14-Mar-2017
102113;Franklin India Life Stage Fund of Funds - 50's Plus Plan - IDCW ;INF090I01668;;13.9367;13.7973;13.9367;14-Mar-2017
102114;Franklin INDIA LIFE STAGE FUND OF FUNDS - THE 50+S PLAN (G);INF090I01684;;31.2659;30.9532;31.2659;14-Mar-2017
118518;Franklin India Life Stage Fund of Funds - The 50s Plus - Direct - Growth;INF090I01IH3;;32.0951;31.7741;32.0951;14-Mar-2017

HDFC Mutual Fund
119132;HDFC Gold ETF Fund of Fund - Direct Plan;INF179K01VX0;;9.6961;9.5022;9.6961;14-Mar-2017
115934;HDFC Gold ETF Fund of Fund - Growth Option;INF179K01LC5;;9.5550;9.3639;9.5550;14-Mar-2017
130533;HDFC Income Plus Arbitrage Active FOF - Growth Option;INF179KA1SF8;;16.0084;15.8483;16.0084;14-Mar-2017
130543;HDFC Income Plus Arbitrage Active FOF - Growth Option - Direct Plan;INF179KA1SC5;;16.5361;16.3707;16.5361;14-Mar-2017
130540;HDFC Income Plus Arbitrage Active FOF - IDCW Option;INF179KA1SG6;;14.0296;13.8893;14.0296;14-Mar-2017
130547;HDFC Income Plus Arbitrage Active FOF - IDCW Option - Direct Plan;INF179KA1SD3;;14.5242;14.3790;14.5242;14-Mar-2017

HSBC Mutual Fund
129199;HSBC Aggressive Hybrid Active FOF - Dividend;INF336L01HY1;INF336L01HZ8;15.311;15.311;15.311;14-Mar-2017
129201;HSBC Aggressive Hybrid Active FOF - Dividend Direct;INF336L01IB7;INF336L01IC5;15.4302;15.4302;15.4302;14-Mar-2017
129065;HSBC Aggressive Hybrid Active FOF - Growth;INF336L01IA9;;15.311;15.311;15.311;14-Mar-2017
129200;HSBC Aggressive Hybrid Active FOF - Growth Direct;INF336L01ID3;;15.4302;15.4302;15.4302;14-Mar-2017
129195;HSBC Income Plus Arbitrage Active FOF - Growth;INF336L01IM4;;13.1368;13.1368;13.1368;14-Mar-2017
129197;HSBC Income Plus Arbitrage Active FOF - Growth Direct;INF336L01IP7;;13.2315;13.2315;13.2315;14-Mar-2017
129196;HSBC Income Plus Arbitrage Active FOF IDCW;INF336L01IK8;INF336L01IL6;13.1368;13.1368;13.1368;14-Mar-2017
129191;HSBC Multi Asset Active FOF - Growth;INF336L01IG6;;14.7215;14.7215;14.7215;14-Mar-2017
129193;HSBC Multi Asset Active FOF - Growth Direct;INF336L01IJ0;;14.8276;14.8276;14.8276;14-Mar-2017
129192;HSBC Multi Asset Active FOF IDCW;INF336L01IE1;INF336L01IF8;14.7215;14.7215;14.7215;14-Mar-2017

ICICI Prudential Mutual Fund
120679;ICICI Prudential Asset Allocator Fund (FOF) - Direct Plan - Growth;INF109K01X16;;45.8035;45.3455;45.8035;14-Mar-2017
120680;ICICI Prudential Asset Allocator Fund (FOF) - Direct Plan - IDCW;INF109K01W90;INF109K01X08;45.7815;45.3237;45.7815;14-Mar-2017
102137;ICICI Prudential Asset Allocator Fund (FOF) - Growth;INF109K01837;;44.9129;44.4638;44.9129;14-Mar-2017
102138;ICICI Prudential Asset Allocator Fund (FOF) - IDCW;INF109K01FJ9;INF109K01845;44.9129;44.4638;44.9129;14-Mar-2017
120703;ICICI Prudential Debt Management Fund (FOF) - Direct Plan -  IDCW;INF109K01X57;INF109K01X65;25.7798;25.7798;25.7798;14-Mar-2017
120702;ICICI Prudential Debt Management Fund (FOF) - Direct Plan - Growth;INF109K01X73;;25.6845;25.6845;25.6845;14-Mar-2017
102141;ICICI Prudential Debt Management Fund (FOF) - Growth;INF109K01878;;25.4221;25.4221;25.4221;14-Mar-2017
102143;ICICI Prudential Debt Management Fund (FOF ) - IDCW;INF109K01FS0;INF109K01886;25.4221;25.4221;25.4221;14-Mar-2017
120313;ICICI Prudential Income plus Arbitrage Active FOF - Direct Plan - Growth;INF109K01W82;;30.2010;29.8990;30.2010;14-Mar-2017
120314;ICICI Prudential Income plus Arbitrage Active FOF - Direct Plan - IDCW;INF109K01W66;INF109K01W74;29.9935;29.6936;29.9935;14-Mar-2017
102139;ICICI Prudential Income Plus Arbitrage Active FOF - Growth;INF109K01811;;29.5241;29.2289;29.5241;14-Mar-2017
102140;ICICI Prudential Income plus Arbitrage Active FOF - IDCW;INF109K01EB9;INF109K01829;29.5241;29.2289;29.5241;14-Mar-2017
102134;ICICI Prudential Passive Strategy Fund (FOF) - IDCW;INF109K01DW7;INF109K01803;55.3500;54.7965;55.3500;14-Mar-2017
120243;ICICI Prudential Passive Strategy Fund (FOF) - Direct Plan -  IDCW;INF109K01W33;INF109K01W41;56.3842;55.8204;56.3842;14-Mar-2017
120242;ICICI Prudential Passive Strategy Fund (FOF) - Direct Plan - Growth;INF109K01W58;;56.3860;55.8221;56.3860;14-Mar-2017
102133;ICICI Prudential Passive Strategy Fund (FOF) - Growth;INF109K01795;;55.3500;54.7965;55.3500;14-Mar-2017
120685;ICICI Prudential Regular Gold Savings Fund (FOF) - Direct Plan -  Growth;INF109K01U92;;10.1776;9.9740;10.1776;14-Mar-2017
120686;ICICI Prudential Regular Gold Savings Fund (FOF) - Direct Plan -  IDCW;INF109K01U76;INF109K01U84;10.1780;9.9744;10.1780;14-Mar-2017
115833;ICICI Prudential Regular Gold Savings Fund (FOF) - Growth;INF109K01TK8;;10.0887;9.8869;10.0887;14-Mar-2017
115834;ICICI Prudential Regular Gold Savings Fund (FOF) - IDCW;INF109K01TM4;INF109K01TL6;10.0887;9.8869;10.0887;14-Mar-2017
120700;ICICI Prudential Thematic Advantage Fund (FOF) - Direct Plan - Growth;INF109K01X40;;63.5526;62.9171;63.5526;14-Mar-2017
102135;ICICI Prudential Thematic Advantage Fund (FOF) - Growth;INF109K01852;;63.2785;62.6457;63.2785;14-Mar-2017
102136;ICICI Prudential Thematic Advantage Fund (FOF) - IDCW;INF109K01FR2;INF109K01860;63.2785;62.6457;63.2785;14-Mar-2017

IDBI Mutual Fund
117714;IDBI GOLD FUND;INF397L01992;;8.5717;8.4860;8.5717;14-Mar-2017
118343;IDBI GOLD FUND Direct;INF397L01BU4;;8.7039;8.6169;8.7039;14-Mar-2017

Invesco Mutual Fund
120530;Invesco India Gold ETF Fund of Fund - Direct Plan - IDCW (Payout / Reinvestment);INF205K01NH3;INF205K01NI1;9.1582;8.9750;9.1582;14-Mar-2017
120531;Invesco India Gold ETF Fund of Fund - Direct Plan- - Growth;INF205K01NJ9;;9.1677;8.9843;9.1677;14-Mar-2017
116077;Invesco India Gold ETF Fund of Fund - Growth;INF205K01FA4;;9.0705;8.8891;9.0705;14-Mar-2017
116075;Invesco India Gold ETF Fund of Fund - IDCW (Payout / Reinvestment);INF205K01FB2;INF205K01FC0;9.0707;8.8893;9.0707;14-Mar-2017

Kotak Mahindra Mutual Fund
114758;Kotak Gold Fund Growth;INF174K01AT3;;12.2546;12.0095;12.2546;14-Mar-2017
119781;Kotak Gold Fund Growth - Direct;INF174K01MP6;;12.492;12.2422;12.492;14-Mar-2017
114757;Kotak Gold Fund Payout of Income Distribution cum capital withdrawal option;INF174K01AU1;INF174K01AV9;12.2548;12.0097;12.2548;14-Mar-2017
119780;Kotak Gold Fund Payout of Income Distribution cum capital withdrawal option- Direct;INF174K01MQ4;INF174K01MR2;12.4928;12.2429;12.4928;14-Mar-2017
119777;Kotak Multi Asset Allocator Fund of Fund - Dynamic - Direct Growth - Direct;INF174K01LN3;;71.294;70.581;71.294;14-Mar-2017
119776;Kotak Multi Asset Allocator Fund of Fund - Dynamic - Direct Payout of Income Distribution cum capital withdrawal option;INF174K01LO1;INF174K01LP8;70.015;69.315;70.015;14-Mar-2017
102574;Kotak Multi Asset Allocator Fund of Fund - Dynamic - Growth;INF174K01468;;70.506;69.801;70.506;14-Mar-2017
102573;Kotak Multi Asset Allocator Fund of Fund - Dynamic - Payout of Income Distribution cum capital withdrawal option;INF174K01484;INF174K01476;68.632;67.946;68.632;14-Mar-2017

Nippon India Mutual Fund
118662;NIPPON INDIA GOLD SAVINGS FUND - Direct Plan - IDCW Option;INF204K01YD2;INF204K01YE0;12.6286;12.3760;12.6286;14-Mar-2017
118663;Nippon India Gold Savings Fund - Direct Plan Growth Plan - Growth Option;INF204K01YC4;;12.6286;12.3760;12.6286;14-Mar-2017
114617;NIPPON INDIA GOLD SAVINGS FUND - IDCW Option;INF204K01KO8;INF204K01KP5;12.4143;12.1660;12.4143;14-Mar-2017
114616;Nippon India Gold Savings Fund-Growth plan- Growth Option;INF204K01KN0;;12.4143;12.1660;12.4143;14-Mar-2017

Quantum Mutual Fund
112039;Quantum Equity Fund of Funds - Direct Plan Growth Option;INF082J01093;;29.452;29.010;29.452;14-Mar-2017
112038;Quantum Equity Fund Of Funds - Direct Plan IDCW;INF082J01101;INF082J01119;29.452;29.010;29.452;14-Mar-2017
115132;Quantum Gold Savings Fund - Direct Plan Growth Option;INF082J01150;;12.1165;11.9348;12.1165;14-Mar-2017
117608;Quantum Multi Asset Fund of Funds - Direct Plan Growth Option;INF082J01168;;15.9436;15.7842;15.9436;14-Mar-2017

SBI Mutual Fund
119789;SBI Gold Fund - Direct Plan - Income Distribution cum Capital Withdrawal Option (IDCW);INF200K01RN3;INF200K01RO1;9.3622;9.2686;9.3622;14-Mar-2017
115677;SBI Gold Fund - Regular Plan - Income Distribution cum Capital Withdrawal Option (IDCW);INF200K01HB9;INF200K01HC7;9.2074;9.1153;9.2074;14-Mar-2017
115676;SBI GOLD FUND REGULAR PLAN - GROWTH;INF200K01HA1;;9.2057;9.1136;9.2057;14-Mar-2017
119788;SBI GOLD FUND- DIRECT PLAN - GROWTH;INF200K01RP8;;9.3658;9.2721;9.3658;14-Mar-2017

Open Ended Schemes ( Equity Scheme - Flexi Cap Fund )


Aditya Birla Sun Life Mutual Fund
120564;Aditya Birla Sun Life Flexi Cap Fund - Growth - Direct Plan;INF209K01XX1;;630.87;624.56;630.87;14-Mar-2017
103166;Aditya Birla Sun Life Flexi Cap Fund - Growth - Regular Plan;INF209K01AJ8;;609.13;603.04;609.13;14-Mar-2017
120565;Aditya Birla Sun Life Flexi Cap Fund -DIRECT - IDCW;INF209KA1LE0;INF209K01XY9;121.95;120.73;121.95;14-Mar-2017
103165;Aditya Birla Sun Life Flexi Cap Fund -Regular - IDCW;INF209K01AQ3;INF209K01DT1;98.50;97.51;98.50;14-Mar-2017

Bandhan Mutual Fund
108594;BANDHAN Flexi Cap Fund - Regular Plan - Growth;INF194K01391;;79.0316;79.0316;79.0316;14-Mar-2017
108595;BANDHAN Flexi Cap Fund - Regular Plan - IDCW;INF194K01409;INF194K01417;31.0710;31.0710;31.0710;14-Mar-2017
118424;BANDHAN Flexi Cap Fund-Direct Plan-Growth;INF194K01W62;;81.4098;81.4098;81.4098;14-Mar-2017
118423;BANDHAN Flexi Cap Fund-Direct Plan-IDCW;INF194K01W70;INF194K01W88;31.9122;31.9122;31.9122;14-Mar-2017

Canara Robeco Mutual Fund
118275;CANARA ROBECO FLEXICAP FUND - DIRECT PLAN - GROWTH OPTION;INF760K01EF0;;104.3000;104.3000;104.3000;14-Mar-2017
118276;CANARA ROBECO FLEXICAP FUND - DIRECT PLAN - IDCW (Payout/Reinvestment);INF760K01ED5;INF760K01EE3;44.3300;44.3300;44.3300;14-Mar-2017
101922;CANARA ROBECO FLEXICAP FUND - REGULAR PLAN - GROWTH OPTION;INF760K01019;;101.9400;101.9400;101.9400;14-Mar-2017
101923;CANARA ROBECO FLEXICAP FUND - REGULAR PLAN - IDCW (Payout/Reinvestment);INF760K01027;INF760K01035;32.2200;32.2200;32.2200;14-Mar-2017

DSP Mutual Fund
119076;DSP Flexi Cap Fund - Direct Plan - Growth;INF740K01PI2;;32.582;32.256;32.582;14-Mar-2017
119077;DSP Flexi Cap Fund - Direct Plan - IDCW;INF740K01PJ0;INF740K01PK8;67.234;66.562;67.234;14-Mar-2017
105875;DSP Flexi Cap Fund - Regular Plan - Growth;INF740K01037;;31.762;31.444;31.762;14-Mar-2017
100080;DSP Flexi Cap Fund - Regular Plan - IDCW;INF740K01011;INF740K01029;54.046;53.506;54.046;14-Mar-2017

Edelweiss Mutual Fund
140353;Edelweiss Flexi Cap Fund - Direct Plan - Growth Option;INF843K01KK1;;11.358;11.244;11.358;14-Mar-2017
140354;Edelweiss Flexi Cap Fund - Direct Plan - IDCW Option;INF843K01KL9;INF843K01KM7;11.246;11.134;11.246;14-Mar-2017
140356;Edelweiss Flexi Cap Fund - Regular - IDCW Option;INF843K01KO3;INF843K01KP0;11.148;11.037;11.148;14-Mar-2017
140355;Edelweiss Flexi Cap Fund - Regular Plan - Growth Option;INF843K01KN5;;11.147;11.036;11.147;14-Mar-2017

Franklin Templeton Mutual Fund
118535;Franklin India Flexi Cap Fund - Direct - Growth;INF090I01FK3;;532.1789;526.8571;532.1789;14-Mar-2017
118534;Franklin India Flexi Cap Fund - Direct - IDCW ;INF090I01FL1;INF090I01FM9;38.5378;38.1524;38.5378;14-Mar-2017
100520;Franklin India Flexi Cap Fund - Growth;INF090I01239;;512.2109;507.0888;512.2109;14-Mar-2017
100519;Franklin India Flexi Cap Fund - IDCW ;INF090I01213;INF090I01221;36.8388;36.4704;36.8388;14-Mar-2017

HDFC Mutual Fund
118955;HDFC Flexi Cap Fund - Growth Option - Direct Plan;INF179K01UT0;;548.628;543.142;548.628;14-Mar-2017
101762;HDFC Flexi Cap Fund - Growth Plan;INF179K01608;;531.402;526.088;531.402;14-Mar-2017
118954;HDFC Flexi Cap Fund - IDCW Option - Direct Plan;INF179K01VL5;INF179K01VM3;56.928;56.359;56.928;14-Mar-2017
101763;HDFC Flexi Cap Fund - IDCW Plan;INF179K01582;INF179K01590;54.852;54.303;54.852;14-Mar-2017

HSBC Mutual Fund
120046;HSBC Flexi Cap Fund - Direct Growth;INF336L01DH5;;77.791;77.791;77.791;14-Mar-2017
120045;HSBC Flexi Cap Fund - Direct IDCW;INF336L01DF9;INF336L01DG7;27.7841;27.7841;27.7841;14-Mar-2017
102252;HSBC Flexi Cap Fund - Regular Growth;INF336L01AF5;;75.4093;75.4093;75.4093;14-Mar-2017
102251;HSBC Flexi Cap Fund - Regular IDCW;INF336L01AE8;INF336L01AD0;25.4936;25.4936;25.4936;14-Mar-2017

IDBI Mutual Fund
128236;IDBI FLEXI CAP FUND Growth Direct;INF397L01HF2;;18.0800;17.9000;18.0800;14-Mar-2017
128235;IDBI FLEXI CAP FUND Growth Regular;INF397L01HJ4;;17.6700;17.4900;17.6700;14-Mar-2017
128233;IDBI FLEXI CAP FUND IDCW - Direct Plan;INF397L01HC9;;16.0100;15.8500;16.0100;14-Mar-2017
128234;IDBI FLEXI CAP FUND IDCW - Regular Plan;INF397L01HG0;;15.6300;15.4700;15.6300;14-Mar-2017

JM Financial Mutual Fund
120492;JM Flexicap Fund (Direct) - Growth Option;INF192K01CC7;;27.4819;27.4819;27.4819;14-Mar-2017
120491;JM Flexicap Fund (Direct) - IDCW;INF192K01CA1;INF192K01CB9;24.9914;24.9914;24.9914;14-Mar-2017
109522;JM Flexicap Fund (Regular) - Growth option;INF192K01635;;26.1316;26.1316;26.1316;14-Mar-2017
109523;JM Flexicap Fund (Regular) - IDCW;INF192K01619;INF192K01627;24.3039;24.3039;24.3039;14-Mar-2017

Kotak Mahindra Mutual Fund
112090;Kotak Flexicap Fund - Growth;INF174K01336;;28.168;27.886;28.168;14-Mar-2017
120166;Kotak Flexicap Fund - Growth - Direct;INF174K01LS2;;29.286;28.993;29.286;14-Mar-2017
112089;Kotak Flexicap Fund - Payout of Income Distribution cum capital withdrawal option;INF174K01351;INF174K01344;21.446;21.232;21.446;14-Mar-2017
120165;Kotak Flexicap Fund - Payout of Income Distribution cum capital withdrawal option- Direct;INF174K01LQ6;INF174K01LR4;22.385;22.161;22.385;14-Mar-2017

LIC Mutual Fund
120264;LIC MF Flexi Cap Fund-Direct Plan-Growth;INF767K01EG3;;42.4287;42.0044;42.4287;14-Mar-2017
120263;LIC MF Flexi Cap Fund-Direct Plan-IDCW;INF767K01EF5;INF767K01EH1;16.3643;16.2007;16.3643;14-Mar-2017
100313;LIC MF Flexi Cap Fund-Regular Plan-Growth;INF767K01071;;41.4429;41.0285;41.4429;14-Mar-2017
100312;LIC MF Flexi Cap Fund-Regular Plan-IDCW;INF767K01063;INF767K01055;13.5633;13.4277;13.5633;14-Mar-2017

Motilal Oswal Mutual Fund
129047;Motilal Oswal Flexi Cap Fund Direct - IDCW Payout/Reinvestment;INF247L01528;INF247L01510;22.4224;22.4224;22.4224;14-Mar-2017
129046;Motilal Oswal Flexi cap Fund Direct Plan-Growth Option;INF247L01502;;22.4224;22.4224;22.4224;14-Mar-2017
129049;Motilal Oswal Flexi cap Fund Regular - IDCW Payout/Reinvestment;INF247L01494;INF247L01486;21.8000;21.8000;21.8000;14-Mar-2017
129048;Motilal Oswal Flexi Cap Fund Regular Plan-Growth Option;INF247L01478;;21.8000;21.8000;21.8000;14-Mar-2017

PGIM India Mutual Fund
133837;PGIM India Flexi Cap Fund - Direct Plan - Dividend Option;INF663L01FG9;INF663L01FH7;11.55;11.43;11.55;14-Mar-2017
133839;PGIM India Flexi Cap Fund - Direct Plan - Growth Option;INF663L01FF1;;11.55;11.43;11.55;14-Mar-2017
133838;PGIM India Flexi Cap Fund - Regular Plan - Dividend Option;INF663L01FK1;INF663L01FL9;11.4;11.29;11.4;14-Mar-2017
133836;PGIM India Flexi Cap Fund - Regular Plan - Growth Option;INF663L01FJ3;;11.4;11.29;11.4;14-Mar-2017

PPFAS Mutual Fund
122639;Parag Parikh Flexi Cap Fund - Direct Plan - Growth;INF879O01027;;19.7982;19.4022;19.7982;14-Mar-2017
122640;Parag Parikh Flexi Cap Fund - Regular Plan - Growth;INF879O01019;;19.4171;19.0288;19.4171;14-Mar-2017

quant Mutual Fund
109830;quant Flexi Cap Fund - Growth Option - Regular Plan;INF966L01457;;21.7751;21.5573;21.7751;14-Mar-2017
120843;quant Flexi Cap Fund - Growth Option-Direct Plan;INF966L01911;;22.1082;21.8871;22.1082;14-Mar-2017
120842;quant Flexi Cap Fund - IDCW Option - Direct Plan;INF966L01895;INF966L01903;15.5987;15.4427;15.5987;14-Mar-2017
109831;quant Flexi Cap Fund - IDCW Option - Regular Plan;INF966L01432;INF966L01440;15.5937;15.4378;15.5937;14-Mar-2017

SBI Mutual Fund
119718;SBI Flexicap Fund - DIRECT PLAN - Growth Option;INF200K01UG1;;40.5898;40.1839;40.5898;14-Mar-2017
119717;SBI Flexicap Fund - Direct Plan - Income Distribution cum Capital Withdrawal Option (IDCW);INF200K01UE6;INF200K01UF3;24.4701;24.2254;24.4701;14-Mar-2017
103216;SBI Flexicap Fund - Regular Plan - Income Distribution cum Capital Withdrawal Option (IDCW);INF200K01230;INF200K01248;21.2613;21.0487;21.2613;14-Mar-2017
103215;SBI Flexicap Fund - REGULAR PLAN -Growth Option;INF200K01222;;39.3414;38.948;39.3414;14-Mar-2017

Taurus Mutual Fund
118884;Taurus Flexi Cap Fund - Direct Plan -  Payout of Income Distribution cum Capital Withdrawal option;INF044D01BV7;INF044D01BW5;69.80;69.45;69.80;14-Mar-2017
118883;Taurus Flexi Cap Fund - Direct Plan - Growth;INF044D01BU9;;102.26;101.75;102.26;14-Mar-2017
100476;Taurus Flexi Cap Fund - Regular Plan - Growth ;INF044D01989;;99.00;98.51;99.00;14-Mar-2017
111640;Taurus Flexi Cap Fund - Regular Plan - Payout of Income Distribution cum Capital Withdrawal option;INF044D01955;INF044D01963;69.70;69.35;69.70;14-Mar-2017

Union Mutual Fund
119292;Union Flexi Cap Fund - Direct Plan - Growth Option;INF582M01633;;16.99;16.82;16.99;14-Mar-2017
119293;Union Flexi Cap Fund - Direct Plan - IDCW Option;INF582M01658;INF582M01641;16.99;16.82;16.99;14-Mar-2017
115270;Union Flexi Cap Fund - Growth Option;INF582M01104;;16.44;16.28;16.44;14-Mar-2017
115290;Union Flexi Cap Fund - IDCW Option;INF582M01120;INF582M01112;13.10;12.97;13.10;14-Mar-2017

UTI Mutual Fund
100669;UTI - Flexi Cap Fund-Growth Option;INF789F01513;;112.5097;112.5097;112.5097;14-Mar-2017
120662;UTI - Flexi Cap Fund-Growth Option - Direct;INF789F01TC4;;114.2166;114.2166;114.2166;14-Mar-2017
120663;UTI Flexi Cap Fund - Direct Plan - IDCW;INF789F01TA8;INF789F01TB6;89.6982;89.6982;89.6982;14-Mar-2017
100668;UTI Flexi Cap Fund - Regular Plan - IDCW;INF189A01053;INF789F01505;88.2848;88.2848;88.2848;14-Mar-2017

Close Ended Schemes ( Income )


Aditya Birla Sun Life Mutual Fund
127535;Aditya Birla Sun Life Capital Protection Oriented Fund - Series 19 - Direct Plan-Growth;INF209KB1CS8;;13.1585;13.1585;13.1585;14-Mar-2017
127534;Aditya Birla Sun Life Capital Protection Oriented Fund - Series 19 - Regular Plan-Growth;INF209KB1CR0;;12.5977;12.5977;12.5977;14-Mar-2017
129215;Aditya Birla Sun Life Capital Protection Oriented Fund - Series 20 - Direct Plan-Growth;INF209KA1HH1;;12.9648;12.9648;12.9648;14-Mar-2017
129214;Aditya Birla Sun Life Capital Protection Oriented Fund - Series 20 - Regular Plan-Growth;INF209KA1HI9;;12.4383;12.4383;12.4383;14-Mar-2017
129921;Aditya Birla Sun Life Capital Protection Oriented Fund - Series 21 - Direct Plan-Growth;INF209KB1HJ6;;12.5229;12.5229;12.5229;14-Mar-2017
129922;Aditya Birla Sun Life Capital Protection Oriented Fund - Series 21 - Regular Plan-Growth;INF209KB1HK4;;12.0346;12.0346;12.0346;14-Mar-2017
130785;Aditya Birla Sun Life Capital Protection Oriented Fund - Series 22 - Direct Plan - Growth;INF209KB1IR7;;12.3987;12.3987;12.3987;14-Mar-2017
130786;Aditya Birla Sun Life Capital Protection Oriented Fund - Series 22 - Regular Plan - Growth;INF209KB1IS5;;11.9487;11.9487;11.9487;14-Mar-2017
131165;Aditya Birla Sun Life Capital Protection Oriented Fund - Series 23 - Direct Plan - Growth;INF209KA1OP0;;12.1331;12.1331;12.1331;14-Mar-2017
131166;Aditya Birla Sun Life Capital Protection Oriented Fund - Series 23 - Regular Plan - Growth;INF209KA1OQ8;;11.7106;11.7106;11.7106;14-Mar-2017
132977;Aditya Birla Sun Life Capital Protection Oriented Fund - Series 25 - Direct Plan - Growth;INF209KA1TN4;;11.0385;11.0385;11.0385;14-Mar-2017
132978;Aditya Birla Sun Life Capital Protection Oriented Fund - Series 25 - Regular Plan - Growth;INF209KA1TO2;;10.6954;10.6954;10.6954;14-Mar-2017
134149;Aditya Birla Sun Life Capital Protection Oriented Fund - Series 26 - Direct Plan-Growth;INF209KA1J73;;10.4975;10.4975;10.4975;14-Mar-2017
134148;Aditya Birla Sun Life Capital Protection Oriented Fund - Series 26 - Regular Plan-Growth;INF209KA1J81;;10.3524;10.3524;10.3524;14-Mar-2017
135776;Aditya Birla Sun Life Capital Protection Oriented Fund - Series 29 - Direct Plan-Growth;INF209KA10O9;;11.2970;11.2970;11.2970;14-Mar-2017
135775;Aditya Birla Sun Life Capital Protection Oriented Fund - Series 29 - Regular Plan-Growth;INF209KA11O7;;11.0794;11.0794;11.0794;14-Mar-2017
136415;Aditya Birla Sun Life Capital Protection Oriented Fund - Series 30 - Direct Plan-Growth;INF209KA13V8;;10.9160;10.9160;10.9160;14-Mar-2017
136414;Aditya Birla Sun Life Capital Protection Oriented Fund - Series 30 - Regular Plan-Growth;;;10.8054;10.8054;10.8054;14-Mar-2017
139442;Aditya Birla Sun Life Dual Advantage Fund - Series I - Direct Plan - Dividend Payout;INF209KB1044;;10.6310;10.6310;10.6310;14-Mar-2017
139440;Aditya Birla Sun Life Dual Advantage Fund - Series I - Direct Plan - Growth;INF209KB1036;;10.6310;10.6310;10.6310;14-Mar-2017
139439;Aditya Birla Sun Life Dual Advantage Fund - Series I - Regular Plan - Dividend Payout;INF209KB1028;;10.5338;10.5338;10.5338;14-Mar-2017
139441;Aditya Birla Sun Life Dual Advantage Fund - Series I - Regular Plan - Growth;INF209KB1010;;10.5338;10.5338;10.5338;14-Mar-2017
126600;Aditya Birla Sun Life Fixed Term Plan - Corporate Bond Series A (1170 days) - Direct Plan-Dividend;INF209KA1623;;13.3678;13.3678;13.3678;14-Mar-2017
126598;Aditya Birla Sun Life Fixed Term Plan - Corporate Bond Series A (1170 days) - Direct Plan-Growth;INF209KA1615;;13.5311;13.5311;13.5311;14-Mar-2017
126599;Aditya Birla Sun Life Fixed Term Plan - Corporate Bond Series A (1170 days) - Regular Plan-Dividend;INF209KA1607;;13.2966;13.2966;13.2966;14-Mar-2017
126601;Aditya Birla Sun Life Fixed Term Plan - Corporate Bond Series A (1170 days) - Regular Plan-Growth;INF209KA1599;;13.4593;13.4593;13.4593;14-Mar-2017
126744;Aditya Birla Sun Life Fixed Term Plan - Corporate Bond Series B (1168 days) - Direct Plan-Dividend;INF209KA1664;;13.3263;13.3263;13.3263;14-Mar-2017
126745;Aditya Birla Sun Life Fixed Term Plan - Corporate Bond Series B (1168 days) - Direct Plan-Growth;INF209KA1656;;13.3263;13.3263;13.3263;14-Mar-2017
126743;Aditya Birla Sun Life Fixed Term Plan - Corporate Bond Series B (1168 days) - Regular Plan-Dividend;INF209KA1649;;13.1981;13.1981;13.1981;14-Mar-2017
126746;Aditya Birla Sun Life Fixed Term Plan - Corporate Bond Series B (1168 days) - Regular Plan-Growth;INF209KA1631;;13.1981;13.1981;13.1981;14-Mar-2017
123602;Aditya Birla Sun Life Fixed Term Plan - Series HL (1463 days) - Direct Plan-Growth;INF209KB1382;;13.6935;13.6935;13.6935;14-Mar-2017
123601;Aditya Birla Sun Life Fixed Term Plan - Series HL (1463 days) - Direct Plan-Normal Dividend;INF209KB1390;;10.4353;10.4353;10.4353;14-Mar-2017
123603;Aditya Birla Sun Life Fixed Term Plan - Series HL (1463 days) - Regular Plan-Growth;INF209KB1416;;13.6660;13.6660;13.6660;14-Mar-2017
123605;Aditya Birla Sun Life Fixed Term Plan - Series HL (1463 days) - Regular Plan-Normal Dividend;INF209KB1424;;10.4316;10.4316;10.4316;14-Mar-2017
124053;Aditya Birla Sun Life Fixed Term Plan - Series HS (1465 days) - Direct Plan-Growth;INF209KB1598;;13.6806;13.6806;13.6806;14-Mar-2017
124052;Aditya Birla Sun Life Fixed Term Plan - Series HS (1465 days) - Regular Plan-Growth;INF209KB1606;;13.6328;13.6328;13.6328;14-Mar-2017
124051;Aditya Birla Sun Life Fixed Term Plan - Series HS (1465 days) - Regular Plan-Quarterly Dividend;INF209KB1622;;10.4006;10.4006;10.4006;14-Mar-2017
125442;Aditya Birla Sun Life Fixed Term Plan - Series IY (1598 days) - Direct Plan-Growth;INF209KA1V77;;13.2425;13.2425;13.2425;14-Mar-2017
125445;Aditya Birla Sun Life Fixed Term Plan - Series IY (1598 days) - Regular Plan-Growth;INF209KA1W01;;13.1180;13.1180;13.1180;14-Mar-2017
125443;Aditya Birla Sun Life Fixed Term Plan - Series IY (1598 days) - Regular Plan-Normal Dividend;INF209KA1W19;;11.6951;11.6951;11.6951;14-Mar-2017
125444;Aditya Birla Sun Life Fixed Term Plan - Series IY (1598 days) - Regular Plan-Quarterly Dividend;INF209KA1V69;;10.9422;10.9422;10.9422;14-Mar-2017
125581;Aditya Birla Sun Life Fixed Term Plan - Series JA (1464 days) - Direct Plan-Growth;INF209KB1AA0;;15.0315;15.0315;15.0315;14-Mar-2017
126228;Aditya Birla Sun Life Fixed Term Plan - Series JP (1175 days) - Direct Plan-Growth;INF209KA15C3;;13.0290;13.0290;13.0290;14-Mar-2017
126225;Aditya Birla Sun Life Fixed Term Plan - Series JP (1175 days) - Regular Plan-Growth;INF209KA18C7;;12.9506;12.9506;12.9506;14-Mar-2017
126229;Aditya Birla Sun Life Fixed Term Plan - Series JP (1175 days) - Regular Plan-Normal Dividend;INF209KA19C5;;11.5237;11.5237;11.5237;14-Mar-2017
126453;Aditya Birla Sun Life Fixed Term Plan - Series JR (1162 days) - Direct Plan-Growth;INF209KA11D0;;12.9321;12.9321;12.9321;14-Mar-2017
126452;Aditya Birla Sun Life Fixed Term Plan - Series JR (1162 days) - Direct Plan-Quarterly Dividend;INF209KA13D6;;10.7915;10.7915;10.7915;14-Mar-2017
126450;Aditya Birla Sun Life Fixed Term Plan - Series JR (1162 days) - Regular Plan-Growth;INF209KA14D4;;12.8566;12.8566;12.8566;14-Mar-2017
126449;Aditya Birla Sun Life Fixed Term Plan - Series JR (1162 days) - Regular Plan-Normal Dividend;INF209KA15D1;;11.4619;11.4619;11.4619;14-Mar-2017
126908;Aditya Birla Sun Life Fixed Term Plan - Series JX (1530 days) - Direct Plan-Growth;INF209KA1R32;;13.0824;13.0824;13.0824;14-Mar-2017
126911;Aditya Birla Sun Life Fixed Term Plan - Series JX (1530 days) - Regular Plan-Growth;INF209KA1R65;;13.0030;13.0030;13.0030;14-Mar-2017
126986;Aditya Birla Sun Life Fixed Term Plan - Series JY (1162 days) - Direct Plan-Growth;INF209KB1AW4;;12.9400;12.9400;12.9400;14-Mar-2017
126984;Aditya Birla Sun Life Fixed Term Plan - Series JY (1162 days) - Direct Plan-Normal Dividend;INF209KB1AX2;;10.0598;10.0598;10.0598;14-Mar-2017
126983;Aditya Birla Sun Life Fixed Term Plan - Series JY (1162 days) - Regular Plan-Growth;INF209KB1AZ7;;12.8953;12.8953;12.8953;14-Mar-2017
126987;Aditya Birla Sun Life Fixed Term Plan - Series JY (1162 days) - Regular Plan-Normal Dividend;INF209KB1BA8;;10.0588;10.0588;10.0588;14-Mar-2017
127062;Aditya Birla Sun Life Fixed Term Plan - Series KA (1154 days) - Direct Plan-Growth;INF209KA1R99;;12.9491;12.9491;12.9491;14-Mar-2017
127064;Aditya Birla Sun Life Fixed Term Plan - Series KA (1154 days) - Regular Plan-Growth;INF209KA1S23;;12.8650;12.8650;12.8650;14-Mar-2017
127063;Aditya Birla Sun Life Fixed Term Plan - Series KA (1154 days) - Regular Plan-Normal Dividend;INF209KA1S31;;11.6233;11.6233;11.6233;14-Mar-2017
127349;Aditya Birla Sun Life Fixed Term Plan - Series KC (1159 days) - Direct Plan-Growth;INF209KB1AQ6;;12.9383;12.9383;12.9383;14-Mar-2017
127347;Aditya Birla Sun Life Fixed Term Plan - Series KC (1159 days) - Regular Plan-Growth;INF209KB1AT0;;12.9259;12.9259;12.9259;14-Mar-2017
127486;Aditya Birla Sun Life Fixed Term Plan - Series KD (1143 days) - Direct Plan-Growth;INF209KB1BI1;;12.9206;12.9206;12.9206;14-Mar-2017
127489;Aditya Birla Sun Life Fixed Term Plan - Series KD (1143 days) - Regular Plan-Growth;INF209KB1BL5;;12.8981;12.8981;12.8981;14-Mar-2017
127395;Aditya Birla Sun Life Fixed Term Plan - Series KE (1511 days) - Direct Plan-Growth;INF209KA1Q17;;13.0227;13.0227;13.0227;14-Mar-2017
127398;Aditya Birla Sun Life Fixed Term Plan - Series KE (1511 days) - Regular Plan-Growth;INF209KA1Q41;;12.9434;12.9434;12.9434;14-Mar-2017
127589;Aditya Birla Sun Life Fixed Term Plan - Series KF (1140 days) - Direct Plan-Growth;INF209KB1BO9;;12.9076;12.9076;12.9076;14-Mar-2017
127592;Aditya Birla Sun Life Fixed Term Plan - Series KF (1140 days) - Regular Plan-Growth;INF209KB1BR2;;12.8908;12.8908;12.8908;14-Mar-2017
127596;Aditya Birla Sun Life Fixed Term Plan - Series KG (1136 days) - Direct Plan-Growth;INF209KB1BU6;;12.8798;12.8798;12.8798;14-Mar-2017
127594;Aditya Birla Sun Life Fixed Term Plan - Series KG (1136 days) - Regular Plan-Growth;INF209KB1BX0;;12.8574;12.8574;12.8574;14-Mar-2017
127597;Aditya Birla Sun Life Fixed Term Plan - Series KG (1136 days) - Regular Plan-Normal Dividend;INF209KB1BY8;;10.0131;10.0131;10.0131;14-Mar-2017
127603;Aditya Birla Sun Life Fixed Term Plan - Series KH (1505 days) - Direct Plan-Growth;INF209KA1S49;;13.0131;13.0131;13.0131;14-Mar-2017
127604;Aditya Birla Sun Life Fixed Term Plan - Series KH (1505 days) - Regular Plan-Growth;INF209KA1T06;;12.9093;12.9093;12.9093;14-Mar-2017
127601;Aditya Birla Sun Life Fixed Term Plan - Series KH (1505 days) - Regular Plan-Quarterly Dividend;INF209KA1S80;;10.9312;10.9312;10.9312;14-Mar-2017
127827;Aditya Birla Sun Life Fixed Term Plan - Series KI (1133 days) - Direct Plan-Growth;INF209KB1CA6;;12.8591;12.8591;12.8591;14-Mar-2017
127830;Aditya Birla Sun Life Fixed Term Plan - Series KI (1133 days) - Regular Plan-Growth;INF209KB1CD0;;12.8365;12.8365;12.8365;14-Mar-2017
127833;Aditya Birla Sun Life Fixed Term Plan - Series KJ (1499 days) - Direct Plan-Growth;INF209KA1T30;;12.9740;12.9740;12.9740;14-Mar-2017
127835;Aditya Birla Sun Life Fixed Term Plan - Series KJ (1499 days) - Regular Plan-Growth;INF209KA1T63;;12.8745;12.8745;12.8745;14-Mar-2017
127836;Aditya Birla Sun Life Fixed Term Plan - Series KJ (1499 days) - Regular Plan-Normal Dividend;INF209KA1T71;;11.6943;11.6943;11.6943;14-Mar-2017
127990;Aditya Birla Sun Life Fixed Term Plan - Series KK (1129 days) - Direct Plan-Growth;INF209KB1CG3;;12.9011;12.9011;12.9011;14-Mar-2017
127993;Aditya Birla Sun Life Fixed Term Plan - Series KK (1129 days) - Regular Plan-Growth;INF209KB1CJ7;;12.8781;12.8781;12.8781;14-Mar-2017
127992;Aditya Birla Sun Life Fixed Term Plan - Series KK (1129 days) - Regular Plan-Quarterly Dividend;INF209KB1CF5;;10.0133;10.0133;10.0133;14-Mar-2017
128002;Aditya Birla Sun Life Fixed Term Plan - Series KM (1099 days) - Direct Plan-Growth;INF209KB1CM1;;12.8335;12.8335;12.8335;14-Mar-2017
128005;Aditya Birla Sun Life Fixed Term Plan - Series KM (1099 days) - Regular Plan-Growth;INF209KB1CP4;;12.7999;12.7999;12.7999;14-Mar-2017
128171;Aditya Birla Sun Life Fixed Term Plan - Series KN (1121 days) - Direct Plan-Growth;INF209KB1EO3;;12.8460;12.8460;12.8460;14-Mar-2017
128169;Aditya Birla Sun Life Fixed Term Plan - Series KN (1121 days) - Direct Plan-Normal Dividend;INF209KB1EP0;;10.0000;10.0000;10.0000;14-Mar-2017
128174;Aditya Birla Sun Life Fixed Term Plan - Series KN (1121 days) - Regular Plan-Growth;INF209KB1ER6;;12.8366;12.8366;12.8366;14-Mar-2017
128303;Aditya Birla Sun Life Fixed Term Plan - Series KO (1498 days) - Direct Plan-Growth;INF209KA1U52;;12.9459;12.9459;12.9459;14-Mar-2017
128305;Aditya Birla Sun Life Fixed Term Plan - Series KO (1498 days) - Direct Plan-Quarterly Dividend;INF209KA1U78;;10.9436;10.9436;10.9436;14-Mar-2017
128304;Aditya Birla Sun Life Fixed Term Plan - Series KO (1498 days) - Regular Plan-Growth;INF209KA1U86;;12.8705;12.8705;12.8705;14-Mar-2017
128308;Aditya Birla Sun Life Fixed Term Plan - Series KO (1498 days) - Regular Plan-Normal Dividend;INF209KA1U94;;11.6903;11.6903;11.6903;14-Mar-2017
128190;Aditya Birla Sun Life Fixed Term Plan - Series KP (1504 days) - Direct Plan-Growth;INF209KA1X34;;12.9563;12.9563;12.9563;14-Mar-2017
128187;Aditya Birla Sun Life Fixed Term Plan - Series KP (1504 days) - Regular Plan-Growth;INF209KA1X67;;12.8471;12.8471;12.8471;14-Mar-2017
128454;Aditya Birla Sun Life Fixed Term Plan - Series KQ (1119 days) - Direct Plan-Growth;INF209KB1EU0;;12.8333;12.8333;12.8333;14-Mar-2017
128456;Aditya Birla Sun Life Fixed Term Plan - Series KQ (1119 days) - Regular Plan-Growth;INF209KB1EX4;;12.8026;12.8026;12.8026;14-Mar-2017
128486;Aditya Birla Sun Life Fixed Term Plan - Series KR (1124 days) - Direct Plan-Growth;INF209KA1M52;;12.8470;12.8470;12.8470;14-Mar-2017
128490;Aditya Birla Sun Life Fixed Term Plan - Series KR (1124 days) - Direct Plan-Normal Dividend;INF209KA1M60;;11.6554;11.6554;11.6554;14-Mar-2017
128489;Aditya Birla Sun Life Fixed Term Plan - Series KR (1124 days) - Regular Plan-Growth;INF209KA1M86;;12.8116;12.8116;12.8116;14-Mar-2017
128506;Aditya Birla Sun Life Fixed Term Plan - Series KS (1100 days) - Direct Plan-Growth;INF209KA1G27;;12.8205;12.8205;12.8205;14-Mar-2017
128509;Aditya Birla Sun Life Fixed Term Plan - Series KS (1100 days) - Regular Plan-Growth;INF209KA1G50;;12.8020;12.8020;12.8020;14-Mar-2017
128507;Aditya Birla Sun Life Fixed Term Plan - Series KS (1100 days) - Regular Plan-Normal Dividend;INF209KA1G68;;11.7043;11.7043;11.7043;14-Mar-2017
128642;Aditya Birla Sun Life Fixed Term Plan - Series KT (1119 days) - Direct Plan-Growth;INF209KA1N10;;12.8157;12.8157;12.8157;14-Mar-2017
128645;Aditya Birla Sun Life Fixed Term Plan - Series KT (1119 days) - Regular Plan-Growth;INF209KA1N44;;12.7414;12.7414;12.7414;14-Mar-2017
128644;Aditya Birla Sun Life Fixed Term Plan - Series KT (1119 days) - Regular Plan-Quarterly Dividend;INF209KA1N02;;10.8549;10.8549;10.8549;14-Mar-2017
128826;Aditya Birla Sun Life Fixed Term Plan - Series KW (1477 days) - Direct Plan-Growth;INF209KA1O35;;12.8689;12.8689;12.8689;14-Mar-2017
128824;Aditya Birla Sun Life Fixed Term Plan - Series KW (1477 days) - Regular Plan-Growth;INF209KA1O68;;12.8079;12.8079;12.8079;14-Mar-2017
128823;Aditya Birla Sun Life Fixed Term Plan - Series KW (1477 days) - Regular Plan-Quarterly Dividend;INF209KA1O27;;10.9210;10.9210;10.9210;14-Mar-2017
128892;Aditya Birla Sun Life Fixed Term Plan - Series KX (1475 days) - Direct Plan-Growth;INF209KA1O92;;12.8547;12.8547;12.8547;14-Mar-2017
128895;Aditya Birla Sun Life Fixed Term Plan - Series KX (1475 days) - Regular Plan-Growth;INF209KA1P26;;12.8294;12.8294;12.8294;14-Mar-2017
128893;Aditya Birla Sun Life Fixed Term Plan - Series KX (1475 days) - Regular Plan-Normal Dividend;INF209KA1P34;;11.7245;11.7245;11.7245;14-Mar-2017
128969;Aditya Birla Sun Life Fixed Term Plan - Series KZ (1103 days)  - Direct Plan-Growth;INF209KA1P59;;12.7260;12.7260;12.7260;14-Mar-2017
128973;Aditya Birla Sun Life Fixed Term Plan - Series KZ (1103 days)  - Direct Plan-Normal Dividend;INF209KA1P67;;11.6515;11.6515;11.6515;14-Mar-2017
128970;Aditya Birla Sun Life Fixed Term Plan - Series KZ (1103 days)  - Regular Plan-Normal Dividend;INF209KA1P91;;11.6352;11.6352;11.6352;14-Mar-2017
128971;Aditya Birla Sun Life Fixed Term Plan - Series KZ (1103 days)  - Regular Plan-Quarterly Dividend;INF209KA1P42;;10.8504;10.8504;10.8504;14-Mar-2017
128972;Aditya Birla Sun Life Fixed Term Plan - Series KZ (1103 days) - Regular Plan-Growth;INF209KA1P83;;12.7025;12.7025;12.7025;14-Mar-2017
129059;Aditya Birla Sun Life Fixed Term Plan - Series LA (1099 days)  - Direct Plan-Growth;INF209KA1T97;;12.7267;12.7267;12.7267;14-Mar-2017
129060;Aditya Birla Sun Life Fixed Term Plan - Series LA (1099 days)  - Regular Plan-Normal Dividend;INF209KA1U37;;11.6192;11.6192;11.6192;14-Mar-2017
129064;Aditya Birla Sun Life Fixed Term Plan - Series LA (1099 days) - Regular Plan-Growth;INF209KA1U29;;12.6908;12.6908;12.6908;14-Mar-2017
129121;Aditya Birla Sun Life Fixed Term Plan - Series LC (1099 days) - Direct Plan-Growth;INF209KA1Y17;;12.7123;12.7123;12.7123;14-Mar-2017
129122;Aditya Birla Sun Life Fixed Term Plan - Series LC (1099 days) - Regular Plan-Growth;INF209KA1Y41;;12.6768;12.6768;12.6768;14-Mar-2017
129125;Aditya Birla Sun Life Fixed Term Plan - Series LC (1099 days) - Regular Plan-Normal Dividend;INF209KA1Y58;;11.5983;11.5983;11.5983;14-Mar-2017
129128;Aditya Birla Sun Life Fixed Term Plan - Series LD (1106 days) - Direct Plan-Growth;INF209KA16Y5;;12.7804;12.7804;12.7804;14-Mar-2017
129130;Aditya Birla Sun Life Fixed Term Plan - Series LD (1106 days) - Direct Plan-Normal Dividend;INF209KA17Y3;;10.6883;10.6883;10.6883;14-Mar-2017
129129;Aditya Birla Sun Life Fixed Term Plan - Series LD (1106 days) - Regular Plan-Growth;INF209KA19Y9;;12.6810;12.6810;12.6810;14-Mar-2017
129132;Aditya Birla Sun Life Fixed Term Plan - Series LD (1106 days) - Regular Plan-Normal Dividend;INF209KA10Z5;;10.6796;10.6796;10.6796;14-Mar-2017
129397;Aditya Birla Sun Life Fixed Term Plan - Series LF (1100 days) - Direct Plan-Growth;INF209KA1Y74;;12.6979;12.6979;12.6979;14-Mar-2017
129398;Aditya Birla Sun Life Fixed Term Plan - Series LF (1100 days) - Regular Plan-Growth;INF209KA1Z08;;12.6645;12.6645;12.6645;14-Mar-2017
129399;Aditya Birla Sun Life Fixed Term Plan - Series LF (1100 days) - Regular Plan-Normal Dividend;INF209KA1Z16;;11.5920;11.5920;11.5920;14-Mar-2017
129432;Aditya Birla Sun Life Fixed Term Plan - Series LG (1157 days) - Direct Plan-Growth;INF209KA1Z32;;12.7170;12.7170;12.7170;14-Mar-2017
129435;Aditya Birla Sun Life Fixed Term Plan - Series LG (1157 days) - Regular Plan-Growth;INF209KA1Z65;;12.6844;12.6844;12.6844;14-Mar-2017
129490;Aditya Birla Sun Life Fixed Term Plan - Series LI (1173 days) - Direct Plan-Growth;INF209KA1Z99;;12.6713;12.6713;12.6713;14-Mar-2017
129488;Aditya Birla Sun Life Fixed Term Plan - Series LI (1173 days) - Direct Plan-Normal Dividend;INF209KA10A8;;11.5956;11.5956;11.5956;14-Mar-2017
129492;Aditya Birla Sun Life Fixed Term Plan - Series LI (1173 days) - Regular Plan-Growth;INF209KA12A4;;12.6383;12.6383;12.6383;14-Mar-2017
129493;Aditya Birla Sun Life Fixed Term Plan - Series LI (1173 days) - Regular Plan-Normal Dividend;INF209KA13A2;;11.5760;11.5760;11.5760;14-Mar-2017
129536;Aditya Birla Sun Life Fixed Term Plan - Series LJ (1150 days) - Direct Plan-Growth;INF209KA15A7;;12.6868;12.6868;12.6868;14-Mar-2017
129538;Aditya Birla Sun Life Fixed Term Plan - Series LJ (1150 days) - Regular Plan-Growth;INF209KA18A1;;12.6544;12.6544;12.6544;14-Mar-2017
129539;Aditya Birla Sun Life Fixed Term Plan - Series LJ (1150 days) - Regular Plan-Normal Dividend;INF209KA19A9;;11.5904;11.5904;11.5904;14-Mar-2017
129535;Aditya Birla Sun Life Fixed Term Plan - Series LJ (1150days) - Direct Plan-Quarterly Dividend;INF209KA17A3;;10.8544;10.8544;10.8544;14-Mar-2017
129635;Aditya Birla Sun Life Fixed Term Plan - Series LK (1148 days) - Direct Plan-Growth;INF209KA11B4;;12.6912;12.6912;12.6912;14-Mar-2017
129634;Aditya Birla Sun Life Fixed Term Plan - Series LK (1148 days) - Regular Plan-Growth;INF209KA14B8;;12.6588;12.6588;12.6588;14-Mar-2017
129671;Aditya Birla Sun Life Fixed Term Plan - Series LL (1104 days) - Direct Plan-Growth;INF209KA15Z4;;12.6149;12.6149;12.6149;14-Mar-2017
129669;Aditya Birla Sun Life Fixed Term Plan - Series LL (1104 days) - Direct Plan-Normal Dividend;INF209KA16Z2;;10.6222;10.6222;10.6222;14-Mar-2017
129667;Aditya Birla Sun Life Fixed Term Plan - Series LL (1104 days) - Regular Plan-Growth;INF209KA18Z8;;12.5162;12.5162;12.5162;14-Mar-2017
129668;Aditya Birla Sun Life Fixed Term Plan - Series LL (1104 days) - Regular Plan-Quarterly Dividend;INF209KA14Z7;;10.4958;10.4958;10.4958;14-Mar-2017
129954;Aditya Birla Sun Life Fixed Term Plan - Series LO (1142 days) - Direct Plan-Growth;INF209KA15F6;;12.4892;12.4892;12.4892;14-Mar-2017
129958;Aditya Birla Sun Life Fixed Term Plan-Series LO (1142 days) - Regular Plan-Growth Option;INF209KA18F0;;12.4584;12.4584;12.4584;14-Mar-2017
129959;Aditya Birla Sun Life Fixed Term Plan-Series LO (1142 days) - Regular Plan-Normal Dividend;INF209KA19F8;;11.4430;11.4430;11.4430;14-Mar-2017
129957;Aditya Birla Sun Life Fixed Term Plan-Series LO (1142 days) - Regular Plan-Quarterly Dividend;INF209KA14F9;;10.7834;10.7834;10.7834;14-Mar-2017
130569;Aditya Birla Sun Life Fixed Term Plan - Series LQ (1113 days) - Direct Plan - Growth;INF209KA19H4;;12.5081;12.5081;12.5081;14-Mar-2017
130573;Aditya Birla Sun Life Fixed Term Plan - Series LQ (1113 days) - Regular Plan - Growth Option;INF209KA12I7;;12.4827;12.4827;12.4827;14-Mar-2017
130570;Aditya Birla Sun Life Fixed Term Plan - Series LQ (1113 days) - Regular Plan - Normal Dividend;INF209KA13I5;;11.4742;11.4742;11.4742;14-Mar-2017
130912;Aditya Birla Sun Life Fixed Term Plan - Series LU (1104 days) - Direct Plan - Growth;INF209KA1NI7;;12.5615;12.5615;12.5615;14-Mar-2017
130917;Aditya Birla Sun Life Fixed Term Plan - Series LU (1104 days) - Direct Plan - Normal Dividend;INF209KA1NJ5;;12.5613;12.5613;12.5613;14-Mar-2017
130916;Aditya Birla Sun Life Fixed Term Plan - Series LU (1104 days) - Direct Plan - Quarterly Dividend;INF209KA1NK3;;11.1024;11.1024;11.1024;14-Mar-2017
130913;Aditya Birla Sun Life Fixed Term Plan - Series LU (1104 days) - Regular Plan - Growth;INF209KA1NF3;;12.4926;12.4926;12.4926;14-Mar-2017
130914;Aditya Birla Sun Life Fixed Term Plan - Series LU (1104 days) - Regular Plan - Normal Dividend;INF209KA1NG1;;12.4926;12.4926;12.4926;14-Mar-2017
130915;Aditya Birla Sun Life Fixed Term Plan - Series LU (1104 days) - Regular Plan - Quarterly Dividend;INF209KA1NH9;;11.0763;11.0763;11.0763;14-Mar-2017
131088;Aditya Birla Sun Life Fixed Term Plan - Series LV (1099 days) - Direct Plan - Growth;INF209KA1OG9;;12.5325;12.5325;12.5325;14-Mar-2017
131090;Aditya Birla Sun Life Fixed Term Plan - Series LV (1099 days) - Direct Plan - Quarterly Dividend;INF209KA1OI5;;11.1027;11.1027;11.1027;14-Mar-2017
131091;Aditya Birla Sun Life Fixed Term Plan - Series LV (1099 days) - Regular Plan - Growth;INF209KA1OD6;;12.5061;12.5061;12.5061;14-Mar-2017
131092;Aditya Birla Sun Life Fixed Term Plan - Series LV (1099 days) - Regular Plan - Normal Dividend;INF209KA1OE4;;12.5061;12.5061;12.5061;14-Mar-2017
131093;Aditya Birla Sun Life Fixed Term Plan - Series LV (1099 days) - Regular Plan - Quarterly Dividend;INF209KA1OF1;;11.0925;11.0925;11.0925;14-Mar-2017
131362;Aditya Birla Sun Life Fixed Term Plan - Series LX (1099 days) - Direct Plan - Growth;INF209KA1PY9;;12.4922;12.4922;12.4922;14-Mar-2017
131359;Aditya Birla Sun Life Fixed Term Plan - Series LX (1099 days) - Direct Plan - Normal Dividend;INF209KA1PZ6;;12.4927;12.4927;12.4927;14-Mar-2017
131364;Aditya Birla Sun Life Fixed Term Plan - Series LX (1099 days) - Regular Plan - Growth;INF209KA1PV5;;12.4646;12.4646;12.4646;14-Mar-2017
131361;Aditya Birla Sun Life Fixed Term Plan - Series LX (1099 days) - Regular Plan - Normal Dividend;INF209KA1PW3;;12.4646;12.4646;12.4646;14-Mar-2017
131360;Aditya Birla Sun Life Fixed Term Plan - Series LX (1099 days) - Regular Plan - Quarterly Dividend;INF209KA1PX1;;11.1043;11.1043;11.1043;14-Mar-2017
131553;Aditya Birla Sun Life Fixed Term Plan - Series MA (1099 days) - Direct Plan - Growth;INF209KA1RO6;;12.3828;12.3828;12.3828;14-Mar-2017
131554;Aditya Birla Sun Life Fixed Term Plan - Series MA (1099 days) - Direct Plan - Normal Dividend;INF209KA1RP3;;12.3827;12.3827;12.3827;14-Mar-2017
131549;Aditya Birla Sun Life Fixed Term Plan - Series MA (1099 days) - Direct Plan - Quarterly Dividend;INF209KA1RQ1;;11.0774;11.0774;11.0774;14-Mar-2017
131550;Aditya Birla Sun Life Fixed Term Plan - Series MA (1099 days) - Regular Plan - Growth;INF209KA1RL2;;12.3560;12.3560;12.3560;14-Mar-2017
131552;Aditya Birla Sun Life Fixed Term Plan - Series MA (1099 days) - Regular Plan - Normal Dividend;INF209KA1RM0;;12.3560;12.3560;12.3560;14-Mar-2017
131551;Aditya Birla Sun Life Fixed Term Plan - Series MA (1099 days) - Regular Plan - Quarterly Dividend;INF209KA1RN8;;11.0658;11.0658;11.0658;14-Mar-2017
132903;Aditya Birla Sun Life Fixed Term Plan - Series MD (1099 days) - Direct Plan - Growth;INF209KA1TC7;;12.2108;12.2108;12.2108;14-Mar-2017
132907;Aditya Birla Sun Life Fixed Term Plan - Series MD (1099 days) - Direct Plan - Normal Dividend;INF209KA1TD5;;12.2108;12.2108;12.2108;14-Mar-2017
132906;Aditya Birla Sun Life Fixed Term Plan - Series MD (1099 days) - Regular Plan - Growth;INF209KA1SZ0;;12.1212;12.1212;12.1212;14-Mar-2017
132908;Aditya Birla Sun Life Fixed Term Plan - Series MD (1099 days) - Regular Plan - Normal Dividend;INF209KA1TA1;;12.1212;12.1212;12.1212;14-Mar-2017
132905;Aditya Birla Sun Life Fixed Term Plan - Series MD (1099 days) - Regular Plan - Quarterly Dividend;INF209KA1TB9;;10.9806;10.9806;10.9806;14-Mar-2017
134052;Aditya Birla Sun Life Fixed Term Plan - Series MK (1105 days) - Direct Plan - Growth;INF209KA1I82;;11.8618;11.8618;11.8618;14-Mar-2017
134054;Aditya Birla Sun Life Fixed Term Plan - Series MK (1105 days) - Direct Plan - Quarterly Dividend;INF209KA1J08;;10.9885;10.9885;10.9885;14-Mar-2017
134055;Aditya Birla Sun Life Fixed Term Plan - Series MK (1105 days) - Regular Plan - Growth;INF209KA1I58;;11.8411;11.8411;11.8411;14-Mar-2017
134056;Aditya Birla Sun Life Fixed Term Plan - Series MK (1105 days) - Regular Plan - Normal Dividend;INF209KA1I66;;11.8402;11.8402;11.8402;14-Mar-2017
134057;Aditya Birla Sun Life Fixed Term Plan - Series MK (1105 days) - Regular Plan - Quarterly Dividend;INF209KA1I74;;10.9772;10.9772;10.9772;14-Mar-2017
134691;Aditya Birla Sun Life Fixed Term Plan - Series MP (1141 days) - Direct Plan-Growth;INF209KA19D3;;11.6680;11.6680;11.6680;14-Mar-2017
134692;Aditya Birla Sun Life Fixed Term Plan - Series MP (1141 days) - Direct Plan-Normal Dividend;INF209KA10E0;;11.6681;11.6681;11.6681;14-Mar-2017
134695;Aditya Birla Sun Life Fixed Term Plan - Series MP (1141 days) - Regular Plan-Growth;INF209KA16D9;;11.5737;11.5737;11.5737;14-Mar-2017
134694;Aditya Birla Sun Life Fixed Term Plan - Series MP (1141 days) - Regular Plan-Quarterly Dividend;INF209KA18D5;;10.9282;10.9282;10.9282;14-Mar-2017
134723;Aditya Birla Sun Life Fixed Term Plan - Series MQ (1159 days)-Direct Plan-Growth;INF209KA12E6;;11.6652;11.6652;11.6652;14-Mar-2017
134725;Aditya Birla Sun Life Fixed Term Plan - Series MQ (1159 days)-Direct Plan-Normal Dividend;INF209KA13E4;;11.6652;11.6652;11.6652;14-Mar-2017
134724;Aditya Birla Sun Life Fixed Term Plan - Series MQ (1159 days)-Direct Plan-Quarterly Dividend;INF209KA14E2;;10.9725;10.9725;10.9725;14-Mar-2017
134721;Aditya Birla Sun Life Fixed Term Plan - Series MQ (1159 days)-Regular Plan-Growth;INF209KA15E9;;11.6447;11.6447;11.6447;14-Mar-2017
134720;Aditya Birla Sun Life Fixed Term Plan - Series MQ (1159 days)-Regular Plan-Normal Dividend;INF209KA16E7;;11.6447;11.6447;11.6447;14-Mar-2017
134722;Aditya Birla Sun Life Fixed Term Plan - Series MQ (1159 days)-Regular Plan-Quarterly Dividend;INF209KA17E5;;10.9609;10.9609;10.9609;14-Mar-2017
134738;Aditya Birla Sun Life Fixed Term Plan - Series MR (1153 days) - Direct Plan-Normal Dividend;INF209KA19E1;;11.6475;11.6475;11.6475;14-Mar-2017
134735;Aditya Birla Sun Life Fixed Term Plan - Series MR (1153 days) - Regular Plan-Growth;INF209KA11F5;;11.6267;11.6267;11.6267;14-Mar-2017
134734;Aditya Birla Sun Life Fixed Term Plan - Series MR (1153 days) - Regular Plan-Normal Dividend;INF209KA12F3;;11.6267;11.6267;11.6267;14-Mar-2017
134736;Aditya Birla Sun Life Fixed Term Plan - Series MR (1153 days) - Regular Plan-Quarterly Plan;INF209KA13F1;;10.9484;10.9484;10.9484;14-Mar-2017
134737;Aditya Birla Sun Life Fixed Term Plan - Series MR (1153 days)-Direct Plan-Growth;INF209KA18E3;;11.6474;11.6474;11.6474;14-Mar-2017
134951;Aditya Birla Sun Life Fixed Term Plan - Series MU (1117 days) - Direct Plan-Growth;INF209KA15H2;;11.5365;11.5365;11.5365;14-Mar-2017
134952;Aditya Birla Sun Life Fixed Term Plan - Series MU (1117 days) - Direct Plan-Normal Dividend;INF209KA16H0;;11.5368;11.5368;11.5368;14-Mar-2017
134953;Aditya Birla Sun Life Fixed Term Plan - Series MU (1117 days) - Direct Plan-Quarterly dividend;INF209KA17H8;;10.9399;10.9399;10.9399;14-Mar-2017
134948;Aditya Birla Sun Life Fixed Term Plan - Series MU (1117 days) - Regular Plan-Growth;INF209KA12H9;;11.4023;11.4023;11.4023;14-Mar-2017
134950;Aditya Birla Sun Life Fixed Term Plan - Series MU (1117 days) - Regular Plan-Normal Dividend;INF209KA13H7;;11.4023;11.4023;11.4023;14-Mar-2017
134949;Aditya Birla Sun Life Fixed Term Plan - Series MU (1117 days) - Regular Plan-Quarterly Dividend;INF209KA14H5;;10.8769;10.8769;10.8769;14-Mar-2017
135449;Aditya Birla Sun Life Fixed Term Plan - Series MX (1128 days) - Direct Plan - Growth;INF209KA12L1;;11.3708;11.3708;11.3708;14-Mar-2017
135448;Aditya Birla Sun Life Fixed Term Plan - Series MX (1128 days) - Regular Plan - Growth;INF209KA15L4;;11.3542;11.3542;11.3542;14-Mar-2017
135445;Aditya Birla Sun Life Fixed Term Plan - Series MX (1128 days) - Regular Plan - Normal Dividend;INF209KA16L2;;11.3542;11.3542;11.3542;14-Mar-2017
135446;Aditya Birla Sun Life Fixed Term Plan - Series MX (1128 days) - Regular Plan - Quarterly Dividend;INF209KA17L0;;10.8825;10.8825;10.8825;14-Mar-2017
135540;Aditya Birla Sun Life Fixed Term Plan - Series MY (1107 days) - Direct Plan-Growth;INF209KA14M5;;11.2434;11.2434;11.2434;14-Mar-2017
135541;Aditya Birla Sun Life Fixed Term Plan - Series MY (1107 days) - Direct Plan-Quarterly Dividend;INF209KA16M0;;10.8285;10.8285;10.8285;14-Mar-2017
135539;Aditya Birla Sun Life Fixed Term Plan - Series MY (1107 days) - Regular Plan - Quarterly Dividend;INF209KA13M7;;10.8185;10.8185;10.8185;14-Mar-2017
135537;Aditya Birla Sun Life Fixed Term Plan - Series MY (1107 days) - Regular Plan-Growth;INF209KA11M1;;11.2275;11.2275;11.2275;14-Mar-2017
135538;Aditya Birla Sun Life Fixed Term Plan - Series MY (1107 days) - Regular Plan-Normal Dividend;INF209KA12M9;;11.2276;11.2276;11.2276;14-Mar-2017
135872;Aditya Birla Sun Life Fixed Term Plan - Series NB (1099 days) - Direct Plan-Growth;INF209KA16O6;;11.1662;11.1662;11.1662;14-Mar-2017
135870;Aditya Birla Sun Life Fixed Term Plan - Series NB (1099 days) - Regular Plan-Growth;INF209KA13O3;;11.1341;11.1341;11.1341;14-Mar-2017
135868;Aditya Birla Sun Life Fixed Term Plan - Series NB (1099 days) - Regular Plan-Normal Dividend;INF209KA14O1;;11.1341;11.1341;11.1341;14-Mar-2017
135935;Aditya Birla Sun Life Fixed Term Plan - Series ND (1109 days) - Direct Plan-Growth;INF209KA18P9;;11.1364;11.1364;11.1364;14-Mar-2017
135933;Aditya Birla Sun Life Fixed Term Plan - Series ND (1109 days) - Direct Plan-Nomal Dividend;INF209KA19P7;;11.1365;11.1365;11.1365;14-Mar-2017
135937;Aditya Birla Sun Life Fixed Term Plan - Series ND (1109 days) - Direct Plan-Quarterly Dividend;INF209KA10Q4;;10.8270;10.8270;10.8270;14-Mar-2017
135932;Aditya Birla Sun Life Fixed Term Plan - Series ND (1109 days) - Regular Plan-Growth;INF209KA15P5;;11.1050;11.1050;11.1050;14-Mar-2017
135934;Aditya Birla Sun Life Fixed Term Plan - Series ND (1109 days) - Regular Plan-Normal Dividend;INF209KA16P3;;11.1050;11.1050;11.1050;14-Mar-2017
135936;Aditya Birla Sun Life Fixed Term Plan - Series ND (1109 days) - Regular Plan-Quarterly Dividend;INF209KA17P1;;10.8066;10.8066;10.8066;14-Mar-2017
136039;Aditya Birla Sun Life Fixed Term Plan - Series NE (1100 days) - Direct Plan-Growth;INF209KA14Q6;;11.1065;11.1065;11.1065;14-Mar-2017
136040;Aditya Birla Sun Life Fixed Term Plan - Series NE (1100 days) - Direct Plan-Normal Dividend;INF209KA15Q3;;11.1066;11.1066;11.1066;14-Mar-2017
136036;Aditya Birla Sun Life Fixed Term Plan - Series NE (1100 days) - Regular Plan-Growth;INF209KA11Q2;;11.0740;11.0740;11.0740;14-Mar-2017
136037;Aditya Birla Sun Life Fixed Term Plan - Series NE (1100 days) - Regular Plan-Normal Dividend;INF209KA12Q0;;11.0740;11.0740;11.0740;14-Mar-2017
136038;Aditya Birla Sun Life Fixed Term Plan - Series NE (1100 days) - Regular Plan-Quarterly dividend;INF209KA13Q8;;10.7784;10.7784;10.7784;14-Mar-2017
136148;Aditya Birla Sun Life Fixed Term Plan - Series NG (1169 days) - Direct Plan-Growth;INF209KA16R9;;11.0915;11.0915;11.0915;14-Mar-2017
136145;Aditya Birla Sun Life Fixed Term Plan - Series NG (1169 days) - Regular Plan-Growth;INF209KA13R6;;11.0603;11.0603;11.0603;14-Mar-2017
136146;Aditya Birla Sun Life Fixed Term Plan - Series NG (1169 days) - Regular Plan-Normal Dividend;INF209KA14R4;;11.0603;11.0603;11.0603;14-Mar-2017
136150;Aditya Birla Sun life Fixed Term Plan - Series NG (1169) days - Direct Plan-Quarterly Dividend;INF209KA18R5;;10.8034;10.8034;10.8034;14-Mar-2017
136190;Aditya Birla Sun Life Fixed Term Plan - Series NH (1168 days) - Direct Plan-Growth;INF209KA16S7;;11.0744;11.0744;11.0744;14-Mar-2017
136193;Aditya Birla Sun Life Fixed Term Plan - Series NH (1168 days) - Direct Plan-Quarterly Dividend;INF209KA18S3;;10.7924;10.7924;10.7924;14-Mar-2017
136188;Aditya Birla Sun Life Fixed Term Plan - Series NH (1168 days) - Regular Plan-Growth;INF209KA13S4;;11.0426;11.0426;11.0426;14-Mar-2017
136189;Aditya Birla Sun Life Fixed Term Plan - Series NH (1168 days) - Regular Plan-Normal Dividend;INF209KA14S2;;11.0426;11.0426;11.0426;14-Mar-2017
136192;Aditya Birla Sun Life Fixed Term Plan - Series NH (1168 days) - Regular Plan-Quarterly Dividend;INF209KA15S9;;10.7691;10.7691;10.7691;14-Mar-2017
136243;Aditya Birla Sun Life Fixed Term Plan - Series NI (1163 days) - Direct Plan-Growth;INF209KA12T4;;11.0861;11.0861;11.0861;14-Mar-2017
136242;Aditya Birla Sun Life Fixed Term Plan - Series NI (1163 days) - Regular Plan-Growth;INF209KA19S1;;11.0548;11.0548;11.0548;14-Mar-2017
136245;Aditya Birla Sun Life Fixed Term Plan - Series NI (1163 days) - Regular Plan-Normal Dividend;INF209KA10T8;;11.0547;11.0547;11.0547;14-Mar-2017
136324;Aditya Birla Sun Life Fixed Term Plan - Series NK (1196 days) - Direct Plan-Growth;INF209KA14U8;;11.0672;11.0672;11.0672;14-Mar-2017
136322;Aditya Birla Sun Life Fixed Term Plan - Series NK (1196 days) - Direct Plan-Normal Dividend;INF209KA15U5;;11.0672;11.0672;11.0672;14-Mar-2017
136321;Aditya Birla Sun Life Fixed Term Plan - Series NK (1196 days) - Regular Plan-Growth;INF209KA11U4;;11.0343;11.0343;11.0343;14-Mar-2017
136410;Aditya Birla Sun Life Fixed Term Plan - Series NL (1148 days) - Direct Plan-Growth;INF209KA10V4;;10.9909;10.9909;10.9909;14-Mar-2017
136412;Aditya Birla Sun Life Fixed Term Plan - Series NL (1148 days) - Direct Plan-Normal Dividend;INF209KA11V2;;10.9909;10.9909;10.9909;14-Mar-2017
136411;Aditya Birla Sun Life Fixed Term Plan - Series NL (1148 days) - Direct Plan-Quarterly Dividend;INF209KA12V0;;10.7585;10.7585;10.7585;14-Mar-2017
136413;Aditya Birla Sun Life Fixed Term Plan - Series NL (1148 days) - Regular Plan-Growth;INF209KA17U1;;10.9598;10.9598;10.9598;14-Mar-2017
136408;Aditya Birla Sun Life Fixed Term Plan - Series NL (1148 days) - Regular Plan-Normal Dividend;INF209KA18U9;;10.9598;10.9598;10.9598;14-Mar-2017
136409;Aditya Birla Sun Life Fixed Term Plan - Series NL (1148 days) - Regular Plan-Quarterly Dividend;INF209KA19U7;;10.7355;10.7355;10.7355;14-Mar-2017
139168;Aditya Birla Sun Life Fixed Term Plan - Series NP (1163 days) - Direct Plan-Growth;INF209KA13X4;;10.8522;10.8522;10.8522;14-Mar-2017
139166;Aditya Birla Sun Life Fixed Term Plan - Series NP (1163 days) - Direct Plan-Normal Dividend;INF209KA14X2;;10.8519;10.8519;10.8519;14-Mar-2017
139163;Aditya Birla Sun Life Fixed Term Plan - Series NP (1163 days) - Regular Plan-Growth;INF209KA16X7;;10.8226;10.8226;10.8226;14-Mar-2017
139164;Aditya Birla Sun Life Fixed Term Plan - Series NP (1163 days) - Regular Plan-Normal Dividend;INF209KA17X5;;10.8222;10.8222;10.8222;14-Mar-2017
139165;Aditya Birla Sun Life Fixed Term Plan - Series NP (1163 days) - Regular Plan-Quarterly Dividend;INF209KA18X3;;10.6440;10.6440;10.6440;14-Mar-2017
139689;Aditya Birla Sun Life Fixed Term Plan - Series NR (1099 days) - Direct Plan-Growth;INF209KB1150;;10.4655;10.4655;10.4655;14-Mar-2017
139690;Aditya Birla Sun Life Fixed Term Plan - Series NR (1099 days) - Direct Plan-Normal Dividend;INF209KB1168;;10.4655;10.4655;10.4655;14-Mar-2017
139692;Aditya Birla Sun Life Fixed Term Plan - Series NR (1099 days) - Direct Plan-Quarterly Dividend;INF209KB1176;;10.4118;10.4118;10.4118;14-Mar-2017
139687;Aditya Birla Sun Life Fixed Term Plan - Series NR (1099 days) - Regular Plan-Growth;INF209KB1127;;10.4481;10.4481;10.4481;14-Mar-2017
139688;Aditya Birla Sun Life Fixed Term Plan - Series NR (1099 days) - Regular Plan-Normal Dividend;INF209KB1135;;10.4481;10.4481;10.4481;14-Mar-2017
139691;Aditya Birla Sun Life Fixed Term Plan - Series NR (1099 days) - Regular Plan-Quarterly Dividend;INF209KB1143;;10.3962;10.3962;10.3962;14-Mar-2017
139742;Aditya Birla Sun Life Fixed Term Plan - Series NT (1099 days) - Direct Plan-Growth;INF209KB1341;;10.4384;10.4384;10.4384;14-Mar-2017
139746;Aditya Birla Sun Life Fixed Term Plan - Series NT (1099 days) - Direct Plan-Normal Dividend;INF209KB1358;;10.4384;10.4384;10.4384;14-Mar-2017
139743;Aditya Birla Sun Life Fixed Term Plan - Series NT (1099 days) - Direct Plan-Quarterly Dividend;INF209KB1366;;10.3909;10.3909;10.3909;14-Mar-2017
139741;Aditya Birla Sun Life Fixed Term Plan - Series NT (1099 days) - Regular Plan-Growth;INF209KB1317;;10.4047;10.4047;10.4047;14-Mar-2017
139744;Aditya Birla Sun Life Fixed Term Plan - Series NT (1099 days) - Regular Plan-Normal Dividend;INF209KB1325;;10.4047;10.4047;10.4047;14-Mar-2017
139745;Aditya Birla Sun Life Fixed Term Plan - Series NT (1099 days) - Regular Plan-Quarterly Dividend;INF209KB1333;;10.3607;10.3607;10.3607;14-Mar-2017
140692;Aditya Birla Sun Life Fixed Term Plan-Series OD (1145 days)-Direct Plan-Growth;INF209KB1CW0;;9.9822;9.9822;9.9822;14-Mar-2017
140690;Aditya Birla Sun Life Fixed Term Plan-Series OD (1145 days)-Direct Plan-Normal Dividend;INF209KB1CX8;;9.9822;9.9822;9.9822;14-Mar-2017
140687;Aditya Birla Sun Life Fixed Term Plan-Series OD (1145 days)-Regular Plan-Growth;INF209KB1CT6;;9.9802;9.9802;9.9802;14-Mar-2017
140688;Aditya Birla Sun Life Fixed Term Plan-Series OD (1145 days)-Regular Plan-Normal Dividend;INF209KB1CU4;;9.9802;9.9802;9.9802;14-Mar-2017
140788;Aditya Birla Sun Life Fixed Term Plan - Series OE (1153 days) - Direct Plan-Growth;INF209KB1DC0;;9.9757;9.9757;9.9757;14-Mar-2017
140785;Aditya Birla Sun Life Fixed Term Plan - Series OE (1153 days) - Regular Plan-Growth;INF209KB1CZ3;;9.9742;9.9742;9.9742;14-Mar-2017
140793;Aditya Birla SUn Life Fixed Term Plan - Series OF (1151 days) - Direct Plan-Growth;INF209KB1DI7;;10.0067;10.0067;10.0067;14-Mar-2017
140794;Aditya Birla Sun Life Fixed Term Plan - Series OF (1151 days) - Direct Plan-Normal Dividend;INF209KB1DJ5;;10.0067;10.0067;10.0067;14-Mar-2017
140795;Aditya Birla Sun Life Fixed Term Plan - Series OF (1151 days) - Direct Plan-Quarterly Dividend;INF209KB1DK3;;10.0067;10.0067;10.0067;14-Mar-2017
140791;Aditya Birla Sun Life Fixed Term Plan - Series OF (1151 days) - Regular Plan-Growrth;INF209KB1DF3;;10.0044;10.0044;10.0044;14-Mar-2017
140792;Aditya Birla Sun Life Fixed Term Plan - Series OF (1151 days) - Regular Plan-Normal Dividend;INF209KB1DG1;;10.0044;10.0044;10.0044;14-Mar-2017
140796;Aditya Birla Sun Life Fixed Term Plan - Series OF (1151 days) - Regular Plan-Quarterly Dividend;INF209KB1DH9;;10.0044;10.0044;10.0044;14-Mar-2017
140879;Aditya Birla Sun Life Fixed Term Plan - Series OG (1146 days) - Direct Plan-Growth;INF209KB1DS6;;9.9733;9.9733;9.9733;14-Mar-2017
140877;Aditya Birla Sun Life Fixed Term Plan - Series OG (1146 days) - Direct Plan-Normal Dividend;INF209KB1DT4;;9.9733;9.9733;9.9733;14-Mar-2017
140875;Aditya Birla Sun Life Fixed Term Plan - Series OG (1146 days) - Regular Plan-Growth;INF209KB1DP2;;9.9723;9.9723;9.9723;14-Mar-2017
140876;Aditya Birla Sun Life Fixed Term Plan - Series OG (1146 days) - Regular Plan-Normal Dividend;INF209KB1DQ0;;9.9723;9.9723;9.9723;14-Mar-2017
140878;Aditya Birla Sun Life Fixed Term Plan - Series OG (1146 days) - Regular Plan-Quarterly Dividend;INF209KB1DR8;;9.9723;9.9723;9.9723;14-Mar-2017
123115;Aditya Birla Sun Life Interval Income Fund - Annual Plan IX-Direct Plan-Growth;INF209K01U26;;13.5025;13.5025;13.5025;14-Mar-2017
123114;Aditya Birla Sun Life Interval Income Fund - Annual Plan IX-Direct Plan-Normal Dividend;INF209K01U34;;10.4427;10.4427;10.4427;14-Mar-2017
123116;Aditya Birla Sun Life Interval Income Fund - Annual Plan IX-Regular Plan-Growth;INF209K01U59;;13.4740;13.4740;13.4740;14-Mar-2017
123117;Aditya Birla Sun Life Interval Income Fund - Annual Plan IX-Regular Plan-Normal Dividend;INF209K01U67;;10.4397;10.4397;10.4397;14-Mar-2017
123119;Aditya Birla Sun Life Interval Income Fund - Annual Plan IX-Regular Plan-Quarterly Dividend;INF209K01U75;;10.3936;10.3936;10.3936;14-Mar-2017
121816;Aditya Birla Sun Life Interval Income Fund - Annual Plan V - Direct Plan-Growth;INF209K01J62;;13.8127;13.8127;13.8127;14-Mar-2017
121815;Aditya Birla Sun Life Interval Income Fund - Annual Plan V - Direct Plan-Normal Dividend;INF209K01J70;;10.7174;10.7174;10.7174;14-Mar-2017
121820;Aditya Birla Sun Life Interval Income Fund - Annual Plan V - Regular Plan-Growth;INF209K01J96;;13.7940;13.7940;13.7940;14-Mar-2017
123609;Aditya Birla Sun Life Interval Income Fund - Annual Plan X-Direct Plan-Growth;INF209K01X49;;13.5420;13.5420;13.5420;14-Mar-2017
123611;Aditya Birla Sun Life Interval Income Fund - Annual Plan X-Regular Plan-Growth;INF209K01X72;;13.5218;13.5218;13.5218;14-Mar-2017
123610;Aditya Birla Sun Life Interval Income Fund - Annual Plan X-Regular Plan-Normal Dividend;INF209K01X80;;10.4059;10.4059;10.4059;14-Mar-2017
123612;Aditya Birla Sun Life Interval Income Fund - Annual Plan X-Regular Plan-Quarterly Dividend;INF209K01X98;;10.3644;10.3644;10.3644;14-Mar-2017
106412;Aditya Birla Sun Life Interval Income Fund - Quarterly Series 1 - Growth - Regular Plan;INF209K01HN5;;20.9220;20.9220;20.9220;14-Mar-2017
106413;Aditya Birla Sun Life Interval Income Fund - Quarterly Series 1 - institutional - IDCW;INF209K01HR6;INF209K01HS4;10.0344;10.0344;10.0344;14-Mar-2017
106411;Aditya Birla Sun Life Interval Income Fund - Quarterly Series 1 - Regular - IDCW;INF209K01HO3;INF209K01HP0;10.0344;10.0344;10.0344;14-Mar-2017
119535;Aditya Birla Sun Life Interval Income Fund - Quarterly Series I - Growth - Direct Plan;INF209K01YQ3;;20.9388;20.9388;20.9388;14-Mar-2017
120708;Aditya Birla Sun Life Quarterly Interval Fund -  Series 4 - Growth - Direct Plan;INF209K01YS9;;20.3577;20.3577;20.3577;14-Mar-2017
107308;Aditya Birla Sun Life Quarterly Interval Fund - Series 4 DIVIDEND;INF209K01HL9;INF209K01HM7;10.1189;10.1189;10.1189;14-Mar-2017
107307;Aditya Birla Sun Life Quarterly Interval Fund - Series 4 GROWTH;INF209K01HK1;;20.3579;20.3579;20.3579;14-Mar-2017

Axis Mutual Fund
117980;Axis Capital Protection Oriented Fund - Series 5 - Dividend option;INF846K01XO9;;13.9354;13.9354;13.9354;14-Mar-2017
117979;Axis Capital Protection Oriented Fund - Series 5 - Growth Option;INF846K01XN1;;13.9355;13.9355;13.9355;14-Mar-2017
125017;Axis Fixed Term Plan - Series 42 - Direct Plan - Growth;INF846K01UO5;;13.2197;13.2197;13.2197;14-Mar-2017
125014;Axis Fixed Term Plan - Series 42 - Regular Plan - Dividend;INF846K01UJ5;;13.0381;13.0381;13.0381;14-Mar-2017
125013;Axis Fixed Term Plan - Series 42 - Regular Plan - Growth;INF846K01UL1;;13.0388;13.0388;13.0388;14-Mar-2017
125429;Axis Fixed Term Plan - Series 43 - Direct Plan - growth;INF846K01UU2;;13.1334;13.1334;13.1334;14-Mar-2017
125426;Axis Fixed Term Plan - Series 43 - Regular Plan - Growth;INF846K01UR8;;12.9524;12.9524;12.9524;14-Mar-2017
126203;Axis Fixed Term Plan - Series 47 - Direct Plan - Growth;INF846K01VE4;;13.0131;13.0131;13.0131;14-Mar-2017
126200;Axis Fixed Term Plan - Series 47 - Regular Plan - Growth;INF846K01VB0;;12.8205;12.8205;12.8205;14-Mar-2017
126202;Axis Fixed Term Plan - Series 47 - Regular Plan - Quarterly Dividend;INF846K01VA2;;10.2138;10.2138;10.2138;14-Mar-2017
126759;Axis Fixed Term Plan - Series 49 - Direct Plan - Growth;INF846K01TY6;;13.0126;13.0126;13.0126;14-Mar-2017
126757;Axis Fixed Term Plan - Series 49 - Regular Plan - Dividend;INF846K01TT6;;12.8590;12.8590;12.8590;14-Mar-2017
126756;Axis Fixed Term Plan - Series 49 - Regular Plan - Growth;INF846K01TV2;;12.8663;12.8663;12.8663;14-Mar-2017
127276;Axis Fixed Term Plan - Series 52 - Direct Plan - Growth;INF846K01UE6;;13.0208;13.0208;13.0208;14-Mar-2017
127272;Axis Fixed Term Plan - Series 52 - Regular Plan - Growth;INF846K01UB2;;12.8848;12.8848;12.8848;14-Mar-2017
127274;Axis Fixed Term Plan - Series 52 - Regular Plan - Quarterly Dividend;INF846K01UA4;;10.3421;10.3421;10.3421;14-Mar-2017
127278;Axis Fixed Term Plan - Series 53 (1150 Days) - Direct Plan - Growth;INF846K01KD9;;13.1931;13.1931;13.1931;14-Mar-2017
127280;Axis Fixed Term Plan - Series 53 (1150 Days) - Regular Plan - Dividend;INF846K01KE7;;12.9909;12.9909;12.9909;14-Mar-2017
127279;Axis Fixed Term Plan - Series 53 (1150 Days) - Regular Plan - Growth;INF846K01KG2;;12.9909;12.9909;12.9909;14-Mar-2017
129383;Axis Fixed Term Plan - Series 64 - Direct plan - Growth;INF846K01XM3;;12.8612;12.8612;12.8612;14-Mar-2017
129386;Axis Fixed Term Plan - Series 64 - Regular plan -  Dividend;INF846K01XH3;;12.6679;12.6679;12.6679;14-Mar-2017
129381;Axis Fixed Term Plan - Series 64 - Regular Plan - Growth;INF846K01XJ9;;12.6680;12.6680;12.6680;14-Mar-2017
130047;Axis Fixed Term Plan - Series 67 (1218 days) - Direct Plan - Growth;INF846K01OT7;;12.9590;12.9590;12.9590;14-Mar-2017
130045;Axis Fixed Term Plan - Series 67 (1218 days) - Regular Plan - Dividend;INF846K01OX9;;12.6900;12.6900;12.6900;14-Mar-2017
130044;Axis Fixed Term Plan - Series 67 (1218 days) - Regular plan - Growth;INF846K01OW1;;12.6899;12.6899;12.6899;14-Mar-2017
130665;Axis Fixed Term Plan - Series 69 (3 Years) - Direct Plan - Growth;INF846K01PT4;;12.7127;12.7127;12.7127;14-Mar-2017
130663;Axis Fixed Term Plan - Series 69 (3 Years) - Regular Plan - Dividend;INF846K01PX6;;12.5063;12.5063;12.5063;14-Mar-2017
130662;Axis Fixed Term Plan - Series 69 (3 Years) - Regular Plan - Growth;INF846K01PW8;;12.5063;12.5063;12.5063;14-Mar-2017
130664;Axis Fixed Term Plan - Series 69 - (3 Years) - Regular Plan - Half Yearly Dividend;INF846K01PY4;;11.4060;11.4060;11.4060;14-Mar-2017
134301;Axis Fixed Term Plan - Series 74 (1105 days) - Direct Plan - Dividend;INF846K01RY0;;11.8487;11.8487;11.8487;14-Mar-2017
134302;Axis Fixed Term Plan - Series 74 (1105 days) - Direct Plan - Growth;INF846K01RX2;;11.8374;11.8374;11.8374;14-Mar-2017
134300;Axis Fixed Term Plan - Series 74 (1105 days) - Regular Plan - Dividend;INF846K01SB6;;11.8040;11.8040;11.8040;14-Mar-2017
134299;Axis Fixed Term Plan - Series 74 (1105 days) - Regular Plan - Growth;INF846K01SA8;;11.8040;11.8040;11.8040;14-Mar-2017
134303;Axis Fixed Term Plan - Series 74 (1105 days) - Regular Plan - Half yearly dividend;INF846K01SC4;;11.2716;11.2716;11.2716;14-Mar-2017
128151;Axis Fixed Term Plan - Series 61 (1122 Days) - Direct Plan - Growth;INF846K01MP9;;13.0848;13.0848;13.0848;14-Mar-2017
128148;Axis Fixed Term Plan - Series 61 (1122 Days) - Regular Plan - Dividend;INF846K01MT1;;12.8824;12.8824;12.8824;14-Mar-2017
128147;Axis Fixed Term Plan - Series 61 (1122 Days) - Regular Plan - Growth;INF846K01MS3;;12.8824;12.8824;12.8824;14-Mar-2017
128149;Axis Fixed Term Plan - Series 61 (1122 Days) - Regular Plan - Half yearly dividend;INF846K01MU9;;11.4825;11.4825;11.4825;14-Mar-2017
133430;Axis Hybrid Fund - Series 18 - Direct Plan - Direct Plan - Dividend;INF846K01QY2;;10.7549;10.7549;10.7549;14-Mar-2017
133429;Axis Hybrid Fund - Series 18 - Direct Plan - Growth;INF846K01QX4;;10.7549;10.7549;10.7549;14-Mar-2017
133428;Axis Hybrid Fund - Series 18 - Regular Plan - Dividend;INF846K01RA0;;10.5352;10.5352;10.5352;14-Mar-2017
133427;Axis Hybrid Fund - Series 18 - Regular Plan - Growth;INF846K01QZ9;;10.5353;10.5353;10.5353;14-Mar-2017
129390;Axis Hybrid Fund - Series 11 - Direct Plan - Dividend;INF846K01OA7;;12.0811;12.0811;12.0811;14-Mar-2017
129389;Axis Hybrid Fund - Series 11 - Direct Plan - Growth;INF846K01NZ6;;12.0810;12.0810;12.0810;14-Mar-2017
129388;Axis Hybrid Fund - Series 11 - Regular Plan - Dividend;INF846K01OC3;;11.7339;11.7339;11.7339;14-Mar-2017
129387;Axis Hybrid Fund - Series 11 - Regular plan - Growth;INF846K01OB5;;11.7329;11.7329;11.7329;14-Mar-2017
129756;Axis Hybrid Fund - Series 12 - Direct Plan - Dividend;INF846K01OE9;;11.9639;11.9639;11.9639;14-Mar-2017
129755;Axis Hybrid Fund - Series 12 - Direct Plan - Growth;INF846K01OD1;;11.9637;11.9637;11.9637;14-Mar-2017
129754;Axis Hybrid Fund - Series 12 - Regular Plan - Dividend;INF846K01OG4;;11.6234;11.6234;11.6234;14-Mar-2017
129753;Axis Hybrid Fund - Series 12 - Regular Plan - Growth;INF846K01OF6;;11.6234;11.6234;11.6234;14-Mar-2017
130060;Axis Hybrid Fund - Series 13 - Direct Plan - Dividend;INF846K01PA4;;11.8353;11.8353;11.8353;14-Mar-2017
130059;Axis Hybrid Fund - Series 13 - Direct Plan - Growth;INF846K01OZ4;;11.8353;11.8353;11.8353;14-Mar-2017
130058;Axis Hybrid Fund - Series 13 - Regular Plan - Dividend;INF846K01PC0;;11.5098;11.5098;11.5098;14-Mar-2017
130057;Axis Hybrid Fund - Series 13 - Regular Plan - Growth;INF846K01PB2;;11.5099;11.5099;11.5099;14-Mar-2017
130887;Axis Hybrid Fund - Series 14 - Direct Plan - Dividend;INF846K01QG9;;11.5804;11.5804;11.5804;14-Mar-2017
130886;Axis Hybrid Fund - Series 14 - Direct Plan - Growth;INF846K01QF1;;11.4544;11.4544;11.4544;14-Mar-2017
130889;Axis Hybrid Fund - Series 14 - Regular Plan - Dividend;INF846K01QI5;;11.0816;11.0816;11.0816;14-Mar-2017
130888;Axis Hybrid Fund - Series 14 - Regular Plan - Growth;INF846K01QH7;;11.0815;11.0815;11.0815;14-Mar-2017
131084;Axis Hybrid Fund - Series 15 - Direct Plan - Dividend;INF846K01QK1;;11.2870;11.2870;11.2870;14-Mar-2017
131083;Axis Hybrid Fund - Series 15 - Direct Plan - Growth;INF846K01QJ3;;11.2870;11.2870;11.2870;14-Mar-2017
131082;Axis Hybrid Fund - Series 15 - Regular Plan - Dividend;INF846K01QM7;;10.9935;10.9935;10.9935;14-Mar-2017
131085;Axis Hybrid Fund - Series 15 - Regular Plan - Growth;INF846K01QL9;;10.9935;10.9935;10.9935;14-Mar-2017
133564;Axis Hybrid Fund - Series 19 - Direct plan - Dividend;INF846K01RC6;;10.6114;10.6114;10.6114;14-Mar-2017
133562;Axis Hybrid Fund - Series 19 - Regular Plan - Dividend;INF846K01RE2;;10.4008;10.4008;10.4008;14-Mar-2017
133561;Axis Hybrid Fund - Series 19 - Regular plan - Growth;INF846K01RD4;;10.3990;10.3990;10.3990;14-Mar-2017
133563;Axis Hybrid Fund - Series 19 -Direct Plan - Growth;INF846K01RB8;;10.6146;10.6146;10.6146;14-Mar-2017
134534;Axis Hybrid Fund - Series 22 - Direct Plan - Dividend;INF846K01UG1;;10.5953;10.5953;10.5953;14-Mar-2017
134535;Axis Hybrid Fund - Series 22 - Direct Plan - Growth;INF846K01UF3;;10.5953;10.5953;10.5953;14-Mar-2017
134533;Axis Hybrid Fund - Series 22 - Regular Plan - Dividend;INF846K01UI7;;10.3670;10.3670;10.3670;14-Mar-2017
134532;Axis Hybrid Fund - Series 22 - Regular Plan - Growth;INF846K01UH9;;10.3669;10.3669;10.3669;14-Mar-2017
134622;Axis Hybrid Fund - Series 23 - Direct Plan - Dividend;INF846K01UW8;;10.6382;10.6382;10.6382;14-Mar-2017
134621;Axis Hybrid Fund - Series 23 - Direct Plan - Growth;INF846K01UV0;;10.6382;10.6382;10.6382;14-Mar-2017
134619;Axis Hybrid Fund - Series 23 - Regular Plan - Growth;INF846K01UX6;;10.4142;10.4142;10.4142;14-Mar-2017
134620;Axis Hybrid Funs - Series 23 - Regular Plan - Dividend;INF846K01UY4;;10.4142;10.4142;10.4142;14-Mar-2017
134743;Axis Hybrid Fund - Series 24 - Direct Plan - Dividend;INF846K01VF1;;10.7596;10.7596;10.7596;14-Mar-2017
134741;Axis Hybrid Fund - Series 24 - Direct Plan - Growth;INF846K01VG9;;10.7568;10.7568;10.7568;14-Mar-2017
134740;Axis Hybrid Fund - Series 24 - Regular Plan - Dividend;INF846K01VH7;;10.5363;10.5363;10.5363;14-Mar-2017
134742;Axis Hybrid Fund - Series 24 - Regular Plan - Growth;INF846K01VI5;;10.5363;10.5363;10.5363;14-Mar-2017
135235;Axis Hybrid Fund - Series 25 - Direct Plan - Dividend;INF846K01VU0;;10.8531;10.8531;10.8531;14-Mar-2017
135233;Axis Hybrid Fund - Series 25 - Direct Plan - Growth;INF846K01VT2;;10.8531;10.8531;10.8531;14-Mar-2017
135234;Axis Hybrid Fund - Series 25 - Regular Plan - Dividend;INF846K01VW6;;10.6528;10.6528;10.6528;14-Mar-2017
135232;Axis Hybrid Fund - Series 25 - Regular Plan - Growth;INF846K01VV8;;10.6528;10.6528;10.6528;14-Mar-2017
135284;Axis Hybrid Fund - Series 26 - Direct Plan - Dividend;INF846K01VY2;;10.9474;10.9474;10.9474;14-Mar-2017
135282;Axis Hybrid Fund - Series 26 - Direct Plan - Growth;INF846K01VX4;;10.9475;10.9475;10.9475;14-Mar-2017
135283;Axis Hybrid Fund - Series 26 - Regular Plan - Dividend;INF846K01WA0;;10.7507;10.7507;10.7507;14-Mar-2017
135285;Axis Hybrid Fund - Series 26 - Regular Plan - Growth;INF846K01VZ9;;10.7507;10.7507;10.7507;14-Mar-2017
135529;Axis Hybrid Fund - Series 27 - Direct Plan - Dividend;INF846K01WC6;;10.7957;10.7957;10.7957;14-Mar-2017
135528;Axis Hybrid Fund - Series 27 - Direct Plan - Growth;INF846K01WB8;;10.7955;10.7955;10.7955;14-Mar-2017
135526;Axis Hybrid Fund - Series 27 - Regular Plan - Dividend;INF846K01WE2;;10.6171;10.6171;10.6171;14-Mar-2017
135527;Axis Hybrid Fund - Series 27 - Regular Plan - Growth;INF846K01WD4;;10.6171;10.6171;10.6171;14-Mar-2017
135619;Axis Hybrid Fund - Series 28 - Direct Plan - Dividend;INF846K01WG7;;11.0448;11.0448;11.0448;14-Mar-2017
135618;Axis Hybrid Fund - Series 28 - Direct Plan - Growth;INF846K01WF9;;11.0445;11.0445;11.0445;14-Mar-2017
135621;Axis Hybrid Fund - Series 28 - Regular Plan - Dividend;INF846K01WI3;;10.8689;10.8689;10.8689;14-Mar-2017
135620;Axis Hybrid Fund - Series 28 - Regular Plan - Growth;INF846K01WH5;;10.8689;10.8689;10.8689;14-Mar-2017
136033;Axis Hybrid Fund Series - 29 (1275 Days) Direct Growth;INF846K01WT0;;11.4382;11.4382;11.4382;14-Mar-2017
136035;Axis Hybrid Fund Series - 29 (1275 Days) Dividend;INF846K01WW4;;11.2813;11.2813;11.2813;14-Mar-2017
136032;Axis Hybrid Fund Series - 29 (1275 Days) Growth;INF846K01WV6;;11.2813;11.2813;11.2813;14-Mar-2017
136131;Axis Hybrid Fund Series-30 (1297 Days) Direct Growth;INF846K01WX2;;11.8365;11.8365;11.8365;14-Mar-2017
136132;Axis Hybrid Fund Series-30 (1297 Days) Dividend;INF846K01XA8;;11.6777;11.6777;11.6777;14-Mar-2017
136130;Axis Hybrid Fund Series-30 (1297 Days) Growth;INF846K01WZ7;;11.6777;11.6777;11.6777;14-Mar-2017
139522;Axis Hybrid Fund Series - 31 (1381) Direct Dividend;INF846K01XU6;;10.3908;10.3908;10.3908;14-Mar-2017
139524;Axis Hybrid Fund Series - 31 (1381) Direct Growth;INF846K01XT8;;10.3909;10.3909;10.3909;14-Mar-2017
139523;Axis Hybrid Fund Series - 31 (1381) Dividend;INF846K01XW2;;10.2727;10.2727;10.2727;14-Mar-2017
139525;Axis Hybrid Fund Series - 31 (1381) Growth;INF846K01XV4;;10.2727;10.2727;10.2727;14-Mar-2017
139612;Axis Hybrid Fund Series - 32 (1367 Days) Direct Dividend;INF846K01XY8;;10.2920;10.2920;10.2920;14-Mar-2017
139613;Axis Hybrid Fund Series - 32 (1367 Days) Direct Growth;INF846K01XX0;;10.2920;10.2920;10.2920;14-Mar-2017
139614;Axis Hybrid Fund Series - 32 (1367 Days) Dividend;INF846K01YA6;;10.2032;10.2032;10.2032;14-Mar-2017
139615;Axis Hybrid Fund Series - 32 (1367 Days) Growth;INF846K01XZ5;;10.2032;10.2032;10.2032;14-Mar-2017
139778;Axis Hybrid Fund Series - 33 (1358 Days) - Direct Divided;INF846K01YC2;;10.1480;10.1480;10.1480;14-Mar-2017
139775;Axis Hybrid fund Series - 33 (1358 Days) - Direct Growth;INF846K01YB4;;10.1480;10.1480;10.1480;14-Mar-2017
139776;Axis Hybrid Fund Series - 33 (1358 Days) - Dividend;INF846K01YE8;;10.0551;10.0551;10.0551;14-Mar-2017
139777;Axis Hybrid Fund Series - 33 (1358 Days) - Growth;INF846K01YD0;;10.0551;10.0551;10.0551;14-Mar-2017
140112;Axis Hybrid Fund - Series 35 (1359 Days) - Direct Plan - Growth Option;INF846K01YF5;;10.5293;10.5293;10.5293;14-Mar-2017
140115;Axis Hybrid Fund - Series 35 (1359 Days) - Regular Plan - Dividend Option;INF846K01YI9;;10.4757;10.4757;10.4757;14-Mar-2017
140114;Axis Hybrid Fund - Series 35 (1359 Days)- Regular Plan Growth Option;INF846K01YH1;;10.4758;10.4758;10.4758;14-Mar-2017
122951;Axis Hybrid Fund - Series 5 (1346 Days) - Direct Plan - Growth;INF846K01YW0;;12.8341;12.8341;12.8341;14-Mar-2017
122953;Axis Hybrid Fund - Series 5 (1346 Days) - Regular Plan - Dividend;INF846K01YT6;;12.3958;12.3958;12.3958;14-Mar-2017
122950;Axis Hybrid Fund - Series 5 (1346 Days) - Regular Plan - Growth;INF846K01YU4;;12.3978;12.3978;12.3978;14-Mar-2017
123065;Axis Hybrid Fund Series 6 (1324 Days) - Direct - Growth;INF846K01ZE5;;13.2045;13.2045;13.2045;14-Mar-2017
123064;Axis Hybrid Fund Series 6 (1324 Days) - Regular - Dividend;INF846K01ZB1;;12.7625;12.7625;12.7625;14-Mar-2017
123063;Axis Hybrid Fund Series 6 (1324 Days) - Regular - Growth;INF846K01ZC9;;12.7584;12.7584;12.7584;14-Mar-2017
123978;Axis Hybrid Fund - Series 7 (1305 Days) - Regular Plan - Growth;INF846K01ZG0;;12.7556;12.7556;12.7556;14-Mar-2017
126357;Axis Hybrid Fund Series 8 (1279 days) - Direct Plan - Dividend;INF846K01JG4;;12.8025;12.8025;12.8025;14-Mar-2017
126356;Axis Hybrid Fund Series 8 (1279 days) - Direct Plan - Growth;INF846K01JF6;;12.8030;12.8030;12.8030;14-Mar-2017
126355;Axis Hybrid Fund Series 8 (1279 days) - Regular Plan - Dividend;INF846K01JE9;;12.4235;12.4235;12.4235;14-Mar-2017
126354;Axis Hybrid Fund Series 8 (1279 days) - Regular Plan - Growth;INF846K01JD1;;12.4235;12.4235;12.4235;14-Mar-2017
126958;Axis Hybrid Fund Series 9 (1282 days) -  Direct Plan - Dividend;INF846K01JK6;;12.8032;12.8032;12.8032;14-Mar-2017
126956;Axis Hybrid Fund Series 9 (1282 days) -  Direct Plan - Growth;INF846K01JJ8;;12.8032;12.8032;12.8032;14-Mar-2017
126955;Axis Hybrid Fund Series 9 (1282 days) - Regular Plan - Dividend;INF846K01JI0;;12.4331;12.4331;12.4331;14-Mar-2017
126957;Axis Hybrid Fund Series 9 (1282 days) - Regular Plan - Growth;INF846K01JH2;;12.4331;12.4331;12.4331;14-Mar-2017

Bandhan Mutual Fund
123513;IDFC FTP - S 27 (366 days)_Direct Plan Growth;INF194KA1T83;;13.6554;13.6554;13.6554;14-Mar-2017
123509;IDFC FTP - S 27 (366 days)_Regular Plan Growth;INF194KA1T67;;13.5864;13.5864;13.5864;14-Mar-2017
123514;IDFC FTP - S 27 (366 days)_Regular Plan Periodic Dividend;INF194KA1T75;;10.4148;10.4148;10.4148;14-Mar-2017
126546;IDFC FTP - S 66(1170 Days)_Direct Plan_Growth;INF194KA1ZX7;;13.0956;13.0956;13.0956;14-Mar-2017
126552;IDFC FTP - S 66(1170 Days)_Regular Plan_Growth;INF194KA1ZW9;;12.9358;12.9358;12.9358;14-Mar-2017
126808;IDFC FTP S-70(1169 Days)_Direct Plan_Growth;INF194KA1A19;;13.0363;13.0363;13.0363;14-Mar-2017
126805;IDFC FTP S-70(1169 Days)_Regular Plan_Growth;INF194KA1ZY5;;12.8658;12.8658;12.8658;14-Mar-2017
126810;IDFC FTP S-70(1169 Days)_Regular Plan_Quaterly Dividend;INF194KA1A01;;10.3442;10.3442;10.3442;14-Mar-2017
127172;IDFC FTP -S74(1169 Days) -Direct Plan_Growth;INF194KA1A92;;13.0582;13.0582;13.0582;14-Mar-2017
127165;IDFC FTP -S74(1169 Days) -Regular Plan_Growth;INF194KA1A50;;12.9032;12.9032;12.9032;14-Mar-2017
127494;IDFC FTP S-75(1170 Days)_Direct Plan_Growth;INF194KA1B26;;13.0306;13.0306;13.0306;14-Mar-2017
127490;IDFC FTP S-75(1170 Days)_Regular Plan_Growth;INF194KA1B18;;12.8804;12.8804;12.8804;14-Mar-2017
127687;IDFC FTP S-77(1170 Days)_Direct Plan_Growth;INF194KA1B42;;13.0119;13.0119;13.0119;14-Mar-2017
127684;IDFC FTP S-77(1170 Days)_Regular Plan_Growth;INF194KA1B34;;12.9066;12.9066;12.9066;14-Mar-2017
127863;IDFC FTP S-78(1096 Days)_Direct Plan_Growth;INF194KA1ZA5;;12.9890;12.9890;12.9890;14-Mar-2017
127864;IDFC FTP S-78(1096 Days)_Regular Plan_Growth;INF194KA1YZ5;;12.9144;12.9144;12.9144;14-Mar-2017
127944;IDFC FTP S-79(1170 Days)_Direct Plan_Growth;INF194KA1B91;;12.9592;12.9592;12.9592;14-Mar-2017
127938;IDFC FTP S-79(1170 Days)_Regular Plan_Growth;INF194KA1B59;;12.8092;12.8092;12.8092;14-Mar-2017
127940;IDFC FTP S-79(1170 Days)_Regular Plan_Periodic Dividend;INF194KA1B83;;10.9438;10.9438;10.9438;14-Mar-2017
127947;IDFC FTP S-83(729 Days)_Direct Plan_Growth;INF194KA1ZC1;;12.81612383;12.81612383;12.81612383;14-Mar-2017
127950;IDFC FTP S-83(729 Days)_Regular Plan_Growth;INF194KA1ZB3;;12.77775767;12.77775767;12.77775767;14-Mar-2017
128010;IDFC FTP S-84(1175 Days)_Direct Plan_Growth;INF194KA1ZQ1;;12.9342;12.9342;12.9342;14-Mar-2017
128014;IDFC FTP S-84(1175 Days)_Regular Plan_Growth;INF194KA1ZP3;;12.8286;12.8286;12.8286;14-Mar-2017
128214;IDFC FTP S-85(728 Days)_Direct Plan_Growth;INF194KA14B2;;12.8180;12.8180;12.8180;14-Mar-2017
128213;IDFC FTP S-85(728 Days)_Regular Plan_Growth;INF194KA13B4;;12.7729;12.7729;12.7729;14-Mar-2017
128226;IDFC FTP S-86(1175 Days)_Direct Plan_Growth;INF194KA1ZI8;;12.8898;12.8898;12.8898;14-Mar-2017
128221;IDFC FTP S-86(1175 Days)_Regular Plan_Growth;INF194KA1ZF4;;12.7582;12.7582;12.7582;14-Mar-2017
128474;IDFC FTP S-88(1175 Days)_Direct Plan_Growth;INF194KA1ZO6;;12.8898;12.8898;12.8898;14-Mar-2017
128475;IDFC FTP S-88(1175 Days)_Regular Plan_Growth;INF194KA1ZL2;;12.7973;12.7973;12.7973;14-Mar-2017
128549;IDFC FTP-S 89(742 Days)_Direct Plan_Growth;INF194KA17B5;;12.8394;12.8394;12.8394;14-Mar-2017
128546;IDFC FTP-S 89(742 Days)_Regular Plan_Growth;INF194KA15B9;;12.7009;12.7009;12.7009;14-Mar-2017
128550;IDFC FTP-S 89(742 Days)_Regular Plan_Quarterly Dividend;INF194KA16B7;;10.2218;10.2218;10.2218;14-Mar-2017
128934;IDFC FTP S -90(728 Days)_Direct Plan_Growth;INF194KA1NM6;INF194KA1Q29;12.8090;12.8090;12.8090;14-Mar-2017
128936;IDFC FTP S -90(728 Days)_Regular Plan_Growth;INF194KA1NQ7;INF194KA1P87;12.7339;12.7339;12.7339;14-Mar-2017
128940;IDFC FTP S -90(728 Days)_Regular Plan_Half Yearly Dividend;INF194KA1NS3;INF194KA1Q03;10.3736;10.3736;10.3736;14-Mar-2017
128941;IDFC FTP S -90(728 Days)_Regular Plan_Periodic Dividend;INF194KA1NT1;INF194KA1Q11;10.6937;10.6937;10.6937;14-Mar-2017
129011;IDFC FTP S -91(1158 Days)_Direct Plan_ Growth;INF194KA1C41;;12.8050;12.8050;12.8050;14-Mar-2017
129015;IDFC FTP S -91(1158 Days)_Regular Plan_ Growth;INF194KA1C09;;12.7548;12.7548;12.7548;14-Mar-2017
129465;IDFC FTP-S 92(735 Days)_Direct Plan_Growth;INF194KA1E07;;12.6416;12.6416;12.6416;14-Mar-2017
129462;IDFC FTP-S 92(735 Days)_Regular Plan_Growth;INF194KA1D73;;12.6057;12.6057;12.6057;14-Mar-2017
129463;IDFC FTP-S 92(735 Days)_Regular Plan_Quarterly Dividend;INF194KA1D81;;10.3097;10.3097;10.3097;14-Mar-2017
129501;IDFC FTP S - 93 (732 Days)_Regular Plan_Growth;INF194KA1F22;;12.6032;12.6032;12.6032;14-Mar-2017
129505;IDFC FTP S-93 (732 Days)_DIrect Plan_Growth;INF194KA1F55;;12.6389;12.6389;12.6389;14-Mar-2017
129929;IDFC FTP S -97 (788 Days) _Direct Plan_Growth;INF194KA1H87;;12.5848;12.5848;12.5848;14-Mar-2017
129934;IDFC FTP S-97 (788 Days)_Regular Plan_Growth;INF194KA1I11;;12.5043;12.5043;12.5043;14-Mar-2017
129985;IDFC FTP S_99(777Days)_Direct_Growth;INF194KA1J10;;12.5299;12.5299;12.5299;14-Mar-2017
129979;IDFC FTP S_99(777Days)_Regular_Growth;INF194KA1I78;;12.4829;12.4829;12.4829;14-Mar-2017
134585;IDFC FIXED TERM PLAN SERIES-108 (1144Days)- Direct Plan- Growth;INF194KA1C58;;11.7167;11.7167;11.7167;14-Mar-2017
134588;IDFC FIXED TERM PLAN SERIES-108 (1144Days)- Regular Plan- Growth;INF194KA1D16;;11.5005;11.5005;11.5005;14-Mar-2017
134583;IDFC FIXED TERM PLAN SERIES-108(1144Days)- Regular Plan- Quarterly Dividend;INF194KA1C90;;10.2998;10.2998;10.2998;14-Mar-2017
140845;IDFC FIXED TERM PLAN SERIES-129 (1147Days) - Direct Plan- Quarterly Dividend;INF194KA1Y60;;10.0112;10.0112;10.0112;14-Mar-2017
140846;IDFC FIXED TERM PLAN SERIES-129 (1147Days) - Direct Plan-Growth;INF194KA1Y52;;10.0112;10.0112;10.0112;14-Mar-2017
140850;IDFC FIXED TERM PLAN SERIES-129 (1147Days) - Regular Plan- Quarterly Dividend;INF194KA1Z02;;10.0108;10.0108;10.0108;14-Mar-2017
140848;IDFC FIXED TERM PLAN SERIES-129 (1147Days) - Regular Plan-Growth;INF194KA1Y94;;10.0108;10.0108;10.0108;14-Mar-2017

Bank of India Mutual Fund
134946;BOI AXA Capital Protection Oriented Fund Series 4 Direct Growth;INF761K01DI4;;10.3221;10.3221;10.3221;14-Mar-2017
134947;BOI AXA Capital Protection Oriented Fund Series 4 Regular Growth;INF761K01DJ2;;10.2736;10.2736;10.2736;14-Mar-2017
135524;BOI AXA Capital Protection Oriented  Fund Series 5 Regular Plan Growth;INF761K01DL8;;10.5967;10.5967;10.5967;14-Mar-2017
135525;BOI AXA Capital Protection Oriented Fund Series 5 Direct Plan Growth;INF761K01DK0;;10.6386;10.6386;10.6386;14-Mar-2017
133060;BOI AXA Capital Protection Oriented Fund Series 2  Regular Plan Growth;INF761K01DB9;;10.7309;10.7309;10.7309;14-Mar-2017
133061;BOI AXA Capital Protection Oriented Fund Series 2 Direct Plan Dividend;INF761K01CY3;;10.8767;10.8767;10.8767;14-Mar-2017
133063;BOI AXA Capital Protection Oriented Fund Series 2 Direct Plan Growth;INF761K01CZ0;;10.8767;10.8767;10.8767;14-Mar-2017
133062;BOI AXA Capital Protection Oriented Fund Series 2 Regular Plan Dividend;INF761K01DA1;;10.7309;10.7309;10.7309;14-Mar-2017
133496;BOI AXA Capital Protection Oriented Fund Series 3 Direct Plan Dividend;INF761K01DC7;;10.4431;10.4431;10.4431;14-Mar-2017
133495;BOI AXA Capital Protection Oriented Fund Series 3 Direct Plan Growth;INF761K01DD5;;10.4417;10.4417;10.4417;14-Mar-2017
133494;BOI AXA Capital Protection Oriented Fund Series 3 Regular Plan Dividend;INF761K01DE3;;10.3162;10.3162;10.3162;14-Mar-2017
133493;BOI AXA Capital Protection Oriented Fund Series 3 Regular Plan Growth;INF761K01DF0;;10.3162;10.3162;10.3162;14-Mar-2017

Baroda BNP Paribas Mutual Fund
134473;Baroda Pioneer Fixed Maturity Plan Series N - Plan A - Growth Option;INF955L01GN3;;12.6386;12.6386;12.6386;14-Mar-2017
134472;Baroda Pioneer Fixed Maturity Plan Series N Plan B (Direct) - Growth Option;INF955L01GP8;;12.7056;12.7056;12.7056;14-Mar-2017
134466;Baroda Pioneer Fixed Maturity Plan Series M - Plan A - Growth Option;INF955L01GJ1;;12.7550;12.7550;12.7550;14-Mar-2017
134467;Baroda Pioneer Fixed Maturity Plan Series M - Plan B (Direct) - Dividend (payout) option;INF955L01GM5;;11.6211;11.6211;11.6211;14-Mar-2017
134468;Baroda Pioneer Fixed Maturity Plan Series M - Plan B (Direct) - Growth Option;INF955L01GL7;;12.8331;12.8331;12.8331;14-Mar-2017
134121;Baroda Pioneer Hybrid Fund - Series 1 - Plan A - Dividend Pay-out option;INF955L01GG7;;10.2523;10.2523;10.2523;14-Mar-2017
134122;Baroda Pioneer Hybrid Fund - Series 1- Plan A - Growth Option;INF955L01GF9;;10.2523;10.2523;10.2523;14-Mar-2017
134123;Baroda Pioneer Hybrid Fund - Series 1- Plan B (Direct) - Growth Option;INF955L01GH5;;10.6161;10.6161;10.6161;14-Mar-2017
134120;Baroda Pioneer Hybrid Fund- Series 1- Plan B (Direct) - Dividend Pay-out Option;INF955L01GI3;;10.6161;10.6161;10.6161;14-Mar-2017

Canara Robeco Mutual Fund
133879;Canara Robeco Capital Protection Oriented Fund - Series 4 - Direct Plan - Growth Option;INF760K01HM9;;11.4771;11.4771;11.4771;14-Mar-2017
133881;Canara Robeco Capital Protection Oriented Fund - Series 4 - Regular Plan - Dividend Payout Option;INF760K01HP2;;11.3805;11.3805;11.3805;14-Mar-2017
133880;Canara Robeco Capital Protection Oriented Fund - Series 4 - Regular Plan - Growth Option;INF760K01HO5;;11.3805;11.3805;11.3805;14-Mar-2017
134157;Canara Robeco Capital Protection Oriented Fund - Series 5 - Direct Plan - Dividend Option;INF760K01HV0;;10.7356;10.7356;10.7356;14-Mar-2017
134156;Canara Robeco Capital protection Oriented Fund - Series 5 - Direct Plan - Growth Option;INF760K01HU2;;10.7356;10.7356;10.7356;14-Mar-2017
134159;Canara Robeco Capital protection Oriented Fund - Series 5 - Regular Plan - Growth Option;INF760K01HW8;;10.7102;10.7102;10.7102;14-Mar-2017
134158;Canara Robeco Capital protection Oriented Fund - Serries 5 - Regular Plan - Dividend option;INF760K01HX6;;10.7102;10.7102;10.7102;14-Mar-2017
135676;Canara Robeco Capital protection Oriented Fund - Series 6 - Regular Plan - Dividend Payout Option;INF760K01IB0;;11.0871;11.0871;11.0871;14-Mar-2017
135673;Canara Robeco capital protection Oriented Fund series 6  - Direct Plan - Growth Option;INF760K01HY4;;11.1874;11.1874;11.1874;14-Mar-2017
135674;Canara Robeco Capital Protection Oriented Fund Series 6 - Direct Plan - Dividend Payout Option;INF760K01HZ1;;11.1874;11.1874;11.1874;14-Mar-2017
135675;Canara Robeco Capital Protection Oriented Fund Series 6 - Regular Plan - Growth Option;INF760K01IA2;;11.0871;11.0871;11.0871;14-Mar-2017
139715;canara Robeco Capital protection Oriented Fund - Series  7 - Direct Plan - Dividend payout Option;INF760K01IE4;;10.3577;10.3577;10.3577;14-Mar-2017
139714;canara Robeco Capital protection Oriented Fund - Series  7 - Direct Plan - Growth option;INF760K01ID6;;10.3577;10.3577;10.3577;14-Mar-2017
139713;canara Robeco Capital protection Oriented Fund - Series  7 - Regular Plan - Dividend payout Option;INF760K01IG9;;10.3026;10.3026;10.3026;14-Mar-2017
139716;canara Robeco Capital protection Oriented Fund - Series  7 - Regular Plan - Growth Option;INF760K01IF1;;10.3026;10.3026;10.3026;14-Mar-2017
131012;CANARA ROBECO CAPITAL PROTECTION ORIENDED FUND- SERIES 3 -DIRECT PLAN- DIVIDEND PAYOUT OPTION;INF760K01HF3;;12.2497;12.2497;12.2497;14-Mar-2017
131010;CANARA ROBECO CAPITAL PROTECTION ORIENTED FUND - SERIES 3-GROWTH PLAN;INF760K01HG1;;12.1095;12.1095;12.1095;14-Mar-2017
131011;CANARA ROBECO CAPITAL PROTECTION ORIENTED FUND-SERIES 3- DIvidend PLAN;INF760K01HH9;;12.1095;12.1095;12.1095;14-Mar-2017
131013;CANARA ROBECO CAPITAL PROTECTION ORIENTED FUND-SERIES 3-DIRECT PLAN-GROWTH OPTION;INF760K01HE6;;12.2497;12.2497;12.2497;14-Mar-2017

DSP Mutual Fund
131182;DSP BlackRock Dual Advantage Fund - Series 29 - 40M - Direct Plan - Growth Option;INF740K016H3;;11.3329;11.3329;11.3329;14-Mar-2017
131180;DSP BlackRock Dual Advantage Fund - Series 29 - 40M - Regular Plan - Dividend Payout Option;INF740K015H5;;11.1947;11.1947;11.1947;14-Mar-2017
131179;DSP BlackRock Dual Advantage Fund - Series 29 - 40M - Regular Plan - Growth option;INF740K014H8;;11.1947;11.1947;11.1947;14-Mar-2017
133507;DSP BlackRock Dual Advantage Fund - Series 34 - 36M - Direct Plan - Dividend Payout Option;INF740K011N2;;10.3377;10.3377;10.3377;14-Mar-2017
133505;DSP BlackRock Dual Advantage Fund - Series 34 - 36M - Direct Plan - Growth Option;INF740K010N4;;10.3377;10.3377;10.3377;14-Mar-2017
133506;DSP BlackRock Dual Advantage Fund - Series 34 - 36M - Regular Plan - Dividend Payout Option;INF740K019M7;;10.2292;10.2292;10.2292;14-Mar-2017
133508;DSP BlackRock Dual Advantage Fund - Series 34 - 36M - Regular Plan - Growth Option;INF740K018M9;;10.2292;10.2292;10.2292;14-Mar-2017
133666;DSP BlackRock Dual Advantage Fund - Series 35 - 36M - Direct Plan - Dividend Payout Option;INF740K015N3;;10.2435;10.2435;10.2435;14-Mar-2017
133667;DSP BlackRock Dual Advantage Fund - Series 35 - 36M - Direct Plan - Growth Option;INF740K014N6;;10.2435;10.2435;10.2435;14-Mar-2017
133668;DSP BlackRock Dual Advantage Fund - Series 35 - 36M - Regular Plan - Dividend Payout Option;INF740K013N8;;10.1390;10.1390;10.1390;14-Mar-2017
133669;DSP BlackRock Dual Advantage Fund - Series 35 - 36M - Regular Plan - Growth Option;INF740K012N0;;10.1390;10.1390;10.1390;14-Mar-2017
133915;DSP BlackRock Dual Advantage Fund - Series 36 - 36M - Direct Plan - Dividend Payout Option;INF740K011P7;;10.3244;10.3244;10.3244;14-Mar-2017
133916;DSP BlackRock Dual Advantage Fund - Series 36 - 36M - Direct Plan - Growth Option;INF740K010P9;;10.3244;10.3244;10.3244;14-Mar-2017
133918;DSP BlackRock Dual Advantage Fund - Series 36 - 36M - Regular Plan - Dividend Payout Option;INF740K019O3;;10.2222;10.2222;10.2222;14-Mar-2017
133917;DSP BlackRock Dual Advantage Fund - Series 36 - 36M - Regular Plan - Growth Option;INF740K018O5;;10.2222;10.2222;10.2222;14-Mar-2017
135339;DSP  Dual Advantage Fund - Series 39 - 36M - Direct Plan - Dividend Payout Option;INF740K017Z3;;11.3801;11.3801;11.3801;14-Mar-2017
135340;DSP  Dual Advantage Fund - Series 39 - 36M - Direct Plan - Growth;INF740K016Z5;;11.3801;11.3801;11.3801;14-Mar-2017
135338;DSP  Dual Advantage Fund - Series 39 - 36M - Regular Plan - Dividend Payout Option;INF740K015Z7;;11.2974;11.2974;11.2974;14-Mar-2017
135337;DSP  Dual Advantage Fund - Series 39 - 36M - Regular Plan - Growth;INF740K014Z0;;11.2974;11.2974;11.2974;14-Mar-2017
128942;DSP BlackRock FMP - Series 161 - 12M (Maturity Date 27 April 2017) - Direct Plan - Dividend Payout - Quarterly Payout;INF740K013X7;;11.6231;11.6231;11.6231;14-Mar-2017
128945;DSP BlackRock FMP - Series 161 - 12M (Maturity Date 27 April 2017) - Direct Plan - Growth;INF740K011X1;;12.7187;12.7187;12.7187;14-Mar-2017
128947;DSP BlackRock FMP - Series 161 - 12M (Maturity Date 27 April 2017) - Regular Plan - Dividend Payout - Regular Payout;INF740K019W6;;11.6011;11.6011;11.6011;14-Mar-2017
128943;DSP BlackRock FMP - Series 161 - 12M (Maturity Date 27 April 2017) - Regular Plan - Growth;INF740K018X6;;12.6826;12.6826;12.6826;14-Mar-2017
135969;DSP  FMP - Series 192 - 36M - Direct Plan - Dividend Payout - Quarterly Payout;INF740KA1181;;11.2346;11.2346;11.2346;14-Mar-2017
135967;DSP  FMP - Series 192 - 36M - Direct Plan - Growth;INF740KA1165;;11.2346;11.2346;11.2346;14-Mar-2017
135966;DSP  FMP - Series 192 - 36M - Regular Plan - Dividend Payout - Regular Payout;INF740KA1140;;11.1904;11.1904;11.1904;14-Mar-2017
135970;DSP  FMP - Series 192 - 36M - Regular Plan - Growth;INF740KA1132;;11.1904;11.1904;11.1904;14-Mar-2017
135968;DSP  FMP - Series 192 -36M - Direct Plan - Dividend Payout - Regular Payout;INF740KA1173;;11.2346;11.2346;11.2346;14-Mar-2017
135971;DSP FMP - Series - 192 - 36M - Regular Plan - Dividend Payout - Quarterly Payout;INF740KA1157;;11.1904;11.1904;11.1904;14-Mar-2017
127146;DSP BlackRock FMP - Series 146 - 12M (Maturity Date 06-Jun-2017)  - Regular Plan - Growth;INF740KA1AJ8;;12.9551;12.9551;12.9551;14-Mar-2017
127149;DSP BlackRock FMP - Series 146 - 12M (Maturity Date 6-Jun-2017) - Direct Plan - Growth;INF740KA1AM2;;12.9812;12.9812;12.9812;14-Mar-2017
127456;DSP BlackRock FMP - Series 148 - 12M (Maturity Date 06-Jun-2017) - Direct Plan - Growth;INF740KA1AS9;;12.8945;12.8945;12.8945;14-Mar-2017
127459;DSP BlackRock FMP - Series 148 - 12M (Maturity Date 06-Jun-2017) - Regular Plan - Growth;INF740KA1AP5;;12.8634;12.8634;12.8634;14-Mar-2017
127607;DSP BlackRock FMP - Series 149 - 12M (Maturity Date 19-Jun-2017) - Direct Plan - Growth;INF740KA1BE7;;12.9657;12.9657;12.9657;14-Mar-2017
127610;DSP BlackRock FMP - Series 149 - 12M (Maturity Date 19-Jun-2017) - Regular Plan - Growth;INF740KA1BB3;;12.9446;12.9446;12.9446;14-Mar-2017
127667;DSP BlackRock FMP - Series 150 - 13M - (Maturity Date 11 April 2017) - Direct Plan - Growth;INF740K017U4;;12.8702;12.8702;12.8702;14-Mar-2017
127664;DSP BlackRock FMP - Series 150 - 13M - (Maturity Date 11 April 2017) - Regular Plan - Dividend Payout - Regular Payout;INF740K015U8;;11.6241;11.6241;11.6241;14-Mar-2017
127665;DSP BlackRock FMP - Series 150 - 13M - (Maturity Date 11 April 2017) - Regular Plan - Growth;INF740K014U1;;12.8325;12.8325;12.8325;14-Mar-2017
127854;DSP BlackRock FMP - Series 151 - 12M (Maturity Date 19-Jun-2017) - Direct Plan - Dividend Payout - Regular Payout;INF740KA1BL2;;11.7473;11.7473;11.7473;14-Mar-2017
127855;DSP BlackRock FMP - Series 151 - 12M (Maturity Date 19-Jun-2017) - Direct Plan - Growth;INF740KA1BK4;;12.8885;12.8885;12.8885;14-Mar-2017
127858;DSP BlackRock FMP - Series 151 - 12M (Maturity Date 19-Jun-2017) - Regular Plan - Growth;INF740KA1BH0;;12.8551;12.8551;12.8551;14-Mar-2017
127988;DSP BlackRock FMP - Series 152 - 12.5M (Maturity Date 11 April 2017) - Direct Plan - Growth;INF740K013V1;;12.8349;12.8349;12.8349;14-Mar-2017
127987;DSP BlackRock FMP - Series 152 - 12.5M (Maturity Date 11 April 2017) - Regular Plan - Growth;INF740K010V7;;12.7477;12.7477;12.7477;14-Mar-2017
128106;DSP BlackRock FMP - Series 153 - 12M (Maturity Date 27-Jun-2017) - Direct Plan - Growth;INF740KA1BQ1;;12.7992;12.7992;12.7992;14-Mar-2017
128107;DSP BlackRock FMP - Series 153 - 12M (Maturity Date 27-Jun-2017) - Regular Plan - Dividend Payout - Quarterly Payout;INF740KA1BP3;;11.6789;11.6789;11.6789;14-Mar-2017
128108;DSP BlackRock FMP - Series 153 - 12M (Maturity Date 27-Jun-2017) - Regular Plan - Dividend Payout - Regular Payout;INF740KA1BO6;;11.6789;11.6789;11.6789;14-Mar-2017
128109;DSP BlackRock FMP - Series 153 - 12M (Maturity Date 27-Jun-2017) - Regular Plan - Growth;INF740KA1BN8;;12.7738;12.7738;12.7738;14-Mar-2017
128342;DSP BlackRock FMP - Series 154 - 12.5M (Maturity Date 11 April 2017)  - Direct Plan - Growth;INF740K018V0;;12.7685;12.7685;12.7685;14-Mar-2017
128345;DSP BlackRock FMP - Series 154 - 12.5M (Maturity Date 11 April 2017) - Regular Plan - Growth;INF740K011W3;;12.7315;12.7315;12.7315;14-Mar-2017
128376;DSP BlackRock FMP - Series 155 - 12M (Maturity Date 03-Apr-2017) - Direct Plan - Growth;INF740K017T6;;12.7646;12.7646;12.7646;14-Mar-2017
128378;DSP BlackRock FMP - Series 155 - 12M (Maturity Date 03-Apr-2017) - Regular Plan - Dividend Payout - Regular Payout;INF740K015T0;;11.6617;11.6617;11.6617;14-Mar-2017
128379;DSP BlackRock FMP - Series 155 - 12M (Maturity Date 03-Apr-2017) - Regular Plan - Growth;INF740K014T3;;12.7278;12.7278;12.7278;14-Mar-2017
128975;DSP BlackRock FMP - Series 162 - 12M (Maturity Date 27 April 2017) - Direct Plan - Growth;INF740K017X8;;12.7138;12.7138;12.7138;14-Mar-2017
128977;DSP BlackRock FMP - Series 162 - 12M (Maturity Date 27 April 2017) - Regular Plan - Dividend Payout - Regular Payout;INF740K015X2;;11.5994;11.5994;11.5994;14-Mar-2017
128978;DSP BlackRock FMP - Series 162 - 12M (Maturity Date 27 April 2017) - Regular Plan - Growth;INF740K014X5;;12.6777;12.6777;12.6777;14-Mar-2017
129001;DSP BlackRock FMP - Series 163 - 12M (Maturity Date 27 April 2017)  - Regular Plan - Dividend Payout - Regular Payout;INF740K013Y5;;11.5933;11.5933;11.5933;14-Mar-2017
128997;DSP BlackRock FMP - Series 163 - 12M (Maturity Date 27 April 2017) - Direct Plan - Dividend Payout - Quarterly Payout;INF740K017Y6;;11.6155;11.6155;11.6155;14-Mar-2017
128999;DSP BlackRock FMP - Series 163 - 12M (Maturity Date 27 April 2017) - Direct Plan - Growth;INF740K015Y0;;12.7014;12.7014;12.7014;14-Mar-2017
128996;DSP BlackRock FMP - Series 163 - 12M (Maturity Date 27 April 2017) - Regular Plan - Growth;INF740K012Y7;;12.6655;12.6655;12.6655;14-Mar-2017
129495;DSP BlackRock FMP - Series 164 - 12M (Maturity Date 16 May 2017) - Direct Plan - Dividend Payout - Regular Payout;INF740K012Z4;;11.5698;11.5698;11.5698;14-Mar-2017
129497;DSP BlackRock FMP - Series 164 - 12M (Maturity Date 16 May 2017) - Direct Plan - Growth;INF740K011Z6;;12.6553;12.6553;12.6553;14-Mar-2017
129496;DSP BlackRock FMP - Series 164 - 12M (Maturity Date 16 May 2017) - Regular Plan - Growth;INF740K018Y4;;12.6205;12.6205;12.6205;14-Mar-2017
126374;DSP BlackRock FTP - Series 36 - 15M  - (Maturity Date 27 April 2017)- Regular Plan - Growth Option;INF740K012W1;;12.8976;12.8976;12.8976;14-Mar-2017
126376;DSP BlackRock FTP - Series 36 - 15M - (Maturity Date 27 April 2017 ) - Direct Plan - Growth Option;INF740K019X4;;12.9515;12.9515;12.9515;14-Mar-2017
131268;DSP BlackRock FTP - Series 44 - 36M - Direct Plan - Dividend Payout Option;INF740K011I2;;12.5796;12.5796;12.5796;14-Mar-2017
131266;DSP BlackRock FTP - Series 44 - 36M - Direct Plan - Growth Option;INF740K010I4;;12.5796;12.5796;12.5796;14-Mar-2017
131267;DSP BlackRock FTP - Series 44 - 36M - Regular Plan - Dividend Payout Option;INF740K019H7;;12.4257;12.4257;12.4257;14-Mar-2017
131265;DSP BlackRock FTP - Series 44 - 36M - Regular Plan - Growth Option;INF740K018H9;;12.4257;12.4257;12.4257;14-Mar-2017
127001;DSP BlackRock FTP - Series 37 - 14M (Maturity Date 27 April 2017) - Direct Plan - Growth Option;INF740K017W0;;12.9269;12.9269;12.9269;14-Mar-2017
127004;DSP BlackRock FTP - Series 37 - 14M - (Maturity Date 27 April 2017) - Regular Plan - Growth Option;INF740K015W4;;12.8746;12.8746;12.8746;14-Mar-2017
127473;DSP BlackRock FTP - Series 38 - 25M - Direct Plan - Dividend Payout Option (Maturity Date 17-Apr-2017);INF740KA1603;;12.8358;12.8358;12.8358;14-Mar-2017
127472;DSP BlackRock FTP - Series 38 - 25M - Direct Plan - Growth Option (Maturity Date 17-Apr-2017);INF740KA1595;;12.9424;12.9424;12.9424;14-Mar-2017
127474;DSP BlackRock FTP - Series 38 - 25M - Regular Plan - Dividend Payout Option ( Maturity Date 17-Apr-2017);INF740KA1587;;12.7409;12.7409;12.7409;14-Mar-2017
127475;DSP BlackRock FTP - Series 38 - 25M - Regular Plan - Growth Option (Maturity Date 17-Apr-2017);INF740KA1579;;12.8475;12.8475;12.8475;14-Mar-2017
139232;DSP Dual Advantage Fund - Series 44 - 39M - Direct - Dividend Payout;INF740KA1645;;11.0475;11.0475;11.0475;14-Mar-2017
139231;DSP Dual Advantage Fund - Series 44 - 39M - Direct - Growth;INF740KA1637;;11.0475;11.0475;11.0475;14-Mar-2017
139230;DSP Dual Advantage Fund - Series 44 - 39M - Regular - Dividend Payout;INF740KA1629;;10.9911;10.9911;10.9911;14-Mar-2017
139229;DSP Dual Advantage Fund - Series 44 -39M - Regular - Growth;INF740KA1611;;10.9911;10.9911;10.9911;14-Mar-2017
139330;DSP Dual Advantage Fund - Series 45 - 38M - Direct - Dividend Payout;INF740KA1686;;11.1251;11.1251;11.1251;14-Mar-2017
139329;DSP Dual Advantage Fund - Series 45 - 38M - Direct - Growth;INF740KA1678;;11.1251;11.1251;11.1251;14-Mar-2017
139328;DSP Dual Advantage Fund - Series 45 - 38M - Regular - Dividend Payout;INF740KA1660;;11.0796;11.0796;11.0796;14-Mar-2017
139327;DSP Dual Advantage Fund- Series 45 - 38M - Regular - Growth;INF740KA1652;;11.0796;11.0796;11.0796;14-Mar-2017
139468;DSP Dual Advantage Fund - Series 46 - 36M - Direct - Growth;INF740KA1710;;10.3741;10.3741;10.3741;14-Mar-2017
139466;DSP Dual Advantage Fund - Series 46 - 36M - Regular - Dividend Payout;INF740KA1702;;10.3392;10.3392;10.3392;14-Mar-2017
139467;DSP Dual Advantage Fund - Series 46 - 36M - Regular - Growth;INF740KA1694;;10.3392;10.3392;10.3392;14-Mar-2017
140063;DSP Dual Advantage Fund - Series 49 - 42M - Direct - Growth;INF740KA1AB5;;10.2580;10.2580;10.2580;14-Mar-2017
140061;DSP Dual Advantage Fund - Series 49 - 42M - Regular - Dividend Payout;INF740KA1AA7;;10.2407;10.2407;10.2407;14-Mar-2017
140062;DSP Dual Advantage Fund - Series 49 - 42M - Regular - Growth;INF740KA1991;;10.2407;10.2407;10.2407;14-Mar-2017
139511;DSP FMP Series 196 - 37M - Direct Plan - Growth;INF740KA1843;;10.7813;10.7813;10.7813;14-Mar-2017
139510;DSP FMP Series 196 - 37M - Regular Plan - Dividend - Quarterly Payout;INF740KA1835;;10.7507;10.7507;10.7507;14-Mar-2017
139507;DSP FMP Series 196 - 37M - Regular Plan - Dividend - Regular Payout;INF740KA1827;;10.7507;10.7507;10.7507;14-Mar-2017
139512;DSP FMP Series 196 - 37M - Regular Plan - Growth;INF740KA1819;;10.7507;10.7507;10.7507;14-Mar-2017
140834;DSP FMP - Series 204 - 37M - Direct Plan - Dividend - Regular Payout;INF740KA1AH2;;9.9946;9.9946;9.9946;14-Mar-2017
140833;DSP FMP - Series 204 - 37M - Direct Plan - Growth;INF740KA1AG4;;9.9946;9.9946;9.9946;14-Mar-2017
140832;DSP FMP - Series 204 - 37M - Regular Plan - Dividend - Quarterly Payout;INF740KA1AF6;;9.9945;9.9945;9.9945;14-Mar-2017
140829;DSP FMP - Series 204 - 37M - Regular Plan - Dividend - Regular Payout;INF740KA1AE9;;9.9945;9.9945;9.9945;14-Mar-2017
140831;DSP FMP - Series 204 - 37M - Regular Plan - Growth;INF740KA1AD1;;9.9945;9.9945;9.9945;14-Mar-2017
136266;DSP FMP Series 195 - 36M - Direct Plan - Dividend - Quarterly Payout;INF740KA1421;;11.0574;11.0574;11.0574;14-Mar-2017
136265;DSP FMP Series 195 - 36M - Direct Plan - Dividend - Regular Payout;INF740KA1413;;11.0574;11.0574;11.0574;14-Mar-2017
136264;DSP FMP Series 195 - 36M - Direct Plan - Growth;INF740KA1405;;11.0574;11.0574;11.0574;14-Mar-2017
136263;DSP FMP Series 195 - 36M - Regular Plan - Dividend - Quarterly Payout;INF740KA1397;;11.0170;11.0170;11.0170;14-Mar-2017
136267;DSP FMP Series 195 - 36M - Regular Plan - Dividend - Regular Payout;INF740KA1389;;11.0170;11.0170;11.0170;14-Mar-2017
136262;DSP FMP Series 195 - 36M - Regular Plan - Growth;INF740KA1371;;11.0170;11.0170;11.0170;14-Mar-2017

Edelweiss Mutual Fund
140272;Edelweiss Fixed Maturity Plan - Series 20 - Direct Plan - Dividend Option;INF843K01DV3;;14.0633;14.0633;14.0633;14-Mar-2017
140271;Edelweiss Fixed Maturity Plan - Series 20 - Direct Plan - Growth Option;INF843K01DU5;;14.0633;14.0633;14.0633;14-Mar-2017
140270;Edelweiss Fixed Maturity Plan - Series 20 - Regular Plan - Dividend Option;INF843K01DX9;;13.7568;13.7568;13.7568;14-Mar-2017
140269;Edelweiss Fixed Maturity Plan - Series 20 - Regular Plan - Growth Option;INF843K01DW1;;13.7569;13.7569;13.7569;14-Mar-2017
140313;Edelweiss Fixed Maturity Plan - Series 35 - Direct Plan - Growth Option;INF843K01HY8;;13.4692;13.4692;13.4692;14-Mar-2017
140312;Edelweiss Fixed Maturity Plan - Series 35 - Regular Plan - Dividend Option;INF843K01IB4;;13.2293;13.2293;13.2293;14-Mar-2017
140311;Edelweiss Fixed Maturity Plan - Series 35 - RegularPlan - Growth Option;INF843K01IA6;;13.2293;13.2293;13.2293;14-Mar-2017
140321;Edelweiss Fixed Maturity Plan - Series 38 - Direct Plan - Growth Option;INF843K01IK5;;13.2154;13.2154;13.2154;14-Mar-2017
140320;Edelweiss Fixed Maturity Plan - Series 38 - Regular Plan - Dividend Option;INF843K01IN9;;12.9879;12.9879;12.9879;14-Mar-2017
140319;Edelweiss Fixed Maturity Plan - Series 38 - Regular Plan - Growth Option;INF843K01IM1;;12.9893;12.9893;12.9893;14-Mar-2017
140330;Edelweiss Fixed Maturity Plan - Series 40 - Direct Plan - Growth Option;INF843K01JE6;;12.5716;12.5716;12.5716;14-Mar-2017
140332;Edelweiss Fixed Maturity Plan - Series 40 - Regular Plan - Dividend Option;INF843K01JH9;;12.4357;12.4357;12.4357;14-Mar-2017
140329;Edelweiss Fixed Maturity Plan - Series 40 - Regular Plan - Growth Option;INF843K01JG1;;12.4335;12.4335;12.4335;14-Mar-2017
140260;Edelweiss Fixed Maturity Plan - Series 502 - Dividend Option;INF843K01AK2;;12.3285;12.3285;12.3285;14-Mar-2017
140259;Edelweiss Fixed Maturity Plan - Series 502 - Growth Option;INF843K01AJ4;;14.2203;14.2203;14.2203;14-Mar-2017
140264;Edelweiss Fixed Maturity Plan - Sr 14 - Direct Plan - Dividend Option;INF843K01CT9;;13.9075;13.9075;13.9075;14-Mar-2017
140263;Edelweiss Fixed Maturity Plan - Sr 14 - Direct Plan - Growth Option;INF843K01CS1;;13.9207;13.9207;13.9207;14-Mar-2017
140262;Edelweiss Fixed Maturity Plan - Sr 14 - Regular Plan - Dividend Option;INF843K01CV5;;13.8608;13.8608;13.8608;14-Mar-2017
140261;Edelweiss Fixed Maturity Plan - Sr 14 - Regular Plan - Growth Option;INF843K01CU7;;13.8613;13.8613;13.8613;14-Mar-2017
140318;Edelweiss Fixed Maturity Plan - Sr 37 - Direct Plan - Growth Option;INF843K01IO7;;12.8128;12.8128;12.8128;14-Mar-2017
140317;Edelweiss Fixed Maturity Plan - Sr 37 - Regular Plan - Dividend Option;INF843K01IR0;;12.6482;12.6482;12.6482;14-Mar-2017
140315;Edelweiss Fixed Maturity Plan - Sr 37 - Regular Plan - Growth Option;INF843K01IQ2;;12.6481;12.6481;12.6481;14-Mar-2017
140258;Edelweiss Income Fund - Series 501 - Dividend Option;INF843K01781;;12.801;12.801;12.801;14-Mar-2017
140257;Edelweiss Income Fund - Series 501 - Growth Option;INF843K01773;;14.3667;14.3667;14.3667;14-Mar-2017

Groww Mutual Fund
138218;Indiabulls FMP Series V - Plan (1) - 1175 Days - Direct Plan Growth;INF666M01BQ8;;11.0449;11.0449;11.0449;14-Mar-2017
138220;Indiabulls FMP Series V - Plan (1) - 1175 Days - Regular Plan Growth;INF666M01BV8;;10.9816;10.9816;10.9816;14-Mar-2017

HDFC Mutual Fund
121545;HDFC Annual Interval Fund - Series I - Plan A-Direct Option-Dividend Option;INF179K01F13;INF179K01F21;10.7646;0.0000;0.0000;14-Mar-2017
121541;HDFC Annual Interval Fund - Series I - Plan A-Direct Option-Growth Option;INF179K01F05;;14.0431;0.0000;0.0000;14-Mar-2017
121537;HDFC Annual Interval Fund - Series I - Plan A-Regular Option-Dividend Option;INF179K01F62;INF179K01F70;10.7575;0.0000;0.0000;14-Mar-2017
121536;HDFC Annual Interval Fund - Series I - Plan A-Regular Option-Growth Option;INF179K01F54;;14.0126;0.0000;0.0000;14-Mar-2017
121553;HDFC Annual Interval Fund - Series I - Plan B-Direct Option-Dividend Option;INF179K01G12;INF179K01G20;10.7633;0.0000;0.0000;14-Mar-2017
121549;HDFC Annual Interval Fund - Series I - Plan B-Direct Option-Flexi Option;INF179K01G46;;12.7826;0.0000;0.0000;14-Mar-2017
121552;HDFC Annual Interval Fund - Series I - Plan B-Direct Option-Growth Option;INF179K01G04;;13.9598;0.0000;0.0000;14-Mar-2017
121554;HDFC Annual Interval Fund - Series I - Plan B-Direct Option-Quarterly Dividend Option;INF179K01G38;;10.1958;0.0000;0.0000;14-Mar-2017
121547;HDFC Annual Interval Fund - Series I - Plan B-Regular Option-Dividend Option;INF179K01G61;INF179K01G79;10.7363;0.0000;0.0000;14-Mar-2017
121546;HDFC Annual Interval Fund - Series I - Plan B-Regular Option-Growth Option;INF179K01G53;;13.9198;0.0000;0.0000;14-Mar-2017
127379;HDFC CPO - II - 36M February 2014 - Direct Option - Dividend Option;INF179KA1DS3;;10.0089;0.0000;0.0000;14-Mar-2017
127380;HDFC CPO - II - 36M February 2014 - Direct Option - Growth Option;INF179KA1DR5;;12.5798;0.0000;0.0000;14-Mar-2017
127381;HDFC CPO - II - 36M February 2014 - Regular Option - Dividend Option;INF179KA1DU9;;10.0079;0.0000;0.0000;14-Mar-2017
127382;HDFC CPO - II - 36M February 2014 - Regular Option - Growth Option;INF179KA1DT1;;12.3898;0.0000;0.0000;14-Mar-2017
130262;HDFC CPO - II - 36M JUNE 2014-Direct Option-Dividend Option;INF179KA1RF0;;12.0480;0.0000;0.0000;14-Mar-2017
130260;HDFC CPO - II - 36M JUNE 2014-Direct Option-Growth Option;INF179KA1RE3;;12.0480;0.0000;0.0000;14-Mar-2017
130261;HDFC CPO - II - 36M JUNE 2014-Regular Option-Dividend Option;INF179KA1RH6;;11.8859;0.0000;0.0000;14-Mar-2017
130263;HDFC CPO - II - 36M JUNE 2014-Regular Option-Growth Option;INF179KA1RG8;;11.8859;0.0000;0.0000;14-Mar-2017
129816;HDFC CPO - II - 36M May 2014 - Direct Option - Dividend Option;INF179KA1OX0;;12.0898;0.0000;0.0000;14-Mar-2017
129814;HDFC CPO - II - 36M May 2014 - Direct Option - Growth Option;INF179KA1OW2;;12.0898;0.0000;0.0000;14-Mar-2017
129813;HDFC CPO - II - 36M May 2014 - Regular Option - Dividend Option;INF179KA1OZ5;;11.9247;0.0000;0.0000;14-Mar-2017
129815;HDFC CPO - II - 36M May 2014 - Regular Option - Growth Option;INF179KA1OY8;;11.9247;0.0000;0.0000;14-Mar-2017
133632;HDFC CPO - III - 1173D January 2015 - Direct Option - Dividend Option;INF179KA1W55;;11.3398;0.0000;0.0000;14-Mar-2017
133633;HDFC CPO - III - 1173D January 2015 - Direct Option - Growth Option;INF179KA1W48;;11.3398;0.0000;0.0000;14-Mar-2017
133635;HDFC CPO - III - 1173D January 2015 - Regular Option - Dividend Option;INF179KA1W71;;11.2222;0.0000;0.0000;14-Mar-2017
133634;HDFC CPO - III - 1173D January 2015 - Regular Option - Growth Option;INF179KA1W63;;11.2222;0.0000;0.0000;14-Mar-2017
133252;HDFC CPO - III - 1207D December 2014 - Direct Option - Dividend Option;INF179KA1L74;;11.4382;0.0000;0.0000;14-Mar-2017
133253;HDFC CPO - III - 1207D December 2014 - Direct Option - Growth Option;INF179KA1L66;;11.4382;0.0000;0.0000;14-Mar-2017
133254;HDFC CPO - III - 1207D December 2014 - Regular Option - Dividend Option;INF179KA1L90;;11.3112;0.0000;0.0000;14-Mar-2017
133255;HDFC CPO - III - 1207D December 2014 - Regular Option - Growth Option;INF179KA1L82;;11.3112;0.0000;0.0000;14-Mar-2017
131513;HDFC CPO-III-1100D October 2014-Direct Option-Dividend Option;INF179KA1ZV0;;11.6664;0.0000;0.0000;14-Mar-2017
131514;HDFC CPO-III-1100D October 2014-Direct Option-Growth Option;INF179KA1ZU2;;11.6664;0.0000;0.0000;14-Mar-2017
131515;HDFC CPO-III-1100D October 2014-Regular Option-Dividend Option;INF179KA1ZX6;;11.5285;0.0000;0.0000;14-Mar-2017
131516;HDFC CPO-III-1100D October 2014-Regular Option-Growth Option;INF179KA1ZW8;;11.5285;0.0000;0.0000;14-Mar-2017
135278;HDFC DAF - I - 1100D August 2015 - Direct Option - Dividend Option;INF179KB1HB9;;11.4365;0.0000;0.0000;14-Mar-2017
135281;HDFC DAF - I - 1100D August 2015 - Direct Option - Growth Option;INF179KB1HA1;;11.4365;0.0000;0.0000;14-Mar-2017
135279;HDFC DAF - I - 1100D August 2015 - Regular Option - Dividend Option;INF179KB1HD5;;11.1259;0.0000;0.0000;14-Mar-2017
135280;HDFC DAF - I - 1100D August 2015 - Regular Option - Growth Option;INF179KB1HC7;;11.1259;0.0000;0.0000;14-Mar-2017
139128;HDFC DAF - II - 1099D March 2016 - Direct Option - Dividend Option;INF179KB1PE6;;10.8911;0.0000;0.0000;14-Mar-2017
139129;HDFC DAF - II - 1099D March 2016 - Direct Option - Growth Option;INF179KB1PD8;;10.8911;0.0000;0.0000;14-Mar-2017
139115;HDFC DAF - II - 1099D March 2016 - Regular Option - Divided Option;INF179KB1PG1;;10.6840;0.0000;0.0000;14-Mar-2017
139130;HDFC DAF - II - 1099D March 2016 - Regular Option - Growth Option;INF179KB1PF3;;10.6840;0.0000;0.0000;14-Mar-2017
139308;HDFC DAF - II - 1111D April 2016 - Direct Option - Dividend option;INF179KB1QG9;;10.8637;0.0000;0.0000;14-Mar-2017
139310;HDFC DAF - II - 1111D April 2016 - Direct Option - Growth option;INF179KB1QF1;;10.8637;0.0000;0.0000;14-Mar-2017
139307;HDFC DAF - II - 1111D April 2016 - Regular Option - Dividend option;INF179KB1QI5;;10.6726;0.0000;0.0000;14-Mar-2017
139309;HDFC DAF - II - 1111D April 2016 - Regular Option - Growth option;INF179KB1QH7;;10.6726;0.0000;0.0000;14-Mar-2017
136106;HDFC DAF - II - 1160D January 2016 - Direct Option - Dividend Option;INF179KB1LK2;;11.2164;0.0000;0.0000;14-Mar-2017
136107;HDFC DAF - II - 1160D January 2016 - Direct Option - Growth Option;INF179KB1LJ4;;11.2164;0.0000;0.0000;14-Mar-2017
136108;HDFC DAF - II - 1160D January 2016 - Regular Option - Dividend Option;INF179KB1LM8;;10.9782;0.0000;0.0000;14-Mar-2017
136109;HDFC DAF - II - 1160D January 2016 - Regular Option - Growth Option;INF179KB1LL0;;10.9782;0.0000;0.0000;14-Mar-2017
127075;HDFC DEBT FUND FOR CANCER CURE 2014 - Direct Plan;INF179KB1E14;;10.3832;0.0000;0.0000;14-Mar-2017
127074;HDFC DEBT FUND FOR CANCER CURE 2014 - Regular Plan;INF179KB1E30;;10.3832;0.0000;0.0000;14-Mar-2017
140144;HDFC DAF - III - 1224D November 2016 - Direct Option -  Dividend Option;INF179KB1YR0;;10.1546;0.0000;0.0000;14-Mar-2017
140145;HDFC DAF - III - 1224D November 2016 - Direct Option - Growth Option;INF179KB1YQ2;;10.1546;0.0000;0.0000;14-Mar-2017
140146;HDFC DAF - III - 1224D November 2016 - Regular Option -  Dividend Option;INF179KB1YT6;;10.1067;0.0000;0.0000;14-Mar-2017
140147;HDFC DAF - III - 1224D November 2016 - Regular Option -  Growth Option;INF179KB1YS8;;10.1067;0.0000;0.0000;14-Mar-2017
140015;HDFC DAF - III - 1267D October 2016 - Direct Option -  Dividend Option;INF179KB1YA6;;10.2609;0.0000;0.0000;14-Mar-2017
140017;HDFC DAF - III - 1267D October 2016 - Direct Option - Growth Option;INF179KB1XZ5;;10.2609;0.0000;0.0000;14-Mar-2017
140016;HDFC DAF - III - 1267D October 2016 - Regular Option -  Dividend Option;INF179KB1YC2;;10.1775;0.0000;0.0000;14-Mar-2017
140018;HDFC DAF - III - 1267D October 2016 - Regular Option - Growth Option;INF179KB1YB4;;10.1775;0.0000;0.0000;14-Mar-2017
139756;HDFC DAF - lll - 1304D August 2016 - Direct Option - Dividend Option;INF179KB1UC0;;10.3909;0.0000;0.0000;14-Mar-2017
139757;HDFC DAF - lll - 1304D August 2016 - Direct Option - Growth Option;INF179KB1UB2;;10.3909;0.0000;0.0000;14-Mar-2017
139755;HDFC DAF - lll - 1304D August 2016 - Regular Option - Dividend Option;INF179KB1UE6;;10.2849;0.0000;0.0000;14-Mar-2017
139758;HDFC DAF - lll - 1304D August 2016 - Regular Option - Growth Option;INF179KB1UD8;;10.2849;0.0000;0.0000;14-Mar-2017
128737;HDFC FMP 1095D March 2014 (1) - Direct Option-Dividend Option;INF179KA1HU0;;13.2682;0.0000;0.0000;14-Mar-2017
128738;HDFC FMP 1095D March 2014 (1) - Direct Option-Growth Option;INF179KA1HT2;;13.2682;0.0000;0.0000;14-Mar-2017
128736;HDFC FMP 1095D March 2014 (1) - Direct Option-Quarterly Dividend Option;INF179KA1HV8;;10.1933;0.0000;0.0000;14-Mar-2017
128739;HDFC FMP 1095D March 2014 (1) - Regular Option-Dividend Option;INF179KA1HY2;;13.1898;0.0000;0.0000;14-Mar-2017
128740;HDFC FMP 1095D March 2014 (1) - Regular Option-Flexi Option;INF179KA1IA0;;13.1898;0.0000;0.0000;14-Mar-2017
128741;HDFC FMP 1095D March 2014 (1) - Regular Option-Growth Option;INF179KA1HX4;;13.1898;0.0000;0.0000;14-Mar-2017
128742;HDFC FMP 1095D March 2014 (1) - Regular Option-Quarterly Dividend Option;INF179KA1HZ9;;10.1886;0.0000;0.0000;14-Mar-2017
131189;HDFC FMP 1099D August 2014 (1) - Direct Option - Dividend Option;INF179KA1WT1;;12.5840;0.0000;0.0000;14-Mar-2017
131184;HDFC FMP 1099D August 2014 (1) - Direct Option - Growth Option;INF179KA1WS3;;12.5840;0.0000;0.0000;14-Mar-2017
131187;HDFC FMP 1099D August 2014 (1) - Direct Option - Quarterly Dividend Option;INF179KA1WU9;;10.2854;0.0000;0.0000;14-Mar-2017
131188;HDFC FMP 1099D August 2014 (1) - Regular Option - Dividend Option;INF179KA1WX3;;12.4891;0.0000;0.0000;14-Mar-2017
131190;HDFC FMP 1099D August 2014 (1) - Regular Option - Flexi Option;INF179KA1WZ8;;12.4891;0.0000;0.0000;14-Mar-2017
131185;HDFC FMP 1099D August 2014 (1) - Regular Option - Growth Option;INF179KA1WW5;;12.4891;0.0000;0.0000;14-Mar-2017
131186;HDFC FMP 1099D August 2014 (1) - Regular Option - Quarterly Dividend Option;INF179KA1WY1;;10.2787;0.0000;0.0000;14-Mar-2017
129167;HDFC FMP 1100D April 2014 (1)-Direct Option-Dividend Option;INF179KA1LL1;;12.9957;0.0000;0.0000;14-Mar-2017
129168;HDFC FMP 1100D April 2014 (1)-Direct Option-Flexi Option;INF179KA1LN7;;12.9957;0.0000;0.0000;14-Mar-2017
129169;HDFC FMP 1100D April 2014 (1)-Direct Option-Growth Option;INF179KA1LK3;;12.9957;0.0000;0.0000;14-Mar-2017
129170;HDFC FMP 1100D April 2014 (1)-Direct Option-Quarterly Dividend Option;INF179KA1LM9;;10.2005;0.0000;0.0000;14-Mar-2017
129171;HDFC FMP 1100D April 2014 (1)-Regular Option-Dividend Option;INF179KA1LP2;;12.8056;0.0000;0.0000;14-Mar-2017
129172;HDFC FMP 1100D April 2014 (1)-Regular Option-Flexi Option;INF179KA1LR8;;12.8056;0.0000;0.0000;14-Mar-2017
129173;HDFC FMP 1100D April 2014 (1)-Regular Option-Growth Option;INF179KA1LO5;;12.8056;0.0000;0.0000;14-Mar-2017
129174;HDFC FMP 1100D April 2014 (1)-Regular Option-Quarterly Dividend Option;INF179KA1LQ0;;10.1896;0.0000;0.0000;14-Mar-2017
139283;HDFC FMP 1104D April 2016 (1) - Direct Option-Dividend Option;INF179KB1PM9;;10.8065;0.0000;0.0000;14-Mar-2017
139284;HDFC FMP 1104D April 2016 (1) - Direct Option-Growth Option;INF179KB1PL1;;10.8065;0.0000;0.0000;14-Mar-2017
139285;HDFC FMP 1104D April 2016 (1) - Direct Option-Quarterly Dividend Option;INF179KB1PN7;;10.2375;0.0000;0.0000;14-Mar-2017
139286;HDFC FMP 1104D April 2016 (1) - Regular Option- Dividend Option;INF179KB1PP2;;10.7243;0.0000;0.0000;14-Mar-2017
139288;HDFC FMP 1104D April 2016 (1) - Regular Option-Growth Option;INF179KB1PO5;;10.7243;0.0000;0.0000;14-Mar-2017
139287;HDFC FMP 1104D April 2016 (1) - Regular Option-Quarterly Dividend Option;INF179KB1PQ0;;10.2187;0.0000;0.0000;14-Mar-2017
135956;HDFC FMP 1105D December 2015 (1) - Direct Option - Dividend Option;INF179KB1KS7;;11.1502;0.0000;0.0000;14-Mar-2017
135953;HDFC FMP 1105D December 2015 (1) - Direct Option - Growth Option;INF179KB1KR9;;11.1502;0.0000;0.0000;14-Mar-2017
135954;HDFC FMP 1105D December 2015 (1) - Direct Option - Quarterly Dividend Option;INF179KB1KT5;;10.3011;0.0000;0.0000;14-Mar-2017
135952;HDFC FMP 1105D December 2015 (1) - Regular Option - Dividend Option;INF179KB1KV1;;11.0549;0.0000;0.0000;14-Mar-2017
135957;HDFC FMP 1105D December 2015 (1) - Regular Option - Growth Option;INF179KB1KU3;;11.0549;0.0000;0.0000;14-Mar-2017
135955;HDFC FMP 1105D December 2015 (1) - Regular Option - Quarterly Dividend Option;INF179KB1KW9;;10.2992;0.0000;0.0000;14-Mar-2017
135530;HDFC FMP 1105D October 2015 (1)-Direct Option-Dividend Option;INF179KB1JE9;;11.2634;0.0000;0.0000;14-Mar-2017
135531;HDFC FMP 1105D October 2015 (1)-Direct Option-Growth Option;INF179KB1JD1;;11.2634;0.0000;0.0000;14-Mar-2017
135532;HDFC FMP 1105D October 2015 (1)-Direct Option-Quarterly Dividend Option;INF179KB1JF6;;10.2499;0.0000;0.0000;14-Mar-2017
135533;HDFC FMP 1105D October 2015 (1)-Regular Option-Dividend Option;INF179KB1JH2;;11.1647;0.0000;0.0000;14-Mar-2017
135534;HDFC FMP 1105D October 2015 (1)-Regular Option-Growth Option;INF179KB1JG4;;11.1647;0.0000;0.0000;14-Mar-2017
135535;HDFC FMP 1105D October 2015 (1)-Regular Option-Quarterly Dividend Option;INF179KB1JI0;;10.2488;0.0000;0.0000;14-Mar-2017
134603;HDFC FMP 1106D May 2015 (1)- Direct Option-Dividend Option;INF179KB1362;;11.6810;0.0000;0.0000;14-Mar-2017
134608;HDFC FMP 1106D May 2015 (1)-Direct Option-Flexi Option;INF179KB1370;;11.6810;0.0000;0.0000;14-Mar-2017
134607;HDFC FMP 1106D May 2015 (1)-Direct Option-Growth Option;INF179KB1354;;11.6810;0.0000;0.0000;14-Mar-2017
134609;HDFC FMP 1106D May 2015 (1)-Direct Option-Quarterly Dividend Option;INF179KB1420;;10.2804;0.0000;0.0000;14-Mar-2017
134604;HDFC FMP 1106D May 2015 (1)-Regular Option-Dividend Option;INF179KB1396;;11.6174;0.0000;0.0000;14-Mar-2017
134610;HDFC FMP 1106D May 2015 (1)-Regular Option-Flexi Option;INF179KB1412;;11.6174;0.0000;0.0000;14-Mar-2017
134605;HDFC FMP 1106D May 2015 (1)-Regular Option-Growth Option;INF179KB1388;;11.6174;0.0000;0.0000;14-Mar-2017
134606;HDFC FMP 1106D May 2015 (1)-Regular Option-Quarterly Dividend Option;INF179KB1404;;10.2738;0.0000;0.0000;14-Mar-2017
133371;HDFC FMP 1107D December 2014 (1) - Direct Option - Dividend Option;INF179KA1O55;;12.0566;0.0000;0.0000;14-Mar-2017
133374;HDFC FMP 1107D December 2014 (1) - Direct Option - Quarterly Dividend Option;INF179KA1O63;;10.2116;0.0000;0.0000;14-Mar-2017
133375;HDFC FMP 1107D December 2014 (1) - Regular Option - Dividend Option;INF179KA1O97;;11.9777;0.0000;0.0000;14-Mar-2017
133376;HDFC FMP 1107D December 2014 (1) - Regular Option - Flexi Option;INF179KA1P13;;11.9777;0.0000;0.0000;14-Mar-2017
133377;HDFC FMP 1107D December 2014 (1) - Regular Option - Growth Option;INF179KA1O89;;11.9777;0.0000;0.0000;14-Mar-2017
133378;HDFC FMP 1107D December 2014 (1) - Regular Option - Quarterly Dividend Option;INF179KA1P05;;10.2052;0.0000;0.0000;14-Mar-2017
133373;HDFC FMP 1107D December 2014 (1) -Direct Option - Growth Option;INF179KA1O48;;12.0566;0.0000;0.0000;14-Mar-2017
139192;HDFC FMP 1107D March 2016 (1) - Direct Option - Dividend Option;INF179KB1OS9;;10.9273;0.0000;0.0000;14-Mar-2017
139193;HDFC FMP 1107D March 2016 (1) - Direct Option - Growth Option;INF179KB1OR1;;10.9273;0.0000;0.0000;14-Mar-2017
139197;HDFC FMP 1107D March 2016 (1) - Direct Option - Quarterly Dividend Option;INF179KB1OT7;;10.2826;0.0000;0.0000;14-Mar-2017
139194;HDFC FMP 1107D March 2016 (1) - Regular Option - Dividend Option;INF179KB1OV3;;10.8385;0.0000;0.0000;14-Mar-2017
139196;HDFC FMP 1107D March 2016 (1) - Regular Option - Growth Option;INF179KB1OU5;;10.8385;0.0000;0.0000;14-Mar-2017
139195;HDFC FMP 1107D March 2016 (1) - Regular Option - Quarterly Dividend Option;INF179KB1OW1;;10.2639;0.0000;0.0000;14-Mar-2017
132930;HDFC FMP 1107D October 2014 (1)-Direct Option-Dividend Option;INF179KA1F15;;12.2514;0.0000;0.0000;14-Mar-2017
132927;HDFC FMP 1107D October 2014 (1)-Direct Option-Growth Option;INF179KA1F07;;12.2514;0.0000;0.0000;14-Mar-2017
132928;HDFC FMP 1107D October 2014 (1)-Direct Option-Quarterly Dividend Option;INF179KA1F23;;10.2117;0.0000;0.0000;14-Mar-2017
132926;HDFC FMP 1107D October 2014 (1)-Regular Option-Dividend Option;INF179KA1F56;;12.1657;0.0000;0.0000;14-Mar-2017
132932;HDFC FMP 1107D October 2014 (1)-Regular Option-Flexi Option;INF179KA1F72;;12.1657;0.0000;0.0000;14-Mar-2017
132925;HDFC FMP 1107D October 2014 (1)-Regular Option-Growth Option;INF179KA1F49;;12.1657;0.0000;0.0000;14-Mar-2017
132931;HDFC FMP 1107D October 2014 (1)-Regular Option-Quarterly Dividend Option;INF179KA1F64;;10.2052;0.0000;0.0000;14-Mar-2017
135413;HDFC FMP 1108D September 2015 (1)-Direct Option-Dividend Option;INF179KB1IK8;;11.3742;0.0000;0.0000;14-Mar-2017
135410;HDFC FMP 1108D September 2015 (1)-Direct Option-Growth Option;INF179KB1IJ0;;11.3742;0.0000;0.0000;14-Mar-2017
135412;HDFC FMP 1108D September 2015 (1)-Direct Option-Quarterly Dividend Option;INF179KB1IL6;;10.2873;0.0000;0.0000;14-Mar-2017
135408;HDFC FMP 1108D September 2015 (1)-Regular Option - Dividend Option;INF179KB1IN2;;11.2770;0.0000;0.0000;14-Mar-2017
135409;HDFC FMP 1108D September 2015 (1)-Regular Option-Growth Option;INF179KB1IM4;;11.2770;0.0000;0.0000;14-Mar-2017
135411;HDFC FMP 1108D September 2015 (1)-Regular Option-Quarterly Dividend Option;INF179KB1IO0;;10.2862;0.0000;0.0000;14-Mar-2017
133193;HDFC FMP 1111D November 2014 (1) - Direct Option - Dividend Option;INF179KA1J86;;12.1323;0.0000;0.0000;14-Mar-2017
133188;HDFC FMP 1111D November 2014 (1) - Direct Option - Growth Option;INF179KA1J78;;12.1323;0.0000;0.0000;14-Mar-2017
133189;HDFC FMP 1111D November 2014 (1) - Direct Option - Quarterly Dividend Option;INF179KA1J94;;10.1736;0.0000;0.0000;14-Mar-2017
133190;HDFC FMP 1111D November 2014 (1) - Regular Option - Dividend Option;INF179KA1K26;;12.0497;0.0000;0.0000;14-Mar-2017
133191;HDFC FMP 1111D November 2014 (1) - Regular Option - Flexi Option;INF179KA1K42;;12.0497;0.0000;0.0000;14-Mar-2017
133194;HDFC FMP 1111D November 2014 (1) - Regular Option - Growth Option;INF179KA1K18;;12.0497;0.0000;0.0000;14-Mar-2017
133192;HDFC FMP 1111D November 2014 (1) - Regular Option - Quarterly Dividend Option;INF179KA1K34;;10.1671;0.0000;0.0000;14-Mar-2017
135844;HDFC FMP 1111D November 2015 (1) - Direct Option - Dividend Option;INF179KB1KJ6;;11.1658;0.0000;0.0000;14-Mar-2017
135839;HDFC FMP 1111D November 2015 (1) - Direct Option - Growth Option;INF179KB1KK4;;11.1658;0.0000;0.0000;14-Mar-2017
135840;HDFC FMP 1111D November 2015 (1) - Direct Option - Quarterly Dividend Option;INF179KB1KL2;;10.2106;0.0000;0.0000;14-Mar-2017
135842;HDFC FMP 1111D November 2015 (1) - Regular Option - Dividend Option;INF179KB1KN8;;11.0694;0.0000;0.0000;14-Mar-2017
135841;HDFC FMP 1111D November 2015 (1) - Regular Option - Growth Option;INF179KB1KM0;;11.0694;0.0000;0.0000;14-Mar-2017
135843;HDFC FMP 1111D November 2015 (1) - Regular Option - Quarterly Dividend Option;INF179KB1KO6;;10.2096;0.0000;0.0000;14-Mar-2017
139896;HDFC FMP 1111D September 2016 (1)-Direct Option-Dividend Option;INF179KB1VQ8;;10.4956;0.0000;0.0000;14-Mar-2017
139895;HDFC FMP 1111D September 2016 (1)-Direct Option-Growth Option;INF179KB1VP0;;10.4956;0.0000;0.0000;14-Mar-2017
139898;HDFC FMP 1111D September 2016 (1)-Direct Option-Quarterly Dividend Option;INF179KB1VR6;;10.2525;0.0000;0.0000;14-Mar-2017
139894;HDFC FMP 1111D September 2016 (1)-Regular Option-Dividend Option;INF179KB1VT2;;10.4488;0.0000;0.0000;14-Mar-2017
139893;HDFC FMP 1111D September 2016 (1)-Regular Option-Growth Option;INF179KB1VS4;;10.4488;0.0000;0.0000;14-Mar-2017
139897;HDFC FMP 1111D September 2016 (1)-Regular Option-Quarterly Dividend Option;INF179KB1VU0;;10.2328;0.0000;0.0000;14-Mar-2017
134938;HDFC FMP 1112D June 2015 (1)-Direct Option-Flexi Option;INF179KB1FB3;;11.6132;0.0000;0.0000;14-Mar-2017
134935;HDFC FMP 1112D June 2015 (1)-Direct Option-Growth Option;INF179KB1EY8;;11.6132;0.0000;0.0000;14-Mar-2017
134939;HDFC FMP 1112D June 2015 (1)-Direct Option-Normal Dividend Option;INF179KB1EZ5;;11.6132;0.0000;0.0000;14-Mar-2017
134940;HDFC FMP 1112D June 2015 (1)-Direct Option-Quarterly Dividend Option;INF179KB1FA5;;10.2857;0.0000;0.0000;14-Mar-2017
134934;HDFC FMP 1112D June 2015 (1)-Regular Option-Flexi Option;INF179KB1FF4;;11.5541;0.0000;0.0000;14-Mar-2017
134936;HDFC FMP 1112D June 2015 (1)-Regular Option-Growth Option;INF179KB1FC1;;11.5541;0.0000;0.0000;14-Mar-2017
134941;HDFC FMP 1112D June 2015 (1)-Regular Option-Normal Dividend Option;INF179KB1FD9;;11.5541;0.0000;0.0000;14-Mar-2017
134937;HDFC FMP 1112D June 2015 (1)-Regular Option-Quarterly Dividend Option;INF179KB1FE7;;10.2789;0.0000;0.0000;14-Mar-2017
139513;HDFC FMP 1112D June 2016 (1) - Direct Option - Growth Option;INF179KB1ST8;;10.6414;0.0000;0.0000;14-Mar-2017
139516;HDFC FMP 1112D June 2016 (1) - Regular Option - Dividend Option;INF179KB1SX0;;10.5941;0.0000;0.0000;14-Mar-2017
139518;HDFC FMP 1112D June 2016 (1) - Regular Option - Growth Option;INF179KB1SW2;;10.5941;0.0000;0.0000;14-Mar-2017
139515;HDFC FMP 1112D June 2016 (1) - Regular Option - Quarterly Dividend Option;INF179KB1SY8;;10.2343;0.0000;0.0000;14-Mar-2017
131038;HDFC FMP 1113D August 2014 (1) - Direct Option - Dividend Option;INF179KA1VV9;;12.6050;0.0000;0.0000;14-Mar-2017
131037;HDFC FMP 1113D August 2014 (1) - Direct Option - Growth Option;INF179KA1VU1;;12.6050;0.0000;0.0000;14-Mar-2017
131039;HDFC FMP 1113D August 2014 (1) - Direct Option - Quarterly Dividend Option;INF179KA1VW7;;10.2696;0.0000;0.0000;14-Mar-2017
131040;HDFC FMP 1113D August 2014 (1) - Regular Option - Dividend Option;INF179KA1VZ0;;12.5090;0.0000;0.0000;14-Mar-2017
131041;HDFC FMP 1113D August 2014 (1) - Regular Option - Flexi Option;INF179KA1WB9;;12.5090;0.0000;0.0000;14-Mar-2017
131042;HDFC FMP 1113D August 2014 (1) - Regular Option - Growth Option;INF179KA1VY3;;12.5090;0.0000;0.0000;14-Mar-2017
131035;HDFC FMP 1113D August 2014 (1) - Regular Option - Quarterly Dividend Option;INF179KA1WA1;;10.2629;0.0000;0.0000;14-Mar-2017
139414;HDFC FMP 1113D June 2016 (1) - Direct Option - Dividend Option;INF179KB1RU8;;10.7186;0.0000;0.0000;14-Mar-2017
139418;HDFC FMP 1113D June 2016 (1) - Direct Option - Growth Option;INF179KB1RT0;;10.7186;0.0000;0.0000;14-Mar-2017
139419;HDFC FMP 1113D June 2016 (1) - Direct Option - Quarterly Dividend Option;INF179KB1RV6;;10.2658;0.0000;0.0000;14-Mar-2017
139416;HDFC FMP 1113D June 2016 (1) - Regular Option - Dividend Option;INF179KB1RX2;;10.6652;0.0000;0.0000;14-Mar-2017
139417;HDFC FMP 1113D June 2016 (1) - Regular Option - Growth Option;INF179KB1RW4;;10.6652;0.0000;0.0000;14-Mar-2017
139415;HDFC FMP 1113D June 2016 (1) - Regular Option - Quarterly Dividend Option;INF179KB1RY0;;10.2515;0.0000;0.0000;14-Mar-2017
133084;HDFC FMP 1113D November 2014 (1) - Direct Option - Dividend Option;INF179KA1H88;;12.1898;0.0000;0.0000;14-Mar-2017
133085;HDFC FMP 1113D November 2014 (1) - Direct Option - Flexi Option;INF179KA1I04;;12.1898;0.0000;0.0000;14-Mar-2017
133086;HDFC FMP 1113D November 2014 (1) - Direct Option - Growth Option;INF179KA1H70;;12.1898;0.0000;0.0000;14-Mar-2017
133087;HDFC FMP 1113D November 2014 (1) - Direct Option - Quarterly Dividend Option;INF179KA1H96;;10.2276;0.0000;0.0000;14-Mar-2017
133080;HDFC FMP 1113D November 2014 (1) - Regular Option - Dividend Option;INF179KA1I20;;12.1062;0.0000;0.0000;14-Mar-2017
133081;HDFC FMP 1113D November 2014 (1) - Regular Option - Flexi Option;INF179KA1I46;;12.1062;0.0000;0.0000;14-Mar-2017
133082;HDFC FMP 1113D November 2014 (1) - Regular Option - Growth Option;INF179KA1I12;;12.1062;0.0000;0.0000;14-Mar-2017
133083;HDFC FMP 1113D November 2014 (1) - Regular Option - Quarterly Dividend Option;INF179KA1I38;;10.2211;0.0000;0.0000;14-Mar-2017
132795;HDFC FMP 1113D October 2014 (1)-Direct Option-Dividend Option;INF179KA1A77;;12.3551;0.0000;0.0000;14-Mar-2017
132788;HDFC FMP 1113D October 2014 (1)-Direct Option-Growth Option;INF179KA1A69;;12.3551;0.0000;0.0000;14-Mar-2017
132789;HDFC FMP 1113D October 2014 (1)-Direct Option-Quarterly Dividend Option;INF179KA1A85;;10.2516;0.0000;0.0000;14-Mar-2017
132792;HDFC FMP 1113D October 2014 (1)-Regular Option-Dividend Option;INF179KA1B19;;12.2667;0.0000;0.0000;14-Mar-2017
132794;HDFC FMP 1113D October 2014 (1)-Regular Option-Flexi Option;INF179KA1B35;;12.2667;0.0000;0.0000;14-Mar-2017
132791;HDFC FMP 1113D October 2014 (1)-Regular Option-Growth Option;INF179KA1B01;;12.2667;0.0000;0.0000;14-Mar-2017
132793;HDFC FMP 1113D October 2014 (1)-Regular Option-Quarterly Dividend Option;INF179KA1B27;;10.2452;0.0000;0.0000;14-Mar-2017
139135;HDFC FMP 1114D MARCH 2016 (1) - Direct Option - Dividend Option;INF179KB1NZ6;;10.9327;0.0000;0.0000;14-Mar-2017
139131;HDFC FMP 1114D MARCH 2016 (1) - Direct Option - Growth Option;INF179KB1OA7;;10.9327;0.0000;0.0000;14-Mar-2017
139132;HDFC FMP 1114D MARCH 2016 (1) - Regular Option - Dividend Option;INF179KB1OC3;;10.8418;0.0000;0.0000;14-Mar-2017
139133;HDFC FMP 1114D MARCH 2016 (1) - Regular Option - Growth Option;INF179KB1OD1;;10.8418;0.0000;0.0000;14-Mar-2017
139134;HDFC FMP 1114D MARCH 2016 (1) - Regular Option - Quarterly Dividend Option;INF179KB1OE9;;10.2621;0.0000;0.0000;14-Mar-2017
133466;HDFC FMP 1115D JANUARY 2015(1) - DIRECT OPTION - DIVIDEND OPTION;INF179KA1R37;;11.9972;0.0000;0.0000;14-Mar-2017
133460;HDFC FMP 1115D JANUARY 2015(1) - DIRECT OPTION - GROWTH OPTION;INF179KA1R29;;11.9972;0.0000;0.0000;14-Mar-2017
133461;HDFC FMP 1115D JANUARY 2015(1) - DIRECT OPTION - QUARTERLY DIVIDEND OPTION;INF179KA1R45;;10.2037;0.0000;0.0000;14-Mar-2017
133462;HDFC FMP 1115D JANUARY 2015(1) - REGULAR OPTION - DIVIDEND OPTION;INF179KA1R78;;11.9196;0.0000;0.0000;14-Mar-2017
133463;HDFC FMP 1115D JANUARY 2015(1) - REGULAR OPTION - FLEXI OPTION;INF179KA1R94;;11.9196;0.0000;0.0000;14-Mar-2017
133464;HDFC FMP 1115D JANUARY 2015(1) - REGULAR OPTION - GROWTH OPTION;INF179KA1R60;;11.9196;0.0000;0.0000;14-Mar-2017
133465;HDFC FMP 1115D JANUARY 2015(1) - REGULAR OPTION - QUARTERLY DIVIDEND OPTION;INF179KA1R86;;10.1970;0.0000;0.0000;14-Mar-2017
134380;HDFC FMP 1115D March 2015 (1)-Direct Option-Dividend Option;INF179KA19N7;;11.7157;0.0000;0.0000;14-Mar-2017
134377;HDFC FMP 1115D March 2015 (1)-Direct Option-Flexi Option;INF179KA11O2;;11.7157;0.0000;0.0000;14-Mar-2017
134381;HDFC FMP 1115D March 2015 (1)-Direct Option-Growth Option;INF179KA18N9;;11.7157;0.0000;0.0000;14-Mar-2017
134379;HDFC FMP 1115D March 2015 (1)-Direct Option-Quarterly Dividend Option;INF179KA10O4;;10.2348;0.0000;0.0000;14-Mar-2017
134375;HDFC FMP 1115D March 2015 (1)-Regular Option-Dividend Option;INF179KA13O8;;11.6479;0.0000;0.0000;14-Mar-2017
134378;HDFC FMP 1115D March 2015 (1)-Regular Option-Flexi Option;INF179KA15O3;;11.6479;0.0000;0.0000;14-Mar-2017
134376;HDFC FMP 1115D March 2015 (1)-Regular Option-Growth Option;INF179KA12O0;;11.6479;0.0000;0.0000;14-Mar-2017
134382;HDFC FMP 1115D March 2015 (1)-Regular Option-Quarterly Dividend Option;INF179KA14O6;;10.2284;0.0000;0.0000;14-Mar-2017
130844;HDFC FMP 1116D JULY 2014(1) - Direct Option - Dividend Option;INF179KA1UH0;;12.6339;0.0000;0.0000;14-Mar-2017
130843;HDFC FMP 1116D JULY 2014(1) - Direct Option - Flexi Option;INF179KA1UJ6;;12.6339;0.0000;0.0000;14-Mar-2017
130838;HDFC FMP 1116D JULY 2014(1) - Direct Option - Growth Option;INF179KA1UG2;;12.6339;0.0000;0.0000;14-Mar-2017
130839;HDFC FMP 1116D JULY 2014(1) - Direct Option - Quarterly Dividend Option;INF179KA1UI8;;10.2424;0.0000;0.0000;14-Mar-2017
130840;HDFC FMP 1116D JULY 2014(1) - Regular Option - Dividend Option;INF179KA1UL2;;12.5363;0.0000;0.0000;14-Mar-2017
130841;HDFC FMP 1116D JULY 2014(1) - Regular Option - Flexi Option;INF179KA1UN8;;12.5363;0.0000;0.0000;14-Mar-2017
130845;HDFC FMP 1116D JULY 2014(1) - Regular Option - Growth Option;INF179KA1UK4;;12.5363;0.0000;0.0000;14-Mar-2017
130842;HDFC FMP 1116D JULY 2014(1) - Regular Option - Quarterly Dividend Option;INF179KA1UM0;;10.2359;0.0000;0.0000;14-Mar-2017
139141;HDFC FMP 1120D MARCH 2016 (1) - Direct Option - Dividend Option;INF179KB1OL4;;10.9401;0.0000;0.0000;14-Mar-2017
139139;HDFC FMP 1120D MARCH 2016 (1) - Direct Option - Growth Option;INF179KB1OM2;;10.9401;0.0000;0.0000;14-Mar-2017
139137;HDFC FMP 1120D MARCH 2016 (1) - Regular Option - Dividend Option;INF179KB1OO8;;10.8478;0.0000;0.0000;14-Mar-2017
139138;HDFC FMP 1120D MARCH 2016 (1) - Regular Option - Growth Option;INF179KB1OP5;;10.8478;0.0000;0.0000;14-Mar-2017
130802;HDFC FMP 1123D July 2014 (1) - Direct Option - Dividend Option;INF179KA1TZ4;;12.6617;0.0000;0.0000;14-Mar-2017
130800;HDFC FMP 1123D July 2014 (1) - Direct Option - Growth Option;INF179KA1TY7;;12.6617;0.0000;0.0000;14-Mar-2017
130801;HDFC FMP 1123D July 2014 (1) - Direct Option - Quarterly Dividend Option;INF179KA1UA5;;10.2549;0.0000;0.0000;14-Mar-2017
130795;HDFC FMP 1123D July 2014 (1) - Regular Option - Dividend Option;INF179KA1UD9;;12.5630;0.0000;0.0000;14-Mar-2017
130796;HDFC FMP 1123D July 2014 (1) - Regular Option - Flexi Option;INF179KA1UF4;;12.5630;0.0000;0.0000;14-Mar-2017
130797;HDFC FMP 1123D July 2014 (1) - Regular Option - Growth Option;INF179KA1UC1;;12.5630;0.0000;0.0000;14-Mar-2017
130798;HDFC FMP 1123D July 2014 (1) - Regular Option - Quarterly Dividend Option;INF179KA1UE7;;10.2495;0.0000;0.0000;14-Mar-2017
131522;HDFC FMP 1125D SEPTEMBER 2014 (1) - Direct Option - Dividend Option;INF179KA1ZN7;;12.4520;0.0000;0.0000;14-Mar-2017
131521;HDFC FMP 1125D SEPTEMBER 2014 (1) - Direct Option - Growth Option;INF179KA1ZM9;;12.4520;0.0000;0.0000;14-Mar-2017
131523;HDFC FMP 1125D SEPTEMBER 2014 (1) - Direct Option - Quarterly Dividend Option;INF179KA1ZO5;;10.2893;0.0000;0.0000;14-Mar-2017
131519;HDFC FMP 1125D SEPTEMBER 2014 (1) - Regular Option - Dividend Option;INF179KA1ZR8;;12.3617;0.0000;0.0000;14-Mar-2017
131520;HDFC FMP 1125D SEPTEMBER 2014 (1) - Regular Option - Flexi Option;INF179KA1ZT4;;12.3617;0.0000;0.0000;14-Mar-2017
131518;HDFC FMP 1125D SEPTEMBER 2014 (1) - Regular Option - Growth Option;INF179KA1ZQ0;;12.3617;0.0000;0.0000;14-Mar-2017
131524;HDFC FMP 1125D SEPTEMBER 2014 (1) - Regular Option - Quarterly Dividend Option;INF179KA1ZS6;;10.2827;0.0000;0.0000;14-Mar-2017
135096;HDFC FMP 1126D July 2015 (1) - Direct Option - Dividend Option;INF179KB1FX7;;11.5292;0.0000;0.0000;14-Mar-2017
135097;HDFC FMP 1126D July 2015 (1) - Direct Option - Growth Option;INF179KB1FW9;;11.5292;0.0000;0.0000;14-Mar-2017
135098;HDFC FMP 1126D July 2015 (1) - Regular Option - Dividend Option;INF179KB1GB1;;11.3779;0.0000;0.0000;14-Mar-2017
135099;HDFC FMP 1126D July 2015 (1) - Regular Option - Growth Option;INF179KB1GA3;;11.3779;0.0000;0.0000;14-Mar-2017
135100;HDFC FMP 1126D July 2015 (1) - Regular Option - Quarterly Dividend Option;INF179KB1GC9;;10.2583;0.0000;0.0000;14-Mar-2017
139459;HDFC FMP 1127D June 2016 (1) - Direct Option - Dividend Option;INF179KB1SI1;;10.6860;0.0000;0.0000;14-Mar-2017
139458;HDFC FMP 1127D June 2016 (1) - Direct Option - Growth Option;INF179KB1SH3;;10.6860;0.0000;0.0000;14-Mar-2017
139460;HDFC FMP 1127D June 2016 (1) - Direct Option - Quarterly Dividend Option;INF179KB1SJ9;;10.2492;0.0000;0.0000;14-Mar-2017
139456;HDFC FMP 1127D June 2016 (1) - Regular Option - Dividend Option;INF179KB1SL5;;10.6354;0.0000;0.0000;14-Mar-2017
139461;HDFC FMP 1127D June 2016 (1) - Regular Option - Growth Option;INF179KB1SK7;;10.6354;0.0000;0.0000;14-Mar-2017
139457;HDFC FMP 1127D June 2016 (1) - Regular Option - Quarterly Dividend Option;INF179KB1SM3;;10.2349;0.0000;0.0000;14-Mar-2017
128800;HDFC FMP 1127D March 2014 (1) - Direct Option-Dividend Option;INF179KA1JG5;;13.4596;0.0000;0.0000;14-Mar-2017
128802;HDFC FMP 1127D March 2014 (1) - Direct Option-Growth Option;INF179KA1JF7;;13.4596;0.0000;0.0000;14-Mar-2017
128803;HDFC FMP 1127D March 2014 (1) - Direct Option-Quarterly Dividend Option;INF179KA1JH3;;10.2048;0.0000;0.0000;14-Mar-2017
128804;HDFC FMP 1127D March 2014 (1) - Regular Option-Dividend Option;INF179KA1JK7;;13.3595;0.0000;0.0000;14-Mar-2017
128805;HDFC FMP 1127D March 2014 (1) - Regular Option-Flexi Option;INF179KA1JM3;;13.3595;0.0000;0.0000;14-Mar-2017
128806;HDFC FMP 1127D March 2014 (1) - Regular Option-Growth Option;INF179KA1JJ9;;13.3595;0.0000;0.0000;14-Mar-2017
128807;HDFC FMP 1127D March 2014 (1) - Regular Option-Quarterly Dividend Option;INF179KA1JL5;;10.1993;0.0000;0.0000;14-Mar-2017
134755;HDFC FMP 1127D May 2015 (1) - Direct Option - Dividend Option;INF179KB1DE2;;11.7689;0.0000;0.0000;14-Mar-2017
134762;HDFC FMP 1127D May 2015 (1) - Direct Option - Flexi Option;INF179KB1DC6;;11.7689;0.0000;0.0000;14-Mar-2017
134756;HDFC FMP 1127D May 2015 (1) - Direct Option - Growth Option;INF179KB1DD4;;11.7689;0.0000;0.0000;14-Mar-2017
134757;HDFC FMP 1127D May 2015 (1) - Direct Option - Quarterly Dividend Option;INF179KB1DF9;;10.2860;0.0000;0.0000;14-Mar-2017
134758;HDFC FMP 1127D May 2015 (1) - Regular Option - Dividend Option;INF179KB1DI3;;11.6863;0.0000;0.0000;14-Mar-2017
134759;HDFC FMP 1127D May 2015 (1) - Regular Option - Flexi Option;INF179KB1DG7;;11.6863;0.0000;0.0000;14-Mar-2017
134760;HDFC FMP 1127D May 2015 (1) - Regular Option - Growth Option;INF179KB1DH5;;11.6863;0.0000;0.0000;14-Mar-2017
134761;HDFC FMP 1127D May 2015 (1) - Regular Option - Quarterly Dividend Option;INF179KB1DJ1;;10.2773;0.0000;0.0000;14-Mar-2017
139383;HDFC FMP 1127D May 2016 (1)-Direct Option-Dividend Option;INF179KB1RO1;;10.9259;0.0000;0.0000;14-Mar-2017
139385;HDFC FMP 1127D May 2016 (1)-Direct Option-Growth Option;INF179KB1RN3;;10.9259;0.0000;0.0000;14-Mar-2017
139380;HDFC FMP 1127D May 2016 (1)-Regular Option-Dividend Option;INF179KB1RR4;;10.8273;0.0000;0.0000;14-Mar-2017
139384;HDFC FMP 1127D May 2016 (1)-Regular Option-Growth Option;INF179KB1RQ6;;10.8273;0.0000;0.0000;14-Mar-2017
139382;HDFC FMP 1127D May 2016 (1)-Regular Option-Quarterly Dividend Option;INF179KB1RS2;;10.3357;0.0000;0.0000;14-Mar-2017
139498;HDFC FMP 1128D June 2016 (1) - Direct Option - Dividend Option;INF179KB1SO9;;10.8201;0.0000;0.0000;14-Mar-2017
139497;HDFC FMP 1128D June 2016 (1) - Direct Option - Growth Option;INF179KB1SN1;;10.8201;0.0000;0.0000;14-Mar-2017
139499;HDFC FMP 1128D June 2016 (1) - Direct Option - Quarterly Dividend Option;INF179KB1SP6;;10.3366;0.0000;0.0000;14-Mar-2017
139500;HDFC FMP 1128D June 2016 (1) - Regular Option - Dividend Option;INF179KB1SR2;;10.7324;0.0000;0.0000;14-Mar-2017
139501;HDFC FMP 1128D June 2016 (1) - Regular Option - Growth Option;INF179KB1SQ4;;10.7324;0.0000;0.0000;14-Mar-2017
139502;HDFC FMP 1128D June 2016 (1) - Regular Option - Quarterly Dividend Option;INF179KB1SS0;;10.3112;0.0000;0.0000;14-Mar-2017
134292;HDFC FMP 1128D March 2015 (1)-Direct Option-Dividend Option;INF179KA15L9;;11.8393;0.0000;0.0000;14-Mar-2017
134289;HDFC FMP 1128D March 2015 (1)-Direct Option-Growth Option;INF179KA14L2;;11.8393;0.0000;0.0000;14-Mar-2017
134290;HDFC FMP 1128D March 2015 (1)-Direct Option-Quarterly Dividend Option;INF179KA16L7;;10.2440;0.0000;0.0000;14-Mar-2017
134287;HDFC FMP 1128D March 2015 (1)-Regular Option Quarterly Dividend Option;INF179KA10M8;;10.2374;0.0000;0.0000;14-Mar-2017
134293;HDFC FMP 1128D March 2015 (1)-Regular Option-Dividend Option;INF179KA19L1;;11.7696;0.0000;0.0000;14-Mar-2017
134294;HDFC FMP 1128D March 2015 (1)-Regular Option-Growth Option;INF179KA18L3;;11.7696;0.0000;0.0000;14-Mar-2017
131426;HDFC FMP 1128D September 2014 (1)-Direct Plan-Dividend Option;INF179KA1YP5;;12.5304;0.0000;0.0000;14-Mar-2017
131427;HDFC FMP 1128D September 2014 (1)-Direct Plan-Growth Option;INF179KA1YO8;;12.5304;0.0000;0.0000;14-Mar-2017
131428;HDFC FMP 1128D September 2014 (1)-Direct Plan-Quarterly Dividend Option;INF179KA1YQ3;;10.2847;0.0000;0.0000;14-Mar-2017
131431;HDFC FMP 1128D September 2014 (1)-Regular Plan-Dividend Option;INF179KA1YT7;;12.4379;0.0000;0.0000;14-Mar-2017
131429;HDFC FMP 1128D September 2014 (1)-Regular Plan-Flexi Option;INF179KA1YV3;;12.4379;0.0000;0.0000;14-Mar-2017
131433;HDFC FMP 1128D September 2014 (1)-Regular Plan-Growth Option;INF179KA1YS9;;12.4379;0.0000;0.0000;14-Mar-2017
131430;HDFC FMP 1128D September 2014 (1)-Regular Plan-Quarterly Dividend Option;INF179KA1YU5;;10.2783;0.0000;0.0000;14-Mar-2017
136439;HDFC FMP 1132D February 2016 (1) - Direct Option - Dividend Option;INF179KB1NK8;;10.9655;0.0000;0.0000;14-Mar-2017
136441;HDFC FMP 1132D February 2016 (1) - Direct Option - Growth Option;INF179KB1NJ0;;11.0271;0.0000;0.0000;14-Mar-2017
136443;HDFC FMP 1132D February 2016 (1) - Regular Option - Dividend Option;INF179KB1NN2;;10.8784;0.0000;0.0000;14-Mar-2017
136442;HDFC FMP 1132D February 2016 (1) - Regular Option - Growth Option;INF179KB1NM4;;10.9331;0.0000;0.0000;14-Mar-2017
136444;HDFC FMP 1132D February 2016 (1) - Regular Option - Quarterly Dividend Option;INF179KB1NO0;;10.3086;0.0000;0.0000;14-Mar-2017
135008;HDFC FMP 1134D July 2015 (1)-Direct Option-Dividend Option;INF179KB1FP3;;11.5585;0.0000;0.0000;14-Mar-2017
135007;HDFC FMP 1134D July 2015 (1)-Direct Option-Growth Option;INF179KB1FO6;;11.5585;0.0000;0.0000;14-Mar-2017
135009;HDFC FMP 1134D July 2015 (1)-Direct Option-Quarterly Dividend Option;INF179KB1FQ1;;10.2805;0.0000;0.0000;14-Mar-2017
135010;HDFC FMP 1134D July 2015 (1)-Regular Option-Dividend Option;INF179KB1FT5;;11.5008;0.0000;0.0000;14-Mar-2017
135004;HDFC FMP 1134D July 2015 (1)-Regular Option-Growth Option;INF179KB1FS7;;11.5008;0.0000;0.0000;14-Mar-2017
135005;HDFC FMP 1134D July 2015 (1)-Regular Option-Quarterly Dividend Option;INF179KB1FU3;;10.2741;0.0000;0.0000;14-Mar-2017
131277;HDFC FMP 1134D September 2014 (1) - Direct Option - Dividend Option;INF179KA1XJ0;;12.6952;0.0000;0.0000;14-Mar-2017
131279;HDFC FMP 1134D September 2014 (1) - Direct Option - Flexi Option;INF179KA1XL6;;12.6952;0.0000;0.0000;14-Mar-2017
131280;HDFC FMP 1134D September 2014 (1) - Direct Option - Growth Option;INF179KA1XI2;;12.6952;0.0000;0.0000;14-Mar-2017
131281;HDFC FMP 1134D September 2014 (1) - Direct Option - Quarterly Dividend Option;INF179KA1XK8;;10.2971;0.0000;0.0000;14-Mar-2017
131282;HDFC FMP 1134D September 2014 (1) - Regular Option - Dividend Option;INF179KA1XN2;;12.6014;0.0000;0.0000;14-Mar-2017
131278;HDFC FMP 1134D September 2014 (1) - Regular Option - Flexi Option;INF179KA1XP7;;12.6014;0.0000;0.0000;14-Mar-2017
131283;HDFC FMP 1134D September 2014 (1) - Regular Option - Growth Option;INF179KA1XM4;;12.6014;0.0000;0.0000;14-Mar-2017
131284;HDFC FMP 1134D September 2014 (1) - Regular Option - Quarterly Dividend Option;INF179KA1XO0;;10.2905;0.0000;0.0000;14-Mar-2017
134197;HDFC FMP 1135D March 2015 (1)-Direct Option-Dividend Option;INF179KA18I9;;11.8879;0.0000;0.0000;14-Mar-2017
134198;HDFC FMP 1135D March 2015 (1)-Direct Option-Growth Option;INF179KA14J6;;11.8879;0.0000;0.0000;14-Mar-2017
134201;HDFC FMP 1135D March 2015 (1)-Direct Option-Quarterly Dividend Option;INF179KA15J3;;10.2552;0.0000;0.0000;14-Mar-2017
134204;HDFC FMP 1135D March 2015 (1)-Regular Option-Dividend Option;INF179KA11J2;;11.8166;0.0000;0.0000;14-Mar-2017
134199;HDFC FMP 1135D March 2015 (1)-Regular Option-Flexi Option;INF179KA13J8;;11.8166;0.0000;0.0000;14-Mar-2017
134203;HDFC FMP 1135D March 2015 (1)-Regular Option-Growth Option;INF179KA10J4;;11.8166;0.0000;0.0000;14-Mar-2017
134200;HDFC FMP 1135D March 2015 (1)-Regular Option-Quarterly Dividend Option;INF179KA12J0;;10.2486;0.0000;0.0000;14-Mar-2017
139087;HDFC FMP 1140D March 2016 (1) - Direct Option -  Quarterly Dividend Option;INF179KB1OG4;;10.4186;0.0000;0.0000;14-Mar-2017
139085;HDFC FMP 1140D March 2016 (1) - Direct Option - Dividend Option;INF179KB1OF6;;11.2685;0.0000;0.0000;14-Mar-2017
139086;HDFC FMP 1140D March 2016 (1) - Direct Option - Growth Option;INF179KB1OH2;;11.2685;0.0000;0.0000;14-Mar-2017
139089;HDFC FMP 1140D March 2016 (1) - Regular Option - Growth Option;INF179KB1OI0;;11.1238;0.0000;0.0000;14-Mar-2017
139090;HDFC FMP 1140D March 2016 (1) - Regular Option - Quarterly Dividend Option;INF179KB1OK6;;10.3896;0.0000;0.0000;14-Mar-2017
139088;HDFC FMP 1140D March 2016 (1) - Regular Option- Dividend Option;INF179KB1OJ8;;11.1238;0.0000;0.0000;14-Mar-2017
135137;HDFC FMP 1141D July 2015 (1)-Direct Option-Dividend Option;INF179KB1GF2;;11.4726;0.0000;0.0000;14-Mar-2017
135138;HDFC FMP 1141D July 2015 (1)-Direct Option-Growth Option;INF179KB1GE5;;11.4726;0.0000;0.0000;14-Mar-2017
135141;HDFC FMP 1141D July 2015 (1)-Direct Option-Quarterly Dividend Option;INF179KB1GG0;;10.2628;0.0000;0.0000;14-Mar-2017
135140;HDFC FMP 1141D July 2015 (1)-Regular Option-Dividend Option;INF179KB1GJ4;;11.3771;0.0000;0.0000;14-Mar-2017
135139;HDFC FMP 1141D July 2015 (1)-Regular Option-Growth Option;INF179KB1GI6;;11.3771;0.0000;0.0000;14-Mar-2017
135142;HDFC FMP 1141D July 2015 (1)-Regular Option-Quarterly Dividend Option;INF179KB1GK2;;10.2618;0.0000;0.0000;14-Mar-2017
123200;HDFC FMP 1143D July 2013 (1)-Direct Option-Dividend Option;INF179K01Y44;;10.3730;0.0000;0.0000;14-Mar-2017
123203;HDFC FMP 1143D July 2013 (1)-Direct Option-Growth Option;INF179K01Y36;;13.7868;0.0000;0.0000;14-Mar-2017
123201;HDFC FMP 1143D July 2013 (1)-Direct Option-Quarterly Dividend Option;INF179K01Y51;;10.3730;0.0000;0.0000;14-Mar-2017
123196;HDFC FMP 1143D July 2013 (1)-Regular Option-Dividend Option;INF179K01Y85;;10.3686;0.0000;0.0000;14-Mar-2017
123202;HDFC FMP 1143D July 2013 (1)-Regular Option-Growth Option;INF179K01Y77;;13.6953;0.0000;0.0000;14-Mar-2017
136253;HDFC FMP 1148D February 2016 (1) - Direct Option - Dividend Option;INF179KB1MM6;;11.0628;0.0000;0.0000;14-Mar-2017
136250;HDFC FMP 1148D February 2016 (1) - Regular Option - Dividend Option;INF179KB1MP9;;10.9637;0.0000;0.0000;14-Mar-2017
136251;HDFC FMP 1148D February 2016 (1) - Regular Option - Growth Option;INF179KB1MO2;;10.9637;0.0000;0.0000;14-Mar-2017
136252;HDFC FMP 1148D February 2016 (1) - Regular Option - Quarterly Dividend Option;INF179KB1MQ7;;10.3148;0.0000;0.0000;14-Mar-2017
136254;HDFC FMP 1148D February 2016 (1) Direct Option - Growth Option;INF179KB1ML8;;11.0628;0.0000;0.0000;14-Mar-2017
136255;HDFC FMP 1148D February 2016 (1) Direct Option - Quarterly Dividend Option;INF179KB1MN4;;10.3287;0.0000;0.0000;14-Mar-2017
136387;HDFC FMP 1148D February 2016 (2)-Direct Option-Growth Option;INF179KB1MX3;;11.2412;0.0000;0.0000;14-Mar-2017
136389;HDFC FMP 1148D February 2016 (2)-Direct Option-Quarterly Dividend Option;INF179KB1MZ8;;10.3937;0.0000;0.0000;14-Mar-2017
136388;HDFC FMP 1148D February 2016 (2)-Regular Option-Dividend Option;INF179KB1NB7;;11.0955;0.0000;0.0000;14-Mar-2017
136384;HDFC FMP 1148D February 2016 (2)-Regular Option-Growth Option;INF179KB1NA9;;11.0955;0.0000;0.0000;14-Mar-2017
136385;HDFC FMP 1148D February 2016 (2)-Regular Option-Quarterly Dividend Option;INF179KB1NC5;;10.3673;0.0000;0.0000;14-Mar-2017
140702;HDFC FMP 1150D February 2017 (1) - Direct Option - Dividend Option;INF179KB1C99;;9.9993;0.0000;0.0000;14-Mar-2017
140701;HDFC FMP 1150D February 2017 (1) - Direct Option - Growth Option;INF179KB1C81;;9.9993;0.0000;0.0000;14-Mar-2017
140703;HDFC FMP 1150D February 2017 (1) - Direct Option - Quarterly Dividend Option;INF179KB1D07;;9.9993;0.0000;0.0000;14-Mar-2017
140699;HDFC FMP 1150D February 2017 (1) - Regular Option - Dividend Option;INF179KB1D23;;9.9984;0.0000;0.0000;14-Mar-2017
140704;HDFC FMP 1150D February 2017 (1) - Regular Option - Growth Option;INF179KB1D15;;9.9984;0.0000;0.0000;14-Mar-2017
140700;HDFC FMP 1150D February 2017 (1) - Regular Option - Quarterly Dividend Option;INF179KB1D31;;9.9984;0.0000;0.0000;14-Mar-2017
139311;HDFC FMP 1153D April 2016 (1) - Direct Option - Dividend Option;INF179KB1QK1;;10.9781;0.0000;0.0000;14-Mar-2017
139312;HDFC FMP 1153D April 2016 (1) - Direct Option - Growth Option;INF179KB1QJ3;;10.9781;0.0000;0.0000;14-Mar-2017
139315;HDFC FMP 1153D April 2016 (1) - Direct Option - Quarterly Dividend Option;INF179KB1QL9;;10.3439;0.0000;0.0000;14-Mar-2017
139313;HDFC FMP 1153D April 2016 (1) - Regular Option - Dividend Option;INF179KB1QN5;;10.8701;0.0000;0.0000;14-Mar-2017
139316;HDFC FMP 1153D April 2016 (1) - Regular Option - Growth Option;INF179KB1QM7;;10.8701;0.0000;0.0000;14-Mar-2017
139314;HDFC FMP 1153D April 2016 (1) - Regular Option - Quarterly Dividend Option;INF179KB1QO3;;10.3182;0.0000;0.0000;14-Mar-2017
136164;HDFC FMP 1155D February 2016 (1) - Direct Option - Dividend Option;INF179KB1LU1;;11.0655;0.0000;0.0000;14-Mar-2017
136162;HDFC FMP 1155D February 2016 (1) - Direct Option - Growth Option;INF179KB1LT3;;11.0655;0.0000;0.0000;14-Mar-2017
136163;HDFC FMP 1155D February 2016 (1) - Direct Option - Quarterly Dividend Option;INF179KB1LV9;;10.3112;0.0000;0.0000;14-Mar-2017
136159;HDFC FMP 1155D February 2016 (1) - Regular Option - Dividend Option;INF179KB1LX5;;10.9645;0.0000;0.0000;14-Mar-2017
136160;HDFC FMP 1155D February 2016 (1) - Regular Option - Growth Option;INF179KB1LW7;;10.9645;0.0000;0.0000;14-Mar-2017
136161;HDFC FMP 1155D February 2016 (1) - Regular Option - Quarterly Dividend Option;INF179KB1LY3;;10.2977;0.0000;0.0000;14-Mar-2017
140718;HDFC FMP 1155D February 2017 (1) - Direct Option - Dividend Option;INF179KB1B74;;9.9968;0.0000;0.0000;14-Mar-2017
140717;HDFC FMP 1155D February 2017 (1) - Direct Option - Growth Option;INF179KB1B66;;9.9968;0.0000;0.0000;14-Mar-2017
140719;HDFC FMP 1155D February 2017 (1) - Direct Option - Quarterly Dividend Option;INF179KB1B82;;9.9968;0.0000;0.0000;14-Mar-2017
140716;HDFC FMP 1155D February 2017 (1) - Regular Option - Dividend Option;INF179KB1C08;;9.9964;0.0000;0.0000;14-Mar-2017
140715;HDFC FMP 1155D February 2017 (1) - Regular Option - Growth Option;INF179KB1B90;;9.9964;0.0000;0.0000;14-Mar-2017
140720;HDFC FMP 1155D February 2017 (1) - Regular Option - Quarterly Dividend Option;INF179KB1C16;;9.9964;0.0000;0.0000;14-Mar-2017
133904;HDFC FMP 1157D February 2015 (1)-Direct Option-Dividend Option;INF179KA15C8;;11.9575;0.0000;0.0000;14-Mar-2017
133907;HDFC FMP 1157D February 2015 (1)-Direct Option-Flexi Option;INF179KA17C4;;11.9575;0.0000;0.0000;14-Mar-2017
133906;HDFC FMP 1157D February 2015 (1)-Direct Option-Growth Option;INF179KA14C1;;11.9575;0.0000;0.0000;14-Mar-2017
133901;HDFC FMP 1157D February 2015 (1)-Regular Option-Dividend Option;INF179KA19C0;;11.8842;0.0000;0.0000;14-Mar-2017
133903;HDFC FMP 1157D February 2015 (1)-Regular Option-Flexi Option;INF179KA11D5;;11.8842;0.0000;0.0000;14-Mar-2017
133900;HDFC FMP 1157D February 2015 (1)-Regular Option-Growth Option;INF179KA18C2;;11.8842;0.0000;0.0000;14-Mar-2017
133902;HDFC FMP 1157D February 2015 (1)-Regular Option-QuarterlyDividend Option;INF179KA10D7;;10.2461;0.0000;0.0000;14-Mar-2017
136288;HDFC FMP 1161D February 2016 (1)-Direct Option-Dividend Option;INF179KB1MS3;;11.3075;0.0000;0.0000;14-Mar-2017
136292;HDFC FMP 1161D February 2016 (1)-Direct Option-Growth Option;INF179KB1MR5;;11.3075;0.0000;0.0000;14-Mar-2017
136289;HDFC FMP 1161D February 2016 (1)-Direct Option-Quarterly Dividend Option;INF179KB1MT1;;10.3922;0.0000;0.0000;14-Mar-2017
136290;HDFC FMP 1161D February 2016 (1)-Regular Option-Dividend Option;INF179KB1MV7;;11.2364;0.0000;0.0000;14-Mar-2017
136291;HDFC FMP 1161D February 2016 (1)-Regular Option-Growth Option;INF179KB1MU9;;11.2364;0.0000;0.0000;14-Mar-2017
136293;HDFC FMP 1161D February 2016 (1)-Regular Option-Quarterly Dividend Option;INF179KB1MW5;;10.3781;0.0000;0.0000;14-Mar-2017
139611;HDFC FMP 1161D July 2016 (1) - Direct Option - Dividend Option;INF179KB1TI9;;10.6634;0.0000;0.0000;14-Mar-2017
139608;HDFC FMP 1161D July 2016 (1) - Direct Option - Growth Option;INF179KB1TH1;;10.6634;0.0000;0.0000;14-Mar-2017
139607;HDFC FMP 1161D July 2016 (1) - Direct Option - Quarterly Dividend Option;INF179KB1TJ7;;10.2726;0.0000;0.0000;14-Mar-2017
139606;HDFC FMP 1161D July 2016 (1) - Regular Option - Dividend Option;INF179KB1TL3;;10.5860;0.0000;0.0000;14-Mar-2017
139609;HDFC FMP 1161D July 2016 (1) - Regular Option - Growth Option;INF179KB1TK5;;10.5860;0.0000;0.0000;14-Mar-2017
139610;HDFC FMP 1161D July 2016 (1) - Regular Option - Quarterly Dividend Option;INF179KB1TM1;;10.2475;0.0000;0.0000;14-Mar-2017
136119;HDFC FMP 1167D January 2016 (1) - Direct Option - Dividend Option;INF179KB1LO4;;11.0879;0.0000;0.0000;14-Mar-2017
136120;HDFC FMP 1167D January 2016 (1) - Direct Option - Growth Option;INF179KB1LN6;;11.0879;0.0000;0.0000;14-Mar-2017
136116;HDFC FMP 1167D January 2016 (1) - Direct Option - Quarterly Option;INF179KB1LP1;;10.3019;0.0000;0.0000;14-Mar-2017
136117;HDFC FMP 1167D January 2016 (1) - Regular Option - Dividend Option;INF179KB1LR7;;10.9821;0.0000;0.0000;14-Mar-2017
136115;HDFC FMP 1167D January 2016 (1) - Regular Option - Growth Option;INF179KB1LQ9;;10.9821;0.0000;0.0000;14-Mar-2017
136118;HDFC FMP 1167D January 2016 (1) - Regular Option - Quarterly Option;INF179KB1LS5;;10.2832;0.0000;0.0000;14-Mar-2017
136176;HDFC FMP 1168D February 2016 (1) - Direct Option - Dividend Option;INF179KB1MA1;;11.2824;0.0000;0.0000;14-Mar-2017
136174;HDFC FMP 1168D February 2016 (1) - Direct Option - Growth Option;INF179KB1LZ0;;11.2824;0.0000;0.0000;14-Mar-2017
136179;HDFC FMP 1168D February 2016 (1) - Regular Option - Growth Option;INF179KB1MC7;;11.2748;0.0000;0.0000;14-Mar-2017
136175;HDFC FMP 1168D February 2016 (1) - Regular Option - Quarterly Dividend Option;INF179KB1ME3;;10.3691;0.0000;0.0000;14-Mar-2017
140585;FMP 1169D February 2017 (1) Series 37 - Direct - Growth;INF179KB1A42;;9.9707;0.0000;0.0000;14-Mar-2017
140590;FMP 1169D February 2017 (1) Series 37 - Direct - Normal Dividend;INF179KB1A59;;9.9707;0.0000;0.0000;14-Mar-2017
140586;FMP 1169D February 2017 (1) Series 37 - Direct - Quaterly Dividend;INF179KB1A67;;9.9707;0.0000;0.0000;14-Mar-2017
140588;FMP 1169D February 2017 (1) Series 37 - Regular - Growth;INF179KB1A75;;9.9657;0.0000;0.0000;14-Mar-2017
140587;FMP 1169D February 2017 (1) Series 37 - Regular - Normal Dividend;INF179KB1A83;;9.9657;0.0000;0.0000;14-Mar-2017
140589;FMP 1169D February 2017 (1) Series 37 - Regular - Quaterly Dividend;INF179KB1A91;;9.9657;0.0000;0.0000;14-Mar-2017
140693;HDFC FMP 1170D February 2017 (1) - Direct Option - Dividend Option;INF179KB1C32;;10.0134;0.0000;0.0000;14-Mar-2017
140694;HDFC FMP 1170D February 2017 (1) - Direct Option - Growth Option;INF179KB1C24;;10.0134;0.0000;0.0000;14-Mar-2017
140697;HDFC FMP 1170D February 2017 (1) - Direct Option - Quarterly Dividend Option;INF179KB1C40;;10.0134;0.0000;0.0000;14-Mar-2017
140698;HDFC FMP 1170D February 2017 (1) - Regular Option - Dividend Option;INF179KB1C65;;10.0102;0.0000;0.0000;14-Mar-2017
140695;HDFC FMP 1170D February 2017 (1) - Regular Option - Growth Option;INF179KB1C57;;10.0102;0.0000;0.0000;14-Mar-2017
140696;HDFC FMP 1170D February 2017 (1) - Regular Option - Quarterly Dividend Option;INF179KB1C73;;10.0102;0.0000;0.0000;14-Mar-2017
126768;HDFC FMP 1175D January 2014 (1) - Direct Option-Dividend Option;INF179KB1K08;;13.6374;0.0000;0.0000;14-Mar-2017
126769;HDFC FMP 1175D January 2014 (1) - Direct Option-Flexi Option;INF179KB1K24;;13.6374;0.0000;0.0000;14-Mar-2017
126770;HDFC FMP 1175D January 2014 (1) - Direct Option-Growth Option;INF179KB1J92;;13.6374;0.0000;0.0000;14-Mar-2017
126771;HDFC FMP 1175D January 2014 (1) - Direct Option-Quarterly Dividend Option;INF179KB1K16;;10.2156;0.0000;0.0000;14-Mar-2017
126772;HDFC FMP 1175D January 2014 (1) - Regular Option-Dividend Option;INF179KB1J68;;13.5748;0.0000;0.0000;14-Mar-2017
126766;HDFC FMP 1175D January 2014 (1) - Regular Option-Growth Option;INF179KB1J84;;13.5748;0.0000;0.0000;14-Mar-2017
126767;HDFC FMP 1175D January 2014 (1) - Regular Option-Quarterly Dividend Option;INF179KB1J76;;10.2123;0.0000;0.0000;14-Mar-2017
136076;HDFC FMP 1176D January 2016 (1) - Direct Option - Dividend Option;INF179KB1LE5;;11.0926;0.0000;0.0000;14-Mar-2017
136077;HDFC FMP 1176D January 2016 (1) - Direct Option - Growth Option;INF179KB1LD7;;11.0926;0.0000;0.0000;14-Mar-2017
136078;HDFC FMP 1176D January 2016 (1) - Direct Option - Quarterly Dividend Option;INF179KB1LF2;;10.2824;0.0000;0.0000;14-Mar-2017
136079;HDFC FMP 1176D January 2016 (1) - Regular Option - Dividend Option;INF179KB1LH8;;10.9901;0.0000;0.0000;14-Mar-2017
136080;HDFC FMP 1176D January 2016 (1) - Regular Option - Growth Option;INF179KB1LG0;;10.9901;0.0000;0.0000;14-Mar-2017
136081;HDFC FMP 1176D January 2016 (1) - Regular Option - Quarterly Dividend Option;INF179KB1LI6;;10.2726;0.0000;0.0000;14-Mar-2017
140665;HDFC FMP 1178D February 2017 (1) - Direct Option -  Dividend Option;INF179KB1B17;;10.0268;0.0000;0.0000;14-Mar-2017
140666;HDFC FMP 1178D February 2017 (1) - Direct Option -  Growth Option;INF179KB1B09;;10.0268;0.0000;0.0000;14-Mar-2017
140667;HDFC FMP 1178D February 2017 (1) - Direct Option -  Quarterly Dividend Option;INF179KB1B25;;10.0268;0.0000;0.0000;14-Mar-2017
140668;HDFC FMP 1178D February 2017 (1) - Regular Option -  Dividend Option;INF179KB1B41;;10.0213;0.0000;0.0000;14-Mar-2017
140669;HDFC FMP 1178D February 2017 (1) - Regular Option -  Growth Option;INF179KB1B33;;10.0213;0.0000;0.0000;14-Mar-2017
140670;HDFC FMP 1178D February 2017 (1) - Regular Option - Quarterly Dividend Option;INF179KB1B58;;10.0213;0.0000;0.0000;14-Mar-2017
136022;HDFC FMP 1183D January 2016 (1) - Direct Option - Dividend Option;INF179KB1KY5;;11.1214;0.0000;0.0000;14-Mar-2017
136023;HDFC FMP 1183D January 2016 (1) - Direct Option - Growth Option;INF179KB1KX7;;11.1214;0.0000;0.0000;14-Mar-2017
136024;HDFC FMP 1183D January 2016 (1) - Direct Option - Quarterly Dividend Option;INF179KB1KZ2;;10.2689;0.0000;0.0000;14-Mar-2017
136025;HDFC FMP 1183D January 2016 (1) - Regular Option - Dividend Option;INF179KB1LB1;;11.0219;0.0000;0.0000;14-Mar-2017
136026;HDFC FMP 1183D January 2016 (1) - Regular Option - Growth Option;INF179KB1LA3;;11.0219;0.0000;0.0000;14-Mar-2017
136027;HDFC FMP 1183D January 2016 (1) - Regular Option - Quarterly Dividend Option;INF179KB1LC9;;10.2642;0.0000;0.0000;14-Mar-2017
133600;HDFC FMP 1184D January 2015 (1) - Direct Option - Dividend Option;INF179KA1V72;;12.4413;0.0000;0.0000;14-Mar-2017
133599;HDFC FMP 1184D January 2015 (1) - Direct Option - Growth Option;INF179KA1V64;;12.4413;0.0000;0.0000;14-Mar-2017
133602;HDFC FMP 1184D January 2015 (1) - Direct Option - Quarterly Dividend Option;INF179KA1V80;;10.3217;0.0000;0.0000;14-Mar-2017
133596;HDFC FMP 1184D January 2015 (1) - Regular Option - Dividend Option;INF179KA1W14;;12.3623;0.0000;0.0000;14-Mar-2017
133598;HDFC FMP 1184D January 2015 (1) - Regular Option - Flexi Option;INF179KA1W30;;12.3623;0.0000;0.0000;14-Mar-2017
133601;HDFC FMP 1184D January 2015 (1) - Regular Option - Growth Option;INF179KA1W06;;12.3623;0.0000;0.0000;14-Mar-2017
133597;HDFC FMP 1184D January 2015 (1) - Regular Option - Quarterly Dividend Option;INF179KA1W22;;10.3151;0.0000;0.0000;14-Mar-2017
139174;HDFC FMP 1190D March 2016 (1)-Direct Option-Dividend Option;INF179KB1OY7;;11.2213;0.0000;0.0000;14-Mar-2017
139176;HDFC FMP 1190D March 2016 (1)-Direct Option-Growth Option;INF179KB1OX9;;11.2213;0.0000;0.0000;14-Mar-2017
139175;HDFC FMP 1190D March 2016 (1)-Direct Option-Quarterly Dividend Option;INF179KB1OZ4;;10.4150;0.0000;0.0000;14-Mar-2017
139172;HDFC FMP 1190D March 2016 (1)-Regular Option-Dividend Option;INF179KB1PB2;;11.1579;0.0000;0.0000;14-Mar-2017
139171;HDFC FMP 1190D March 2016 (1)-Regular Option-Growth Option;INF179KB1PA4;;11.1579;0.0000;0.0000;14-Mar-2017
139173;HDFC FMP 1190D March 2016 (1)-Regular Option-Quarterly Dividend Option;INF179KB1PC0;;10.4012;0.0000;0.0000;14-Mar-2017
140549;HDFC FMP 1199D January 2017 (1) - Direct Option - Dividend Option;INF179KB1ZN6;;10.0280;0.0000;0.0000;14-Mar-2017
140552;HDFC FMP 1199D January 2017 (1) - Direct Option - Growth Option;INF179KB1ZM8;;10.0280;0.0000;0.0000;14-Mar-2017
140553;HDFC FMP 1199D January 2017 (1) - Direct Option - Quarterly Dividend Option;INF179KB1ZO4;;10.0280;0.0000;0.0000;14-Mar-2017
140554;HDFC FMP 1199D January 2017 (1) - Regular Option - Dividend Option;INF179KB1ZQ9;;10.0174;0.0000;0.0000;14-Mar-2017
140550;HDFC FMP 1199D January 2017 (1) - Regular Option - Growth Option;INF179KB1ZP1;;10.0174;0.0000;0.0000;14-Mar-2017
140551;HDFC FMP 1199D January 2017 (1) - Regular Option - Quarterly Dividend Option;INF179KB1ZR7;;10.0174;0.0000;0.0000;14-Mar-2017
140480;HDFC FMP 1218 DECEMBER 2016 (1) - Direct Option - Dividend Option;INF179KB1ZB1;;10.0575;0.0000;0.0000;14-Mar-2017
140476;HDFC FMP 1218 DECEMBER 2016 (1) - Direct Option - Growth Option;INF179KB1ZA3;;10.0575;0.0000;0.0000;14-Mar-2017
140478;HDFC FMP 1218 DECEMBER 2016 (1) - Direct Option - Quaterly Dividend Option;INF179KB1ZC9;;10.0575;0.0000;0.0000;14-Mar-2017
140477;HDFC FMP 1218 DECEMBER 2016 (1) - Regular Option - Dividend Option;INF179KB1ZE5;;10.0424;0.0000;0.0000;14-Mar-2017
140481;HDFC FMP 1218 DECEMBER 2016 (1) - Regular Option - Growth Option;INF179KB1ZD7;;10.0424;0.0000;0.0000;14-Mar-2017
140479;HDFC FMP 1218 DECEMBER 2016 (1) - Regular Option - Quaterly Dividend Option;INF179KB1ZF2;;10.0424;0.0000;0.0000;14-Mar-2017
140000;HDFC FMP 1302D September 2016 (1) - Direct Option - Dividend Option;INF179KB1WU8;;10.4543;0.0000;0.0000;14-Mar-2017
139998;HDFC FMP 1302D September 2016 (1) - Direct Option - Quarterly Dividend Option;INF179KB1WV6;;10.2393;0.0000;0.0000;14-Mar-2017
139997;HDFC FMP 1302D September 2016 (1) - Direct Option-Growth Option;INF179KB1WT0;;10.4543;0.0000;0.0000;14-Mar-2017
140002;HDFC FMP 1302D September 2016 (1) - Regular Option - Dividend Option;INF179KB1WX2;;10.4302;0.0000;0.0000;14-Mar-2017
139999;HDFC FMP 1302D September 2016 (1) - Regular Option - Growth Option;INF179KB1WW4;;10.4302;0.0000;0.0000;14-Mar-2017
140001;HDFC FMP 1302D September 2016 (1) - Regular Option - Quarterly Dividend Option;INF179KB1WY0;;10.2288;0.0000;0.0000;14-Mar-2017
139951;HDFC FMP 1309D September 2016 (1) - Direct Option - Dividend Option;INF179KB1WO1;;10.4713;0.0000;0.0000;14-Mar-2017
139952;HDFC FMP 1309D September 2016 (1) - Direct Option - Growth Option;INF179KB1WN3;;10.4713;0.0000;0.0000;14-Mar-2017
139955;HDFC FMP 1309D September 2016 (1) - Direct Option - Quarterly Dividend Option;INF179KB1WP8;;10.2400;0.0000;0.0000;14-Mar-2017
139954;HDFC FMP 1309D September 2016 (1) - Regular Option - Dividend Option;INF179KB1WR4;;10.4365;0.0000;0.0000;14-Mar-2017
139956;HDFC FMP 1309D September 2016 (1) - Regular Option - Growth Option;INF179KB1WQ6;;10.4365;0.0000;0.0000;14-Mar-2017
139953;HDFC FMP 1309D September 2016 (1) - Regular Option - Quarterly Dividend Option;INF179KB1WS2;;10.2247;0.0000;0.0000;14-Mar-2017
123401;HDFC FMP 1846D August 2013 (1) - Growth Option;INF179KB15P8;;13.9650;0.0000;0.0000;14-Mar-2017
123402;HDFC FMP 1846D August 2013 (1) - Growth Option - Direct Plan;INF179KB11P7;;14.1159;0.0000;0.0000;14-Mar-2017
123406;HDFC FMP 1846D August 2013 (1) - IDCW Option;INF179KB16P6;;13.9650;0.0000;0.0000;14-Mar-2017
123403;HDFC FMP 1846D August 2013 (1) - IDCW Option - Direct Plan;INF179KB12P5;;14.1159;0.0000;0.0000;14-Mar-2017
123405;HDFC FMP 1846D August 2013 (1)-Direct Option-Quarterly Dividend Option;INF179KB13P3;;10.8030;0.0000;0.0000;14-Mar-2017
123407;HDFC FMP 1846D August 2013 (1)-Regular Option-Flexi Option;INF179K012A7;;13.9650;0.0000;0.0000;14-Mar-2017
123408;HDFC FMP 1846D August 2013 (1)-Regular Option-Quarterly Dividend Option;INF179K015A0;;10.7958;0.0000;0.0000;14-Mar-2017
123735;HDFC FMP 1875D August 2013 (1) - Direct Option - Dividend Option;INF179K010F0;;14.2643;0.0000;0.0000;14-Mar-2017
123736;HDFC FMP 1875D August 2013 (1) - Direct Option - Flexi Option;INF179K017E8;;14.2643;0.0000;0.0000;14-Mar-2017
123732;HDFC FMP 1875D August 2013 (1) - Direct Option - Growth Option;INF179K018E6;;14.2643;0.0000;0.0000;14-Mar-2017
123737;HDFC FMP 1875D August 2013 (1) - Direct Option - Quarterly Dividend Option;INF179K011F8;;10.5801;0.0000;0.0000;14-Mar-2017
123738;HDFC FMP 1875D August 2013 (1) - Regular Option - Dividend Option;INF179K013E7;;14.0646;0.0000;0.0000;14-Mar-2017
123733;HDFC FMP 1875D August 2013 (1) - Regular Option - Growth Option;INF179K013F4;;14.0646;0.0000;0.0000;14-Mar-2017
123734;HDFC FMP 1875D August 2013 (1) - Regular Option - Quarterly Dividend Option;INF179K014E5;;10.5710;0.0000;0.0000;14-Mar-2017
120096;HDFC FMP 1919D January 2013 (1) Direct Plan Dividend Option;INF179K01ZF8;;14.3937;0.0000;0.0000;14-Mar-2017
120092;HDFC FMP 1919D January 2013 (1) Direct Plan Flexi Option;INF179K01ZH4;;14.3937;0.0000;0.0000;14-Mar-2017
120095;HDFC FMP 1919D January 2013 (1) Direct Plan Growth Option;INF179K01ZE1;;14.3937;0.0000;0.0000;14-Mar-2017
120091;HDFC FMP 1919D January 2013 (1) Direct Plan Quarterly Dividend Option;INF179K01ZG6;;10.2944;0.0000;0.0000;14-Mar-2017
120090;HDFC FMP 1919D January 2013 (1) Dividend Option;INF179K01ZB7;;14.3937;0.0000;0.0000;14-Mar-2017
120094;HDFC FMP 1919D January 2013 (1) Flexi Option;INF179K01ZD3;;14.3937;0.0000;0.0000;14-Mar-2017
120089;HDFC FMP 1919D January 2013 (1) Growth Option;INF179K01ZA9;;14.3937;0.0000;0.0000;14-Mar-2017
120093;HDFC FMP 1919D January 2013 (1) Quarterly Dividend Option;INF179K01ZC5;;10.2947;0.0000;0.0000;14-Mar-2017
128541;HDFC FMP 3360D March 2014 (1) - Flexi Option;INF179KA1II3;;12.1789;0.0000;0.0000;14-Mar-2017
128539;HDFC FMP 3360D March 2014 (1) - Flexi Option - Direct Plan;INF179KA1IE2;;12.2152;0.0000;0.0000;14-Mar-2017
128542;HDFC FMP 3360D March 2014 (1) - Growth Option;INF179KA1IF9;;12.1789;0.0000;0.0000;14-Mar-2017
128544;HDFC FMP 3360D March 2014 (1) - Growth Option - Direct Plan;INF179KA1IB8;;12.2152;0.0000;0.0000;14-Mar-2017
128540;HDFC FMP 3360D March 2014 (1) - IDCW Option;INF179KA1IG7;;12.1789;0.0000;0.0000;14-Mar-2017
128538;HDFC FMP 3360D March 2014 (1) - IDCW Option - Direct Plan;INF179KA1IC6;;12.2152;0.0000;0.0000;14-Mar-2017
128543;HDFC FMP 3360D March 2014 (1) - Quarterly IDCW Option;INF179KA1IH5;;10.2330;0.0000;0.0000;14-Mar-2017
128545;HDFC FMP 3360D March 2014 (1) - Quarterly IDCW Option - Direct Plan;INF179KA1ID4;;10.2357;0.0000;0.0000;14-Mar-2017
128714;HDFC FMP 366D March 2014 (1) - Direct Option-Dividend Option;INF179KA10L0;;11.7238;0.0000;0.0000;14-Mar-2017
128707;HDFC FMP 366D March 2014 (1) - Direct Option-Growth Option;INF179KA19K3;;12.8292;0.0000;0.0000;14-Mar-2017
128710;HDFC FMP 366D March 2014 (1) - Direct Option-Quarterly Dividend Option;INF179KA11L8;;10.1436;0.0000;0.0000;14-Mar-2017
128712;HDFC FMP 366D March 2014 (1) - Regular Option-Flexi Option;INF179KA12L6;;12.7979;0.0000;0.0000;14-Mar-2017
128713;HDFC FMP 366D March 2014 (1) - Regular Option-Growth Option;INF179KA13L4;;12.7979;0.0000;0.0000;14-Mar-2017
128915;HDFC FMP 366D March 2014 (2)-Direct Option-Growth Option;INF179KA13N0;;12.7841;0.0000;0.0000;14-Mar-2017
128914;HDFC FMP 366D March 2014 (2)-Regular Option-Growth Option;INF179KA16N3;;12.7527;0.0000;0.0000;14-Mar-2017
129774;HDFC FMP 366d May 2014 (1) - Direct Option - Dividend option;INF179KB1BJ5;;11.5775;0.0000;0.0000;14-Mar-2017
129770;HDFC FMP 366d May 2014 (1) - Direct Option - Flexi option;INF179KB1BH9;;12.6253;0.0000;0.0000;14-Mar-2017
129769;HDFC FMP 366d May 2014 (1) - Direct Option - Growth option;INF179KB1BI7;;12.6253;0.0000;0.0000;14-Mar-2017
129771;HDFC FMP 366DMay 2014 (1) - Direct Option - Quarterly Dividend option;INF179KB1BK3;;10.1820;0.0000;0.0000;14-Mar-2017
129772;HDFC FMP 366DMay 2014 (1) - Regular Option - Dividend option;INF179KB1BF3;;11.5565;0.0000;0.0000;14-Mar-2017
129773;HDFC FMP 366DMay 2014 (1) - Regular Option - Growth option;INF179KB1BM9;;12.5962;0.0000;0.0000;14-Mar-2017
129991;HDFC FMP 366D MAY 2014 (2)-Direct Option-Dividend Option;INF179KB1BX6;;11.5568;0.0000;0.0000;14-Mar-2017
129993;HDFC FMP 366D MAY 2014 (2)-Direct Option-Growth Option;INF179KB1BW8;;12.6006;0.0000;0.0000;14-Mar-2017
129997;HDFC FMP 366D MAY 2014 (2)-Regular Dividend-Dividend Option;INF179KB1CB0;;11.5364;0.0000;0.0000;14-Mar-2017
129995;HDFC FMP 366D MAY 2014 (2)-Regular Option-Flexi Option;INF179KB1BZ1;;12.5720;0.0000;0.0000;14-Mar-2017
129996;HDFC FMP 366D MAY 2014 (2)-Regular Option-Growth Option;INF179KB1CA2;;12.5720;0.0000;0.0000;14-Mar-2017
129998;HDFC FMP 366D MAY 2014 (2)-Regular Option-Quarterly Dividend Option;INF179KB1CC8;;10.1436;0.0000;0.0000;14-Mar-2017
129453;HDFC FMP 367D April 2014 (1)-Direct Option-Dividend Option;INF179KA10Z0;;11.6189;0.0000;0.0000;14-Mar-2017
129446;HDFC FMP 367D April 2014 (1)-Direct Option-Flexi Option;INF179KA18Y6;;12.6997;0.0000;0.0000;14-Mar-2017
129450;HDFC FMP 367D April 2014 (1)-Direct Option-Growth Option;INF179KA19Y4;;12.6997;0.0000;0.0000;14-Mar-2017
129448;HDFC FMP 367D April 2014 (1)-Regular Option-Flexi Option;INF179KA12Z6;;12.6696;0.0000;0.0000;14-Mar-2017
129449;HDFC FMP 367D April 2014 (1)-Regular Option-Growth Option;INF179KA13Z4;;12.6696;0.0000;0.0000;14-Mar-2017
129587;HDFC FMP 367D May 2014 (1)-Direct Option-Dividend Option;INF179KB1479;;11.6102;0.0000;0.0000;14-Mar-2017
129588;HDFC FMP 367D May 2014 (1)-Direct Option-Flexi Option;INF179KB1453;;12.6905;0.0000;0.0000;14-Mar-2017
129586;HDFC FMP 367D May 2014 (1)-Direct Option-Growth Option;INF179KB1461;;12.6905;0.0000;0.0000;14-Mar-2017
129584;HDFC FMP 367D May 2014 (1)-Regular Option-Dividend Option;INF179KB1438;;11.5888;0.0000;0.0000;14-Mar-2017
129583;HDFC FMP 367D May 2014 (1)-Regular Option-Flexi Option;INF179KB1495;;12.6605;0.0000;0.0000;14-Mar-2017
129582;HDFC FMP 367D May 2014 (1)-Regular Option-Growth Option;INF179KB1503;;12.6605;0.0000;0.0000;14-Mar-2017
129585;HDFC FMP 367D May 2014 (1)-Regular Option-Quarterly Dividend Option;INF179KB1446;;10.1435;0.0000;0.0000;14-Mar-2017
129782;HDFC FMP 367D MAY 2014 (2)-DIRECT OPTION-DIVIDEND OPTION;INF179KB1719;;11.5848;0.0000;0.0000;14-Mar-2017
129784;HDFC FMP 367D MAY 2014 (2)-DIRECT OPTION-GROWTH OPTION;INF179KB1701;;12.6591;0.0000;0.0000;14-Mar-2017
129777;HDFC FMP 367D MAY 2014 (2)-DIRECT OPTION-QUARTERLY DIVIDEND OPTION;INF179KB1727;;10.1588;0.0000;0.0000;14-Mar-2017
129778;HDFC FMP 367D MAY 2014 (2)-REGULAR OPTION-DIVIDEND OPTION;INF179KB1677;;11.5635;0.0000;0.0000;14-Mar-2017
129780;HDFC FMP 367D MAY 2014 (2)-REGULAR OPTION-GROWTH OPTION;INF179KB1743;;12.6296;0.0000;0.0000;14-Mar-2017
129781;HDFC FMP 367D MAY 2014 (2)-REGULAR OPTION-QUARTERLY DIVIDEND OPTION;INF179KB1685;;10.1526;0.0000;0.0000;14-Mar-2017
129100;HDFC FMP 369D April 2014 (1) - Direct Option-Growth Option;INF179KA15S4;;12.7464;0.0000;0.0000;14-Mar-2017
129095;HDFC FMP 369D April 2014 (1) - Direct Option-Quarterly Dividend Option;INF179KA17S0;;10.1452;0.0000;0.0000;14-Mar-2017
129097;HDFC FMP 369D April 2014 (1) - Regular Option-Growth Option;INF179KA19S6;;12.7153;0.0000;0.0000;14-Mar-2017
129094;HDFC FMP 369D April 2014 (1) - Regular Option-Quarterly Dividend Option;INF179KA13S9;;10.1430;0.0000;0.0000;14-Mar-2017
129325;HDFC FMP 369D April 2014 (2)-Direct Option-Growth Option;INF179KA13X9;;12.6963;0.0000;0.0000;14-Mar-2017
129327;HDFC FMP 369D April 2014 (2)-Regular Option-Dividend Option;INF179KA10X5;;11.5988;0.0000;0.0000;14-Mar-2017
129329;HDFC FMP 369D April 2014 (2)-Regular Option-Growth Option;INF179KA16X2;;12.6658;0.0000;0.0000;14-Mar-2017
127202;HDFC FMP 369D February 2014 (1) - Direct Option-Growth Option;INF179KA13A7;;12.9781;0.0000;0.0000;14-Mar-2017
127203;HDFC FMP 369D February 2014 (1) - Direct Option-Quarterly Dividend Option;INF179KA15A2;;10.1377;0.0000;0.0000;14-Mar-2017
127207;HDFC FMP 369D February 2014 (1) - Regular Option-Growth Option;INF179KA17A8;;12.9436;0.0000;0.0000;14-Mar-2017
127550;HDFC FMP 369D February 2014 (2) - Direct Option-Growth Option;INF179KA11F0;;12.9736;0.0000;0.0000;14-Mar-2017
127552;HDFC FMP 369D February 2014 (2) - Regular Option-Dividend Option;INF179KA18E8;;11.7854;0.0000;0.0000;14-Mar-2017
127553;HDFC FMP 369D February 2014 (2) - Regular Option-Flexi Option;INF179KA14F4;;12.9406;0.0000;0.0000;14-Mar-2017
127554;HDFC FMP 369D February 2014 (2) - Regular Option-Growth Option;INF179KA15F1;;12.9406;0.0000;0.0000;14-Mar-2017
126503;HDFC FMP 369D January 2014 (1) - Direct Option-Dividend Option;INF179KA1V23;;10.0877;0.0000;0.0000;14-Mar-2017
126504;HDFC FMP 369D January 2014 (1) - Direct Option-Growth Option;INF179KA1V15;;12.9376;0.0000;0.0000;14-Mar-2017
126508;HDFC FMP 369D January 2014 (1) - Regular Option-Growth Option;INF179KA1V56;;12.9038;0.0000;0.0000;14-Mar-2017
126509;HDFC FMP 369D January 2014 (1) - Regular Option-Quarterly Dividend Option;INF179KA1U99;;10.0858;0.0000;0.0000;14-Mar-2017
128244;HDFC FMP 369D March 2014 (1)-Direct Option-Flexi Option;INF179KA14H0;;12.9075;0.0000;0.0000;14-Mar-2017
128240;HDFC FMP 369D March 2014 (1)-Direct Option-Growth Option;INF179KA15H7;;12.9075;0.0000;0.0000;14-Mar-2017
128237;HDFC FMP 369D March 2014 (1)-Regular Option-Growth Option;INF179KA19H9;;12.8751;0.0000;0.0000;14-Mar-2017
128606;HDFC FMP 369D March 2014 (2) - Direct Option-Dividend Option;INF179KA12K8;;11.7397;0.0000;0.0000;14-Mar-2017
128613;HDFC FMP 369D March 2014 (2) - Direct Option-Flexi Option;INF179KA10K2;;12.8682;0.0000;0.0000;14-Mar-2017
128607;HDFC FMP 369D March 2014 (2) - Direct Option-Growth Option;INF179KA11K0;;12.8682;0.0000;0.0000;14-Mar-2017
128608;HDFC FMP 369D March 2014 (2) - Direct Option-Quarterly Dividend Option;INF179KA13K6;;10.1476;0.0000;0.0000;14-Mar-2017
128611;HDFC FMP 369D March 2014 (2) - Regular Option-Growth Option;INF179KA15K1;;12.8360;0.0000;0.0000;14-Mar-2017
128792;HDFC FMP 369D March 2014 (3) - Direct Option-Dividend Option;INF179KA16M5;;11.7212;0.0000;0.0000;14-Mar-2017
128794;HDFC FMP 369D March 2014 (3) - Direct Option-Growth Option;INF179KA15M7;;12.8190;0.0000;0.0000;14-Mar-2017
128798;HDFC FMP 369D March 2014 (3) - Regular Option-Growth Option;INF179KA19M9;;12.7873;0.0000;0.0000;14-Mar-2017
129090;HDFC FMP 370D April 2014 (1) - Direct Option-Dividend Option;INF179KA10V9;;11.6339;0.0000;0.0000;14-Mar-2017
129091;HDFC FMP 370D April 2014 (1) - Direct Option-Flexi Option;INF179KA18U4;;12.7271;0.0000;0.0000;14-Mar-2017
129085;HDFC FMP 370D April 2014 (1) - Direct Option-Growth Option;INF179KA19U2;;12.7271;0.0000;0.0000;14-Mar-2017
129086;HDFC FMP 370D April 2014 (1) - Direct Option-Quarterly Dividend Option;INF179KA11V7;;10.1476;0.0000;0.0000;14-Mar-2017
129087;HDFC FMP 370D April 2014 (1) - Regular Option-Dividend Option;INF179KA16U8;;11.6104;0.0000;0.0000;14-Mar-2017
129089;HDFC FMP 370D April 2014 (1) - Regular Option-Growth Option;INF179KA13V3;;12.6963;0.0000;0.0000;14-Mar-2017
129092;HDFC FMP 370D April 2014 (1) - Regular Option-Quarterly Dividend Option;INF179KA17U6;;10.1454;0.0000;0.0000;14-Mar-2017
129331;HDFC FMP 370D April 2014 (2)-Direct Option-Dividend Option;INF179KA16W4;;11.6270;0.0000;0.0000;14-Mar-2017
129335;HDFC FMP 370D April 2014 (2)-Direct Option-Flexi Option;INF179KA14W9;;12.7169;0.0000;0.0000;14-Mar-2017
129336;HDFC FMP 370D April 2014 (2)-Direct Option-Growth Option;INF179KA15W6;;12.7169;0.0000;0.0000;14-Mar-2017
129338;HDFC FMP 370D April 2014 (2)-Regular Option-Dividend Option;INF179KA12W3;;11.6049;0.0000;0.0000;14-Mar-2017
129333;HDFC FMP 370D April 2014 (2)-Regular Option-Growth Option;INF179KA19W8;;12.6863;0.0000;0.0000;14-Mar-2017
129345;HDFC FMP 370D April 2014 (3)-Direct Option-Growth Option;INF179KA11Y1;;12.7072;0.0000;0.0000;14-Mar-2017
129347;HDFC FMP 370D April 2014 (3)-Regular Option-Dividend Option;INF179KA18X8;;11.5964;0.0000;0.0000;14-Mar-2017
129349;HDFC FMP 370D April 2014 (3)-Regular Option-Growth Option;INF179KA15Y2;;12.6768;0.0000;0.0000;14-Mar-2017
129455;HDFC FMP 370D April 2014 (4)- Direct Option-Growth Option;INF179KB1305;;12.7017;0.0000;0.0000;14-Mar-2017
129461;HDFC FMP 370D April 2014 (4)- Regular Option- Growth Option;INF179KB1347;;12.6718;0.0000;0.0000;14-Mar-2017
129456;HDFC FMP 370D April 2014 (4)- Regular Option-Dividend Option;INF179KB1271;;11.5855;0.0000;0.0000;14-Mar-2017
129460;HDFC FMP 370D April 2014 (4)-Direct Option-Quarterly Dividend Option;INF179KB1321;;10.1751;0.0000;0.0000;14-Mar-2017
123345;HDFC FMP 370D August 2013 (1)-Direct Option-Growth Option;INF179KA1VJ4;;13.6864;0.0000;0.0000;14-Mar-2017
123350;HDFC FMP 370D August 2013 (1)-Regular Option-Dividend Option;INF179KA1VG0;;10.4117;0.0000;0.0000;14-Mar-2017
123352;HDFC FMP 370D August 2013 (1)-Regular Option-Flexi Option;INF179KA1VE5;;13.6447;0.0000;0.0000;14-Mar-2017
123349;HDFC FMP 370D August 2013 (1)-Regular Option-Growth Option;INF179KA1VF2;;13.6447;0.0000;0.0000;14-Mar-2017
123351;HDFC FMP 370D August 2013 (1)-Regular Option-Quarterly Dividend Option;INF179KA1VH8;;10.4117;0.0000;0.0000;14-Mar-2017
123529;HDFC FMP 370D August 2013 (2) - Direct Option - Dividend Option;INF179KA1WE3;;10.4183;0.0000;0.0000;14-Mar-2017
123528;HDFC FMP 370D August 2013 (2) - Direct Option - Growth Option;INF179KA1WD5;;13.7321;0.0000;0.0000;14-Mar-2017
123533;HDFC FMP 370D August 2013 (2) - Direct Option - Quarterly Dividend Option;INF179KA1WF0;;10.4183;0.0000;0.0000;14-Mar-2017
123530;HDFC FMP 370D August 2013 (2) - Regular Option - Growth Option;INF179KA1WH6;;13.6901;0.0000;0.0000;14-Mar-2017
123618;HDFC FMP 370D August 2013 (3) - Direct Option - Dividend Option;INF179KA1WO2;;10.3752;0.0000;0.0000;14-Mar-2017
123617;HDFC FMP 370D August 2013 (3) - Direct Option - Growth Option;INF179KA1WN4;;13.7043;0.0000;0.0000;14-Mar-2017
123619;HDFC FMP 370D August 2013 (3) - Regular Option - Growth Option;INF179KA1WR5;;13.6632;0.0000;0.0000;14-Mar-2017
123616;HDFC FMP 370D August 2013 (3) - Regular Option - Quarterly Dividend Option;INF179KA1WL8;;10.1782;0.0000;0.0000;14-Mar-2017
123961;HDFC FMP 370D August 2013 (4)-Direct Option-Growth Option;INF179KA1XD3;;13.6740;0.0000;0.0000;14-Mar-2017
123959;HDFC FMP 370D August 2013 (4)-Regular Option-Growth Option;INF179KA1XH4;;13.6330;0.0000;0.0000;14-Mar-2017
127363;HDFC FMP 370D February 2014 (1) - Direct Option-Dividend Option;INF179KA10C9;;11.8129;0.0000;0.0000;14-Mar-2017
127365;HDFC FMP 370D February 2014 (1) - Direct Option-Growth Option;INF179KA19B2;;12.9780;0.0000;0.0000;14-Mar-2017
127367;HDFC FMP 370D February 2014 (1) - Regular Option-Dividend Option;INF179KA16B8;;11.7881;0.0000;0.0000;14-Mar-2017
127369;HDFC FMP 370D February 2014 (1) - Regular Option-Growth Option;INF179KA13C3;;12.9447;0.0000;0.0000;14-Mar-2017
123175;HDFC FMP 370D July 2013 (3)-Direct Option-Dividend Option;INF179KA1UY5;;10.4171;0.0000;0.0000;14-Mar-2017
123174;HDFC FMP 370D July 2013 (3)-Direct Option-Growth Option;INF179KA1UX7;;13.6847;0.0000;0.0000;14-Mar-2017
123178;HDFC FMP 370D July 2013 (3)-Regular Option-Dividend Option;INF179KA1VC9;;10.4115;0.0000;0.0000;14-Mar-2017
123171;HDFC FMP 370D July 2013 (3)-Regular Option-Growth Option;INF179KA1VB1;;13.6444;0.0000;0.0000;14-Mar-2017
130337;HDFC FMP 370D June 2014 (2) Direct Option-Dividend Option;INF179KB1EU6;;11.5145;0.0000;0.0000;14-Mar-2017
130339;HDFC FMP 370D June 2014 (2) Direct Option-Growth Option;INF179KB1ET8;;12.5540;0.0000;0.0000;14-Mar-2017
130341;HDFC FMP 370D June 2014 (2) Regular Option-Dividend Option;INF179KB1EQ4;;11.4949;0.0000;0.0000;14-Mar-2017
130343;HDFC FMP 370D June 2014 (2) Regular Option-Growth Option;INF179KB1EX0;;12.5263;0.0000;0.0000;14-Mar-2017
130169;HDFC FMP 370D JUNE 2014(1) - Direct Option - Growth Option;INF179KB1DN3;;12.5878;0.0000;0.0000;14-Mar-2017
130170;HDFC FMP 370D JUNE 2014(1) - Regular Option - Dividend Option;INF179KB1DK9;;11.5212;0.0000;0.0000;14-Mar-2017
130171;HDFC FMP 370D JUNE 2014(1) - Regular Option - Flexi Option;INF179KB1DQ6;;12.5573;0.0000;0.0000;14-Mar-2017
130173;HDFC FMP 370D JUNE 2014(1) - Regular Option - Growth Option;INF179KB1DR4;;12.5573;0.0000;0.0000;14-Mar-2017
130172;HDFC FMP 370D JUNE 2014(1) - Regular Option - Quarterly Dividend Option;INF179KB1DL7;;10.1438;0.0000;0.0000;14-Mar-2017
127924;HDFC FMP 370D March 2014 (1)-Direct Option-Growth Option;INF179KA13I0;;12.9313;0.0000;0.0000;14-Mar-2017
127922;HDFC FMP 370D March 2014 (1)-Regular Option-Dividend Option;INF179KA10I6;;11.7391;0.0000;0.0000;14-Mar-2017
127928;HDFC FMP 370D March 2014 (1)-Regular Option-Growth Option;INF179KA17I1;;12.8989;0.0000;0.0000;14-Mar-2017
129628;HDFC FMP 370D May 2014 (1)-Direct Option-Flexi Option;INF179KB1610;;12.6650;0.0000;0.0000;14-Mar-2017
129625;HDFC FMP 370D May 2014 (1)-Direct Option-Growth Option;INF179KB1628;;12.6650;0.0000;0.0000;14-Mar-2017
129627;HDFC FMP 370D May 2014 (1)-Direct Option-Quarterly Dividend Option;INF179KB1644;;10.1507;0.0000;0.0000;14-Mar-2017
129630;HDFC FMP 370D May 2014 (1)-Regular Option-Growth Option;INF179KB1669;;12.6354;0.0000;0.0000;14-Mar-2017
129900;HDFC FMP 370D MAY 2014 (2)-Direct Option-Dividend Option;INF179KB1BR8;;11.5555;0.0000;0.0000;14-Mar-2017
129898;HDFC FMP 370D MAY 2014 (2)-Direct Option-Flexi Option;INF179KB1BP2;;12.6060;0.0000;0.0000;14-Mar-2017
129899;HDFC FMP 370D MAY 2014 (2)-Direct Option-Growth Option;INF179KB1BQ0;;12.6060;0.0000;0.0000;14-Mar-2017
129903;HDFC FMP 370D MAY 2014 (2)-Regular Option-Growth Option;INF179KB1BU2;;12.5769;0.0000;0.0000;14-Mar-2017
124162;HDFC FMP 370D September 2013 (1)-Direct Option-Growth Option;INF179KA1XT9;;13.6250;0.0000;0.0000;14-Mar-2017
124159;HDFC FMP 370D September 2013 (1)-Regular Option-Dividend Option;INF179KA1XQ5;;10.3072;0.0000;0.0000;14-Mar-2017
124158;HDFC FMP 370D September 2013 (1)-Regular Option-Growth Option;INF179KA1XW3;;13.5840;0.0000;0.0000;14-Mar-2017
124341;HDFC FMP 370D September 2013 (2)-Direct Option-Dividend Option;INF179KA1YC3;;10.3070;0.0000;0.0000;14-Mar-2017
124343;HDFC FMP 370D September 2013 (2)-Direct Option-Growth Option;INF179KA1YB5;;13.5669;0.0000;0.0000;14-Mar-2017
124345;HDFC FMP 370D September 2013 (2)-Regular Option-Dividend Option;INF179KA1XY9;;10.3062;0.0000;0.0000;14-Mar-2017
124347;HDFC FMP 370D September 2013 (2)-Regular Option-Growth Option;INF179KA1YF6;;13.5261;0.0000;0.0000;14-Mar-2017
123395;HDFC FMP 371D August 2013 (1)-Direct Option-Growth Option;INF179KA1VN6;;13.6958;0.0000;0.0000;14-Mar-2017
123400;HDFC FMP 371D August 2013 (1)-Direct Option-Quarterly Dividend Option;INF179KA1VP1;;10.3312;0.0000;0.0000;14-Mar-2017
123393;HDFC FMP 371D August 2013 (1)-Regular Option-Growth Option;INF179KA1VR7;;13.5840;0.0000;0.0000;14-Mar-2017
127375;HDFC FMP 371D February 2014 (1) - Direct Option-Growth Option;INF179KA11B9;;12.9817;0.0000;0.0000;14-Mar-2017
127376;HDFC FMP 371D February 2014 (1) - Direct Option-Quarterly Dividend Option;INF179KA13B5;;10.1410;0.0000;0.0000;14-Mar-2017
127371;HDFC FMP 371D February 2014 (1) - Regular Option-Growth Option;INF179KA15B0;;12.9483;0.0000;0.0000;14-Mar-2017
127756;HDFC FMP 371D February 2014 (2) - Direct Option-Growth Option;INF179KA17G5;;12.9357;0.0000;0.0000;14-Mar-2017
127758;HDFC FMP 371D February 2014 (2) - Regular Option-Growth Option;INF179KA11H6;;12.9030;0.0000;0.0000;14-Mar-2017
126877;HDFC FMP 371D January 2014 (2) - Direct Option-Dividend Option;INF179KA1Y87;;11.8168;0.0000;0.0000;14-Mar-2017
126879;HDFC FMP 371D January 2014 (2) - Direct Option-Growth Option;INF179KA1Y79;;12.9704;0.0000;0.0000;14-Mar-2017
126883;HDFC FMP 371D January 2014 (2) - Regular Option-Growth Option;INF179KA1Z11;;12.9366;0.0000;0.0000;14-Mar-2017
126884;HDFC FMP 371D January 2014 (2) - Regular Option-Quarterly Dividend Option;INF179KA1Y53;;10.1331;0.0000;0.0000;14-Mar-2017
122985;HDFC FMP 371D July 2013 (1)-Direct Option-Dividend Option;INF179KA1UQ1;;10.4180;0.0000;0.0000;14-Mar-2017
122986;HDFC FMP 371D July 2013 (1)-Direct Option-Flexi Option;INF179KA1UO6;;13.6562;0.0000;0.0000;14-Mar-2017
122989;HDFC FMP 371D July 2013 (1)-Direct Option-Growth Option;INF179KA1UP3;;13.6562;0.0000;0.0000;14-Mar-2017
122984;HDFC FMP 371D July 2013 (1)-Regular Option-Dividend Option;INF179KA1UU3;;10.4124;0.0000;0.0000;14-Mar-2017
122983;HDFC FMP 371D July 2013 (1)-Regular Option-Growth Option;INF179KA1UT5;;13.6157;0.0000;0.0000;14-Mar-2017
130151;HDFC FMP 371D JUNE 2014(1) - Direct Option - Growth Option;INF179KB1ED2;;12.5683;0.0000;0.0000;14-Mar-2017
130152;HDFC FMP 371D JUNE 2014(1) - Direct Option - Quarterly Dividend Option;INF179KB1EF7;;10.1454;0.0000;0.0000;14-Mar-2017
130153;HDFC FMP 371D JUNE 2014(1) - Regular Option - Dividend Option;INF179KB1EA8;;11.5077;0.0000;0.0000;14-Mar-2017
130156;HDFC FMP 371D JUNE 2014(1) - Regular Option - Growth Option;INF179KB1EH3;;12.5400;0.0000;0.0000;14-Mar-2017
130215;HDFC FMP 371D June 2014 (2)-Direct Option-Dividend Option;INF179KB1EM3;;11.5120;0.0000;0.0000;14-Mar-2017
130214;HDFC FMP 371D June 2014 (2)-Direct Option-Flexi Option;INF179KB1EK7;;12.5631;0.0000;0.0000;14-Mar-2017
130218;HDFC FMP 371D June 2014 (2)-Direct Option-Growth Option;INF179KB1EL5;;12.5631;0.0000;0.0000;14-Mar-2017
130216;HDFC FMP 371D June 2014 (2)-Regular Option-Dividend Option;INF179KB1EI1;;11.4924;0.0000;0.0000;14-Mar-2017
130211;HDFC FMP 371D June 2014 (2)-Regular Option-Growth Option;INF179KB1EP6;;12.5351;0.0000;0.0000;14-Mar-2017
130430;HDFC FMP 371D June 2014 (3) - Direct Option - Dividend Option;INF179KB1FK4;;11.4859;0.0000;0.0000;14-Mar-2017
130432;HDFC FMP 371D June 2014 (3) - Direct Option - Flexi Option;INF179KB1FI8;;12.5224;0.0000;0.0000;14-Mar-2017
130431;HDFC FMP 371D June 2014 (3) - Direct Option - Growth Option;INF179KB1FJ6;;12.5224;0.0000;0.0000;14-Mar-2017
130433;HDFC FMP 371D June 2014 (3) - Direct Option - Quarterly Dividend Option;INF179KB1FL2;;10.1495;0.0000;0.0000;14-Mar-2017
130434;HDFC FMP 371D June 2014 (3) - Regular Option - Dividend Option;INF179KB1FG2;;11.4663;0.0000;0.0000;14-Mar-2017
130436;HDFC FMP 371D June 2014 (3) - Regular Option - Growth Option;INF179KB1FN8;;12.4949;0.0000;0.0000;14-Mar-2017
130437;HDFC FMP 371D June 2014 (3) - Regular Option - Quarterly Dividend Option;INF179KB1FH0;;10.1473;0.0000;0.0000;14-Mar-2017
129907;HDFC FMP 371D MAY 2014 (1)-Direct Option-Dividend Option;INF179KB1CF1;;11.5499;0.0000;0.0000;14-Mar-2017
129910;HDFC FMP 371D MAY 2014 (1)-Direct Option-Growth Option;INF179KB1CE4;;12.6229;0.0000;0.0000;14-Mar-2017
129904;HDFC FMP 371D MAY 2014 (1)-Direct Option-Quarterly Dividend Option;INF179KB1CG9;;10.1459;0.0000;0.0000;14-Mar-2017
129905;HDFC FMP 371D MAY 2014 (1)-Regular Dividend-Dividend Option;INF179KB1CJ3;;11.5370;0.0000;0.0000;14-Mar-2017
129906;HDFC FMP 371D MAY 2014 (1)-Regular Option-Flexi Option;INF179KB1CH7;;12.5940;0.0000;0.0000;14-Mar-2017
129911;HDFC FMP 371D MAY 2014 (1)-Regular Option-Growth Option;INF179KB1CI5;;12.5940;0.0000;0.0000;14-Mar-2017
129909;HDFC FMP 371D MAY 2014 (1)-Regular Option-Quarterly Dividend Option;INF179KB1CK1;;10.1439;0.0000;0.0000;14-Mar-2017
127025;HDFC FMP 372D February 2014 (1) - Direct Option-Dividend Option;INF179KA1Z60;;11.8450;0.0000;0.0000;14-Mar-2017
127019;HDFC FMP 372D February 2014 (1) - Direct Option-Flexi Option;INF179KA1Z45;;13.0084;0.0000;0.0000;14-Mar-2017
127020;HDFC FMP 372D February 2014 (1) - Direct Option-Growth Option;INF179KA1Z52;;13.0084;0.0000;0.0000;14-Mar-2017
127023;HDFC FMP 372D February 2014 (1) - Regular Option-Flexi Option;INF179KA1Z86;;12.9746;0.0000;0.0000;14-Mar-2017
127026;HDFC FMP 372D February 2014 (1) - Regular Option-Growth Option;INF179KA1Z94;;12.9746;0.0000;0.0000;14-Mar-2017
127024;HDFC FMP 372D February 2014 (1) - Regular Option-Quarterly Dividend Option;INF179KA1Z37;;10.1403;0.0000;0.0000;14-Mar-2017
128929;HDFC FMP 377D March 2014 (1)-Direct Option-Growth Option;INF179KA17R2;;12.7700;0.0000;0.0000;14-Mar-2017
128923;HDFC FMP 377D March 2014 (1)-Regular Option-Dividend Option;INF179KA14R9;;11.6365;0.0000;0.0000;14-Mar-2017
128925;HDFC FMP 377D March 2014 (1)-Regular Option-Flexi Option;INF179KA10S5;;12.6995;0.0000;0.0000;14-Mar-2017
128922;HDFC FMP 377D March 2014 (1)-Regular Option-Growth Option;INF179KA11S3;;12.6995;0.0000;0.0000;14-Mar-2017
128776;HDFC FMP 378D March 2014 (1) - Direct Option-Dividend Option;INF179KA10R7;;11.6719;0.0000;0.0000;14-Mar-2017
128779;HDFC FMP 378D March 2014 (1) - Direct Option-Growth Option;INF179KA19Q0;;12.7906;0.0000;0.0000;14-Mar-2017
128778;HDFC FMP 378D March 2014 (1) - Regular Option-Dividend Option;INF179KA16Q6;;11.6493;0.0000;0.0000;14-Mar-2017
128780;HDFC FMP 378D March 2014 (1) - Regular Option-Flexi Option;INF179KA12R3;;12.7197;0.0000;0.0000;14-Mar-2017
128781;HDFC FMP 378D March 2014 (1) - Regular Option-Growth Option;INF179KA13R1;;12.7197;0.0000;0.0000;14-Mar-2017
128782;HDFC FMP 378D March 2014 (1) - Regular Option-Quarterly Dividend Option;INF179KA17Q4;;10.1468;0.0000;0.0000;14-Mar-2017
128790;HDFC FMP 384D March 2014 (1) - Direct Option-Flexi Option;INF179KA10Q9;;12.8119;0.0000;0.0000;14-Mar-2017
128791;HDFC FMP 384D March 2014 (1) - Direct Option-Growth Option;INF179KA11Q7;;12.8119;0.0000;0.0000;14-Mar-2017
128786;HDFC FMP 384D March 2014 (1) - Regular Option-Dividend Option;INF179KA18P4;;11.6358;0.0000;0.0000;14-Mar-2017
128788;HDFC FMP 384D March 2014 (1) - Regular Option-Growth Option;INF179KA15Q8;;12.7395;0.0000;0.0000;14-Mar-2017
128599;HDFC FMP 390D March 2014 (1) - Direct Option-Dividend Option;INF179KA14P3;;11.6490;0.0000;0.0000;14-Mar-2017
128598;HDFC FMP 390D March 2014 (1) - Direct Option-Flexi Option;INF179KA12P7;;12.8399;0.0000;0.0000;14-Mar-2017
128600;HDFC FMP 390D March 2014 (1) - Direct Option-Growth Option;INF179KA13P5;;12.8399;0.0000;0.0000;14-Mar-2017
128602;HDFC FMP 390D March 2014 (1) - Regular Option-Dividend Option;INF179KA10P1;;11.6335;0.0000;0.0000;14-Mar-2017
128603;HDFC FMP 390D March 2014 (1) - Regular Option-Flexi Option;INF179KA16P8;;12.7673;0.0000;0.0000;14-Mar-2017
128604;HDFC FMP 390D March 2014 (1) - Regular Option-Growth Option;INF179KA17P6;;12.7673;0.0000;0.0000;14-Mar-2017
128269;HDFC FMP 400D March 2014 (1)-Direct Option-Dividend Option;INF179KA12U7;;11.6329;0.0000;0.0000;14-Mar-2017
128271;HDFC FMP 400D March 2014 (1)-Direct Option-Growth Option;INF179KA11U9;;12.8634;0.0000;0.0000;14-Mar-2017
128273;HDFC FMP 400D March 2014 (1)-Regular Option-Dividend Option;INF179KA18T6;;11.6107;0.0000;0.0000;14-Mar-2017
128274;HDFC FMP 400D March 2014 (1)-Regular Option-Flexi Option;INF179KA14U3;;12.7896;0.0000;0.0000;14-Mar-2017
128275;HDFC FMP 400D March 2014 (1)-Regular Option-Growth Option;INF179KA15U0;;12.7896;0.0000;0.0000;14-Mar-2017
127765;HDFC FMP 434D February 2014 (1)-Direct Option-Growth Option;INF179KB1065;;12.9649;0.0000;0.0000;14-Mar-2017
127762;HDFC FMP 434D February 2014 (1)-Regular Option-Dividend Option;INF179KB1032;;11.5912;0.0000;0.0000;14-Mar-2017
127767;HDFC FMP 434D February 2014 (1)-Regular Option-Growth Option;INF179KB1107;;12.8870;0.0000;0.0000;14-Mar-2017
127936;HDFC FMP 435D March 2014 (1)-Direct Option-Dividend Option;INF179KB1AD0;;11.5888;0.0000;0.0000;14-Mar-2017
127937;HDFC FMP 435D March 2014 (1)-Direct Option-Flexi Option;INF179KB1AB4;;12.9337;0.0000;0.0000;14-Mar-2017
127935;HDFC FMP 435D March 2014 (1)-Direct Option-Growth Option;INF179KB1AC2;;12.9337;0.0000;0.0000;14-Mar-2017
127930;HDFC FMP 435D March 2014 (1)-Direct Option-Quarterly Dividend Option;INF179KB1AE8;;10.1999;0.0000;0.0000;14-Mar-2017
127932;HDFC FMP 435D March 2014 (1)-Regular Option-Dividend Option;INF179KB1982;;11.5671;0.0000;0.0000;14-Mar-2017
127934;HDFC FMP 435D March 2014 (1)-Regular Option-Flexi Option;INF179KB1AF5;;12.8563;0.0000;0.0000;14-Mar-2017
127931;HDFC FMP 435D March 2014 (1)-Regular Option-Growth Option;INF179KB1AG3;;12.8563;0.0000;0.0000;14-Mar-2017
127933;HDFC FMP 435D March 2014 (1)-Regular Option-Quarterly Dividend Option;INF179KB1990;;10.1978;0.0000;0.0000;14-Mar-2017
127432;HDFC FMP 441D February 2014 (1) - Direct Option-Dividend Option;INF179KB1230;;11.6167;0.0000;0.0000;14-Mar-2017
127434;HDFC FMP 441D February 2014 (1) - Direct Option-Growth Option;INF179KB1222;;12.9940;0.0000;0.0000;14-Mar-2017
127436;HDFC FMP 441D February 2014 (1) - Regular Option-Dividend Option;INF179KB1198;;11.5950;0.0000;0.0000;14-Mar-2017
127437;HDFC FMP 441D February 2014 (1) - Regular Option-Flexi Option;INF179KB1255;;12.9150;0.0000;0.0000;14-Mar-2017
127438;HDFC FMP 441D February 2014 (1) - Regular Option-Growth Option;INF179KB1263;;12.9150;0.0000;0.0000;14-Mar-2017
127439;HDFC FMP 441D February 2014 (1) - Regular Option-Quarterly Dividend Option;INF179KB1206;;10.1796;0.0000;0.0000;14-Mar-2017
127219;HDFC FMP 447D February 2014 (1) - Direct Option-Dividend Option;INF179KB1156;;11.6087;0.0000;0.0000;14-Mar-2017
127221;HDFC FMP 447D February 2014 (1) - Direct Option-Growth Option;INF179KB1149;;12.9845;0.0000;0.0000;14-Mar-2017
127222;HDFC FMP 447D February 2014 (1) - Direct Option-Quarterly Dividend Option;INF179KB1164;;10.1793;0.0000;0.0000;14-Mar-2017
127223;HDFC FMP 447D February 2014 (1) - Regular Option-Dividend Option;INF179KB1115;;11.5874;0.0000;0.0000;14-Mar-2017
127225;HDFC FMP 447D February 2014 (1) - Regular Option-Growth Option;INF179KB1180;;12.9048;0.0000;0.0000;14-Mar-2017
127226;HDFC FMP 447D February 2014 (1) - Regular Option-Quarterly Dividend Option;INF179KB1123;;10.2394;0.0000;0.0000;14-Mar-2017
127011;HDFC FMP 453D February 2014 (1) - Direct Option-Dividend Option;INF179KA18Z3;;11.6059;0.0000;0.0000;14-Mar-2017
127012;HDFC FMP 453D February 2014 (1) - Direct Option-Growth Option;INF179KA17Z5;;13.0036;0.0000;0.0000;14-Mar-2017
127007;HDFC FMP 453D February 2014 (1) - Regular Option-Dividend Option;INF179KA14Z2;;11.5860;0.0000;0.0000;14-Mar-2017
127008;HDFC FMP 453D February 2014 (1) - Regular Option-Flexi Option;INF179KB1016;;12.9232;0.0000;0.0000;14-Mar-2017
127009;HDFC FMP 453D February 2014 (1) - Regular Option-Growth Option;INF179KB1024;;12.9232;0.0000;0.0000;14-Mar-2017
127010;HDFC FMP 453D February 2014 (1) - Regular Option-Quarterly Dividend Option;INF179KA15Z9;;10.2022;0.0000;0.0000;14-Mar-2017
126775;HDFC FMP 472D January 2014 (1) - Direct Option-Growth Option;INF179KB1933;;12.9815;0.0000;0.0000;14-Mar-2017
126778;HDFC FMP 472D January 2014 (1) - Regular Option-Flexi Option;INF179KB1966;;12.8991;0.0000;0.0000;14-Mar-2017
126779;HDFC FMP 472D January 2014 (1) - Regular Option-Growth Option;INF179KB1974;;12.8991;0.0000;0.0000;14-Mar-2017
126780;HDFC FMP 472D January 2014 (1) - Regular Option-Quarterly Dividend Option;INF179KB1917;;10.1616;0.0000;0.0000;14-Mar-2017
126622;HDFC FMP 478D January 2014 (1) - Direct Option-Flexi Option;INF179KB1AZ3;;13.0274;0.0000;0.0000;14-Mar-2017
126623;HDFC FMP 478D January 2014 (1) - Direct Option-Growth Option;INF179KB1BA4;;13.0274;0.0000;0.0000;14-Mar-2017
126620;HDFC FMP 478D January 2014 (1) - Regular Option-Dividend Option;INF179KB1AX8;;11.5599;0.0000;0.0000;14-Mar-2017
126626;HDFC FMP 478D January 2014 (1) - Regular Option-Growth Option;INF179KB1BE6;;12.9441;0.0000;0.0000;14-Mar-2017
126494;HDFC FMP 491D January 2014 (1) - Direct Option-Dividend Option;INF179KB1867;;11.5827;0.0000;0.0000;14-Mar-2017
126487;HDFC FMP 491D January 2014 (1) - Direct Option-Growth Option;INF179KB1859;;13.0640;0.0000;0.0000;14-Mar-2017
126488;HDFC FMP 491D January 2014 (1) - Direct Option-Quarterly Dividend Option;INF179KB1875;;10.2077;0.0000;0.0000;14-Mar-2017
126489;HDFC FMP 491D January 2014 (1) - Regular Option-Dividend Option;INF179KB1826;;11.5615;0.0000;0.0000;14-Mar-2017
126491;HDFC FMP 491D January 2014 (1) - Regular Option-Growth Option;INF179KB1891;;12.9789;0.0000;0.0000;14-Mar-2017
126492;HDFC FMP 491D January 2014 (1) - Regular Option-Quarterly Dividend Option;INF179KB1834;;10.2249;0.0000;0.0000;14-Mar-2017
126139;HDFC FMP 504D December 2013 (1)-Direct Option-Dividend Option;INF179KB1AA6;;11.5852;0.0000;0.0000;14-Mar-2017
126141;HDFC FMP 504D December 2013 (1)-Direct Option-Growth Option;INF179KB1784;;13.1055;0.0000;0.0000;14-Mar-2017
126142;HDFC FMP 504D December 2013 (1)-Direct Option-Quarterly Dividend Option;INF179KB1792;;10.2207;0.0000;0.0000;14-Mar-2017
126143;HDFC FMP 504D December 2013 (1)-Regular Option-Dividend Option;INF179KB1750;;11.5649;0.0000;0.0000;14-Mar-2017
126144;HDFC FMP 504D December 2013 (1)-Regular Option-Flexi Option;INF179KB1800;;13.0185;0.0000;0.0000;14-Mar-2017
126145;HDFC FMP 504D December 2013 (1)-Regular Option-Growth Option;INF179KB1818;;13.0185;0.0000;0.0000;14-Mar-2017
126146;HDFC FMP 504D December 2013 (1)-Regular Option-Quarterly Dividend Option;INF179KB1768;;10.2642;0.0000;0.0000;14-Mar-2017
125536;HDFC FMP 538D November 2013 (1) - Direct Option-Flexi Option;INF179KB1AR0;;13.1893;0.0000;0.0000;14-Mar-2017
125537;HDFC FMP 538D November 2013 (1) - Direct Option-Growth Option;INF179KB1AS8;;13.1893;0.0000;0.0000;14-Mar-2017
125539;HDFC FMP 538D November 2013 (1) - Regular Option-Dividend Option;INF179KB1AP4;;11.5467;0.0000;0.0000;14-Mar-2017
125541;HDFC FMP 538D November 2013 (1) - Regular Option-Growth Option;INF179KB1AW0;;13.0976;0.0000;0.0000;14-Mar-2017
125542;HDFC FMP 538D November 2013 (1) - Regular Option-Quarterly Dividend Option;INF179KB1AQ2;;10.2336;0.0000;0.0000;14-Mar-2017
125334;HDFC FMP 554D November 2013 (1)-Direct Option-Dividend Option;INF179KB1AL3;;11.5766;0.0000;0.0000;14-Mar-2017
125335;HDFC FMP 554D November 2013 (1)-Direct Option-Flexi Option;INF179KB1AJ7;;13.2337;0.0000;0.0000;14-Mar-2017
125336;HDFC FMP 554D November 2013 (1)-Direct Option-Growth Option;INF179KB1AK5;;13.2337;0.0000;0.0000;14-Mar-2017
125329;HDFC FMP 554D November 2013 (1)-Direct Option-Quarterly Dividend Option;INF179KB1AM1;;10.2651;0.0000;0.0000;14-Mar-2017
125330;HDFC FMP 554D November 2013 (1)-Regular Option-Dividend Option;INF179KB1AH1;;11.5557;0.0000;0.0000;14-Mar-2017
125331;HDFC FMP 554D November 2013 (1)-Regular Option-Flexi Option;INF179KB1AN9;;13.1407;0.0000;0.0000;14-Mar-2017
125332;HDFC FMP 554D November 2013 (1)-Regular Option-Growth Option;INF179KB1AO7;;13.1407;0.0000;0.0000;14-Mar-2017
125333;HDFC FMP 554D November 2013 (1)-Regular Option-Quarterly Dividend Option;INF179KB1AI9;;11.3370;0.0000;0.0000;14-Mar-2017
124981;HDFC FMP 572D October 2013 (1) - Direct Option - Dividend Option;INF179KB1552;;11.5937;0.0000;0.0000;14-Mar-2017
124987;HDFC FMP 572D October 2013 (1) - Direct Option - Flexi Option;INF179KB1537;;13.3222;0.0000;0.0000;14-Mar-2017
124988;HDFC FMP 572D October 2013 (1) - Direct Option - Growth Option;INF179KB1545;;13.3222;0.0000;0.0000;14-Mar-2017
124982;HDFC FMP 572D October 2013 (1) - Direct Option - Quarterly Dividend Option;INF179KB1560;;10.2033;0.0000;0.0000;14-Mar-2017
124983;HDFC FMP 572D October 2013 (1) - Regular Option - Dividend Option;INF179KB1511;;11.5726;0.0000;0.0000;14-Mar-2017
124984;HDFC FMP 572D October 2013 (1) - Regular Option - Flexi Option;INF179KB1578;;13.2147;0.0000;0.0000;14-Mar-2017
124985;HDFC FMP 572D October 2013 (1) - Regular Option - Growth Option;INF179KB1586;;13.2147;0.0000;0.0000;14-Mar-2017
124986;HDFC FMP 572D October 2013 (1) - Regular Option - Quarterly Dividend Option;INF179KB1529;;10.2406;0.0000;0.0000;14-Mar-2017
129475;HDFC FMP 730D APRIL 2014 (1) - Direct Option - Flexi Option;INF179KA1NJ1;;12.6859;0.0000;0.0000;14-Mar-2017
129476;HDFC FMP 730D APRIL 2014 (1) - Direct Option - Growth Option;INF179KA1NG7;;12.6859;0.0000;0.0000;14-Mar-2017
129477;HDFC FMP 730D APRIL 2014 (1) - Direct Option - Quarterly Dividend Option;INF179KA1NI3;;10.1753;0.0000;0.0000;14-Mar-2017
129474;HDFC FMP 730D APRIL 2014 (1) - Direct Option Dividend Option;INF179KA1NH5;;10.6464;0.0000;0.0000;14-Mar-2017
129478;HDFC FMP 730D APRIL 2014 (1) - Regular Option - Dividend Option;INF179KA1NL7;;10.6374;0.0000;0.0000;14-Mar-2017
129479;HDFC FMP 730D APRIL 2014 (1) - Regular Option - Growth Option;INF179KA1NK9;;12.5731;0.0000;0.0000;14-Mar-2017
129480;HDFC FMP 730D APRIL 2014 (1) - Regular Option - Quarterly Dividend Option;INF179KA1NM5;;10.1789;0.0000;0.0000;14-Mar-2017
130165;HDFC FMP 747D June 2014 (1)-Direct Option-Dividend Option;INF179KA1QH8;;10.5608;0.0000;0.0000;14-Mar-2017
130166;HDFC FMP 747D June 2014 (1)-Direct Option-Flexi Option;INF179KA1QJ4;;12.5940;0.0000;0.0000;14-Mar-2017
130163;HDFC FMP 747D June 2014 (1)-Direct Option-Growth Option;INF179KA1QG0;;12.5940;0.0000;0.0000;14-Mar-2017
130161;HDFC FMP 747D June 2014 (1)-Direct Option-Quarterly Dividend Option;INF179KA1QI6;;10.1783;0.0000;0.0000;14-Mar-2017
130167;HDFC FMP 747D June 2014 (1)-Regular Dividend-Dividend Option;INF179KA1QL0;;10.5628;0.0000;0.0000;14-Mar-2017
130162;HDFC FMP 747D June 2014 (1)-Regular Option-Flexi Option;INF179KA1QN6;;12.5073;0.0000;0.0000;14-Mar-2017
130168;HDFC FMP 747D June 2014 (1)-Regular Option-Growth Option;INF179KA1QK2;;12.5073;0.0000;0.0000;14-Mar-2017
130164;HDFC FMP 747D June 2014 (1)-Regular Option-Quarterly Dividend Option;INF179KA1QM8;;10.2190;0.0000;0.0000;14-Mar-2017
130424;HDFC FMP 750D June 2014 (1) - Direct Option - Dividend Option;INF179KA1TB5;;10.4901;0.0000;0.0000;14-Mar-2017
130425;HDFC FMP 750D June 2014 (1) - Direct Option - Growth Option;INF179KA1TA7;;12.5117;0.0000;0.0000;14-Mar-2017
130426;HDFC FMP 750D June 2014 (1) - Direct Option - Quarterly Dividend Option;INF179KA1TC3;;10.1839;0.0000;0.0000;14-Mar-2017
130422;HDFC FMP 750D June 2014 (1) - Regular Option - Dividend Option;INF179KA1TF6;;10.4837;0.0000;0.0000;14-Mar-2017
130427;HDFC FMP 750D June 2014 (1) - Regular Option - Growth Option;INF179KA1TE9;;12.4269;0.0000;0.0000;14-Mar-2017
130428;HDFC FMP 750D June 2014 (1) - Regular Option - Quarterly Dividend Option;INF179KA1TG4;;10.1860;0.0000;0.0000;14-Mar-2017
127562;HDFC FMP 793D February 2014 (1) - Direct Option-Dividend Option;INF179KB1QB0;;10.6697;0.0000;0.0000;14-Mar-2017
127556;HDFC FMP 793D February 2014 (1) - Direct Option-Flexi Option;INF179KB1PZ1;;13.2851;0.0000;0.0000;14-Mar-2017
127557;HDFC FMP 793D February 2014 (1) - Direct Option-Growth Option;INF179KB1QA2;;13.2851;0.0000;0.0000;14-Mar-2017
127559;HDFC FMP 793D February 2014 (1) - Regular Option-Dividend Option;INF179KB1PX6;;10.6554;0.0000;0.0000;14-Mar-2017
127563;HDFC FMP 793D February 2014 (1) - Regular Option-Flexi Option;INF179KB1QD6;;13.2239;0.0000;0.0000;14-Mar-2017
127560;HDFC FMP 793D February 2014 (1) - Regular Option-Growth Option;INF179KB1QE4;;13.2239;0.0000;0.0000;14-Mar-2017
126994;HDFC FMP 840D January 2014 (1) - Direct Option-Dividend Option;INF179KA1BG2;;10.6054;0.0000;0.0000;14-Mar-2017
126989;HDFC FMP 840D January 2014 (1) - Direct Option-Growth Option;INF179KA1BF4;;13.1549;0.0000;0.0000;14-Mar-2017
126990;HDFC FMP 840D January 2014 (1) - Direct Option-Quarterly Dividend Option;INF179KA1BH0;;10.1765;0.0000;0.0000;14-Mar-2017
126992;HDFC FMP 840D January 2014 (1) - Regular Option-Dividend Option;INF179KA1BK4;;10.5969;0.0000;0.0000;14-Mar-2017
126991;HDFC FMP 840D January 2014 (1) - Regular Option-Growth Option;INF179KA1BJ6;;13.0390;0.0000;0.0000;14-Mar-2017
126995;HDFC FMP 840D January 2014 (1) - Regular Option-Quarterly Dividend Option;INF179KA1BL2;;10.1779;0.0000;0.0000;14-Mar-2017
125452;HDFC FMP 923D November 2013 (1) - Direct Option-Dividend Option;INF179K019V8;;10.5955;0.0000;0.0000;14-Mar-2017
125453;HDFC FMP 923D November 2013 (1) - Direct Option-Flexi Option;INF179K011W3;;13.2334;0.0000;0.0000;14-Mar-2017
125454;HDFC FMP 923D November 2013 (1) - Direct Option-Growth Option;INF179K018V0;;13.2334;0.0000;0.0000;14-Mar-2017
125455;HDFC FMP 923D November 2013 (1) - Direct Option-Quarterly Dividend Option;INF179K010W5;;10.2297;0.0000;0.0000;14-Mar-2017
125457;HDFC FMP 923D November 2013 (1) - Regular Option-Dividend Option;INF179K013W9;;10.5871;0.0000;0.0000;14-Mar-2017
125459;HDFC FMP 923D November 2013 (1) - Regular Option-Growth Option;INF179K012W1;;13.1099;0.0000;0.0000;14-Mar-2017
125456;HDFC FMP 923D November 2013 (1) - Regular Option-Quarterly Dividend Option;INF179K014W7;;10.3001;0.0000;0.0000;14-Mar-2017

HSBC Mutual Fund
134184;HSBC Capital Protection Oriented Fund - Series II - Plan I - Dividend;INF336L01JY7;;10.8964;10.8964;10.8964;14-Mar-2017
134263;HSBC Capital Protection Oriented Fund - Series II - Plan I - Growth;INF336L01JX9;;10.8964;10.8964;10.8964;14-Mar-2017
134463;HSBC Capital Protection Oriented Fund - Series II - Plan II - Dividend;INF336L01KC1;;10.736;10.736;10.736;14-Mar-2017
134462;HSBC Capital Protection Oriented Fund - Series II - Plan II - Growth;INF336L01KB3;;10.736;10.736;10.736;14-Mar-2017
127188;HSBC Fixed Term Series 105 - Direct Plan Growth Option;INF336L01HK0;;12.9234;12.9234;12.9234;14-Mar-2017
127187;HSBC Fixed Term Series 105 - Dividend Option;INF336L01HJ2;;11.5501;11.5501;11.5501;14-Mar-2017
127185;HSBC Fixed Term Series 105 - Growth Option;INF336L01HI4;;12.7793;12.7793;12.7793;14-Mar-2017
128247;HSBC Fixed Term Series 107 - Direct Plan Growth Option;INF336L01HQ7;;12.8337;12.8337;12.8337;14-Mar-2017
128246;HSBC Fixed Term Series 107 - Dividend Option;INF336L01HT1;;11.5473;11.5473;11.5473;14-Mar-2017
128245;HSBC Fixed Term Series 107 - Growth Option;INF336L01HS3;;12.6944;12.6944;12.6944;14-Mar-2017
128854;HSBC Fixed Term Series 109 - Direct Plan Growth Option;INF336L01HU9;;12.7302;12.7302;12.7302;14-Mar-2017
128853;HSBC Fixed Term Series 109 - Dividend Option;INF336L01HX3;;11.5446;11.5446;11.5446;14-Mar-2017
128852;HSBC Fixed Term Series 109 - Growth Option;INF336L01HW5;;12.5998;12.5998;12.5998;14-Mar-2017
139091;HSBC Fixed Term Series 125 - Direct Plan Growth Option;INF336L01KX7;;10.8893;10.8893;10.8893;14-Mar-2017
139092;HSBC Fixed Term Series 125 - Dividend Option;INF336L01LA3;;10.854;10.854;10.854;14-Mar-2017
139093;HSBC Fixed Term Series 125 - Growth Option;INF336L01KZ2;;10.854;10.854;10.854;14-Mar-2017
139365;HSBC Fixed Term Series 126 - Direct Plan Growth Option;INF336L01LB1;;10.7314;10.7314;10.7314;14-Mar-2017
139366;HSBC Fixed Term Series 126 - Dividend Option;INF336L01LE5;;10.7016;10.7016;10.7016;14-Mar-2017
139363;HSBC Fixed Term Series 126 - Growth Option;INF336L01LD7;;10.7016;10.7016;10.7016;14-Mar-2017
123716;HSBC Fixed Term Series 94-Growth;NF336L01FZ2;;13.52;13.52;13.52;14-Mar-2017
123717;HSBC Fixed Term Series 94-Growth Direct;INF336L01FX7;;13.5931;13.5931;13.5931;14-Mar-2017
124013;HSBC Fixed Term Series 96 - Direct Plan Growth Option;INF336L01GF2;;13.6296;13.6296;13.6296;14-Mar-2017
124012;HSBC Fixed Term Series 96 - Growth Option;INF336L01GH8;;13.4425;13.4425;13.4425;14-Mar-2017
124996;HSBC Fixed Term Series 98 - Growth Option;INF336L01GL0;;13.0943;13.0943;13.0943;14-Mar-2017

ICICI Prudential Mutual Fund
130181;ICICI Prudential Capital Protection Oriented Fund Series VI -1100 Days Plan B Cumulative Option;INF109KA1XD8;;12.2346;N.A.;N.A.;14-Mar-2017
130183;ICICI Prudential Capital Protection Oriented Fund Series VI- 1100 Days Plan B Direct Plan Cumulative option;INF109KA1XF3;;12.6977;N.A.;N.A.;14-Mar-2017
130182;ICICI Prudential Capital Protection Oriented Fund Series VI- 1100 Days Plan B Direct Plan Dividend Option;INF109KA1XG1;;12.6976;N.A.;N.A.;14-Mar-2017
130184;ICICI Prudential Capital Protection Oriented Fund Series VI- 1100 Days Plan B Dividend Option;INF109KA1XE6;;12.2346;N.A.;N.A.;14-Mar-2017
130333;ICICI Prudential Capital Protection Oriented Fund - Series VI - 1100 Days Plan D Direct Plan Cumulative Option;INF109KA1XX6;;12.6728;N.A.;N.A.;14-Mar-2017
130335;ICICI Prudential Capital Protection Oriented Fund - Series VI - 1100 Days Plan D Direct Plan Dividend Option;INF109KA1XY4;;12.6728;N.A.;N.A.;14-Mar-2017
130334;ICICI Prudential Capital Protection Oriented Fund - Series VI - 1100 Days Plan D Dividend Option;INF109KA1XW8;;12.2195;N.A.;N.A.;14-Mar-2017
130336;ICICI Prudential Capital Protection Oriented Fund - Series VI -1100 Days Plan D Cumulative Option;INF109KA1XV0;;12.2195;N.A.;N.A.;14-Mar-2017
130642;ICICI Prudential Capital Protection Oriented Fund - Series VI - 1100 Days Plan E Cumulative Option;INF109KA1YZ9;;12.1286;N.A.;N.A.;14-Mar-2017
130641;ICICI Prudential Capital Protection Oriented Fund - Series VI - 1100 Days Plan E Direct Plan Cumulative Option;INF109KA1ZB7;;12.5778;N.A.;N.A.;14-Mar-2017
130643;ICICI Prudential Capital Protection Oriented Fund - Series VI - 1100 Days Plan E Dividend Option;INF109KA1ZA9;;12.1286;N.A.;N.A.;14-Mar-2017
130837;ICICI Prudential Capital Protection Oriented Fund - Series VI - 1100 Days Plan F Cumulative Option;INF109KA1A66;;12.0358;N.A.;N.A.;14-Mar-2017
130834;ICICI Prudential Capital Protection Oriented Fund - Series VI - 1100 Days Plan F Direct Plan Cumulative Option;INF109KA1A82;;12.4768;N.A.;N.A.;14-Mar-2017
130835;ICICI Prudential Capital Protection Oriented Fund - Series VI - 1100 Days Plan F Direct Plan Dividend Option;INF109KA1A90;;12.4768;N.A.;N.A.;14-Mar-2017
130836;ICICI Prudential Capital Protection Oriented Fund - Series VI - 1100 Days Plan F Dividend Option;INF109KA1A74;;12.0358;N.A.;N.A.;14-Mar-2017
130872;ICICI Prudential Capital Protection Oriented Fund - Series VI - 1100 Days Plan G Cumulative Option;INF109KA1B08;;11.9422;N.A.;N.A.;14-Mar-2017
130870;ICICI Prudential Capital Protection Oriented Fund - Series VI - 1100 Days Plan G Direct Plan Cumulative Option;INF109KA1B24;;12.3731;N.A.;N.A.;14-Mar-2017
130871;ICICI Prudential Capital Protection Oriented Fund - Series VI - 1100 Days Plan G Direct Plan Dividend Option;INF109KA1B32;;12.3731;N.A.;N.A.;14-Mar-2017
130873;ICICI Prudential Capital Protection Oriented Fund - Series VI - 1100 Days Plan G Dividend Option;INF109KA1B16;;11.9422;N.A.;N.A.;14-Mar-2017
131176;ICICI Prudential Capital Protection Oriented Fund - Series VI - 1100 Days Plan H Cumulative Option;INF109KA1Q01;;11.9779;N.A.;N.A.;14-Mar-2017
131175;ICICI Prudential Capital Protection Oriented Fund - Series VI - 1100 Days Plan H Direct Plan Cumulative Option;INF109KA1Q27;;12.3998;N.A.;N.A.;14-Mar-2017
131177;ICICI Prudential Capital Protection Oriented Fund - Series VI - 1100 Days Plan H Direct Plan Dividend Option;INF109KA1Q35;;12.3998;N.A.;N.A.;14-Mar-2017
131178;ICICI Prudential Capital Protection Oriented Fund - Series VI - 1100 Days Plan H Dividend Option;INF109KA1Q19;;11.9779;N.A.;N.A.;14-Mar-2017
133218;ICICI Prudential Capital Protection Oriented Fund - Series VII - 1284 Days Plan C Cumulative Option;INF109KA18M8;;11.5756;N.A.;N.A.;14-Mar-2017
133216;ICICI Prudential Capital Protection Oriented Fund - Series VII - 1284 Days Plan C Direct Plan Cumulative Option;INF109KA10N3;;11.9139;N.A.;N.A.;14-Mar-2017
133217;ICICI Prudential Capital Protection Oriented Fund - Series VII - 1284 Days Plan C Direct Plan Dividend Option;INF109KA11N1;;11.9139;N.A.;N.A.;14-Mar-2017
133219;ICICI Prudential Capital Protection Oriented Fund - Series VII - 1284 Days Plan C Dividend Option;INF109KA19M6;;11.5756;N.A.;N.A.;14-Mar-2017
133382;ICICI Prudential Capital Protection Oriented Fund - Series VII - 1284 Days Plan E Cumulative Option;INF109KA14P0;;11.2388;N.A.;N.A.;14-Mar-2017
133379;ICICI Prudential Capital Protection Oriented Fund - Series VII - 1284 Days Plan E Direct Plan Cumulative Option;INF109KA16P5;;11.5209;N.A.;N.A.;14-Mar-2017
133380;ICICI Prudential Capital Protection Oriented Fund - Series VII - 1284 Days Plan E Direct Plan Dividend Option;INF109KA17P3;;11.5209;N.A.;N.A.;14-Mar-2017
133381;ICICI Prudential Capital Protection Oriented Fund - Series VII - 1284 Days Plan E Dividend Option;INF109KA15P7;;11.2388;N.A.;N.A.;14-Mar-2017
131455;ICICI Prudential Capital Protection Oriented Fund - Series VII - 1285 Days Plan A Cumulative Option;INF109KA1W29;;12.0077;N.A.;N.A.;14-Mar-2017
131454;ICICI Prudential Capital Protection Oriented Fund - Series VII - 1285 Days Plan A Direct Plan Cumulative Option;INF109KA1W45;;12.3609;N.A.;N.A.;14-Mar-2017
131457;ICICI Prudential Capital Protection Oriented Fund - Series VII - 1285 Days Plan A Direct Plan Dividend Option;INF109KA1W52;;12.3609;N.A.;N.A.;14-Mar-2017
131456;ICICI Prudential Capital Protection Oriented Fund - Series VII - 1285 Days Plan A Dividend Option;INF109KA1W37;;12.0077;N.A.;N.A.;14-Mar-2017
132877;ICICI Prudential Capital Protection Oriented Fund - Series VII - 1285 Days Plan B Cumulative Option;INF109KA14E4;;11.7371;N.A.;N.A.;14-Mar-2017
132875;ICICI Prudential Capital Protection Oriented Fund - Series VII - 1285 Days Plan B Direct Plan Cumulative Option;INF109KA16E9;;12.0940;N.A.;N.A.;14-Mar-2017
132876;ICICI Prudential Capital Protection Oriented Fund - Series VII - 1285 Days Plan B Direct Plan Dividend Option;INF109KA17E7;;12.0940;N.A.;N.A.;14-Mar-2017
132878;ICICI Prudential Capital Protection Oriented Fund - Series VII - 1285 Days Plan B Dividend Option;INF109KA15E1;;11.7371;N.A.;N.A.;14-Mar-2017
133438;ICICI Prudential Capital Protection Oriented Fund - Series VII - 1288 Days Plan F Cumulative Option;INF109KA18Q9;;11.2656;N.A.;N.A.;14-Mar-2017
133436;ICICI Prudential Capital Protection Oriented Fund - Series VII - 1288 Days Plan F Direct Plan Cumulative Option;INF109KA10R4;;11.5731;N.A.;N.A.;14-Mar-2017
133435;ICICI Prudential Capital Protection Oriented Fund - Series VII - 1288 Days Plan F Dividend Option;INF109KA19Q7;;11.2656;N.A.;N.A.;14-Mar-2017
134717;ICICI Prudential Capital Protection Oriented Fund - Series VIII -1101 Days Plan D Cumulative Option;INF109KB1GZ5;;11.1926;N.A.;N.A.;14-Mar-2017
134716;ICICI Prudential Capital Protection Oriented Fund - Series VIII -1101 Days Plan D Direct Plan Cumulative Option;INF109KB1GX0;;11.4242;N.A.;N.A.;14-Mar-2017
134718;ICICI Prudential Capital Protection Oriented Fund - Series VIII -1101 Days Plan D Direct Plan Dividend Option;INF109KB1GY8;;11.4242;N.A.;N.A.;14-Mar-2017
134719;ICICI Prudential Capital Protection Oriented Fund - Series VIII -1101 Days Plan D Dividend Option;INF109KB1HA6;;11.1926;N.A.;N.A.;14-Mar-2017
135108;ICICI Prudential Capital Protection Oriented Fund - Series VIII - 1101 Days Plan G Cumulative Option;INF109KB1KN3;;11.0402;N.A.;N.A.;14-Mar-2017
135109;ICICI Prudential Capital Protection Oriented Fund - Series VIII - 1101 Days Plan G Direct Plan Cumulative Option;INF109KB1KP8;;11.3294;N.A.;N.A.;14-Mar-2017
135110;ICICI Prudential Capital Protection Oriented Fund - Series VIII - 1101 Days Plan G Dividend Option;INF109KB1KO1;;11.0402;N.A.;N.A.;14-Mar-2017
134347;ICICI Prudential Capital Protection Oriented Fund - Series VIII - 1103 Days Plan B Cumulative Option;INF109KB1AT1;;11.2824;N.A.;N.A.;14-Mar-2017
134348;ICICI Prudential Capital Protection Oriented Fund - Series VIII - 1103 Days Plan B Direct Plan Cumulative Option;INF109KB1AV7;;11.5773;N.A.;N.A.;14-Mar-2017
134350;ICICI Prudential Capital Protection Oriented Fund - Series VIII - 1103 Days Plan B Direct Plan Dividend Option;INF109KB1AW5;;11.5773;N.A.;N.A.;14-Mar-2017
134349;ICICI Prudential Capital Protection Oriented Fund - Series VIII - 1103 Days Plan B Dividend Option;INF109KB1AU9;;11.2824;N.A.;N.A.;14-Mar-2017
134544;ICICI Prudential Capital Protection Oriented Fund - Series VIII - 1103 Days Plan C Cumulative Option;INF109KB1DB3;;11.0921;N.A.;N.A.;14-Mar-2017
134541;ICICI Prudential Capital Protection Oriented Fund - Series VIII - 1103 Days Plan C Direct Plan Cumulative Option;INF109KB1DD9;;11.3862;N.A.;N.A.;14-Mar-2017
134543;ICICI Prudential Capital Protection Oriented Fund - Series VIII - 1103 Days Plan C Direct Plan Dividend Option;INF109KB1DE7;;11.3862;N.A.;N.A.;14-Mar-2017
134542;ICICI Prudential Capital Protection Oriented Fund - Series VIII - 1103 Days Plan C Dividend Option;INF109KB1DC1;;11.0921;N.A.;N.A.;14-Mar-2017
134845;ICICI Prudential Capital Protection Oriented Fund - Series VIII -1107 Days Plan E Cumulative Option;INF109KB1HZ3;;11.1609;N.A.;N.A.;14-Mar-2017
134844;ICICI Prudential Capital Protection Oriented Fund - Series VIII -1107 Days Plan E Direct Plan Cumulative Option;INF109KB1IB2;;11.4769;N.A.;N.A.;14-Mar-2017
134842;ICICI Prudential Capital Protection Oriented Fund - Series VIII -1107 Days Plan E Direct Plan Dividend Option;INF109KB1IC0;;11.4769;N.A.;N.A.;14-Mar-2017
134843;ICICI Prudential Capital Protection Oriented Fund - Series VIII -1107 Days Plan E Dividend Option;INF109KB1IA4;;11.1609;N.A.;N.A.;14-Mar-2017
134942;ICICI Prudential Capital Protection Oriented Fund - Series VIII - 1115 Days Plan F Cumulative Option;INF109KB1IX6;;11.1491;N.A.;N.A.;14-Mar-2017
134945;ICICI Prudential Capital Protection Oriented Fund - Series VIII - 1115 Days Plan F Direct Plan Cumulative Option;INF109KB1IZ1;;11.3805;N.A.;N.A.;14-Mar-2017
134943;ICICI Prudential Capital Protection Oriented Fund - Series VIII - 1115 Days Plan F Direct Plan Dividend Option;INF109KB1JA2;;11.3805;N.A.;N.A.;14-Mar-2017
134944;ICICI Prudential Capital Protection Oriented Fund - Series VIII - 1115 Days Plan F Dividend Option;INF109KB1IY4;;11.1491;N.A.;N.A.;14-Mar-2017
139368;ICICI Prudential Capital Protection Oriented Fund - Series X - 1235 Days Plan A Cumulative Option;INF109KB1VP5;;10.7748;N.A.;N.A.;14-Mar-2017
139371;ICICI Prudential Capital Protection Oriented Fund - Series X - 1235 Days Plan A Direct Plan Cumulative Option;INF109KB1VR1;;10.9284;N.A.;N.A.;14-Mar-2017
139370;ICICI Prudential Capital Protection Oriented Fund - Series X - 1235 Days Plan A Direct Plan Dividend Option;INF109KB1VS9;;10.9284;N.A.;N.A.;14-Mar-2017
139369;ICICI Prudential Capital Protection Oriented Fund - Series X - 1235 Days Plan A Dividend Option;INF109KB1VQ3;;10.7748;N.A.;N.A.;14-Mar-2017
139470;ICICI Prudential Capital Protection Oriented Fund - Series X - 1375 Days Plan B Cumulative Plan;INF109KB1WZ2;;10.5402;N.A.;N.A.;14-Mar-2017
139471;ICICI Prudential Capital Protection Oriented Fund - Series X - 1375 Days Plan B Direct Plan Cumulative Plan;INF109KB1XB1;;10.6576;N.A.;N.A.;14-Mar-2017
139473;ICICI Prudential Capital Protection Oriented Fund - Series X - 1375 Days Plan B Direct Plan Dividend Option;INF109KB1XC9;;10.6576;N.A.;N.A.;14-Mar-2017
139472;ICICI Prudential Capital Protection Oriented Fund - Series X - 1375 Days Plan B Dividend Plan;INF109KB1XA3;;10.5402;N.A.;N.A.;14-Mar-2017
140143;ICICI Prudential Capital Protection Oriented Fund - Series XI - Plan A 2056 Days - Cumulative Option;INF109KB1K88;;10.2285;N.A.;N.A.;14-Mar-2017
140142;ICICI Prudential Capital Protection Oriented Fund - Series XI - Plan A 2056 Days - Direct Plan - Cumulative Option;INF109KB1L04;;10.2692;N.A.;N.A.;14-Mar-2017
140141;ICICI Prudential Capital Protection Oriented Fund - Series XI - Plan A 2056 Days - Direct Plan - IDCW Option;INF109KB1L12;;10.2692;N.A.;N.A.;14-Mar-2017
140140;ICICI Prudential Capital Protection Oriented Fund - Series XI - Plan A 2056 Days - IDCW Option;INF109KB1K96;;10.2285;N.A.;N.A.;14-Mar-2017
140363;ICICI Prudential Capital Protection Oriented Fund - Series XI - Plan B 1222 Days - Cumulative Option;INF109KB1L46;;10.1681;N.A.;N.A.;14-Mar-2017
140366;ICICI Prudential Capital Protection Oriented Fund - Series XI - Plan B 1222 Days - Direct Plan - Cumulative Option;INF109KB1L61;;10.2034;N.A.;N.A.;14-Mar-2017
140365;ICICI Prudential Capital Protection Oriented Fund - Series XI - Plan B 1222 Days - Direct Plan - Dividend Option;INF109KB1L79;;10.2034;N.A.;N.A.;14-Mar-2017
140364;ICICI Prudential Capital Protection Oriented Fund - Series XI - Plan B 1222 Days - Dividend Option;INF109KB1L53;;10.1681;N.A.;N.A.;14-Mar-2017
140645;ICICI Prudential Capital Protection Oriented Fund - Series XI - Plan C 1255 Days - Cumulative Option;INF109KB1Q25;;9.9969;N.A.;N.A.;14-Mar-2017
140646;ICICI Prudential Capital Protection Oriented Fund - Series XI - Plan C 1255 Days - Direct Plan - Cumulative Option;INF109KB1Q41;;10.0028;N.A.;N.A.;14-Mar-2017
140648;ICICI Prudential Capital Protection Oriented Fund - Series XI - Plan C 1255 Days - Direct Plan - Dividend Option;INF109KB1Q58;;10.0028;N.A.;N.A.;14-Mar-2017
140647;ICICI Prudential Capital Protection Oriented Fund - Series XI - Plan C 1255 Days - Dividend Option;INF109KB1Q33;;9.9969;19.9938;N.A.;14-Mar-2017
140649;ICICI Prudential Capital Protection Oriented Fund - Series XI - Plan D 1247 Days - Cumulative Option;INF109KB1R08;;10.0051;N.A.;N.A.;14-Mar-2017
140650;ICICI Prudential Capital Protection Oriented Fund - Series XI - Plan D 1247 Days - Direct Plan -  Cumulative Option;INF109KB1R24;;10.0078;N.A.;N.A.;14-Mar-2017
140652;ICICI Prudential Capital Protection Oriented Fund - Series XI - Plan D 1247 Days - Direct Plan -  Dividend Option;INF109KB1R32;;10.0078;N.A.;N.A.;14-Mar-2017
140651;ICICI Prudential Capital Protection Oriented Fund - Series XI - Plan D 1247 Days - Dividend Option;INF109KB1R16;;10.0051;N.A.;N.A.;14-Mar-2017
118007;ICICI Prudential Capital Protection Oriented Fund III - PLAN B - 60 Months - Cumulative;INF109K01G41;;15.5757;N.A.;N.A.;14-Mar-2017
118008;ICICI Prudential Capital Protection Oriented Fund III - PLAN B - 60 Months - Dividend;INF109K01G58;;15.5757;N.A.;N.A.;14-Mar-2017
120813;ICICI Prudential Capital Protection Oriented Fund III - PLAN E - 60 Months - Cumulative;INF109K01K03;;15.3832;N.A.;N.A.;14-Mar-2017
120814;ICICI Prudential Capital Protection Oriented Fund III - PLAN E - 60 Months - Direct Plan - Cumulative;INF109K01K29;;16.1243;N.A.;N.A.;14-Mar-2017
120815;ICICI Prudential Capital Protection Oriented Fund III - PLAN E - 60 Months - Direct Plan - Dividend;INF109K01K37;;16.1243;N.A.;N.A.;14-Mar-2017
120812;ICICI Prudential Capital Protection Oriented Fund III - PLAN E - 60 Months - Dividend;INF109K01K11;;15.3832;N.A.;N.A.;14-Mar-2017
121145;ICICI Prudential Capital Protection Oriented Fund III - PLAN G - 60 Months - Cumulative;INF109K017I4;;15.2289;N.A.;N.A.;14-Mar-2017
121144;ICICI Prudential Capital Protection Oriented Fund III - PLAN G - 60 Months - Direct Plan - Cumulative;INF109K019I0;;15.9031;N.A.;N.A.;14-Mar-2017
121143;ICICI Prudential Capital Protection Oriented Fund III - PLAN G - 60 Months - Dividend;INF109K018I2;;15.2289;N.A.;N.A.;14-Mar-2017
121795;ICICI Prudential Capital Protection Oriented Fund III - PLAN H - 60 Months - Cumulative;INF109K013V6;;15.1748;N.A.;N.A.;14-Mar-2017
121794;ICICI Prudential Capital Protection Oriented Fund III - PLAN H - 60 Months - Direct Plan - Cumulative;INF109K015V1;;15.8083;N.A.;N.A.;14-Mar-2017
121793;ICICI Prudential Capital Protection Oriented Fund III - PLAN H - 60 Months - Direct Plan - Dividend;INF109K016V9;;15.8083;N.A.;N.A.;14-Mar-2017
121796;ICICI Prudential Capital Protection Oriented Fund III - PLAN H - 60 Months - Dividend;INF109K014V4;;15.1748;N.A.;N.A.;14-Mar-2017
122956;ICICI Prudential Capital Protection Oriented Fund IV - PLAN A - 60 Months - Cumulative;INF109KA1863;;15.4767;N.A.;N.A.;14-Mar-2017
122954;ICICI Prudential Capital Protection Oriented Fund IV - PLAN A - 60 Months - Direct Plan - Cumulative;INF109KA1848;;16.0561;N.A.;N.A.;14-Mar-2017
122957;ICICI Prudential Capital Protection Oriented Fund IV - PLAN A - 60 Months - Dividend;INF109KA1871;;15.4767;N.A.;N.A.;14-Mar-2017
123561;ICICI Prudential Capital Protection Oriented Fund IV - PLAN C - 60 Months - Cumulative;INF109KA1BR4;;15.1443;N.A.;N.A.;14-Mar-2017
123559;ICICI Prudential Capital Protection Oriented Fund IV - PLAN C - 60 Months - Direct Plan - Cumulative;INF109KA1BP8;;15.7176;N.A.;N.A.;14-Mar-2017
123560;ICICI Prudential Capital Protection Oriented Fund IV - PLAN C - 60 Months - Direct Plan - Dividend;INF109KA1BQ6;;15.7176;N.A.;N.A.;14-Mar-2017
123562;ICICI Prudential Capital Protection Oriented Fund IV - PLAN C - 60 Months - Dividend;INF109KA1BS2;;15.1443;N.A.;N.A.;14-Mar-2017
124468;ICICI Prudential Capital Protection Oriented Fund IV - PLAN D - 60 Months - Cumulative;INF109KA1EF3;;14.6947;N.A.;N.A.;14-Mar-2017
124467;ICICI Prudential Capital Protection Oriented Fund IV - PLAN D - 60 Months - Direct Plan - Cumulative;INF109KA1ED8;;15.3870;N.A.;N.A.;14-Mar-2017
124469;ICICI Prudential Capital Protection Oriented Fund IV - PLAN D - 60 Months - Direct Plan - Dividend;INF109KA1EE6;;15.3870;N.A.;N.A.;14-Mar-2017
124470;ICICI Prudential Capital Protection Oriented Fund IV - PLAN D - 60 Months - Dividend;INF109KA1EG1;;14.6947;N.A.;N.A.;14-Mar-2017
125186;ICICI Prudential Capital Protection Oriented Fund IV - PLAN F - 60 Months - Cumulative;INF109KA1GN2;;14.6758;N.A.;N.A.;14-Mar-2017
125184;ICICI Prudential Capital Protection Oriented Fund IV - PLAN F - 60 Months - Direct Plan - Cumulative;INF109KA1GP7;;15.2668;N.A.;N.A.;14-Mar-2017
125185;ICICI Prudential Capital Protection Oriented Fund IV - PLAN F - 60 Months - Direct Plan - Dividend;INF109KA1GQ5;;15.2668;N.A.;N.A.;14-Mar-2017
125187;ICICI Prudential Capital Protection Oriented Fund IV - PLAN F - 60 Months - Dividend;INF109KA1GO0;;14.6758;N.A.;N.A.;14-Mar-2017
125576;ICICI Prudential Capital Protection Oriented Fund IV - PLAN G - 60 Months plan - Cumulative;INF109KA1HR1;;14.4969;N.A.;N.A.;14-Mar-2017
125577;ICICI Prudential Capital Protection Oriented Fund IV - PLAN G - 60 Months Plan - Direct Plan - Cumulative;INF109KA1HT7;;15.0464;N.A.;N.A.;14-Mar-2017
125578;ICICI Prudential Capital Protection Oriented Fund IV - PLAN G - 60 Months Plan - Direct Plan - Dividend;INF109KA1HU5;;15.0464;N.A.;N.A.;14-Mar-2017
125575;ICICI Prudential Capital Protection Oriented Fund IV - PLAN G - 60 Months Plan - Dividend;INF109KA1HS9;;14.4969;N.A.;N.A.;14-Mar-2017
135494;ICICI Prudential Capital Protection Oriented Fund - Series IX - 1101 Days Plan A Cumulative Option;INF109KB1NT4;;11.0041;N.A.;N.A.;14-Mar-2017
135495;ICICI Prudential Capital Protection Oriented Fund - Series IX - 1101 Days Plan A Direct Plan Cumulative Option;INF109KB1NV0;;11.2281;N.A.;N.A.;14-Mar-2017
135493;ICICI Prudential Capital Protection Oriented Fund - Series IX - 1101 Days Plan A Direct Plan Dividend Option;INF109KB1NW8;;11.2281;N.A.;N.A.;14-Mar-2017
135496;ICICI Prudential Capital Protection Oriented Fund - Series IX - 1101 Days Plan A Dividend Option;INF109KB1NU2;;11.0041;N.A.;N.A.;14-Mar-2017
135545;ICICI Prudential Capital Protection Oriented Fund - Series IX -1103 Days Plan B Cumulative Option;INF109KB1OB0;;10.9143;N.A.;N.A.;14-Mar-2017
135546;ICICI Prudential Capital Protection Oriented Fund - Series IX -1103 Days Plan B Direct Plan Cumulative Option;INF109KB1OD6;;11.1293;N.A.;N.A.;14-Mar-2017
135543;ICICI Prudential Capital Protection Oriented Fund - Series IX -1103 Days Plan B Direct Plan Dividend Option;INF109KB1OE4;;11.1293;N.A.;N.A.;14-Mar-2017
135544;ICICI Prudential Capital Protection Oriented Fund - Series IX -1103 Days Plan B Dividend Option;INF109KB1OC8;;10.9143;N.A.;N.A.;14-Mar-2017
135851;ICICI Prudential Capital Protection Oriented Fund - Series IX - 1195 Days Plan C Cumulative Option;INF109KB1OV8;;10.9735;N.A.;N.A.;14-Mar-2017
135849;ICICI Prudential Capital Protection Oriented Fund - Series IX - 1195 Days Plan C Direct Plan Cumulative Option;INF109KB1OX4;;11.1611;N.A.;N.A.;14-Mar-2017
135850;ICICI Prudential Capital Protection Oriented Fund - Series IX - 1195 Days Plan C Direct Plan Dividend Option;INF109KB1OY2;;11.1611;N.A.;N.A.;14-Mar-2017
135852;ICICI Prudential Capital Protection Oriented Fund - Series IX - 1195 Days Plan C Dividend Option;INF109KB1OW6;;10.9735;N.A.;N.A.;14-Mar-2017
135974;ICICI Prudential Capital Protection Oriented Fund - Series IX - 1378 Days Plan D Cumulative Option;INF109KB1PP7;;11.1362;N.A.;N.A.;14-Mar-2017
135972;ICICI Prudential Capital Protection Oriented Fund - Series IX - 1378 Days Plan D Direct Plan Cumulative Option;INF109KB1PR3;;11.3358;N.A.;N.A.;14-Mar-2017
135973;ICICI Prudential Capital Protection Oriented Fund - Series IX - 1378 Days Plan D Direct Plan Dividend Option;INF109KB1PS1;;11.3356;N.A.;N.A.;14-Mar-2017
135975;ICICI Prudential Capital Protection Oriented Fund - Series IX - 1378 Days Plan D Dividend Option;INF109KB1PQ5;;11.1362;N.A.;N.A.;14-Mar-2017
136372;ICICI Prudential Capital Protection Oriented Fund - Series IX - 1325 Days Plan E Cumulative Option;INF109KB1SN6;;11.0204;N.A.;N.A.;14-Mar-2017
136370;ICICI Prudential Capital Protection Oriented Fund - Series IX - 1325 Days Plan E Direct Plan Cumulative Option;INF109KB1SP1;;11.1966;N.A.;N.A.;14-Mar-2017
136373;ICICI Prudential Capital Protection Oriented Fund - Series IX - 1325 Days Plan E Direct Plan Dividend Option;INF109KB1SQ9;;11.1964;N.A.;N.A.;14-Mar-2017
136371;ICICI Prudential Capital Protection Oriented Fund - Series IX - 1325 Days Plan E Dividend Option;INF109KB1SO4;;11.0204;N.A.;N.A.;14-Mar-2017
139119;ICICI Prudential Capital Protection Oriented Fund - Series IX - 1120 Days Plan F Cumulative Option;INF109KB1TH6;;10.8105;N.A.;N.A.;14-Mar-2017
139117;ICICI Prudential Capital Protection Oriented Fund - Series IX - 1120 Days Plan F Direct Plan Cumulative Option;INF109KB1TJ2;;10.9760;N.A.;N.A.;14-Mar-2017
139116;ICICI Prudential Capital Protection Oriented Fund - Series IX - 1120 Days Plan F Dividend Option;INF109KB1TI4;;10.8105;N.A.;N.A.;14-Mar-2017
126232;ICICI Prudential Capital Protection Oriented Fund V - PLAN A - 5 Years Plan - Cumulative;INF109KA1KD5;;14.1248;N.A.;N.A.;14-Mar-2017
126231;ICICI Prudential Capital Protection Oriented Fund V - PLAN A - 5 Years Plan - Direct Plan - Cumulative;INF109KA1KF0;;14.6562;N.A.;N.A.;14-Mar-2017
126234;ICICI Prudential Capital Protection Oriented Fund V - PLAN A - 5 Years Plan - Direct Plan - Dividend;INF109KA1KG8;;14.6562;N.A.;N.A.;14-Mar-2017
126233;ICICI Prudential Capital Protection Oriented Fund V - PLAN A - 5 Years Plan - Dividend;INF109KA1KE3;;14.1248;N.A.;N.A.;14-Mar-2017
126905;ICICI Prudential Capital Protection Oriented Fund V - PLAN C - 1825 Days - Cumulative;INF109KA1MN0;;14.1639;N.A.;N.A.;14-Mar-2017
126904;ICICI Prudential Capital Protection Oriented Fund V - PLAN C - 1825 Days - Direct Plan - Cumulative;INF109KA1ML4;;14.7085;N.A.;N.A.;14-Mar-2017
126902;ICICI Prudential Capital Protection Oriented Fund V - PLAN C - 1825 Days - Direct Plan - Dividend;INF109KA1MM2;;14.7085;N.A.;N.A.;14-Mar-2017
126903;ICICI Prudential Capital Protection Oriented Fund V - PLAN C - 1825 Days - Dividend;INF109KA1MO8;;14.1639;N.A.;N.A.;14-Mar-2017
128210;ICICI Prudential Capital Protection Oriented Fund V - PLAN D - 1100 Days - Cumulative;INF109KA1QF7;;13.1371;N.A.;N.A.;14-Mar-2017
128212;ICICI Prudential Capital Protection Oriented Fund V - PLAN D - 1100 Days - Direct Plan - Cumulative;INF109KA1QH3;;13.6301;N.A.;N.A.;14-Mar-2017
128209;ICICI Prudential Capital Protection Oriented Fund V - PLAN D - 1100 Days - Direct Plan - Dividend;INF109KA1QI1;;13.6301;N.A.;N.A.;14-Mar-2017
128211;ICICI Prudential Capital Protection Oriented Fund V - PLAN D - 1100 Days - Dividend;INF109KA1QG5;;13.1371;N.A.;N.A.;14-Mar-2017
129071;ICICI Prudential Capital Protection Oriented Fund V - PLAN E- 1100 Days - Cumulative;INF109KA1SJ5;;13.0641;N.A.;N.A.;14-Mar-2017
129070;ICICI Prudential Capital Protection Oriented Fund V - PLAN E- 1100 Days - Direct Plan - Cumulative;INF109KA1SL1;;13.6057;N.A.;N.A.;14-Mar-2017
129072;ICICI Prudential Capital Protection Oriented Fund V - PLAN E- 1100 Days - Dividend;INF109KA1SK3;;13.0641;N.A.;N.A.;14-Mar-2017
129738;ICICI Prudential Capital Protection Oriented Fund V -Plan F -1100 Days Direct Plan Cumulative Option;INF109KA1VL5;;13.0846;N.A.;N.A.;14-Mar-2017
129737;ICICI Prudential Capital Protection Oriented Fund V- Plan F - 1100 Days -Dividend Option;INF109KA1VK7;;12.5832;N.A.;N.A.;14-Mar-2017
129740;ICICI Prudential Capital Protection Oriented Fund V- Plan F -1100 Days Direct Plan Dividend Option;INF109KA1VM3;;13.0846;N.A.;N.A.;14-Mar-2017
129739;ICICI Prudential Capital Protection Oriented Fund V- Plan F- 1100 Days -Cumulative Option;INF109KA1VJ9;;12.5832;N.A.;N.A.;14-Mar-2017
129857;ICICI Prudential Capital Protection Oriented Fund Series VI -1825 Days Plan A Cumulative Option;INF109KA1VV4;;12.9596;N.A.;N.A.;14-Mar-2017
129859;ICICI Prudential Capital Protection Oriented Fund Series VI- 1825 Days Plan A Direct Plan Cumulative option;INF109KA1VX0;;13.4815;N.A.;N.A.;14-Mar-2017
129860;ICICI Prudential Capital Protection Oriented Fund Series VI- 1825 Days Plan A Direct Plan Dividend Option;INF109KA1VY8;;13.4815;N.A.;N.A.;14-Mar-2017
129858;ICICI Prudential Capital Protection Oriented Fund Series VI- 1825 Days Plan A Dividend Option;INF109KA1VW2;;12.9596;N.A.;N.A.;14-Mar-2017
130220;ICICI Prudential Capital Protection Oriented Fund Series VI -1825 Days Plan C Direct Plan Cumulative Option;INF109KA1XJ5;;13.0461;N.A.;N.A.;14-Mar-2017
130219;ICICI Prudential Capital Protection Oriented Fund Series VI- 1825 Days Plan C Cumulative Option;INF109KA1XH9;;12.6130;N.A.;N.A.;14-Mar-2017
130221;ICICI Prudential Capital Protection Oriented Fund Series VI- 1825 Days Plan C Direct Plan Dividend option;INF109KA1XK3;;13.0461;N.A.;N.A.;14-Mar-2017
130222;ICICI Prudential Capital Protection Oriented Fund Series VI- 1825 Days Plan C Dividend Option;INF109KA1XI7;;12.6130;N.A.;N.A.;14-Mar-2017
133293;ICICI Prudential Capital Protection Oriented Fund - Series VII - 1822 Days Plan D Cumulative Option;INF109KA10P8;;11.6118;N.A.;N.A.;14-Mar-2017
133295;ICICI Prudential Capital Protection Oriented Fund - Series VII - 1822 Days Plan D Direct Plan Cumulative Option;INF109KA12P4;;11.9557;N.A.;N.A.;14-Mar-2017
133294;ICICI Prudential Capital Protection Oriented Fund - Series VII - 1822 Days Plan D Direct Plan Dividend Option;INF109KA13P2;;11.9557;N.A.;N.A.;14-Mar-2017
133296;ICICI Prudential Capital Protection Oriented Fund - Series VII - 1822 Days Plan D Dividend Option;INF109KA11P6;;11.6118;N.A.;N.A.;14-Mar-2017
133636;ICICI Prudential Capital Protection Oriented Fund - Series VII - 1285 Days Plan G Cumulative Option;INF109KA18T3;;11.3327;N.A.;N.A.;14-Mar-2017
133639;ICICI Prudential Capital Protection Oriented Fund - Series VII - 1285 Days Plan G Direct Plan Cumulative Option;INF109KA10U8;;11.6431;N.A.;N.A.;14-Mar-2017
133637;ICICI Prudential Capital Protection Oriented Fund - Series VII - 1285 Days Plan G Dividend Option;INF109KA19T1;;11.3327;N.A.;N.A.;14-Mar-2017
133861;ICICI Prudential Capital Protection Oriented Fund - Series VII - 1284 Days Plan H Cumulative Option;INF109KA14X4;;11.3151;N.A.;N.A.;14-Mar-2017
133864;ICICI Prudential Capital Protection Oriented Fund - Series VII - 1284 Days Plan H Direct Plan Cumulative Option;INF109KA16X9;;11.6208;N.A.;N.A.;14-Mar-2017
133863;ICICI Prudential Capital Protection Oriented Fund - Series VII - 1284 Days Plan H Direct Plan Dividend Option;INF109KA17X7;;11.6208;N.A.;N.A.;14-Mar-2017
133862;ICICI Prudential Capital Protection Oriented Fund - Series VII - 1284 Days Plan H Dividend Option;INF109KA15X1;;11.3151;N.A.;N.A.;14-Mar-2017
134021;ICICI Prudential Capital Protection Oriented Fund - Series VIII - 1300 Days Plan A Cumulative Option;INF109KB1250;;11.3041;N.A.;N.A.;14-Mar-2017
134018;ICICI Prudential Capital Protection Oriented Fund - Series VIII - 1300 Days Plan A Direct Plan Cumulative Option;INF109KB1276;;11.6015;N.A.;N.A.;14-Mar-2017
134020;ICICI Prudential Capital Protection Oriented Fund - Series VIII - 1300 Days Plan A Dividend Option;INF109KB1268;;11.3041;N.A.;N.A.;14-Mar-2017
135179;ICICI Prudential Capital Protection Oriented Fund - Series VIII -1105 Days Plan H Cumulative Option;INF109KB1KZ7;;11.1490;N.A.;N.A.;14-Mar-2017
135181;ICICI Prudential Capital Protection Oriented Fund - Series VIII -1105 Days Plan H Direct Plan Cumulative Option;INF109KB1LB6;;11.3980;N.A.;N.A.;14-Mar-2017
135182;ICICI Prudential Capital Protection Oriented Fund - Series VIII -1105 Days Plan H Direct Plan Dividend Option;INF109KB1LC4;;11.3980;N.A.;N.A.;14-Mar-2017
135180;ICICI Prudential Capital Protection Oriented Fund - Series VIII -1105 Days Plan H Dividend Option;INF109KB1LA8;;11.1490;N.A.;N.A.;14-Mar-2017
135195;ICICI Prudential Capital Protection Oriented Fund - Series VIII - 1290 Days Plan I Cumulative Option;INF109KB1LL5;;11.1864;N.A.;N.A.;14-Mar-2017
135192;ICICI Prudential Capital Protection Oriented Fund - Series VIII - 1290 Days Plan I Direct Plan Cumulative Option;INF109KB1LN1;;11.4680;N.A.;N.A.;14-Mar-2017
135194;ICICI Prudential Capital Protection Oriented Fund - Series VIII - 1290 Days Plan I Direct Plan Dividend Option;INF109KB1LO9;;11.4680;N.A.;N.A.;14-Mar-2017
135193;ICICI Prudential Capital Protection Oriented Fund - Series VIII - 1290 Days Plan I Dividend Option;INF109KB1LM3;;11.1864;N.A.;N.A.;14-Mar-2017
135219;ICICI Prudential Capital Protection Oriented Fund - Series VIII -1284 Days Plan J Cumulative Option;INF109KB1LR2;;11.2577;N.A.;N.A.;14-Mar-2017
135220;ICICI Prudential Capital Protection Oriented Fund - Series VIII -1284 Days Plan J Direct Plan Cumulative Option;INF109KB1LT8;;11.4740;N.A.;N.A.;14-Mar-2017
135218;ICICI Prudential Capital Protection Oriented Fund - Series VIII -1284 Days Plan J Direct Plan Dividend Option;INF109KB1LU6;;11.4740;N.A.;N.A.;14-Mar-2017
135221;ICICI Prudential Capital Protection Oriented Fund - Series VIII -1284 Days Plan J Dividend Option;INF109KB1LS0;;11.2577;N.A.;N.A.;14-Mar-2017
128989;ICICI Prudential Fixed Maturity Plan-Corporate Bond Series A-750 Days - Cumulative Option;INF109KA1SF3;;12.7088;N.A.;N.A.;14-Mar-2017
128991;ICICI Prudential Fixed Maturity Plan-Corporate Bond Series A-750 Days - Direct Plan-Cumulative Option;INF109KA1SH9;;12.8628;N.A.;N.A.;14-Mar-2017
130806;ICICI Prudential Fixed Maturity Plan - Corporate Bond Series B - 1100 Days - Cumulative Option;INF109KA1ZU7;;12.8528;N.A.;N.A.;14-Mar-2017
130803;ICICI Prudential Fixed Maturity Plan - Corporate Bond Series B - 1100 Days - Direct Plan - Cumulative Option;INF109KA1ZW3;;12.9798;N.A.;N.A.;14-Mar-2017
130804;ICICI Prudential Fixed Maturity Plan - Corporate Bond Series B - 1100 Days - Direct Plan - Dividend Option;INF109KA1ZX1;;12.9798;N.A.;N.A.;14-Mar-2017
130805;ICICI Prudential Fixed Maturity Plan - Corporate Bond Series B - 1100 Days - Dividend Option;INF109KA1ZV5;;12.8528;N.A.;N.A.;14-Mar-2017
130404;ICICI Prudential Fixed Maturity Plan - Series - 74 -367 days Plan Z Cumulative Option;INF109KB1JF1;;12.4263;N.A.;N.A.;14-Mar-2017
130403;ICICI Prudential Fixed Maturity Plan - Series -74 - 367 Days Plan Z Direct Plan Dividend Option;INF109KB1JI5;;12.3880;N.A.;N.A.;14-Mar-2017
130405;ICICI Prudential Fixed Maturity Plan - Series -74 - 367 Days Plan Z Dividend Option;INF109KB1JG9;;12.3692;N.A.;N.A.;14-Mar-2017
130402;ICICI Prudential Fixed Maturity Plan - Series 74 - 367 Days Plan Z Direct Plan Cumulative Option;INF109KB1JH7;;12.4451;N.A.;N.A.;14-Mar-2017
123545;ICICI Prudential Fixed Maturity Plan-Series 69-1821 Days Plan I - Cumulative;INF109KA1BV6;;13.6855;N.A.;N.A.;14-Mar-2017
123543;ICICI Prudential Fixed Maturity Plan-Series 69-1821 Days Plan I - Direct Plan - Cumulative;INF109KA1BT0;;13.8673;N.A.;N.A.;14-Mar-2017
123544;ICICI Prudential Fixed Maturity Plan-Series 69-1821 Days Plan I - Direct Plan - Dividend;INF109KA1BU8;;12.4785;N.A.;N.A.;14-Mar-2017
123546;ICICI Prudential Fixed Maturity Plan-Series 69-1821 Days Plan I - Dividend;INF109KA1BW4;;12.3855;N.A.;N.A.;14-Mar-2017
125316;ICICI Prudential Fixed Maturity Plan-Series 71-547 Days Plan B - Cumulative;INF109KB1FF9;;13.2475;N.A.;N.A.;14-Mar-2017
125314;ICICI Prudential Fixed Maturity Plan-Series 71-547 Days Plan B - Direct Plan - Cumulative;INF109KB1FH5;;13.3034;N.A.;N.A.;14-Mar-2017
125315;ICICI Prudential Fixed Maturity Plan-Series 71-547 Days Plan B - Direct Plan - Dividend;INF109KB1FI3;;13.2451;N.A.;N.A.;14-Mar-2017
126817;ICICI Prudential Fixed Maturity Plan-Series 72-366 Days Plan K - Cumulative;INF109KA18V9;;12.9173;N.A.;N.A.;14-Mar-2017
126815;ICICI Prudential Fixed Maturity Plan-Series 72-366 Days Plan K - Direct Plan - Cumulative;INF109KA10W4;;12.9470;N.A.;N.A.;14-Mar-2017
127726;ICICI Prudential Fixed Maturity Plan-Series 73-1140 Days Plan E - Cumulative;INF109KA1OV9;;13.1266;N.A.;N.A.;14-Mar-2017
127724;ICICI Prudential Fixed Maturity Plan-Series 73-1140 Days Plan E - Direct Plan - Cumulative;INF109KA1OX5;;13.2529;N.A.;N.A.;14-Mar-2017
127725;ICICI Prudential Fixed Maturity Plan-Series 73-1140 Days Plan E - Direct Plan - Dividend;INF109KA1OY3;;12.4671;N.A.;N.A.;14-Mar-2017
127727;ICICI Prudential Fixed Maturity Plan-Series 73-1140 Days Plan E - Dividend;INF109KA1OW7;;12.3599;N.A.;N.A.;14-Mar-2017
130330;ICICI Prudential Fixed Maturity Plan - Series 74 - 368 Days Plan Y Cumulative Option;INF109KB1JB0;;12.4614;N.A.;N.A.;14-Mar-2017
130331;ICICI Prudential Fixed Maturity Plan - Series 74 - 368 Days Plan Y Direct Plan Cumulative Option;INF109KB1JD6;;12.4815;N.A.;N.A.;14-Mar-2017
130329;ICICI Prudential Fixed Maturity Plan - Series 74 - 368 Days Plan Y Dividend Option;INF109KB1JC8;;12.1756;N.A.;N.A.;14-Mar-2017
130316;ICICI Prudential Fixed Maturity Plan - Series 74 - 370 Days Plan X Cumulative Option;INF109KB1JJ3;;12.4984;N.A.;N.A.;14-Mar-2017
130315;ICICI Prudential Fixed Maturity Plan - Series 74 - 370 Days Plan X Direct Plan Cumulative Option;INF109KB1JL9;;12.5180;N.A.;N.A.;14-Mar-2017
130318;ICICI Prudential Fixed Maturity Plan - Series 74 - 370 Days Plan X Dividend Option;INF109KB1JK1;;12.2063;N.A.;N.A.;14-Mar-2017
130062;ICICI Prudential Fixed Maturity Plan - Series 74 - 9 Years Plan U Direct Plan IDCW Option;INF109KA1WP4;;12.4539;N.A.;N.A.;14-Mar-2017
130064;ICICI Prudential Fixed Maturity Plan - Series 74 -9 Years Plan U Direct Plan Cumulative Option;INF109KA1WO7;;12.4539;N.A.;N.A.;14-Mar-2017
130063;ICICI Prudential Fixed Maturity Plan -Series 74 -9 Years Plan U Cumulative Option;INF109KA1WM1;;12.3363;N.A.;N.A.;14-Mar-2017
130061;ICICI Prudential Fixed Maturity Plan -Series 74 -9 Years Plan U IDCW Option;INF109KA1WN9;;12.3363;N.A.;N.A.;14-Mar-2017
131016;ICICI Prudential Fixed Maturity Plan - Series 75 - 1100 Days Plan F Cumulative Option;INF109KA1K23;;12.4545;N.A.;N.A.;14-Mar-2017
131014;ICICI Prudential Fixed Maturity Plan - Series 75 - 1100 Days Plan F Direct Plan Cumulative Option;INF109KA1K49;;12.5850;N.A.;N.A.;14-Mar-2017
131017;ICICI Prudential Fixed Maturity Plan - Series 75 - 1100 Days Plan F Dividend Option;INF109KA1K31;;12.4545;N.A.;N.A.;14-Mar-2017
131008;ICICI Prudential Fixed Maturity Plan - Series 75 - 1100 Days Plan G Cumulative Option;INF109KA1K64;;12.8411;N.A.;N.A.;14-Mar-2017
131007;ICICI Prudential Fixed Maturity Plan - Series 75 - 1100 Days Plan G Direct Plan Cumulative Option;INF109KA1K80;;12.9708;N.A.;N.A.;14-Mar-2017
131006;ICICI Prudential Fixed Maturity Plan - Series 75 - 1100 Days Plan G Direct Plan Dividend Option;INF109KA1K98;;12.9708;N.A.;N.A.;14-Mar-2017
131009;ICICI Prudential Fixed Maturity Plan - Series 75 - 1100 Days Plan G Dividend Option;INF109KA1K72;;12.8411;N.A.;N.A.;14-Mar-2017
131112;ICICI Prudential Fixed Maturity Plan - Series 75 - 1100 Days Plan H Cumulative Option;INF109KA1P69;;12.4021;N.A.;N.A.;14-Mar-2017
131111;ICICI Prudential Fixed Maturity Plan - Series 75 - 1100 Days Plan H Direct Plan Cumulative Option;INF109KA1P85;;12.5200;N.A.;N.A.;14-Mar-2017
131109;ICICI Prudential Fixed Maturity Plan - Series 75 - 1100 Days Plan H Direct Plan Dividend Option;INF109KA1P93;;12.5200;N.A.;N.A.;14-Mar-2017
131110;ICICI Prudential Fixed Maturity Plan - Series 75 - 1100 Days Plan H Dividend Option;INF109KA1P77;;12.4021;N.A.;N.A.;14-Mar-2017
131195;ICICI Prudential Fixed Maturity Plan - Series 75 - 1100 Days Plan I Cumulative Option;INF109KA1R26;;12.7912;N.A.;N.A.;14-Mar-2017
131197;ICICI Prudential Fixed Maturity Plan - Series 75 - 1100 Days Plan I Direct Plan Cumulative Option;INF109KA1R42;;12.9263;N.A.;N.A.;14-Mar-2017
131198;ICICI Prudential Fixed Maturity Plan - Series 75 - 1100 Days Plan I Direct Plan Dividend Option;INF109KA1R59;;12.9263;N.A.;N.A.;14-Mar-2017
131196;ICICI Prudential Fixed Maturity Plan - Series 75 - 1100 Days Plan I Dividend Option;INF109KA1R34;;12.7912;N.A.;N.A.;14-Mar-2017
131311;ICICI Prudential Fixed Maturity Plan - Series 75 - 1100 Days Plan J Cumulative Option;INF109KA1T40;;12.3375;N.A.;N.A.;14-Mar-2017
131310;ICICI Prudential Fixed Maturity Plan - Series 75 - 1100 Days Plan J Direct Plan Cumulative Option;INF109KA1T65;;12.4597;N.A.;N.A.;14-Mar-2017
131309;ICICI Prudential Fixed Maturity Plan - Series 75 - 1100 Days Plan J Direct Plan Dividend Option;INF109KA1T73;;12.4597;N.A.;N.A.;14-Mar-2017
131312;ICICI Prudential Fixed Maturity Plan - Series 75 - 1100 Days Plan J Dividend Option;INF109KA1T57;;12.3375;N.A.;N.A.;14-Mar-2017
131601;ICICI Prudential Fixed Maturity Plan - Series 75 - 1100 Days Plan N Cumulative Option;INF109KA18A3;;12.3376;N.A.;N.A.;14-Mar-2017
131599;ICICI Prudential Fixed Maturity Plan - Series 75 - 1100 Days Plan N Direct Plan Cumulative Option;INF109KA10B8;;12.3520;N.A.;N.A.;14-Mar-2017
131600;ICICI Prudential Fixed Maturity Plan - Series 75 - 1100 Days Plan N Dividend Option;INF109KA19A1;;12.3376;N.A.;N.A.;14-Mar-2017
131603;ICICI Prudential Fixed Maturity Plan - Series 75 - 1100 Days Plan O Cumulative Option;INF109KA12B4;;12.3301;N.A.;N.A.;14-Mar-2017
131602;ICICI Prudential Fixed Maturity Plan - Series 75 - 1100 Days Plan O Direct Plan Cumulative Option;INF109KA14B0;;12.3522;N.A.;N.A.;14-Mar-2017
131604;ICICI Prudential Fixed Maturity Plan - Series 75 - 1100 Days Plan O Dividend Option;INF109KA13B2;;12.3301;N.A.;N.A.;14-Mar-2017
132837;ICICI Prudential Fixed Maturity Plan - Series 75 - 1100 Days Plan Q Cumulative Option;INF109KA10E2;;12.5106;N.A.;N.A.;14-Mar-2017
132834;ICICI Prudential Fixed Maturity Plan - Series 75 - 1100 Days Plan Q Direct Plan Cumulative Option;INF109KA12E8;;12.6268;N.A.;N.A.;14-Mar-2017
132835;ICICI Prudential Fixed Maturity Plan - Series 75 - 1100 Days Plan Q Direct Plan Dividend Option;INF109KA13E6;;12.6268;N.A.;N.A.;14-Mar-2017
132836;ICICI Prudential Fixed Maturity Plan - Series 75 - 1100 Days Plan Q Dividend Option;INF109KA11E0;;12.5106;N.A.;N.A.;14-Mar-2017
132901;ICICI Prudential Fixed Maturity Plan - Series 75 - 1100 Days Plan R Cumulative Option;INF109KA18E5;;12.2326;N.A.;N.A.;14-Mar-2017
132900;ICICI Prudential Fixed Maturity Plan - Series 75 - 1100 Days Plan R Direct Plan Cumulative Option;INF109KA10F9;;12.2461;N.A.;N.A.;14-Mar-2017
132902;ICICI Prudential Fixed Maturity Plan - Series 75 - 1100 Days Plan R Dividend Option;INF109KA19E3;;12.2326;N.A.;N.A.;14-Mar-2017
133006;ICICI Prudential Fixed Maturity Plan - Series 75 - 1100 Days Plan T Cumulative Option;INF109KA14F1;;12.1926;N.A.;N.A.;14-Mar-2017
133005;ICICI Prudential Fixed Maturity Plan - Series 75 - 1100 Days Plan T Direct Plan Cumulative Option;INF109KA12F5;;12.2065;N.A.;N.A.;14-Mar-2017
133003;ICICI Prudential Fixed Maturity Plan - Series 75 - 1100 Days Plan T Dividend Option;INF109KA15F8;;12.1926;N.A.;N.A.;14-Mar-2017
131461;ICICI Prudential Fixed Maturity Plan - Series 75 - 1103 Days Plan L Cumulative Option;INF109KA1V87;;12.6299;N.A.;N.A.;14-Mar-2017
131460;ICICI Prudential Fixed Maturity Plan - Series 75 - 1103 Days Plan L Direct Plan Cumulative Option;INF109KA1W03;;12.7349;N.A.;N.A.;14-Mar-2017
131458;ICICI Prudential Fixed Maturity Plan - Series 75 - 1103 Days Plan L Direct Plan Dividend Option;INF109KA1W11;;12.7349;N.A.;N.A.;14-Mar-2017
131459;ICICI Prudential Fixed Maturity Plan - Series 75 - 1103 Days Plan L Dividend Option;INF109KA1V95;;12.6299;N.A.;N.A.;14-Mar-2017
132831;ICICI Prudential Fixed Maturity Plan - Series 75 - 1103 Days Plan P Cumulative Option;INF109KA16D1;;12.1591;N.A.;N.A.;14-Mar-2017
132830;ICICI Prudential Fixed Maturity Plan - Series 75 - 1103 Days Plan P Direct Plan Cumulative Option;INF109KA18D7;;12.2178;N.A.;N.A.;14-Mar-2017
132833;ICICI Prudential Fixed Maturity Plan - Series 75 - 1103 Days Plan P Direct Plan Dividend Option;INF109KA19D5;;12.2178;N.A.;N.A.;14-Mar-2017
132832;ICICI Prudential Fixed Maturity Plan - Series 75 - 1103 Days Plan P Dividend Option;INF109KA17D9;;12.1591;N.A.;N.A.;14-Mar-2017
133044;ICICI Prudential Fixed Maturity Plan - Series 75 - 1246 Days Plan U Cumulative Option;INF109KA12H1;;12.5321;N.A.;N.A.;14-Mar-2017
133041;ICICI Prudential Fixed Maturity Plan - Series 75 - 1246 Days Plan U Direct Plan Cumulative Option;INF109KA14H7;;12.7012;N.A.;N.A.;14-Mar-2017
133042;ICICI Prudential Fixed Maturity Plan - Series 75 - 1246 Days Plan U Direct Plan Dividend Option;INF109KA15H4;;12.7012;N.A.;N.A.;14-Mar-2017
133043;ICICI Prudential Fixed Maturity Plan - Series 75 - 1246 Days Plan U Dividend Option;INF109KA13H9;;12.5321;N.A.;N.A.;14-Mar-2017
130779;ICICI Prudential Fixed Maturity Plan - Series 75 - 1352 Days Plan E Cumulative Option;INF109KA1ZQ5;;12.6792;N.A.;N.A.;14-Mar-2017
130777;ICICI Prudential Fixed Maturity Plan - Series 75 - 1352 Days Plan E Direct Plan Cumulative Option;INF109KA1ZS1;;12.7541;N.A.;N.A.;14-Mar-2017
130778;ICICI Prudential Fixed Maturity Plan - Series 75 - 1352 Days Plan E Direct Plan Dividend Option;INF109KA1ZT9;;12.7541;N.A.;N.A.;14-Mar-2017
130780;ICICI Prudential Fixed Maturity Plan - Series 75 - 1352 Days Plan E Dividend Option;INF109KA1ZR3;;12.6792;N.A.;N.A.;14-Mar-2017
133246;ICICI Prudential Fixed Maturity Plan - Series 76 - 1100 Days Plan D Cumulative Option;INF109KA12N9;;12.0295;N.A.;N.A.;14-Mar-2017
133244;ICICI Prudential Fixed Maturity Plan - Series 76 - 1100 Days Plan D Direct Plan Cumulative Option;INF109KA14N5;;12.1139;N.A.;N.A.;14-Mar-2017
133245;ICICI Prudential Fixed Maturity Plan - Series 76 - 1100 Days Plan D Direct Plan Dividend Option;INF109KA15N2;;12.1139;N.A.;N.A.;14-Mar-2017
133247;ICICI Prudential Fixed Maturity Plan - Series 76 - 1100 Days Plan D Dividend Option;INF109KA13N7;;12.0295;N.A.;N.A.;14-Mar-2017
133457;ICICI Prudential Fixed Maturity Plan - Series 76 - 1100 Days Plan G Cumulative Option;INF109KA16R1;;11.8869;N.A.;N.A.;14-Mar-2017
133458;ICICI Prudential Fixed Maturity Plan - Series 76 - 1100 Days Plan G Direct Plan Cumulative Option;INF109KA15S1;;11.9453;N.A.;N.A.;14-Mar-2017
133456;ICICI Prudential Fixed Maturity Plan - Series 76 - 1100 Days Plan G Dividend Option;INF109KA17R9;;11.8869;N.A.;N.A.;14-Mar-2017
134163;ICICI Prudential Fixed Maturity Plan - Series 76 - 1100 Days Plan T Cumulative Option;INF109KB1359;;11.7986;N.A.;N.A.;14-Mar-2017
134160;ICICI Prudential Fixed Maturity Plan - Series 76 - 1100 Days Plan T Direct Plan Cumulative Option;INF109KB1375;;11.8707;N.A.;N.A.;14-Mar-2017
134162;ICICI Prudential Fixed Maturity Plan - Series 76 - 1100 Days Plan T Dividend Option;INF109KB1367;;11.7986;N.A.;N.A.;14-Mar-2017
133434;ICICI Prudential Fixed Maturity Plan - Series 76 - 1103 Days Plan F Cumulative option;INF109KA14Q8;;11.8984;N.A.;N.A.;14-Mar-2017
133431;ICICI Prudential Fixed Maturity Plan - Series 76 - 1103 Days Plan F Direct Plan Cumulative Option;INF109KA16Q3;;11.9577;N.A.;N.A.;14-Mar-2017
133432;ICICI Prudential Fixed Maturity Plan - Series 76 - 1103 Days Plan F Direct Plan Dividend Option;INF109KA17Q1;;11.9577;N.A.;N.A.;14-Mar-2017
133433;ICICI Prudential Fixed Maturity Plan - Series 76 - 1103 Days Plan F Dividend Option;INF109KA15Q5;;11.8984;N.A.;N.A.;14-Mar-2017
134308;ICICI Prudential Fixed Maturity Plan - Series 76 - 1108 Days Plan V Cumulative Option;INF109KB1672;;11.7293;N.A.;N.A.;14-Mar-2017
134305;ICICI Prudential Fixed Maturity Plan - Series 76 - 1108 Days Plan V Direct Plan Cumulative Option;INF109KB1698;;11.8215;N.A.;N.A.;14-Mar-2017
134307;ICICI Prudential Fixed Maturity Plan - Series 76 - 1108 Days Plan V Dividend Option;INF109KB1680;;11.7293;N.A.;N.A.;14-Mar-2017
134186;ICICI Prudential Fixed Maturity Plan - Series 76 - 1120 Days Plan U Cumulative Option;INF109KB1391;;11.7534;N.A.;N.A.;14-Mar-2017
134188;ICICI Prudential Fixed Maturity Plan - Series 76 - 1120 Days Plan U Direct Plan Cumulative Option;INF109KB1417;;11.8255;N.A.;N.A.;14-Mar-2017
134187;ICICI Prudential Fixed Maturity Plan - Series 76 - 1120 Days Plan U Dividend Option;INF109KB1409;;11.7534;N.A.;N.A.;14-Mar-2017
134312;ICICI Prudential Fixed Maturity Plan - Series 76 - 1127 Days Plan W Cumulative Option;INF109KB1953;;11.7972;N.A.;N.A.;14-Mar-2017
134309;ICICI Prudential Fixed Maturity Plan - Series 76 - 1127 Days Plan W Direct Plan Cumulative Option;INF109KB1979;;11.8163;N.A.;N.A.;14-Mar-2017
134310;ICICI Prudential Fixed Maturity Plan - Series 76 - 1127 Days Plan W Direct Plan Dividend Option;INF109KB1987;;11.8163;N.A.;N.A.;14-Mar-2017
134311;ICICI Prudential Fixed Maturity Plan - Series 76 - 1127 Days Plan W Dividend Option;INF109KB1961;;11.7972;N.A.;N.A.;14-Mar-2017
134005;ICICI Prudential Fixed Maturity Plan - Series 76 - 1132 Days Plan P Cumulative Option;INF109KB1219;;11.8186;N.A.;N.A.;14-Mar-2017
134007;ICICI Prudential Fixed Maturity Plan - Series 76 - 1132 Days Plan P Direct Plan Cumulative Option;INF109KB1235;;11.8919;N.A.;N.A.;14-Mar-2017
134399;ICICI Prudential Fixed Maturity Plan - Series 76 - 1134 Days Plan Y Cumulative Option;INF109KB1BF8;;11.7124;N.A.;N.A.;14-Mar-2017
134397;ICICI Prudential Fixed Maturity Plan - Series 76 - 1134 Days Plan Y Direct Plan Cumulative Option;INF109KB1BH4;;11.7347;N.A.;N.A.;14-Mar-2017
134400;ICICI Prudential Fixed Maturity Plan - Series 76 - 1134 Days Plan Y Dividend Option;INF109KB1BG6;;11.7124;N.A.;N.A.;14-Mar-2017
134458;ICICI Prudential Fixed Maturity Plan - Series 76 - 1135 Days Plan Z Cumulative Option;INF109KB1BB7;;11.6896;N.A.;N.A.;14-Mar-2017
134461;ICICI Prudential Fixed Maturity Plan - Series 76 - 1135 Days Plan Z Direct Plan Cumulative Option;INF109KB1BD3;;11.7118;N.A.;N.A.;14-Mar-2017
134460;ICICI Prudential Fixed Maturity Plan - Series 76 - 1135 Days Plan Z Direct Plan Dividend Option;INF109KB1BE1;;11.7118;N.A.;N.A.;14-Mar-2017
134459;ICICI Prudential Fixed Maturity Plan - Series 76 - 1135 Days Plan Z Dividend Option;INF109KB1BC5;;11.6896;N.A.;N.A.;14-Mar-2017
133874;ICICI Prudential Fixed Maturity Plan - Series 76 - 1142 Days Plan M Cumulative Option;INF109KA16Y7;;11.8271;N.A.;N.A.;14-Mar-2017
133875;ICICI Prudential Fixed Maturity Plan - Series 76 - 1142 Days Plan M Direct Plan Cumulative Option;INF109KA18Y3;;11.8845;N.A.;N.A.;14-Mar-2017
133876;ICICI Prudential Fixed Maturity Plan - Series 76 - 1142 Days Plan M Direct Plan Dividend Option;INF109KA19Y1;;11.8845;N.A.;N.A.;14-Mar-2017
133877;ICICI Prudential Fixed Maturity Plan - Series 76 - 1142 Days Plan M Dividend Option;INF109KA17Y5;;11.8271;N.A.;N.A.;14-Mar-2017
133673;ICICI Prudential Fixed Maturity Plan - Series 76 - 1155 Days Plan K Cumulative Option;INF109KA14V8;;11.9107;N.A.;N.A.;14-Mar-2017
133670;ICICI Prudential Fixed Maturity Plan - Series 76 - 1155 Days Plan K Direct Plan Cumulative Option;INF109KA16V3;;11.9719;N.A.;N.A.;14-Mar-2017
133672;ICICI Prudential Fixed Maturity Plan - Series 76 - 1155 Days Plan K Dividend Option;INF109KA15V5;;11.9107;N.A.;N.A.;14-Mar-2017
134928;ICICI Prudential Fixed Maturity Plan - Series 77 - 1100 Days Plan L Cumulative Option;INF109KB1IT4;;11.3604;N.A.;N.A.;14-Mar-2017
134929;ICICI Prudential Fixed Maturity Plan - Series 77 - 1100 Days Plan L Direct Plan Cumulative Option;INF109KB1IV0;;11.4376;N.A.;N.A.;14-Mar-2017
134926;ICICI Prudential Fixed Maturity Plan - Series 77 - 1100 Days Plan L Direct Plan Dividend Option;INF109KB1IW8;;11.4376;N.A.;N.A.;14-Mar-2017
134927;ICICI Prudential Fixed Maturity Plan - Series 77 - 1100 Days Plan L Dividend Option;INF109KB1IU2;;11.3604;N.A.;N.A.;14-Mar-2017
134931;ICICI Prudential Fixed Maturity Plan - Series 77 - 1100 Days Plan M Cumulative Option;INF109KB1IP2;;11.7159;N.A.;N.A.;14-Mar-2017
134930;ICICI Prudential Fixed Maturity Plan - Series 77 - 1100 Days Plan M Direct Plan Cumulative Option;INF109KB1IR8;;11.8610;N.A.;N.A.;14-Mar-2017
134933;ICICI Prudential Fixed Maturity Plan - Series 77 - 1100 Days Plan M Direct Plan Dividend Option;INF109KB1IS6;;11.8610;N.A.;N.A.;14-Mar-2017
134932;ICICI Prudential Fixed Maturity Plan - Series 77 - 1100 Days Plan M Dividend Option;INF109KB1IQ0;;11.7159;N.A.;N.A.;14-Mar-2017
135403;ICICI Prudential Fixed Maturity Plan - Series 77 - 1129 Days Plan W Cumulative Option;INF109KB1MR0;;11.1944;N.A.;N.A.;14-Mar-2017
135401;ICICI Prudential Fixed Maturity Plan - Series 77 - 1129 Days Plan W Direct Plan Cumulative Option;INF109KB1MT6;;11.2593;N.A.;N.A.;14-Mar-2017
135400;ICICI Prudential Fixed Maturity Plan - Series 77 - 1129 Days Plan W Dividend Option;INF109KB1MS8;;11.1944;N.A.;N.A.;14-Mar-2017
134628;ICICI Prudential Fixed Maturity Plan - Series 77 - 1130 Days Plan D Cumulative Option;INF109KB1EL0;;11.6736;N.A.;N.A.;14-Mar-2017
134630;ICICI Prudential Fixed Maturity Plan - Series 77 - 1130 Days Plan D Direct Plan Cumulative Option;INF109KB1EN6;;11.6948;N.A.;N.A.;14-Mar-2017
134629;ICICI Prudential Fixed Maturity Plan - Series 77 - 1130 Days Plan D Dividend Option;INF109KB1EM8;;11.6736;N.A.;N.A.;14-Mar-2017
134540;ICICI Prudential Fixed Maturity Plan - Series 77 - 1132 Days Plan A Cumulative Option;INF109KB1DF4;;11.7119;N.A.;N.A.;14-Mar-2017
134539;ICICI Prudential Fixed Maturity Plan - Series 77 - 1132 Days Plan A Direct Plan Cumulative Option;INF109KB1DH0;;11.7336;N.A.;N.A.;14-Mar-2017
134537;ICICI Prudential Fixed Maturity Plan - Series 77 - 1132 Days Plan A Direct Plan Dividend Option;INF109KB1DI8;;11.7336;N.A.;N.A.;14-Mar-2017
134538;ICICI Prudential Fixed Maturity Plan - Series 77 - 1132 Days Plan A Dividend Option;INF109KB1DG2;;11.7119;N.A.;N.A.;14-Mar-2017
134731;ICICI Prudential Fixed Maturity Plan - Series 77 - 1134 Plan H Cumulative Option;INF109KB1HB4;;11.4861;N.A.;N.A.;14-Mar-2017
134730;ICICI Prudential Fixed Maturity Plan - Series 77 - 1134 Plan H Direct Plan Cumulative Option;INF109KB1HD0;;11.5540;N.A.;N.A.;14-Mar-2017
134733;ICICI Prudential Fixed Maturity Plan - Series 77 - 1134 Plan H Direct Plan Dividend Option;INF109KB1HE8;;11.5540;N.A.;N.A.;14-Mar-2017
135318;ICICI Prudential Fixed Maturity Plan - Series 77 - 1144 Days Plan T Cumulative Option;INF109KB1MF5;;11.2593;N.A.;N.A.;14-Mar-2017
135316;ICICI Prudential Fixed Maturity Plan - Series 77 - 1144 Days Plan T Direct Plan Cumulative Option;INF109KB1MH1;;11.3254;N.A.;N.A.;14-Mar-2017
135319;ICICI Prudential Fixed Maturity Plan - Series 77 - 1144 Days Plan T Dividend Option;INF109KB1MG3;;11.2593;N.A.;N.A.;14-Mar-2017
135289;ICICI Prudential Fixed Maturity Plan - Series 77 - 1151 Days Plan S Cumulative Option;INF109KB1LZ5;;11.2617;N.A.;N.A.;14-Mar-2017
135286;ICICI Prudential Fixed Maturity Plan - Series 77 - 1151 Days Plan S Direct Plan Cumulative Option;INF109KB1MB4;;11.3305;N.A.;N.A.;14-Mar-2017
135288;ICICI Prudential Fixed Maturity Plan - Series 77 - 1151 Days Plan S Direct Plan Dividend Option;INF109KB1MC2;;11.3305;N.A.;N.A.;14-Mar-2017
135287;ICICI Prudential Fixed Maturity Plan - Series 77 - 1151 Days Plan S Dividend Option;INF109KB1MA6;;11.2617;N.A.;N.A.;14-Mar-2017
134573;ICICI Prudential Fixed Maturity Plan - Series 77 - 1473 Days Plan C Cumulative Option;INF109KB1DN8;;11.7499;N.A.;N.A.;14-Mar-2017
134575;ICICI Prudential Fixed Maturity Plan - Series 77 - 1473 Days Plan C Direct Plan Cumulative Option;INF109KB1DP3;;11.8157;N.A.;N.A.;14-Mar-2017
134576;ICICI Prudential Fixed Maturity Plan - Series 77 - 1473 Days Plan C Direct Plan Dividend Option;INF109KB1DQ1;;11.8157;N.A.;N.A.;14-Mar-2017
134574;ICICI Prudential Fixed Maturity Plan - Series 77 - 1473 Days Plan C Dividend Option;INF109KB1DO6;;11.7499;N.A.;N.A.;14-Mar-2017
139253;ICICI Prudential Fixed Maturity Plan - Series 78 - 1102 Days Plan Z Cumulative Option;INF109KB1UN2;;10.6999;N.A.;N.A.;14-Mar-2017
139255;ICICI Prudential Fixed Maturity Plan - Series 78 - 1102 Days Plan Z Direct Plan Cumulative Option;INF109KB1UP7;;10.7716;N.A.;N.A.;14-Mar-2017
139256;ICICI Prudential Fixed Maturity Plan - Series 78 - 1102 Days Plan Z Direct Plan Dividend Option;INF109KB1UQ5;;10.7716;N.A.;N.A.;14-Mar-2017
139254;ICICI Prudential Fixed Maturity Plan - Series 78 - 1102 Days Plan Z Dividend Option;INF109KB1UO0;;10.6999;N.A.;N.A.;14-Mar-2017
139178;ICICI Prudential Fixed Maturity Plan - Series 78 - 1115 Days Plan X Cumulative Option;INF109KB1TX3;;10.8775;N.A.;N.A.;14-Mar-2017
139180;ICICI Prudential Fixed Maturity Plan - Series 78 - 1115 Days Plan X Direct Plan Cumulative Option;INF109KB1TZ8;;10.8928;N.A.;N.A.;14-Mar-2017
139179;ICICI Prudential Fixed Maturity Plan - Series 78 - 1115 Days Plan X Direct Plan Dividend Option;INF109KB1UA9;;10.8928;N.A.;N.A.;14-Mar-2017
136462;ICICI Prudential Fixed Maturity Plan - Series 78 - 1127 Days Plan R Cumulative Option;INF109KB1SZ0;;11.0047;N.A.;N.A.;14-Mar-2017
136461;ICICI Prudential Fixed Maturity Plan - Series 78 - 1127 Days Plan R Direct Plan Cumulative Option;INF109KB1TB9;;11.0522;N.A.;N.A.;14-Mar-2017
136460;ICICI Prudential Fixed Maturity Plan - Series 78 - 1127 Days Plan R Direct Plan Dividend Option;INF109KB1TC7;;11.0522;N.A.;N.A.;14-Mar-2017
136459;ICICI Prudential Fixed Maturity Plan - Series 78 - 1127 Days Plan R Dividend Option;INF109KB1TA1;;11.0047;N.A.;N.A.;14-Mar-2017
139107;ICICI Prudential Fixed Maturity Plan - Series 78 - 1130 Days Plan T Cumulative Option;INF109KB1TD5;;10.8796;N.A.;N.A.;14-Mar-2017
139109;ICICI Prudential Fixed Maturity Plan - Series 78 - 1130 Days Plan T Direct Plan Cumulative Option;INF109KB1TF0;;10.8959;N.A.;N.A.;14-Mar-2017
139110;ICICI Prudential Fixed Maturity Plan - Series 78 - 1130 Days Plan T Direct Plan Dividend Option;INF109KB1TG8;;10.8959;N.A.;N.A.;14-Mar-2017
139103;ICICI Prudential Fixed Maturity Plan - Series 78 - 1135 Days Plan W Cumulative Option;INF109KB1TP9;;10.8554;N.A.;N.A.;14-Mar-2017
139104;ICICI Prudential Fixed Maturity Plan - Series 78 - 1135 Days Plan W Direct Plan Cumulative Option;INF109KB1TR5;;10.8971;N.A.;N.A.;14-Mar-2017
136294;ICICI Prudential Fixed Maturity Plan - Series 78 -1150 Days Plan N Cumulative Option;INF109KB1SB1;;10.9928;N.A.;N.A.;14-Mar-2017
136295;ICICI Prudential Fixed Maturity Plan - Series 78 -1150 Days Plan N Direct Plan Cumulative Option;INF109KB1SD7;;11.0075;N.A.;N.A.;14-Mar-2017
136297;ICICI Prudential Fixed Maturity Plan - Series 78 -1150 Days Plan N Direct Plan Dividend Option;INF109KB1SE5;;10.9709;N.A.;N.A.;14-Mar-2017
136296;ICICI Prudential Fixed Maturity Plan - Series 78 -1150 Days Plan N Dividend Option;INF109KB1SC9;;10.9567;N.A.;N.A.;14-Mar-2017
139101;ICICI Prudential Fixed Maturity Plan - Series 78 - 1156 Days Plan U Cumulative Option;INF109KB1TL8;;10.7927;N.A.;N.A.;14-Mar-2017
139099;ICICI Prudential Fixed Maturity Plan - Series 78 - 1156 Days Plan U Direct Plan Cumulative Option;INF109KB1TN4;;10.8369;N.A.;N.A.;14-Mar-2017
139102;ICICI Prudential Fixed Maturity Plan - Series 78 - 1156 Days Plan U Dividend Option;INF109KB1TM6;;10.7927;N.A.;N.A.;14-Mar-2017
136228;ICICI Prudential Fixed Maturity Plan - Series 78 - 1168 Days Plan J Cumulative Option;INF109KB1RP3;;11.0222;N.A.;N.A.;14-Mar-2017
136230;ICICI Prudential Fixed Maturity Plan - Series 78 - 1168 Days Plan J Direct Plan Cumulative Option;INF109KB1RR9;;11.0387;N.A.;N.A.;14-Mar-2017
136231;ICICI Prudential Fixed Maturity Plan - Series 78 - 1168 Days Plan J Direct Plan Dividend Option;INF109KB1RS7;;10.9937;N.A.;N.A.;14-Mar-2017
136229;ICICI Prudential Fixed Maturity Plan - Series 78 - 1168 Days Plan J Dividend Option;INF109KB1RQ1;;10.9778;N.A.;N.A.;14-Mar-2017
136224;ICICI Prudential Fixed Maturity Plan - Series 78 - 1170 Days Plan I Cumulative Option;INF109KB1RD9;;11.0624;N.A.;N.A.;14-Mar-2017
136226;ICICI Prudential Fixed Maturity Plan - Series 78 - 1170 Days Plan I Direct Plan Cumulative Option;INF109KB1RF4;;11.0790;N.A.;N.A.;14-Mar-2017
136227;ICICI Prudential Fixed Maturity Plan - Series 78 - 1170 Days Plan I Direct Plan Dividend Option;INF109KB1RG2;;11.0271;N.A.;N.A.;14-Mar-2017
136225;ICICI Prudential Fixed Maturity Plan - Series 78 - 1170 Days Plan I Dividend Option;INF109KB1RE7;;11.0111;N.A.;N.A.;14-Mar-2017
136047;ICICI Prudential Fixed Maturity Plan - Series 78 - 1185 Days Plan F Cumulative Option;INF109KB1QB5;;11.0322;N.A.;N.A.;14-Mar-2017
136046;ICICI Prudential Fixed Maturity Plan - Series 78 - 1185 Days Plan F Direct Plan Cumulative Option;INF109KB1QD1;;11.0523;N.A.;N.A.;14-Mar-2017
136049;ICICI Prudential Fixed Maturity Plan - Series 78 - 1185 Days Plan F Direct Plan Dividend Option;INF109KB1QE9;;11.0523;N.A.;N.A.;14-Mar-2017
136048;ICICI Prudential Fixed Maturity Plan - Series 78 - 1185 Days Plan F Dividend Option;INF109KB1QC3;;11.0321;N.A.;N.A.;14-Mar-2017
135930;ICICI Prudential Fixed Maturity Plan - Series 78 - 1190 Days Plan C Cumulative Option;INF109KB1PH4;;11.0238;N.A.;N.A.;14-Mar-2017
135928;ICICI Prudential Fixed Maturity Plan - Series 78 - 1190 Days Plan C Direct Plan Cumulative Option;INF109KB1PJ0;;11.0784;N.A.;N.A.;14-Mar-2017
135929;ICICI Prudential Fixed Maturity Plan - Series 78 - 1190 Days Plan C Direct Plan Dividend Option;INF109KB1PK8;;11.0784;N.A.;N.A.;14-Mar-2017
135931;ICICI Prudential Fixed Maturity Plan - Series 78 - 1190 Days Plan C Dividend Option;INF109KB1PI2;;11.0238;N.A.;N.A.;14-Mar-2017
135995;ICICI Prudential Fixed Maturity Plan - Series 78 - 1190 Days Plan E Cumulative Option;INF109KB1PT9;;11.0431;N.A.;N.A.;14-Mar-2017
135992;ICICI Prudential Fixed Maturity Plan - Series 78 - 1190 Days Plan E Direct Plan Cumulative Option;INF109KB1PV5;;11.0641;N.A.;N.A.;14-Mar-2017
135993;ICICI Prudential Fixed Maturity Plan - Series 78 - 1190 Days Plan E Direct Plan Dividend Option;INF109KB1PW3;;11.0641;N.A.;N.A.;14-Mar-2017
135994;ICICI Prudential Fixed Maturity Plan - Series 78 - 1190 Days Plan E Dividend Option;INF109KB1PU7;;11.0431;N.A.;N.A.;14-Mar-2017
135846;ICICI Prudential Fixed Maturity Plan - Series 78 - 1212 Days Plan A Cumulative Option;INF109KB1OR6;;11.0685;N.A.;N.A.;14-Mar-2017
135847;ICICI Prudential Fixed Maturity Plan - Series 78 - 1212 Days Plan A Direct Plan Cumulative Option;INF109KB1OT2;;11.1327;N.A.;N.A.;14-Mar-2017
135845;ICICI Prudential Fixed Maturity Plan - Series 78 - 1212 Days Plan A Direct Plan Dividend Option;INF109KB1OU0;;11.1327;N.A.;N.A.;14-Mar-2017
135848;ICICI Prudential Fixed Maturity Plan - Series 78 - 1212 Days Plan A Dividend Option;INF109KB1OS4;;11.0685;N.A.;N.A.;14-Mar-2017
139114;ICICI Prudential Fixed Maturity Plan - Series 78 - 1281 Days Plan V Cumulative Option;INF109KB1TT1;;10.9804;N.A.;N.A.;14-Mar-2017
139113;ICICI Prudential Fixed Maturity Plan - Series 78 - 1281 Days Plan V Direct Plan Cumulative Option;INF109KB1TV7;;11.0211;N.A.;N.A.;14-Mar-2017
139111;ICICI Prudential Fixed Maturity Plan - Series 78 - 1281 Days Plan V Direct Plan Dividend Option;INF109KB1TW5;;11.0211;N.A.;N.A.;14-Mar-2017
139112;ICICI Prudential Fixed Maturity Plan - Series 78 - 1281 Days Plan V Dividend Option;INF109KB1TU9;;10.9804;N.A.;N.A.;14-Mar-2017
139762;ICICI Prudential Fixed Maturity Plan - Series 79 - 1104 Days Plan O Cumulative Option;INF109KB1ZQ4;;10.4768;N.A.;N.A.;14-Mar-2017
139761;ICICI Prudential Fixed Maturity Plan - Series 79 - 1104 Days Plan O Direct Plan Cumulative Option;INF109KB1ZS0;;10.5116;N.A.;N.A.;14-Mar-2017
139760;ICICI Prudential Fixed Maturity Plan - Series 79 - 1104 Days Plan O Direct Plan Dividend Option;INF109KB1ZT8;;10.5116;N.A.;N.A.;14-Mar-2017
139759;ICICI Prudential Fixed Maturity Plan - Series 79 - 1104 Days Plan O Dividend Option;INF109KB1ZR2;;10.4768;N.A.;N.A.;14-Mar-2017
139841;ICICI Prudential Fixed Maturity Plan - Series 79 - 1104 Days Plan P Cumulative Option;INF109KB1B48;;10.3337;N.A.;N.A.;14-Mar-2017
139842;ICICI Prudential Fixed Maturity Plan - Series 79 - 1104 Days Plan P Direct Plan Cumulative Option;INF109KB1B63;;10.3573;N.A.;N.A.;14-Mar-2017
139843;ICICI Prudential Fixed Maturity Plan - Series 79 - 1104 Days Plan P Direct Plan Dividend Option;INF109KB1B71;;10.3573;N.A.;N.A.;14-Mar-2017
139844;ICICI Prudential Fixed Maturity Plan - Series 79 - 1104 Days Plan P Dividend Option;INF109KB1B55;;10.3337;N.A.;N.A.;14-Mar-2017
139342;ICICI Prudential Fixed Maturity Plan - Series 79 - 1105 Days Plan B Cumulative Option;INF109KB1VL4;;10.6758;N.A.;N.A.;14-Mar-2017
139341;ICICI Prudential Fixed Maturity Plan - Series 79 - 1105 Days Plan B Direct Plan Cumulative Option;INF109KB1VN0;;10.7420;N.A.;N.A.;14-Mar-2017
139343;ICICI Prudential Fixed Maturity Plan - Series 79 - 1105 Days Plan B Direct Plan Dividend Option;INF109KB1VO8;;10.7424;N.A.;N.A.;14-Mar-2017
139340;ICICI Prudential Fixed Maturity Plan - Series 79 - 1105 Days Plan B Dividend Option;INF109KB1VM2;;10.6758;N.A.;N.A.;14-Mar-2017
139747;ICICI Prudential Fixed Maturity Plan - Seires 79 - 1106 Days Plan M Cumulative Option;INF109KB1ZI1;;10.3866;N.A.;N.A.;14-Mar-2017
139749;ICICI Prudential Fixed Maturity Plan - Series 79 - 1106 Days Plan M  Dividend Option;INF109KB1ZJ9;;10.3866;N.A.;N.A.;14-Mar-2017
139748;ICICI Prudential Fixed Maturity Plan - Series 79 - 1106 Days Plan M Direct Plan Cumulative Option;INF109KB1ZK7;;10.4144;N.A.;N.A.;14-Mar-2017
139750;ICICI Prudential Fixed Maturity Plan - Series 79 - 1106 Days Plan M Direct Plan Dividend Option;INF109KB1ZL5;;10.4144;N.A.;N.A.;14-Mar-2017
139704;ICICI Prudential Fixed Maturity Plan - Series 79 - 1118 Days Plan K Cumulative Option;INF109KB1YS3;;10.4016;N.A.;N.A.;14-Mar-2017
139702;ICICI Prudential Fixed Maturity Plan - Series 79 - 1118 Days Plan K Direct Plan Cumulative Option;INF109KB1YU9;;10.4295;N.A.;N.A.;14-Mar-2017
139703;ICICI Prudential Fixed Maturity Plan - Series 79 - 1118 Days Plan K Direct Plan Dividend Option;INF109KB1YV7;;10.4295;N.A.;N.A.;14-Mar-2017
139701;ICICI Prudential Fixed Maturity Plan - Series 79 - 1118 Days Plan K Dividend Option;INF109KB1YT1;;10.4016;N.A.;N.A.;14-Mar-2017
139642;ICICI Prudential Fixed Maturity Plan - Series 79 - 1120 Days Plan J Cumulative Option;INF109KB1YO2;;10.4597;N.A.;N.A.;14-Mar-2017
139643;ICICI Prudential Fixed Maturity Plan - Series 79 - 1120 Days Plan J Direct Plan Cumulative Option;INF109KB1YQ7;;10.4848;N.A.;N.A.;14-Mar-2017
139645;ICICI Prudential Fixed Maturity Plan - Series 79 - 1120 Days Plan J Dividend Option;INF109KB1YP9;;10.4597;N.A.;N.A.;14-Mar-2017
139475;ICICI Prudential Fixed Maturity Plan - Series 79 - 1130 Days Plan E  Cumulative Option;INF109KB1XH8;;10.5703;N.A.;N.A.;14-Mar-2017
139477;ICICI Prudential Fixed Maturity Plan - Series 79 - 1130 Days Plan E  Direct Plan Cumulative Option;INF109KB1XJ4;;10.5939;N.A.;N.A.;14-Mar-2017
139476;ICICI Prudential Fixed Maturity Plan - Series 79 - 1130 Days Plan E  Direct Plan Dividend Option;INF109KB1XK2;;10.5939;N.A.;N.A.;14-Mar-2017
139474;ICICI Prudential Fixed Maturity Plan - Series 79 - 1130 Days Plan E  Dividend Option;INF109KB1XI6;;10.5703;N.A.;N.A.;14-Mar-2017
139451;ICICI Prudential Fixed Maturity Plan - Series 79 - 1140 Days Plan D  Cumulative Option;INF109KB1XD7;;10.6762;N.A.;N.A.;14-Mar-2017
139453;ICICI Prudential Fixed Maturity Plan - Series 79 - 1140 Days Plan D  Direct Plan Cumulative Option;INF109KB1XF2;;10.7303;N.A.;N.A.;14-Mar-2017
139452;ICICI Prudential Fixed Maturity Plan - Series 79 - 1140 Days Plan D  Direct Plan Dividend Option;INF109KB1XG0;;10.7303;N.A.;N.A.;14-Mar-2017
139454;ICICI Prudential Fixed Maturity Plan - Series 79 - 1140 Days Plan D  Dividend Option;INF109KB1XE5;;10.6762;N.A.;N.A.;14-Mar-2017
139295;ICICI Prudential Fixed Maturity Plan - Series 79 - 1218 Days Plan A Cumulative Option;INF109KB1UZ6;;10.8100;N.A.;N.A.;14-Mar-2017
139297;ICICI Prudential Fixed Maturity Plan - Series 79 - 1218 Days Plan A Direct Plan Cumulative Option;INF109KB1VB5;;10.9255;N.A.;N.A.;14-Mar-2017
139298;ICICI Prudential Fixed Maturity Plan - Series 79 - 1218 Days Plan A Direct Plan Dividend Option;INF109KB1VC3;;10.9255;N.A.;N.A.;14-Mar-2017
139296;ICICI Prudential Fixed Maturity Plan - Series 79 - 1218 Days Plan A Dividend Option;INF109KB1VA7;;10.8100;N.A.;N.A.;14-Mar-2017
139943;ICICI Prudential Fixed Maturity Plan - Series 79 - 1404 Days Plan T Cumulative Option;INF109KB1C62;;10.2903;N.A.;N.A.;14-Mar-2017
139941;ICICI Prudential Fixed Maturity Plan - Series 79 - 1404 Days Plan T Direct Plan Cumulative Option;INF109KB1C88;;10.3078;N.A.;N.A.;14-Mar-2017
139944;ICICI Prudential Fixed Maturity Plan - Series 79 - 1404 Days Plan T Dividend Option;INF109KB1C70;;10.2904;N.A.;N.A.;14-Mar-2017
140019;ICICI Prudential Fixed Maturity Plan - Series 80 - 1100 Days Plan A Cumulative Option;INF109KB1H42;;10.3318;N.A.;N.A.;14-Mar-2017
140022;ICICI Prudential Fixed Maturity Plan - Series 80 - 1100 Days Plan A Direct Plan Cumulative Option;INF109KB1H67;;10.3598;N.A.;N.A.;14-Mar-2017
140020;ICICI Prudential Fixed Maturity Plan - Series 80 - 1100 Days Plan A Direct Plan Dividend Option;INF109KB1H75;;10.3598;N.A.;N.A.;14-Mar-2017
140021;ICICI Prudential Fixed Maturity Plan - Series 80 - 1100 Days Plan A Dividend Option;INF109KB1H59;;10.3318;N.A.;N.A.;14-Mar-2017
140621;ICICI Prudential Fixed Maturity Plan - Series 80 - 1170 Days Plan I - Cumulative Option;INF109KB1P83;;9.9978;N.A.;N.A.;14-Mar-2017
140623;ICICI Prudential Fixed Maturity Plan - Series 80 - 1170 Days Plan I - Direct Plan - Cumulative Option;INF109KB1Q09;;10.0023;N.A.;N.A.;14-Mar-2017
140624;ICICI Prudential Fixed Maturity Plan - Series 80 - 1170 Days Plan I - Direct Plan - Dividend Option;INF109KB1Q17;;10.0023;N.A.;N.A.;14-Mar-2017
140622;ICICI Prudential Fixed Maturity Plan - Series 80 - 1170 Days Plan I - Dividend Option;INF109KB1P91;;9.9978;N.A.;N.A.;14-Mar-2017
140777;ICICI Prudential Fixed Maturity Plan - Series 80 - 1245 Days Plan L - Cumulative Option;INF109KB1T06;;9.9999;N.A.;N.A.;14-Mar-2017
140778;ICICI Prudential Fixed Maturity Plan - Series 80 - 1245 Days Plan L - Direct Plan - Cumulative Option;INF109KB1T22;;9.9999;N.A.;N.A.;14-Mar-2017
140779;ICICI Prudential Fixed Maturity Plan - Series 80 - 1245 Days Plan L - Direct Plan - Dividend Option;INF109KB1T30;;9.9999;N.A.;N.A.;14-Mar-2017
140780;ICICI Prudential Fixed Maturity Plan - Series 80 - 1245 Days Plan L - Dividend Option;INF109KB1T14;;9.9999;N.A.;N.A.;14-Mar-2017
140111;ICICI Prudential Fixed Maturity Plan - Series 80 - 1248 Days Plan D - Cumulative Option;INF109KB1K05;;10.1761;N.A.;N.A.;14-Mar-2017
140109;ICICI Prudential Fixed Maturity Plan - Series 80 - 1248 Days Plan D - Direct Plan - Cumulative Option;INF109KB1K21;;10.1886;N.A.;N.A.;14-Mar-2017
140108;ICICI Prudential Fixed Maturity Plan - Series 80 - 1248 Days Plan D - Dividend Option;INF109KB1K13;;10.1761;N.A.;N.A.;14-Mar-2017
140661;ICICI Prudential Fixed Maturity Plan - Series 80 - 1253 Days Plan J - Cumulative Option;INF109KB1R40;;9.9926;N.A.;N.A.;14-Mar-2017
140663;ICICI Prudential Fixed Maturity Plan - Series 80 - 1253 Days Plan J - Direct Plan - Cumulative Option;INF109KB1R65;;9.9931;N.A.;N.A.;14-Mar-2017
140662;ICICI Prudential Fixed Maturity Plan - Series 80 - 1253 Days Plan J - Dividend Option;INF109KB1R57;;9.9926;N.A.;N.A.;14-Mar-2017
130085;ICICI Prudential Fixed Maturity Plan - Series 74 -369 Days Plan T Direct Plan Cumulative Option;INF109KB1GL5;;12.5874;N.A.;N.A.;14-Mar-2017
130088;ICICI Prudential Fixed Maturity Plan -Series 74 -369 Days Plan T - Cumulative Option;INF109KB1GN1;;12.5707;N.A.;N.A.;14-Mar-2017
130087;ICICI Prudential Fixed Maturity Plan -Series 74 -369 Days Plan T - Dividend Option;INF109KB1GO9;;12.5129;N.A.;N.A.;14-Mar-2017
130086;ICICI Prudential Fixed Maturity Plan -Series 74 -369 Days Plan T Direct Plan Dividend Option;INF109KB1GM3;;12.5295;N.A.;N.A.;14-Mar-2017
130178;ICICI Prudential Fixed Maturity Plan - Series 74 - 370 Days Plan V - Cumulative Option;INF109KB1IH9;;12.5177;N.A.;N.A.;14-Mar-2017
130179;ICICI Prudential Fixed Maturity Plan - Series 74 - 370 Days Plan V - Dividend Option;INF109KB1II7;;12.4603;N.A.;N.A.;14-Mar-2017
130177;ICICI Prudential Fixed Maturity Plan - Series 74 - 370 Days Plan V Direct Plan Cumulative Option;INF109KB1IJ5;;12.5373;N.A.;N.A.;14-Mar-2017
130180;ICICI Prudential Fixed Maturity Plan - Series 74 - 370 Days Plan V Direct Plan Dividend Option;INF109KB1IK3;;12.4798;N.A.;N.A.;14-Mar-2017
133503;ICICI Prudential Fixed Maturity Plan-Series 76 -1185 Days Plan H Cumulative Option;INF109KA16S9;;12.3967;N.A.;N.A.;14-Mar-2017
133504;ICICI Prudential Fixed Maturity Plan-Series 76 -1185 Days Plan H Direct Plan Cumulative Option;INF109KA18S5;;12.5198;N.A.;N.A.;14-Mar-2017
133501;ICICI Prudential Fixed Maturity Plan-Series 76 -1185 Days Plan H Direct Plan Dividend Option;INF109KA19S3;;12.5198;N.A.;N.A.;14-Mar-2017
133502;ICICI Prudential Fixed Maturity Plan-Series 76 -1185 Days Plan H Dividend Option;INF109KA17S7;;12.3967;N.A.;N.A.;14-Mar-2017
129236;ICICI Prudential Fixed Maturity Plan - Series 74 - 780 Days Plan E Cumulative Option;INF109KB1XL0;;12.7132;N.A.;N.A.;14-Mar-2017
129238;ICICI Prudential Fixed Maturity Plan - Series 74 - 780 Days Plan E Direct Plan Cumulative Option;INF109KB1XN6;;12.8310;N.A.;N.A.;14-Mar-2017
129239;ICICI Prudential Fixed Maturity Plan - Series 74 - 780 Days Plan E Direct Plan Dividend Option;INF109KB1XO4;;12.1064;N.A.;N.A.;14-Mar-2017
129237;ICICI Prudential Fixed Maturity Plan - Series 74 - 780 Days Plan E Dividend Option;INF109KB1XM8;;12.0188;N.A.;N.A.;14-Mar-2017
140545;ICICI Prudential Fixed Maturity Plan - Series 80 - 1187 Days Plan G - Cumulative Option;INF109KB1O27;;9.9527;N.A.;N.A.;14-Mar-2017
140548;ICICI Prudential Fixed Maturity Plan - Series 80 - 1187 Days Plan G - Direct Plan - Cumulative Option;INF109KB1O35;;9.9537;N.A.;N.A.;14-Mar-2017
140547;ICICI Prudential Fixed Maturity Plan - Series 80 - 1187 Days Plan G - Direct Plan - Dividend Option;INF109KB1O43;;9.9537;N.A.;N.A.;14-Mar-2017
140546;ICICI Prudential Fixed Maturity Plan - Series 80 - 1187 Days Plan G - Dividend Option;INF109KB1O50;;9.9527;N.A.;N.A.;14-Mar-2017
140537;ICICI Prudential Fixed Maturity Plan - Series 80 - 1194 Days Plan F - Cumulative Option;INF109KB1N85;;9.9804;N.A.;N.A.;14-Mar-2017
140538;ICICI Prudential Fixed Maturity Plan - Series 80 - 1194 Days Plan F - Direct Plan - Cumulative Option;INF109KB1O01;;9.9816;N.A.;N.A.;14-Mar-2017
140539;ICICI Prudential Fixed Maturity Plan - Series 80 - 1194 Days Plan F - Direct Plan - Dividend Option;INF109KB1O19;;9.9816;N.A.;N.A.;14-Mar-2017
140540;ICICI Prudential Fixed Maturity Plan - Series 80 - 1194 Days Plan F - Dividend Option;INF109KB1N93;;9.9804;N.A.;N.A.;14-Mar-2017
129855;ICICI Prudential Fixed Maturity Plan - Series 74 - 367 Days Plan N  Cumulative Option;INF109KB1FU8;;12.5811;N.A.;N.A.;14-Mar-2017
129854;ICICI Prudential Fixed Maturity Plan - Series 74 - 367 Days Plan N Direct Plan Cumulative Option;INF109KB1FS2;;12.6019;N.A.;N.A.;14-Mar-2017
129856;ICICI Prudential Fixed Maturity Plan - Series 74 - 367 Days Plan N Dividend Option;INF109KB1FT0;;12.5235;N.A.;N.A.;14-Mar-2017
129853;ICICI Prudential Fixed Maturity Plan -Series 74 -367 Days Plan N Direct Plan Dividend Option;INF109KB1FR4;;12.5438;N.A.;N.A.;14-Mar-2017
135011;ICICI Prudential Fixed Maturity Plan - Series 77 - 1105 Days Plan N - Cumulative Option;INF109KB1JV8;;11.3856;N.A.;N.A.;14-Mar-2017
135012;ICICI Prudential Fixed Maturity Plan - Series 77 - 1105 Days Plan N - Direct Plan - Cumulative Option;INF109KB1JX4;;11.4553;N.A.;N.A.;14-Mar-2017
135013;ICICI Prudential Fixed Maturity Plan - Series 77 - 1105 Days Plan N - Dividend Option;INF109KB1JW6;;11.3856;N.A.;N.A.;14-Mar-2017
121956;ICICI Prudential Fixed Maturity Plan-Series 67-740 Days Plan H - Cumulative;INF109K017V7;;13.7198;N.A.;N.A.;14-Mar-2017
121955;ICICI Prudential Fixed Maturity Plan-Series 67-740 Days Plan H - Direct Plan - Cumulative;INF109K019V3;;13.8061;N.A.;N.A.;14-Mar-2017
121954;ICICI Prudential Fixed Maturity Plan-Series 67-740 Days Plan H - Dividend;INF109K018V5;;13.1840;N.A.;N.A.;14-Mar-2017
123076;ICICI Prudential Fixed Maturity Plan-Series 68-369 Days Plan K - Cumulative;INF109KA1A09;;13.6495;N.A.;N.A.;14-Mar-2017
123074;ICICI Prudential Fixed Maturity Plan-Series 68-369 Days Plan K - Direct Plan - Cumulative;INF109KA1ZY9;;13.6906;N.A.;N.A.;14-Mar-2017
122898;ICICI Prudential Fixed Maturity Plan-Series 68-745 Days Plan H - Cumulative;INF109KB1LD2;;13.5220;N.A.;N.A.;14-Mar-2017
122896;ICICI Prudential Fixed Maturity Plan-Series 68-745 Days Plan H - Direct Plan - Cumulative;INF109KB1LF7;;13.6006;N.A.;N.A.;14-Mar-2017
122998;ICICI Prudential Fixed Maturity Plan-Series 68-745 Days Plan J - Cumulative;INF109KB1LH3;;13.5894;N.A.;N.A.;14-Mar-2017
122996;ICICI Prudential Fixed Maturity Plan-Series 68-745 Days Plan J - Direct Plan - Cumulative;INF109KB1LJ9;;13.6659;N.A.;N.A.;14-Mar-2017
122999;ICICI Prudential Fixed Maturity Plan-Series 68-745 Days Plan J - Dividend;INF109KB1LI1;;11.9267;N.A.;N.A.;14-Mar-2017
123484;ICICI Prudential Fixed Maturity Plan-Series 69-1821 Days Plan H - Cumulative;INF109KA1BN3;;13.9812;N.A.;N.A.;14-Mar-2017
123482;ICICI Prudential Fixed Maturity Plan-Series 69-1821 Days Plan H - Direct Plan - Cumulative;INF109KA1BL7;;14.2277;N.A.;N.A.;14-Mar-2017
123485;ICICI Prudential Fixed Maturity Plan-Series 69-1821 Days Plan H - Dividend;INF109KA1BO1;;12.6204;N.A.;N.A.;14-Mar-2017
123186;ICICI Prudential Fixed Maturity Plan-Series 69-366 Days Plan A - Cumulative;INF109KA1A41;;13.6174;N.A.;N.A.;14-Mar-2017
123184;ICICI Prudential Fixed Maturity Plan-Series 69-366 Days Plan A - Direct Plan - Cumulative;INF109KA1A25;;13.6592;N.A.;N.A.;14-Mar-2017
123628;ICICI Prudential Fixed Maturity Plan-Series 69-369 Days Plan J - Cumulative;INF109KA1P44;;13.6232;N.A.;N.A.;14-Mar-2017
123627;ICICI Prudential Fixed Maturity Plan-Series 69-369 Days Plan J - Direct Plan - Cumulative;INF109KA1P28;;13.6550;N.A.;N.A.;14-Mar-2017
123626;ICICI Prudential Fixed Maturity Plan-Series 69-369 Days Plan J - Dividend;INF109KA1P51;;12.2607;N.A.;N.A.;14-Mar-2017
123261;ICICI Prudential Fixed Maturity Plan-Series 69-698 Days Plan B - Cumulative;INF109KB1JN5;;13.4151;N.A.;N.A.;14-Mar-2017
123259;ICICI Prudential Fixed Maturity Plan-Series 69-698 Days Plan B - Direct Plan - Cumulative;INF109KB1JP0;;13.4813;N.A.;N.A.;14-Mar-2017
125025;ICICI Prudential Fixed Maturity Plan-Series 70-1285 Days Plan T - Cumulative;INF109KA1GH4;;13.3516;N.A.;N.A.;14-Mar-2017
125023;ICICI Prudential Fixed Maturity Plan-Series 70-1285 Days Plan T - Direct Plan - Cumulative;INF109KA1GF8;;13.4652;N.A.;N.A.;14-Mar-2017
125024;ICICI Prudential Fixed Maturity Plan-Series 70-1285 Days Plan T - Direct Plan - Dividend;INF109KA1GG6;;12.6852;N.A.;N.A.;14-Mar-2017
125026;ICICI Prudential Fixed Maturity Plan-Series 70-1285 Days Plan T - Dividend;INF109KA1GI2;;12.5760;N.A.;N.A.;14-Mar-2017
124217;ICICI Prudential Fixed Maturity Plan-Series 70-367 Days Plan C - Cumulative;INF109KA1T24;;13.5186;N.A.;N.A.;14-Mar-2017
124215;ICICI Prudential Fixed Maturity Plan-Series 70-367 Days Plan C - Direct Plan - Cumulative;INF109KA1T08;;13.5496;N.A.;N.A.;14-Mar-2017
124720;ICICI Prudential Fixed Maturity Plan-Series 70-367 Days Plan N - Cumulative;INF109KA1Z91;;13.2051;N.A.;N.A.;14-Mar-2017
124718;ICICI Prudential Fixed Maturity Plan-Series 70-367 Days Plan N - Direct Plan - Cumulative;INF109KA1Y84;;13.2386;N.A.;N.A.;14-Mar-2017
124922;ICICI Prudential Fixed Maturity Plan-Series 70-540 Days Plan S - Cumulative;INF109KB1BZ6;;13.2551;N.A.;N.A.;14-Mar-2017
124920;ICICI Prudential Fixed Maturity Plan-Series 70-540 Days Plan S - Direct Plan - Cumulative;INF109KB1CB5;;13.3137;N.A.;N.A.;14-Mar-2017
125867;ICICI Prudential Fixed Maturity Plan-Series 71-1095 Days Plan O - Cumulative;INF109KA1IL2;;13.0464;N.A.;N.A.;14-Mar-2017
125865;ICICI Prudential Fixed Maturity Plan-Series 71-1095 Days Plan O - Direct Plan - Cumulative;INF109KA1IN8;;13.2274;N.A.;N.A.;14-Mar-2017
125866;ICICI Prudential Fixed Maturity Plan-Series 71-1095 Days Plan O - Direct Plan - Dividend;INF109KA1IO6;;12.1418;N.A.;N.A.;14-Mar-2017
125868;ICICI Prudential Fixed Maturity Plan-Series 71-1095 Days Plan O - Dividend;INF109KA1IM0;;12.0286;N.A.;N.A.;14-Mar-2017
125971;ICICI Prudential Fixed Maturity Plan-Series 71-480 Days Plan L - Cumulative;INF109KB1CD1;;13.0139;N.A.;N.A.;14-Mar-2017
125969;ICICI Prudential Fixed Maturity Plan-Series 71-480 Days Plan L - Direct Plan - Cumulative;INF109KB1CF6;;13.0926;N.A.;N.A.;14-Mar-2017
125972;ICICI Prudential Fixed Maturity Plan-Series 71-480 Days Plan L - Dividend;INF109KB1CE9;;12.1077;N.A.;N.A.;14-Mar-2017
125684;ICICI Prudential Fixed Maturity Plan-Series 71-505 Days Plan H - Cumulative;INF109KB1EB1;;13.1079;N.A.;N.A.;14-Mar-2017
125683;ICICI Prudential Fixed Maturity Plan-Series 71-505 Days Plan H - Direct Plan - Cumulative;INF109KB1ED7;;13.1895;N.A.;N.A.;14-Mar-2017
125686;ICICI Prudential Fixed Maturity Plan-Series 71-505 Days Plan H - Direct Plan - Dividend;INF109KB1EE5;;13.1312;N.A.;N.A.;14-Mar-2017
125434;ICICI Prudential Fixed Maturity Plan-Series 71-525 Days Plan D - Cumulative;INF109KB1EF2;;13.1952;N.A.;N.A.;14-Mar-2017
125432;ICICI Prudential Fixed Maturity Plan-Series 71-525 Days Plan D - Direct Plan - Cumulative;INF109KB1EH8;;13.2507;N.A.;N.A.;14-Mar-2017
125435;ICICI Prudential Fixed Maturity Plan-Series 71-525 Days Plan D - Dividend;INF109KB1EG0;;13.1371;N.A.;N.A.;14-Mar-2017
127230;ICICI Prudential Fixed Maturity Plan-Series 72-1075 Days Plan Q - Cumulative;INF109KA1NN8;;13.0923;N.A.;N.A.;14-Mar-2017
127227;ICICI Prudential Fixed Maturity Plan-Series 72-1075 Days Plan Q - Direct Plan - Cumulative;INF109KA1NP3;;13.3031;N.A.;N.A.;14-Mar-2017
127229;ICICI Prudential Fixed Maturity Plan-Series 72-1075 Days Plan Q - Direct Plan - Dividend;INF109KA1NQ1;;12.4211;N.A.;N.A.;14-Mar-2017
127228;ICICI Prudential Fixed Maturity Plan-Series 72-1075 Days Plan Q - Dividend;INF109KA1NO6;;12.2614;N.A.;N.A.;14-Mar-2017
126476;ICICI Prudential Fixed Maturity Plan-Series 72-1092 Days Plan F - Cumulative;INF109KA1LB7;;13.0927;N.A.;N.A.;14-Mar-2017
126475;ICICI Prudential Fixed Maturity Plan-Series 72-1092 Days Plan F - Direct Plan - Cumulative;INF109KA1LD3;;13.2948;N.A.;N.A.;14-Mar-2017
126473;ICICI Prudential Fixed Maturity Plan-Series 72-1092 Days Plan F - Direct Plan - Dividend;INF109KA1LE1;;12.4191;N.A.;N.A.;14-Mar-2017
126474;ICICI Prudential Fixed Maturity Plan-Series 72-1092 Days Plan F - Dividend;INF109KA1LC5;;12.2745;N.A.;N.A.;14-Mar-2017
126325;ICICI Prudential Fixed Maturity Plan-Series 72-366 Days Plan C - Cumulative;INF109KA12R0;;12.8852;N.A.;N.A.;14-Mar-2017
126324;ICICI Prudential Fixed Maturity Plan-Series 72-366 Days Plan C - Direct Plan - Cumulative;INF109KA14R6;;12.9241;N.A.;N.A.;14-Mar-2017
126929;ICICI Prudential Fixed Maturity Plan-Series 72-366 Days Plan M - Cumulative;INF109KA12W0;;12.8767;N.A.;N.A.;14-Mar-2017
126927;ICICI Prudential Fixed Maturity Plan-Series 72-366 Days Plan M - Direct Plan - Cumulative;INF109KA14W6;;12.9060;N.A.;N.A.;14-Mar-2017
126928;ICICI Prudential Fixed Maturity Plan-Series 72-366 Days Plan M - Direct Plan - Dividend;INF109KA15W3;;12.7966;N.A.;N.A.;14-Mar-2017
127233;ICICI Prudential Fixed Maturity Plan-Series 72-367 Days Plan R - Cumulative;INF109KA16W1;;12.8731;N.A.;N.A.;14-Mar-2017
127231;ICICI Prudential Fixed Maturity Plan-Series 72-367 Days Plan R - Direct Plan - Cumulative;INF109KA18W7;;12.8921;N.A.;N.A.;14-Mar-2017
126127;ICICI Prudential Fixed Maturity Plan-Series 72-368 Days Plan A - Cumulative;INF109KA10Q6;;12.9546;N.A.;N.A.;14-Mar-2017
126125;ICICI Prudential Fixed Maturity Plan-Series 72-368 Days Plan A - Direct Plan - Cumulative;INF109KA12Q2;;12.9966;N.A.;N.A.;14-Mar-2017
126128;ICICI Prudential Fixed Maturity Plan-Series 72-368 Days Plan A - Dividend;INF109KA11Q4;;12.0609;N.A.;N.A.;14-Mar-2017
126334;ICICI Prudential Fixed Maturity Plan-Series 72-368 Days Plan D - Cumulative;INF109KA11S0;;12.8851;N.A.;N.A.;14-Mar-2017
126332;ICICI Prudential Fixed Maturity Plan-Series 72-368 Days Plan D - Direct Plan - Cumulative;INF109KA13S6;;12.9292;N.A.;N.A.;14-Mar-2017
126335;ICICI Prudential Fixed Maturity Plan-Series 72-368 Days Plan D - Dividend;INF109KA12S8;;11.5174;N.A.;N.A.;14-Mar-2017
126562;ICICI Prudential Fixed Maturity Plan-Series 72-370 Days Plan G - Cumulative;INF109KA16U5;;12.8864;N.A.;N.A.;14-Mar-2017
126560;ICICI Prudential Fixed Maturity Plan-Series 72-370 Days Plan G - Direct Plan - Cumulative;INF109KA18U1;;12.9117;N.A.;N.A.;14-Mar-2017
127261;ICICI Prudential Fixed Maturity Plan-Series 72-409 Days Plan S - Cumulative;INF109KB1AX3;;12.9565;N.A.;N.A.;14-Mar-2017
127259;ICICI Prudential Fixed Maturity Plan-Series 72-409 Days Plan S - Direct Plan - Cumulative;INF109KB1AZ8;;13.0748;N.A.;N.A.;14-Mar-2017
127260;ICICI Prudential Fixed Maturity Plan-Series 72-409 Days Plan S - Direct Plan - Dividend;INF109KB1BA9;;13.0158;N.A.;N.A.;14-Mar-2017
127262;ICICI Prudential Fixed Maturity Plan-Series 72-409 Days Plan S - Dividend;INF109KB1AY1;;12.8968;N.A.;N.A.;14-Mar-2017
127032;ICICI Prudential Fixed Maturity Plan-Series 72-425 Days Plan N - Cumulative;INF109KB1BR3;;12.9063;N.A.;N.A.;14-Mar-2017
127031;ICICI Prudential Fixed Maturity Plan-Series 72-425 Days Plan N - Direct Plan - Cumulative;INF109KB1BT9;;13.0009;N.A.;N.A.;14-Mar-2017
127033;ICICI Prudential Fixed Maturity Plan-Series 72-425 Days Plan N - Dividend;INF109KB1BS1;;12.1788;N.A.;N.A.;14-Mar-2017
126804;ICICI Prudential Fixed Maturity Plan-Series 72-440 Days Plan L - Cumulative;INF109KB1CH2;;12.9030;N.A.;N.A.;14-Mar-2017
126802;ICICI Prudential Fixed Maturity Plan-Series 72-440 Days Plan L - Direct Plan - Cumulative;INF109KB1CJ8;;12.9925;N.A.;N.A.;14-Mar-2017
126803;ICICI Prudential Fixed Maturity Plan-Series 72-440 Days Plan L - Direct Plan - Dividend;INF109KB1CK6;;12.1660;N.A.;N.A.;14-Mar-2017
126801;ICICI Prudential Fixed Maturity Plan-Series 72-440 Days Plan L - Dividend;INF109KB1CI0;;12.1191;N.A.;N.A.;14-Mar-2017
126642;ICICI Prudential Fixed Maturity Plan-Series 72-483 Days Plan J - Cumulative;INF109KB1GC4;;12.9292;N.A.;N.A.;14-Mar-2017
126641;ICICI Prudential Fixed Maturity Plan-Series 72-483 Days Plan J - Direct Plan - Cumulative;INF109KB1GA8;;13.0382;N.A.;N.A.;14-Mar-2017
126397;ICICI Prudential Fixed Maturity Plan-Series 72-500 Days Plan E - Cumulative;INF109KB1HF5;;12.9548;N.A.;N.A.;14-Mar-2017
126396;ICICI Prudential Fixed Maturity Plan-Series 72-500 Days Plan E - Direct Plan - Cumulative;INF109KB1HH1;;13.0373;N.A.;N.A.;14-Mar-2017
126169;ICICI Prudential Fixed Maturity Plan-Series 72-525 Days Plan B - Cumulative;INF109KB1HJ7;;12.7174;N.A.;N.A.;14-Mar-2017
126167;ICICI Prudential Fixed Maturity Plan-Series 72-525 Days Plan B - Direct Plan - Cumulative;INF109KB1HL3;;12.8322;N.A.;N.A.;14-Mar-2017
126170;ICICI Prudential Fixed Maturity Plan-Series 72-525 Days Plan B - Dividend;INF109KB1HK5;;12.6612;N.A.;N.A.;14-Mar-2017
126829;ICICI Prudential Fixed Maturity Plan-Series 72-785 Days Plan O - Cumulative;INF109KA1MH2;;12.8888;N.A.;N.A.;14-Mar-2017
126831;ICICI Prudential Fixed Maturity Plan-Series 72-785 Days Plan O - Direct Plan - Cumulative;INF109KA1MJ8;;13.0424;N.A.;N.A.;14-Mar-2017
126832;ICICI Prudential Fixed Maturity Plan-Series 72-785 Days Plan O - Direct Plan - Dividend;INF109KA1MK6;;12.2201;N.A.;N.A.;14-Mar-2017
126830;ICICI Prudential Fixed Maturity Plan-Series 72-785 Days Plan O - Dividend;INF109KA1MI0;;12.1150;N.A.;N.A.;14-Mar-2017
126499;ICICI Prudential Fixed Maturity Plan-Series 72-823 Days Plan H - Cumulative;INF109KA1KX3;;13.3187;N.A.;N.A.;14-Mar-2017
126502;ICICI Prudential Fixed Maturity Plan-Series 72-823 Days Plan H - Direct Plan - Cumulative;INF109KA1KZ8;;13.4610;N.A.;N.A.;14-Mar-2017
126500;ICICI Prudential Fixed Maturity Plan-Series 72-823 Days Plan H - Direct Plan - Dividend;INF109KA1LA9;;12.4332;N.A.;N.A.;14-Mar-2017
126501;ICICI Prudential Fixed Maturity Plan-Series 72-823 Days Plan H - Dividend;INF109KA1KY1;;12.3461;N.A.;N.A.;14-Mar-2017
128359;ICICI Prudential Fixed Maturity Plan-Series 73-1120 Days Plan L - Cumulative;INF109KA1QJ9;;12.9133;N.A.;N.A.;14-Mar-2017
128361;ICICI Prudential Fixed Maturity Plan-Series 73-1120 Days Plan L - Direct Plan - Cumulative;INF109KA1QL5;;13.0911;N.A.;N.A.;14-Mar-2017
128358;ICICI Prudential Fixed Maturity Plan-Series 73-1120 Days Plan L - Direct Plan - Dividend;INF109KA1QM3;;12.8100;N.A.;N.A.;14-Mar-2017
128360;ICICI Prudential Fixed Maturity Plan-Series 73-1120 Days Plan L - Dividend;INF109KA1QK7;;12.6340;N.A.;N.A.;14-Mar-2017
127617;ICICI Prudential Fixed Maturity Plan-Series 73-366 Days Plan A - Cumulative;INF109KA18Z0;;12.8558;N.A.;N.A.;14-Mar-2017
127618;ICICI Prudential Fixed Maturity Plan-Series 73-366 Days Plan A - Direct Plan - Cumulative;INF109KB1011;;12.8870;N.A.;N.A.;14-Mar-2017
127619;ICICI Prudential Fixed Maturity Plan-Series 73-366 Days Plan A - Dividend;INF109KA19Z8;;12.1167;N.A.;N.A.;14-Mar-2017
127714;ICICI Prudential Fixed Maturity Plan-Series 73-366 Days Plan B - Cumulative;INF109KA14Z9;;12.8530;N.A.;N.A.;14-Mar-2017
127712;ICICI Prudential Fixed Maturity Plan-Series 73-366 Days Plan B - Direct Plan - Cumulative;INF109KA16Z4;;12.8852;N.A.;N.A.;14-Mar-2017
127717;ICICI Prudential Fixed Maturity Plan-Series 73-368 Days Plan D - Cumulative;INF109KB1078;;12.8161;N.A.;N.A.;14-Mar-2017
127716;ICICI Prudential Fixed Maturity Plan-Series 73-368 Days Plan D - Direct Plan - Cumulative;INF109KB1094;;12.8513;N.A.;N.A.;14-Mar-2017
127718;ICICI Prudential Fixed Maturity Plan-Series 73-368 Days Plan D - Dividend;INF109KB1086;;12.7561;N.A.;N.A.;14-Mar-2017
128357;ICICI Prudential Fixed Maturity Plan-Series 73-368 Days Plan M - Cumulative;INF109KB1516;;12.7518;N.A.;N.A.;14-Mar-2017
128354;ICICI Prudential Fixed Maturity Plan-Series 73-368 Days Plan M - Direct Plan - Cumulative;INF109KB1532;;12.7822;N.A.;N.A.;14-Mar-2017
128356;ICICI Prudential Fixed Maturity Plan-Series 73-368 Days Plan M - Dividend;INF109KB1524;;12.6933;N.A.;N.A.;14-Mar-2017
128814;ICICI Prudential Fixed Maturity Plan-Series 73-368 Days Plan R - Cumulative;INF109KB1599;;12.7109;N.A.;N.A.;14-Mar-2017
128812;ICICI Prudential Fixed Maturity Plan-Series 73-368 Days Plan R - Direct Plan - Cumulative;INF109KB1615;;12.7247;N.A.;N.A.;14-Mar-2017
128058;ICICI Prudential Fixed Maturity Plan-Series 73-369 Days Plan H - Cumulative;INF109KB1037;;12.8271;N.A.;N.A.;14-Mar-2017
128060;ICICI Prudential Fixed Maturity Plan-Series 73-369 Days Plan H - Direct Plan - Cumulative;INF109KB1052;;12.8576;N.A.;N.A.;14-Mar-2017
128652;ICICI Prudential Fixed Maturity Plan-Series 73-369 Days Plan P- Cumulative;INF109KB1631;;12.7240;N.A.;N.A.;14-Mar-2017
128650;ICICI Prudential Fixed Maturity Plan-Series 73-369 Days Plan P- Direct Plan - Cumulative;INF109KB1656;;12.7474;N.A.;N.A.;14-Mar-2017
128653;ICICI Prudential Fixed Maturity Plan-Series 73-369 Days Plan P- Dividend;INF109KB1649;;12.6656;N.A.;N.A.;14-Mar-2017
128811;ICICI Prudential Fixed Maturity Plan-Series 73-369 Days Plan S- Cumulative;INF109KB1912;;12.7378;N.A.;N.A.;14-Mar-2017
128808;ICICI Prudential Fixed Maturity Plan-Series 73-369 Days Plan S- Direct Plan - Cumulative;INF109KB1938;;12.7687;N.A.;N.A.;14-Mar-2017
128810;ICICI Prudential Fixed Maturity Plan-Series 73-369 Days Plan S- Dividend;INF109KB1920;;12.6795;N.A.;N.A.;14-Mar-2017
128818;ICICI Prudential Fixed Maturity Plan-Series 73-369 Days Plan T - Cumulative;INF109KB1AL8;;12.7285;N.A.;N.A.;14-Mar-2017
128816;ICICI Prudential Fixed Maturity Plan-Series 73-369 Days Plan T - Direct Plan - Cumulative;INF109KB1AN4;;12.7670;N.A.;N.A.;14-Mar-2017
128819;ICICI Prudential Fixed Maturity Plan-Series 73-369 Days Plan T - Dividend;INF109KB1AM6;;12.6702;N.A.;N.A.;14-Mar-2017
128648;ICICI Prudential Fixed Maturity Plan-Series 73-376 Days Plan Q - Cumulative;INF109KB1AH6;;12.7385;N.A.;N.A.;14-Mar-2017
128646;ICICI Prudential Fixed Maturity Plan-Series 73-376 Days Plan Q - Direct Plan - Cumulative;INF109KB1AJ2;;12.7712;N.A.;N.A.;14-Mar-2017
128649;ICICI Prudential Fixed Maturity Plan-Series 73-376 Days Plan Q - Dividend;INF109KB1AI4;;12.1248;N.A.;N.A.;14-Mar-2017
128352;ICICI Prudential Fixed Maturity Plan-Series 73-378 Days Plan N - Cumulative;INF109KB1870;;12.7297;N.A.;N.A.;14-Mar-2017
128350;ICICI Prudential Fixed Maturity Plan-Series 73-378 Days Plan N - Direct Plan - Cumulative;INF109KB1896;;12.8073;N.A.;N.A.;14-Mar-2017
128498;ICICI Prudential Fixed Maturity Plan-Series 73-378 Days Plan O - Cumulative;INF109KB1AP9;;12.7379;N.A.;N.A.;14-Mar-2017
128496;ICICI Prudential Fixed Maturity Plan-Series 73-378 Days Plan O - Direct Plan - Cumulative;INF109KB1AR5;;12.7912;N.A.;N.A.;14-Mar-2017
128497;ICICI Prudential Fixed Maturity Plan-Series 73-378 Days Plan O - Direct Plan - Dividend;INF109KB1AS3;;12.7329;N.A.;N.A.;14-Mar-2017
128499;ICICI Prudential Fixed Maturity Plan-Series 73-378 Days Plan O - Dividend;INF109KB1AQ7;;12.6797;N.A.;N.A.;14-Mar-2017
128203;ICICI Prudential Fixed Maturity Plan-Series 73-383 Days Plan K - Cumulative;INF109KB1839;;12.7720;N.A.;N.A.;14-Mar-2017
128201;ICICI Prudential Fixed Maturity Plan-Series 73-383 Days Plan K - Direct Plan - Cumulative;INF109KB1854;;12.8249;N.A.;N.A.;14-Mar-2017
128204;ICICI Prudential Fixed Maturity Plan-Series 73-383 Days Plan K - Dividend;INF109KB1847;;12.7136;N.A.;N.A.;14-Mar-2017
128075;ICICI Prudential Fixed Maturity Plan-Series 73-390 Days Plan I - Cumulative;INF109KB1BJ0;;12.7661;N.A.;N.A.;14-Mar-2017
128076;ICICI Prudential Fixed Maturity Plan-Series 73-390 Days Plan I - Direct Plan - Cumulative;INF109KB1BL6;;12.8460;N.A.;N.A.;14-Mar-2017
128077;ICICI Prudential Fixed Maturity Plan-Series 73-390 Days Plan I - Dividend;INF109KB1BK8;;12.7079;N.A.;N.A.;14-Mar-2017
128038;ICICI Prudential Fixed Maturity Plan-Series 73-391 Days Plan G - Cumulative;INF109KB1797;;12.8684;N.A.;N.A.;14-Mar-2017
128040;ICICI Prudential Fixed Maturity Plan-Series 73-391 Days Plan G - Direct Plan - Cumulative;INF109KB1813;;12.9551;N.A.;N.A.;14-Mar-2017
128039;ICICI Prudential Fixed Maturity Plan-Series 73-391 Days Plan G - Dividend;INF109KB1805;;12.1992;N.A.;N.A.;14-Mar-2017
128044;ICICI Prudential Fixed Maturity Plan-Series 73-392 Days Plan F - Cumulative;INF109KB1755;;12.8257;N.A.;N.A.;14-Mar-2017
128042;ICICI Prudential Fixed Maturity Plan-Series 73-392 Days Plan F - Direct Plan - Cumulative;INF109KB1771;;12.8858;N.A.;N.A.;14-Mar-2017
127720;ICICI Prudential Fixed Maturity Plan-Series 73-407 Days Plan C - Cumulative;INF109KB1BN2;;12.8302;N.A.;N.A.;14-Mar-2017
127722;ICICI Prudential Fixed Maturity Plan-Series 73-407 Days Plan C - Direct Plan - Cumulative;INF109KB1BP7;;12.9309;N.A.;N.A.;14-Mar-2017
127721;ICICI Prudential Fixed Maturity Plan-Series 73-407 Days Plan C - Dividend;INF109KB1BO0;;12.7705;N.A.;N.A.;14-Mar-2017
128113;ICICI Prudential Fixed Maturity Plan-Series 73-830 Days Plan J - Cumulative;INF109KB1XP1;;12.8678;N.A.;N.A.;14-Mar-2017
128112;ICICI Prudential Fixed Maturity Plan-Series 73-830 Days Plan J - Direct Plan - Cumulative;INF109KB1XR7;;12.9933;N.A.;N.A.;14-Mar-2017
128111;ICICI Prudential Fixed Maturity Plan-Series 73-830 Days Plan J - Direct Plan - Dividend;INF109KB1XS5;;12.1422;N.A.;N.A.;14-Mar-2017
128114;ICICI Prudential Fixed Maturity Plan-Series 73-830 Days Plan J - Dividend;INF109KB1XQ9;;12.0599;N.A.;N.A.;14-Mar-2017
130002;ICICI Prudential Fixed Maturity Plan -Series 74 -368 Days Plan R Cumulative Option;INF109KB1GV4;;12.5875;N.A.;N.A.;14-Mar-2017
130000;ICICI Prudential Fixed Maturity Plan -Series 74 -368 Days Plan R Direct Plan Cumulative Option;INF109KB1GT8;;12.6081;N.A.;N.A.;14-Mar-2017
130001;ICICI Prudential Fixed Maturity Plan-Series 74-368 Days Plan R Dividend Option;INF109KB1GW2;;12.2169;N.A.;N.A.;14-Mar-2017
129967;ICICI Prudential Fixed Maturity Plan - Series 74 - 370 Days Plan Q Cumulative Option;INF109KB1GJ9;;12.5869;N.A.;N.A.;14-Mar-2017
129968;ICICI Prudential Fixed Maturity Plan - Series 74 -370 Days Plan Q Direct Plan Cumulative Option;INF109KB1GH3;;12.6070;N.A.;N.A.;14-Mar-2017
129970;ICICI Prudential Fixed Maturity Plan -Series 74 -370 Days Plan Q Direct Plan Dividend Option;INF109KB1GI1;;12.5491;N.A.;N.A.;14-Mar-2017
129969;ICICI Prudential Fixed Maturity Plan -Series 74 -370 Days Plan Q Dividend Option;INF109KB1GK7;;12.5291;N.A.;N.A.;14-Mar-2017
129254;ICICI Prudential Fixed Maturity Plan-Series 74-1092 Days Plan G - Cumulative;INF109KA1TH7;;12.8434;N.A.;N.A.;14-Mar-2017
129252;ICICI Prudential Fixed Maturity Plan-Series 74-1092 Days Plan G - Direct Plan - Cumulative;INF109KA1TJ3;;13.0020;N.A.;N.A.;14-Mar-2017
129253;ICICI Prudential Fixed Maturity Plan-Series 74-1092 Days Plan G - Direct Plan - Dividend;INF109KA1TK1;;12.3739;N.A.;N.A.;14-Mar-2017
129255;ICICI Prudential Fixed Maturity Plan-Series 74-1092 Days Plan G - Dividend;INF109KA1TI5;;12.2498;N.A.;N.A.;14-Mar-2017
129797;ICICI Prudential Fixed Maturity Plan - Series 74 - 1092 Days Plan P - Cumulative Option;INF109KA1VB6;;12.7117;N.A.;N.A.;14-Mar-2017
129800;ICICI Prudential Fixed Maturity Plan - Series 74 - 1092 Days Plan P - Dividend Option;INF109KA1VC4;;12.1675;N.A.;N.A.;14-Mar-2017
129799;ICICI Prudential Fixed Maturity Plan - Series 74 - 1092 Days Plan P Direct Plan Dividend Option;INF109KA1VE0;;12.2548;N.A.;N.A.;14-Mar-2017
129798;ICICI Prudential Fixed Maturity Plan - Series 74 - 1092 Days Plan P Direct Plan-Cumulative Option;INF109KA1VD2;;12.8171;N.A.;N.A.;14-Mar-2017
129243;ICICI Prudential Fixed Maturity Plan-Series 74-367 Days Plan C - Cumulative;INF109KB1CP5;;12.6484;N.A.;N.A.;14-Mar-2017
129240;ICICI Prudential Fixed Maturity Plan-Series 74-367 Days Plan C - Direct Plan - Cumulative;INF109KB1CR1;;12.6856;N.A.;N.A.;14-Mar-2017
129241;ICICI Prudential Fixed Maturity Plan-Series 74-367 Days Plan C - Dividend;INF109KB1CQ3;;12.0992;N.A.;N.A.;14-Mar-2017
129244;ICICI Prudential Fixed Maturity Plan-Series 74-367 Days Plan D - Cumulative;INF109KB1DY5;;12.7278;N.A.;N.A.;14-Mar-2017
129246;ICICI Prudential Fixed Maturity Plan-Series 74-367 Days Plan D - Direct Plan - Cumulative;INF109KB1EK2;;12.7669;N.A.;N.A.;14-Mar-2017
129245;ICICI Prudential Fixed Maturity Plan-Series 74-367 Days Plan D - Dividend;INF109KB1DZ2;;12.2001;N.A.;N.A.;14-Mar-2017
129412;ICICI Prudential Fixed Maturity Plan Series 74 368 Days Plan H Cumulative Option;INF109KB1DV1;;12.6966;N.A.;N.A.;14-Mar-2017
129410;ICICI Prudential Fixed Maturity Plan Series 74 368 Days Plan H Direct Plan Cumulative Option;INF109KB1DW9;;12.7234;N.A.;N.A.;14-Mar-2017
129409;ICICI Prudential Fixed Maturity Plan Series 74 368 Days Plan H Dividend Option;INF109KB1EJ4;;12.6384;N.A.;N.A.;14-Mar-2017
129644;ICICI Prudential Fixed Maturity Plan -Series 74 -368 Days Plan J Cumulative Option;INF109KB1EX5;;12.6751;N.A.;N.A.;14-Mar-2017
129642;ICICI Prudential Fixed Maturity Plan -Series 74 -368 Days Plan J Direct Plan Dividend Option;INF109KB1FA0;;12.6433;N.A.;N.A.;14-Mar-2017
129643;ICICI Prudential Fixed Maturity Plan -Series 74 -368 Days Plan J Direct Plan-Cumulative Option;INF109KB1EZ0;;12.7014;N.A.;N.A.;14-Mar-2017
129645;ICICI Prudential Fixed Maturity Plan -Series 74 -368 Days Plan J Dividend Option;INF109KB1EY3;;12.6169;N.A.;N.A.;14-Mar-2017
129026;ICICI Prudential Fixed Maturity Plan-Series 74-369 Days Plan B - Cumulative;INF109KB1CT7;;12.7046;N.A.;N.A.;14-Mar-2017
129028;ICICI Prudential Fixed Maturity Plan-Series 74-369 Days Plan B - Direct Plan - Cumulative;INF109KB1CV3;;12.7411;N.A.;N.A.;14-Mar-2017
129029;ICICI Prudential Fixed Maturity Plan-Series 74-369 Days Plan B - Direct Plan - Dividend;INF109KB1CW1;;12.6828;N.A.;N.A.;14-Mar-2017
129027;ICICI Prudential Fixed Maturity Plan-Series 74-369 Days Plan B - Dividend;INF109KB1CU5;;12.6468;N.A.;N.A.;14-Mar-2017
129248;ICICI Prudential Fixed Maturity Plan-Series 74-369 Days Plan F - Cumulative;INF109KB1CX9;;12.7084;N.A.;N.A.;14-Mar-2017
129249;ICICI Prudential Fixed Maturity Plan-Series 74-369 Days Plan F - Direct Plan - Cumulative;INF109KB1CZ4;;12.7355;N.A.;N.A.;14-Mar-2017
129472;ICICI Prudential Fixed Maturity Plan -Series 74 -369 Days Plan I - Cumulative Option;INF109KB1FB8;;12.7224;N.A.;N.A.;14-Mar-2017
129473;ICICI Prudential Fixed Maturity Plan -Series 74 -369 Days Plan I Direct Plan Dividend Option;INF109KB1FE2;;12.6942;N.A.;N.A.;14-Mar-2017
129470;ICICI Prudential Fixed Maturity Plan -Series 74-369 Days Plan I Direct Plan Cumulative Option;INF109KB1FD4;;12.7525;N.A.;N.A.;14-Mar-2017
129716;ICICI Prudential Fixed Maturity Plan - Series 74 - 369 Days Plan K - Cumulative Option;INF109KB1FM5;;12.6109;N.A.;N.A.;14-Mar-2017
129715;ICICI Prudential Fixed Maturity Plan -Series 74 - 369 Days Plan K - Dividend Option;INF109KB1FL7;;12.5531;N.A.;N.A.;14-Mar-2017
129718;ICICI Prudential Fixed Maturity Plan -Series 74 -369 Days Plan K Direct Plan Cumulative Option;INF109KB1FK9;;12.6399;N.A.;N.A.;14-Mar-2017
129916;ICICI Prudential Fixed Maturity Plan -Series 74 -369 Days Plan L - Cumulative Option;INF109KB1GR2;;12.5702;N.A.;N.A.;14-Mar-2017
129913;ICICI Prudential Fixed Maturity Plan -Series 74 -369 Days Plan L - Dividend Option;INF109KB1GS0;;12.5137;N.A.;N.A.;14-Mar-2017
129915;ICICI Prudential Fixed Maturity Plan -Series 74 -369 Days Plan L Direct Plan Cumulative Option;INF109KB1GP6;;12.5922;N.A.;N.A.;14-Mar-2017
129024;ICICI Prudential Fixed Maturity Plan-Series 74-370 Days Plan A - Cumulative;INF109KB1CL4;;12.6855;N.A.;N.A.;14-Mar-2017
129022;ICICI Prudential Fixed Maturity Plan-Series 74-370 Days Plan A - Direct Plan - Cumulative;INF109KB1CN0;;12.7141;N.A.;N.A.;14-Mar-2017
129023;ICICI Prudential Fixed Maturity Plan-Series 74-370 Days Plan A - Direct Plan - Dividend;INF109KB1CO8;;12.6560;N.A.;N.A.;14-Mar-2017
129025;ICICI Prudential Fixed Maturity Plan-Series 74-370 Days Plan A - Dividend;INF109KB1CM2;;12.6231;N.A.;N.A.;14-Mar-2017
130005;ICICI Prudential Fixed Maturity Plan -Series 74 -370 Days Plan S  Cumulative Option;INF109KB1HV2;;12.4764;N.A.;N.A.;14-Mar-2017
130008;ICICI Prudential Fixed Maturity Plan -Series 74 -370 Days Plan S Direct Plan Cumulative Option;INF109KB1HX8;;12.4925;N.A.;N.A.;14-Mar-2017
130007;ICICI Prudential Fixed Maturity Plan -Series 74 -370 Days Plan S Direct Plan Dividend Option;INF109KB1HY6;;12.1510;N.A.;N.A.;14-Mar-2017
130006;ICICI Prudential Fixed Maturity Plan -Series 74 -370 Days Plan S Dividend Option;INF109KB1HW0;;12.1373;N.A.;N.A.;14-Mar-2017
135717;ICICI Prudential Multiple Yield Fund - Series 10 - 1775 Days Plan A Cumulative Option;INF109KB1ON5;;11.1385;N.A.;N.A.;14-Mar-2017
135718;ICICI Prudential Multiple Yield Fund - Series 10 - 1775 Days Plan A Direct Plan Cumulative Option;INF109KB1OP0;;11.3283;N.A.;N.A.;14-Mar-2017
135719;ICICI Prudential Multiple Yield Fund - Series 10 - 1775 Days Plan A Direct Plan Dividend Option;INF109KB1OQ8;;11.3283;N.A.;N.A.;14-Mar-2017
135720;ICICI Prudential Multiple Yield Fund - Series 10 - 1775 Days Plan A Dividend Option;INF109KB1OO3;;11.1385;N.A.;N.A.;14-Mar-2017
135927;ICICI Prudential Multiple Yield Fund - Series 10 - 1825 Days Plan B Cumulative Option;INF109KB1PD3;;10.9015;N.A.;N.A.;14-Mar-2017
135924;ICICI Prudential Multiple Yield Fund - Series 10 - 1825 Days Plan B Direct Plan Cumulative Option;INF109KB1PE1;;11.1160;N.A.;N.A.;14-Mar-2017
135926;ICICI Prudential Multiple Yield Fund - Series 10 - 1825 Days Plan B Direct Plan Dividend Option;INF109KB1PF8;;11.1160;N.A.;N.A.;14-Mar-2017
135925;ICICI Prudential Multiple Yield Fund - Series 10 - 1825 Days Plan B Dividend Option;INF109KB1PG6;;10.9015;N.A.;N.A.;14-Mar-2017
139590;ICICI Prudential Multiple Yield Fund - Series 11 - Plan A 1427 Days Cumulative Option;INF109KB1YE3;;10.4351;N.A.;N.A.;14-Mar-2017
139592;ICICI Prudential Multiple Yield Fund - Series 11 - Plan A 1427 Days Direct Plan Cumulative Option;INF109KB1YC7;;10.5345;N.A.;N.A.;14-Mar-2017
139593;ICICI Prudential Multiple Yield Fund - Series 11 - Plan A 1427 Days Direct Plan Dividend Option;INF109KB1YD5;;10.5345;N.A.;N.A.;14-Mar-2017
139591;ICICI Prudential Multiple Yield Fund - Series 11 - Plan A 1427 Days Dividend Option;INF109KB1YF0;;10.4351;N.A.;N.A.;14-Mar-2017
139763;ICICI Prudential Multiple Yield Fund - Series 11 - Plan B 1394 Days Cumulative Option;INF109KB1ZW2;;10.3074;N.A.;N.A.;14-Mar-2017
139764;ICICI Prudential Multiple Yield Fund - Series 11 - Plan B 1394 Days Direct Plan Cumulative Option;INF109KB1ZU6;;10.3776;N.A.;N.A.;14-Mar-2017
139765;ICICI Prudential Multiple Yield Fund - Series 11 - Plan B 1394 Days Direct Plan Dividend Option;INF109KB1ZV4;;10.3776;N.A.;N.A.;14-Mar-2017
139766;ICICI Prudential Multiple Yield Fund - Series 11 - Plan B 1394 Days Dividend Option;INF109KB1ZX0;;10.3074;N.A.;N.A.;14-Mar-2017
139996;ICICI Prudential Multiple Yield Fund - Series 11 - Plan C 1387 Days Cumulative Option;INF109KB1G50;;10.2101;N.A.;N.A.;14-Mar-2017
139993;ICICI Prudential Multiple Yield Fund - Series 11 - Plan C 1387 Days Direct Plan Cumulative Option;INF109KB1G35;;10.2786;N.A.;N.A.;14-Mar-2017
139995;ICICI Prudential Multiple Yield Fund - Series 11 - Plan C 1387 Days Direct Plan Dividend Option;INF109KB1G27;;10.2786;N.A.;N.A.;14-Mar-2017
139994;ICICI Prudential Multiple Yield Fund - Series 11 - Plan C 1387 Days Dividend Option;INF109KB1G43;;10.2101;N.A.;N.A.;14-Mar-2017
140060;ICICI Prudential Multiple Yield Fund - Series 11 - Plan D 1361 Days - Cumulative Option;INF109KB1J24;;10.1833;N.A.;N.A.;14-Mar-2017
140058;ICICI Prudential Multiple Yield Fund - Series 11 - Plan D 1361 Days - Direct Plan - Cumulative Option;INF109KB1J08;;10.2414;N.A.;N.A.;14-Mar-2017
140059;ICICI Prudential Multiple Yield Fund - Series 11 - Plan D 1361 Days - Direct Plan - Dividend Option;INF109KB1J16;;10.2414;N.A.;N.A.;14-Mar-2017
140057;ICICI Prudential Multiple Yield Fund - Series 11 - Plan D 1361 Days - Dividend Option;INF109KB1J32;;10.1833;N.A.;N.A.;14-Mar-2017
122402;ICICI Prudential Multiple Yield Fund - Series 3 - Plan C - Cumulative;INF109KA1087;;14.2201;N.A.;N.A.;14-Mar-2017
122403;ICICI Prudential Multiple Yield Fund - Series 3 - Plan C - Direct Plan - Cumulative;INF109KA1079;;14.8622;N.A.;N.A.;14-Mar-2017
122441;ICICI Prudential Multiple Yield Fund - Series 3 - Plan D - Cumulative;INF109KB1WM0;;14.1376;N.A.;N.A.;14-Mar-2017
122439;ICICI Prudential Multiple Yield Fund - Series 3 - Plan D - Direct Plan - Cumulative;INF109KB1WO6;;14.7688;N.A.;N.A.;14-Mar-2017
122440;ICICI Prudential Multiple Yield Fund - Series 3 - Plan D - Direct Plan - Dividend;INF109KB1WP3;;12.9475;N.A.;N.A.;14-Mar-2017
122442;ICICI Prudential Multiple Yield Fund - Series 3 - Plan D -Dividend;INF109KB1WN8;;12.5870;N.A.;N.A.;14-Mar-2017
122532;ICICI Prudential Multiple Yield Fund - Series 4 - 1825 Days - Plan A - Direct Plan - Cumulative;INF109KA1285;;15.7474;N.A.;N.A.;14-Mar-2017
122533;ICICI Prudential Multiple Yield Fund - Series 4 - 1825 Days - Plan A - Direct Plan - Dividend;INF109KA1293;;13.2578;N.A.;N.A.;14-Mar-2017
122534;ICICI Prudential Multiple Yield Fund - Series 4 - 1825 Days - Plan A - Dividend;INF109KA1277;;12.9430;N.A.;N.A.;14-Mar-2017
122535;ICICI Prudential Multiple Yield Fund - Series 4 - 1825 Days - Plan A -Cumulative;INF109KA1269;;15.1439;N.A.;N.A.;14-Mar-2017
122658;ICICI Prudential Multiple Yield Fund - Series 4 - 1825 Days - Plan B - Cumulative;INF109KA1483;;15.1944;N.A.;N.A.;14-Mar-2017
122659;ICICI Prudential Multiple Yield Fund - Series 4 - 1825 Days - Plan B - Direct Plan - Cumulative;INF109KA1509;;15.9056;N.A.;N.A.;14-Mar-2017
122657;ICICI Prudential Multiple Yield Fund - Series 4 - 1825 Days - Plan B - Direct Plan - Dividend;INF109KA1517;;13.4139;N.A.;N.A.;14-Mar-2017
122660;ICICI Prudential Multiple Yield Fund - Series 4 - 1825 Days - Plan B -Dividend;INF109KA1491;;13.0098;N.A.;N.A.;14-Mar-2017
122755;ICICI Prudential Multiple Yield Fund - Series 4 - 1825 Days - Plan D - Cumulative;INF109KA1566;;15.1657;N.A.;N.A.;14-Mar-2017
122754;ICICI Prudential Multiple Yield Fund - Series 4 - 1825 Days - Plan D - Direct Plan - Cumulative;INF109KA1582;;15.7722;N.A.;N.A.;14-Mar-2017
122753;ICICI Prudential Multiple Yield Fund - Series 4 - 1825 Days - Plan D - Direct Plan - Dividend;INF109KA1590;;13.1994;N.A.;N.A.;14-Mar-2017
122756;ICICI Prudential Multiple Yield Fund - Series 4 - 1825 Days - Plan D -Dividend;INF109KA1574;;12.8892;N.A.;N.A.;14-Mar-2017
126086;ICICI Prudential Multiple Yield Fund - Series 5 - 1825 Days - Plan C - Cumulative;INF109KA1JJ4;;14.3072;N.A.;N.A.;14-Mar-2017
126088;ICICI Prudential Multiple Yield Fund - Series 5 - 1825 Days - Plan C - Direct Plan - Cumulative;INF109KA1JL0;;14.9200;N.A.;N.A.;14-Mar-2017
126087;ICICI Prudential Multiple Yield Fund - Series 5 - 1825 Days - Plan C - Dividend;INF109KA1JK2;;12.9040;N.A.;N.A.;14-Mar-2017
129068;ICICI Prudential Multiple Yield Fund - Series 6 - 1100 Days - Plan E - Direct Plan - Cumulative;INF109KA1SP2;;13.4658;N.A.;N.A.;14-Mar-2017
129067;ICICI Prudential Multiple Yield Fund - Series 6 - 1100 Days - Plan E - Direct Plan - Dividend;INF109KA1SQ0;;12.6705;N.A.;N.A.;14-Mar-2017
129066;ICICI Prudential Multiple Yield Fund - Series 6 - 1100 Days - Plan E -Cumulative;INF109KA1SN7;;12.9201;N.A.;N.A.;14-Mar-2017
129069;ICICI Prudential Multiple Yield Fund - Series 6 - 1100 Days - Plan E -Dividend;INF109KA1SO5;;12.2416;N.A.;N.A.;14-Mar-2017
128207;ICICI Prudential Multiple Yield Fund - Series 6 - 1125 Days - Plan B - Cumulative;INF109KA1PP8;;13.1002;N.A.;N.A.;14-Mar-2017
128205;ICICI Prudential Multiple Yield Fund - Series 6 - 1125 Days - Plan B - Direct Plan - Cumulative;INF109KA1PR4;;13.6301;N.A.;N.A.;14-Mar-2017
128206;ICICI Prudential Multiple Yield Fund - Series 6 - 1125 Days - Plan B - Direct Plan - Dividend;INF109KA1PS2;;12.7231;N.A.;N.A.;14-Mar-2017
128208;ICICI Prudential Multiple Yield Fund - Series 6 - 1125 Days - Plan B - Dividend;INF109KA1PQ6;;12.3163;N.A.;N.A.;14-Mar-2017
128492;ICICI Prudential Multiple Yield Fund - Series 6 - 1825 Days - Plan C - Cumulative;INF109KA1RD0;;13.6756;N.A.;N.A.;14-Mar-2017
128494;ICICI Prudential Multiple Yield Fund - Series 6 - 1825 Days - Plan C - Direct Plan - Cumulative;INF109KA1RF5;;14.2617;N.A.;N.A.;14-Mar-2017
128495;ICICI Prudential Multiple Yield Fund - Series 6 - 1825 Days - Plan C - Direct Plan - Dividend;INF109KA1RG3;;13.1746;N.A.;N.A.;14-Mar-2017
128493;ICICI Prudential Multiple Yield Fund - Series 6 - 1825 Days - Plan C -Dividend;INF109KA1RE8;;12.7361;N.A.;N.A.;14-Mar-2017
129232;ICICI Prudential Multiple Yield Fund - Series 6 - 1825 Days Plan D Cumulative Option;INF109KA1TT2;;13.1607;N.A.;N.A.;14-Mar-2017
129231;ICICI Prudential Multiple Yield Fund - Series 6 - 1825 Days Plan D Direct Plan Cumulative Option;INF109KA1TV8;;13.6560;N.A.;N.A.;14-Mar-2017
129230;ICICI Prudential Multiple Yield Fund - Series 6 - 1825 Days Plan D Direct Plan- Dividend Option;INF109KA1TW6;;12.9087;N.A.;N.A.;14-Mar-2017
129233;ICICI Prudential Multiple Yield Fund - Series 6 - 1825 Days Plan D Dividend Option;INF109KA1TU0;;12.5250;N.A.;N.A.;14-Mar-2017
131352;ICICI Prudential Multiple Yield Fund - Series 7 - 1100 Days Plan F Cumulative Option;INF109KA1T81;;11.8439;N.A.;N.A.;14-Mar-2017
131353;ICICI Prudential Multiple Yield Fund - Series 7 - 1100 Days Plan F Direct Plan Cumulative Option;INF109KA1U05;;12.2232;N.A.;N.A.;14-Mar-2017
131350;ICICI Prudential Multiple Yield Fund - Series 7 - 1100 Days Plan F Direct Plan Dividend Option;INF109KA1U13;;12.2232;N.A.;N.A.;14-Mar-2017
131351;ICICI Prudential Multiple Yield Fund - Series 7 - 1100 Days Plan F Dividend Option;INF109KA1T99;;11.8439;N.A.;N.A.;14-Mar-2017
131262;ICICI Prudential Multiple Yield Fund - Series 7 - 1338 Days Plan D  Dividend Option;INF109KA1R75;;11.8713;N.A.;N.A.;14-Mar-2017
131264;ICICI Prudential Multiple Yield Fund - Series 7 - 1338 Days Plan D Cumulative Option;INF109KA1R67;;11.8713;N.A.;N.A.;14-Mar-2017
131263;ICICI Prudential Multiple Yield Fund - Series 7 - 1338 Days Plan D Direct Plan Cumulative Option;INF109KA1R83;;12.2358;N.A.;N.A.;14-Mar-2017
131261;ICICI Prudential Multiple Yield Fund - Series 7 - 1338 Days Plan D Direct Plan Dividend Option;INF109KA1R91;;12.2358;N.A.;N.A.;14-Mar-2017
130440;ICICI Prudential Multiple Yield Fund - Series 7 - 1825 Days Plan B Cumulative Option;INF109KA1YP0;;12.4969;N.A.;N.A.;14-Mar-2017
130438;ICICI Prudential Multiple Yield Fund - Series 7 - 1825 Days Plan B Direct Plan Cumulative Option;INF109KA1YN5;;12.9172;N.A.;N.A.;14-Mar-2017
130439;ICICI Prudential Multiple Yield Fund - Series 7 - 1825 Days Plan B Direct Plan Dividend Option;INF109KA1YO3;;12.9172;N.A.;N.A.;14-Mar-2017
130441;ICICI Prudential Multiple Yield Fund - Series 7 - 1825 Days Plan B Dividend Option;INF109KA1YQ8;;12.4969;N.A.;N.A.;14-Mar-2017
130990;ICICI Prudential Multiple Yield Fund - Series 7 - 1825 Days Plan C Cumulative Option;INF109KA1J83;;12.0969;N.A.;N.A.;14-Mar-2017
130991;ICICI Prudential Multiple Yield Fund - Series 7 - 1825 Days Plan C Direct Plan Cumulative Option;INF109KA1K07;;12.4763;N.A.;N.A.;14-Mar-2017
130989;ICICI Prudential Multiple Yield Fund - Series 7 - 1825 Days Plan C Direct Plan Dividend Option;INF109KA1K15;;12.4763;N.A.;N.A.;14-Mar-2017
130992;ICICI Prudential Multiple Yield Fund - Series 7 - 1825 Days Plan C Dividend Option;INF109KA1J91;;12.0969;N.A.;N.A.;14-Mar-2017
131314;ICICI Prudential Multiple Yield Fund - Series 7 - 1825 Days Plan E Cumulative Option;INF109KA1S25;;12.1278;N.A.;N.A.;14-Mar-2017
131316;ICICI Prudential Multiple Yield Fund - Series 7 - 1825 Days Plan E Direct Plan Cumulative Option;INF109KA1S41;;12.5063;N.A.;N.A.;14-Mar-2017
131313;ICICI Prudential Multiple Yield Fund - Series 7 - 1825 Days Plan E Direct Plan Dividend Option;INF109KA1S58;;12.5057;N.A.;N.A.;14-Mar-2017
131315;ICICI Prudential Multiple Yield Fund - Series 7 - 1825 Days Plan E Dividend Option;INF109KA1S33;;12.1278;N.A.;N.A.;14-Mar-2017
133172;ICICI Prudential Multiple Yield Fund - Series 8 -1101 Days Plan E Cumulative Option;INF109KA16L4;;11.6157;N.A.;N.A.;14-Mar-2017
133174;ICICI Prudential Multiple Yield Fund - Series 8 -1101 Days Plan E Direct Plan Cumulative Option;INF109KA18L0;;12.0056;N.A.;N.A.;14-Mar-2017
133173;ICICI Prudential Multiple Yield Fund - Series 8 -1101 Days Plan E Dividend Option;INF109KA17L2;;11.6157;N.A.;N.A.;14-Mar-2017
132954;ICICI Prudential Multiple Yield Fund - Series 8 - 1103 Days Plan C Cumulative Option;INF109KA16F6;;11.4324;N.A.;N.A.;14-Mar-2017
132951;ICICI Prudential Multiple Yield Fund - Series 8 - 1103 Days Plan C Direct Plan Cumulative Option;INF109KA18F2;;11.8376;N.A.;N.A.;14-Mar-2017
132953;ICICI Prudential Multiple Yield Fund - Series 8 - 1103 Days Plan C Direct Plan Dividend Option;INF109KA19F0;;11.8376;N.A.;N.A.;14-Mar-2017
132952;ICICI Prudential Multiple Yield Fund - Series 8 - 1103 Days Plan C Dividend Option;INF109KA17F4;;11.4324;N.A.;N.A.;14-Mar-2017
133578;ICICI Prudential Multiple Yield Fund - Series 8 - 1103 Days Plan F Cumulative Option;INF109KA10T0;;11.1617;N.A.;N.A.;14-Mar-2017
133577;ICICI Prudential Multiple Yield Fund - Series 8 - 1103 Days Plan F Direct Plan Cumulative Option;INF109KA12T6;;11.5297;N.A.;N.A.;14-Mar-2017
133580;ICICI Prudential Multiple Yield Fund - Series 8 - 1103 Days Plan F Direct Plan Dividend Option;INF109KA13T4;;11.5297;N.A.;N.A.;14-Mar-2017
133579;ICICI Prudential Multiple Yield Fund - Series 8 - 1103 Days Plan F Dividend Option;INF109KA11T8;;11.1617;N.A.;N.A.;14-Mar-2017
133112;ICICI Prudential Multiple Yield Fund - Series 8 -1822 Days Plan D Cumulative Option;INF109KA18J4;;11.8021;N.A.;N.A.;14-Mar-2017
133110;ICICI Prudential Multiple Yield Fund - Series 8 -1822 Days Plan D Direct Plan Cumulative Option;INF109KA10K9;;12.1591;N.A.;N.A.;14-Mar-2017
133111;ICICI Prudential Multiple Yield Fund - Series 8 -1822 Days Plan D Direct Plan Dividend Option;INF109KA11K7;;12.1591;N.A.;N.A.;14-Mar-2017
133113;ICICI Prudential Multiple Yield Fund - Series 8 -1822 Days Plan D Dividend Option;INF109KA19J2;;11.8021;N.A.;N.A.;14-Mar-2017
131574;ICICI Prudential Multiple Yield Fund - Series 8 - 1824 Days Plan A Cumulative Option;INF109KA16B5;;11.6224;N.A.;N.A.;14-Mar-2017
131577;ICICI Prudential Multiple Yield Fund - Series 8 - 1824 Days Plan A Direct Plan Cumulative Option;INF109KA18B1;;11.9976;N.A.;N.A.;14-Mar-2017
131576;ICICI Prudential Multiple Yield Fund - Series 8 - 1824 Days Plan A Direct Plan Dividend Option;INF109KA19B9;;11.9972;N.A.;N.A.;14-Mar-2017
131575;ICICI Prudential Multiple Yield Fund - Series 8 - 1824 Days Plan A Dividend Option;INF109KA17B3;;11.6224;N.A.;N.A.;14-Mar-2017
134262;ICICI Prudential Multiple Yield Fund - Series 9 - 1140 Days Plan A Cumulative Option;INF109KB1714;;10.1953;N.A.;N.A.;14-Mar-2017
134259;ICICI Prudential Multiple Yield Fund - Series 9 - 1140 Days Plan A Direct Plan Cumulative Option;INF109KB1730;;10.4600;N.A.;N.A.;14-Mar-2017
134260;ICICI Prudential Multiple Yield Fund - Series 9 - 1140 Days Plan A Direct Plan Dividend Option;INF109KB1748;;10.4600;N.A.;N.A.;14-Mar-2017
134261;ICICI Prudential Multiple Yield Fund - Series 9 - 1140 Days Plan A Dividend Option;INF109KB1722;;10.1953;N.A.;N.A.;14-Mar-2017
129742;ICICI Prudential Multiple Yield Fund - Series 6 - 1100 Days Plan F Cumulative Option;INF109KA1UX2;;12.6643;N.A.;N.A.;14-Mar-2017
129741;ICICI Prudential Multiple Yield Fund - Series 6 - 1100 Days Plan F Direct Plan Cumulative Option;INF109KA1UZ7;;13.1808;N.A.;N.A.;14-Mar-2017
129744;ICICI Prudential Multiple Yield Fund - Series 6 - 1100 Days Plan F Direct Plan- Dividend Option;INF109KA1VA8;;12.3953;N.A.;N.A.;14-Mar-2017
129743;ICICI Prudential Multiple Yield Fund - Series 6 - 1100 Days Plan F Dividend Option;INF109KA1UY0;;11.9738;N.A.;N.A.;14-Mar-2017
130148;ICICI Prudential Multiple Yield Fund - Series 7 - 1100 Days Plan A Cumulative Option;INF109KA1WV2;;12.2203;N.A.;N.A.;14-Mar-2017
130146;ICICI Prudential Multiple Yield Fund - Series 7 - 1100 Days Plan A Direct Plan Cumulative Option;INF109KA1WX8;;12.7093;N.A.;N.A.;14-Mar-2017
130145;ICICI Prudential Multiple Yield Fund - Series 7 - 1100 Days Plan A Direct Plan Dividend Option;INF109KA1WY6;;12.3782;N.A.;N.A.;14-Mar-2017
130147;ICICI Prudential Multiple Yield Fund - Series 7 - 1100 Days Plan A Dividend Option;INF109KA1WW0;;11.9586;N.A.;N.A.;14-Mar-2017

IDBI Mutual Fund
127577;IDBI FMP - Series IV - 542 Days (February 2014) - F Dividend Direct;INF397L01IU9;;0.0000;0.0000;0.0000;14-Mar-2017
127575;IDBI FMP - Series IV - 542 Days (February 2014) - F Dividend Regular;INF397L01IV7;;0.0000;0.0000;0.0000;14-Mar-2017
127576;IDBI FMP - Series IV - 542 Days (February 2014) - F Growth Direct;INF397L01IW5;;12.8388;12.8388;12.8388;14-Mar-2017
127574;IDBI FMP - Series IV - 542 Days (February 2014) - F Growth Regular;INF397L01IX3;;12.6638;12.6638;12.6638;14-Mar-2017

Invesco Mutual Fund
126692;Invesco India Fixed Maturity Plan - Series 22 - Plan F (15 Months) - Direct Plan - Growth;INF205K010A9;;12.9495;12.9495;12.9495;14-Mar-2017
126691;Invesco India Fixed Maturity Plan - Series 22 - Plan F (15 Months) - Regular Plan - Growth;INF205K01Z82;;12.8484;12.8484;12.8484;14-Mar-2017
126936;Invesco India Fixed Maturity Plan - Series 22 - Plan H (427 Days) - Direct Plan - Growth Option;INF205K01Y00;;13.0808;13.0808;13.0808;14-Mar-2017
126935;Invesco India Fixed Maturity Plan - Series 22 - Plan H (427 Days) - Regular Plan - Growth Option;INF205K01X76;;13.0507;13.0507;13.0507;14-Mar-2017
127481;Invesco India Fixed Maturity Plan - Series 22 - Plan L (14 Months) - Direct Plan - Growth Option;INF205K012B3;;12.9335;12.9335;12.9335;14-Mar-2017
127480;Invesco India Fixed Maturity Plan - Series 22 - Plan L (14 Months) - Regular Plan - Growth Option;INF205K010B7;;12.8218;12.8218;12.8218;14-Mar-2017
127962;Invesco India Fixed Maturity Plan - Series 23 - Plan A (13 Months) - Direct Plan - Growth Option;INF205K01Y83;;12.8512;12.8512;12.8512;14-Mar-2017
127965;Invesco India Fixed Maturity Plan - Series 23 - Plan A (13 Months) - Regular Plan - Dividend Payout Option;INF205K01Y75;;11.5941;11.5941;11.5941;14-Mar-2017
127963;Invesco India Fixed Maturity Plan - Series 23 - Plan A (13 Months) - Regular Plan - Growth Option;INF205K01Y67;;12.7183;12.7183;12.7183;14-Mar-2017
128518;Invesco India Fixed Maturity Plan - Series 23 - Plan E (382 Days) - Direct Plan - Growth Option;INF205K01Z25;;12.7293;12.7293;12.7293;14-Mar-2017
128520;Invesco India Fixed Maturity Plan - Series 23 - Plan E (382 Days) - Regular Plan - Growth Option;INF205K01Z09;;12.6396;12.6396;12.6396;14-Mar-2017
128993;Invesco India Fixed Maturity Plan - Series 23 - Plan H (370 Days) - Direct Plan - Growth Option;INF205K01Z66;;12.7130;12.7130;12.7130;14-Mar-2017
128995;Invesco India Fixed Maturity Plan - Series 23 - Plan H (370 Days) - Regular Plan - Dividend Payout Option;INF205K01Z58;;11.5938;11.5938;11.5938;14-Mar-2017
128994;Invesco India Fixed Maturity Plan - Series 23 - Plan H (370 Days) - Regular Plan - Growth Option;INF205K01Z41;;12.6610;12.6610;12.6610;14-Mar-2017
129178;Invesco India Fixed Maturity Plan - Series 23 - Plan J (370 Dys) - Direct Plan - Growth Option;INF205K016B4;;12.7227;12.7227;12.7227;14-Mar-2017
129176;Invesco India Fixed Maturity Plan - Series 23 - Plan J (370 Dys) - Regular Plan - Growth Option;INF205K014B9;;12.6804;12.6804;12.6804;14-Mar-2017
129426;Invesco India Fixed Maturity Plan - Series 23 - Plan L (370 Dys) - Direct Plan - Growth Option;INF205K010C5;;12.6576;12.6576;12.6576;14-Mar-2017
129428;Invesco India Fixed Maturity Plan - Series 23 - Plan L (370 Dys) - Regular Plan - Growth Option;INF205K018B0;;12.6078;12.6078;12.6078;14-Mar-2017
130356;Invesco India Fixed Maturity Plan - Series 23 - Plan O (370 Dys) - Direct Plan - Dividend Payout Option;INF205K013F2;;11.4641;11.4641;11.4641;14-Mar-2017
130355;Invesco India Fixed Maturity Plan - Series 23 - Plan O (370 Dys) - Direct Plan - Growth Option;INF205K012F4;;12.5013;12.5013;12.5013;14-Mar-2017
130353;Invesco India Fixed Maturity Plan - Series 23 - Plan O (370 Dys) - Regular Plan - Growth Option;INF205K010F8;;12.4674;12.4674;12.4674;14-Mar-2017
131174;Invesco India Fixed Maturity Plan - Series 24 - Plan D (1099 Dys) - Direct Plan - Growth Option;INF205K01K89;;12.5273;12.5273;12.5273;14-Mar-2017
131172;Invesco India Fixed Maturity Plan - Series 24 - Plan D (1099 Dys) - Regular Plan - Dividend Payout Option;INF205K01K55;;12.4184;12.4184;12.4184;14-Mar-2017
131171;Invesco India Fixed Maturity Plan - Series 24 - Plan D (1099 Dys) - Regular Plan - Growth Option;INF205K01K63;;12.4184;12.4184;12.4184;14-Mar-2017
133419;Invesco India Fixed Maturity Plan - Series 25 - Plan A (1098 Days) - Direct Sub Plan - Dividend Payout;INF205K01R58;;12.0401;12.0401;12.0401;14-Mar-2017
133417;Invesco India Fixed Maturity Plan - Series 25 - Plan A (1098 Days) - Direct Sub Plan - Growth;INF205K01R66;;12.0400;12.0400;12.0400;14-Mar-2017
133418;Invesco India Fixed Maturity Plan - Series 25 - Plan A (1098 Days) - Regular Sub Plan - Dividend Payout;INF205K01R33;;11.9875;11.9875;11.9875;14-Mar-2017
133420;Invesco India Fixed Maturity Plan - Series 25 - Plan A (1098 Days) - Regular Sub Plan - Growth;INF205K01R41;;11.9877;11.9877;11.9877;14-Mar-2017
133946;Invesco India Fixed Maturity Plan - Series 25 - Plan C (1148 Days) - Direct Sub Plan - Dividend Payout;INF205K01S32;;11.9202;11.9202;11.9202;14-Mar-2017
133947;Invesco India Fixed Maturity Plan - Series 25 - Plan C (1148 Days) - Direct Sub Plan - Growth;INF205K01S40;;11.9192;11.9192;11.9192;14-Mar-2017
133945;Invesco India Fixed Maturity Plan - Series 25 - Plan C (1148 Days) - Regular Sub Plan - Dividend Payout;INF205K01S16;;11.8705;11.8705;11.8705;14-Mar-2017
133948;Invesco India Fixed Maturity Plan - Series 25 - Plan C (1148 Days) - Regular Sub Plan - Growth;INF205K01S24;;11.8709;11.8709;11.8709;14-Mar-2017
134061;Invesco India Fixed Maturity Plan - Series 25 - Plan D (1141 Days) - Direct Sub Plan - Growth;INF205K01S81;;11.9047;11.9047;11.9047;14-Mar-2017
134059;Invesco India Fixed Maturity Plan - Series 25 - Plan D (1141 Days) - Regular Sub Plan - Growth;INF205K01S65;;11.8570;11.8570;11.8570;14-Mar-2017
134207;Invesco India Fixed Maturity Plan - Series 25 - Plan F - Direct Sub-plan Growth;INF205K01T64;;11.8304;11.8304;11.8304;14-Mar-2017
134208;Invesco India Fixed Maturity Plan - Series 25 - Plan F - Regular Sub-plan Growth;INF205K01T49;;11.7839;11.7839;11.7839;14-Mar-2017
134778;Invesco India Fixed Maturity Plan - Series 26 - Plan A - Direct - Dividend Payout;INF205K012C1;;11.6470;11.6470;11.6470;14-Mar-2017
134779;Invesco India Fixed Maturity Plan - Series 26 - Plan A - Direct - Growth;INF205K013C9;;11.6472;11.6472;11.6472;14-Mar-2017
134777;Invesco India Fixed Maturity Plan - Series 26 - Plan A - Regular - Dividend Payout;INF205K014C7;;11.6066;11.6066;11.6066;14-Mar-2017
134776;Invesco India Fixed Maturity Plan - Series 26 - Plan A - Regular - Growth;INF205K015C4;;11.6066;11.6066;11.6066;14-Mar-2017
135052;Invesco India Fixed Maturity Plan - Series 26 - Plan C - Direct Sub Plan - Dividend Payout;INF205K010D3;;11.5577;11.5577;11.5577;14-Mar-2017
135054;Invesco India Fixed Maturity Plan - Series 26 - Plan C - Direct Sub Plan - Growth;INF205K011D1;;11.5543;11.5543;11.5543;14-Mar-2017
135055;Invesco India Fixed Maturity Plan - Series 26 - Plan C - Regular Sub Plan - Dividend Payout;INF205K012D9;;11.4879;11.4879;11.4879;14-Mar-2017
135053;Invesco India Fixed Maturity Plan - Series 26 - Plan C - Regular Sub Plan - Growth;INF205K013D7;;11.4879;11.4879;11.4879;14-Mar-2017
135439;Invesco India Fixed Maturity Plan - Series 26 - Plan E - Direct Sub - Plan - Growth;INF205K019D4;;11.3358;11.3358;11.3358;14-Mar-2017
135437;Invesco India Fixed Maturity Plan - Series 26 - Plan E - Regular Sub - Plan Growth;INF205K011E9;;11.3018;11.3018;11.3018;14-Mar-2017
135857;Invesco India Fixed Maturity Plan - Series 27 - Plan A - Direct - Sub plan - Growth;INF205K015F7;;11.1466;11.1466;11.1466;14-Mar-2017
135856;Invesco India Fixed Maturity Plan - Series 27 - Plan A - Regular - Sub plan - Dividend Payout;INF205K016F5;;11.1336;11.1336;11.1336;14-Mar-2017
135858;Invesco India Fixed Maturity Plan - Series 27 - Plan A - Regular - Sub plan - Growth;INF205K017F3;;11.1329;11.1329;11.1329;14-Mar-2017
136060;Invesco India Fixed Maturity Plan - Series 27 - Plan C - Direct Sub - Plan - Growth;INF205K013G0;;11.0801;11.0801;11.0801;14-Mar-2017
136063;Invesco India Fixed Maturity Plan - Series 27 - Plan C - Regular Sub - Plan - Growth;INF205K015G5;;11.0674;11.0674;11.0674;14-Mar-2017
132803;Invesco India Fixed Maturity Plan-Series 24-Plan F (1098 Days) - Regular Plan-Growth Option;INF205K01L47;;12.2003;12.2003;12.2003;14-Mar-2017
132800;Invesco India Fixed Maturity Plan-Series 24-Plan F (1098 Days)-Direct Plan-Growth Option;INF205K01L62;;12.2873;12.2873;12.2873;14-Mar-2017

Kotak Mahindra Mutual Fund
135331;Kotak Capital Protection Oriented Scheme - Series 1 - Direct Dividend;INF174K01U50;;11.0181;11.0181;11.0181;14-Mar-2017
135328;Kotak Capital Protection Oriented Scheme - Series 1 - Direct Growth;INF174K01U43;;11.0177;11.0177;11.0177;14-Mar-2017
135329;Kotak Capital Protection Oriented Scheme - Series 1 - Regular Dividend;INF174K01U35;;10.9308;10.9308;10.9308;14-Mar-2017
135330;Kotak Capital Protection Oriented Scheme - Series 1 - Regular Growth;INF174K01U27;;10.9308;10.9308;10.9308;14-Mar-2017
135748;Kotak Capital Protection Oriented Scheme - Series 2 - Direct Dividend;INF174K011A4;;11.0272;11.0272;11.0272;14-Mar-2017
135746;Kotak Capital Protection Oriented Scheme - Series 2 - Direct Growth;INF174K010A6;;11.0278;11.0278;11.0278;14-Mar-2017
135745;Kotak Capital Protection Oriented Scheme - Series 2 - Dividend;INF174K01Z97;;10.9568;10.9568;10.9568;14-Mar-2017
135747;Kotak Capital Protection Oriented Scheme - Series 2 - Growth;INF174K01Z89;;10.9569;10.9569;10.9569;14-Mar-2017
136284;Kotak Capital Protection Oriented Scheme Series 3 - Direct Growth;INF174K010E8;;10.7202;10.7202;10.7202;14-Mar-2017
136287;Kotak Capital Protection Oriented Scheme Series 3 Regular Dividend Payout;INF174K019D1;;10.6528;10.6528;10.6528;14-Mar-2017
136286;Kotak Capital Protection Oriented Scheme Series 3 Regular Growth;INF174K018D3;;10.6528;10.6528;10.6528;14-Mar-2017
139361;Kotak Capital Protection Oriented Scheme - Series 4 - Direct Dividend;INF174K015G2;;10.5234;10.5234;10.5234;14-Mar-2017
139362;Kotak Capital Protection Oriented Scheme - Series 4 - Direct Growth;INF174K014G5;;10.5234;10.5234;10.5234;14-Mar-2017
139359;Kotak Capital Protection Oriented Scheme - Series 4 - Regular Dividend;INF174K013G7;;10.4796;10.4796;10.4796;14-Mar-2017
139360;Kotak Capital Protection Oriented Scheme - Series 4 - Regular Growth;INF174K012G9;;10.4796;10.4796;10.4796;14-Mar-2017
123106;Kotak FMP Series 105 Direct Dividend;INF174K01ZA0;;12.4257;12.4257;12.4257;14-Mar-2017
123108;Kotak FMP Series 105 Direct Growth;INF174K01YZ0;;13.6948;13.6948;13.6948;14-Mar-2017
123107;Kotak FMP Series 105 Growth;INF174K01YX5;;13.6462;13.6462;13.6462;14-Mar-2017
123189;Kotak FMP Series 106 Direct Growth;INF174K01ZD4;;13.6672;13.6672;13.6672;14-Mar-2017
123190;Kotak FMP Series 106 Growth;INF174K01ZB8;;13.6243;13.6243;13.6243;14-Mar-2017
123193;Kotak FMP Series 107 Direct Growth;INF174K01ZH5;;13.5317;13.5317;13.5317;14-Mar-2017
123192;Kotak FMP Series 107 Dividend;INF174K01ZG7;;12.297;12.297;12.297;14-Mar-2017
123194;Kotak FMP Series 107 Growth;INF174K01ZF9;;13.4879;13.4879;13.4879;14-Mar-2017
123326;Kotak FMP Series 108 Direct Growth;INF174K01PL8;;13.8204;13.8204;13.8204;14-Mar-2017
123327;Kotak FMP Series 108 Dividend;INF174K01PK0;;13.6877;13.6877;13.6877;14-Mar-2017
123328;Kotak FMP Series 108 Growth;INF174K01PJ2;;13.6877;13.6877;13.6877;14-Mar-2017
123793;Kotak FMP Series 113 (1094 Days)  - Direct Dividend;INF174K01QG6;;13.6447;13.6447;13.6447;14-Mar-2017
123792;Kotak FMP Series 113 (1094 Days) - Direct Growth;INF174K01QF8;;13.6447;13.6447;13.6447;14-Mar-2017
123790;Kotak FMP Series 113 (1094 Days) - Growth;INF174K01QD3;;13.4268;13.4268;13.4268;14-Mar-2017
123971;Kotak FMP Series 115 (370 Days) - Direct Dividend;INF174K01B04;;13.5342;13.5342;13.5342;14-Mar-2017
123973;Kotak FMP Series 115 (370 Days) - Direct Growth;INF174K01A96;;13.5342;13.5342;13.5342;14-Mar-2017
123970;Kotak FMP Series 115 (370 Days) - Growth;INF174K01A70;;13.4553;13.4553;13.4553;14-Mar-2017
124036;Kotak FMP Series 116 (370 Days) - Direct Growth;INF174K01B38;;13.5472;13.5472;13.5472;14-Mar-2017
124035;Kotak FMP Series 116 (370 Days) - Growth;INF174K01B12;;13.5093;13.5093;13.5093;14-Mar-2017
125400;Kotak FMP Series 127 (730 Days) - Direct Dividend;INF174K019A7;;13.8416;13.8416;13.8416;14-Mar-2017
125398;Kotak FMP Series 127 (730 Days) - Direct Growth;INF174K018A9;;13.8414;13.8414;13.8414;14-Mar-2017
125399;Kotak FMP Series 127 (730 Days) - Dividend;INF174K017A1;;13.5752;13.5752;13.5752;14-Mar-2017
125401;Kotak FMP Series 127 (730 Days) - Growth;INF174K016A3;;13.5752;13.5752;13.5752;14-Mar-2017
126053;Kotak FMP Series 131 (1061 Days) - Growth;INF174K01SZ2;;13.5123;13.5123;13.5123;14-Mar-2017
126281;Kotak FMP Series 132 (546 Days) - Direct Growth;INF174K01TF2;;13.0329;13.0329;13.0329;14-Mar-2017
126282;Kotak FMP Series 132 (546 Days) - Dividend;INF174K01TE5;;12.8686;12.8686;12.8686;14-Mar-2017
126280;Kotak FMP Series 132 (546 Days) - Growth;INF174K01TD7;;12.8686;12.8686;12.8686;14-Mar-2017
126666;Kotak FMP Series 133 (524 Days) - Direct Growth;INF174K01TN6;;12.9716;12.9716;12.9716;14-Mar-2017
126665;Kotak FMP Series 133 (524 Days) - Growth;INF174K01TL0;;12.8501;12.8501;12.8501;14-Mar-2017
127127;Kotak FMP Series 136 (376 Days) - Direct Growth;INF174K01H81;;12.9823;12.9823;12.9823;14-Mar-2017
127126;Kotak FMP Series 136 (376 Days) - Growth;INF174K01H65;;12.9323;12.9323;12.9323;14-Mar-2017
127388;Kotak FMP Series 140 (1095 Days) - Direct Growth;INF174K01UP9;;13.2896;13.2896;13.2896;14-Mar-2017
127387;Kotak FMP Series 140 (1095 Days) - Growth;INF174K01UN4;;13.0687;13.0687;13.0687;14-Mar-2017
127401;Kotak FMP Series 141 (454 Days) - Direct Growth;INF174K01Q31;;12.9324;12.9324;12.9324;14-Mar-2017
127400;Kotak FMP Series 141 (454 Days) - Growth;INF174K01Q07;;12.7736;12.7736;12.7736;14-Mar-2017
127651;Kotak FMP Series 142 (420 Days) - Direct Growth;INF174K01L10;;12.9063;12.9063;12.9063;14-Mar-2017
127650;Kotak FMP Series 142 (420 Days) - Growth;INF174K01K86;;12.8295;12.8295;12.8295;14-Mar-2017
128266;Kotak FMP Series 145 (390 Days) - Direct Growth;INF174K01L93;;12.9684;12.9684;12.9684;14-Mar-2017
128267;Kotak FMP Series 145 (390 Days) - Dividend;INF174K01P16;;12.916;12.916;12.916;14-Mar-2017
128265;Kotak FMP Series 145 (390 Days) - Growth;INF174K01L51;;12.9159;12.9159;12.9159;14-Mar-2017
128365;Kotak FMP Series 146 (388 Days) - Direct Growth;INF174K01M35;;12.9403;12.9403;12.9403;14-Mar-2017
128364;Kotak FMP Series 146 (388 Days) - Growth;INF174K01M19;;12.8889;12.8889;12.8889;14-Mar-2017
128575;Kotak FMP Series 147 (384 Days) - Direct Growth;INF174K01M76;;12.9188;12.9188;12.9188;14-Mar-2017
128574;Kotak FMP Series 147 (384 Days) - Growth;INF174K01M50;;12.8255;12.8255;12.8255;14-Mar-2017
128579;Kotak FMP Series 148 (388 Days) - Direct Growth;INF174K01N18;;12.7392;12.7392;12.7392;14-Mar-2017
128578;Kotak FMP Series 148 (388 Days) - Growth;INF174K01M92;;12.6936;12.6936;12.6936;14-Mar-2017
128758;Kotak FMP Series 149 (386 Days) - Direct Growth;INF174K01N59;;12.7563;12.7563;12.7563;14-Mar-2017
128756;Kotak FMP Series 149 (386 Days) - Growth;INF174K01N34;;12.6996;12.6996;12.6996;14-Mar-2017
128753;Kotak FMP Series 150 (1109 Days) - Direct Dividend;INF174K01WK6;;13.0569;13.0569;13.0569;14-Mar-2017
128755;Kotak FMP Series 150 (1109 Days) - Direct Growth;INF174K01WJ8;;13.0569;13.0569;13.0569;14-Mar-2017
128752;Kotak FMP Series 150 (1109 Days) - Dividend;INF174K01WI0;;12.9409;12.9409;12.9409;14-Mar-2017
128754;Kotak FMP Series 150 (1109 Days) - Growth;INF174K01WH2;;12.9409;12.9409;12.9409;14-Mar-2017
128871;Kotak FMP Series 151 (388 Days) - Direct Growth;INF174K01N91;;12.7297;12.7297;12.7297;14-Mar-2017
128869;Kotak FMP Series 151 (388 Days) - Dividend;INF174K01N83;;12.6745;12.6745;12.6745;14-Mar-2017
128868;Kotak FMP Series 151 (388 Days) - Growth;INF174K01N75;;12.6746;12.6746;12.6746;14-Mar-2017
128905;Kotak FMP Series 153 (790 Days) - Direct Growth;INF174K01WZ4;;12.9499;12.9499;12.9499;14-Mar-2017
128902;Kotak FMP Series 153 (790 Days) - Dividend;INF174K01WY7;;12.7914;12.7914;12.7914;14-Mar-2017
128904;Kotak FMP Series 153 (790 Days) - Growth;INF174K01WX9;;12.7914;12.7914;12.7914;14-Mar-2017
128909;Kotak FMP Series 154 (390 Days) - Direct Growth;INF174K01O33;;12.8749;12.8749;12.8749;14-Mar-2017
128907;Kotak FMP Series 154 (390 Days) - Dividend;INF174K01O25;;12.6894;12.6894;12.6894;14-Mar-2017
128906;Kotak FMP Series 154 (390 Days) - Growth;INF174K01O17;;12.6895;12.6895;12.6895;14-Mar-2017
129037;Kotak FMP Series 156 (370 Days) - Direct Dividend;INF174K01K52;;12.7086;12.7086;12.7086;14-Mar-2017
129034;Kotak FMP Series 156 (370 Days) - Direct Growth;INF174K01K45;;12.7087;12.7087;12.7087;14-Mar-2017
129035;Kotak FMP Series 156 (370 Days) - Dividend;INF174K01P08;;12.6606;12.6606;12.6606;14-Mar-2017
129036;Kotak FMP Series 156 (370 Days) - Growth;INF174K01O90;;12.6606;12.6606;12.6606;14-Mar-2017
129340;Kotak FMP Series 157 (370 Days) - Direct Growth;INF174K01L02;;12.6722;12.6722;12.6722;14-Mar-2017
129339;Kotak FMP Series 157 (370 Days) - Growth;INF174K01K60;;12.626;12.626;12.626;14-Mar-2017
129352;Kotak FMP Series 158 (370 Days) - Direct Growth;INF174K01L77;;12.7139;12.7139;12.7139;14-Mar-2017
129353;Kotak FMP Series 158 (370 Days) - Dividend;INF174K01L69;;12.68;12.68;12.68;14-Mar-2017
129351;Kotak FMP Series 158 (370 Days) - Growth;INF174K01L44;;12.6798;12.6798;12.6798;14-Mar-2017
129408;Kotak FMP Series 159 (370 Days) - Direct Growth;INF174K01Q72;;12.6976;12.6976;12.6976;14-Mar-2017
129406;Kotak FMP Series 159 (370 Days) - Dividend;INF174K01Q64;;12.6681;12.6681;12.6681;14-Mar-2017
129405;Kotak FMP Series 159 (370 Days) - Growth;INF174K01Q56;;12.6682;12.6682;12.6682;14-Mar-2017
129543;Kotak FMP Series 160 (1039 Days) - Direct Dividend;INF174K01YC9;;12.7656;12.7656;12.7656;14-Mar-2017
129541;Kotak FMP Series 160 (1039 Days) - Direct Growth;INF174K01YB1;;12.7713;12.7713;12.7713;14-Mar-2017
129542;Kotak FMP Series 160 (1039 Days) - Dividend;INF174K01YA3;;12.6097;12.6097;12.6097;14-Mar-2017
129540;Kotak FMP Series 160 (1039 Days) - Growth;INF174K01XZ2;;12.6097;12.6097;12.6097;14-Mar-2017
129641;Kotak FMP Series 161 (370 Days) - Direct Dividend;INF174K01R22;;12.5398;12.5398;12.5398;14-Mar-2017
129639;Kotak FMP Series 161 (370 Days) - Direct Growth;INF174K01R14;;12.5423;12.5423;12.5423;14-Mar-2017
129640;Kotak FMP Series 161 (370 Days) - Dividend;INF174K01R06;;12.521;12.521;12.521;14-Mar-2017
129638;Kotak FMP Series 161 (370 Days) - Growth;INF174K01Q98;;12.5189;12.5189;12.5189;14-Mar-2017
129768;Kotak FMP Series 162 (370 Days) - Direct Growth;INF174K01R55;;12.606;12.606;12.606;14-Mar-2017
129765;Kotak FMP Series 162 (370 Days) - Dividend;INF174K01R48;;12.5044;12.5044;12.5044;14-Mar-2017
129766;Kotak FMP Series 162 (370 Days) - Growth;INF174K01R30;;12.5044;12.5044;12.5044;14-Mar-2017
131097;Kotak FMP Series 163 (1100 Days) - Direct Growth;INF174K01A13;;12.5384;12.5384;12.5384;14-Mar-2017
131098;Kotak FMP Series 163 (1100 Days) - Dividend;INF174K01A05;;12.475;12.475;12.475;14-Mar-2017
131096;Kotak FMP Series 163 (1100 Days) - Growth;INF174K01ZZ7;;12.475;12.475;12.475;14-Mar-2017
133663;Kotak FMP Series 171 (1099 Days) - Direct Growth;INF174K01H08;;11.9251;11.9251;11.9251;14-Mar-2017
133662;Kotak FMP Series 171 (1099 Days) - Growth;INF174K01G82;;11.8501;11.8501;11.8501;14-Mar-2017
134179;Kotak FMP Series 172 - Direct Dividend;INF174K01I56;;12.1395;12.1395;12.1395;14-Mar-2017
134176;Kotak FMP Series 172 - Direct Growth;INF174K01I49;;12.1368;12.1368;12.1368;14-Mar-2017
134178;Kotak FMP Series 172 - Regular Dividend;INF174K01I31;;12.0627;12.0627;12.0627;14-Mar-2017
134177;Kotak FMP Series 172 - Regular Growth;INF174K01I23;;12.0627;12.0627;12.0627;14-Mar-2017
134841;Kotak FMP Series 175 (1100 Days) - Direct Growth;INF174K01R97;;11.6022;11.6022;11.6022;14-Mar-2017
134839;Kotak FMP Series 175 (1100 Days) - Regular Dividend;INF174K01R89;;11.5286;11.5286;11.5286;14-Mar-2017
134838;Kotak FMP Series 175 (1100 Days) - Regular Growth;INF174K01R71;;11.5286;11.5286;11.5286;14-Mar-2017
135048;Kotak FMP Series 176 - Direct Plan - Growth;INF174K01S96;;11.5388;11.5388;11.5388;14-Mar-2017
135050;Kotak FMP Series 176 - Regular Plan - Dividend;INF174K01S88;;11.4813;11.4813;11.4813;14-Mar-2017
135047;Kotak FMP Series 176 - Regular Plan - Growth;INF174K01S70;;11.4813;11.4813;11.4813;14-Mar-2017
135237;Kotak FMP Series 178 - Direct Growth;INF174K01U01;;11.44;11.44;11.44;14-Mar-2017
135236;Kotak FMP Series 178 - Regular Dividend;INF174K01T95;;11.3952;11.3952;11.3952;14-Mar-2017
135239;Kotak FMP Series 178 - Regular Growth;INF174K01T87;;11.3952;11.3952;11.3952;14-Mar-2017
135374;Kotak FMP Series 179 - Direct Dividend;INF174K01U92;;11.3245;11.3245;11.3245;14-Mar-2017
135375;Kotak FMP Series 179 - Direct Growth;INF174K01U84;;11.3243;11.3243;11.3243;14-Mar-2017
135373;Kotak FMP Series 179 - Regular Dividend;INF174K01U76;;11.2826;11.2826;11.2826;14-Mar-2017
135372;Kotak FMP Series 179 - Regular Growth;INF174K01U68;;11.2826;11.2826;11.2826;14-Mar-2017
135485;Kotak FMP Series 180 (1099 Days) - Direct Growth;INF174K01Y31;;11.2691;11.2691;11.2691;14-Mar-2017
135484;Kotak FMP Series 180 (1099 Days) - Regular Dividend;INF174K01Y23;;11.2291;11.2291;11.2291;14-Mar-2017
135488;Kotak FMP Series 180 (1099 Days) - Regular Growth;INF174K01Y15;;11.2291;11.2291;11.2291;14-Mar-2017
135608;Kotak FMP Series 181 - Direct Dividend;INF174K01Z55;;11.2072;11.2072;11.2072;14-Mar-2017
135609;Kotak FMP Series 181 - Direct Growth;INF174K01Z48;;11.2066;11.2066;11.2066;14-Mar-2017
135611;Kotak FMP Series 181 - Regular Dividend;INF174K01Z63;;11.1605;11.1605;11.1605;14-Mar-2017
135610;Kotak FMP Series 181 - Regular Growth;INF174K01Z30;;11.1605;11.1605;11.1605;14-Mar-2017
135758;Kotak FMP Series 182 - Direct Dividend;INF174K015A5;;11.1476;11.1476;11.1476;14-Mar-2017
135757;Kotak FMP Series 182 - Direct Growth;INF174K014A8;;11.151;11.151;11.151;14-Mar-2017
135756;Kotak FMP Series 182 - Regular Dividend;INF174K013A0;;11.1004;11.1004;11.1004;14-Mar-2017
135755;Kotak FMP Series 182 - Regular Growth;INF174K012A2;;11.1004;11.1004;11.1004;14-Mar-2017
135909;Kotak FMP Series 183 - Direct Growth;INF174K012B0;;11.284;11.284;11.284;14-Mar-2017
135907;Kotak FMP Series 183 - Regular Dividend;INF174K011B2;;11.2426;11.2426;11.2426;14-Mar-2017
135906;Kotak FMP Series 183 - Regular Growth;INF174K010B4;;11.2426;11.2426;11.2426;14-Mar-2017
136083;Kotak FMP Series 185 - Direct Growth;INF174K010C2;;11.0826;11.0826;11.0826;14-Mar-2017
136082;Kotak FMP Series 185 - Regular Dividend;INF174K019B5;;11.038;11.038;11.038;14-Mar-2017
136084;Kotak FMP Series 185 - Regular Growth;INF174K018B7;;11.038;11.038;11.038;14-Mar-2017
136135;Kotak FMP Series 186 - Direct Growth;INF174KA1DW0;;11.2676;11.2676;11.2676;14-Mar-2017
136133;Kotak FMP Series 186 - Regular Dividend;INF174KA1DV2;;11.2613;11.2613;11.2613;14-Mar-2017
136134;Kotak FMP Series 186 - Regular Growth;INF174KA1DU4;;11.2613;11.2613;11.2613;14-Mar-2017
136271;KOTAK FMP SERIES 187 - DIRECT GROWTH;INF174K018C5;;11.1377;11.1377;11.1377;14-Mar-2017
136270;KOTAK FMP SERIES 187 - REGULAR DIVIDEND;INF174K017C7;;11.1025;11.1025;11.1025;14-Mar-2017
136273;KOTAK FMP SERIES 187 - REGULAR GROWTH;INF174K016C9;;11.1025;11.1025;11.1025;14-Mar-2017
136306;Kotak FMP Series 189 - Direct - Dividend Payout;INF174K017D5;;11.2781;11.2781;11.2781;14-Mar-2017
136307;Kotak FMP Series 189 - Direct - Growth;INF174K016D7;;11.2775;11.2775;11.2775;14-Mar-2017
136305;Kotak FMP Series 189 - Regular - Dividend Payout;INF174K015D9;;11.2413;11.2413;11.2413;14-Mar-2017
136308;Kotak FMP Series 189 - Regular - Growth;INF174K014D2;;11.2413;11.2413;11.2413;14-Mar-2017
136365;Kotak FMp Series 190 - Direct - Dividend Payout;INF174K015E7;;11.0372;11.0372;11.0372;14-Mar-2017
136362;Kotak FMP Series 190 - Direct - Growth;INF174K014E0;;11.0372;11.0372;11.0372;14-Mar-2017
136364;Kotak FMP Series 190 - Regular - Dividend Payout;INF174K013E2;;10.9971;10.9971;10.9971;14-Mar-2017
136363;Kotak FMP Series 190 - Regular - Growth;INF174K012E4;;10.9971;10.9971;10.9971;14-Mar-2017
139078;Kotak FMP Series 191 - Direct - Growth;INF174K018E1;;10.9158;10.9158;10.9158;14-Mar-2017
139079;Kotak FMP Series 191 - Regular - Dividend Payout;INF174K017E3;;10.8838;10.8838;10.8838;14-Mar-2017
139080;Kotak FMP Series 191 - Regular - Growth;INF174K016E5;;10.8838;10.8838;10.8838;14-Mar-2017
139083;Kotak FMP Series 192 - Direct - Growth;INF174K012F1;;11.0073;11.0073;11.0073;14-Mar-2017
139081;Kotak FMP Series 192 - Regular - Dividend Payout;INF174K011F3;;10.9758;10.9758;10.9758;14-Mar-2017
139084;Kotak FMP Series 192 - Regular - Growth;INF174K010F5;;10.9758;10.9758;10.9758;14-Mar-2017
139271;Kotak FMP Series 193 - Direct - Growth;INF174K016F2;;10.9933;10.9933;10.9933;14-Mar-2017
139272;Kotak FMP Series 193 - Regular - Dividend Payout;INF174K015F4;;10.9633;10.9633;10.9633;14-Mar-2017
139269;Kotak FMP Series 193 - Regular - Growth;INF174K014F7;;10.9633;10.9633;10.9633;14-Mar-2017
139332;Kotak FMP Series 194 - Direct - Growth;INF174K010G3;;10.9552;10.9552;10.9552;14-Mar-2017
139331;Kotak FMP Series 194 - Regular - Dividend Payout;INF174K019F6;;10.9275;10.9275;10.9275;14-Mar-2017
139333;Kotak FMP Series 194 - Regular- Growth;INF174K018F8;;10.9275;10.9275;10.9275;14-Mar-2017
139578;Kotak FMP Series 196 - Direct - Growth;INF174K015H0;;10.5511;10.5511;10.5511;14-Mar-2017
139579;Kotak FMP Series 196 - Regular - Dividend Payout;INF174K014H3;;10.5307;10.5307;10.5307;14-Mar-2017
139580;Kotak FMP Series 196 - Regular - Growth;INF174K013H5;;10.5307;10.5307;10.5307;14-Mar-2017
140632;Kotak FMP Series 199 - Direct Plan - Growth Option;INF174K018K8;;10.0055;10.0055;10.0055;14-Mar-2017
140631;Kotak FMP Series 199 - Regular Plan - Dividend Payout Option;INF174K017K0;;10.0028;10.0028;10.0028;14-Mar-2017
140634;Kotak FMP Series 199 - Regular Plan - Growth Option;INF174K016K2;;10.0028;10.0028;10.0028;14-Mar-2017

L&T Mutual Fund
125804;L&T FMP - Series IX-Plan H - Dividend Payout - Regular Plan;INF917K01XV3;;10.1392;0;0;14-Mar-2017
125803;L&T FMP - Series IX-Plan H- Growth - Direct Plan;INF917K01XY7;;13.3066;0;0;14-Mar-2017
125802;L&T FMP - Series IX-Plan H- Growth - Regular Plan;INF917K01XW1;;13.0928;0;0;14-Mar-2017
121611;L&T FMP - VII (August1095D A) - Direct Plan - Growth;INF917K01GX4;;14.155;0;0;14-Mar-2017
121610;L&T FMP - VII (August1095D A) - Regular Plan - Dividend;INF917K01GU0;;11.4578;0;0;14-Mar-2017
121613;L&T FMP - VII (August1095D A) - Regular Plan - Growth;INF917K01GV8;;14.0107;0;0;14-Mar-2017
128513;L&T FMP Series X - Plan Q (1511 days) - Direct Plan - Growth;INF917K01VF0;;12.8972;0;0;14-Mar-2017
128511;L&T FMP Series X - Plan Q (1511 days) - Regular Plan - Growth;INF917K01VH6;;12.8199;0;0;14-Mar-2017
128582;L&T FMP Series X - Plan S (1500 days) - Direct Plan - Dividend;INF917K01VA1;;11.7408;0;0;14-Mar-2017
128584;L&T FMP Series X - Plan S (1500 days) - Direct Plan - Growth;INF917K01VB9;;12.8632;0;0;14-Mar-2017
128585;L&T FMP Series X - Plan S (1500 days) - Regular Plan - Growth;INF917K01VD5;;12.8132;0;0;14-Mar-2017
128587;L&T FMP Series X - Plan T (1500 days) - Direct Plan - Growth;INF917K01UX5;;12.8828;0;0;14-Mar-2017
128588;L&T FMP Series X - Plan T (1500 days) - Regular Plan - Growth;INF917K01UZ0;;12.8333;0;0;14-Mar-2017
127134;L&T FMP Series X - Plan H (1155 days) - Direct Plan - Growth Option;INF917K01WL6;;12.9612;0;0;14-Mar-2017
127136;L&T FMP Series X - Plan H (1155 days) - Regular Plan - Growth Option;INF917K01WN2;;12.8826;0;0;14-Mar-2017
127859;L&T FMP Series X - Plan M (1520 days) - Direct Plan - Dividend;INF917K01US5;;11.7116;0;0;14-Mar-2017
127862;L&T FMP Series X - Plan M (1520 days) - Direct Plan - Growth;INF917K01UT3;;13.079;0;0;14-Mar-2017
127861;L&T FMP Series X - Plan M (1520 days) - Regular Plan - Growth;INF917K01UV9;;12.8669;0;0;14-Mar-2017
127974;L&T FMP Series X - Plan O (1139 days) - Direct Plan - Dividend (Payout)  Option;INF917K01OX8;;10.1156;0;0;14-Mar-2017
127975;L&T FMP Series X - Plan O (1139 days) - Direct Plan - Growth Option;INF917K01OY6;;13.1383;0;0;14-Mar-2017
127972;L&T FMP Series X - Plan O (1139 days) - Regular Plan - Dividend (Payout) Option;INF917K01OZ3;;10.1049;0;0;14-Mar-2017
127973;L&T FMP Series X - Plan O (1139 days) - Regular Plan - Growth Option;INF917K01PA3;;12.9239;0;0;14-Mar-2017
128516;L&T FMP Series X - Plan R (1506 days) - Direct Plan - Growth;INF917K01VJ2;;12.9076;0;0;14-Mar-2017
128515;L&T FMP Series X - Plan R (1506 days) - Regular Plan - Growth;INF917K01VL8;;12.8226;0;0;14-Mar-2017
129055;L&T FMP Series XI - Plan A (1484 days) - Direct Plan - Dividend;INF917K01WG6;;11.727;0;0;14-Mar-2017
129056;L&T FMP Series XI - Plan A (1484 days) - Direct Plan - Growth;INF917K01WJ0;;12.8185;0;0;14-Mar-2017
129058;L&T FMP Series XI - Plan A (1484 days) - Regular Plan - Growth;INF917K01WI2;;12.7698;0;0;14-Mar-2017
130789;L&T FMP Series XI - Plan C(1139 days) - Direct Plan - Dividend;INF917K01QX3;;12.623;0;0;14-Mar-2017
130790;L&T FMP Series XI - Plan C(1139 days) - Direct Plan - Growth;INF917K01QY1;;12.623;0;0;14-Mar-2017
130791;L&T FMP Series XI - Plan C(1139 days) - Regular Plan - Dividend;INF917K01QZ8;;12.4905;0;0;14-Mar-2017
130792;L&T FMP Series XI - Plan C(1139 days) - Regular Plan - Growth;INF917K01RA9;;12.4905;0;0;14-Mar-2017
140490;L&T FMP Series XIV - Scheme A - Direct Plan - Growth;INF917K01YA5;;10.0908;0;0;14-Mar-2017
140491;L&T FMP Series XIV - Scheme A - Regular Plan - Dividend;INF917K01YB3;;10.0877;0;0;14-Mar-2017
140492;L&T FMP Series XIV - Scheme A - Regular Plan - Growth;INF917K01YC1;;10.0877;0;0;14-Mar-2017

LIC Mutual Fund
129313;LIC MF CAPITAL PROTECTION ORIENTED FUND SERIES 3(37 MONTHS) - DIRECT PLAN - DIVIDEND PAYOUT;INF767K01KH8;;12.3360;12.3360;12.3360;14-Mar-2017
129314;LIC MF CAPITAL PROTECTION ORIENTED FUND SERIES 3(37 MONTHS) - DIRECT PLAN - GROWTH;INF767K01KI6;;12.3359;12.3359;12.3359;14-Mar-2017
129315;LIC MF CAPITAL PROTECTION ORIENTED FUND SERIES 3(37 MONTHS) - REGULAR PLAN - DIVIDEN PAYOUT;INF767K01KF2;;12.1614;12.1614;12.1614;14-Mar-2017
129316;LIC MF CAPITAL PROTECTION ORIENTED FUND SERIES 3(37 MONTHS) - REGULAR PLAN - GROWTH;INF767K01KG0;;12.1614;12.1614;12.1614;14-Mar-2017
126380;LIC MF Capital Protection Oriented Fund-Series 2-Direct Plan-Growth;INF767K01PK1;;12.9841;12.9841;12.9841;14-Mar-2017
126382;LIC MF Capital Protection Oriented Fund-Series 2-Regular Plan-Dividend Payout;INF767K01PH7;;10.1942;10.1942;10.1942;14-Mar-2017
126381;LIC MF Capital Protection Oriented Fund-Series 2-Regular Plan-Growth;INF767K01PI5;;12.7812;12.7812;12.7812;14-Mar-2017
130359;LIC MF Capital Protection Oriented Fund-Series 4-Direct Plan-Growth;INF767K01LC7;;12.0161;12.0161;12.0161;14-Mar-2017
130364;LIC MF Capital Protection Oriented Fund-Series 4-Regular Plan-Dividend Payout;INF767K01KZ0;;11.9355;11.9355;11.9355;14-Mar-2017
130365;LIC MF Capital Protection Oriented Fund-Series 4-Regular Plan-Growth;INF767K01LA1;;11.9355;11.9355;11.9355;14-Mar-2017
131404;LIC MF Capital Protection Oriented Fund-Series 5-Direct Plan-Dividend Payout;INF767K01LZ8;;11.7161;11.7161;11.7161;14-Mar-2017
131405;LIC MF Capital Protection Oriented Fund-Series 5-Direct Plan-Growth;INF767K01MA9;;11.7158;11.7158;11.7158;14-Mar-2017
131406;LIC MF Capital Protection Oriented Fund-Series 5-Regular Plan-Dividend Payout;INF767K01LX3;;11.6588;11.6588;11.6588;14-Mar-2017
131407;LIC MF Capital Protection Oriented Fund-Series 5-Regular Plan-Growth;INF767K01LY1;;11.6588;11.6588;11.6588;14-Mar-2017
134727;LIC MF Dual Advantage Fixed Term Plan-Series 1-Direct Plan-Dividend Payout;INF767K01OE7;;11.2768;11.2768;11.2768;14-Mar-2017
134726;LIC MF Dual Advantage Fixed Term Plan-Series 1-Direct Plan-Growth;INF767K01OF4;;11.2768;11.2768;11.2768;14-Mar-2017
134729;LIC MF Dual Advantage Fixed Term Plan-Series 1-Regular Plan-Dividend Payout;INF767K01OC1;;11.0583;11.0583;11.0583;14-Mar-2017
134728;LIC MF Dual Advantage Fixed Term Plan-Series 1-Regular Plan-Growth;INF767K01OD9;;11.0583;11.0583;11.0583;14-Mar-2017
135345;LIC MF Dual Advantage Fixed Term Plan-Series 2-Direct Plan-Dividend Payout;INF767K01OM0;;11.2499;11.2499;11.2499;14-Mar-2017
135346;LIC MF Dual Advantage Fixed Term Plan-Series 2-Direct Plan-Growth;INF767K01ON8;;11.2499;11.2499;11.2499;14-Mar-2017
135347;LIC MF Dual Advantage Fixed Term Plan-Series 2-Regular Plan-Dividend Payout;INF767K01OK4;;11.0716;11.0716;11.0716;14-Mar-2017
135348;LIC MF Dual Advantage Fixed Term Plan-Series 2-Regular Plan-Growth;INF767K01OL2;;11.0716;11.0716;11.0716;14-Mar-2017
135588;LIC MF Dual Advantage Fixed Term Plan-Series 3-Direct Plan-Dividend Payout;INF767K01OQ1;;11.2986;11.2986;11.2986;14-Mar-2017
135589;LIC MF Dual Advantage Fixed Term Plan-Series 3-Direct Plan-Growth;INF767K01OR9;;11.2986;11.2986;11.2986;14-Mar-2017
135590;LIC MF Dual Advantage Fixed Term Plan-Series 3-Regular Plan-Dividend Payout;INF767K01OO6;;11.1387;11.1387;11.1387;14-Mar-2017
135591;LIC MF Dual Advantage Fixed Term Plan-Series 3-Regular Plan-Growth;INF767K01OP3;;11.1387;11.1387;11.1387;14-Mar-2017
129874;LIC MF FIXED MATURITY PLAN SERIES 82(764 DAYS)-DIRECT PLAN-GROWTH;INF767K01NT7;;12.6377;0.0000;0.0000;14-Mar-2017
129875;LIC MF FIXED MATURITY PLAN SERIES 82(764 DAYS)-REGULAR PLAN-GROWTH;INF767K01NR1;;12.5259;0.0000;0.0000;14-Mar-2017
129940;LIC MF FIXED MATURITY PLAN SERIES 83-DIRECT PLAN-GROWTH;INF767K01NV3;;12.5602;0.0000;0.0000;14-Mar-2017
129939;LIC MF FIXED MATURITY PLAN SERIES 83-REGULAR PLAN-GROWTH;INF767K01NX9;;12.5356;0.0000;0.0000;14-Mar-2017
130302;LIC MF FIXED MATURITY PLAN SERIES 85(EXTENDED MATURITY DATE- 27/06/2017)-DIRECT PLAN-GROWTH;INF767K01PG9;;12.5329;0.0000;0.0000;14-Mar-2017
130301;LIC MF FIXED MATURITY PLAN SERIES 85(EXTENDED MATURITY DATE- 27/06/2017)-REGULAR PLAN-GROWTH;INF767K01PE4;;12.3633;0.0000;0.0000;14-Mar-2017
130350;LIC MF Fixed Maturity Plan-Series 86-Direct Plan-Growth;INF767K01OJ6;;12.4643;0.0000;0.0000;14-Mar-2017
130352;LIC MF Fixed Maturity Plan-Series 86-Regular Plan-Dividend Payout;INF767K01OG2;;11.4334;0.0000;0.0000;14-Mar-2017
130351;LIC MF Fixed Maturity Plan-Series 86-Regular Plan-Growth;INF767K01OH0;;12.4407;0.0000;0.0000;14-Mar-2017
131542;LIC MF Fixed Maturity Plan-Series 89-Direct Plan-Growth;INF767K01ME1;;12.3668;0.0000;0.0000;14-Mar-2017
131543;LIC MF Fixed Maturity Plan-Series 89-Regular Plan-Dividend Payout;INF767K01MB7;;12.2342;0.0000;0.0000;14-Mar-2017
131544;LIC MF Fixed Maturity Plan-Series 89-Regular Plan-Growth;INF767K01MC5;;12.2342;0.0000;0.0000;14-Mar-2017
132911;LIC MF Fixed Maturity Plan-Series 90-Direct Plan-Dividend Payout;INF767K01MH4;;12.1953;0.0000;0.0000;14-Mar-2017
132909;LIC MF Fixed Maturity Plan-Series 90-Direct Plan-Growth;INF767K01MI2;;12.1953;0.0000;0.0000;14-Mar-2017
132910;LIC MF Fixed Maturity Plan-Series 90-Regular Plan-Dividend Payout;INF767K01MF8;;12.0803;0.0000;0.0000;14-Mar-2017
132912;LIC MF Fixed Maturity Plan-Series 90-Regular Plan-Growth;INF767K01MG6;;12.0800;0.0000;0.0000;14-Mar-2017
133225;LIC MF Fixed Maturity Plan-Series 92-Direct Plan-Growth;INF767K01MU7;;12.1963;0.0000;0.0000;14-Mar-2017
133226;LIC MF Fixed Maturity Plan-Series 92-Regular Plan-Dividend Payout;INF767K01MR3;;12.0289;0.0000;0.0000;14-Mar-2017
133227;LIC MF Fixed Maturity Plan-Series 92-Regular Plan-Growth;INF767K01MS1;;12.0289;0.0000;0.0000;14-Mar-2017

Nippon India Mutual Fund
139338;Nippon India Dual Advantage Fixed Tenure Fund IX- Plan D- Direct Plan-Dividend Payout Option;INF204KB1403;;10.9359;10.9359;10.9359;14-Mar-2017
139337;Nippon India Dual Advantage Fixed Tenure Fund IX- Plan D- Direct Plan-Growth Option;INF204KB1411;;10.9359;10.9359;10.9359;14-Mar-2017
139336;Nippon India Dual Advantage Fixed Tenure Fund IX- Plan D- Dividend Payout Option;INF204KB1429;;10.8036;10.8036;10.8036;14-Mar-2017
139335;Nippon India Dual Advantage Fixed Tenure Fund IX- Plan D- Growth Option;INF204KB1437;;10.8036;10.8036;10.8036;14-Mar-2017
139571;Nippon India Dual Advantage Fixed Tenure Fund IX- Plan E- Direct Plan-Dividend Payout Option;INF204KB1AJ6;;10.3130;10.3130;10.3130;14-Mar-2017
139570;Nippon India Dual Advantage Fixed Tenure Fund IX- Plan E- Direct Plan-Growth Option;INF204KB1AK4;;10.3130;10.3130;10.3130;14-Mar-2017
139572;Nippon India Dual Advantage Fixed Tenure Fund IX- Plan E- Dividend Payout Option;INF204KB1AL2;;10.2443;10.2443;10.2443;14-Mar-2017
139569;Nippon India Dual Advantage Fixed Tenure Fund IX- Plan E- Growth Option;INF204KB1AM0;;10.2443;10.2443;10.2443;14-Mar-2017
139601;Nippon India Dual Advantage Fixed Tenure Fund IX- Plan F-Direct Plan-Dividend Payout Option;INF204KB1AR9;;10.5234;10.5234;10.5234;14-Mar-2017
139599;Nippon India Dual Advantage Fixed Tenure Fund IX- Plan F-Direct Plan-Growth Option;INF204KB1AS7;;10.5234;10.5234;10.5234;14-Mar-2017
139600;Nippon India Dual Advantage Fixed Tenure Fund IX- Plan F-Dividend Payout Option;INF204KB1AT5;;10.4535;10.4535;10.4535;14-Mar-2017
139598;Nippon India Dual Advantage Fixed Tenure Fund IX- Plan F-Growth Option;INF204KB1AU3;;10.4535;10.4535;10.4535;14-Mar-2017
140054;Nippon India Dual Advantage Fixed Tenure Fund X- Plan A- Direct Plan- Growth Option;INF204KB1FA4;;10.2612;10.2612;10.2612;14-Mar-2017
140055;Nippon India Dual Advantage Fixed Tenure Fund X- Plan A- Direct Plan-Dividend Payout Option;INF204KB1EZ4;;10.2612;10.2612;10.2612;14-Mar-2017
140053;Nippon India Dual Advantage Fixed Tenure Fund X- Plan A- Dividend Payout Option;INF204KB1FB2;;10.2232;10.2232;10.2232;14-Mar-2017
140056;Nippon India Dual Advantage Fixed Tenure Fund X- Plan A- Growth Option;INF204KB1FC0;;10.2232;10.2232;10.2232;14-Mar-2017
140150;Nippon India Dual Advantage Fixed Tenure Fund X- Plan B- Direct Plan- Dividend Payout Option;INF204KB1FE6;;10.3045;10.3045;10.3045;14-Mar-2017
140151;Nippon India Dual Advantage Fixed Tenure Fund X- Plan B- Direct Plan-Growth Option;INF204KB1FF3;;10.3045;10.3045;10.3045;14-Mar-2017
140149;Nippon India Dual Advantage Fixed Tenure Fund X- Plan B- Dividend Payout Option;INF204KB1FG1;;10.2727;10.2727;10.2727;14-Mar-2017
140148;Nippon India Dual Advantage Fixed Tenure Fund X- Plan B- Growth Option;INF204KB1FH9;;10.2727;10.2727;10.2727;14-Mar-2017
140410;Nippon India Dual Advantage Fixed Tenure Fund - X - Plan C - Direct Plan - Dividend Payout Option;INF204KB1GC8;;10.2314;10.2314;10.2314;14-Mar-2017
140408;Nippon India Dual Advantage Fixed Tenure Fund - X - Plan C - Direct Plan - Growth Option;INF204KB1GD6;;10.2314;10.2314;10.2314;14-Mar-2017
140409;Nippon India Dual Advantage Fixed Tenure Fund - X - Plan C - Dividend Payout Option;INF204KB1GE4;;10.2081;10.2081;10.2081;14-Mar-2017
140407;Nippon India Dual Advantage Fixed Tenure Fund - X - Plan C - Growth Option;INF204KB1GF1;;10.2081;10.2081;10.2081;14-Mar-2017
140432;Nippon India Dual Advantage Fixed Tenure Fund X- Plan D- Direct Plan-Dividend Payout Option;INF204KB1GK1;;10.1783;10.1783;10.1783;14-Mar-2017
140431;Nippon India Dual Advantage Fixed Tenure Fund X- Plan D- Direct Plan-Growth Option;INF204KB1GL9;;10.1783;10.1783;10.1783;14-Mar-2017
140430;Nippon India Dual Advantage Fixed Tenure Fund X- Plan D- Dividend Payout Option;INF204KB1GM7;;10.1587;10.1587;10.1587;14-Mar-2017
140429;Nippon India Dual Advantage Fixed Tenure Fund X- Plan D- Growth Option;INF204KB1GN5;;10.1587;10.1587;10.1587;14-Mar-2017
140438;Nippon India Dual Advantage Fixed Tenure Fund X- Plan E- Direct Plan - Growth Option;INF204KB1GP0;;10.1608;10.1608;10.1608;14-Mar-2017
140439;Nippon India Dual Advantage Fixed Tenure Fund X- Plan E- Direct Plan- Dividend Payout Option;INF204KB1GO3;;10.1608;10.1608;10.1608;14-Mar-2017
140441;Nippon India Dual Advantage Fixed Tenure Fund X- Plan E- Dividend Payout Option;INF204KB1GQ8;;10.1430;10.1430;10.1430;14-Mar-2017
140440;Nippon India Dual Advantage Fixed Tenure Fund X- Plan E- Growth Option;INF204KB1GR6;;10.1430;10.1430;10.1430;14-Mar-2017
140515;Nippon India Dual Advantage Fixed Tenure Fund X- Plan F- Direct Plan-Dividend Payout Option;INF204KB1GW6;;10.0307;10.0307;10.0307;14-Mar-2017
140514;Nippon India Dual Advantage Fixed Tenure Fund X- Plan F- Direct Plan-Growth Option;INF204KB1GX4;;10.0307;10.0307;10.0307;14-Mar-2017
140513;Nippon India Dual Advantage Fixed Tenure Fund X- Plan F- Dividend Payout Option;INF204KB1GY2;;10.0179;10.0179;10.0179;14-Mar-2017
140516;Nippon India Dual Advantage Fixed Tenure Fund X- Plan F- Growth Option;INF204KB1GZ9;;10.0179;10.0179;10.0179;14-Mar-2017
126477;Nippon India Fixed Horizon Fund - XXV - Series 15 - Direct Plan - Growth Option;INF204KB1A06;;13.6872;13.6872;13.6872;14-Mar-2017
126478;Nippon India Fixed Horizon Fund - XXV - Series 15 - Dividend Payout Option;INF204KB1ZZ9;;10.8831;10.8831;10.8831;14-Mar-2017
126480;Nippon India Fixed Horizon Fund - XXV - Series 15 - Growth Option;INF204KB1ZY2;;13.5217;13.5217;13.5217;14-Mar-2017
139734;Nippon India Fixed Horizon Fund XXXI Series 9 - Direct Plan - Dividend Payout Option;INF204KB1BW7;;10.4416;10.4416;10.4416;14-Mar-2017
139735;Nippon India Fixed Horizon Fund XXXI Series 9 - Direct Plan - Growth Option;INF204KB1BV9;;10.4416;10.4416;10.4416;14-Mar-2017
139736;Nippon India Fixed Horizon Fund XXXI Series 9 - Dividend Payout Option;INF204KB1BU1;;10.3911;10.3911;10.3911;14-Mar-2017
139733;Nippon India Fixed Horizon Fund XXXI Series 9 - Growth Option;INF204KB1BT3;;10.3911;10.3911;10.3911;14-Mar-2017
139850;Nippon India Fixed Horizon Fund XXXI- Series 13- Direct Plan-Dividend Payout Option;INF204KB1DG6;;10.3704;10.3704;10.3704;14-Mar-2017
139851;Nippon India Fixed Horizon Fund XXXI- Series 13- Direct Plan-Growth Option;INF204KB1DF8;;10.3704;10.3704;10.3704;14-Mar-2017
139849;Nippon India Fixed Horizon Fund XXXI- Series 13- Dividend Payout Option;INF204KB1DE1;;10.3265;10.3265;10.3265;14-Mar-2017
139852;Nippon India Fixed Horizon Fund XXXI- Series 13- Growth Option;INF204KB1DD3;;10.3265;10.3265;10.3265;14-Mar-2017
139965;Nippon India Fixed Horizon Fund XXXI- Series 15- Direct Plan-Dividend Payout Option;INF204KB1EE9;;10.3664;10.3664;10.3664;14-Mar-2017
139964;Nippon India Fixed Horizon Fund XXXI- Series 15- Direct Plan-Growth Option;INF204KB1ED1;;10.3664;10.3664;10.3664;14-Mar-2017
139966;Nippon India Fixed Horizon Fund XXXI- Series 15- Dividend Payout Option;INF204KB1EC3;;10.3276;10.3276;10.3276;14-Mar-2017
139963;Nippon India Fixed Horizon Fund XXXI- Series 15-Growth Option;INF204KB1EB5;;10.3276;10.3276;10.3276;14-Mar-2017
139652;Nippon India Fixed Horizon Fund XXXI- Series 8- Direct Plan - Growth Option;INF204KB1BB1;;10.4718;10.4718;10.4718;14-Mar-2017
139654;Nippon India Fixed Horizon Fund XXXI- Series 8- Direct Plan-Dividend Payout Option;INF204KB1BC9;;10.4718;10.4718;10.4718;14-Mar-2017
139653;Nippon India Fixed Horizon Fund XXXI- Series 8- Dividend Payout Option;INF204KB1BA3;;10.4029;10.4029;10.4029;14-Mar-2017
139651;Nippon India Fixed Horizon Fund XXXI- Series 8- Growth Option;INF204KB1AZ2;;10.4029;10.4029;10.4029;14-Mar-2017
140155;Nippon India Fixed Horizon Fund XXXII- Series 1- Direct Plan- Dividend Payout Option;INF204KB1FP2;;10.2195;10.2195;10.2195;14-Mar-2017
140154;Nippon India Fixed Horizon Fund XXXII- Series 1- Direct Plan-Growth Option;INF204KB1FO5;;10.2195;10.2195;10.2195;14-Mar-2017
140153;Nippon India Fixed Horizon Fund XXXII- Series 1- Dividend Payout Option;INF204KB1FN7;;10.1892;10.1892;10.1892;14-Mar-2017
140152;Nippon India Fixed Horizon Fund XXXII- Series 1- Growth Option;INF204KB1FM9;;10.1892;10.1892;10.1892;14-Mar-2017
140601;Nippon India Fixed Horizon Fund XXXII- Series 10- Direct Plan- Dividend Payout Option;INF204KB1HL7;;10.0236;10.0236;10.0236;14-Mar-2017
140600;Nippon India Fixed Horizon Fund XXXII- Series 10- Direct Plan- Growth Option;INF204KB1HK9;;10.0236;10.0236;10.0236;14-Mar-2017
140599;Nippon India Fixed Horizon Fund XXXII- Series 10- Dividend Payout Option;INF204KB1HJ1;;10.0198;10.0198;10.0198;14-Mar-2017
140602;Nippon India Fixed Horizon Fund XXXII- Series 10- Growth Option;INF204KB1HI3;;10.0198;10.0198;10.0198;14-Mar-2017
140156;Nippon India Fixed Horizon Fund XXXII- Series 2- Direct Plan- Dividend Payout Option;INF204KB1FT4;;10.1865;10.1865;10.1865;14-Mar-2017
140158;Nippon India Fixed Horizon Fund XXXII- Series 2- Direct Plan-Growth Option;INF204KB1FS6;;10.1865;10.1865;10.1865;14-Mar-2017
140157;Nippon India Fixed Horizon Fund XXXII- Series 2- Dividend Payout Option;INF204KB1FR8;;10.1594;10.1594;10.1594;14-Mar-2017
140159;Nippon India Fixed Horizon Fund XXXII- Series 2- Growth Option;INF204KB1FQ0;;10.1594;10.1594;10.1594;14-Mar-2017
140166;Nippon India Fixed Horizon Fund XXXII- Series 4- Direct Plan- Dividend Payout Option;INF204KB1GB0;;10.2350;10.2350;10.2350;14-Mar-2017
140167;Nippon India Fixed Horizon Fund XXXII- Series 4- Direct Plan-Growth Option;INF204KB1GA2;;10.2350;10.2350;10.2350;14-Mar-2017
140165;Nippon India Fixed Horizon Fund XXXII- Series 4- Dividend Payout Option;INF204KB1FZ1;;10.2070;10.2070;10.2070;14-Mar-2017
140164;Nippon India Fixed Horizon Fund XXXII- Series 4- Growth Option;INF204KB1FY4;;10.2070;10.2070;10.2070;14-Mar-2017
140428;Nippon India Fixed Horizon Fund XXXII- Series 5- Direct Plan-Dividend Payout Option;INF204KB1GJ3;;10.1160;10.1160;10.1160;14-Mar-2017
140426;Nippon India Fixed Horizon Fund XXXII- Series 5- Direct Plan-Growth Option;INF204KB1GI5;;10.1160;10.1160;10.1160;14-Mar-2017
140425;Nippon India Fixed Horizon Fund XXXII- Series 5- Dividend Payout Option;INF204KB1GH7;;10.1088;10.1088;10.1088;14-Mar-2017
140427;Nippon India Fixed Horizon Fund XXXII- Series 5- Growth Option;INF204KB1GG9;;10.1088;10.1088;10.1088;14-Mar-2017
140509;Nippon India Fixed Horizon Fund XXXII- Series 7- Direct Plan-Dividend Payout Option;INF204KB1HD4;;10.0397;10.0397;10.0397;14-Mar-2017
140512;Nippon India Fixed Horizon Fund XXXII- Series 7- Direct Plan-Growth Option;INF204KB1HC6;;10.0397;10.0397;10.0397;14-Mar-2017
140511;Nippon India Fixed Horizon Fund XXXII- Series 7- Dividend Payout Option;INF204KB1HB8;;10.0276;10.0276;10.0276;14-Mar-2017
140510;Nippon India Fixed Horizon Fund XXXII- Series 7- Growth Option;INF204KB1HA0;;10.0276;10.0276;10.0276;14-Mar-2017
140535;Nippon India Fixed Horizon Fund XXXII- Series 8- Direct Plan-Growth Option;INF204KB1HG7;;9.9668;9.9668;9.9668;14-Mar-2017
140536;Nippon India Fixed Horizon Fund XXXII- Series 8- Dividend Payout Option;INF204KB1HF9;;9.9655;9.9655;9.9655;14-Mar-2017
140534;Nippon India Fixed Horizon Fund XXXII- Series 8- Growth Option;INF204KB1HE2;;9.9655;9.9655;9.9655;14-Mar-2017
140561;Nippon India Fixed Horizon Fund - XXXII - Series 9 - Direct Plan - Dividend Payout Option;INF204KB1HP8;;9.9909;9.9909;9.9909;14-Mar-2017
140560;Nippon India Fixed Horizon Fund - XXXII - Series 9 - Direct Plan - Growth Option;INF204KB1HO1;;9.9909;9.9909;9.9909;14-Mar-2017
140562;Nippon India Fixed Horizon Fund - XXXII - Series 9 - Dividend Payout Option;INF204KB1HN3;;9.9895;9.9895;9.9895;14-Mar-2017
140559;Nippon India Fixed Horizon Fund - XXXII - Series 9 - Growth Option;INF204KB1HM5;;9.9895;9.9895;9.9895;14-Mar-2017
140739;Nippon India Fixed Horizon Fund XXXIII- Series 1- Direct Plan- Dividend Payout Option;INF204KB1IB6;;10.0007;10.0007;10.0007;14-Mar-2017
140738;Nippon India Fixed Horizon Fund XXXIII- Series 1- Direct Plan- Growth Option;INF204KB1IA8;;10.0007;10.0007;10.0007;14-Mar-2017
140737;Nippon India Fixed Horizon Fund XXXIII- Series 1- Growth Option;INF204KB1HY0;;10.0003;10.0003;10.0003;14-Mar-2017
117340;Reliance Dual Advantage Fixed Tenure Fund II - Plan G - Dividend Payout Option;INF204K01SC6;-;15.6455;15.6455;15.6455;14-Mar-2017
117339;Reliance Dual Advantage Fixed Tenure Fund II - Plan G - Growth Option;INF204K01SB8;-;15.6455;15.6455;15.6455;14-Mar-2017
117601;Reliance Dual Advantage Fixed Tenure Fund II - Plan H - Dividend Payout Option;INF204K01SE2;;14.9771;14.9771;14.9771;14-Mar-2017
117600;Reliance Dual Advantage Fixed Tenure Fund II - Plan H - Growth Option;INF204K01SD4;;14.9771;14.9771;14.9771;14-Mar-2017
122510;Reliance Dual Advantage Fixed Tenure Fund III - Plan C - Direct Plan - Dividend Option;INF204K01N79;;14.1320;14.1320;14.1320;14-Mar-2017
122512;Reliance Dual Advantage Fixed Tenure Fund III - Plan C - Dividend Option;INF204K01N53;;13.5924;13.5924;13.5924;14-Mar-2017
122511;Reliance Dual Advantage Fixed Tenure Fund III - Plan C - Growth Option;INF204K01N46;;13.6983;13.6983;13.6983;14-Mar-2017
122509;Reliance Dual Advantage Fixed Tenure Fund III -Plan C- Direct Plan - Growth Option;INF204K01N61;;14.2386;14.2386;14.2386;14-Mar-2017
122913;Reliance Dual Advantage Fixed Tenure Fund IV - Plan A - Direct Plan -Growth Option;INF204KA1669;;14.4434;14.4434;14.4434;14-Mar-2017
122910;Reliance Dual Advantage Fixed Tenure Fund IV - Plan A - Growth Option;INF204KA1644;;13.8904;13.8904;13.8904;14-Mar-2017
136247;Reliance Dual Advantage Fixed Tenure Fund IX- Plan A- Direct Plan-Dividend Payout Option;INF204KA17W8;;11.3100;11.3100;11.3100;14-Mar-2017
136249;Reliance Dual Advantage Fixed Tenure Fund IX- Plan A- Direct Plan-Growth Option;INF204KA18W6;;11.3100;11.3100;11.3100;14-Mar-2017
136246;Reliance Dual Advantage Fixed Tenure Fund IX- Plan A- Dividend Payout Option;INF204KA19W4;;11.1619;11.1619;11.1619;14-Mar-2017
136248;Reliance Dual Advantage Fixed Tenure Fund IX- Plan A- Growth Option;INF204KA10X1;;11.1619;11.1619;11.1619;14-Mar-2017
136522;Reliance Dual Advantage Fixed Tenure Fund IX- Plan B- Direct Plan-Dividend Payout Option;INF204KA15Z5;;11.0235;11.0235;11.0235;14-Mar-2017
136521;Reliance Dual Advantage Fixed Tenure Fund IX- Plan B- Direct Plan-Growth Option;INF204KA16Z3;;11.0235;11.0235;11.0235;14-Mar-2017
136520;Reliance Dual Advantage Fixed Tenure Fund IX- Plan B- Dividend Payout Option;INF204KA17Z1;;10.9082;10.9082;10.9082;14-Mar-2017
136519;Reliance Dual Advantage Fixed Tenure Fund IX- Plan B- Growth Option;INF204KA18Z9;;10.9082;10.9082;10.9082;14-Mar-2017
139251;Reliance Dual Advantage Fixed Tenure Fund IX- Plan C- Direct Plan-Dividend Payout Option;INF204KB1304;;11.0460;11.0460;11.0460;14-Mar-2017
139249;Reliance Dual Advantage Fixed Tenure Fund IX- Plan C- Direct Plan-Growth Option;INF204KB1296;;11.0460;11.0460;11.0460;14-Mar-2017
139252;Reliance Dual Advantage Fixed Tenure Fund IX- Plan C- Dividend Payout Option;INF204KB1304;;10.9419;10.9419;10.9419;14-Mar-2017
139250;Reliance Dual Advantage Fixed Tenure Fund IX- Plan C- Growth Option;INF204KB1312;;10.9419;10.9419;10.9419;14-Mar-2017
127270;Reliance Dual Advantage Fixed Tenure Fund V - Plan B - Direct Plan - Dividend Payout Option;INF204KA1IU7;;12.4531;12.4531;12.4531;14-Mar-2017
127269;Reliance Dual Advantage Fixed Tenure Fund V - Plan B - Direct Plan - Growth Option;INF204KA1IT9;;12.4531;12.4531;12.4531;14-Mar-2017
127271;Reliance Dual Advantage Fixed Tenure Fund V - Plan B - Dividend Payout Option;INF204KA1IS1;;11.9115;11.9115;11.9115;14-Mar-2017
127268;Reliance Dual Advantage Fixed Tenure Fund V - Plan B - Growth Option;INF204KA1IR3;;11.9115;11.9115;11.9115;14-Mar-2017
127523;Reliance Dual Advantage Fixed Tenure Fund V - Plan C -Direct Plan -Growth Option;INF204KA1IX1;;12.5507;12.5507;12.5507;14-Mar-2017
127522;Reliance Dual Advantage Fixed Tenure Fund V - Plan C -Dividend Payout Option;INF204KA1IW3;;10.0000;10.0000;10.0000;14-Mar-2017
127525;Reliance Dual Advantage Fixed Tenure Fund V - Plan C -Growth Option;INF204KA1IV5;;12.0406;12.0406;12.0406;14-Mar-2017
128178;Reliance Dual Advantage Fixed Tenure Fund V - Plan E - Direct Plan - Dividend Payout Option;INF204KA1KU3;;11.9667;11.9667;11.9667;14-Mar-2017
128176;Reliance Dual Advantage Fixed Tenure Fund V - Plan E - Direct Plan - Growth Option;INF204KA1KT5;;11.9667;11.9667;11.9667;14-Mar-2017
128177;Reliance Dual Advantage Fixed Tenure Fund V - Plan E - Dividend Payout Option;INF204KA1KS7;;11.4687;11.4687;11.4687;14-Mar-2017
128175;Reliance Dual Advantage Fixed Tenure Fund V - Plan E - Growth Option;INF204KA1KR9;;11.4687;11.4687;11.4687;14-Mar-2017
128691;Reliance Dual Advantage Fixed Tenure Fund V - Plan F- Direct Plan - Dividend Payout Option;INF204KA1MB9;;12.3392;12.3392;12.3392;14-Mar-2017
128690;Reliance Dual Advantage Fixed Tenure Fund V - Plan F- Direct Plan - Growth Option;INF204KA1MA1;;12.3392;12.3392;12.3392;14-Mar-2017
128692;Reliance Dual Advantage Fixed Tenure Fund V - Plan F- Dividend Payout Option;INF204KA1LZ0;;11.8494;11.8494;11.8494;14-Mar-2017
128689;Reliance Dual Advantage Fixed Tenure Fund V - Plan F- Growth Option;INF204KA1LY3;;11.8494;11.8494;11.8494;14-Mar-2017
128987;Reliance Dual Advantage Fixed Tenure Fund V- Plan G- Direct Plan - Dividend Payout Option;INF204KA1NA9;;13.3087;13.3087;13.3087;14-Mar-2017
128986;Reliance Dual Advantage Fixed Tenure Fund V- Plan G- Direct Plan - Growth Option;INF204KA1MZ8;;13.3087;13.3087;13.3087;14-Mar-2017
128985;Reliance Dual Advantage Fixed Tenure Fund V- Plan G- Dividend Payout Option;INF204KA1MY1;;12.7752;12.7752;12.7752;14-Mar-2017
128984;Reliance Dual Advantage Fixed Tenure Fund V- Plan G- Growth Option;INF204KA1MX3;;12.7752;12.7752;12.7752;14-Mar-2017
129734;Reliance Dual Advantage Fixed Tenure Fund V- Plan H- Direct Plan- Dividend payout option;INF204KA1PM9;;12.0055;12.0055;12.0055;14-Mar-2017
129733;Reliance Dual Advantage Fixed Tenure Fund V- Plan H- Direct Plan- Growth Option;INF204KA1PL1;;12.0055;12.0055;12.0055;14-Mar-2017
129736;Reliance Dual Advantage Fixed Tenure Fund V- Plan H- Dividend Payout Option;INF204KA1PK3;;11.5210;11.5210;11.5210;14-Mar-2017
129735;Reliance Dual Advantage Fixed Tenure Fund V- Plan H- Growth Option;INF204KA1PJ5;;11.5210;11.5210;11.5210;14-Mar-2017
130629;Reliance Dual Advantage Fixed Tenure Fund VI- Plan A- Direct Plan- Growth Option;INF204KA1RQ6;;11.7753;11.7753;11.7753;14-Mar-2017
130631;Reliance Dual Advantage Fixed Tenure Fund VI- Plan A- Growth Option;INF204KA1RO1;;11.4836;11.4836;11.4836;14-Mar-2017
130630;Reliance Dual Advantage Fixed Tenure Fund- VI- Plan A- Direct Plan- Dividend Payout Option;INF204KA1RR4;;11.7753;11.7753;11.7753;14-Mar-2017
130632;Reliance Dual Advantage Fixed Tenure Fund- VI- Plan A- Dividend Payout Option;INF204KA1RP8;;11.4836;11.4836;11.4836;14-Mar-2017
130885;Reliance Dual Advantage Fixed Tenure Fund VI- Plan B- Direct Plan- DIvidend Payout Option;INF204KA1TA6;;11.3278;11.3278;11.3278;14-Mar-2017
130884;Reliance Dual Advantage Fixed Tenure Fund VI- Plan B- Direct Plan- Growth Option;INF204KA1SZ5;;11.3278;11.3278;11.3278;14-Mar-2017
130883;Reliance Dual Advantage Fixed Tenure Fund VI- Plan B- Dividend Payout Option;INF204KA1SY8;;11.0855;11.0855;11.0855;14-Mar-2017
130882;Reliance Dual Advantage Fixed Tenure Fund VI- Plan B- Growth Option;INF204KA1SX0;;11.0855;11.0855;11.0855;14-Mar-2017
131307;Reliance Dual Advantage Fixed Tenure Fund VI- Plan C- Direct Plan Dividend Payout Option;INF204KA1UI7;;11.3129;11.3129;11.3129;14-Mar-2017
131308;Reliance Dual Advantage Fixed Tenure Fund VI- Plan C- Direct Plan- Growth Option;INF204KA1UH9;;11.3129;11.3129;11.3129;14-Mar-2017
131306;Reliance Dual Advantage Fixed Tenure Fund VI- Plan C- Dividend Payout Option;INF204KA1UG1;;11.0091;11.0091;11.0091;14-Mar-2017
131305;Reliance Dual Advantage Fixed Tenure Fund VI- Plan C- Growth Option;INF204KA1UF3;;11.0091;11.0091;11.0091;14-Mar-2017
131342;Reliance Dual Advantage Fixed Tenure Fund VI Plan D- Growth Option;INF204KA1UO5;;11.6256;11.6256;11.6256;14-Mar-2017
131345;Reliance Dual Advantage Fixed Tenure Fund VI- Plan D- Direct Plan- Dividend Payout Option;INF204KA1UR8;;11.9191;11.9191;11.9191;14-Mar-2017
131343;Reliance Dual Advantage Fixed Tenure Fund VI- Plan D- Direct Plan- Growth Option;INF204KA1UQ0;;11.9191;11.9191;11.9191;14-Mar-2017
131344;Reliance Dual Advantage Fixed Tenure Fund VI- Plan D- Dividend Payout Option;INF204KA1UP2;;11.6256;11.6256;11.6256;14-Mar-2017
131462;Reliance Dual Advantage Fixed Tenure Fund VI- Plan E - Growth Option;INF204KA1VS4;;10.8442;10.8442;10.8442;14-Mar-2017
131464;Reliance Dual Advantage Fixed Tenure Fund VI- Plan E- Direct Plan- Growth Option;INF204KA1VU0;;11.1353;11.1353;11.1353;14-Mar-2017
131463;Reliance Dual Advantage Fixed Tenure Fund VI- Plan E- Dividend Payout Option;INF204KA1VT2;;10.8442;10.8442;10.8442;14-Mar-2017
132764;Reliance Dual Advantage Fixed Tenure Fund VI- Plan F- Direct Plan - Dividend Payout Option;INF204KA1WN3;;11.6560;11.6560;11.6560;14-Mar-2017
132763;Reliance Dual Advantage Fixed Tenure Fund VI- Plan F- Direct Plan - Growth Option;INF204KA1WM5;;11.6560;11.6560;11.6560;14-Mar-2017
132765;Reliance Dual Advantage Fixed Tenure Fund VI- Plan F- Dividend Payout Option;INF204KA1WL7;;11.3563;11.3563;11.3563;14-Mar-2017
132762;Reliance Dual Advantage Fixed Tenure Fund VI- Plan F- Growth Option;INF204KA1WK9;;11.3563;11.3563;11.3563;14-Mar-2017
133304;Reliance Dual Advantage Fixed Tenure Fund VII - Plan B - Direct Plan - Dividend Payout Option;INF204KA1ZC9;;10.8877;10.8877;10.8877;14-Mar-2017
133305;Reliance Dual Advantage Fixed Tenure Fund VII - Plan B - Direct Plan - Growth Option;INF204KA1ZD7;;10.8877;10.8877;10.8877;14-Mar-2017
133306;Reliance Dual Advantage Fixed Tenure Fund VII - Plan B - Dividend Payout Option;INF204KA1ZE5;;10.6244;10.6244;10.6244;14-Mar-2017
133303;Reliance Dual Advantage Fixed Tenure Fund VII - Plan B - Growth Option;INF204KA1ZF2;;10.6244;10.6244;10.6244;14-Mar-2017
133047;Reliance Dual Advantage Fixed Tenure Fund VII- Plan A- Direct Plan-Dividend Payout Option;INF204KA1XU6;;10.7936;10.7936;10.7936;14-Mar-2017
133046;Reliance Dual Advantage Fixed Tenure Fund VII- Plan A- Direct Plan-Growth Option;INF204KA1XV4;;10.7936;10.7936;10.7936;14-Mar-2017
133048;Reliance Dual Advantage Fixed Tenure Fund VII- Plan A- Dividend Payout Option;INF204KA1XW2;;10.5233;10.5233;10.5233;14-Mar-2017
133045;Reliance Dual Advantage Fixed Tenure Fund VII- Plan A- Growth Option;INF204KA1XX0;;10.5233;10.5233;10.5233;14-Mar-2017
133533;Reliance Dual Advantage Fixed Tenure Fund VII- Plan C- Direct Plan-Dividend Payout Option;INF204KA1B23;;10.5197;10.5197;10.5197;14-Mar-2017
133532;Reliance Dual Advantage Fixed Tenure Fund VII- Plan C- Direct Plan-Growth Option;INF204KA1B31;;10.5197;10.5197;10.5197;14-Mar-2017
133530;Reliance Dual Advantage Fixed Tenure Fund VII- Plan C- Dividend Payout Option;INF204KA1B49;;10.2729;10.2729;10.2729;14-Mar-2017
133531;Reliance Dual Advantage Fixed Tenure Fund VII- Plan C- Growth Option;INF204KA1B56;;10.2729;10.2729;10.2729;14-Mar-2017
133986;Reliance Dual Advantage Fixed Tenure Fund VII- Plan D- Direct Plan- Growth Option;INF204KA1G44;;10.6311;10.6311;10.6311;14-Mar-2017
133987;Reliance Dual Advantage Fixed Tenure Fund VII- Plan D- Direct Plan-Dividend Payout Option;INF204KA1G36;;10.6311;10.6311;10.6311;14-Mar-2017
133985;Reliance Dual Advantage Fixed Tenure Fund VII- Plan D- Dividend Payout Option;INF204KA1G51;;10.4238;10.4238;10.4238;14-Mar-2017
133984;Reliance Dual Advantage Fixed Tenure Fund VII- Plan D- Growth Option;INF204KA1G69;;10.4238;10.4238;10.4238;14-Mar-2017
134412;Reliance Dual Advantage Fixed Tenure Fund VII- Plan E- Direct Plan-Dividend Payout Option;INF204KA1L70;;10.4951;10.4951;10.4951;14-Mar-2017
134410;Reliance Dual Advantage Fixed Tenure Fund VII- Plan E- Direct Plan-Growth Option;INF204KA1L88;;10.4951;10.4951;10.4951;14-Mar-2017
134411;Reliance Dual Advantage Fixed Tenure Fund VII- Plan E- Dividend Payout Option;INF204KA1L96;;10.3833;10.3833;10.3833;14-Mar-2017
134409;Reliance Dual Advantage Fixed Tenure Fund VII- Plan E- Growth Option;INF204KA1M04;;10.3833;10.3833;10.3833;14-Mar-2017
135086;Reliance Dual Advantage Fixed Tenure Fund VIII- Plan A- Direct Plan- Growth Option;INF204KA11J8;;11.2181;11.2181;11.2181;14-Mar-2017
135084;Reliance Dual Advantage Fixed Tenure Fund VIII- Plan A- Direct Plan-Dividend Payout Option;INF204KA10J0;;11.2181;11.2181;11.2181;14-Mar-2017
135085;Reliance Dual Advantage Fixed Tenure Fund VIII- Plan A- Dividend Payout Option;INF204KA12J6;;10.9969;10.9969;10.9969;14-Mar-2017
135087;Reliance Dual Advantage Fixed Tenure Fund VIII- Plan A- Growth Option;INF204KA13J4;;10.9969;10.9969;10.9969;14-Mar-2017
135231;Reliance Dual Advantage Fixed Tenure Fund VIII- Plan B-Direct Plan-Dividend Payout Option;INF204KA18K1;;11.2727;11.2727;11.2727;14-Mar-2017
135230;Reliance Dual Advantage Fixed Tenure Fund VIII- Plan B-Direct Plan-Growth Option;INF204KA19K9;;11.2727;11.2727;11.2727;14-Mar-2017
135229;Reliance Dual Advantage Fixed Tenure Fund VIII- Plan B-Dividend Payout Option;INF204KA10L6;;11.0591;11.0591;11.0591;14-Mar-2017
135228;Reliance Dual Advantage Fixed Tenure Fund VIII- Plan B-Growth Option;INF204KA11L4;;11.0591;11.0591;11.0591;14-Mar-2017
135435;Reliance Dual Advantage Fixed Tenure Fund VIII- Plan C- Direct Plan-Dividend Payout Option;INF204KA11O8;;11.0734;11.0734;11.0734;14-Mar-2017
135434;Reliance Dual Advantage Fixed Tenure Fund VIII- Plan C- Direct Plan-Growth Option;INF204KA12O6;;11.0734;11.0734;11.0734;14-Mar-2017
135433;Reliance Dual Advantage Fixed Tenure Fund VIII- Plan C- Dividend Payout Option;INF204KA13O4;;10.9030;10.9030;10.9030;14-Mar-2017
135432;Reliance Dual Advantage Fixed Tenure Fund VIII- Plan C- Growth Option;INF204KA14O2;;10.9030;10.9030;10.9030;14-Mar-2017
117813;Reliance Fixed Horizon Fund - XXII - Series 24 - Dividend Payout Option;INF204K01VO5;-;12.5510;12.5510;12.5510;14-Mar-2017
117814;Reliance Fixed Horizon Fund - XXII - Series 24 - Growth Option;INF204K01VN7;-;14.6840;14.6840;14.6840;14-Mar-2017
117976;Reliance Fixed Horizon Fund XXII - Sereis 30 - Dividend Payout Option;INF204K01WA2;-;14.3127;14.3127;14.3127;14-Mar-2017
117975;Reliance Fixed Horizon Fund XXII - Series 30 - Growth Option;INF204K01VZ1;-;14.3127;14.3127;14.3127;14-Mar-2017
122615;Reliance Fixed Horizon Fund - XXIII - Series 12 - Direct Plan - Growth  Option;INF204K010C6;;13.5021;13.5021;13.5021;14-Mar-2017
122614;Reliance Fixed Horizon Fund - XXIII - Series 12 - Growth Option;INF204K018B1;;13.4133;13.4133;13.4133;14-Mar-2017
121755;Reliance Fixed Horizon Fund - XXIII - Series 8 - Direct Plan - Growth Option;INF204K014A2;;13.9459;13.9459;13.9459;14-Mar-2017
121758;Reliance Fixed Horizon Fund - XXIII - Series 8 - Growth Option;INF204K012A6;;13.8736;13.8736;13.8736;14-Mar-2017
123459;Reliance Fixed Horizon Fund - XXIV - Series 11 - Direct Plan - Growth Option;INF204KA1TP4;;13.6788;13.6788;13.6788;14-Mar-2017
123458;Reliance Fixed Horizon Fund - XXIV - Series 11 - Growth Option;INF204KA1TN9;;13.6261;13.6261;13.6261;14-Mar-2017
123742;Reliance Fixed Horizon Fund - XXIV - Series 15-Direct Plan -Growth Option;INF204KA1UL1;;13.7054;13.7054;13.7054;14-Mar-2017
123740;Reliance Fixed Horizon Fund - XXIV - Series 15-Growth Option;INF204KA1UJ5;;13.6133;13.6133;13.6133;14-Mar-2017
122903;Reliance Fixed Horizon Fund - XXIV - Series 2 - Direct Plan - Dividend Payout Option;INF204K010X2;;10.4463;10.4463;10.4463;14-Mar-2017
122902;Reliance Fixed Horizon Fund - XXIV - Series 2 - Direct Plan - Growth Option;INF204K019W5;;13.8087;13.8087;13.8087;14-Mar-2017
122900;Reliance Fixed Horizon Fund - XXIV - Series 2 - Growth Option;INF204K017W9;;13.6388;13.6388;13.6388;14-Mar-2017
124708;Reliance Fixed Horizon Fund - XXIV - Series 22 - Direct Plan - Dividend Payout Option;INF204KA11E9;;11.5639;11.5639;11.5639;14-Mar-2017
124707;Reliance Fixed Horizon Fund - XXIV - Series 22 - Direct Plan - Growth Option;INF204KA10E1;;13.3782;13.3782;13.3782;14-Mar-2017
124709;Reliance Fixed Horizon Fund - XXIV - Series 22 - Dividend Payout Option;INF204KA19D4;;11.5419;11.5419;11.5419;14-Mar-2017
124706;Reliance Fixed Horizon Fund - XXIV - Series 22 - Growth Option;INF204KA18D6;;13.2875;13.2875;13.2875;14-Mar-2017
125153;Reliance Fixed Horizon Fund - XXIV - Series 24 - Direct Plan - Dividend Payout Option;INF204KA1594;;13.8512;13.8512;13.8512;14-Mar-2017
125152;Reliance Fixed Horizon Fund - XXIV - Series 24 - Direct Plan - Growth Option;INF204KA1586;;13.8512;13.8512;13.8512;14-Mar-2017
125151;Reliance Fixed Horizon Fund - XXIV - Series 24 - Dividend Payout Option;INF204KA1578;;13.6389;13.6389;13.6389;14-Mar-2017
125150;Reliance Fixed Horizon Fund - XXIV - Series 24 - Growth Option;INF204KA1560;;13.6389;13.6389;13.6389;14-Mar-2017
125195;Reliance Fixed Horizon Fund - XXIV - Series 25 - Direct Plan - Dividend Payout Option;INF204KA1636;;10.1925;10.1925;10.1925;14-Mar-2017
125194;Reliance Fixed Horizon Fund - XXIV - Series 25 - Dividend Payout Option;INF204KA1610;;10.1857;10.1857;10.1857;14-Mar-2017
125193;Reliance Fixed Horizon Fund - XXIV - Series 25 - Growth Option;INF204KA1602;;13.0296;13.0296;13.0296;14-Mar-2017
125192;Reliance Fixed Horizon Fund - XXIV - Series 25- Direct Plan - Growth Option;INF204KA1628;;13.0975;13.0975;13.0975;14-Mar-2017
123051;Reliance Fixed Horizon Fund - XXIV - Series 3-Direct Plan - Growth Option;INF204KA1SF7;;13.5448;13.5448;13.5448;14-Mar-2017
123052;Reliance Fixed Horizon Fund - XXIV - Series 3-Growth Option;INF204KA1SD2;;13.5027;13.5027;13.5027;14-Mar-2017
123072;Reliance Fixed Horizon Fund - XXIV - Series 4-Direct Plan - Growth Option;INF204KA1TD0;;13.7214;13.7214;13.7214;14-Mar-2017
123070;Reliance Fixed Horizon Fund - XXIV - Series 4-Growth Option;INF204KA1TB4;;13.6515;13.6515;13.6515;14-Mar-2017
125257;Reliance Fixed Horizon Fund - XXV - Series 1-Direct Plan -Growth Option;INF204KA18H7;;13.3420;13.3420;13.3420;14-Mar-2017
125255;Reliance Fixed Horizon Fund - XXV - Series 1-Growth Option;INF204KA16H1;;13.2595;13.2595;13.2595;14-Mar-2017
125934;Reliance Fixed Horizon Fund - XXV - Series 11 - Direct Plan - Growth Option;INF204KA1GF2;;13.1201;13.1201;13.1201;14-Mar-2017
125933;Reliance Fixed Horizon Fund - XXV - Series 11 - Growth Option;INF204KA1GH8;;13.0431;13.0431;13.0431;14-Mar-2017
125957;Reliance Fixed Horizon Fund - XXV - Series 12 - Direct Plan - Growth Option;INF204KA1GJ4;;13.0792;13.0792;13.0792;14-Mar-2017
125956;Reliance Fixed Horizon Fund - XXV - Series 12 - Dividend Payout Option;INF204KA1GM8;;11.5459;11.5459;11.5459;14-Mar-2017
125954;Reliance Fixed Horizon Fund - XXV - Series 12 - Growth Option;INF204KA1GL0;;13.0035;13.0035;13.0035;14-Mar-2017
126256;Reliance Fixed Horizon Fund - XXV - Series 13 - Direct Plan - Growth Option;INF204KA1GN6;;13.0564;13.0564;13.0564;14-Mar-2017
126255;Reliance Fixed Horizon Fund - XXV - Series 13 - Dividend Payout Option;INF204KA1GQ9;;11.5652;11.5652;11.5652;14-Mar-2017
126254;Reliance Fixed Horizon Fund - XXV - Series 13 - Growth Option;INF204KA1GP1;;12.9664;12.9664;12.9664;14-Mar-2017
126485;Reliance Fixed Horizon Fund - XXV - Series 16 - Direct Plan - Growth Option;INF204KA1GZ0;;13.0056;13.0056;13.0056;14-Mar-2017
126484;Reliance Fixed Horizon Fund - XXV - Series 16 - Growth Option;INF204KA1HB9;;12.9212;12.9212;12.9212;14-Mar-2017
126702;Reliance Fixed Horizon Fund - XXV - Series 17 - Direct Plan - Growth Option;INF204KA1HD5;;12.9655;12.9655;12.9655;14-Mar-2017
126701;Reliance Fixed Horizon Fund - XXV - Series 17 - Growth Option;INF204KA1HF0;;12.8817;12.8817;12.8817;14-Mar-2017
126891;Reliance Fixed Horizon Fund - XXV - Series 18 - Direct Plan - Growth Option;INF204KA1E46;;12.9388;12.9388;12.9388;14-Mar-2017
126889;Reliance Fixed Horizon Fund - XXV - Series 18 - Growth Option;INF204KA1E20;;12.9071;12.9071;12.9071;14-Mar-2017
126975;Reliance Fixed Horizon Fund - XXV - Series 20 - Direct Plan - Dividend Payout Option;INF204KA1HQ7;;10.8747;10.8747;10.8747;14-Mar-2017
126977;Reliance Fixed Horizon Fund - XXV - Series 20 - Direct Plan - Growth Option;INF204KA1HP9;;13.6417;13.6417;13.6417;14-Mar-2017
126978;Reliance Fixed Horizon Fund - XXV - Series 20 - Dividend Payout Option;INF204KA1HS3;;10.8488;10.8488;10.8488;14-Mar-2017
126976;Reliance Fixed Horizon Fund - XXV - Series 20 - Growth Option;INF204KA1HR5;;13.4588;13.4588;13.4588;14-Mar-2017
127069;Reliance Fixed Horizon Fund - XXV - Series 21 - Direct Plan - Dividend Payout Option;INF204KA1HY1;;11.6266;11.6266;11.6266;14-Mar-2017
127067;Reliance Fixed Horizon Fund - XXV - Series 21 - Direct Plan - Growth Option;INF204KA1HX3;;12.9500;12.9500;12.9500;14-Mar-2017
127066;Reliance Fixed Horizon Fund - XXV - Series 21 - Growth Option;INF204KA1HZ8;;12.8334;12.8334;12.8334;14-Mar-2017
127083;Reliance Fixed Horizon Fund - XXV - Series 22 - Direct Plan - Growth Option;INF204KA1IB7;;12.9745;12.9745;12.9745;14-Mar-2017
127082;Reliance Fixed Horizon Fund - XXV - Series 22 - Dividend Payout Option;INF204KA1IE1;;11.6071;11.6071;11.6071;14-Mar-2017
127080;Reliance Fixed Horizon Fund - XXV - Series 22 - Growth Option;INF204KA1ID3;;12.8570;12.8570;12.8570;14-Mar-2017
127242;Reliance Fixed Horizon Fund - XXV - Series 23 - Direct Plan - Dividend Payout Option;INF204KA1II2;;10.6588;10.6588;10.6588;14-Mar-2017
127240;Reliance Fixed Horizon Fund - XXV - Series 23 - Direct Plan - Growth Option;INF204KA1IH4;;13.2000;13.2000;13.2000;14-Mar-2017
127239;Reliance Fixed Horizon Fund - XXV - Series 23 - Growth Option;INF204KA1IF8;;13.0879;13.0879;13.0879;14-Mar-2017
127264;Reliance Fixed Horizon Fund - XXV - Series 24 - Direct Plan - Growth Option;INF204KA1G10;;12.9563;12.9563;12.9563;14-Mar-2017
127266;Reliance Fixed Horizon Fund - XXV - Series 24 - Growth Option;INF204KA1F94;;12.9227;12.9227;12.9227;14-Mar-2017
127360;Reliance Fixed Horizon Fund - XXV - Series 25 - Direct Plan - Dividend Payout Option;INF204KA1IQ5;;10.0267;10.0267;10.0267;14-Mar-2017
127362;Reliance Fixed Horizon Fund - XXV - Series 25 - Direct Plan - Growth Option;INF204KA1IP7;;13.1512;13.1512;13.1512;14-Mar-2017
127361;Reliance Fixed Horizon Fund - XXV - Series 25 - Dividend Payout Option;INF204KA1IO0;;10.0257;10.0257;10.0257;14-Mar-2017
127359;Reliance Fixed Horizon Fund - XXV - Series 25 - Growth Option;INF204KA1IN2;;12.9185;12.9185;12.9185;14-Mar-2017
127538;Reliance Fixed Horizon Fund - XXV - Series 26 - Direct Plan - Growth Option;INF204KA1JB5;;12.9298;12.9298;12.9298;14-Mar-2017
127537;Reliance Fixed Horizon Fund - XXV - Series 26 - Growth Option;INF204KA1IZ6;;12.8836;12.8836;12.8836;14-Mar-2017
127541;Reliance Fixed Horizon Fund - XXV - Series 27 - Direct Plan - Growth Option;INF204KA1JF6;;13.0997;13.0997;13.0997;14-Mar-2017
127540;Reliance Fixed Horizon Fund - XXV - Series 27 - Growth Option;INF204KA1JD1;;12.9805;12.9805;12.9805;14-Mar-2017
127547;Reliance Fixed Horizon Fund - XXV - Series 28 - Direct Plan - Growth Option;INF204KA1JJ8;;13.0873;13.0873;13.0873;14-Mar-2017
127544;Reliance Fixed Horizon Fund - XXV - Series 28 - Dividend Payout Option;INF204KA1JI0;;11.7756;11.7756;11.7756;14-Mar-2017
127546;Reliance Fixed Horizon Fund - XXV - Series 28 - Growth Option;INF204KA1JH2;;13.0276;13.0276;13.0276;14-Mar-2017
125358;Reliance Fixed Horizon Fund - XXV - Series 3 - Direct Plan - Dividend Payout Option;INF204KA11H2;;11.5013;11.5013;11.5013;14-Mar-2017
125357;Reliance Fixed Horizon Fund - XXV - Series 3 - Direct Plan - Growth Option;INF204KA10H4;;13.2414;13.2414;13.2414;14-Mar-2017
125356;Reliance Fixed Horizon Fund - XXV - Series 3 - Growth Option;INF204KA18G9;;13.1555;13.1555;13.1555;14-Mar-2017
127734;Reliance Fixed Horizon Fund - XXV - Series 30 - Direct Plan - Dividend Payout Option;INF204KA1JS9;;11.8018;11.8018;11.8018;14-Mar-2017
127735;Reliance Fixed Horizon Fund - XXV - Series 30 - Direct Plan - Growth Option;INF204KA1JR1;;13.0334;13.0334;13.0334;14-Mar-2017
127733;Reliance Fixed Horizon Fund - XXV - Series 30 - Dividend Payout Option;INF204KA1JQ3;;11.7576;11.7576;11.7576;14-Mar-2017
127732;Reliance Fixed Horizon Fund - XXV - Series 30 - Growth Option;INF204KA1JP5;;12.9006;12.9006;12.9006;14-Mar-2017
127844;Reliance Fixed Horizon Fund - XXV - Series 31 - Direct Plan - Growth Option;INF204KA1JV3;;12.8972;12.8972;12.8972;14-Mar-2017
127843;Reliance Fixed Horizon Fund - XXV - Series 31 - Growth Option;INF204KA1JT7;;12.8547;12.8547;12.8547;14-Mar-2017
128181;Reliance Fixed Horizon Fund - XXV - Series 32 - Direct Plan - Growth Option;INF204KA1KD9;;12.8630;12.8630;12.8630;14-Mar-2017
128180;Reliance Fixed Horizon Fund - XXV - Series 32 - Growth Option;INF204KA1KB3;;12.8246;12.8246;12.8246;14-Mar-2017
128185;Reliance Fixed Horizon Fund - XXV - Series 33 - Direct Plan - Growth Option;INF204KA1KH0;;12.8192;12.8192;12.8192;14-Mar-2017
128184;Reliance Fixed Horizon Fund - XXV - Series 33 - Dividend Payout Option;INF204KA1KG2;;11.6483;11.6483;11.6483;14-Mar-2017
128183;Reliance Fixed Horizon Fund - XXV - Series 33 - Growth Option;INF204KA1KF4;;12.7809;12.7809;12.7809;14-Mar-2017
128199;Reliance Fixed Horizon Fund - XXV - Series 34 - Direct Plan - Growth Option;INF204KA1KL2;;12.8386;12.8386;12.8386;14-Mar-2017
128198;Reliance Fixed Horizon Fund - XXV - Series 34 - Growth Option;INF204KA1KJ6;;12.7998;12.7998;12.7998;14-Mar-2017
128320;Reliance Fixed Horizon Fund - XXV - Series 35- Direct Plan - Dividend Payout Option;INF204KA1LC9;;13.4484;13.4484;13.4484;14-Mar-2017
128318;Reliance Fixed Horizon Fund - XXV - Series 35- Direct Plan - Growth Option;INF204KA1LB1;;13.4484;13.4484;13.4484;14-Mar-2017
128317;Reliance Fixed Horizon Fund - XXV - Series 35- Dividend Payout Option;INF204KA1LA3;;13.2681;13.2681;13.2681;14-Mar-2017
128319;Reliance Fixed Horizon Fund - XXV - Series 35- Growth Option;INF204KA1KZ2;;13.2681;13.2681;13.2681;14-Mar-2017
125528;Reliance Fixed Horizon Fund - XXV - Series 6 - Direct Plan - Growth Option;INF204KA1FL2;;13.2386;13.2386;13.2386;14-Mar-2017
125527;Reliance Fixed Horizon Fund - XXV - Series 6 - Growth Option;INF204KA1FN8;;13.1590;13.1590;13.1590;14-Mar-2017
127913;Reliance Fixed Horizon Fund - XXVI - Series 1 - Direct Plan - Dividend Payout Option;INF204KA1KA5;;10.7271;10.7271;10.7271;14-Mar-2017
127911;Reliance Fixed Horizon Fund - XXVI - Series 1 - Direct Plan - Growth Option;INF204KA1JZ4;;13.3563;13.3563;13.3563;14-Mar-2017
127912;Reliance Fixed Horizon Fund - XXVI - Series 1 - Dividend Payout Option;INF204KA1JY7;;10.6922;10.6922;10.6922;14-Mar-2017
127910;Reliance Fixed Horizon Fund - XXVI - Series 1 - Growth Option;INF204KA1JX9;;13.1936;13.1936;13.1936;14-Mar-2017
129114;Reliance Fixed Horizon Fund - XXVI - Series 14- Direct Plan - Growth Option;INF204KA1NL6;;13.2241;13.2241;13.2241;14-Mar-2017
129116;Reliance Fixed Horizon Fund - XXVI - Series 14- Dividend payout Option;INF204KA1NK8;;10.7053;10.7053;10.7053;14-Mar-2017
129113;Reliance Fixed Horizon Fund - XXVI - Series 14- Growth Option;INF204KA1NJ0;;13.0583;13.0583;13.0583;14-Mar-2017
129291;Reliance Fixed Horizon Fund - XXVI - Series 17- Direct Plan - Growth Option;INF204KA1NX1;;12.7509;12.7509;12.7509;14-Mar-2017
129289;Reliance Fixed Horizon Fund - XXVI - Series 17- Growth Option;INF204KA1NV5;;12.7079;12.7079;12.7079;14-Mar-2017
129293;Reliance Fixed Horizon Fund - XXVI - Series 18- Direct Plan - Dividend Payout Option;INF204KA1OC3;;11.6259;11.6259;11.6259;14-Mar-2017
129296;Reliance Fixed Horizon Fund - XXVI - Series 18- Direct Plan - Growth Option;INF204KA1OB5;;12.7181;12.7181;12.7181;14-Mar-2017
129295;Reliance Fixed Horizon Fund - XXVI - Series 18- Dividend payout Option;INF204KA1OA7;;11.6022;11.6022;11.6022;14-Mar-2017
129294;Reliance Fixed Horizon Fund - XXVI - Series 18- Growth Option;INF204KA1NZ6;;12.6664;12.6664;12.6664;14-Mar-2017
128082;Reliance Fixed Horizon Fund - XXVI - Series 2 - Direct Plan - Growth Option;INF204KA1KX7;;12.8462;12.8462;12.8462;14-Mar-2017
128081;Reliance Fixed Horizon Fund - XXVI - Series 2 - Growth Option;INF204KA1KV1;;12.8085;12.8085;12.8085;14-Mar-2017
130192;Reliance Fixed Horizon Fund - XXVI - Series 29 - Direct Plan - Dividend Payout Option;INF204KA1QO3;;11.5205;11.5205;11.5205;14-Mar-2017
130190;Reliance Fixed Horizon Fund - XXVI - Series 29 - Direct Plan - Growth Option;INF204KA1QN5;;12.5645;12.5645;12.5645;14-Mar-2017
130191;Reliance Fixed Horizon Fund - XXVI - Series 29 - Dividend Payout Option;INF204KA1QM7;;11.5013;11.5013;11.5013;14-Mar-2017
130189;Reliance Fixed Horizon Fund - XXVI - Series 29 - Growth Option;INF204KA1QL9;;12.5301;12.5301;12.5301;14-Mar-2017
130196;Reliance Fixed Horizon Fund - XXVI - Series 30 - Direct Plan - Dividend Payout Option;INF204KA1QS4;;10.5951;10.5951;10.5951;14-Mar-2017
130194;Reliance Fixed Horizon Fund - XXVI - Series 30 - Direct Plan - Growth Option;INF204KA1QR6;;12.7880;12.7880;12.7880;14-Mar-2017
130195;Reliance Fixed Horizon Fund - XXVI - Series 30 - Dividend Payout Option;INF204KA1QQ8;;10.5951;10.5951;10.5951;14-Mar-2017
130193;Reliance Fixed Horizon Fund - XXVI - Series 30 - Growth Option;INF204KA1QP0;;12.6811;12.6811;12.6811;14-Mar-2017
130229;Reliance Fixed Horizon Fund - XXVI - Series 31 - Direct Plan - Dividend Payout Option;INF204KA1QW6;;11.5120;11.5120;11.5120;14-Mar-2017
130228;Reliance Fixed Horizon Fund - XXVI - Series 31 - Direct Plan - Growth Option;INF204KA1QV8;;12.5491;12.5491;12.5491;14-Mar-2017
130230;Reliance Fixed Horizon Fund - XXVI - Series 31 - Dividend Payout Option;INF204KA1QU0;;11.4941;11.4941;11.4941;14-Mar-2017
130227;Reliance Fixed Horizon Fund - XXVI - Series 31 - Growth Option;INF204KA1QT2;;12.5161;12.5161;12.5161;14-Mar-2017
128461;Reliance Fixed Horizon Fund - XXVI - Series 4-Direct Plan - Dividend Payout Option;INF204KA1LL0;;13.1003;13.1003;13.1003;14-Mar-2017
128460;Reliance Fixed Horizon Fund - XXVI - Series 4-Direct Plan - Growth Option;INF204KA1LK2;;13.1003;13.1003;13.1003;14-Mar-2017
128459;Reliance Fixed Horizon Fund - XXVI - Series 4-Dividend payout Option;INF204KA1LJ4;;12.8867;12.8867;12.8867;14-Mar-2017
128458;Reliance Fixed Horizon Fund - XXVI - Series 4-Growth Option;INF204KA1LI6;;12.8867;12.8867;12.8867;14-Mar-2017
131168;Reliance Fixed Horizon Fund - XXVII - Series 5 - Direct Plan - Growth Option;INF204KA1TV2;;12.5728;12.5728;12.5728;14-Mar-2017
131169;Reliance Fixed Horizon Fund - XXVII - Series 5 - Dividend Payout Option;INF204KA1TU4;;12.4276;12.4276;12.4276;14-Mar-2017
131167;Reliance Fixed Horizon Fund - XXVII - Series 5 - Growth Option;INF204KA1TT6;;12.4276;12.4276;12.4276;14-Mar-2017
118025;Reliance Fixed Horizon Fund XXII - Series 32 - Dividend Payout Option;INF204K01WE4;-;12.2829;12.2829;12.2829;14-Mar-2017
118024;Reliance Fixed Horizon Fund XXII - Series 32 - Growth Option;INF204K01WD6;-;14.1767;14.1767;14.1767;14-Mar-2017
135160;Reliance Fixed Horizon Fund XXIX - Series 2 - Direct Plan - Dividend Payout Option;INF204KA11K6;;11.4576;11.4576;11.4576;14-Mar-2017
135158;Reliance Fixed Horizon Fund XXIX - Series 2 - Direct Plan - Growth Option;INF204KA10K8;;11.4576;11.4576;11.4576;14-Mar-2017
135159;Reliance Fixed Horizon Fund XXIX - Series 2 - Regular Plan - Dividend Payout Option;INF204KA19J1;;11.3557;11.3557;11.3557;14-Mar-2017
135157;Reliance Fixed Horizon Fund XXIX - Series 2 - Regular Plan - Growth Option;INF204KA18J3;;11.3557;11.3557;11.3557;14-Mar-2017
135095;Reliance Fixed Horizon Fund XXIX - Series 1- Direct Plan-Dividend Payout Option;INF204KA17J5;;11.5001;11.5001;11.5001;14-Mar-2017
135094;Reliance Fixed Horizon Fund XXIX - Series 1- Direct Plan-Growth Option;INF204KA16J7;;11.5001;11.5001;11.5001;14-Mar-2017
135093;Reliance Fixed Horizon Fund XXIX - Series 1- Dividend Payout Option;INF204KA15J9;;11.3877;11.3877;11.3877;14-Mar-2017
135092;Reliance Fixed Horizon Fund XXIX - Series 1- Growth Option;INF204KA14J2;;11.3877;11.3877;11.3877;14-Mar-2017
135482;Reliance Fixed Horizon Fund XXIX- Series 10- Direct Plan-Growth Option;INF204KA13P1;;11.2371;11.2371;11.2371;14-Mar-2017
135483;Reliance Fixed Horizon Fund XXIX- Series 10- Dividend Payout Option;INF204KA14P9;;11.2237;11.2237;11.2237;14-Mar-2017
135481;Reliance Fixed Horizon Fund XXIX- Series 10- Growth Option;INF204KA11P5;;11.2237;11.2237;11.2237;14-Mar-2017
135561;Reliance Fixed Horizon Fund XXIX- Series 13- Direct Plan-Dividend Payout Option;INF204KA16Q2;;11.4283;11.4283;11.4283;14-Mar-2017
135559;Reliance Fixed Horizon Fund XXIX- Series 13- Direct Plan-Growth Option;INF204KA15Q4;;11.4283;11.4283;11.4283;14-Mar-2017
135562;Reliance Fixed Horizon Fund XXIX- Series 13- Dividend Payout Option;INF204KA14Q7;;11.2821;11.2821;11.2821;14-Mar-2017
135560;Reliance Fixed Horizon Fund XXIX- Series 13- Growth Option;INF204KA13Q9;;11.2821;11.2821;11.2821;14-Mar-2017
135636;Reliance Fixed Horizon Fund XXIX- Series 14- Direct Plan-Dividend Payout Option;INF204KA10R3;;11.2334;11.2334;11.2334;14-Mar-2017
135635;Reliance Fixed Horizon Fund XXIX- Series 14- Growth Option;INF204KA17Q0;;11.1981;11.1981;11.1981;14-Mar-2017
135637;Reliance Fixed Horizon Fund XXIX- Series 14-Direct Plan-Growth Option;INF204KA19Q6;;11.2334;11.2334;11.2334;14-Mar-2017
135634;Reliance Fixed Horizon Fund XXIX- Series 14-Dividend Payout Option;INF204KA18Q8;;11.1981;11.1981;11.1981;14-Mar-2017
135768;Reliance Fixed Horizon Fund XXIX- Series 16- Direct Plan-Dividend Payout Option;INF204KA12S7;;11.1979;11.1979;11.1979;14-Mar-2017
135767;Reliance Fixed Horizon Fund XXIX- Series 16- Direct Plan-Growth Option;INF204KA11S9;;11.1979;11.1979;11.1979;14-Mar-2017
135770;Reliance Fixed Horizon Fund XXIX- Series 16- Growth Option;INF204KA19R4;;11.0713;11.0713;11.0713;14-Mar-2017
135867;Reliance Fixed Horizon Fund XXIX- Series 18- Direct Plan-Dividend Payout Option;INF204KA10T9;;11.3151;11.3151;11.3151;14-Mar-2017
135866;Reliance Fixed Horizon Fund XXIX- Series 18- Direct Plan-Growth Option;INF204KA19S2;;11.3151;11.3151;11.3151;14-Mar-2017
135865;Reliance Fixed Horizon Fund XXIX- Series 18- Dividend Payout Option;INF204KA18S4;;11.2815;11.2815;11.2815;14-Mar-2017
135864;Reliance Fixed Horizon Fund XXIX- Series 18- Growth Option;INF204KA17S6;;11.2815;11.2815;11.2815;14-Mar-2017
135886;Reliance Fixed Horizon Fund XXIX- Series 19- Direct Plan-Dividend Payout Option;INF204KA14T1;;11.1594;11.1594;11.1594;14-Mar-2017
135885;Reliance Fixed Horizon Fund XXIX- Series 19- Direct Plan-Growth Option;INF204KA13T3;;11.1594;11.1594;11.1594;14-Mar-2017
135887;Reliance Fixed Horizon Fund XXIX- Series 19- Dividend Payout Option;INF204KA12T5;;11.1457;11.1457;11.1457;14-Mar-2017
135884;Reliance Fixed Horizon Fund XXIX- Series 19- Growth Option;INF204KA11T7;;11.1457;11.1457;11.1457;14-Mar-2017
135941;Reliance Fixed Horizon Fund XXIX- Series 20- Direct Plan-Growth Option;INF204KA17T4;;11.1166;11.1166;11.1166;14-Mar-2017
135939;Reliance Fixed Horizon Fund XXIX- Series 20- Dividend Payout Option;INF204KA16T6;;11.0643;11.0643;11.0643;14-Mar-2017
135938;Reliance Fixed Horizon Fund XXIX- Series 20- Growth Option;INF204KA15T8;;11.0643;11.0643;11.0643;14-Mar-2017
135214;Reliance Fixed Horizon Fund XXIX- Series 3- Direct Plan-Dividend Payout Option;INF204KA15K7;;11.6930;11.6930;11.6930;14-Mar-2017
135215;Reliance Fixed Horizon Fund XXIX- Series 3- Direct Plan-Growth Option;INF204KA14K0;;11.6930;11.6930;11.6930;14-Mar-2017
135213;Reliance Fixed Horizon Fund XXIX- Series 3- Dividend Payout Option;INF204KA13K2;;11.5362;11.5362;11.5362;14-Mar-2017
135212;Reliance Fixed Horizon Fund XXIX- Series 3- Growth Option;INF204KA12K4;;11.5362;11.5362;11.5362;14-Mar-2017
135334;Reliance Fixed Horizon Fund XXIX- Series 6- Direct Plan - Growth Option;INF204KA16M1;;11.4126;11.4126;11.4126;14-Mar-2017
135333;Reliance Fixed Horizon Fund XXIX- Series 6- Dividend Payout Option;INF204KA15M3;;11.3954;11.3954;11.3954;14-Mar-2017
135332;Reliance Fixed Horizon Fund XXIX- Series 6- Growth Option;INF204KA14M6;;11.3954;11.3954;11.3954;14-Mar-2017
135393;Reliance Fixed Horizon Fund XXIX- Series 7- Direct Plan- Growth Option;INF204KA14N4;;11.5632;11.5632;11.5632;14-Mar-2017
135395;Reliance Fixed Horizon Fund XXIX- Series 7- Dividend Payout Option;INF204KA15N1;;11.3963;11.3963;11.3963;14-Mar-2017
135392;Reliance Fixed Horizon Fund XXIX- Series 7- Growth Option;INF204KA16N9;;11.3963;11.3963;11.3963;14-Mar-2017
135415;Reliance Fixed Horizon Fund XXIX- Series 8- Direct Plan-Growth Option;INF204KA18N5;;11.3727;11.3727;11.3727;14-Mar-2017
135414;Reliance Fixed Horizon Fund XXIX- Series 8- Dividend Payout Option;INF204KA19N3;;11.3560;11.3560;11.3560;14-Mar-2017
135417;Reliance Fixed Horizon Fund XXIX- Series 8- Growth Option;INF204KA10O0;;11.3560;11.3560;11.3560;14-Mar-2017
135441;Reliance Fixed Horizon Fund XXIX- Series 9- Direct Plan-Growth Option;INF204KA18O3;;11.2808;11.2808;11.2808;14-Mar-2017
135440;Reliance Fixed Horizon Fund XXIX- Series 9- Dividend Payout Option;INF204KA19O1;;11.2646;11.2646;11.2646;14-Mar-2017
135442;Reliance Fixed Horizon Fund XXIX- Series 9- Growth Option;INF204KA10P7;;11.2646;11.2646;11.2646;14-Mar-2017
129149;Reliance Fixed Horizon Fund XXVI- Series 15- Direct Plan - Growth Option;INF204KA1NP7;;12.7535;12.7535;12.7535;14-Mar-2017
129148;Reliance Fixed Horizon Fund XXVI- Series 15- Dividend payout Option;INF204KA1NO0;;10.6103;10.6103;10.6103;14-Mar-2017
129147;Reliance Fixed Horizon Fund XXVI- Series 15- Growth Option;INF204KA1NN2;;12.6805;12.6805;12.6805;14-Mar-2017
129510;Reliance Fixed Horizon Fund XXVI- Series 20- Direct Plan- Growth Option;INF204KA1OJ8;;12.6685;12.6685;12.6685;14-Mar-2017
129508;Reliance Fixed Horizon Fund XXVI- Series 20- Growth Option;INF204KA1OH2;;12.6304;12.6304;12.6304;14-Mar-2017
129562;Reliance Fixed Horizon Fund XXVI- Series 22- Direct Plan- Dividend Payout Option;INF204KA1OS9;;11.5725;11.5725;11.5725;14-Mar-2017
129563;Reliance Fixed Horizon Fund XXVI- Series 22- Direct Plan- Growth Option;INF204KA1OR1;;12.6521;12.6521;12.6521;14-Mar-2017
129560;Reliance Fixed Horizon Fund XXVI- Series 22- Growth Option;INF204KA1OP5;;12.6146;12.6146;12.6146;14-Mar-2017
129686;Reliance Fixed Horizon Fund- XXVI- Series 24- Direct Plan- Growth Option;INF204KA1PD8;;12.6274;12.6274;12.6274;14-Mar-2017
129683;Reliance Fixed Horizon Fund- XXVI- Series 24- Growth Option;INF204KA1PB2;;12.5921;12.5921;12.5921;14-Mar-2017
129838;Reliance Fixed Horizon Fund XXVI- Series 26- Direct Plan- Dividend Payout Option;INF204KA1PQ0;;13.0422;13.0422;13.0422;14-Mar-2017
129837;Reliance Fixed Horizon Fund XXVI- Series 26- Direct Plan- Growth Option;INF204KA1PP2;;13.0422;13.0422;13.0422;14-Mar-2017
129840;Reliance Fixed Horizon Fund XXVI- Series 26- Dividend Payout Option;INF204KA1PO5;;12.8412;12.8412;12.8412;14-Mar-2017
129839;Reliance Fixed Horizon Fund- XXVI- Series 26- Growth Option;INF204KA1PN7;;12.8412;12.8412;12.8412;14-Mar-2017
130266;Reliance Fixed Horizon Fund XXVI- Series 32- Direct Plan- Growth Option;INF204KA1QZ9;;12.7828;12.7828;12.7828;14-Mar-2017
130265;Reliance Fixed Horizon Fund XXVI- Series 32- Dividend Payout Option;INF204KA1QY2;;12.6093;12.6093;12.6093;14-Mar-2017
130264;Reliance Fixed Horizon Fund XXVI- Series 32- Growth Option;INF204KA1QX4;;12.6093;12.6093;12.6093;14-Mar-2017
130414;Reliance Fixed Horizon Fund XXVI Series- 33- Dividend Payout Option;INF204KA1RC6;;11.4450;11.4450;11.4450;14-Mar-2017
130416;Reliance Fixed Horizon Fund XXVI- Series 33- Direct Plan- Dividend Payout Option;INF204KA1RE2;;11.4617;11.4617;11.4617;14-Mar-2017
130415;Reliance Fixed Horizon Fund XXVI- Series 33- Direct Plan- Growth Option;INF204KA1RD4;;12.5062;12.5062;12.5062;14-Mar-2017
130413;Reliance Fixed Horizon Fund XXVI- Series 33- Growth Option;INF204KA1RB8;;12.4682;12.4682;12.4682;14-Mar-2017
130633;Reliance Fixed Horizon Fund XXVI-  Series 35- Direct Plan- Growth Option;INF204KA1RM5;;12.8102;12.8102;12.8102;14-Mar-2017
130634;Reliance Fixed Horizon Fund XXVI- Series 35- Direct Plan- Dividend Payout Option;INF204KA1RN3;;12.8102;12.8102;12.8102;14-Mar-2017
130636;Reliance Fixed Horizon Fund XXVI- Series 35- Dividend payout option;INF204KA1RK9;;12.6591;12.6591;12.6591;14-Mar-2017
130635;Reliance Fixed Horizon Fund XXVI- Series 35- Growth Option;INF204KA1RJ1;;12.6591;12.6591;12.6591;14-Mar-2017
132861;Reliance Fixed Horizon Fund XXVII- Series 11- Direct Plan-Dividend Payout Option;INF204KA1WZ7;;12.2166;12.2166;12.2166;14-Mar-2017
132860;Reliance Fixed Horizon Fund XXVII- Series 11- Direct Plan-Growth Option;INF204KA1WY0;;12.2166;12.2166;12.2166;14-Mar-2017
132859;Reliance Fixed Horizon Fund XXVII- Series 11- Growth Option;INF204KA1WW4;;12.1908;12.1908;12.1908;14-Mar-2017
133202;Reliance Fixed Horizon Fund XXVII- Series 15- Direct Plan- Dividend Payout Option;INF204KA1YT6;;12.2410;12.2410;12.2410;14-Mar-2017
133200;Reliance Fixed Horizon Fund XXVII- Series 15- Direct Plan- Growth Option;INF204KA1YS8;;12.2410;12.2410;12.2410;14-Mar-2017
133201;Reliance Fixed Horizon Fund XXVII- Series 15- Dividend Payout Option;INF204KA1YR0;;12.1148;12.1148;12.1148;14-Mar-2017
133199;Reliance Fixed Horizon Fund XXVII- Series 15- Growth Option;INF204KA1YQ2;;12.1148;12.1148;12.1148;14-Mar-2017
130877;Reliance Fixed Horizon Fund XXVII- Series 3- Direct Plan- Dividend Payout Option;INF204KA1SS0;;12.8160;12.8160;12.8160;14-Mar-2017
130875;Reliance Fixed Horizon Fund XXVII- Series 3- Direct Plan- Growth Option;INF204KA1SR2;;12.8160;12.8160;12.8160;14-Mar-2017
130876;Reliance Fixed Horizon Fund XXVII- Series 3- Dividend Payout option;INF204KA1SQ4;;12.6650;12.6650;12.6650;14-Mar-2017
130874;Reliance Fixed Horizon Fund XXVII- Series 3- Growth Option;INF204KA1SP6;;12.6650;12.6650;12.6650;14-Mar-2017
131078;Reliance Fixed Horizon Fund XXVII- Series 4- Direct Plan- Growth Option;INF204KA1TH1;;12.5820;12.5820;12.5820;14-Mar-2017
131077;Reliance Fixed Horizon Fund XXVII- Series 4- Dividend Payout Option;INF204KA1TG3;;12.5496;12.5496;12.5496;14-Mar-2017
131076;Reliance Fixed Horizon Fund XXVII- Series 4- Growth Option;INF204KA1TF5;;12.5496;12.5496;12.5496;14-Mar-2017
131216;Reliance Fixed Horizon Fund XXVII- Series 6- Direct Plan- Growth Option;INF204KA1TZ3;;12.5365;12.5365;12.5365;14-Mar-2017
131218;Reliance Fixed Horizon Fund XXVII- Series 6- Growth Option;INF204KA1TX8;;12.5098;12.5098;12.5098;14-Mar-2017
131348;Reliance Fixed Horizon Fund XXVII- Series 7- Direct Plan- Growth Option;INF204KA1UU2;;12.5107;12.5107;12.5107;14-Mar-2017
131347;Reliance Fixed Horizon Fund XXVII- Series 7- Dividend Payout Option;INF204KA1UT4;;12.4798;12.4798;12.4798;14-Mar-2017
131346;Reliance Fixed Horizon Fund XXVII- Series 7- Growth Option;INF204KA1US6;;12.4798;12.4798;12.4798;14-Mar-2017
131538;Reliance Fixed Horizon Fund XXVII- Series 8- Direct Plan- Dividend Payout Option;INF204KA1UV0;;12.3977;12.3977;12.3977;14-Mar-2017
131537;Reliance Fixed Horizon Fund XXVII- Series 8- Direct Plan- Growth Option;INF204KA1UU2;;12.3977;12.3977;12.3977;14-Mar-2017
131539;Reliance Fixed Horizon Fund XXVII- Series 8- Growth Option;INF204KA1US6;;12.3706;12.3706;12.3706;14-Mar-2017
131592;Reliance Fixed Horizon Fund XXVII- Series 9- Direct Plan-Dividend Payout Option;INF204KA1WJ1;;12.3110;12.3110;12.3110;14-Mar-2017
131593;Reliance Fixed Horizon Fund XXVII- Series 9- Direct Plan-Growth option;INF204KA1WI3;;12.3110;12.3110;12.3110;14-Mar-2017
131591;Reliance Fixed Horizon Fund XXVII- Series 9- Dividend Payout Option;INF204KA1WH5;;12.1501;12.1501;12.1501;14-Mar-2017
131590;Reliance Fixed Horizon Fund XXVII- Series 9- Growth option;INF204KA1WG7;;12.1501;12.1501;12.1501;14-Mar-2017
134022;Reliance Fixed Horizon Fund XXVIII- Series 10- Direct Plan- Growth Option;INF204KA1H35;;11.9259;11.9259;11.9259;14-Mar-2017
134025;Reliance Fixed Horizon Fund XXVIII- Series 10- Dividend Payout Option;INF204KA1H27;;11.9046;11.9046;11.9046;14-Mar-2017
134024;Reliance Fixed Horizon Fund XXVIII- Series 10- Growth Option;INF204KA1H19;;11.9046;11.9046;11.9046;14-Mar-2017
134180;Reliance Fixed Horizon Fund XXVIII- Series 14- Direct Plan-Dividend Payout Option;INF204KA1J66;;12.1470;12.1470;12.1470;14-Mar-2017
134181;Reliance Fixed Horizon Fund XXVIII- Series 14- Direct Plan-Growth Option;INF204KA1J58;;12.1470;12.1470;12.1470;14-Mar-2017
134182;Reliance Fixed Horizon Fund XXVIII- Series 14- Dividend Payout Option;INF204KA1J41;;12.0404;12.0404;12.0404;14-Mar-2017
134183;Reliance Fixed Horizon Fund XXVIII- Series 14- Growth Option;INF204KA1J33;;12.0404;12.0404;12.0404;14-Mar-2017
134590;Reliance Fixed Horizon Fund XXVIII- Series 18- Direct Plan-Dividend Payout Option;INF204KA1V86;;11.9885;11.9885;11.9885;14-Mar-2017
134589;Reliance Fixed Horizon Fund XXVIII- Series 18- Direct Plan-Growth Option;INF204KA1V78;;11.9885;11.9885;11.9885;14-Mar-2017
134591;Reliance Fixed Horizon Fund XXVIII- Series 18- Dividend Payout Option;INF204KA1V60;;11.8409;11.8409;11.8409;14-Mar-2017
134592;Reliance Fixed Horizon Fund XXVIII- Series 18- Growth Option;INF204KA1V52;;11.8409;11.8409;11.8409;14-Mar-2017
134637;Reliance Fixed Horizon Fund XXVIII- Series 19- Direct Plan-Growth Option;INF204KA13A3;;11.7040;11.7040;11.7040;14-Mar-2017
134636;Reliance Fixed Horizon Fund XXVIII- Series 19- Dividend Payout Option;INF204KA12A5;;11.6941;11.6941;11.6941;14-Mar-2017
134635;Reliance Fixed Horizon Fund XXVIII- Series 19- Growth Option;INF204KA11A7;;11.6941;11.6941;11.6941;14-Mar-2017
133328;Reliance Fixed Horizon Fund XXVIII- Series 2- Direct Plan-Dividend Payout Option;INF204KA1ZR7;;12.1074;12.1074;12.1074;14-Mar-2017
133327;Reliance Fixed Horizon Fund XXVIII- Series 2- Direct Plan-Growth Option;INF204KA1ZQ9;;12.1074;12.1074;12.1074;14-Mar-2017
133329;Reliance Fixed Horizon Fund XXVIII- Series 2- Dividend Payout Option;INF204KA1ZP1;;12.0235;12.0235;12.0235;14-Mar-2017
133326;Reliance Fixed Horizon Fund XXVIII- Series 2- Growth Option;INF204KA1ZO4;;12.0235;12.0235;12.0235;14-Mar-2017
133471;Reliance Fixed Horizon Fund XXVIII- Series 4- Direct Plan-Dividend Payout Option;INF204KA1B15;;11.9972;11.9972;11.9972;14-Mar-2017
133473;Reliance Fixed Horizon Fund XXVIII- Series 4- Dividend Payout Option;INF204KA1A99;;11.9153;11.9153;11.9153;14-Mar-2017
133470;Reliance Fixed Horizon Fund XXVIII- Series 4- Growth Option;INF204KA1A81;;11.9153;11.9153;11.9153;14-Mar-2017
133472;Reliance Fixed Horizon Fund XXVIII- Series 4-Direct Plan- Growth Option;INF204KA1B07;;11.9972;11.9972;11.9972;14-Mar-2017
133842;Reliance Fixed Horizon Fund XXVIII- Series 7- Direct Plan-Growth Option;INF204KA1E95;;11.9589;11.9589;11.9589;14-Mar-2017
133841;Reliance Fixed Horizon Fund XXVIII- Series 7- Dividend Payout Option;INF204KA1E87;;11.9222;11.9222;11.9222;14-Mar-2017
133840;Reliance Fixed Horizon Fund XXVIII- Series 7- Growth Option;INF204KA1E79;;11.9222;11.9222;11.9222;14-Mar-2017
136003;Reliance Fixed Horizon Fund XXX- Series 1 - Dividend Payout Option;INF204KA10U7;;11.0720;11.0720;11.0720;14-Mar-2017
136002;Reliance Fixed Horizon Fund XXX- Series 1 -Direct Plan- Dividend Payout Option;INF204KA12U3;;11.1088;11.1088;11.1088;14-Mar-2017
136000;Reliance Fixed Horizon Fund XXX- Series 1 -Direct Plan- Growth Option;INF204KA11U5;;11.1088;11.1088;11.1088;14-Mar-2017
136001;Reliance Fixed Horizon Fund XXX- Series 1 -Growth Option;INF204KA19T0;;11.0720;11.0720;11.0720;14-Mar-2017
136512;Reliance Fixed Horizon Fund XXX- Series 13 -Direct Plan- Dividend Payout Option;INF204KB1114;;10.9665;10.9665;10.9665;14-Mar-2017
136510;Reliance Fixed Horizon Fund XXX- Series 13 -Direct Plan- Growth Option;INF204KB1106;;10.9665;10.9665;10.9665;14-Mar-2017
136509;Reliance Fixed Horizon Fund XXX- Series 13 -Dividend Payout Option;INF204KB1098;;10.9166;10.9166;10.9166;14-Mar-2017
136511;Reliance Fixed Horizon Fund XXX- Series 13 -Growth Option;INF204KB1080;;10.9166;10.9166;10.9166;14-Mar-2017
138227;Reliance Fixed Horizon Fund XXX- Series 14 - Growth Option;INF204KA19Z7;;11.0090;11.0090;11.0090;14-Mar-2017
138226;Reliance Fixed Horizon Fund XXX- Series 14 -Direct Plan- Dividend Payout Option;INF204KB1031;;11.1172;11.1172;11.1172;14-Mar-2017
138224;Reliance Fixed Horizon Fund XXX- Series 14 -Direct Plan- Growth Option;INF204KB1023;;11.1172;11.1172;11.1172;14-Mar-2017
138225;Reliance Fixed Horizon Fund XXX- Series 14 -Dividend Payout Option;INF204KB1015;;11.0090;11.0090;11.0090;14-Mar-2017
136030;Reliance Fixed Horizon Fund XXX- Series 2 - Dividend Payout Option;INF204KA14U9;;11.0568;11.0568;11.0568;14-Mar-2017
136029;Reliance Fixed Horizon Fund XXX- Series 2 - Growth Option;INF204KA13U1;;11.0568;11.0568;11.0568;14-Mar-2017
136028;Reliance Fixed Horizon Fund XXX- Series 2 -Direct Plan- Dividend Payout Option;INF204KA16U4;;11.0929;11.0929;11.0929;14-Mar-2017
136031;Reliance Fixed Horizon Fund XXX- Series 2 -Direct Plan- Growth Option;INF204KA15U6;;11.0929;11.0929;11.0929;14-Mar-2017
136125;Reliance Fixed Horizon Fund XXX- Series 4 -Direct Plan- Dividend Payout Option;INF204KA18V8;;11.0765;11.0765;11.0765;14-Mar-2017
136127;Reliance Fixed Horizon Fund XXX- Series 4 -Direct Plan- Growth Option;INF204KA17V0;;11.0765;11.0765;11.0765;14-Mar-2017
136126;Reliance Fixed Horizon Fund XXX- Series 4 -Dividend Payout Option;INF204KA16V2;;11.0440;11.0440;11.0440;14-Mar-2017
136128;Reliance Fixed Horizon Fund XXX- Series 4 -Growth Option;INF204KA15V4;;11.0440;11.0440;11.0440;14-Mar-2017
136435;Reliance Fixed Horizon Fund XXX- Series 10- Direct Plan-Dividend Payout Option;INF204KA16Y6;;11.0133;11.0133;11.0133;14-Mar-2017
136438;Reliance Fixed Horizon Fund XXX- Series 10- Direct Plan-Growth Option;INF204KA15Y8;;11.0133;11.0133;11.0133;14-Mar-2017
136436;Reliance Fixed Horizon Fund XXX- Series 10- Growth Option;INF204KA13Y3;;10.9811;10.9811;10.9811;14-Mar-2017
136450;Reliance Fixed Horizon Fund XXX- Series 11- Direct Plan-Dividend Payout Option;INF204KA10Z6;;11.1869;11.1869;11.1869;14-Mar-2017
136452;Reliance Fixed Horizon Fund XXX- Series 11- Direct Plan-Growth Option;INF204KA19Y0;;11.1869;11.1869;11.1869;14-Mar-2017
136451;Reliance Fixed Horizon Fund XXX- Series 11- Dividend Payout Option;INF204KA18Y2;;11.0456;11.0456;11.0456;14-Mar-2017
136449;Reliance Fixed Horizon Fund XXX- Series 11- Growth Option;INF204KA17Y4;;11.0456;11.0456;11.0456;14-Mar-2017
136454;Reliance Fixed Horizon Fund XXX- Series 12- Direct Plan-Dividend Payout Option;INF204KA14Z8;;10.9669;10.9669;10.9669;14-Mar-2017
136453;Reliance Fixed Horizon Fund XXX- Series 12- Direct Plan-Growth Option;INF204KA13Z0;;10.9954;10.9954;10.9954;14-Mar-2017
136456;Reliance Fixed Horizon Fund XXX- Series 12- Dividend Payout Option;INF204KA12Z2;;10.9403;10.9403;10.9403;14-Mar-2017
136455;Reliance Fixed Horizon Fund XXX- Series 12- Growth Option;INF204KA11Z4;;10.9674;10.9674;10.9674;14-Mar-2017
139146;Reliance Fixed Horizon Fund XXX- Series 17- Direct Plan-Dividend Payout Option;INF204KB1197;;10.9121;10.9121;10.9121;14-Mar-2017
139145;Reliance Fixed Horizon Fund XXX- Series 17- Direct Plan-Growth Option;INF204KB1189;;10.9121;10.9121;10.9121;14-Mar-2017
139144;Reliance Fixed Horizon Fund XXX- Series 17- Dividend Payout Option;INF204KB1171;;10.8181;10.8181;10.8181;14-Mar-2017
139143;Reliance Fixed Horizon Fund XXX- Series 17- Growth Option;INF204KB1163;;10.8181;10.8181;10.8181;14-Mar-2017
139245;Reliance Fixed Horizon Fund XXX- Series 18- Direct Plan-Dividend Payout Option;INF204KB1270;;10.9610;10.9610;10.9610;14-Mar-2017
139247;Reliance Fixed Horizon Fund XXX- Series 18- Direct Plan-Growth Option;INF204KB1262;;10.9610;10.9610;10.9610;14-Mar-2017
139246;Reliance Fixed Horizon Fund XXX- Series 18- Dividend Payout Option;INF204KB1254;;10.8419;10.8419;10.8419;14-Mar-2017
139248;Reliance Fixed Horizon Fund XXX- Series 18- Growth Option;INF204KB1247;;10.8419;10.8419;10.8419;14-Mar-2017
139268;Reliance Fixed Horizon Fund XXX- Series 19- Direct Plan-Dividend Payout Option;INF204KB1353;;10.8146;10.8146;10.8146;14-Mar-2017
139267;Reliance Fixed Horizon Fund XXX- Series 19- Direct Plan-Growth Option;INF204KB1346;;10.8146;10.8146;10.8146;14-Mar-2017
139266;Reliance Fixed Horizon Fund XXX- Series 19- Dividend Payout Option;INF204KB1338;;10.7907;10.7907;10.7907;14-Mar-2017
139265;Reliance Fixed Horizon Fund XXX- Series 19- Growth Option;INF204KB1320;;10.7907;10.7907;10.7907;14-Mar-2017
139348;Reliance Fixed Horizon Fund XXX- Series 20- Direct Plan-Dividend Payout Option;INF204KB1478;;10.8471;10.8471;10.8471;14-Mar-2017
139347;Reliance Fixed Horizon Fund XXX- Series 20- Direct Plan-Growth Option;INF204KB1460;;10.8471;10.8471;10.8471;14-Mar-2017
139346;Reliance Fixed Horizon Fund XXX- Series 20- Dividend Payout Option;INF204KB1452;;10.7470;10.7470;10.7470;14-Mar-2017
139345;Reliance Fixed Horizon Fund XXX- Series 20- Growth Option;INF204KB1445;;10.7470;10.7470;10.7470;14-Mar-2017
136057;Reliance Fixed Horizon Fund XXX-Series 3- Direct Plan-Dividend Payout Option;INF204KA14V7;;11.3696;11.3696;11.3696;14-Mar-2017
136058;Reliance Fixed Horizon Fund XXX-Series 3- Direct Plan-Growth Option;INF204KA13V9;;11.3696;11.3696;11.3696;14-Mar-2017
136059;Reliance Fixed Horizon Fund XXX-Series 3- Dividend Payout Option;INF204KA12V1;;11.2308;11.2308;11.2308;14-Mar-2017
136056;Reliance Fixed Horizon Fund XXX-Series 3- Growth Option;INF204KA11V3;;11.2308;11.2308;11.2308;14-Mar-2017
136172;Reliance Fixed Horizon Fund XXX- Series 5- Direct Plan- Growth Option;INF204KA12W9;;11.0638;11.0638;11.0638;14-Mar-2017
136173;Reliance Fixed Horizon Fund XXX- Series 5- Direct Plan-Dividend Payout Option;INF204KA11W1;;10.9631;10.9631;10.9631;14-Mar-2017
136171;Reliance Fixed Horizon Fund XXX- Series 5- Dividend Payout Option;INF204KA10W3;;10.9326;10.9326;10.9326;14-Mar-2017
136170;Reliance Fixed Horizon Fund XXX- Series 5- Growth Option;INF204KA19V6;;11.0296;11.0296;11.0296;14-Mar-2017
136234;Reliance Fixed Horizon Fund XXX- Series 6- Direct Plan-Dividend Payout Option;INF204KA16W0;;11.0040;11.0040;11.0040;14-Mar-2017
136233;Reliance Fixed Horizon Fund XXX- Series 6- Direct Plan-Growth Option;INF204KA15W2;;11.0789;11.0789;11.0789;14-Mar-2017
136235;Reliance Fixed Horizon Fund XXX- Series 6- Growth Option;INF204KA13W7;;11.0457;11.0457;11.0457;14-Mar-2017
136311;Reliance Fixed Horizon Fund XXX- Series 7- Direct Plan-Growth Option;INF204KA13X5;;11.0427;11.0427;11.0427;14-Mar-2017
136309;Reliance Fixed Horizon Fund XXX- Series 7- Growth Option;INF204KA11X9;;11.0101;11.0101;11.0101;14-Mar-2017
136313;Reliance Fixed Horizon Fund XXX- Series 8- Direct Plan- Dividen Payout Option;INF204KA18X4;;11.3088;11.3088;11.3088;14-Mar-2017
136315;Reliance Fixed Horizon Fund XXX- Series 8- Direct Plan- Growth Option;INF204KA17X6;;11.3088;11.3088;11.3088;14-Mar-2017
136316;Reliance Fixed Horizon Fund XXX- Series 8- Dividend Payout Option;INF204KA16X8;;11.1557;11.1557;11.1557;14-Mar-2017
136314;Reliance Fixed Horizon Fund XXX- Series 8- Growth Option;INF204KA15X0;;11.1557;11.1557;11.1557;14-Mar-2017
139411;Reliance Fixed Horizon Fund XXXI Series 2 - Direct Plan - Dividend Payout Option;INF204KB1635;;10.8037;10.8037;10.8037;14-Mar-2017
139413;Reliance Fixed Horizon Fund XXXI Series 2 - Direct Plan - Growth Option;INF204KB1627;;10.8037;10.8037;10.8037;14-Mar-2017
139410;Reliance Fixed Horizon Fund XXXI Series 2 - Dividend Payout Option;INF204KB1619;;10.7192;10.7192;10.7192;14-Mar-2017
139412;Reliance Fixed Horizon Fund XXXI Series 2 - Growth Option;INF204KB1601;;10.7192;10.7192;10.7192;14-Mar-2017
139378;Reliance Fixed Horizon Fund XXXI- Series 1- Direct Plan-Dividend Payout Option;INF204KB1593;;10.7423;10.7423;10.7423;14-Mar-2017
139379;Reliance Fixed Horizon Fund XXXI- Series 1- Direct Plan-Growth Option;INF204KB1585;;10.7423;10.7423;10.7423;14-Mar-2017
139376;Reliance Fixed Horizon Fund XXXI- Series 1- Growth Option;INF204KB1569;;10.7036;10.7036;10.7036;14-Mar-2017
139797;Reliance Fixed Horizon Fund XXXI- Series 11- Direct Plan-Dividend Payout Option;INF204KB1CU9;;10.4800;10.4800;10.4800;14-Mar-2017
139796;Reliance Fixed Horizon Fund XXXI- Series 11- Direct Plan-Growth Option;INF204KB1CT1;;10.4800;10.4800;10.4800;14-Mar-2017
139799;Reliance Fixed Horizon Fund XXXI- Series 11- Dividend Payout Option;INF204KB1CS3;;10.4359;10.4359;10.4359;14-Mar-2017
139798;Reliance Fixed Horizon Fund XXXI- Series 11- Growth Option;INF204KB1CR5;;10.4359;10.4359;10.4359;14-Mar-2017
139465;Reliance Fixed Horizon Fund XXXI- Series 4- Direct Plan-Dividend Payout Option;INF204KB1791;;10.7387;10.7387;10.7387;14-Mar-2017
139464;Reliance Fixed Horizon Fund XXXI- Series 4- Direct Plan-Growth Option;INF204KB1783;;10.7387;10.7387;10.7387;14-Mar-2017
139463;Reliance Fixed Horizon Fund XXXI- Series 4- Dividend Payout Option;INF204KB1775;;10.6442;10.6442;10.6442;14-Mar-2017
139462;Reliance Fixed Horizon Fund XXXI- Series 4- Growth Option;INF204KB1767;;10.6442;10.6442;10.6442;14-Mar-2017
139542;Reliance Fixed Horizon Fund XXXI- Series 5- Direct Plan-Growth Option;INF204KB1AD9;;10.5884;10.5884;10.5884;14-Mar-2017
139545;Reliance Fixed Horizon Fund XXXI- Series 5- Dividend Payout Option;INF204KB1AC1;;10.5143;10.5143;10.5143;14-Mar-2017
139544;Reliance Fixed Horizon Fund XXXI- Series 5- Growth Option;INF204KB1AB3;;10.5143;10.5143;10.5143;14-Mar-2017
139576;Reliance Fixed Horizon Fund XXXI- Series 6- Direct Plan-Dividend Payout Option;INF204KB1AI8;;10.6358;10.6358;10.6358;14-Mar-2017
139575;Reliance Fixed Horizon Fund XXXI- Series 6- Direct Plan-Growth Option;INF204KB1AH0;;10.6358;10.6358;10.6358;14-Mar-2017
139574;Reliance Fixed Horizon Fund XXXI- Series 6- Dividend Payout Option;INF204KB1AG2;;10.5568;10.5568;10.5568;14-Mar-2017
139573;Reliance Fixed Horizon Fund XXXI- Series 6- Growth Option;INF204KB1AF4;;10.5568;10.5568;10.5568;14-Mar-2017
139597;Reliance Fixed Horizon Fund XXXI- Series 7- Direct Plan - Dividend Payout Option;INF204KB1AQ1;;10.5283;10.5283;10.5283;14-Mar-2017
139596;Reliance Fixed Horizon Fund XXXI- Series 7- Direct Plan-Growth Option;INF204KB1AP3;;10.5283;10.5283;10.5283;14-Mar-2017
139595;Reliance Fixed Horizon Fund XXXI- Series 7- Dividend Payout Option;INF204KB1AO6;;10.4691;10.4691;10.4691;14-Mar-2017
139594;Reliance Fixed Horizon Fund XXXI- Series 7- Growth Option;INF204KB1AN8;;10.4691;10.4691;10.4691;14-Mar-2017
128966;Reliance Fixed Horizon Fund- XXVI- Series 12- Direct Plan - Growth Option;INF204KA1ND3;;12.7309;12.7309;12.7309;14-Mar-2017
128964;Reliance Fixed Horizon Fund- XXVI- Series 12- Growth Option;INF204KA1NB7;;12.6742;12.6742;12.6742;14-Mar-2017
129020;Reliance Fixed Horizon Fund- XXVI- Series 13- Direct Plan - Growth Option;INF204KA1NH4;;12.7216;12.7216;12.7216;14-Mar-2017
129018;Reliance Fixed Horizon Fund- XXVI- Series 13- Growth Option;INF204KA1NF8;;12.6674;12.6674;12.6674;14-Mar-2017
129184;Reliance Fixed Horizon Fund- XXVI- Series 16- Direct Plan - Dividend Payout Option;INF204KA1NU7;;13.1714;13.1714;13.1714;14-Mar-2017
129186;Reliance Fixed Horizon Fund- XXVI- Series 16- Direct Plan - Growth Option;INF204KA1NT9;;13.1714;13.1714;13.1714;14-Mar-2017
129185;Reliance Fixed Horizon Fund- XXVI- Series 16- Dividend payout Option;INF204KA1NS1;;12.9625;12.9625;12.9625;14-Mar-2017
129183;Reliance Fixed Horizon Fund- XXVI- Series 16- Growth Option;INF204KA1NR3;;12.9625;12.9625;12.9625;14-Mar-2017
129418;Reliance Fixed Horizon Fund- XXVI- Series 19- Direct Plan- Growth Option;INF204KA1OF6;;12.7161;12.7161;12.7161;14-Mar-2017
129420;Reliance Fixed Horizon Fund- XXVI- Series 19- Growth Option;INF204KA1OD1;;12.6799;12.6799;12.6799;14-Mar-2017
129521;Reliance Fixed Horizon Fund- XXVI- Series 21- Direct Plan- Growth Option;INF204KA1ON0;;13.0021;13.0021;13.0021;14-Mar-2017
129520;Reliance Fixed Horizon Fund- XXVI- Series 21- Dividend Payout Option;INF204KA1OM2;;12.9513;12.9513;12.9513;14-Mar-2017
129519;Reliance Fixed Horizon Fund- XXVI- Series 21- Growth Option;INF204KA1OL4;;12.9513;12.9513;12.9513;14-Mar-2017
129682;Reliance Fixed Horizon Fund XXVI- Series 23- Direct Plan- Growth Option;INF204KA1OZ4;;13.0580;13.0580;13.0580;14-Mar-2017
129681;Reliance Fixed Horizon Fund- XXVI- Series 23- Direct Plan- Dividend Payout Option;INF204KA1PA4;;10.7397;10.7397;10.7397;14-Mar-2017
129679;Reliance Fixed Horizon Fund- XXVI- Series 23- Dividend Payout Opiton;INF204KA1OY7;;10.6830;10.6830;10.6830;14-Mar-2017
129680;Reliance Fixed Horizon Fund- XXVI- Series 23- Growth Option;INF204KA1OX9;;12.8666;12.8666;12.8666;14-Mar-2017
129731;Reliance Fixed Horizon Fund XXVI- Series 25- Direct Plan- Dividend Payout Option;INF204KA11D1;;11.5732;11.5732;11.5732;14-Mar-2017
129730;Reliance Fixed Horizon Fund XXVI- Series 25- Direct Plan- Growth Option;INF204KA10D3;;12.6343;12.6343;12.6343;14-Mar-2017
129729;Reliance Fixed Horizon Fund XXVI- Series 25- Growth Option;INF204KA12D9;;12.5991;12.5991;12.5991;14-Mar-2017
128635;Reliance Fixed Horizon Fund- XXVI- Series 6-  Growth Option;INF204KA1LQ9;;12.7746;12.7746;12.7746;14-Mar-2017
128638;Reliance Fixed Horizon Fund- XXVI- Series 6- Direct Plan - Dividend Payout Option;INF204KA1LT3;;11.7023;11.7023;11.7023;14-Mar-2017
128637;Reliance Fixed Horizon Fund- XXVI- Series 6- Direct Plan - Growth Option;INF204KA1LS5;;12.7876;12.7876;12.7876;14-Mar-2017
128686;Reliance Fixed Horizon Fund- XXVI- Series 7- Direct Plan - Dividend Payout Option;INF204KA1LX5;;11.6648;11.6648;11.6648;14-Mar-2017
128688;Reliance Fixed Horizon Fund- XXVI- Series 7- Direct Plan - Growth Option;INF204KA1LW7;;12.7766;12.7766;12.7766;14-Mar-2017
128685;Reliance Fixed Horizon Fund- XXVI- Series 7- Dividend payout Option;INF204KA1LV9;;11.6483;11.6483;11.6483;14-Mar-2017
128687;Reliance Fixed Horizon Fund- XXVI- Series 7- Growth Option;INF204KA1LU1;;12.7417;12.7417;12.7417;14-Mar-2017
128841;Reliance Fixed Horizon Fund- XXVI- Series 9- Direct Plan - Growth Option;INF204KA1MI4;;12.7499;12.7499;12.7499;14-Mar-2017
128843;Reliance Fixed Horizon Fund- XXVI- Series 9- Growth Option;INF204KA1MG8;;12.7105;12.7105;12.7105;14-Mar-2017
130010;Reliance Fixed Horizon Fund-XXVI-Series 28-Direct Plan-Growth Option;INF204KA1PX6;;12.6377;12.6377;12.6377;14-Mar-2017
130012;Reliance Fixed Horizon Fund-XXVI-Series 28-Dividend Payout Option;INF204KA1PW8;;11.5407;11.5407;11.5407;14-Mar-2017
130009;Reliance Fixed Horizon Fund-XXVI-Series 28-Growth Option;INF204KA1PV0;;12.5837;12.5837;12.5837;14-Mar-2017
131379;Reliance Interval Fund III- Series 1- Direct Plan- Growth Option;INF204KA1VD6;;12.0943;12.0943;12.0943;14-Mar-2017
131381;Reliance Interval Fund III- Series 1- Growth Option;INF204KA1VB0;;12.0696;12.0696;12.0696;14-Mar-2017
121177;Reliance Yearly Interval Fund - Series 3 - Direct Plan - Growth Plan - Growth Option;INF204K01S33;-;14.1865;14.1865;14.1865;14-Mar-2017
121178;Reliance Yearly Interval Fund - Series 3 - Dividend Plan - Dividend Option;INF204K01S17;INF204K01S25;10.8119;10.8119;10.8119;14-Mar-2017
121180;Reliance Yearly Interval Fund - Series 3 - Growth Plan - Growth Option;INF204K01S09;-;14.1404;14.1404;14.1404;14-Mar-2017
122079;Reliance Yearly Interval Fund - Series 6 - Direct Plan - Dividend Option;INF204K01U21;INF204K01U39;11.5931;11.5931;11.5931;14-Mar-2017
122081;Reliance Yearly Interval Fund - Series 6 - Direct Plan - Growth Option;INF204K01U13;;13.7947;13.7947;13.7947;14-Mar-2017
122080;Reliance Yearly Interval Fund - Series 6 - Growth Option;INF204K01T81;;13.7465;13.7465;13.7465;14-Mar-2017
122225;Reliance Yearly Interval Fund - Series 7 - Direct Plan - Dividend Option;INF204K01U88;INF204K01U96;10.6537;10.6537;10.6537;14-Mar-2017
122227;Reliance Yearly Interval Fund - Series 7 - Direct Plan - Growth Option;INF204K01U70;;13.7637;13.7637;13.7637;14-Mar-2017
122228;Reliance Yearly Interval Fund - Series 7- Dividend Option;INF204K01U54;INF204K01U62;10.6447;10.6447;10.6447;14-Mar-2017
122226;Reliance Yearly Interval Fund - Series 7- Growth Option;INF204K01U47;;13.7169;13.7169;13.7169;14-Mar-2017
121285;Reliance Yearly Interval Fund - Series 4 - Direct Plan - Dividend Plan - Dividend Option;INF204K01T08;INF204K01T16;10.7360;10.7360;10.7360;14-Mar-2017
121286;Reliance Yearly Interval Fund - Series 4 - Direct Plan - Growth Plan - Growth Option;INF204K01S90;-;13.9954;13.9954;13.9954;14-Mar-2017
121287;Reliance Yearly Interval Fund - Series 4 - Dividend Plan - Dividend Option;INF204K01S74;INF204K01S82;10.7253;10.7253;10.7253;14-Mar-2017
121288;Reliance Yearly Interval Fund - Series 4- Growth Plan - Growth Option;INF204K01S66;-;13.9403;13.9403;13.9403;14-Mar-2017

PGIM India Mutual Fund
138820;DHFL Pramerica FIXED MATURITY PLAN - SERIES 70 - DIRECT PLAN -GROWTH;INF223J016D1;;12.6175;12.6175;12.6175;14-Mar-2017
138825;DHFL Pramerica FIXED MATURITY PLAN - SERIES 70 - REGULAR PLAN -ANNUAL DIVIDEND;INF223J011D2;;11.6576;11.6576;11.6576;14-Mar-2017
138822;DHFL Pramerica FIXED MATURITY PLAN - SERIES 70 - REGULAR PLAN -GROWTH;INF223J012D0;;12.4082;12.4082;12.4082;14-Mar-2017
138824;DHFL Pramerica FIXED MATURITY PLAN - SERIES 70 - REGULAR PLAN -REGULAR DIVIDEND;INF223J019C7;;11.6527;11.6527;11.6527;14-Mar-2017
138834;DHFL Pramerica Fixed Maturity Plan - Series 71 - Direct Plan -Growth;INF223J012F5;;12.6015;12.6015;12.6015;14-Mar-2017
138831;DHFL Pramerica Fixed Maturity Plan - Series 71 - Regular Plan - Growth;INF223J018E5;;12.3952;12.3952;12.3952;14-Mar-2017
138833;DHFL Pramerica Fixed Maturity Plan - Series 71 - Regular Plan -Regular Dividend;INF223J015E1;;11.4776;11.4776;11.4776;14-Mar-2017
138841;DHFL Pramerica Fixed Maturity Plan - Series 72 - Direct Plan -Growth;INF223J014E4;;12.8544;12.8544;12.8544;14-Mar-2017
138840;DHFL Pramerica Fixed Maturity Plan - Series 72 - Regular Plan -Annual Dividend;INF223J019D5;;11.9504;11.9504;11.9504;14-Mar-2017
138837;DHFL Pramerica Fixed Maturity Plan - Series 72 - Regular Plan -Growth;INF223J010E2;;12.6558;12.6558;12.6558;14-Mar-2017
138838;DHFL Pramerica Fixed Maturity Plan - Series 72 - Regular Plan -Quarterly Dividend;INF223J018D7;;11.6567;11.6567;11.6567;14-Mar-2017
138839;DHFL Pramerica Fixed Maturity Plan - Series 72 - Regular Plan -Regular Dividend;INF223J017D9;;11.7211;11.7211;11.7211;14-Mar-2017
138853;DHFL Pramerica Fixed Maturity Plan - Series 75 - Direct Plan - Growth;INF663L01WF6;;12.8846;12.8846;12.8846;14-Mar-2017
138855;DHFL Pramerica Fixed Maturity Plan - Series 75 - Regular Plan - Growth;INF663L01WG4;;12.6626;12.6626;12.6626;14-Mar-2017
138856;DHFL Pramerica Fixed Maturity Plan - Series 75 - Regular Plan - Quarterly Dividend;INF663L01WI0;;10.6044;10.6044;10.6044;14-Mar-2017
138857;DHFL Pramerica Fixed Maturity Plan - Series 75 - Regular Plan - Regular Dividend;INF663L01WH2;;10.6018;10.6018;10.6018;14-Mar-2017
138911;DHFL Pramerica Fixed Maturity Plan - Series 77 - Direct Plan - Growth;INF223J018V9;;12.732;12.732;12.732;14-Mar-2017
138913;DHFL Pramerica Fixed Maturity Plan - Series 77 - Regular Plan - Growth;INF223J014V8;;12.5676;12.5676;12.5676;14-Mar-2017
138915;DHFL Pramerica Fixed Maturity Plan - Series 77 - Regular Plan - Quarterly Dividend;INF223J012V2;;12.2689;12.2689;12.2689;14-Mar-2017
138917;DHFL Pramerica Fixed Maturity Plan - Series 78 - Direct Plan - Annual Dividend;INF223J016W1;;12.1967;12.1967;12.1967;14-Mar-2017
138921;DHFL Pramerica Fixed Maturity Plan - Series 78 - Direct Plan - Growth;INF223J017W9;;12.619;12.619;12.619;14-Mar-2017
138919;DHFL Pramerica Fixed Maturity Plan - Series 78 - Regular Plan - Growth;INF223J013W8;;12.4407;12.4407;12.4407;14-Mar-2017
138942;DHFL Pramerica Fixed Maturity Plan - Series 82 - Direct Plan - Growth;INF223JA1172;;12.1979;12.1979;12.1979;14-Mar-2017
138947;DHFL Pramerica Fixed Maturity Plan - Series 82 - Regular Plan - Growth;INF223JA1131;;12.1695;12.1695;12.1695;14-Mar-2017
138948;DHFL Pramerica Fixed Maturity Plan - Series 82 - Regular Plan - Quarterly Dividend;INF223JA1115;;12.1709;12.1709;12.1709;14-Mar-2017
138984;DHFL Pramerica Fixed Matuirty Plan - Series 85 - Regular Plan - Annual Dividend;INF223JA1AB4;;11.8907;11.8907;11.8907;14-Mar-2017
138980;DHFL Pramerica Fixed Maturity Plan - Series 85 - Direct Plan - Growth;INF223JA1AG3;;11.9022;11.9022;11.9022;14-Mar-2017
138982;DHFL Pramerica Fixed Maturity Plan - Series 85 - Regular Plan - Growth;INF223JA1AC2;;11.8903;11.8903;11.8903;14-Mar-2017
138979;DHFL Pramerica Fixed Maturity Plan - Series 85 - Regular Plan - Quarterly Dividend;INF223JA1AA6;;11.8963;11.8963;11.8963;14-Mar-2017
138983;DHFL Pramerica Fixed Maturity Plan - Series 85 - Regular Plan - Regular Dividend;INF223JA1990;;11.8911;11.8911;11.8911;14-Mar-2017
139002;DHFL Pramerica Fixed Maturity Plan - Series 86 - Direct Plan - Growth;INF223JA1CH7;;12.113;12.113;12.113;14-Mar-2017
139008;DHFL Pramerica Fixed Maturity Plan - Series 86 - Regular Plan - Growth;INF223JA1CD6;;12.0355;12.0355;12.0355;14-Mar-2017
139005;DHFL Pramerica Fixed Maturity Plan - Series 86 - Regular Plan - Regular Dividend;INF223JA1CA2;;12.0355;12.0355;12.0355;14-Mar-2017
139016;DHFL Pramerica Fixed Maturity Plan - Series 87 - Direct Plan - Growth;INF223JA1CP0;;11.8571;11.8571;11.8571;14-Mar-2017
139012;DHFL Pramerica Fixed Maturity Plan - Series 87 - Regular Plan - Growth;INF223JA1CL9;;11.8453;11.8453;11.8453;14-Mar-2017
139029;DHFL Pramerica Fixed Maturity Plan - Series 91 - Direct Option - Growth;INF223JA1HT1;;11.6631;11.6631;11.6631;14-Mar-2017
139030;DHFL Pramerica Fixed Maturity Plan - Series 91 - Regular Option - Growth;INF223JA1HX3;;11.6528;11.6528;11.6528;14-Mar-2017
139074;DHFL Pramerica Fixed Maturity Plan - Series 95 - Direct Option - Growth;INF223JA1LO4;;11.1597;11.1597;11.1597;14-Mar-2017
139075;DHFL Pramerica Fixed Maturity Plan - Series 95 - Regular Option - Growth;INF223JA1LK2;;11.1385;11.1385;11.1385;14-Mar-2017
139072;DHFL Pramerica Fixed Maturity Plan - Series 95 - Regular Option - Regular Dividend;INF223JA1LH8;;11.1394;11.1394;11.1394;14-Mar-2017
138641;DHFL Pramerica FIXED MATURITY PLAN - SERIES 38 - DIRECT PLAN - DIVIDEND PAYOUT;INF663L01SS7;;11.7732;11.7732;11.7732;14-Mar-2017
138642;DHFL Pramerica FIXED MATURITY PLAN - SERIES 38 - DIRECT PLAN - GROWTH;INF663L01SR9;;13.657;13.657;13.657;14-Mar-2017
138644;DHFL Pramerica FIXED MATURITY PLAN - SERIES 38 - REGULAR PLAN - DIVIDEND PAYOUT;INF663L01SQ1;;11.6622;11.6622;11.6622;14-Mar-2017
138643;DHFL Pramerica FIXED MATURITY PLAN - SERIES 38 - REGULAR PLAN - GROWTH;INF663L01SP3;;13.4706;13.4706;13.4706;14-Mar-2017
138667;DHFL Pramerica FIXED MATURITY PLAN - SERIES 45 - DIRECT PLAN -GROWTH;INF223J01F87;;13.0895;13.0895;13.0895;14-Mar-2017
138671;DHFL Pramerica FIXED MATURITY PLAN - SERIES 45 - REGULAR PLAN -GROWTH;INF223J01F46;;12.9857;12.9857;12.9857;14-Mar-2017
138688;DHFL Pramerica FIXED MATURITY PLAN - SERIES 49 - DIRECT PLAN -GROWTH;INF663L01SU3;;12.9684;12.9684;12.9684;14-Mar-2017
138685;DHFL Pramerica FIXED MATURITY PLAN - SERIES 49 - REGULAR PLAN -GROWTH;INF663L01ST5;;12.9139;12.9139;12.9139;14-Mar-2017
138709;DHFL Pramerica FIXED MATURITY PLAN - SERIES 54 - DIRECT PLAN -GROWTH;INF223JA1ET8;;12.9501;12.9501;12.9501;14-Mar-2017
138711;DHFL Pramerica FIXED MATURITY PLAN - SERIES 54 - REGULAR PLAN -GROWTH;INF223JA1EO9;;12.91;12.91;12.91;14-Mar-2017
138717;DHFL Pramerica FIXED MATURITY PLAN - SERIES 56 - DIRECT PLAN -GROWTH;INF663L01SW9;;13.1448;13.1448;13.1448;14-Mar-2017
138719;DHFL Pramerica FIXED MATURITY PLAN - SERIES 56 - REGULAR PLAN -GROWTH;INF663L01SV1;;12.9002;12.9002;12.9002;14-Mar-2017
138735;DHFL Pramerica FIXED MATURITY PLAN - SERIES 57 - DIRECT PLAN -GROWTH;INF663L01SY5;;12.8395;12.8395;12.8395;14-Mar-2017
138736;DHFL Pramerica FIXED MATURITY PLAN - SERIES 57 - REGULAR PLAN -GROWTH;INF663L01SX7;;12.7965;12.7965;12.7965;14-Mar-2017
138727;DHFL Pramerica FIXED MATURITY PLAN - SERIES 58 - DIRECT PLAN -GROWTH;INF663L01KK1;;12.9059;12.9059;12.9059;14-Mar-2017
138729;DHFL Pramerica FIXED MATURITY PLAN - SERIES 58 - REGULAR PLAN -GROWTH;INF663L01KG9;;12.6767;12.6767;12.6767;14-Mar-2017
138725;DHFL Pramerica FIXED MATURITY PLAN - SERIES 58 - REGULAR PLAN -REGULAR DIVIDEND;INF663L01KH7;;11.672;11.672;11.672;14-Mar-2017
138739;DHFL Pramerica FIXED MATURITY PLAN - SERIES 60 - DIRECT PLAN -ANNUAL DIVIDEND;INF223J01T99;;12.0254;12.0254;12.0254;14-Mar-2017
138740;DHFL Pramerica FIXED MATURITY PLAN - SERIES 60 - DIRECT PLAN -GROWTH;INF223J01U05;;13.1682;13.1682;13.1682;14-Mar-2017
138746;DHFL Pramerica FIXED MATURITY PLAN - SERIES 60 - REGULAR PLAN -GROWTH;INF223J01T65;;12.9732;12.9732;12.9732;14-Mar-2017
138743;DHFL Pramerica FIXED MATURITY PLAN - SERIES 60 - REGULAR PLAN -REGULAR DIVIDEND;INF223J01T32;;11.6716;11.6716;11.6716;14-Mar-2017
138744;DHFL Pramerica FIXED MATURITY PLAN- SERIES 60 - REGULAR PLAN -ANNUAL DIVIDEND;INF223J01T57;;11.901;11.901;11.901;14-Mar-2017
138753;DHFL Pramerica FIXED MATURITY PLAN - SERIES 61 - DIRECT PLAN -GROWTH;INF223JA1FJ6;;12.8335;12.8335;12.8335;14-Mar-2017
138751;DHFL Pramerica FIXED MATURITY PLAN - SERIES 61 - REGULAR PLAN -GROWTH;INF223JA1FF4;;12.7714;12.7714;12.7714;14-Mar-2017
138757;DHFL Pramerica FIXED MATURITY PLAN - SERIES 62 - DIRECT PLAN -GROWTH;INF663L01TB1;;12.8154;12.8154;12.8154;14-Mar-2017
138759;DHFL Pramerica FIXED MATURITY PLAN - SERIES 62 - REGULAR PLAN -GROWTH;INF663L01SZ2;;12.7927;12.7927;12.7927;14-Mar-2017
138760;DHFL Pramerica FIXED MATURITY PLAN - SERIES 62 - REGULAR PLAN -REGULAR DIVIDEND;INF663L01TA3;;11.7413;11.7413;11.7413;14-Mar-2017
138763;DHFL Pramerica FIXED MATURITY PLAN - SERIES 63 - DIRECT PLAN -ANNUAL DIVIDEND;INF223JA1FQ1;;12.3492;12.3492;12.3492;14-Mar-2017
138765;DHFL Pramerica FIXED MATURITY PLAN - SERIES 63 - DIRECT PLAN -GROWTH;INF223JA1FR9;;12.8446;12.8446;12.8446;14-Mar-2017
138766;DHFL Pramerica FIXED MATURITY PLAN - SERIES 63 - REGULAR PLAN -GROWTH;INF223JA1FN8;;12.8148;12.8148;12.8148;14-Mar-2017
138781;DHFL Pramerica FIXED MATURITY PLAN - SERIES 64 - DIRECT PLAN -GROWTH;INF223J01Y84;;13.1951;13.1951;13.1951;14-Mar-2017
138783;DHFL Pramerica FIXED MATURITY PLAN - SERIES 64 - REGULAR PLAN -GROWTH;INF223J01Y43;;12.9594;12.9594;12.9594;14-Mar-2017
138784;DHFL Pramerica FIXED MATURITY PLAN - SERIES 64 - REGULAR PLAN -QUARTERLY DIVIDEND;INF223J01Y27;;10.8539;10.8539;10.8539;14-Mar-2017
138785;DHFL Pramerica FIXED MATURITY PLAN - SERIES 64 - REGULAR PLAN -REGULAR DIVIDEND;INF223J01Y19;;11.5696;11.5696;11.5696;14-Mar-2017
138786;DHFL Pramerica FIXED MATURITY PLAN- SERIES 64 - REGULAR PLAN -ANNUAL DIVIDEND;INF223J01Y35;;11.9969;11.9969;11.9969;14-Mar-2017
138773;DHFL Pramerica FIXED MATURITY PLAN - SERIES 66 - DIRECT PLAN -GROWTH;INF663L01TN6;;12.8234;12.8234;12.8234;14-Mar-2017
138777;DHFL Pramerica FIXED MATURITY PLAN - SERIES 66 - REGULAR PLAN -GROWTH;INF663L01TL0;;12.589;12.589;12.589;14-Mar-2017
138778;DHFL Pramerica FIXED MATURITY PLAN - SERIES 66 - REGULAR PLAN -QUARTERLY DIVIDEND;INF663L01TM8;;11.3707;11.3707;11.3707;14-Mar-2017
138797;DHFL Pramerica FIXED MATURITY PLAN - SERIES 68 - DIRECT PLAN -GROWTH;INF663L01LE2;;12.7496;12.7496;12.7496;14-Mar-2017
138800;DHFL Pramerica FIXED MATURITY PLAN - SERIES 68 - REGULAR PLAN -QUARTERLY DIVIDEND;INF663L01LC6;;11.4243;11.4243;11.4243;14-Mar-2017
138801;DHFL Pramerica FIXED MATURITY PLAN - SERIES 68 - REGULAR PLAN -REGULAR DIVIDEND;INF663L01LB8;;11.6987;11.6987;11.6987;14-Mar-2017
138799;DHFL Pramerica FIXED MATURITY PLAN - SERIES 68 - REGULAR PLAN-GROWTH;INF663L01LA0;;12.5278;12.5278;12.5278;14-Mar-2017
138810;DHFL Pramerica FIXED MATURITY PLAN - SERIES 69 - DIRECT PLAN -GROWTH;INF663L01TW7;;12.7553;12.7553;12.7553;14-Mar-2017
138809;DHFL Pramerica FIXED MATURITY PLAN - SERIES 69 - REGULAR PLAN -ANNUAL DIVIDEND;INF663L01TV9;;11.7657;11.7657;11.7657;14-Mar-2017
138804;DHFL Pramerica FIXED MATURITY PLAN - SERIES 69 - REGULAR PLAN -GROWTH;INF663L01TS5;;12.5317;12.5317;12.5317;14-Mar-2017
138806;DHFL Pramerica FIXED MATURITY PLAN - SERIES 69 - REGULAR PLAN -REGULAR DIVIDEND;INF663L01TT3;;11.6604;11.6604;11.6604;14-Mar-2017
138814;DHFL Pramerica Hybird Fixed Term Fund - Series 22 - DIRECT PLAN -QUARTERLY DIVIDEND;INF223J016C3;;12.0444;12.0444;12.0444;14-Mar-2017
138815;DHFL Pramerica Hybird Fixed Term fund - Series 22 - REGULAR PLAN -QUARTERLY DIVIDEND;INF223J012C2;;11.5387;11.5387;11.5387;14-Mar-2017
138813;DHFL Pramerica Hybrid Fixed Term Fund - Series 22 - DIRECT PLAN -GROWTH;INF223J018C9;;12.6286;12.6286;12.6286;14-Mar-2017
138816;DHFL Pramerica Hybrid Fixed Term Fund - Series 22 - REGULAR PLAN -ANNUAL DIVIDEND;INF223J013C0;;11.5493;11.5493;11.5493;14-Mar-2017
138817;DHFL Pramerica Hybrid Fixed Term Fund - Series 22 - REGULAR PLAN -GROWTH;INF223J014C8;;12.1036;12.1036;12.1036;14-Mar-2017
138818;DHFL Pramerica Hybrid Fixed Term Fund - Series 22 - REGULAR PLAN -REGULAR DIVIDEND;INF223J011C4;;11.5419;11.5419;11.5419;14-Mar-2017
138555;DHFL Pramerica Hybrid Fixed Term Fund - Series 10 - Annual Dividend (Payout);INF223J01MG2;;11.2042;11.2042;11.2042;14-Mar-2017
138556;DHFL Pramerica Hybrid Fixed Term Fund - Series 10 - Growth;INF223J01MI8;;13.5101;13.5101;13.5101;14-Mar-2017
138557;DHFL Pramerica Hybrid Fixed Term Fund - Series 10 - Quarterly Dividend (Payout);INF223J01MH0;;11.2151;11.2151;11.2151;14-Mar-2017
138558;DHFL Pramerica Hybrid Fixed Term Fund - Series 10 - Regular Dividend (Payout);INF223J01MF4;;11.1911;11.1911;11.1911;14-Mar-2017
138588;DHFL Pramerica Hybrid Fixed Term Fund - Series 13 - Direct Plan - Growth;INF223J01TK9;;14.1301;14.1301;14.1301;14-Mar-2017
138586;DHFL Pramerica Hybrid Fixed Term Fund - Series 13 - Regular Plan - Dividend (Payout);INF223J01TH5;;11.4142;11.4142;11.4142;14-Mar-2017
138587;DHFL Pramerica Hybrid Fixed Term Fund - Series 13 - Regular Plan - Growth;INF223J01TI3;;13.4414;13.4414;13.4414;14-Mar-2017
138601;DHFL Pramerica Hybrid Fixed Term Fund - Series 14 - Direct Plan - Growth;INF223J01VC2;;14.1138;14.1138;14.1138;14-Mar-2017
138600;DHFL Pramerica Hybrid Fixed Term Fund - Series 14 - Regular Plan - Dividend (Payout);INF223J01UZ5;;12.6349;12.6349;12.6349;14-Mar-2017
138599;DHFL Pramerica Hybrid Fixed Term Fund - Series 14 - Regular Plan - Growth;INF223J01VA6;;13.3956;13.3956;13.3956;14-Mar-2017
138651;DHFL Pramerica Hybrid Fixed Term Fund - Series 17 - Direct Plan - Growth;INF663L01SK4;;13.0565;13.0565;13.0565;14-Mar-2017
138652;DHFL Pramerica Hybrid Fixed Term Fund - Series 17 - Regular Plan - Dividend (Payout);INF663L01SM0;;11.5428;11.5428;11.5428;14-Mar-2017
138650;DHFL Pramerica Hybrid Fixed Term Fund - Series 17 - Regular Plan - Growth;INF663L01SL2;;12.3594;12.3594;12.3594;14-Mar-2017
138655;DHFL Pramerica Hybrid Fixed Term Fund - Series 19 - Regular Plan - Dividend (Payout);INF663L01SO6;;11.5837;11.5837;11.5837;14-Mar-2017
138656;DHFL Pramerica Hybrid Fixed Term Fund - Series 19 - Regular Plan - Growth;INF663L01SN8;;12.4223;12.4223;12.4223;14-Mar-2017
138789;DHFL Pramerica Hybrid Fixed Term Fund - Series 21  - DIRECT PLAN -GROWTH;INF223J014A2;;13.0125;13.0125;13.0125;14-Mar-2017
138791;DHFL Pramerica Hybrid Fixed Term Fund - Series 21  - REGULAR PLAN -GROWTH;INF223J010A0;;12.4167;12.4167;12.4167;14-Mar-2017
138792;DHFL Pramerica Hybrid Fixed Term Fund - Series 21  - REGULAR PLAN -QUARTERLY DIVIDEND;INF223J01Z83;;11.8541;11.8541;11.8541;14-Mar-2017
138793;DHFL Pramerica Hybrid Fixed Term Fund - Series 21  - REGULAR PLAN -REGULAR DIVIDEND;INF223J01Z75;;11.8094;11.8094;11.8094;14-Mar-2017
138794;DHFL Pramerica Hybrid Fixed Term Fund - Series 21 - REGULAR PLAN -ANNUAL DIVIDEND;INF223J01Z91;;11.8094;11.8094;11.8094;14-Mar-2017
138847;DHFL Pramerica Hybrid Fixed Term Fund - Series 23 - Direct Plan -Growth;INF223J018G0;;12.09;12.09;12.09;14-Mar-2017
138845;DHFL Pramerica Hybrid Fixed Term Fund - Series 23 - Regular Plan -Annual Dividend;INF223J013G1;;11.2011;11.2011;11.2011;14-Mar-2017
138848;DHFL Pramerica Hybrid Fixed Term Fund - Series 23 - Regular Plan -Growth;INF223J014G9;;11.5636;11.5636;11.5636;14-Mar-2017
138849;DHFL Pramerica Hybrid Fixed Term Fund - Series 23 - Regular Plan -Quarterly Dividend;INF223J012G3;;11.1951;11.1951;11.1951;14-Mar-2017
138850;DHFL Pramerica Hybrid Fixed Term Fund - Series 23 - Regular Plan -Regular Dividend;INF223J011G5;;11.2184;11.2184;11.2184;14-Mar-2017
138869;DHFL Pramerica Hybrid Fixed Term Dund - Series 26 - Direct Plan - Growth;INF223J018O4;;11.405;11.405;11.405;14-Mar-2017
138867;DHFL Pramerica Hybrid Fixed Term Fund - Series 26 - Direct Plan - Annunal Dividend;INF223J017O6;;11.0361;11.0361;11.0361;14-Mar-2017
138874;DHFL Pramerica Hybrid Fixed Term Fund - Series 26 - Regular Plan - Annual Dividend;INF223J013O5;;10.7016;10.7016;10.7016;14-Mar-2017
138871;DHFL Pramerica Hybrid Fixed Term Fund - Series 26 - Regular Plan - Growth;INF223J014O3;;10.957;10.957;10.957;14-Mar-2017
138872;DHFL Pramerica Hybrid Fixed Term Fund - Series 26 - Regular Plan - Quarterly Dividend;INF223J012O7;;10.6998;10.6998;10.6998;14-Mar-2017
138873;DHFL Pramerica Hybrid Fixed Term Fund - Series 26 - Regular Plan - Regular Dividend;INF223J011O9;;10.7016;10.7016;10.7016;14-Mar-2017
138861;DHFL Pramerica Hybrid Fixed Term Fund - Series 27 - Direct Plan - Dividend;INF223J015K8;;11.1019;11.1019;11.1019;14-Mar-2017
138860;DHFL Pramerica Hybrid Fixed Term Fund - Series 27 - Direct Plan - Growth;INF223J018K2;;11.4076;11.4076;11.4076;14-Mar-2017
138866;DHFL Pramerica Hybrid Fixed Term Fund - Series 27 - Regular Plan - Growth;INF223J014K1;;11.1416;11.1416;11.1416;14-Mar-2017
138865;DHFL Pramerica Hybrid Fixed Term Fund - Series 27 - Regular Plan - Regular Dividend;INF223J011K7;;10.8891;10.8891;10.8891;14-Mar-2017
138891;DHFL Pramerica Hybrid Fixed Term Fund - Series 29 - Direct Plan - Growth;INF223J012R0;;12.401;12.401;12.401;14-Mar-2017
138896;DHFL Pramerica Hybrid Fixed Term Fund - Series 29 - Regular Plan - Annual Dividend;INF223J017Q1;;11.7503;11.7503;11.7503;14-Mar-2017
138893;DHFL Pramerica Hybrid Fixed Term Fund - Series 29 - Regular Plan - Growth;INF223J018Q9;;12.2099;12.2099;12.2099;14-Mar-2017
138894;DHFL Pramerica Hybrid Fixed Term Fund - Series 29 - Regular Plan - Quarterly Dividend;INF223J016Q3;;11.92;11.92;11.92;14-Mar-2017
138895;DHFL Pramerica Hybrid Fixed Term Fund - Series 29 - Regular Plan - Regular Dividend;INF223J015Q5;;11.7504;11.7504;11.7504;14-Mar-2017
138927;DHFL Pramerica Hybrid Fixed Term Fund - Series 31 - Direct Plan - Growth;INF223J015X1;;11.5288;11.5288;11.5288;14-Mar-2017
138932;DHFL Pramerica Hybrid Fixed Term Fund - Series 31 - Regular Plan - Annual Dividend;INF223J010X2;;11.0754;11.0754;11.0754;14-Mar-2017
138929;DHFL Pramerica Hybrid Fixed Term Fund - Series 31 - Regular Plan - Growth;INF223J011X0;;11.0754;11.0754;11.0754;14-Mar-2017
138930;DHFL Pramerica Hybrid Fixed Term Fund - Series 31 - Regular Plan - Quarterly Dividend;INF223J019W5;;11.0753;11.0753;11.0753;14-Mar-2017
138931;DHFL Pramerica Hybrid Fixed Term Fund - Series 31 - Regular Plan - Regular Dividend;INF223J018W7;;11.0754;11.0754;11.0754;14-Mar-2017
138934;DHFL Pramerica Hybrid Fixed Term Fund - Series 32 - Direct Plan - Growth;INF223JA1032;;10.8599;10.8599;10.8599;14-Mar-2017
138938;DHFL Pramerica Hybrid Fixed Term Fund - Series 32 - Regular Plan - Annual Dividend;INF223JA1065;;10.4519;10.4519;10.4519;14-Mar-2017
138937;DHFL Pramerica Hybrid Fixed Term Fund - Series 32 - Regular Plan - Growth;INF223JA1073;;10.4519;10.4519;10.4519;14-Mar-2017
138939;DHFL Pramerica Hybrid Fixed Term Fund - Series 32 - Regular Plan - Quarterly Dividend;INF223JA1081;;10.4519;10.4519;10.4519;14-Mar-2017
138940;DHFL Pramerica Hybrid Fixed Term Fund - Series 32 - Regular Plan - Regular Dividend;INF223JA1099;;10.4519;10.4519;10.4519;14-Mar-2017
138960;DHFL Pramerica Hybird Fixed Term Fund - Series 33 - Regular Plan - Growth;INF223JA1339;;10.1512;10.1512;10.1512;14-Mar-2017
138956;DHFL Pramerica Hybrid Fixed Term Fund - Sereis 33 - Direct Plan - Dividend;INF223JA1347;;10.5292;10.5292;10.5292;14-Mar-2017
138953;DHFL Pramerica Hybrid Fixed Term Fund - Series 33 - Direct Plan - Growth;INF223JA1370;;10.5292;10.5292;10.5292;14-Mar-2017
138959;DHFL Pramerica Hybrid Fixed term Fund - Series 33 - Regular Plan - Annual Dividend;INF223JA1321;;10.1512;10.1512;10.1512;14-Mar-2017
138957;DHFL Pramerica Hybrid Fixed Term Fund - Series 33 - Regular Plan - Quarterly Dividend;INF223JA1313;;10.1512;10.1512;10.1512;14-Mar-2017
138958;DHFL Pramerica Hybrid Fixed Term Fund - Series 33 - Regular Plan - Regular Dividend;INF223JA1305;;10.1512;10.1512;10.1512;14-Mar-2017
138962;DHFL Pramerica Hybrid Fixed Term Fund - Series 34 - Direct Plan - Growth;INF223JA1537;;11.0234;11.0234;11.0234;14-Mar-2017
138967;DHFL Pramerica Hybrid Fixed Term Fund - Series 34 - Regular Plan - Annual Dividend;INF223JA1487;;10.6682;10.6682;10.6682;14-Mar-2017
138965;DHFL Pramerica Hybrid Fixed Term Fund - Series 34 - Regular Plan - Growth;INF223JA1495;;10.6682;10.6682;10.6682;14-Mar-2017
138968;DHFL Pramerica Hybrid Fixed Term Fund - Series 34 - Regular Plan - Quarterly Dividend;INF223JA1479;;10.6682;10.6682;10.6682;14-Mar-2017
138966;DHFL Pramerica Hybrid Fixed Term Fund - Series 34 - Regular Plan - Regular Dividend;INF223JA1461;;10.6682;10.6682;10.6682;14-Mar-2017
138970;DHFL Pramerica Hybrid Fixed Term Fund - Series 35 - Direct Plan - Dividend;INF223JA1719;;10.4986;10.4986;10.4986;14-Mar-2017
138971;DHFL Pramerica Hybrid fixed Term Fund - Series 35 - Direct Plan - Growth;INF223JA1743;;10.507;10.507;10.507;14-Mar-2017
138976;DHFL Pramerica Hybrid Fixed Term Fund - Series 35 - Regular Plan - Annual Dividend;INF223JA1693;;10.1404;10.1404;10.1404;14-Mar-2017
138973;DHFL Pramerica Hybrid Fixed Term Fund - Series 35 - Regular Plan - Growth;INF223JA1701;;10.1403;10.1403;10.1403;14-Mar-2017
138974;DHFL Pramerica Hybrid Fixed Term Fund - Series 35 - Regular Plan - Quarterly Dividend;INF223JA1685;;10.1404;10.1404;10.1404;14-Mar-2017
138975;DHFL Pramerica Hybrid Fixed Term Fund - Series 35 - Regular Plan - Regular Dividend;INF223JA1677;;10.1404;10.1404;10.1404;14-Mar-2017
138999;DHFL Pramerica Hybrid Fixed Term Fund - Series 37 - Direct Plan - Growth;INF223JA1BR8;;10.591;10.591;10.591;14-Mar-2017
138998;DHFL Pramerica hybrid Fixed Term Fund - Series 37 - Regular Plan - Annual Dividend;INF223JA1BM9;;10.1971;10.1971;10.1971;14-Mar-2017
138995;DHFL Pramerica Hybrid Fixed Term Fund - Series 37 - Regular Plan - Growth;INF223JA1BN7;;10.1971;10.1971;10.1971;14-Mar-2017
138996;DHFL Pramerica Hybrid Fixed Term Fund - Series 37 - Regular Plan - Quarterly Dividend;INF223JA1BL1;;10.1971;10.1971;10.1971;14-Mar-2017
138997;DHFL Pramerica Hybrid Fixed Term Fund - Series 37 - Regular Plan - Regular Dividend;INF223JA1BK3;;10.1971;10.1971;10.1971;14-Mar-2017
139023;DHFL Pramerica Hybrid Fixed Term Fund - Series 39 - Direct Plan - Growth;INF223JA1HL8;;10.9697;10.9697;10.9697;14-Mar-2017
139021;DHFL Pramerica Hybrid Fixed Term Fund - Series 39 - Direct Plan - Regular Dividend;INF223JA1HN4;;10.9695;10.9695;10.9695;14-Mar-2017
139028;DHFL Pramerica Hybrid Fixed Term Fund - Series 39 - Regular Plan - Annual Dividend;INF223JA1HO2;;10.6122;10.6122;10.6122;14-Mar-2017
139025;DHFL Pramerica Hybrid Fixed Term Fund - Series 39 - Regular Plan - Growth;INF223JA1HP9;;10.6123;10.6123;10.6123;14-Mar-2017
139026;DHFL Pramerica Hybrid Fixed Term Fund - Series 39 - Regular Plan - Quarterly Dividend;INF223JA1HQ7;;10.6122;10.6122;10.6122;14-Mar-2017
139027;DHFL Pramerica Hybrid Fixed Term Fund - Series 39 - Regular Plan - Regular Dividend;INF223JA1HR5;;10.6122;10.6122;10.6122;14-Mar-2017
138534;DHFL Pramerica Hybrid Fixed Term Fund - Series 4 - Dividend (Payout);INF223JA1669;;10.4818;10.4818;10.4818;14-Mar-2017
138533;DHFL Pramerica Hybrid Fixed Term Fund - Series 4- Growth;INF223JA1651;;15.9841;15.9841;15.9841;14-Mar-2017
139049;DHFL Pramerica Hybrid Fixed Term Fund - Series 40 - Direct Plan - Growth;INF223JA1IW3;;10.7458;10.7458;10.7458;14-Mar-2017
139048;DHFL Pramerica Hybrid Fixed Term fund - Series 40 - Direct Plan - Regular Dividend;INF223JA1IT9;;10.7457;10.7457;10.7457;14-Mar-2017
139052;DHFL Pramerica Hybrid Fixed Term Fund - Series 40 - Regular Plan - Annual Dividend;INF223JA1IR3;;10.4616;10.4616;10.4616;14-Mar-2017
139045;DHFL Pramerica Hybrid Fixed Term Fund - Series 40 - Regular Plan - Growth;INF223JA1IS1;;10.4616;10.4616;10.4616;14-Mar-2017
139050;DHFL Pramerica Hybrid Fixed Term Fund - Series 40 - Regular Plan - Quarterly Dividend;INF223JA1IQ5;;10.4616;10.4616;10.4616;14-Mar-2017
139051;DHFL Pramerica Hybrid Fixed Term Fund - Series 40 - Regular Plan - Regular Dividend;INF223JA1IX1;;10.4616;10.4616;10.4616;14-Mar-2017
139054;DHFL Pramerica Hybrid Fixed Term Fund - Series 41 - Direct Plan - Growth;INF223JA1KG2;;10.6071;10.6071;10.6071;14-Mar-2017
139055;DHFL Pramerica Hybrid Fixed Term Fund - Series 41 - Direct Plan - Quarterly Dividend;INF223JA1KE7;;10.6071;10.6071;10.6071;14-Mar-2017
139053;DHFL Pramerica Hybrid Fixed Term Fund - Series 41 - Direct Plan - Regular Dividend;INF223JA1KD9;;10.6071;10.6071;10.6071;14-Mar-2017
139060;DHFL Pramerica Hybrid Fixed Term Fund - Series 41 - Regular Plan - Annual Dividend;INF223JA1KB3;;10.3428;10.3428;10.3428;14-Mar-2017
139056;DHFL Pramerica Hybrid Fixed Term Fund - Series 41 - Regular Plan - Growth;INF223JA1KC1;;10.3429;10.3429;10.3429;14-Mar-2017
139057;DHFL Pramerica Hybrid Fixed Term Fund - Series 41 - Regular Plan - Quarterly Dividend;INF223JA1KA5;;10.3428;10.3428;10.3428;14-Mar-2017
139058;DHFL Pramerica Hybrid Fixed Term Fund - Series 41 - Regular Plan - Regular Dividend;INF223JA1JZ4;;10.3428;10.3428;10.3428;14-Mar-2017
138536;DHFL Pramerica Hybrid Fixed Term Fund - Series 5 - Dividend (Payout);INF223JA1AW0;;13.3626;13.3626;13.3626;14-Mar-2017
138535;DHFL Pramerica Hybrid Fixed Term Fund - Series 5 - Growth;INF223JA1AV2;;14.6525;14.6525;14.6525;14-Mar-2017
138537;DHFL Pramerica Hybrid Fixed Term Fund - Series 6 - Dividend (Payout);INF223J01LB5;;15.1886;15.1886;15.1886;14-Mar-2017
138538;DHFL Pramerica Hybrid Fixed Term Fund - Series 6 - Growth;INF223J01LC3;;16.2637;16.2637;16.2637;14-Mar-2017
138540;DHFL Pramerica Hybrid Fixed Term Fund - Series 7 - Annual Dividend (Payout);INF223JA1KX7;;14.4397;14.4397;14.4397;14-Mar-2017
138539;DHFL Pramerica Hybrid Fixed Term Fund - Series 7 - Dividend (Payout);INF223JA1KW9;;14.6844;14.6844;14.6844;14-Mar-2017
138542;DHFL Pramerica Hybrid Fixed Term Fund - Series 7 - Growth;INF223JA1KV1;;15.7167;15.7167;15.7167;14-Mar-2017
138541;DHFL Pramerica Hybrid Fixed Term Fund - Series 7 - Quarterly Dividend (Payout);INF223JA1KY5;;14.1585;14.1585;14.1585;14-Mar-2017
138592;DHFL Pramerica Interval Fund - Annual Plan Series 1 (DIF 1)- Direct Plan-Growth;INF223J01UY8;;13.4591;13.4591;13.4591;14-Mar-2017
138595;DHFL Pramerica Interval Fund - Annual Plan Series 1 (DIF 1)- Regular Plan-Growth;INF223J01UT8;;13.4229;13.4229;13.4229;14-Mar-2017
138594;DHFL Pramerica Interval Fund - Annual Plan Series 1 (DIF 1)-Regular Plan-Quarterly Dividend;INF223J01UQ4;;12.3867;12.3867;12.3867;14-Mar-2017
139655;PGIM India Fixed Duration Fund - Series 29 - Direct Plan - Growth Option;INF663L01MO9;;1049.8294;1049.8294;1049.8294;14-Mar-2017
139658;PGIM India Fixed Duration Fund - Series 29 - Regular Plan - Dividend Option;INF663L01MS0;;1048.8692;1048.8692;1048.8692;14-Mar-2017
139657;PGIM India Fixed Duration Fund - Series 29 - Regular Plan - Growth Option;INF663L01MR2;;1048.8687;1048.8687;1048.8687;14-Mar-2017
139663;PGIM India Fixed Duration Fund - Series 31 - Direct Plan - Growth Option;INF663L01NA6;;1044.4561;1044.4561;1044.4561;14-Mar-2017
139666;PGIM India Fixed Duration Fund - Series 31 - Regular Plan - Dividend Option;INF663L01NE8;;1042.4841;1042.4841;1042.4841;14-Mar-2017
139665;PGIM India Fixed Duration Fund - Series 31 - Regular Plan - Growth Option;INF663L01ND0;;1042.4829;1042.4829;1042.4829;14-Mar-2017
140136;PGIM India Fixed Duration Fund - Series AA - Direct Plan - Growth Option;INF663L01OG1;;1011.7524;1011.7524;1011.7524;14-Mar-2017
140378;PGIM India Fixed Duration Fund - Series AA - Direct Plan - Quarterly Dividend Option;INF663L01OJ5;;1011.7511;1011.7511;1011.7511;14-Mar-2017
140377;PGIM India Fixed Duration Fund - Series AA - Regular Plan - Annual Dividend Option;INF663L01OS6;;1011.582;1011.582;1011.582;14-Mar-2017
140139;PGIM India Fixed Duration Fund - Series AA - Regular Plan - Growth Option;INF663L01ON7;;1011.5693;1011.5693;1011.5693;14-Mar-2017
140379;PGIM India Fixed Duration Fund - Series AA - Regular Plan - Quarterly Dividend Option;INF663L01OQ0;;1011.567;1011.567;1011.567;14-Mar-2017
140564;PGIM India Fixed Duration Fund - Series AB - Direct Plan - Growth Option;INF663L01OU2;;1000.9237;1000.9237;1000.9237;14-Mar-2017
140569;PGIM India Fixed Duration Fund - Series AB - Regular Plan - Annual Dividend Option;INF663L01PG8;INF663L01PH6;1000.768;1000.768;1000.768;14-Mar-2017
140565;PGIM India Fixed Duration Fund - Series AB - Regular Plan - Dividend Option;INF663L01PC7;INF663L01PD5;1000.7457;1000.7457;1000.7457;14-Mar-2017
140563;PGIM India Fixed Duration Fund - Series AB - Regular Plan - Growth Option;INF663L01PB9;;1000.7455;1000.7455;1000.7455;14-Mar-2017
140567;PGIM India Fixed Duration Fund - Series AB - Regular Plan - Quarterly Dividend Option;INF663L01PE3;INF663L01PF0;1000.7463;1000.7463;1000.7463;14-Mar-2017
140675;PGIM India Fixed Duration Fund - Series AC - Direct Plan - Dividend - Annual;INF663L01PN4;INF663L01PO2;1000.7958;1000.7958;1000.7958;14-Mar-2017
140672;PGIM India Fixed Duration Fund - Series AC - Direct Plan - Growth Option;INF663L01PI4;;1000.7983;1000.7983;1000.7983;14-Mar-2017
140676;PGIM India Fixed Duration Fund - Series AC - Direct Plan - Regular Dividend;INF663L01PJ2;INF663L01PK0;1000.8;1000.8;1000.8;14-Mar-2017
140674;PGIM India Fixed Duration Fund - Series AC - Regular Plan - Dividend - Annual;INF663L01PU9;INF663L01PV7;1000.716;1000.716;1000.716;14-Mar-2017
140673;PGIM India Fixed Duration Fund - Series AC - Regular Plan - Dividend - Quarterly;INF663L01PS3;INF663L01PT1;1000.7195;1000.7195;1000.7195;14-Mar-2017
140678;PGIM India Fixed Duration Fund - Series AC - Regular Plan - Dividend - Regular;INF663L01PQ7;INF663L01PR5;1000.7194;1000.7194;1000.7194;14-Mar-2017
140671;PGIM India Fixed Duration Fund - Series AC - Regular Plan - Growth Option;INF663L01PP9;;1000.7195;1000.7195;1000.7195;14-Mar-2017
138559;PGIM India Hybrid Fixed Term Fund - Series 11 - Direct Plan - Dividend (Payout);INF663L01KX4;;12.9841;12.9841;12.9841;14-Mar-2017
138560;PGIM India Hybrid Fixed Term Fund - Series 11 - Regular Plan - Dividend (Payout);INF663L01KZ9;;12.7965;12.7965;12.7965;14-Mar-2017
138561;PGIM India Hybrid Fixed Term Fund - Series 11 - Regular Plan - Growth;INF663L01KY2;;13.9225;13.9225;13.9225;14-Mar-2017
138583;PGIM India Hybrid Fixed Term Fund - Series 12 - Direct Plan - Growth;INF663L01LI3;;14.5079;14.5079;14.5079;14-Mar-2017
138581;PGIM India Hybrid Fixed Term Fund - Series 12 - Regular Plan - Dividend (Payout);INF663L01LL7;;13.1919;13.1919;13.1919;14-Mar-2017
138584;PGIM India Hybrid Fixed Term Fund - Series 12 - Regular Plan - Growth;INF663L01LK9;;14.1271;14.1271;14.1271;14-Mar-2017

Principal Mutual Fund
126071;PRINCIPAL PNB FIXED MATURITY PLAN SERIES B10 - DIRECT PLAN - GROWTH;INF173K01LM7;;13.1546;N.A.;N.A.;14-Mar-2017
126073;PRINCIPAL PNB FIXED MATURITY PLAN SERIES B10 - REGULAR PLAN - GROWTH;INF173K01LK1;;12.9979;N.A.;N.A.;14-Mar-2017
129414;Principal Pnb Fixed Maturity Plan - Series B16- Direct Plan - Dividend Payout;INF173K01NJ9;;12.9145;N.A.;N.A.;14-Mar-2017
129415;Principal Pnb Fixed Maturity Plan - Series B16- Direct Plan - Growth;INF173K01NL5;;12.9145;N.A.;N.A.;14-Mar-2017
129416;Principal Pnb Fixed Maturity Plan - Series B16- Regular plan - Dividend Payout;INF173K01NG5;;12.7031;N.A.;N.A.;14-Mar-2017
129413;Principal Pnb Fixed Maturity Plan - Series B16- Regular plan - Growth;INF173K01NI1;;12.7031;N.A.;N.A.;14-Mar-2017
129722;Principal Pnb Fixed Maturity Plan - Series B17- Direct Plan - Dividend Payout;INF173K01MP8;;11.5805;N.A.;N.A.;14-Mar-2017
129721;Principal Pnb Fixed Maturity Plan - Series B17- Direct Plan - Growth;INF173K01MR4;;12.6531;N.A.;N.A.;14-Mar-2017
129719;Principal Pnb Fixed Maturity Plan - Series B17- Regular plan - Growth;INF173K01MO1;;12.6276;N.A.;N.A.;14-Mar-2017
128410;PRINCIPAL PNB FIXED MATURITY PLAN-SERIES B14-DIRECT PLAN-GROWTH;INF173K01LY2;;12.9232;N.A.;N.A.;14-Mar-2017
128408;PRINCIPAL PNB FIXED MATURITY PLAN-SERIES B14-REGULAR PLAN-DIVIDEND PAYOUT;INF173K01LT2;;11.6328;N.A.;N.A.;14-Mar-2017
128411;PRINCIPAL PNB FIXED MATURITY PLAN-SERIES B14-REGULAR PLAN-GROWTH;INF173K01LV8;;12.7926;N.A.;N.A.;14-Mar-2017
127961;PRINCIPAL PNB FIXED MATURITY PLAN-SERIES B13-DIRECT PLAN-GROWTH;INF173K01LS4;;12.9476;N.A.;N.A.;14-Mar-2017
127959;PRINCIPAL PNB FIXED MATURITY PLAN-SERIES B13-REGULAR PLAN-GROWTH;INF173K01LP0;;12.8120;N.A.;N.A.;14-Mar-2017

quant Mutual Fund
109070;Escorts Fixed Maturity Plan - Dividend Option;;;0;0;0;14-Mar-2017
109071;Escorts Fixed Maturity Plan - Growth Option;;;0;0;0;14-Mar-2017
109514;Escorts Fixed Maturity Plan - Institutional Dividend;;;0;0;0;14-Mar-2017
109515;Escorts Fixed Maturity Plan - Institutional Growth;;;0;0;0;14-Mar-2017
114875;Escorts Fixed Maturity Plan Series II - Dividend;INF966L01028;;0;0;0;14-Mar-2017
114876;Escorts Fixed Maturity Plan Series II - Growth;INF966L01010;;0;0;0;14-Mar-2017

SBI Mutual Fund
126209;SBI DEBT FUND SERIES - 16 MONTHS - 2 - DIRECT PLAN - GROWTH;INF200KA1DM9;;12.9861;N.A.;N.A.;14-Mar-2017
126210;SBI DEBT FUND SERIES - 16 MONTHS - 2 - REGULAR PLAN - DIVIDEND;INF200KA1DL1;;12.9045;N.A.;N.A.;14-Mar-2017
126211;SBI DEBT FUND SERIES - 16 MONTHS - 2 - REGULAR PLAN - GROWTH;INF200KA1DK3;;12.9039;N.A.;N.A.;14-Mar-2017
126212;SBI DEBT FUND SERIES - 16 MONTHS - 2- DIRECT PLAN - DIVIDEND;INF200KA1DN7;;12.9871;N.A.;N.A.;14-Mar-2017
127810;SBI DEBT FUND SERIES - 366 DAYS - 53 - DIRECT PLAN - DIVIDEND;INF200KA1606;;12.9326;N.A.;N.A.;14-Mar-2017
127811;SBI DEBT FUND SERIES - 366 DAYS - 53 - DIRECT PLAN - GROWTH;INF200KA1614;;12.9329;N.A.;N.A.;14-Mar-2017
127812;SBI DEBT FUND SERIES - 366 DAYS - 53 - REGULAR PLAN - DIVIDEND;INF200KA1622;;N.A.;N.A.;N.A.;14-Mar-2017
127813;SBI DEBT FUND SERIES - 366 DAYS - 53 - REGULAR PLAN - GROWTH;INF200KA1630;;12.8739;N.A.;N.A.;14-Mar-2017
128165;SBI DEBT FUND SERIES - 366 DAYS - 54 - DIRECT PLAN - DIVIDEND;INF200KA1788;;12.9244;N.A.;N.A.;14-Mar-2017
128167;SBI DEBT FUND SERIES - 366 DAYS - 54 - REGULAR PLAN - DIVIDEND;INF200KA1804;;12.8266;N.A.;N.A.;14-Mar-2017
128168;SBI DEBT FUND SERIES - 366 DAYS - 54 - REGULAR PLAN - GROWTH;INF200KA1812;;12.8267;N.A.;N.A.;14-Mar-2017
128166;SBI DEBT FUND SERIES - 366 DAYS - 54- DIRECT PLAN - GROWTH;INF200KA1796;;12.9237;N.A.;N.A.;14-Mar-2017
118220;SBI DEBT FUND SERIES - 60 MONTHS - 2 - DIVIDEND;INF200K01QD6;;14.0421;N.A.;N.A.;14-Mar-2017
118221;SBI DEBT FUND SERIES - 60 MONTHS - 2 - GROWTH;INF200K01QC8;;14.0421;N.A.;N.A.;14-Mar-2017
120901;SBI DEBT FUND SERIES - 60 MONTHS - 3 - DIRECT PLAN - DIVIDEND;INF200K01QQ8;;14.2124;N.A.;N.A.;14-Mar-2017
120900;SBI DEBT FUND SERIES - 60 MONTHS - 3 - DIRECT PLAN - GROWTH;INF200K01QP0;;14.2124;N.A.;N.A.;14-Mar-2017
120899;SBI DEBT FUND SERIES - 60 MONTHS - 3 - REGULAR PLAN - DIVIDEND;INF200K01QF1;;13.9099;N.A.;N.A.;14-Mar-2017
120898;SBI DEBT FUND SERIES - 60 MONTHS - 3 - REGULAR PLAN - GROWTH;INF200K01QE4;;13.9099;N.A.;N.A.;14-Mar-2017
126581;SBI DEBT FUND SERIES A - 1 DIRECT - GROWTH;INF200KA1AY0;;12.9868;N.A.;N.A.;14-Mar-2017
126582;SBI DEBT FUND SERIES A - 1 DIRECT PLAN - DIVIDEND;INF200KA1AZ7;;12.9868;N.A.;N.A.;14-Mar-2017
126580;SBI DEBT FUND SERIES A - 1 REGULAR PLAN - GROWTH;INF200KA1AW4;;12.819;N.A.;N.A.;14-Mar-2017
126583;SBI DEBT FUND SERIES A - 1 REGULAR PLAN DIVIDEND;INF200KA1AX2;;12.8202;N.A.;N.A.;14-Mar-2017
128325;SBI DEBT FUND SERIES A - 10 DIRECT - GROWTH;INF200KA1BC4;;12.8381;N.A.;N.A.;14-Mar-2017
128326;SBI DEBT FUND SERIES A - 10 DIRECT PLAN - DIVIDEND;INF200KA1BD2;;12.8381;N.A.;N.A.;14-Mar-2017
128327;SBI DEBT FUND SERIES A - 10 REGULAR PLAN - DIVIDEND;INF200KA1BB6;;12.6677;N.A.;N.A.;14-Mar-2017
128328;SBI DEBT FUND SERIES A - 10 REGULAR PLAN - GROWTH;INF200KA1BA8;;12.668;N.A.;N.A.;14-Mar-2017
128389;SBI DEBT FUND SERIES A - 11 DIRECT PLAN - DIVIDEND;INF200KA1AF9;;N.A.;N.A.;N.A.;14-Mar-2017
128388;SBI DEBT FUND SERIES A - 11 DIRECT PLAN - GROWTH;INF200KA1AE2;;12.8316;N.A.;N.A.;14-Mar-2017
128391;SBI DEBT FUND SERIES A - 11 REGULAR PLAN - DIVIDEND;INF200KA1AD4;;N.A.;N.A.;N.A.;14-Mar-2017
128390;SBI DEBT FUND SERIES A - 11 REGULAR PLAN - GROWTH;INF200KA1AC6;;12.6398;N.A.;N.A.;14-Mar-2017
128672;SBI DEBT FUND SERIES A - 13 DIRECT PLAN - DIVIDEND;INF200KA1978;;N.A.;N.A.;N.A.;14-Mar-2017
128674;SBI DEBT FUND SERIES A - 13 DIRECT PLAN - GROWTH;INF200KA1960;;12.763;N.A.;N.A.;14-Mar-2017
128673;SBI DEBT FUND SERIES A - 13 REGULAR PLAN - DIVIDEND;INF200KA1952;;12.6527;N.A.;N.A.;14-Mar-2017
128671;SBI DEBT FUND SERIES A - 13 REGULAR PLAN - GROWTH;INF200KA1945;;12.6491;N.A.;N.A.;14-Mar-2017
128696;SBI DEBT FUND SERIES A - 14 DIRECT PLAN - DIVIDEND;INF200KA1AJ1;;N.A.;N.A.;N.A.;14-Mar-2017
128693;SBI DEBT FUND SERIES A - 14 DIRECT PLAN - GROWTH;INF200KA1AI3;;12.7764;N.A.;N.A.;14-Mar-2017
128694;SBI DEBT FUND SERIES A - 14 REGULAR PLAN - DIVIDEND;INF200KA1AH5;;12.5878;N.A.;N.A.;14-Mar-2017
128695;SBI DEBT FUND SERIES A - 14 REGULAR PLAN - GROWTH;INF200KA1AG7;;12.5878;N.A.;N.A.;14-Mar-2017
128701;SBI DEBT FUND SERIES A - 15 DIRECT PLAN - DIVIDEND;INF200K015D7;;12.8292;N.A.;N.A.;14-Mar-2017
128702;SBI DEBT FUND SERIES A - 15 DIRECT PLAN - GROWTH;INF200K014D0;;12.8292;N.A.;N.A.;14-Mar-2017
128703;SBI DEBT FUND SERIES A - 15 REGULAR PLAN - DIVIDEND;INF200K013D2;;12.6324;N.A.;N.A.;14-Mar-2017
128704;SBI DEBT FUND SERIES A - 15 REGULAR PLAN - GROWTH;INF200K012D4;;12.632;N.A.;N.A.;14-Mar-2017
128930;SBI DEBT FUND SERIES A - 16 DIRECT PLAN - DIVIDEND;INF200KA1AB8;;N.A.;N.A.;N.A.;14-Mar-2017
128931;SBI DEBT FUND SERIES A - 16 DIRECT PLAN - GROWTH;INF200KA1AA0;;12.6623;N.A.;N.A.;14-Mar-2017
128932;SBI DEBT FUND SERIES A - 16 REGULAR PLAN - DIVIDEND;INF200KA1994;;N.A.;N.A.;N.A.;14-Mar-2017
128933;SBI DEBT FUND SERIES A - 16 REGULAR PLAN - GROWTH;INF200KA1986;;12.6433;N.A.;N.A.;14-Mar-2017
129120;SBI DEBT FUND SERIES A - 17 DIRECT PLAN - DIVIDEND;INF200KA1AV6;;12.6768;N.A.;N.A.;14-Mar-2017
129117;SBI DEBT FUND SERIES A - 17 DIRECT PLAN - GROWTH;INF200KA1AU8;;12.6768;N.A.;N.A.;14-Mar-2017
129119;SBI DEBT FUND SERIES A - 17 REGULAR PLAN - DIVIDEND;INF200KA1AT0;;12.6438;N.A.;N.A.;14-Mar-2017
129118;SBI DEBT FUND SERIES A - 17 REGULAR PLAN - GROWTH;INF200KA1AS2;;12.6438;N.A.;N.A.;14-Mar-2017
129297;SBI DEBT FUND SERIES A - 18 DIRECT PLAN - DIVIDEND;INF200KA1BH3;;12.6716;N.A.;N.A.;14-Mar-2017
129299;SBI DEBT FUND SERIES A - 18 DIRECT PLAN - GROWTH;INF200KA1BG5;;12.6716;N.A.;N.A.;14-Mar-2017
129300;SBI DEBT FUND SERIES A - 18 REGULAR PLAN - DIVIDEND;INF200KA1BF7;;12.638;N.A.;N.A.;14-Mar-2017
129298;SBI DEBT FUND SERIES A - 18 REGULAR PLAN - GROWTH;INF200KA1BE0;;12.6379;N.A.;N.A.;14-Mar-2017
129366;SBI DEBT FUND SERIES A - 19 DIRECT PLAN - DIVIDEND;INF200KA1BP6;;N.A.;N.A.;N.A.;14-Mar-2017
129363;SBI DEBT FUND SERIES A - 19 DIRECT PLAN - GROWTH;INF200KA1BO9;;12.6932;N.A.;N.A.;14-Mar-2017
129364;SBI DEBT FUND SERIES A - 19 REGULAR PLAN - DIVIDEND;INF200KA1BN1;;12.6566;N.A.;N.A.;14-Mar-2017
129365;SBI DEBT FUND SERIES A - 19 REGULAR PLAN - GROWTH;INF200KA1BM3;;12.6565;N.A.;N.A.;14-Mar-2017
126912;SBI DEBT FUND SERIES A - 2 DIRECT - GROWTH;INF200KA1CI9;;12.9913;N.A.;N.A.;14-Mar-2017
126913;SBI DEBT FUND SERIES A - 2 DIRECT PLAN - DIVIDEND;INF200KA1CJ7;;N.A.;N.A.;N.A.;14-Mar-2017
126915;SBI DEBT FUND SERIES A - 2 REGULAR PLAN - DIVIDEND;INF200KA1CH1;;12.8388;N.A.;N.A.;14-Mar-2017
126914;SBI DEBT FUND SERIES A - 2 REGULAR PLAN - GROWTH;INF200KA1CG3;;12.8388;N.A.;N.A.;14-Mar-2017
129391;SBI DEBT FUND SERIES A - 20 DIRECT PLAN - DIVIDEND;INF200KA1BT8;;12.6942;N.A.;N.A.;14-Mar-2017
129392;SBI DEBT FUND SERIES A - 20 DIRECT PLAN - GROWTH;INF200KA1BS0;;12.6942;N.A.;N.A.;14-Mar-2017
129393;SBI DEBT FUND SERIES A - 20 REGULAR PLAN - DIVIDEND;INF200KA1BR2;;12.6581;N.A.;N.A.;14-Mar-2017
129394;SBI DEBT FUND SERIES A - 20 REGULAR PLAN - GROWTH;INF200KA1BQ4;;12.6576;N.A.;N.A.;14-Mar-2017
129442;SBI DEBT FUND SERIES A - 21 DIRECT PLAN - DIVIDEND;INF200KA1BX0;;N.A.;N.A.;N.A.;14-Mar-2017
129443;SBI DEBT FUND SERIES A - 21 DIRECT PLAN - GROWTH;INF200KA1BW2;;12.6588;N.A.;N.A.;14-Mar-2017
129445;SBI DEBT FUND SERIES A - 21 REGULAR PLAN - DIVIDEND;INF200KA1BV4;;12.6223;N.A.;N.A.;14-Mar-2017
129444;SBI DEBT FUND SERIES A - 21 REGULAR PLAN - GROWTH;INF200KA1BU6;;12.6224;N.A.;N.A.;14-Mar-2017
129658;SBI DEBT FUND SERIES A - 22 DIRECT PLAN - DIVIDEND;INF200KA1CV2;;12.677;N.A.;N.A.;14-Mar-2017
129661;SBI DEBT FUND SERIES A - 22 DIRECT PLAN - GROWTH;INF200KA1CU4;;12.677;N.A.;N.A.;14-Mar-2017
129659;SBI DEBT FUND SERIES A - 22 REGULAR PLAN - DIVIDEND;INF200KA1CT6;;12.6229;N.A.;N.A.;14-Mar-2017
129660;SBI DEBT FUND SERIES A - 22 REGULAR PLAN - GROWTH;INF200KA1CS8;;12.623;N.A.;N.A.;14-Mar-2017
129662;SBI DEBT FUND SERIES A - 23 DIRECT PLAN - DIVIDEND;INF200K011H7;;12.8264;N.A.;N.A.;14-Mar-2017
129663;SBI DEBT FUND SERIES A - 23 DIRECT PLAN - GROWTH;INF200K010H9;;12.8264;N.A.;N.A.;14-Mar-2017
129664;SBI DEBT FUND SERIES A - 23 REGULAR PLAN - DIVIDEND;INF200K019G2;;12.6999;N.A.;N.A.;14-Mar-2017
129665;SBI DEBT FUND SERIES A - 23 REGULAR PLAN - GROWTH;INF200K018G4;;12.6999;N.A.;N.A.;14-Mar-2017
129707;SBI DEBT FUND SERIES A - 24 DIRECT PLAN - DIVIDEND;INF200KA1DR8;;12.6731;N.A.;N.A.;14-Mar-2017
129708;SBI DEBT FUND SERIES A - 24 DIRECT PLAN - GROWTH;INF200KA1DQ0;;12.6729;N.A.;N.A.;14-Mar-2017
129709;SBI DEBT FUND SERIES A - 24 REGULAR PLAN - DIVIDEND;INF200KA1DP2;;12.6194;N.A.;N.A.;14-Mar-2017
129710;SBI DEBT FUND SERIES A - 24 REGULAR PLAN - GROWTH;INF200KA1DO5;;12.6191;N.A.;N.A.;14-Mar-2017
129845;SBI DEBT FUND SERIES A - 25 DIRECT PLAN - DIVIDEND;INF200KA1DV0;;N.A.;N.A.;N.A.;14-Mar-2017
129848;SBI DEBT FUND SERIES A - 25 DIRECT PLAN - GROWTH;INF200KA1DU2;;12.632;N.A.;N.A.;14-Mar-2017
129846;SBI DEBT FUND SERIES A - 25 REGULAR PLAN - DIVIDEND;INF200KA1DT4;;12.5898;N.A.;N.A.;14-Mar-2017
129847;SBI DEBT FUND SERIES A - 25 REGULAR PLAN - GROWTH;INF200KA1DS6;;12.5893;N.A.;N.A.;14-Mar-2017
129872;SBI DEBT FUND SERIES A - 26 (682 DAYS) DIRECT PLAN - DIVIDEND;INF200K013I1;;N.A.;N.A.;N.A.;14-Mar-2017
129869;SBI DEBT FUND SERIES A - 26 (682 DAYS) DIRECT PLAN - GROWTH;INF200K012I3;;12.5668;N.A.;N.A.;14-Mar-2017
129870;SBI DEBT FUND SERIES A - 26 (682 DAYS) REGULAR PLAN - DIVIDEND;INF200K011I5;;N.A.;N.A.;N.A.;14-Mar-2017
129871;SBI DEBT FUND SERIES A - 26 (682 DAYS) REGULAR PLAN - GROWTH;INF200K010I7;;12.4685;N.A.;N.A.;14-Mar-2017
129971;SBI DEBT FUND SERIES A - 27 (366 DAYS) DIRECT PLAN - DIVIDEND;INF200KA1EE4;;12.5827;N.A.;N.A.;14-Mar-2017
129972;SBI DEBT FUND SERIES A - 27 (366 DAYS) DIRECT PLAN - GROWTH;INF200KA1EF1;;12.5827;N.A.;N.A.;14-Mar-2017
129973;SBI DEBT FUND SERIES A - 27 (366 DAYS) REGULAR PLAN - DIVIDEND;INF200KA1EG9;;12.5437;N.A.;N.A.;14-Mar-2017
129974;SBI DEBT FUND SERIES A - 27 (366 DAYS) REGULAR PLAN - GROWTH;INF200KA1EH7;;12.544;N.A.;N.A.;14-Mar-2017
130027;SBI DEBT FUND SERIES A - 28 (367 DAYS) - DIRECT PLAN - DIVIDEND;INF200KA1EP0;;N.A.;N.A.;N.A.;14-Mar-2017
130026;SBI DEBT FUND SERIES A - 28 (367 DAYS) - DIRECT PLAN - GROWTH;INF200KA1EO3;;12.5659;N.A.;N.A.;14-Mar-2017
130028;SBI DEBT FUND SERIES A - 28 (367 DAYS) - REGULAR PLAN - DIVIDEND;INF200KA1EN5;;12.5276;N.A.;N.A.;14-Mar-2017
130025;SBI DEBT FUND SERIES A - 28 (367 DAYS) - REGULAR PLAN - GROWTH;INF200KA1EM7;;12.5277;N.A.;N.A.;14-Mar-2017
127111;SBI DEBT FUND SERIES A - 3 DIRECT - GROWTH;INF200KA1AQ6;;12.944;N.A.;N.A.;14-Mar-2017
127112;SBI DEBT FUND SERIES A - 3 DIRECT PLAN - DIVIDEND;INF200KA1AR4;;N.A.;N.A.;N.A.;14-Mar-2017
127113;SBI DEBT FUND SERIES A - 3 REGULAR PLAN - DIVIDEND;INF200KA1AP8;;12.8365;N.A.;N.A.;14-Mar-2017
127114;SBI DEBT FUND SERIES A - 3 REGULAR PLAN - GROWTH;INF200KA1AO1;;12.8367;N.A.;N.A.;14-Mar-2017
130236;SBI DEBT FUND SERIES A - 31 (367 DAYS) DIRECT PLAN - DIVIDEND;INF200KA1EX4;;N.A.;N.A.;N.A.;14-Mar-2017
130238;SBI DEBT FUND SERIES A - 31 (367 DAYS) DIRECT PLAN - GROWTH;INF200KA1EW6;;12.5118;N.A.;N.A.;14-Mar-2017
130235;SBI DEBT FUND SERIES A - 31 (367 DAYS) REGULAR PLAN - DIVIDEND;INF200KA1EV8;;N.A.;N.A.;N.A.;14-Mar-2017
130237;SBI DEBT FUND SERIES A - 31 (367 DAYS) REGULAR PLAN - GROWTH;INF200KA1EU0;;12.4776;N.A.;N.A.;14-Mar-2017
130282;SBI DEBT FUND SERIES A - 32 (367 DAYS) DIRECT PLAN - DIVIDEND;INF200KA1FB7;;12.4925;N.A.;N.A.;14-Mar-2017
130283;SBI DEBT FUND SERIES A - 32 (367 DAYS) DIRECT PLAN - GROWTH;INF200KA1FA9;;12.4925;N.A.;N.A.;14-Mar-2017
130284;SBI DEBT FUND SERIES A - 32 (367 DAYS) REGULAR PLAN - DIVIDEND;INF200KA1EZ9;;12.4583;N.A.;N.A.;14-Mar-2017
130281;SBI DEBT FUND SERIES A - 32 (367 DAYS) REGULAR PLAN - GROWTH;INF200KA1EY2;;12.4585;N.A.;N.A.;14-Mar-2017
130285;SBI DEBT FUND SERIES A - 33 (36 Months) DIRECT PLAN - DIVIDEND;INF200K015L0;;12.6497;N.A.;N.A.;14-Mar-2017
130286;SBI DEBT FUND SERIES A - 33 (36 Months) DIRECT PLAN - GROWTH;INF200K014L3;;12.6497;N.A.;N.A.;14-Mar-2017
130287;SBI DEBT FUND SERIES A - 33 (36 Months) REGULAR PLAN - DIVIDEND;INF200K013L5;;12.53;N.A.;N.A.;14-Mar-2017
130288;SBI DEBT FUND SERIES A - 33 (36 Months) REGULAR PLAN - GROWTH;INF200K012L7;;12.53;N.A.;N.A.;14-Mar-2017
130321;SBI DEBT FUND SERIES A - 34 (367 Days)  REGULAR PLAN - DIVIDEND;INF200KA1FD3;;N.A.;N.A.;N.A.;14-Mar-2017
130324;SBI DEBT FUND SERIES A - 34 (367 DAYS) DIRECT PLAN - DIVIDEND;INF200KA1FF8;;12.4812;N.A.;N.A.;14-Mar-2017
130322;SBI DEBT FUND SERIES A - 34 (367 DAYS) DIRECT PLAN - GROWTH;INF200KA1FE1;;12.4812;N.A.;N.A.;14-Mar-2017
130323;SBI DEBT FUND SERIES A - 34 (367 DAYS) REGULAR PLAN - GROWTH;INF200KA1FC5;;12.4473;N.A.;N.A.;14-Mar-2017
130444;SBI DEBT FUND SERIES A - 35 (369 DAYS) DIRECT PLAN - DIVIDEND;INF200KA1FN2;;N.A.;N.A.;N.A.;14-Mar-2017
130445;SBI DEBT FUND SERIES A - 35 (369 DAYS) DIRECT PLAN - GROWTH;INF200KA1FM4;;12.4973;N.A.;N.A.;14-Mar-2017
130443;SBI DEBT FUND SERIES A - 35 (369 Days) REGULAR PLAN - DIVIDEND;INF200KA1FL6;;12.4676;N.A.;N.A.;14-Mar-2017
130442;SBI DEBT FUND SERIES A - 35 (369 DAYS) REGULAR PLAN - GROWTH;INF200KA1FK8;;12.4636;N.A.;N.A.;14-Mar-2017
130599;SBI DEBT FUND SERIES A - 36 (36 Months) DIRECT PLAN - DIVIDEND;INF200K017M4;;12.6519;N.A.;N.A.;14-Mar-2017
130601;SBI DEBT FUND SERIES A - 36 (36 Months) DIRECT PLAN - GROWTH;INF200K016M6;;12.6519;N.A.;N.A.;14-Mar-2017
130600;SBI DEBT FUND SERIES A - 36 (36 Months) REGULAR PLAN - DIVIDEND;INF200K015M8;;12.5338;N.A.;N.A.;14-Mar-2017
130602;SBI DEBT FUND SERIES A - 36 (36 Months) REGULAR PLAN - GROWTH;INF200K014M1;;12.5338;N.A.;N.A.;14-Mar-2017
130830;SBI DEBT FUND SERIES A - 38 (1100 DAYS) DIRECT PLAN - DIVIDEND;INF200K019N8;;12.5896;N.A.;N.A.;14-Mar-2017
130831;SBI DEBT FUND SERIES A - 38 (1100 DAYS) DIRECT PLAN - GROWTH;INF200K018N0;;12.5897;N.A.;N.A.;14-Mar-2017
130832;SBI DEBT FUND SERIES A - 38 (1100 Days) REGULAR PLAN - DIVIDEND;INF200K017N2;;12.4748;N.A.;N.A.;14-Mar-2017
130833;SBI DEBT FUND SERIES A - 38 (1100 DAYS) REGULAR PLAN - GROWTH;INF200K016N4;;12.4748;N.A.;N.A.;14-Mar-2017
130984;SBI DEBT FUND SERIES A - 39 (1100 DAYS) - DIRECT PLAN - DIVIDEND;INF200K011P0;;12.6057;N.A.;N.A.;14-Mar-2017
130982;SBI DEBT FUND SERIES A - 39 (1100 DAYS) - REGULAR PLAN - DIVIDEND;INF200K019O6;;12.4922;N.A.;N.A.;14-Mar-2017
130981;SBI DEBT FUND SERIES A - 39 (1100 DAYS) - REGULAR PLAN - GROWTH;INF200K018O8;;12.492;N.A.;N.A.;14-Mar-2017
130983;SBI DEBT FUNDS SERIES A - 39 (1100 DAYS) - DIRECT PLAN - GROWTH;INF200K010P2;;12.6056;N.A.;N.A.;14-Mar-2017
127337;SBI DEBT FUND SERIES A - 4 DIRECT - GROWTH;INF200K01Z04;;13.0088;N.A.;N.A.;14-Mar-2017
127340;SBI DEBT FUND SERIES A - 4 DIRECT PLAN - DIVIDEND;INF200K01Z12;;13.2382;N.A.;N.A.;14-Mar-2017
127338;SBI DEBT FUND SERIES A - 4 REGULAR PLAN - DIVIDEND;INF200K01Y96;;12.8702;N.A.;N.A.;14-Mar-2017
127339;SBI DEBT FUND SERIES A - 4 REGULAR PLAN - GROWTH;INF200K01Y88;;12.8593;N.A.;N.A.;14-Mar-2017
131129;SBI DEBT FUND SERIES A - 40 (1100 DAYS) - DIRECT PLAN - DIVIDEND;INF200K017Q5;;N.A.;N.A.;N.A.;14-Mar-2017
131128;SBI DEBT FUND SERIES A - 40 (1100 DAYS) - DIRECT PLAN - GROWTH;INF200K016Q7;;12.5566;N.A.;N.A.;14-Mar-2017
131127;SBI DEBT FUND SERIES A - 40 (1100 DAYS) - REGULAR PLAN - DIVIDEND;INF200K015Q9;;12.4473;N.A.;N.A.;14-Mar-2017
131130;SBI DEBT FUND SERIES A - 40 (1100 DAYS) - REGULAR PLAN - GROWTH;INF200K014Q2;;12.4452;N.A.;N.A.;14-Mar-2017
131275;SBI DEBT FUND SERIES A - 42 (1111 DAYS) - DIRECT PLAN - DIVIDEND;INF200K019R9;;N.A.;N.A.;N.A.;14-Mar-2017
131276;SBI DEBT FUND SERIES A - 42 (1111 DAYS) - DIRECT PLAN - GROWTH;INF200K018R1;;12.586;N.A.;N.A.;14-Mar-2017
131274;SBI DEBT FUND SERIES A - 42 (1111 DAYS) - REGULAR PLAN - DIVIDEND;INF200K017R3;;12.4759;N.A.;N.A.;14-Mar-2017
131273;SBI DEBT FUND SERIES A - 42 (1111 DAYS) - REGULAR PLAN - GROWTH;INF200K016R5;;12.4759;N.A.;N.A.;14-Mar-2017
131403;SBI DEBT FUND SERIES A - 43 (1111 DAYS) - DIRECT PLAN - DIVIDEND;INF200K011T2;;12.4934;N.A.;N.A.;14-Mar-2017
131401;SBI DEBT FUND SERIES A - 43 (1111 DAYS) - DIRECT PLAN - GROWTH;INF200K010T4;;12.4935;N.A.;N.A.;14-Mar-2017
131400;SBI DEBT FUND SERIES A - 43 (1111 DAYS) - REGULAR PLAN - DIVIDEND;INF200K019S7;;12.3861;N.A.;N.A.;14-Mar-2017
131402;SBI DEBT FUND SERIES A - 43 (1111 DAYS) - REGULAR PLAN - GROWTH;INF200K018S9;;12.3861;N.A.;N.A.;14-Mar-2017
131468;SBI DEBT FUND SERIES A - 44 (1111 DAYS) - DIRECT PLAN - DIVIDEND;INF200K014U4;;12.4014;N.A.;N.A.;14-Mar-2017
131469;SBI DEBT FUND SERIES A - 44 (1111 DAYS) - DIRECT PLAN - GROWTH;INF200K013U6;;12.4014;N.A.;N.A.;14-Mar-2017
131467;SBI DEBT FUND SERIES A - 44 (1111 DAYS) - REGULAR PLAN - DIVIDEND;INF200K012U8;;12.2963;N.A.;N.A.;14-Mar-2017
131466;SBI DEBT FUND SERIES A - 44 (1111 DAYS) - REGULAR PLAN - GROWTH;INF200K011U0;;12.2963;N.A.;N.A.;14-Mar-2017
127516;SBI DEBT FUND SERIES A - 5 DIRECT - GROWTH;INF200KA1AM5;;12.937;N.A.;N.A.;14-Mar-2017
127517;SBI DEBT FUND SERIES A - 5 DIRECT PLAN - DIVIDEND;INF200KA1AN3;;N.A.;N.A.;N.A.;14-Mar-2017
127514;SBI DEBT FUND SERIES A - 5 REGULAR PLAN - DIVIDEND;INF200KA1AL7;;12.8463;N.A.;N.A.;14-Mar-2017
127515;SBI DEBT FUND SERIES A - 5 REGULAR PLAN - GROWTH;INF200KA1AK9;;12.8463;N.A.;N.A.;14-Mar-2017
128158;SBI DEBT FUND SERIES A - 6 DIRECT - GROWTH;INF200K01Z87;;13.0027;N.A.;N.A.;14-Mar-2017
128159;SBI DEBT FUND SERIES A - 6 DIRECT PLAN - DIVIDEND;INF200K01Z95;;N.A.;N.A.;N.A.;14-Mar-2017
128160;SBI DEBT FUND SERIES A - 6 REGULAR PLAN - DIVIDEND;INF200K01Z79;;12.8075;N.A.;N.A.;14-Mar-2017
128157;SBI DEBT FUND SERIES A - 6 REGULAR PLAN - GROWTH;INF200K01Z61;;12.8079;N.A.;N.A.;14-Mar-2017
128161;SBI DEBT FUND SERIES A - 7 DIRECT - GROWTH;INF200K012A0;;13.0655;N.A.;N.A.;14-Mar-2017
128162;SBI DEBT FUND SERIES A - 7 DIRECT PLAN - DIVIDEND;INF200K013A8;;13.0655;N.A.;N.A.;14-Mar-2017
128163;SBI DEBT FUND SERIES A - 7 REGULAR PLAN - DIVIDEND;INF200K011A2;;12.8937;N.A.;N.A.;14-Mar-2017
128164;SBI DEBT FUND SERIES A - 7 REGULAR PLAN - GROWTH;INF200K010A4;;12.8937;N.A.;N.A.;14-Mar-2017
128321;SBI DEBT FUND SERIES A - 9 DIRECT - GROWTH;INF200KA1713;;12.927;N.A.;N.A.;14-Mar-2017
128322;SBI DEBT FUND SERIES A - 9 DIRECT PLAN - DIVIDEND;INF200KA1721;;N.A.;N.A.;N.A.;14-Mar-2017
128324;SBI DEBT FUND SERIES A - 9 REGULAR PLAN - DIVIDEND;INF200KA1739;;N.A.;N.A.;N.A.;14-Mar-2017
128323;SBI DEBT FUND SERIES A - 9 REGULAR PLAN - GROWTH;INF200KA1705;;12.8264;N.A.;N.A.;14-Mar-2017
131594;SBI DEBT FUND SERIES B - 1 (1111 DAYS) - DIRECT PLAN - DIVIDEND;INF200K018U5;;12.4107;N.A.;N.A.;14-Mar-2017
131596;SBI DEBT FUND SERIES B - 1 (1111 DAYS) - DIRECT PLAN - GROWTH;INF200K017U7;;12.4107;N.A.;N.A.;14-Mar-2017
131597;SBI DEBT FUND SERIES B - 1 (1111 DAYS) - REGULAR PLAN - DIVIDEND;INF200K016U9;;12.3095;N.A.;N.A.;14-Mar-2017
131595;SBI DEBT FUND SERIES B - 1 (1111 DAYS) - REGULAR PLAN - GROWTH;INF200K015U1;;12.3095;N.A.;N.A.;14-Mar-2017
134626;SBI Debt Fund Series B - 16 (1100 Days) - Direct Plan - Dividend;INF200KA1CN9;;11.6843;N.A.;N.A.;14-Mar-2017
134623;SBI Debt Fund Series B - 16 (1100 Days) - Regular Plan - Growth;INF200KA1CK5;;11.6114;N.A.;N.A.;14-Mar-2017
134624;SBI Debt Fund Series B -16 (1100 Days) - Direct Plan - Growth;INF200KA1CM1;;11.6843;N.A.;N.A.;14-Mar-2017
134625;SBI Debt Fund Series B -16 (1100 Days) - Regular Plan - Dividend;INF200KA1CL3;;11.6114;N.A.;N.A.;14-Mar-2017
134671;SBI DEBT FUND SERIES B - 17 (1100 DAYS) - DIRECT PLAN - DIVIDEND;INF200KA1CZ3;;11.6631;N.A.;N.A.;14-Mar-2017
134670;SBI DEBT FUND SERIES B - 17 (1100 DAYS) - DIRECT PLAN - GROWTH;INF200KA1CY6;;11.6634;N.A.;N.A.;14-Mar-2017
134669;SBI DEBT FUND SERIES B - 17 (1100 DAYS) - REGULAR PLAN - DIVIDEND;INF200KA1CX8;;11.5914;N.A.;N.A.;14-Mar-2017
134672;SBI DEBT FUND SERIES B - 17 (1100 DAYS) - REGULAR PLAN - GROWTH;INF200KA1CW0;;11.5914;N.A.;N.A.;14-Mar-2017
134688;SBI DEBT FUND SERIES B - 18 (1100 DAYS) - DIRECT PLAN - DIVIDEND;INF200KA1ED6;;11.6473;N.A.;N.A.;14-Mar-2017
134689;SBI DEBT FUND SERIES B - 18 (1100 DAYS) - DIRECT PLAN - GROWTH;INF200KA1EC8;;11.6476;N.A.;N.A.;14-Mar-2017
134687;SBI DEBT FUND SERIES B - 18 (1100 DAYS) - REGULAR PLAN - DIVIDEND;INF200KA1EB0;;11.5764;N.A.;N.A.;14-Mar-2017
134690;SBI DEBT FUND SERIES B - 18 (1100 DAYS) - REGULAR PLAN - GROWTH;INF200KA1EA2;;11.5764;N.A.;N.A.;14-Mar-2017
134771;SBI DEBT FUND SERIES B - 19 (1100 Days) - DIRECT PLAN - DIVIDEND;INF200KA1EI5;;11.6418;N.A.;N.A.;14-Mar-2017
134770;SBI DEBT FUND SERIES B - 19 (1100 Days) - DIRECT PLAN - GROWTH;INF200KA1EJ3;;11.6419;N.A.;N.A.;14-Mar-2017
134769;SBI DEBT FUND SERIES B - 19 (1100 Days) - REGULAR PLAN - DIVIDEND;INF200KA1EK1;;11.5722;N.A.;N.A.;14-Mar-2017
134768;SBI DEBT FUND SERIES B - 19 (1100 Days) - REGULAR PLAN - GROWTH;INF200KA1EL9;;11.5722;N.A.;N.A.;14-Mar-2017
132858;SBI DEBT FUND SERIES B - 2 (1111 DAYS) - DIRECT PLAN - DIVIDEND;INF200K010W8;;12.2624;N.A.;N.A.;14-Mar-2017
132856;SBI DEBT FUND SERIES B - 2 (1111 DAYS) - DIRECT PLAN - GROWTH;INF200K013W2;;12.2624;N.A.;N.A.;14-Mar-2017
132855;SBI DEBT FUND SERIES B - 2 (1111 DAYS) - REGULAR PLAN - DIVIDEND;INF200K012W4;;12.1639;N.A.;N.A.;14-Mar-2017
132857;SBI DEBT FUND SERIES B - 2 (1111 DAYS) - REGULAR PLAN - GROWTH;INF200K011W6;;12.1639;N.A.;N.A.;14-Mar-2017
134810;SBI DEBT FUND SERIES B - 20 (1100 DAYS) - DIRECT PLAN - DIVIDEND;INF200KA1ET2;;11.6281;N.A.;N.A.;14-Mar-2017
134809;SBI DEBT FUND SERIES B - 20 (1100 DAYS) - DIRECT PLAN - GROWTH;INF200KA1ES4;;11.6281;N.A.;N.A.;14-Mar-2017
134811;SBI DEBT FUND SERIES B - 20 (1100 DAYS) - REGULAR PLAN - DIVIDEND;INF200KA1ER6;;11.5593;N.A.;N.A.;14-Mar-2017
134808;SBI DEBT FUND SERIES B - 20 (1100 DAYS) - REGULAR PLAN - GROWTH;INF200KA1EQ8;;11.5593;N.A.;N.A.;14-Mar-2017
135065;SBI DEBT FUND SERIES B - 22 (1100 DAYS) - DIRECT PLAN - DIVIDEND;INF200KA1FR3;;11.5307;N.A.;N.A.;14-Mar-2017
135063;SBI DEBT FUND SERIES B - 22 (1100 DAYS) - DIRECT PLAN - GROWTH;INF200KA1FQ5;;11.5307;N.A.;N.A.;14-Mar-2017
135062;SBI DEBT FUND SERIES B - 22 (1100 DAYS) - REGULAR PLAN - DIVIDEND;INF200KA1FP7;;11.4657;N.A.;N.A.;14-Mar-2017
135064;SBI DEBT FUND SERIES B - 22 (1100 DAYS) - REGULAR PLAN - GROWTH;INF200KA1FO0;;11.4657;N.A.;N.A.;14-Mar-2017
135104;SBI DEBT FUND SERIES B - 23 (1100 DAYS) - DIRECT PLAN - GROWTH;INF200KA1FV5;;11.4935;N.A.;N.A.;14-Mar-2017
135103;SBI DEBT FUND SERIES B - 23 (1100 DAYS) - DIRECT PLAN -DIVIDEND;INF200KA1FW3;;11.4956;N.A.;N.A.;14-Mar-2017
135102;SBI DEBT FUND SERIES B - 23 (1100 DAYS) - REGULAR PLAN - DIVIDEND;INF200KA1FU7;;11.4313;N.A.;N.A.;14-Mar-2017
135105;SBI DEBT FUND SERIES B - 23 (1100 DAYS) - REGULAR PLAN - GROWTH;INF200KA1FT9;;11.4313;N.A.;N.A.;14-Mar-2017
135326;SBI DEBT FUND SERIES B - 25 (1100 DAYS) - DIRECT PLAN - DIVIDEND;INF200KA1GI0;;11.4236;N.A.;N.A.;14-Mar-2017
135324;SBI DEBT FUND SERIES B - 25 (1100 DAYS) - DIRECT PLAN - GROWTH;INF200KA1GH2;;11.4235;N.A.;N.A.;14-Mar-2017
135327;SBI DEBT FUND SERIES B - 25 (1100 DAYS) - REGULAR PLAN - DIVIDEND;INF200KA1GG4;;11.3636;N.A.;N.A.;14-Mar-2017
135325;SBI DEBT FUND SERIES B - 25 (1100 DAYS) - REGULAR PLAN - GROWTH;INF200KA1GF6;;11.3636;N.A.;N.A.;14-Mar-2017
135565;SBI DEBT FUND SERIES B - 26 (1100 DAYS) - DIRECT PLAN - DIVIDEND;INF200KA1GU5;;11.2317;N.A.;N.A.;14-Mar-2017
135564;SBI DEBT FUND SERIES B - 26 (1100 DAYS) - DIRECT PLAN - GROWTH;INF200KA1GT7;;11.2317;N.A.;N.A.;14-Mar-2017
135563;SBI DEBT FUND SERIES B - 26 (1100 DAYS) - REGULAR PLAN - DIVIDEND;INF200KA1GS9;;11.1783;N.A.;N.A.;14-Mar-2017
135566;SBI DEBT FUND SERIES B - 26 (1100 DAYS) - REGULAR PLAN - GROWTH;INF200KA1GR1;;11.1783;N.A.;N.A.;14-Mar-2017
135708;SBI DEBT FUND SERIES B - 27 (1100 DAYS) - DIRECT PLAN - DIVIDEND;INF200KA1GY7;;11.1696;N.A.;N.A.;14-Mar-2017
135710;SBI DEBT FUND SERIES B - 27 (1100 DAYS) - DIRECT PLAN - GROWTH;INF200KA1GX9;;11.1696;N.A.;N.A.;14-Mar-2017
135707;SBI DEBT FUND SERIES B - 27 (1100 DAYS) - REGULAR PLAN - DIVIDEND;INF200KA1GW1;;11.1194;N.A.;N.A.;14-Mar-2017
135709;SBI DEBT FUND SERIES B - 27 (1100 DAYS) - REGULAR PLAN - GROWTH;INF200KA1GV3;;11.1194;N.A.;N.A.;14-Mar-2017
135788;SBI DEBT FUND SERIES B - 28 (1100 DAYS) - DIRECT PLAN - DIVIDEND;INF200KA1HG2;;11.1456;N.A.;N.A.;14-Mar-2017
135786;SBI DEBT FUND SERIES B - 28 (1100 DAYS) - DIRECT PLAN - GROWTH;INF200KA1HF4;;11.1461;N.A.;N.A.;14-Mar-2017
135785;SBI DEBT FUND SERIES B - 28 (1100 DAYS) - REGULAR PLAN - DIVIDEND;INF200KA1HE7;;11.097;N.A.;N.A.;14-Mar-2017
135787;SBI DEBT FUND SERIES B - 28 (1100 DAYS) - REGULAR PLAN - GROWTH;INF200KA1HD9;;11.0971;N.A.;N.A.;14-Mar-2017
135904;SBI DEBT FUND SERIES B - 29 (1200 DAYS) - DIRECT PLAN - DIVIDEND;INF200KA1HK4;;11.1477;N.A.;N.A.;14-Mar-2017
135905;SBI DEBT FUND SERIES B - 29 (1200 DAYS) - DIRECT PLAN - GROWTH;INF200KA1HJ6;;11.1478;N.A.;N.A.;14-Mar-2017
135903;SBI DEBT FUND SERIES B - 29 (1200 DAYS) - REGULAR PLAN - DIVIDEND;INF200KA1HI8;;11.1013;N.A.;N.A.;14-Mar-2017
135902;SBI DEBT FUND SERIES B - 29 (1200 DAYS) - REGULAR PLAN - GROWTH;INF200KA1HH0;;11.1013;N.A.;N.A.;14-Mar-2017
132991;SBI DEBT FUND SERIES B - 3 (1111 DAYS) - DIRECT PLAN - DIVIDEND;INF200K013Y8;;12.2136;N.A.;N.A.;14-Mar-2017
132994;SBI DEBT FUND SERIES B - 3 (1111 DAYS) - DIRECT PLAN - GROWTH;INF200K012Y0;;12.2136;N.A.;N.A.;14-Mar-2017
132993;SBI DEBT FUND SERIES B - 3 (1111 DAYS) - REGULAR PLAN - DIVIDEND;INF200K011Y2;;12.1168;N.A.;N.A.;14-Mar-2017
132992;SBI DEBT FUND SERIES B - 3 (1111 DAYS) - REGULAR PLAN - GROWTH;INF200K010Y4;;12.1168;N.A.;N.A.;14-Mar-2017
136143;SBI DEBT FUND SERIES B - 31 (1200 DAYS) - DIRECT PLAN - DIVIDEND;INF200KA1HW9;;11.0495;N.A.;N.A.;14-Mar-2017
136142;SBI DEBT FUND SERIES B - 31 (1200 DAYS) - DIRECT PLAN - GROWTH;INF200KA1HV1;;11.0494;N.A.;N.A.;14-Mar-2017
136144;SBI DEBT FUND SERIES B - 31 (1200 DAYS) - REGULAR PLAN - DIVIDEND;INF200KA1HU3;;11.0083;N.A.;N.A.;14-Mar-2017
136141;SBI DEBT FUND SERIES B - 31 (1200 DAYS) - REGULAR PLAN - GROWTH;INF200KA1HT5;;11.0083;N.A.;N.A.;14-Mar-2017
136431;SBI DEBT FUND SERIES B - 33 (1131 DAYS) - DIRECT PLAN - DIVIDEND PAYOUT;INF200KA1II6;;10.9953;N.A.;N.A.;14-Mar-2017
136432;SBI DEBT FUND SERIES B - 33 (1131 DAYS) - DIRECT PLAN - GROWTH;INF200KA1IH8;;10.9946;N.A.;N.A.;14-Mar-2017
136434;SBI DEBT FUND SERIES B - 33 (1131 DAYS) - REGULAR PLAN - DIVIDEND PAYOUT;INF200KA1IG0;;10.9559;N.A.;N.A.;14-Mar-2017
136433;SBI DEBT FUND SERIES B - 33 (1131 DAYS) - REGULAR PLAN - GROWTH;INF200KA1IF2;;10.9559;N.A.;N.A.;14-Mar-2017
136477;SBI DEBT FUND SERIES B - 34 (1131 DAYS) - DIRECT PLAN - DIVIDEND PAYOUT;INF200KA1IM8;;10.963;N.A.;N.A.;14-Mar-2017
136476;SBI DEBT FUND SERIES B - 34 (1131 DAYS) - DIRECT PLAN - GROWTH;INF200KA1IL0;;10.9623;N.A.;N.A.;14-Mar-2017
136475;SBI DEBT FUND SERIES B - 34 (1131 DAYS) - REGULAR PLAN - DIVIDEND PAYOUT;INF200KA1IK2;;10.9246;N.A.;N.A.;14-Mar-2017
136474;SBI DEBT FUND SERIES B - 34 (1131 DAYS) - REGULAR PLAN - GROWTH;INF200KA1IJ4;;10.9246;N.A.;N.A.;14-Mar-2017
136547;SBI DEBT FUND SERIES B - 35 (1131 DAYS) - DIRECT PLAN - DIVIDEND PAYOUT;INF200KA1IQ9;;10.9332;N.A.;N.A.;14-Mar-2017
136548;SBI DEBT FUND SERIES B - 35 (1131 DAYS) - DIRECT PLAN - GROWTH;INF200KA1IP1;;10.9334;N.A.;N.A.;14-Mar-2017
136546;SBI DEBT FUND SERIES B - 35 (1131 DAYS) - REGULAR PLAN - DIVIDEND PAYOUT;INF200KA1IO4;;10.8966;N.A.;N.A.;14-Mar-2017
136545;SBI DEBT FUND SERIES B - 35 (1131 DAYS) - REGULAR PLAN - GROWTH;INF200KA1IN6;;10.8964;N.A.;N.A.;14-Mar-2017
139226;SBI DEBT FUND SERIES B - 36 (1131 DAYS) - DIRECT PLAN - DIVIDEND PAYOUT;INF200KA1IY3;;10.8689;N.A.;N.A.;14-Mar-2017
139227;SBI DEBT FUND SERIES B - 36 (1131 DAYS) - DIRECT PLAN - GROWTH;INF200KA1IX5;;10.869;N.A.;N.A.;14-Mar-2017
139225;SBI DEBT FUND SERIES B - 36 (1131 DAYS) - REGULAR PLAN - DIVIDEND PAYOUT;INF200KA1IW7;;10.8336;N.A.;N.A.;14-Mar-2017
139228;SBI DEBT FUND SERIES B- 36 (1131 DAYS) - REGULAR PLAN - GROWTH;INF200KA1IV9;;10.8336;N.A.;N.A.;14-Mar-2017
133196;SBI DEBT FUND SERIES B - 4 (1111 DAYS) - DIRECT PLAN - DIVIDEND;INF200K019Z2;;12.1353;N.A.;N.A.;14-Mar-2017
133198;SBI DEBT FUND SERIES B - 4 (1111 DAYS) - DIRECT PLAN - GROWTH;INF200K018Z4;;12.1353;N.A.;N.A.;14-Mar-2017
133197;SBI DEBT FUND SERIES B - 4 (1111 DAYS) - REGULAR PLAN - DIVIDEND;INF200K017Z6;;12.0416;N.A.;N.A.;14-Mar-2017
133195;SBI DEBT FUND SERIES B - 4 (1111 DAYS) - REGULAR PLAN - GROWTH;INF200K016Z8;;12.0416;N.A.;N.A.;14-Mar-2017
139403;SBI DEBT FUND SERIES B - 41(1100 DAYS)- DIRECT PLAN - DIVIDEND PAYOUT;INF200KA1JS3;;10.7053;N.A.;N.A.;14-Mar-2017
139406;SBI DEBT FUND SERIES B - 41(1100 DAYS)- DIRECT PLAN - GROWTH;INF200KA1JR5;;10.7052;N.A.;N.A.;14-Mar-2017
139405;SBI DEBT FUND SERIES B - 41(1100 DAYS)- REGULAR PALN - GROWTH;INF200KA1JP9;;10.6772;N.A.;N.A.;14-Mar-2017
139404;SBI DEBT FUND SERIES B - 41(1100 DAYS)- REGULAR PLAN - DIVIDEND PAYOUT;INF200KA1JQ7;;10.6772;N.A.;N.A.;14-Mar-2017
139565;SBI DEBT FUNDS SERIES B - 42 (1100 DAYS) - DIRECT PLAN - DIVIDEND PAYOUT;INF200KA1KB7;;10.5557;N.A.;N.A.;14-Mar-2017
139567;SBI DEBT FUNDS SERIES B - 42 (1100 DAYS) - DIRECT PLAN - GROWTH;INF200KA1KA9;;10.5557;N.A.;N.A.;14-Mar-2017
139564;SBI DEBT FUNDS SERIES B - 42 (1100 DAYS) - REGULAR PLAN - DIVIDEND PAYOUT;INF200KA1JZ8;;10.5318;N.A.;N.A.;14-Mar-2017
139566;SBI DEBT FUNDS SERIES B - 42 (1100 DAYS) - REGULAR PLAN - GROWTH;INF200KA1JY1;;10.5318;N.A.;N.A.;14-Mar-2017
139790;SBI DEBT FUND SERIES B - 43(1100 DAYS)- DIRECT PLAN - DIVIDEND PAYOUT;INF200KA1KR3;;10.4021;N.A.;N.A.;14-Mar-2017
139791;SBI DEBT FUND SERIES B - 43(1100 DAYS)- DIRECT PLAN - GROWTH;INF200KA1KQ5;;10.4021;N.A.;N.A.;14-Mar-2017
139789;SBI DEBT FUND SERIES B - 43(1100 DAYS)- REGULAR PLAN - GROWTH;INF200KA1KO0;;10.383;N.A.;N.A.;14-Mar-2017
139788;SBI DEBT FUND SERIES B - 43(1100 DAYS)-REGULAR PLAN - DIVIDEND PAYOUT;INF200KA1KP7;;10.383;N.A.;N.A.;14-Mar-2017
140012;SBI Debt Fund Series B - 44 (1100 Days) - Direct Plan - Dividend;INF200KA1LD1;;10.2582;N.A.;N.A.;14-Mar-2017
140011;SBI Debt Fund Series B - 44 (1100 Days) - Direct plan - Growth;INF200KA1LC3;;10.2582;N.A.;N.A.;14-Mar-2017
140014;SBI Debt Fund Series B - 44 (1100 Days) - Regular Plan - Dividend;INF200KA1LB5;;10.2435;N.A.;N.A.;14-Mar-2017
140013;SBI Debt Fund Series B - 44 (1100 Days) - Regular Plan - Growth;INF200KA1LA7;;10.2435;N.A.;N.A.;14-Mar-2017
140736;SBI DEBT FUND SERIES B - 46 (1155 DAYS) - DIRECT PLAN - DIVIDEND PAYOUT;INF200KA1MB3;;9.9993;N.A.;N.A.;14-Mar-2017
140735;SBI DEBT FUND SERIES B - 46 (1155 DAYS) - DIRECT PLAN - GROWTH;INF200KA1MA5;;9.9993;N.A.;N.A.;14-Mar-2017
140734;SBI DEBT FUND SERIES B - 46 (1155 DAYS) - REGULAR PLAN - DIVIDEND PAYOUT;INF200KA1LZ4;;9.9979;N.A.;N.A.;14-Mar-2017
140733;SBI DEBT FUND SERIES B - 46 (1155 DAYS) - REGULAR PLAN - GROWTH;INF200KA1LY7;;9.9979;N.A.;N.A.;14-Mar-2017
133333;SBI DEBT FUND SERIES B - 6 (1111 DAYS) - DIRECT PLAN - DIVIDEND;INF200KA1267;;12.0628;N.A.;N.A.;14-Mar-2017
133332;SBI DEBT FUND SERIES B - 6 (1111 DAYS) - DIRECT PLAN - GROWTH;INF200KA1259;;12.0628;N.A.;N.A.;14-Mar-2017
133331;SBI DEBT FUND SERIES B - 6 (1111 DAYS) - REGULAR PLAN - DIVIDEND;INF200KA1242;;11.9701;N.A.;N.A.;14-Mar-2017
133330;SBI DEBT FUND SERIES B - 6 (1111 DAYS) - REGULAR PLAN - GROWTH;INF200KA1234;;11.9701;N.A.;N.A.;14-Mar-2017
133853;SBI DEBT FUND SERIES B - 7 (38 MONTHS) - DIRECT PLAN - DIVIDEND;INF200KA1465;;N.A.;N.A.;N.A.;14-Mar-2017
133856;SBI DEBT FUND SERIES B - 7 (38 MONTHS) - DIRECT PLAN - GROWTH;INF200KA1457;;11.8525;N.A.;N.A.;14-Mar-2017
133854;SBI DEBT FUND SERIES B - 7 (38 MONTHS) - REGUALR PLAN - DIVIDEND;INF200KA1440;;11.7697;N.A.;N.A.;14-Mar-2017
133855;SBI DEBT FUNS SERIES B - 7 (38 MONTHS) - REGULAR PLAN - GROWTH;INF200KA1432;;11.7706;N.A.;N.A.;14-Mar-2017
134316;SBI DEBT FUND SERIES B - 8 (1105 DAYS) - DIRECT PLAN - DIVIDEND;INF200KA1895;;11.8377;N.A.;N.A.;14-Mar-2017
134313;SBI DEBT FUND SERIES B - 8 (1105 DAYS) - DIRECT PLAN - GROWTH;INF200KA1887;;11.8382;N.A.;N.A.;14-Mar-2017
134314;SBI DEBT FUND SERIES B - 8 (1105 DAYS) - REGULAR PLAN - DIVIDEND;INF200KA1879;;11.7592;N.A.;N.A.;14-Mar-2017
134315;SBI DEBT FUND SERIES B - 8 (1105 DAYS) - REGULAR PLAN - GROWTH;INF200KA1861;;11.7592;N.A.;N.A.;14-Mar-2017
134319;SBI DEBT FUND SERIES B - 9 (1105 DAYS) - DIRECT PLAN - DIVIDEND;INF200KA1937;;11.7814;N.A.;N.A.;14-Mar-2017
134320;SBI DEBT FUND SERIES B - 9 (1105 DAYS) - DIRECT PLAN - GROWTH;INF200KA1929;;11.7819;N.A.;N.A.;14-Mar-2017
134318;SBI DEBT FUND SERIES B - 9 (1105 DAYS) - REGULAR PLAN - DIVIDEND;INF200KA1911;;11.7038;N.A.;N.A.;14-Mar-2017
134317;SBI DEBT FUND SERIES B - 9 (1105 DAYS) - REGULAR PLAN - GROWTH;INF200KA1903;;11.7038;N.A.;N.A.;14-Mar-2017
129423;SBI Dual Advantage Fund Series - II Direct Plan - Dividend;INF200K015F2;;12.5163;N.A.;N.A.;14-Mar-2017
129421;SBI Dual Advantage Fund Series - II Direct Plan - Growth;INF200K014F5;;12.5168;N.A.;N.A.;14-Mar-2017
129422;SBI Dual Advantage Fund Series - II Regular Plan - Dividend;INF200K013F7;;12.4757;N.A.;N.A.;14-Mar-2017
129424;SBI Dual Advantage Fund Series - II Regular Plan - Growth;INF200K012F9;;12.4757;N.A.;N.A.;14-Mar-2017
130023;SBI Dual Advantage Fund - Series III - Direct Plan - Dividend;INF200K015J4;;12.2087;N.A.;N.A.;14-Mar-2017
130024;SBI Dual Advantage Fund - Series III - Direct Plan - Growth;INF200K014J7;;12.2087;N.A.;N.A.;14-Mar-2017
130022;SBI Dual Advantage Fund - Series III - Regular Plan - Dividend;INF200K013J9;;12.1741;N.A.;N.A.;14-Mar-2017
130021;SBI Dual Advantage Fund - Series III - Regular Plan - Growth;INF200K012J1;;12.1741;N.A.;N.A.;14-Mar-2017
131132;SBI DUAL ADVANTAGE FUND - SERIES IV - DIRECT PLAN - DIVIDEND;INF200K013Q4;;12.1685;N.A.;N.A.;14-Mar-2017
131131;SBI DUAL ADVANTAGE FUND - SERIES IV - DIRECT PLAN - GROWTH;INF200K012Q6;;12.174;N.A.;N.A.;14-Mar-2017
131134;SBI DUAL ADVANTAGE FUND - SERIES IV - REGULAR PLAN - DIVIDEND;INF200K011Q8;;12.1533;N.A.;N.A.;14-Mar-2017
131133;SBI DUAL ADVANTAGE FUND - SERIES IV - REGULAR PLAN - GROWTH;INF200K010Q0;;12.1531;N.A.;N.A.;14-Mar-2017
134613;SBI DUAL ADVANTAGE FUND - SERIES IX - DIRECT PLAN - DIVIDEND;INF200KA1CB4;;11.47;N.A.;N.A.;14-Mar-2017
134614;SBI DUAL ADVANTAGE FUND - SERIES IX - DIRECT PLAN - GROWTH;INF200KA1CA6;;11.47;N.A.;N.A.;14-Mar-2017
134612;SBI DUAL ADVANTAGE FUND - SERIES IX - REGULAR PLAN - DIVIDEND;INF200KA1BZ5;;11.2211;N.A.;N.A.;14-Mar-2017
134611;SBI DUAL ADVANTAGE FUND - SERIES IX - REGULAR PLAN - GROWTH;INF200KA1BY8;;11.2211;N.A.;N.A.;14-Mar-2017
132920;SBI DUAL ADVANTAGE FUND - SERIES V - DIRECT PLAN - DIVIDEND;INF200K015X5;;11.6374;N.A.;N.A.;14-Mar-2017
132919;SBI DUAL ADVANTAGE FUND - SERIES V - DIRECT PLAN - GROWTH;INF200K014X8;;11.6371;N.A.;N.A.;14-Mar-2017
132922;SBI DUAL ADVANTAGE FUND - SERIES V - REGULAR PLAN - DIVIDEND;INF200K013X0;;11.5916;N.A.;N.A.;14-Mar-2017
132921;SBI DUAL ADVANTAGE FUND - SERIES V - REGULAR PLAN - GROWTH;INF200K012X2;;11.5916;N.A.;N.A.;14-Mar-2017
133283;SBI DUAL ADVANTAGE FUND - SERIES VI - DIRECT PLAN - DIVIDEND;INF200KA1184;;11.6077;N.A.;N.A.;14-Mar-2017
133282;SBI DUAL ADVANTAGE FUND - SERIES VI - DIRECT PLAN - GROWTH;INF200KA1176;;11.6077;N.A.;N.A.;14-Mar-2017
133284;SBI DUAL ADVANTAGE FUND - SERIES VI - REGULAR PLAN - DIVIDEND;INF200KA1168;;11.5651;N.A.;N.A.;14-Mar-2017
133281;SBI DUAL ADVANTAGE FUND - SERIES VI - REGULAR PLAN - GROWTH;INF200KA1150;;11.5651;N.A.;N.A.;14-Mar-2017
133717;SBI DUAL ADVANTAGE FUND - SERIES VII - DIRECT PLAN - DIVIDEND;INF200KA1424;;11.3968;N.A.;N.A.;14-Mar-2017
133716;SBI DUAL ADVANTAGE FUND - SERIES VII - DIRECT PLAN - GROWTH;INF200KA1416;;11.3968;N.A.;N.A.;14-Mar-2017
133715;SBI DUAL ADVANTAGE FUND - SERIES VII - REGULAR PLAN - DIVIDEND;INF200KA1408;;11.3529;N.A.;N.A.;14-Mar-2017
133718;SBI DUAL ADVANTAGE FUND - SERIES VII - REGULAR PLAN - GROWTH;INF200KA1390;;11.3527;N.A.;N.A.;14-Mar-2017
134193;SBI DUAL ADVANTAGE FUND - SERIES VIII - DIRECT PLAN - DIVIDEND;INF200KA1770;;11.1812;N.A.;N.A.;14-Mar-2017
134196;SBI DUAL ADVANTAGE FUND - SERIES VIII - DIRECT PLAN - GROWTH;INF200KA1762;;11.1813;N.A.;N.A.;14-Mar-2017
134194;SBI DUAL ADVANTAGE FUND - SERIES VIII - REGULAR PLAN - DIVIDEND;INF200KA1754;;11.1384;N.A.;N.A.;14-Mar-2017
134195;SBI DUAL ADVANTAGE FUND - SERIES VIII - REGULAR PLAN - GROWTH;INF200KA1747;;11.1381;N.A.;N.A.;14-Mar-2017
135155;SBI DUAL ADVANTAGE FUND - SERIES X - DIRECT PLAN - DIVIDEND;INF200KA1GE9;;11.3724;N.A.;N.A.;14-Mar-2017
135154;SBI DUAL ADVANTAGE FUND - SERIES X - DIRECT PLAN - GROWTH;INF200KA1GD1;;11.3724;N.A.;N.A.;14-Mar-2017
135156;SBI DUAL ADVANTAGE FUND - SERIES X - REGULAR PLAN - DIVIDEND;INF200KA1GC3;;11.1307;N.A.;N.A.;14-Mar-2017
135153;SBI DUAL ADVANTAGE FUND - SERIES X - REGULAR PLAN - GROWTH;INF200KA1GB5;;11.1308;N.A.;N.A.;14-Mar-2017
135377;SBI DUAL ADVANTAGE FUND - SERIES XI - DIRECT PLAN - DIVIDEND;INF200KA1GM2;;11.28;N.A.;N.A.;14-Mar-2017
135376;SBI DUAL ADVANTAGE FUND - SERIES XI - DIRECT PLAN - GROWTH;INF200KA1GL4;;11.28;N.A.;N.A.;14-Mar-2017
135379;SBI DUAL ADVANTAGE FUND - SERIES XI - REGULAR PLAN - DIVIDEND;INF200KA1GK6;;11.0781;N.A.;N.A.;14-Mar-2017
135378;SBI DUAL ADVANTAGE FUND - SERIES XI - REGULAR PLAN - GROWTH;INF200KA1GJ8;;11.078;N.A.;N.A.;14-Mar-2017
135777;SBI DUAL ADVANATGE FUND - SERIES XII - REGULAR PLAN - DIVIDEND;INF200KA1HA5;;11.0702;N.A.;N.A.;14-Mar-2017
135780;SBI DUAL ADVANTAGE FUND - SERIES XII - DIRECT PLAN - DIVIDEND;INF200KA1HC1;;11.2182;N.A.;N.A.;14-Mar-2017
135778;SBI DUAL ADVANTAGE FUND - SERIES XII - DIRECT PLAN - GROWTH;INF200KA1HB3;;11.2182;N.A.;N.A.;14-Mar-2017
135779;SBI DUAL ADVANTAGE FUND - SERIES XII - REGULAR PLAN - GROWTH;INF200KA1GZ4;;11.0707;N.A.;N.A.;14-Mar-2017
136044;SBI DUAL ADVANTAGE FUND - SERIES XIII - DIRECT PLAN - DIVIDEND;INF200KA1HS7;;11.2574;N.A.;N.A.;14-Mar-2017
136043;SBI DUAL ADVANTAGE FUND - SERIES XIII - DIRECT PLAN - GROWTH;INF200KA1HR9;;11.2574;N.A.;N.A.;14-Mar-2017
136045;SBI DUAL ADVANTAGE FUND - SERIES XIII - REGULAR PLAN - DIVIDEND;INF200KA1HQ1;;11.1221;N.A.;N.A.;14-Mar-2017
136042;SBI DUAL ADVANTAGE FUND - SERIES XIII - REGULAR PLAN - GROWTH;INF200KA1HP3;;11.1219;N.A.;N.A.;14-Mar-2017
140596;SBI DUAL ADVANTAGE FUND - SERIES XIX - DIRECT PLAN - DIVIDEND PAYOUT;INF200KA1LX9;;10.0053;N.A.;N.A.;14-Mar-2017
140597;SBI DUAL ADVANTAGE FUND - SERIES XIX - DIRECT PLAN - GROWTH;INF200KA1LW1;;10.0052;N.A.;N.A.;14-Mar-2017
140598;SBI DUAL ADVANTAGE FUND - SERIES XIX - REGULAR PLAN - DIVIDEND PAYOUT;INF200KA1LV3;;10.001;N.A.;N.A.;14-Mar-2017
140595;SBI DUAL ADVANTAGE FUND - SERIES XIX - REGULAR PLAN - GROWTH;INF200KA1LU5;;10.0009;N.A.;N.A.;14-Mar-2017
139123;SBI Dual Advantage Fund - Series XV- Direct Plan - Growth;INF200KA1IT3;;10.8456;N.A.;N.A.;14-Mar-2017
139120;SBI Dual Advantage Fund - Series XV- Direct Plan -Dividend Payout;INF200KA1IU1;;10.8456;N.A.;N.A.;14-Mar-2017
139122;SBI Dual Advantage Fund - Series XV- Regular Plan - Dividend Payout;INF200KA1IS5;;10.7307;N.A.;N.A.;14-Mar-2017
139121;SBI Dual Advantage Fund - Series XV- Regular Plan - Growth;INF200KA1IR7;;10.7299;N.A.;N.A.;14-Mar-2017
139531;SBI Dual Advantage Fund - Series XVI - Direct Plan - Dividend Payout;INF200KA1JX3;;10.4704;N.A.;N.A.;14-Mar-2017
139526;SBI Dual Advantage Fund - Series XVI - Direct Plan - Growth;INF200KA1JW5;;10.4723;N.A.;N.A.;14-Mar-2017
139532;SBI Dual Advantage Fund - Series XVI - Regular Plan - Dividend Payout;INF200KA1JV7;;10.4174;N.A.;N.A.;14-Mar-2017
139533;SBI Dual Advantage Fund - Series XVI - Regular Plan - Growth;INF200KA1JU9;;10.4163;N.A.;N.A.;14-Mar-2017
139793;SBI Dual Advantage Fund  XVII - Direct Plan - Dividend Payout;INF200KA1KN2;;10.3673;N.A.;N.A.;14-Mar-2017
139792;SBI Dual Advantage Fund  XVII - Regular Plan - Growth;INF200KA1KK8;;10.3268;N.A.;N.A.;14-Mar-2017
139794;SBI Dual Advantage Fund - Series XVII - Direct Plan - growth;INF200KA1KM4;;10.367;N.A.;N.A.;14-Mar-2017
139795;SBI Dual Advantage Fund - Series XVII - Regular Plan - Dividend Payout;INF200KA1KL6;;10.3287;N.A.;N.A.;14-Mar-2017
140393;SBI Dual Advantage Fund - Series XVIII - Direct Plan - Dividend Payout;INF200KA1LL4;;10.1869;N.A.;N.A.;14-Mar-2017
140396;SBI Dual Advantage Fund - Series XVIII - Direct Plan - Growth;INF200KA1LK6;;10.2699;N.A.;N.A.;14-Mar-2017
140395;SBI Dual Advantage Fund - Series XVIII - Regular Plan - Dividend Payout;INF200KA1LJ8;;10.1687;N.A.;N.A.;14-Mar-2017
140394;SBI Dual Advantage Fund - Series XVIII - Regular Plan - Growth;INF200KA1LI0;;10.1714;N.A.;N.A.;14-Mar-2017
136358;SBI DUAL ADVANTAGE FUND SERIES XIV- DIRECT PLAN - DIVIDEND PAYOUT;INF200KA1IA3;;11.1637;N.A.;N.A.;14-Mar-2017
136359;SBI DUAL ADVANTAGE FUND SERIES XIV- DIRECT PLAN - GROWTH;INF200KA1HZ2;;11.1637;N.A.;N.A.;14-Mar-2017
136361;SBI DUAL ADVANTAGE FUND SERIES XIV- REGULAR PLAN - DIVIDEND PAYOUT;INF200KA1HY5;;11.038;N.A.;N.A.;14-Mar-2017
136360;SBI DUAL ADVANTAGE FUND SERIES XIV- REGULAR PLAN - GROWTH;INF200KA1HX7;;11.0356;N.A.;N.A.;14-Mar-2017
125386;SBI FIXED INTERVAL DEBT SERIES - 90 DAYS  1 - DIRECT PLAN - DIVIDEND;INF200K01P14;;10.0133;N.A.;N.A.;14-Mar-2017
125389;SBI FIXED INTERVAL DEBT SERIES - 90 DAYS  1 - REGULAR PLAN - GROWTH;INF200K01O80;;12.8203;N.A.;N.A.;14-Mar-2017
125388;SBI FIXED INTERVAL DEBT SERIES - 90 DAYS - 1 - DIRECT PLAN - GROWTH;INF200K01P06;;12.9052;N.A.;N.A.;14-Mar-2017
125387;SBI FIXED INTERVAL DEBT SERIES - 90 DAYS - 1 - REGULAR PLAN - DIVIDEND;INF200K01O98;;10.0126;N.A.;N.A.;14-Mar-2017

Sundaram Mutual Fund
136332;SUNDARAM CAPITAL PROTECTION ORIENTED FUND - 5 YEARS - SERIES 7 - DIRECT PLAN - GROWTH;INF903JA1047;;11.0597;11.0597;11.0597;14-Mar-2017
136331;SUNDARAM CAPITAL PROTECTION ORIENTED FUND - 5 YEARS - SERIES 7 - DIRECT PLAN DIVIDEND PAYOUT;INF903JA1054;;11.0597;11.0597;11.0597;14-Mar-2017
136333;SUNDARAM CAPITAL PROTECTION ORIENTED FUND - 5 YEARS - SERIES 7 - REGULAR PLAN - DIVIDEND PAYOUT;INF903JA1039;;11.0137;11.0137;11.0137;14-Mar-2017
136334;SUNDARAM CAPITAL PROTECTION ORIENTED FUND - 5 YEARS - SERIES 7 - REGULAR PLAN - GROWTH OPTION;INF903JA1021;;11.0137;11.0137;11.0137;14-Mar-2017
139096;Sundaram CPOF 5 YRS SR 8 Direct Plan - Growth;INF903JA1252;;10.8637;10.8637;10.8637;14-Mar-2017
139095;Sundaram CPOF 5 YRS SR 8 Direct Plan - Payout of Income Distribution cum Capital Withdrawal (IDCW);INF903JA1237;;10.8635;10.8635;10.8635;14-Mar-2017
139097;Sundaram CPOF 5 YRS SR 8 Regular Plan - Growth;INF903JA1245;;10.8350;10.8350;10.8350;14-Mar-2017
139098;Sundaram CPOF 5 YRS SR 8 Regular Plan - Payout of Income Distribution cum Capital Withdrawal (IDCW);INF903JA1203;;10.8350;10.8350;10.8350;14-Mar-2017
129554;Sundaram Fixed Term Plan FM Direct Plan Growth;INF903J015O7;;12.6878;12.6878;12.6878;14-Mar-2017
129558;Sundaram Fixed Term Plan FM Direct Plan Quarterly Dividend Payout;INF903J01K38;;12.5357;12.5357;12.5357;14-Mar-2017
129559;Sundaram Fixed Term Plan FM Regular Growth;INF903J012O4;;12.5669;12.5669;12.5669;14-Mar-2017
129557;Sundaram Fixed Term Plan FM Regular Plan Quarterly Dividend Payout;INF903J013O2;;12.4171;12.4171;12.4171;14-Mar-2017
135836;SUNDARAM FIXED TERM PLAN - HB - DIRECT PLAN - GROWTH;INF903J016X6;;11.1634;11.1634;11.1634;14-Mar-2017
135833;SUNDARAM FIXED TERM PLAN - HB - REGULAR PLAN - GROWTH;INF903J013X3;;11.1549;11.1549;11.1549;14-Mar-2017
139705;Sundaram Fixed Term Plan - HS - Direct Plan - Dividend Payout;INF903JA1419;;10.4515;10.4515;10.4515;14-Mar-2017
139706;Sundaram Fixed Term Plan - HS - Direct Plan - Growth;INF903JA1401;;10.4515;10.4515;10.4515;14-Mar-2017
139707;Sundaram Fixed Term Plan - HS - Regular Plan - Dividend Payout;INF903JA1393;;10.4237;10.4237;10.4237;14-Mar-2017
139708;Sundaram Fixed Term Plan - HS - Regular Plan - Growth;INF903JA1385;;10.4239;10.4239;10.4239;14-Mar-2017
125417;Sundaram Fixed Term Plan ER Direct Plan Growth;INF903J014R3;;13.2901;13.2901;13.2901;14-Mar-2017
125420;Sundaram Fixed Term Plan ER Regular Plan Growth;INF903J017R6;;13.1417;13.1417;13.1417;14-Mar-2017
125421;Sundaram Fixed Term Plan ER Regular Plan Half Yearly Dividend Payout;INF903J018R4;;12.8387;12.8387;12.8387;14-Mar-2017
127692;Sundaram Fixed Term Plan FA Direct Plan Growth;INF903J013M6;;12.7787;12.7787;12.7787;14-Mar-2017
127690;Sundaram Fixed Term Plan FA Regular Plan Growth;INF903J010M2;;12.6149;12.6149;12.6149;14-Mar-2017
127711;Sundaram Fixed Term Plan FD Direct Plan Growth;INF903J017L9;;13.0114;13.0114;13.0114;14-Mar-2017
127708;Sundaram Fixed Term Plan FD Regular Plan Growth;INF903J014L6;;12.9310;12.9310;12.9310;14-Mar-2017
127710;Sundaram Fixed Term Plan FD Regular Plan Quarterly Dividend Payout;INF903J015L3;;12.7788;12.7788;12.7788;14-Mar-2017
129102;Sundaram Fixed Term Plan FL Direct Plan Growth;INF903J01J56;;12.7813;12.7813;12.7813;14-Mar-2017
129104;Sundaram Fixed Term Plan FL Regular Plan Growth;INF903J01J23;;12.6427;12.6427;12.6427;14-Mar-2017
129105;Sundaram Fixed Term Plan FL Regular Plan Half Yearly Dividend Payout;INF903J01J31;;12.3388;12.3388;12.3388;14-Mar-2017
129106;Sundaram Fixed Term Plan FL Regular Plan Quarterly Dividend Payout;INF903J01J49;;12.4905;12.4905;12.4905;14-Mar-2017
129317;Sundaram Fixed Term Plan GE Direct Plan Growth;INF903J01L37;;12.6723;12.6723;12.6723;14-Mar-2017
129318;Sundaram Fixed Term Plan GE Regular Plan Growth;INF903J01L03;;12.5522;12.5522;12.5522;14-Mar-2017
129320;Sundaram Fixed Term Plan GE Regular Plan Quarterly Dividend Payout;INF903J01L29;;12.4000;12.4000;12.4000;14-Mar-2017
129892;Sundaram Fixed Term Plan GG Direct Plan Growth;INF903J010S9;;12.5994;12.5994;12.5994;14-Mar-2017
129891;Sundaram Fixed Term Plan GG Regular Plan Growth;INF903J011S7;;12.4777;12.4777;12.4777;14-Mar-2017
129895;Sundaram Fixed Term Plan GG Regular Plan Half Yearly Dividend Payout;INF903J012S5;;12.1732;12.1732;12.1732;14-Mar-2017
130895;Sundaram Fixed Term Plan GJ Direct Plan Growth;INF903J01Q16;;12.6282;12.6282;12.6282;14-Mar-2017
130890;Sundaram Fixed Term Plan GJ Direct Plan Half Yearly Dividend Payout;INF903J01Q24;;12.3208;12.3208;12.3208;14-Mar-2017
130891;Sundaram Fixed Term Plan GJ Direct Plan Quarterly Dividend Payout;INF903J01Q32;;12.4619;12.4619;12.4619;14-Mar-2017
130892;Sundaram Fixed Term Plan GJ Regular Plan Growth;INF903J01P82;;12.4947;12.4947;12.4947;14-Mar-2017
130893;Sundaram Fixed Term Plan GJ Regular Plan Half Yearly Dividend Payout;INF903J01P90;;12.1902;12.1902;12.1902;14-Mar-2017
130894;Sundaram Fixed Term Plan GJ Regular Plan Quarterly Dividend Payout;INF903J01Q08;;12.3427;12.3427;12.3427;14-Mar-2017
131200;Sundaram Fixed Term Plan GK Direct Plan Growth;INF903J01U10;;12.5484;12.5484;12.5484;14-Mar-2017
131201;Sundaram Fixed Term Plan GK Direct Plan Half Yearlly Divinded Payout;INF903J01U28;;12.2185;12.2185;12.2185;14-Mar-2017
131203;Sundaram Fixed Term Plan GK Regular Plan Growth;INF903J01T88;;12.4181;12.4181;12.4181;14-Mar-2017
131205;Sundaram Fixed Term Plan GK Regular Plan Quaterly Dividend Payout;INF903J01U02;;12.2657;12.2657;12.2657;14-Mar-2017
133552;Sundaram Fixed Term Plan GU Direct Plan Growth;INF903J011C1;;11.9921;11.9921;11.9921;14-Mar-2017
133555;Sundaram Fixed Term Plan GU Regular Plan Growth;INF903J018B8;;11.9621;11.9621;11.9621;14-Mar-2017
133556;Sundaram Fixed Term Plan GU Regular Plan Half Yearly Dividend Payout;INF903J019B6;;11.6568;11.6568;11.6568;14-Mar-2017
134507;Sundaram Fixed Term Plan GW Direct Plan Growth;INF903J013N4;;11.6431;11.6431;11.6431;14-Mar-2017
134509;Sundaram Fixed Term Plan GW Direct Plan Quarterly Dividend Payout;INF903J015N9;;11.4885;11.4885;11.4885;14-Mar-2017
134510;Sundaram Fixed Term Plan GW Regular Plan Growth;INF903J010N0;;11.6349;11.6349;11.6349;14-Mar-2017
134511;Sundaram Fixed Term Plan GW Regular Plan Quarterly Dividend Payout;INF903J012N6;;11.4767;11.4767;11.4767;14-Mar-2017
135711;SUNDARAM FIXED TERM PLAN HA - DIRECT PLAN - GROWTH;INF903J016W8;;11.1540;11.1540;11.1540;14-Mar-2017
135714;SUNDARAM FIXED TERM PLAN HA - REGULAR PLAN - GROWTH;INF903J013W5;;11.1458;11.1458;11.1458;14-Mar-2017
135715;SUNDARAM FIXED TERM PLAN HA - REGULAR PLAN - HALF YEARLY DIVIDEND PAYOUT;INF903J014W3;;10.8422;10.8422;10.8422;14-Mar-2017
135716;SUNDARAM FIXED TERM PLAN HA - REGULAR PLAN - QUARTERLY DIVIDEND PAYOUT;INF903J015W0;;10.9943;10.9943;10.9943;14-Mar-2017
135921;SUNDARAM FIXED TERM PLAN HC - DIRECT PLAN - GROWTH;INF903J012Y3;;11.1418;11.1418;11.1418;14-Mar-2017
135918;SUNDARAM FIXED TERM PLAN HC - REGULAR PLAN - HALF YEARLY DIVIDEND PAYOUT;INF903J010Y7;;10.8305;10.8305;10.8305;14-Mar-2017
135919;SUNDARAM FIXED TERM PLAN HC - REGULAR PLAN QUARTERLY DIVIDEND PAYOUT;INF903J011Y5;;10.9824;10.9824;10.9824;14-Mar-2017
135920;SUNDARAM FIXED TERM PLAN HC REGULAR PLAN GROWTH;INF903J019X0;;11.1345;11.1345;11.1345;14-Mar-2017
136336;SUNDARAM FIXED TERM PLAN HI - DIRECT PLAN - GROWTH OPTION;INF903J018Z7;;11.0290;11.0290;11.0290;14-Mar-2017
136337;SUNDARAM FIXED TERM PLAN HI - REGULAR PLAN - GROWTH OPTION;INF903J015Z3;;11.0169;11.0169;11.0169;14-Mar-2017
139494;SUNDARAM FIXED TERM PLAN HM  REGULAR PLAN GROWTH;INF903JA1377;;10.6527;10.6527;10.6527;14-Mar-2017
139493;SUNDARAM FIXED TERM PLAN HM DIRECT PLAN GROWTH;INF903JA1351;;10.6875;10.6875;10.6875;14-Mar-2017
139495;SUNDARAM FIXED TERM PLAN HM REGULAR  PLAN DIVIDEND PAYOUT;INF903JA1344;;10.6527;10.6527;10.6527;14-Mar-2017
128424;Sundaram Hybrid Fund Series F Direct Plan Growth;INF903J01I32;;13.0966;13.0966;13.0966;14-Mar-2017
128425;Sundaram Hybrid Fund Series F Direct Plan Half Yearly Dividend Payout;INF903J01I40;;12.4810;12.4810;12.4810;14-Mar-2017
128426;Sundaram Hybrid Fund Series F Direct Plan Yearly Dividend Payout;INF903J01I57;;11.8656;11.8656;11.8656;14-Mar-2017
128427;Sundaram Hybrid Fund Series F Regular Plan Growth;INF903J01I08;;12.7621;12.7621;12.7621;14-Mar-2017
128428;Sundaram Hybrid Fund Series F Regular Plan Half Yearly Dividend Payout;INF903J01I16;;12.2499;12.2499;12.2499;14-Mar-2017
128429;Sundaram Hybrid Fund Series F Regular Plan Yearly Dividend Payout;INF903J01I24;;11.7890;11.7890;11.7890;14-Mar-2017
134673;Sundaram Hybrid Fund Series M Direct Plan Growth;INF903J019O9;;11.2042;11.2042;11.2042;14-Mar-2017
134675;Sundaram Hybrid Fund Series M Direct Plan half Yearly Dividend;INF903J010P5;;10.9478;10.9478;10.9478;14-Mar-2017
134674;Sundaram Hybrid Fund Series M Direct plan Yearly Dividend;INF903J011P3;;10.6903;10.6903;10.6903;14-Mar-2017
134677;Sundaram Hybrid Fund Series M Regular Plan  Half yearly Dividend;INF903J017O3;;10.8690;10.8690;10.8690;14-Mar-2017
134676;Sundaram Hybrid Fund Series M Regular Plan Growth;INF903J016O5;;11.1255;11.1255;11.1255;14-Mar-2017
134678;Sundaram Hybrid Fund Series M Regular Plan Yearly Dividend;INF903J018O1;;10.6128;10.6128;10.6128;14-Mar-2017
136344;SUNDARAM HYBRID FUND - SERIES O - DIRECT PLAN - GROWTH OPTION;INF903J012Z0;;10.9302;10.9302;10.9302;14-Mar-2017
136339;SUNDARAM HYBRID FUND - SERIES O - DIRECT PLAN - HALF YEARLY DIVIDEND PAYOUT;INF903J013Z8;;10.8318;10.8318;10.8318;14-Mar-2017
136343;SUNDARAM HYBRID FUND - SERIES O - DIRECT PLAN - YEARLY DIVIDEND PAYOUT;INF903J014Z6;;10.7257;10.7257;10.7257;14-Mar-2017
136341;SUNDARAM HYBRID FUND - SERIES O - REGULAR PLAN - HALF YEARLY DIVIDEND PAYOUT;INF903J010Z4;;10.8096;10.8096;10.8096;14-Mar-2017
136342;SUNDARAM HYBRID FUND - SERIES O - REGULAR PLAN - YEARLY DIVIDEND PAYOUT;INF903J011Z2;;10.7074;10.7074;10.7074;14-Mar-2017
136340;SUNDARAM HYBRID SERIES O - REGULAR PLAN - GROWTH OPTION;INF903J019Y8;;10.9118;10.9118;10.9118;14-Mar-2017
129787;Sundaram Hybrid Fund Series H Direct Plan Growth;INF903J01K79;;12.9175;12.9175;12.9175;14-Mar-2017
129788;Sundaram Hybrid Fund Series H Direct Plan Half yearly Dividend Payout;INF903J01K87;;12.4041;12.4041;12.4041;14-Mar-2017
129790;Sundaram Hybrid Fund Series H Regular Plan Growth;INF903J01K46;;12.6008;12.6008;12.6008;14-Mar-2017
129791;Sundaram Hybrid Fund Series H Regular Plan Half Yearly Dividend Payout;INF903J01K53;;12.0885;12.0885;12.0885;14-Mar-2017
129792;Sundaram Hybrid Fund Series H Regular Plan Yearly Dividend Payout;INF903J01K61;;11.7300;11.7300;11.7300;14-Mar-2017
130307;Sundaram Hybrid Fund Series K Direct Growth;INF903J01N92;;12.1615;12.1615;12.1615;14-Mar-2017
130305;Sundaram Hybrid Fund Series K Direct Half yearly Dividend;INF903J01O00;;11.6482;11.6482;11.6482;14-Mar-2017
130306;Sundaram Hybrid Fund Series K Direct Yearly Dividend;INF903J01O18;;11.2954;11.2954;11.2954;14-Mar-2017
130303;Sundaram Hybrid Fund Series K Regular Growth;INF903J01N68;;11.9017;11.9017;11.9017;14-Mar-2017
130304;Sundaram Hybrid Fund Series K Regular half yearly Dividend;INF903J01N76;;11.3909;11.3909;11.3909;14-Mar-2017
130308;Sundaram Hybrid Fund Series K Regular Yearly Dividend;INF903J01N84;;11.1866;11.1866;11.1866;14-Mar-2017
134710;SUNDARAM hYBRID SERIES N DIRECT PLAN GROWTH;INF903J010R1;;11.2466;11.2466;11.2466;14-Mar-2017
134711;SUNDARAM HYBRID SERIES N DIRECT PLAN HALF YEARLY DIVIDEND PAYOUT;INF903J018Q6;;10.9895;10.9895;10.9895;14-Mar-2017
134712;SUNDARAM HYBRID SERIES N DIRECT PLAN YEARLY DIVIDEND PAYOUT;INF903J019Q4;;10.7329;10.7329;10.7329;14-Mar-2017
134713;SUNDARAM HYBRID SERIES N REGULAR PLAN GROWTH;INF903J013R5;;11.1702;11.1702;11.1702;14-Mar-2017
134714;SUNDARAM HYBRID SERIES N REGULAR PLAN HALF YEARLY DIVIDEND PAYOUT;INF903J011R9;;10.9135;10.9135;10.9135;14-Mar-2017
134715;SUNDARAM HYBRID SERIES N REGULAR PLAN YEARLY DIVIDEND;INF903J012R7;;10.6568;10.6568;10.6568;14-Mar-2017
136544;SUNDARAM HYBRID SERIES P DIRECT  PLAN  HALF YEARLY DIVIDEDN;INF903JA1104;;10.7834;10.7834;10.7834;14-Mar-2017
136542;SUNDARAM HYBRID SERIES P DIRECT PLAN GROWTH;INF903JA1096;;10.8860;10.8860;10.8860;14-Mar-2017
136543;SUNDARAM HYBRID SERIES P DIRECT PLAN YEARLY DIVIDEND;INF903JA1112;;10.6813;10.6813;10.6813;14-Mar-2017
136539;SUNDARAM HYBRID SERIES P REGULAR PLAN GROWTH;INF903JA1062;;10.8549;10.8549;10.8549;14-Mar-2017
136540;SUNDARAM HYBRID SERIES P REGULAR PLAN HALF YEARLY DIVIDEND;INF903JA1070;;10.7524;10.7524;10.7524;14-Mar-2017
136541;SUNDARAM HYBRID SERIES P REGULAR PLAN YEARLY DIVIDEND;INF903JA1088;;10.6499;10.6499;10.6499;14-Mar-2017
135056;Sundaram Fixed Term Plan GY Direct Plan Growth;INF903J017S4;;11.5663;11.5663;11.5663;14-Mar-2017
135059;Sundaram Fixed Term Plan GY Regular Plan growth;INF903J014S1;;11.5188;11.5188;11.5188;14-Mar-2017
135058;Sundaram Fixed Term Plan GY Regular Plan Half Yearly Dividned Payout;INF903J015S8;;11.2225;11.2225;11.2225;14-Mar-2017
135060;Sundaram Fixed Term Plan GY Regular Plan Quarterly  Dividned Payout;INF903J016S6;;11.3747;11.3747;11.3747;14-Mar-2017

Tata Mutual Fund
127405;Tata Dual Advantage Fund -Scheme B Direct Plan Dividend(Payout);INF277K01TA4;;13.5944;0.0000;0.0000;14-Mar-2017
127407;Tata Dual Advantage Fund -Scheme B Direct Plan Growth;INF277K01SZ3;;13.5944;0.0000;0.0000;14-Mar-2017
127406;Tata Dual Advantage Fund -Scheme B Plan A Dividend(Payout);INF277K01SY6;;12.9881;0.0000;0.0000;14-Mar-2017
127404;Tata Dual Advantage Fund -Scheme B Plan A Growth;INF277K01SX8;;12.9882;0.0000;0.0000;14-Mar-2017
130201;Tata Dual Advantage Fund Scheme C -Direct Plan-Dividend(Payout);INF277K01TE6;;12.8991;0.0000;0.0000;14-Mar-2017
130202;Tata Dual Advantage Fund Scheme C-Direct Plan-Growth;INF277K01TD8;;12.9011;0.0000;0.0000;14-Mar-2017
130203;Tata Dual Advantage Fund Scheme C-Plan A-Dividend(Payout);INF277K01TC0;;12.3857;0.0000;0.0000;14-Mar-2017
130204;Tata Dual Advantage Fund Scheme C-Plan A-Growth;INF277K01TB2;;12.3857;0.0000;0.0000;14-Mar-2017
131046;Tata Dual Advantage Fund Series 2 Scheme A -Direct Plan Growth Option;INF277K01F30;;12.8517;0.0000;0.0000;14-Mar-2017
131044;Tata Dual Advantage Fund Series 2 Scheme A-Direct Plan Dividend(Payout) Option;INF277K01F48;;12.8517;0.0000;0.0000;14-Mar-2017
131045;Tata Dual Advantage Fund Series 2 Scheme A-Plan A Dividend(Payout) Option;INF277K01F22;;12.3778;0.0000;0.0000;14-Mar-2017
131043;Tata Dual Advantage Fund Series 2 Scheme A-Plan A Growth Option;INF277K01F14;;12.3778;0.0000;0.0000;14-Mar-2017
133018;Tata Dual Advantage Fund Series 2 Scheme B Direct Plan Dividend Payout;INF277K01J85;;12.2496;0.0000;0.0000;14-Mar-2017
133017;Tata Dual Advantage Fund Series 2 Scheme B Direct Plan Growth;INF277K01J77;;12.2497;0.0000;0.0000;14-Mar-2017
133016;Tata Dual Advantage Fund Series 2 Scheme B Plan A Dividend Payout;INF277K01J69;;11.8375;0.0000;0.0000;14-Mar-2017
133007;Tata Dual Advantage Fund Series 2 Scheme B Plan A Growth;INF277K01J51;;11.8375;0.0000;0.0000;14-Mar-2017
133511;Tata Dual Advantage Fund Series 2 Scheme C Direct Plan Dividend Payout;INF277K01M49;;11.9737;0.0000;0.0000;14-Mar-2017
133512;Tata Dual Advantage Fund Series 2 Scheme C Direct Plan Growth;INF277K01M31;;11.9737;0.0000;0.0000;14-Mar-2017
133510;Tata Dual Advantage Fund Series 2 Scheme C Plan A Dividend Payout;INF277K01M23;;11.6810;0.0000;0.0000;14-Mar-2017
133509;Tata Dual Advantage Fund Series 2 Scheme C Plan A Growth;INF277K01M15;;11.6810;0.0000;0.0000;14-Mar-2017
134011;Tata Dual Advantage Fund Series 3 Scheme A Direct Plan Dividend Payout;INF277K01P04;;11.7785;0.0000;0.0000;14-Mar-2017
134009;Tata Dual Advantage Fund Series 3 Scheme A Direct Plan Growth;INF277K01O96;;11.7786;0.0000;0.0000;14-Mar-2017
134010;Tata Dual Advantage Fund Series 3 Scheme A Plan A Dividend Payout;INF277K01O88;;11.4341;0.0000;0.0000;14-Mar-2017
134012;Tata Dual Advantage Fund Series 3 Scheme A Plan A Growth;INF277K01O70;;11.4341;0.0000;0.0000;14-Mar-2017
124616;Tata FMP Series 44 Scheme D - Direct Plan -Growth Option;INF277K01S50;;13.4526;0.0000;0.0000;14-Mar-2017
124615;Tata FMP Series 44 Scheme D- Plan A -Growth Option;INF277K01S43;;13.3274;0.0000;0.0000;14-Mar-2017
125840;Tata FMP Series 46 Scheme D - Direct Plan -Growth Option;INF277K01S92;;13.1402;0.0000;0.0000;14-Mar-2017
125842;Tata FMP Series 46 Scheme D- Plan A -Growth Option;INF277K01S76;;13.0298;0.0000;0.0000;14-Mar-2017
126699;Tata FMP Series 46 Scheme K - Direct Plan -Growth Option;INF277K01T26;;13.1889;0.0000;0.0000;14-Mar-2017
126698;Tata FMP Series 46 Scheme K - Plan A -Dividend Option ( Payout);INF277K01T00;;11.6729;0.0000;0.0000;14-Mar-2017
126697;Tata FMP Series 46 Scheme K- Plan A -Growth Option;INF277K01T18;;12.9336;0.0000;0.0000;14-Mar-2017
126967;Tata FMP Series 46 Scheme M - Direct Plan - Dividend Option ( Payout);INF277K01T59;;11.7491;0.0000;0.0000;14-Mar-2017
126970;Tata FMP Series 46 Scheme M - Direct Plan -Growth Option;INF277K01T67;;13.0499;0.0000;0.0000;14-Mar-2017
126969;Tata FMP Series 46 Scheme M - Plan A -Dividend Option ( Payout);INF277K01T34;;11.7172;0.0000;0.0000;14-Mar-2017
126968;Tata FMP Series 46 Scheme M - Plan A -Growth Option;INF277K01T42;;12.9415;0.0000;0.0000;14-Mar-2017
126973;Tata FMP Series 46 Scheme N - Direct Plan -Growth Option;INF277K01U07;;12.9802;0.0000;0.0000;14-Mar-2017
126972;Tata FMP Series 46 Scheme N - Plan A -Dividend Option ( Payout);INF277K01T75;;11.7066;0.0000;0.0000;14-Mar-2017
126971;Tata FMP Series 46 Scheme N - Plan A -Growth Option;INF277K01T83;;12.8746;0.0000;0.0000;14-Mar-2017
127874;Tata FMP Series 46 Scheme Q - Direct Plan - Dividend Option ( Payout);INF277K01U31;;11.7375;0.0000;0.0000;14-Mar-2017
127872;Tata FMP Series 46 Scheme Q - Direct Plan -Growth Option;INF277K01U49;;12.9440;0.0000;0.0000;14-Mar-2017
127873;Tata FMP Series 46 Scheme Q - Plan A -Dividend Option ( Payout);INF277K01U15;;11.7026;0.0000;0.0000;14-Mar-2017
127871;Tata FMP Series 46 Scheme Q - Plan A -Growth Option;INF277K01U23;;12.8385;0.0000;0.0000;14-Mar-2017
128301;Tata FMP Series 46 Scheme R - Direct Plan - Dividend Option ( Payout);INF277K01U72;;11.7484;0.0000;0.0000;14-Mar-2017
128300;Tata FMP Series 46 Scheme R - Direct Plan -Growth Option;INF277K01U80;;12.9152;0.0000;0.0000;14-Mar-2017
128299;Tata FMP Series 46 Scheme R - Plan A -Dividend Option ( Payout);INF277K01U56;;11.7173;0.0000;0.0000;14-Mar-2017
128302;Tata FMP Series 46 Scheme R - Plan A -Growth Option;INF277K01U64;;12.8235;0.0000;0.0000;14-Mar-2017
128312;Tata FMP Series 46 Scheme S - Direct Plan - Dividend Option ( Payout);INF277K01Q52;;11.6841;0.0000;0.0000;14-Mar-2017
128311;Tata FMP Series 46 Scheme S - Direct Plan -Growth Option;INF277K01Q60;;12.8188;0.0000;0.0000;14-Mar-2017
128309;Tata FMP Series 46 Scheme S - Plan A -Growth Option;INF277K01Q45;;12.7568;0.0000;0.0000;14-Mar-2017
127299;Tata FMP Series 46 Scheme T - Direct Plan -Growth Option;INF277K01U98;;13.0322;0.0000;0.0000;14-Mar-2017
127296;Tata FMP Series 46 Scheme T - Plan A -Growth Option;INF277K01V06;;12.9258;0.0000;0.0000;14-Mar-2017
128392;Tata Fixed Maturity Plan Series 47 Scheme A -Direct Plan-Growth;INF277K01P87;;12.6724;0.0000;0.0000;14-Mar-2017
128394;Tata Fixed Maturity Plan Series 47 Scheme A -Plan A -Dividend Payout;INF277K01P53;;11.5492;0.0000;0.0000;14-Mar-2017
128395;Tata Fixed Maturity Plan Series 47 Scheme A -Plan A -Growth;INF277K01P61;;12.6085;0.0000;0.0000;14-Mar-2017
128398;Tata Fixed Maturity Plan Series 47 Scheme C-Direct Plan-Dividend Payout;INF277K01R36;;11.7471;0.0000;0.0000;14-Mar-2017
128396;Tata Fixed Maturity Plan Series 47 Scheme C-Direct Plan-Growth;INF277K01R44;;12.8559;0.0000;0.0000;14-Mar-2017
128399;Tata Fixed Maturity Plan Series 47 Scheme C-Plan A -Dividend Payout;INF277K01R10;;11.7154;0.0000;0.0000;14-Mar-2017
128397;Tata Fixed Maturity Plan Series 47 Scheme C-Plan A -Growth;INF277K01R28;;12.8010;0.0000;0.0000;14-Mar-2017
128400;Tata Fixed Maturity Plan Series 47 Scheme D-Direct Plan-Dividend Payout;INF277K01R77;;11.7492;0.0000;0.0000;14-Mar-2017
128402;Tata Fixed Maturity Plan Series 47 Scheme D-Direct Plan-Growth;INF277K01R85;;12.9335;0.0000;0.0000;14-Mar-2017
128403;Tata Fixed Maturity Plan Series 47 Scheme D-Plan A -Dividend Payout;INF277K01R51;;11.7084;0.0000;0.0000;14-Mar-2017
128401;Tata Fixed Maturity Plan Series 47 Scheme D-Plan A -Growth;INF277K01R69;;12.7965;0.0000;0.0000;14-Mar-2017
128829;Tata Fixed Maturity Plan Series 47 Scheme E Direct Plan Growth;INF277K01V97;;12.8238;0.0000;0.0000;14-Mar-2017
128828;Tata Fixed Maturity Plan Series 47 Scheme E Plan A Dividend Payout;INF277K01V63;;11.6849;0.0000;0.0000;14-Mar-2017
128830;Tata Fixed Maturity Plan Series 47 Scheme E Plan A Growth;INF277K01V71;;12.7675;0.0000;0.0000;14-Mar-2017
129703;Tata FMP Series 47 Scheme M- Plan A -Dividend Option(Payout);INF277K01X20;;11.5305;0.0000;0.0000;14-Mar-2017
129701;Tata FMP Series 47 Scheme M-Direct Plan-Growth;INF277K01X53;;12.6339;0.0000;0.0000;14-Mar-2017
129704;Tata FMP Series 47 Scheme M-Plan A-Growth;INF277K01X38;;12.5898;0.0000;0.0000;14-Mar-2017
129843;Tata FMP Series 47 Scheme N-Direct Plan-Growth Option;INF277K01X79;;12.6197;0.0000;0.0000;14-Mar-2017
129842;Tata FMP Series 47 Scheme N-Plan A -Dividend Option;INF277K01X87;;11.5222;0.0000;0.0000;14-Mar-2017
129841;Tata FMP Series 47 Scheme N-Plan A -Growth Option;INF277K01X95;;12.5696;0.0000;0.0000;14-Mar-2017
129044;Tata FMP Series 47 Scheme F - Direct Plan -Growth Option;INF277K01W39;;12.7960;0.0000;0.0000;14-Mar-2017
129043;Tata FMP Series 47 Scheme F - Plan A -Dividend Option ( Payout);INF277K01W05;;11.6625;0.0000;0.0000;14-Mar-2017
129042;Tata FMP Series 47 Scheme F - Plan A -Growth Option;INF277K01W13;;12.7385;0.0000;0.0000;14-Mar-2017
129218;Tata FMP Series 47 Scheme H - Direct Plan -Growth Option;INF277K01W70;;12.8126;0.0000;0.0000;14-Mar-2017
129217;Tata FMP Series 47 Scheme H - Plan A -Dividend Option ( Payout);INF277K01W47;;11.7014;0.0000;0.0000;14-Mar-2017
129216;Tata FMP Series 47 Scheme H - Plan A -Growth Option;INF277K01W54;;12.7498;0.0000;0.0000;14-Mar-2017
128980;Tata FMP Series 47 Scheme J - Direct Plan - Dividend Option ( Payout);INF277K01S19;;11.7524;0.0000;0.0000;14-Mar-2017
128983;Tata FMP Series 47 Scheme J - Direct Plan -Growth Option;INF277K01S27;;12.8452;0.0000;0.0000;14-Mar-2017
128982;Tata FMP Series 47 Scheme J - Plan A -Dividend Option ( Payout);INF277K01R93;;11.7205;0.0000;0.0000;14-Mar-2017
128981;Tata FMP Series 47 Scheme J - Plan A -Growth Option;INF277K01S01;;12.7858;0.0000;0.0000;14-Mar-2017
129378;Tata FMP Series 47 Scheme I-Direct Plan-Growth;INF277K01X12;;12.7170;0.0000;0.0000;14-Mar-2017
129379;Tata FMP Series 47 Scheme I-Plan A -Dividend Option(Payout);INF277K01W88;;11.5940;0.0000;0.0000;14-Mar-2017
129380;Tata FMP Series 47 Scheme I-Plan A -Growth;INF277K01W96;;12.6717;0.0000;0.0000;14-Mar-2017
129377;Tata FMP Series 47Scheme I-Direct Plan-Dividend Plan-Dividend Option(Payout);INF277K01X04;;11.6230;0.0000;0.0000;14-Mar-2017

Union Mutual Fund
134170;Union Capital Protection Oriented Fund - Series 6 - Direct Plan - Dividend Option;INF582M01CF8;;10.4185;N.A.;N.A.;14-Mar-2017
134171;Union Capital Protection Oriented Fund - Series 6 - Direct Plan - Growth Option;INF582M01CE1;;10.4185;N.A.;N.A.;14-Mar-2017
134169;Union Capital Protection Oriented Fund - Series 6 - Regular Plan - Growth Option;INF582M01CH4;;10.4152;N.A.;N.A.;14-Mar-2017
140558;Union Capital Protection Oriented Fund - Series 7 - Direct Plan - Dividend Option;INF582M01CL6;;9.9943;N.A.;N.A.;14-Mar-2017
140557;Union Capital Protection Oriented Fund - Series 7 - Direct Plan - Growth Option;INF582M01CK8;;9.9943;N.A.;N.A.;14-Mar-2017
140555;Union Capital Protection Oriented Fund - Series 7 - Regular Plan - Dividend Option;INF582M01CO0;;9.9902;N.A.;N.A.;14-Mar-2017
140556;Union Capital Protection Oriented Fund - Series 7 - Regular Plan - Growth Option;INF582M01CN2;;9.9902;N.A.;N.A.;14-Mar-2017

UTI Mutual Fund
132973;UTI - Capital Protection Oriented Scheme - Series - IV - III (1105 Days) - Growth Option;INF789FA19H5;;11.6268;0;0;14-Mar-2017
132976;UTI - Capital Protection Oriented Scheme - Series IV - III (1105 Days) - Dividend Option - Direct;INF789FA10I2;;12.0305;0;0;14-Mar-2017
132974;UTI - Capital Protection Oriented Scheme - Series IV - III (1105 Days) - Growth Option - Direct;INF789FA11I0;;12.0305;0;0;14-Mar-2017
132975;UTI - Capital Protection Oriented Scheme - Series IV -III (1105 Days) - Dividend Option;INF789FA18H7;;11.6268;0;0;14-Mar-2017
135462;UTI Capital Protection Oriented Scheme Series VI-II ( 1100 Days) - Regular Plan - Growth Option;INF789FB17C8;;11.0686;0;0;14-Mar-2017
135465;UTI Capital Protection Oriented Scheme Series VI-II (1100 DAys ) - Direct Plan - Growth Option;INF789FB19C4;;11.3396;0;0;14-Mar-2017
135464;UTI Capital Protection Oriented Scheme Series VI-II (1100 Days) - Direct Plan - Dividend Option;INF789FB18C6;;11.3396;0;0;14-Mar-2017
135463;UTI Capital Protection Oriented Scheme Series VI-II (1100 Days) - Regular Plan - Dividend Option;INF789FB16C0;;11.0686;0;0;14-Mar-2017
135605;UTI Capital Protection Oriented Scheme Series VI-III (1098 Days) - Direct Plan - Dividend Option;INF789FB16F3;;11.3553;0;0;14-Mar-2017
135604;UTI Capital Protection Oriented Scheme Series VI-III (1098 Days) - Direct Plan - Growth Option;INF789FB17F1;;11.3553;0;0;14-Mar-2017
135603;UTI Capital Protection Oriented Scheme Series VI-III (1098 Days) - Regular Plan - Dividend Option;INF789FB14F8;;11.1078;0;0;14-Mar-2017
135602;UTI Capital Protection Oriented Scheme Series VI-III (1098 Days) - Regular Plan - Growth Option;INF789FB15F5;;11.1078;0;0;14-Mar-2017
136019;UTI Capital Protection Oriented Scheme Series VII-I (1098 Days) - Direct Plan - Dividend Option;INF789FB14N2;;11.4228;0;0;14-Mar-2017
136018;UTI Capital Protection Oriented Scheme Series VII-I (1098 Days) - Direct Plan - Growth Option;INF789FB15N9;;11.4229;0;0;14-Mar-2017
136021;UTI Capital Protection Oriented Scheme Series VII-I (1098 Days) - Regular Plan - Dividend Option;INF789FB12N6;;11.2096;0;0;14-Mar-2017
136020;UTI Capital Protection Oriented Scheme Series VII-I (1098 Days) - Regular Plan - Growth Option;INF789FB13N4;;11.2096;0;0;14-Mar-2017
138233;UTI Capital Protection Oriented Scheme Series VII-II (1281 Days) - Direct Plan - Dividend Option;INF789FB16T4;;11.1872;0;0;14-Mar-2017
136356;UTI Capital Protection Oriented Scheme Series VII-II (1281 Days) - Direct Plan - Growth Option;INF789FB17T2;;11.1873;0;0;14-Mar-2017
138232;UTI Capital Protection Oriented Scheme Series VII-II (1281 Days) - Regular Plan - Dividend Option;INF789FB14T9;;10.9886;0;0;14-Mar-2017
136357;UTI Capital Protection Oriented Scheme Series VII-II (1281 Days) - Regular Plan - Growth Option;INF789FB15T6;;10.9886;0;0;14-Mar-2017
136501;UTI Capital Protection Oriented Scheme Series VII-III (1279 Days) - Direct Plan - Dividend Option;INF789FB14W3;;11.0928;0;0;14-Mar-2017
136504;UTI Capital Protection Oriented Scheme Series VII-III (1279 Days) - Direct Plan - Growth Option;INF789FB15W0;;11.0928;0;0;14-Mar-2017
136503;UTI Capital Protection Oriented Scheme Series VII-III (1279 Days) - Regular Plan - Dividend Option;INF789FB12W7;;10.9079;0;0;14-Mar-2017
136502;UTI Capital Protection Oriented Scheme Series VII-III (1279 Days) - Regular Plan - Growth Option;INF789FB13W5;;10.908;0;0;14-Mar-2017
139301;UTI Capital Protection Oriented Scheme Series VII-IV (1278 Days) - Direct Plan - Dividend Option;INF789FC1717;;10.8429;0;0;14-Mar-2017
139299;UTI Capital Protection Oriented Scheme Series VII-IV (1278 Days) - Direct Plan - Growth Option;INF789FC1725;;10.8429;0;0;14-Mar-2017
139302;UTI Capital Protection Oriented Scheme Series VII-IV (1278 Days) - Regular Plan - Dividend Option;INF789FC1691;;10.6814;0;0;14-Mar-2017
139300;UTI Capital Protection Oriented Scheme Series VII-IV (1278 Days) - Regular Plan - Growth Option;INF789FC1709;;10.6814;0;0;14-Mar-2017
139375;UTI Capital Protection Oriented Scheme Series VII-V (1281 Days) - Direct Plan - Dividend Option;INF789FC1956;;10.7316;0;0;14-Mar-2017
139372;UTI Capital Protection Oriented Scheme Series VII-V (1281 Days) - Direct Plan - Growth Option;INF789FC1964;;10.7316;0;0;14-Mar-2017
139374;UTI Capital Protection Oriented Scheme Series VII-V (1281 Days) - Regular Plan - Dividend Option;INF789FC1931;;10.5928;0;0;14-Mar-2017
139373;UTI Capital Protection Oriented Scheme Series VII-V (1281 Days) - Regular Plan - Growth Option;INF789FC1949;;10.5928;0;0;14-Mar-2017
139693;UTI Capital Protection Oriented Scheme Series VIII-I (1278 Days) - Direct Plan - Dividend Option;INF789FC1CF9;;10.4632;0;0;14-Mar-2017
139696;UTI Capital Protection Oriented Scheme Series VIII-I (1278 Days) - Direct Plan - Growth Option;INF789FC1CG7;;10.4632;0;0;14-Mar-2017
139694;UTI Capital Protection Oriented Scheme Series VIII-I (1278 Days) - Regular Plan - Dividend Option;INF789FC1CD4;;10.36;0;0;14-Mar-2017
139695;UTI Capital Protection Oriented Scheme Series VIII-I (1278 Days) - Regular Plan - Growth Option;INF789FC1CE2;;10.36;0;0;14-Mar-2017
139860;UTI Capital Protection Oriented Scheme - Series VIII-II (1831 Days) - Direct Plan - IDCW;INF789FC1DN1;;10.4472;0;0;14-Mar-2017
139862;UTI Capital Protection Oriented Scheme - Series VIII-II (1831 Days) - Regular Plan - IDCW;INF789FC1DL5;;10.3599;0;0;14-Mar-2017
139861;UTI Capital Protection Oriented Scheme Series VIII - II (1831 Days) - Regular Plan - Growth Option;INF789FC1DM3;;10.3599;0;0;14-Mar-2017
139859;UTI Capital Protection Oriented Scheme Series VIII -II  (1831 Days) - Direct Plan - Growth Option;INF789FC1DO9;;10.4472;0;0;14-Mar-2017
139987;UTI Capital Protection Oriented Scheme Series VIII-III (1281 Days) - Direct Plan - Dividend Option;INF789FC1EB4;;10.3351;0;0;14-Mar-2017
139988;UTI Capital Protection Oriented Scheme Series VIII-III (1281 Days) - Regular Plan - Dividend Option;INF789FC1DZ5;;10.2577;0;0;14-Mar-2017
139985;UTI Capital Protection Oriented Scheme Series VIII-III (1281 Days) - Regular Plan - Growth Option;INF789FC1EA6;;10.2577;0;0;14-Mar-2017
139986;UTI Capital Protection Oriented Scheme Series VIII-III (1281Days) - Direct Plan - Growth Option;INF789FC1EC2;;10.3351;0;0;14-Mar-2017
140065;UTI Capital Protection Oriented Scheme - Series VIII-IV (1996 Days) - Direct Plan - IDCW;INF789FC1EZ3;;10.0993;0;0;14-Mar-2017
140067;UTI Capital Protection Oriented Scheme - Series VIII-IV (1996 Days) - Regular Plan - IDCW;INF789FC1EX8;;10.0381;0;0;14-Mar-2017
140068;UTI Capital Protection Oriented Scheme Series VIII-IV (1996 Days) - Direct Plan - Growth Option;INF789FC1FA3;;10.0993;0;0;14-Mar-2017
140066;UTI Capital Protection Oriented Scheme Series VIII-IV (1996 Days) - Regular Plan - Growth Option;INF789FC1EY6;;10.0381;0;0;14-Mar-2017
135304;UTI Dual Advantage Fixed Term Fund Series II-I (1998 Days) - Direct Plan - Dividend Option;INF789FB1W26;;11.8617;0;0;14-Mar-2017
135302;UTI Dual Advantage Fixed Term Fund Series II-I (1998 Days) - Direct Plan - Growth Option;INF789FB1W34;;11.8617;0;0;14-Mar-2017
135303;UTI Dual Advantage Fixed Term Fund Series II-I (1998 Days) - Regular Plan - Dividend Option;INF789FB1W00;;11.5451;0;0;14-Mar-2017
135301;UTI Dual Advantage Fixed Term Fund Series II-I (1998 Days) - Regular Plan - Growth Option;INF789FB1W18;;11.5451;0;0;14-Mar-2017
135358;UTI Dual Advantage Fixed Term Fund Series II-II (1997 Days) - Direct Plan - Dividend Option;INF789FB1Z49;;11.6851;0;0;14-Mar-2017
135359;UTI Dual Advantage Fixed Term Fund Series II-II (1997 Days) - Direct Plan- Growth Option;INF789FB1Z56;;11.6851;0;0;14-Mar-2017
135357;UTI Dual Advantage Fixed Term Fund Series II-II (1997 days) - Regular Plan - Dividend Option;INF789FB1Z23;;11.4806;0;0;14-Mar-2017
135360;UTI Dual Advantage Fixed Term Fund Series II-II (1997 Days) - Regular Plan - Growth Option;INF789FB1Z31;;11.4806;0;0;14-Mar-2017
135513;UTI Dual Advantage Fixed Term Fund Series II-III (1998 Days) - Direct Plan - Growth Option;INF789FB13E3;;11.7907;0;0;14-Mar-2017
135512;UTI Dual Advantage Fixed Term Fund Series II-III (1998 Days) - Direct Plan - IDCW;INF789FB12E5;;11.7908;0;0;14-Mar-2017
135511;UTI Dual Advantage Fixed Term Fund Series II-III (1998 Days) - Regular Plan - Growth Option;INF789FB11E7;;11.5666;0;0;14-Mar-2017
135510;UTI Dual Advantage Fixed Term Fund Series II-III (1998 Days) - Regular Plan - IDCW;INF789FB10E9;;11.5666;0;0;14-Mar-2017
135863;UTI - Dual Advantage Fixed Term Series II-IV (1997 Days) - Direct Plan - Growth Option;INF789FB11K4;;11.7332;0;0;14-Mar-2017
135860;UTI - Dual Advantage Fixed Term Series II-IV (1997 Days) - Regular Plan - Growth Option;INF789FB19J9;;11.4754;0;0;14-Mar-2017
135861;UTI Dual Advantage Fixed Term Fund Series II-IV (1997 Days) - Direct Plan - IDCW;INF789FB10K6;;11.7332;0;0;14-Mar-2017
135862;UTI Dual Advantage Fixed Term Fund Series II-IV (1997 Days) - Regular Plan - IDCW;INF789FB18J1;;11.4754;0;0;14-Mar-2017
136124;UTI - Dual Advantage Fixed Term Series II-V (1997 Days) - Direct Plan - Growth Option;INF789FB13P9;;11.6049;0;0;14-Mar-2017
136122;UTI - Dual Advantage Fixed Term Series II-V (1997 Days) - Regular Plan - Growth Option;INF789FB11P3;;11.3826;0;0;14-Mar-2017
136123;UTI Dual Advantage Fixed Term Fund Series II-V (1997 Days) - Direct Plan - IDCW;INF789FB12P1;;11.6048;0;0;14-Mar-2017
136121;UTI Dual Advantage Fixed Term Fund Series II-V (1997 Days) - Regular Plan - IDCW;INF789FB10P5;;11.3826;0;0;14-Mar-2017
136419;UTI - Dual Advantage Fixed Term Series III-I (1998 Days) - Direct Plan - Growth Option;INF789FB11W9;;11.4561;0;0;14-Mar-2017
136420;UTI - Dual Advantage Fixed Term Series III-I (1998 Days) - Regular Plan - Growth Option;INF789FB19V4;;11.2513;0;0;14-Mar-2017
136418;UTI Dual Advantage Fixed Term Fund Series III-I (1998 Days) - Direct Plan - IDCW;INF789FB10W1;;11.456;0;0;14-Mar-2017
136417;UTI Dual Advantage Fixed Term Fund Series III-I (1998 Days) - Regular Plan - IDCW;INF789FB18V6;;11.2513;0;0;14-Mar-2017
139505;UTI - Dual Advantage Fixed Term Series II-IV (1278 Days) - Direct Plan - Dividend Option;INF789FC1BD6;;10.6674;0;0;14-Mar-2017
139506;UTI - Dual Advantage Fixed Term Series III-II (1278 Days) - Direct Plan - Growth Option;INF789FC1BE4;;10.6674;0;0;14-Mar-2017
139503;UTI - Dual Advantage Fixed Term Series III-II (1278 Days) - Regular Plan - Dividend Option;INF789FC1BB0;;10.5504;0;0;14-Mar-2017
139504;UTI - Dual Advantage Fixed Term Series III-II (1278 Days) - Regular Plan - Growth Option;INF789FC1BC8;;10.5504;0;0;14-Mar-2017
139649;UTI - Dual Advantage Fixed Term Series III-III (1102 Days) - Direct Plan - Dividend Option;INF789FC1BR6;;10.5316;0;0;14-Mar-2017
139648;UTI - Dual Advantage Fixed Term Series III-III (1102 Days) - Direct Plan - Growth Option;INF789FC1BS4;;10.5316;0;0;14-Mar-2017
139647;UTI - Dual Advantage Fixed Term Series III-III (1102 Days) - Regular Plan - Dividend Option;INF789FC1BP0;;10.4343;0;0;14-Mar-2017
139650;UTI - Dual Advantage Fixed Term Series III-III(1102 Days) - Regular Plan - Growth Option;INF789FC1BQ8;;10.4342;0;0;14-Mar-2017
140169;UTI - Dual Advantage Fixed Term Series IV-I (1279 Days) - Direct Plan - Dividend Option;INF789FC1GG8;;10.217;0;0;14-Mar-2017
140170;UTI - Dual Advantage Fixed Term Series IV-I (1279 Days) - Direct Plan - Growth Option;INF789FC1GH6;;10.2171;0;0;14-Mar-2017
140171;UTI - Dual Advantage Fixed Term Series IV-I (1279 Days) - Regular Plan - Dividend Option;INF789FC1GE3;;10.1718;0;0;14-Mar-2017
140168;UTI - Dual Advantage Fixed Term Series IV-I (1279 Days) - Regular Plan - Growth Option;INF789FC1GF0;;10.1718;0;0;14-Mar-2017
140506;UTI - Dual Advantage Fixed Term Series IV-II (1278 Days) - Direct  Plan - Dividend Option;INF789FC1HW3;;10.0061;0;0;14-Mar-2017
140507;UTI - Dual Advantage Fixed Term Series IV-II (1278 Days) - Direct Plan - Growth Option;INF789FC1HX1;;10.0061;0;0;14-Mar-2017
140508;UTI - Dual Advantage Fixed Term Series IV-II (1278 Days) - Regular Plan - Dividend Option;INF789FC1HU7;;9.9837;0;0;14-Mar-2017
140505;UTI - Dual Advantage Fixed Term Series IV-II (1278 Days) - Regular Plan - Growth Option;INF789FC1HV5;;9.9837;0;0;14-Mar-2017
140542;UTI - Dual Advantage Fixed Term Series IV-III (1279 Days) - Direct Plan - Dividend Option;INF789FC1IO8;;10.0174;0;0;14-Mar-2017
140543;UTI - Dual Advantage Fixed Term Series IV-III (1279 Days) - Direct Plan - Growth Option;INF789FC1IP5;;10.0174;0;0;14-Mar-2017
140544;UTI - Dual Advantage Fixed Term Series IV-III (1279 Days) - Regular Plan - Dividend Option;INF789FC1IM2;;10.0011;0;0;14-Mar-2017
140541;UTI - Dual Advantage Fixed Term Series IV-III (1279 Days) - Regular Plan - Growth Option;INF789FC1IN0;;10.0011;0;0;14-Mar-2017
140655;UTI - Dual Advantage Fixed Term Series IV-IV (1997 Days) - Direct Plan - Growth Option;INF789FC1IL4;;10.0246;0;0;14-Mar-2017
140656;UTI - Dual Advantage Fixed Term Series IV-IV (1997 Days) - Regular Plan - Growth Option;INF789FC1IJ8;;10.0175;0;0;14-Mar-2017
140654;UTI Dual Advantage Fixed Term Fund Series IV-IV (1997 Days) - Direct Plan - IDCW;INF789FC1IK6;;10.0246;0;0;14-Mar-2017
140657;UTI Dual Advantage Fixed Term Fund Series IV-IV (1997 Days) - Regular Plan - IDCW;INF789FC1II0;;10.0175;0;0;14-Mar-2017
124596;UTI F I I F-Annual Interval Plan Series - II - Direct Plan - Growth Option;INF789F01VZ1;;22.2325;0;0;14-Mar-2017
106339;UTI F I I F-Annual Interval Plan Series - II - Institutional  Growth Option;INF789F01FP5;;18.6024;0;0;14-Mar-2017
106338;UTI F I I F-Annual Interval Plan Series - II - Regular Plan - Growth Option;INF789F01FM2;;22.1121;0;0;14-Mar-2017
124595;UTI FIIF Annual Interval Plan II - Direct Plan - IDCW;INF789F01VX6;INF789F01VY4;10.3601;0;0;14-Mar-2017
106337;UTI FIIF Annual Interval Plan II - Regular Plan - IDCW;INF789F01FK6;INF789F01FL4;10.3499;0;0;14-Mar-2017
126030;UTI FIIF Annual Interval Plan IV - Direct Plan - IDCW;INF789F01WD6;INF789F01WE4;10.1792;0;0;14-Mar-2017
107070;UTI FIIF Annual Interval Plan IV - Regular Plan - IDCW;INF789F01FW1;INF789F01FX9;10.1794;0;0;14-Mar-2017
126031;UTI Fixed Interval Income Fund (Annual Interval Plan) Series IV - Direct Plan - Growth Option;INF789F01WF1;;21.2629;0;0;14-Mar-2017
111467;UTI Fixed Interval Income Fund (Annual Interval Plan) Series IV - Instn Growth Option;INF789F01GB3;;17.0073;0;0;14-Mar-2017
107071;UTI Fixed Interval Income Fund (Annual Interval Plan) Series IV - Regular Plan - Growth Option;INF789F01FY7;;21.1615;0;0;14-Mar-2017
107089;UTI FIIF Half Yearly Plan I - Regular Plan - IDCW;INF789F01EY0;INF789F01EZ7;10.1622;0;0;14-Mar-2017
122642;UTI Fixed  Income Interval Fund ( Half Yearly Plan - I) - Direct Plan - Growth Option;INF789F01VT4;;21.1153;0;0;14-Mar-2017
107088;UTI Fixed  Income Interval Fund ( Half Yearly Plan - I) - Regular Plan - Growth Option;INF789F01FA7;;20.9554;0;0;14-Mar-2017
107226;UTI FIIF Half Yearly Plan II - Regular Plan - IDCW;INF789F01HG0;INF789F01HH8;10.1632;0;0;14-Mar-2017
125953;UTI Fixed Income Interval Fund ( Half Yearly Plan-II)- Direct Plan - Growth Option;INF789F01WX4;;20.7622;0;0;14-Mar-2017
107228;UTI Fixed Income Interval Fund ( Half Yearly Plan-II)- Regular Plan - Growth Option;INF789F01HI6;;20.6277;0;0;14-Mar-2017
120970;UTI - Fixed Income Interval Fund - Monthly Interval Plan  - Direct Plan - Growth Option;INF789F01VQ0;;21.7481;0;0;14-Mar-2017
106145;UTI - Fixed Income Interval Fund - Monthly Interval Plan  - Regular Plan - Growth Option;INF789F01EU8;;21.5691;0;0;14-Mar-2017
106549;UTI - Fixed Income Interval Fund - Monthly Interval Plan - Institutional Dividend Option;INF789F01EV6;INF789F01EW4;10.0721;0;0;14-Mar-2017
120975;UTI FIIF Monthly Interval Plan I - Direct Plan - Monthly IDCW;INF789F01VO5;INF789F01VP2;10.0392;0;0;14-Mar-2017
106146;UTI FIIF Monthly Interval Plan I - Regular Plan - Monthly IDCW;INF789F01ES2;INF789F01ET0;10.0422;0;0;14-Mar-2017
120902;UTI FIIF Monthly Interval Plan II - Direct Plan - Monthly IDCW;INF789F01VL1;INF789F01VM9;10.0244;0;0;14-Mar-2017
107195;UTI FIIF Monthly Interval Plan II - Regular Plan - Monthly IDCW;INF789F01EM5;INF789F01EN3;10.0149;0;0;14-Mar-2017
120903;UTI Fixed Income Interval Fund - Monthly Interval Plan II-Direct Plan - Growth Option;INF789F01VN7;;20.8659;0;0;14-Mar-2017
107193;UTI Fixed Income Interval Fund - Monthly Interval Plan II-Regular Plan - Growth Option;INF789F01EO1;;20.6926;0;0;14-Mar-2017
121412;UTI FIIF Quarterly Interval Plan III - Direct Plan - IDCW;INF789F01WJ3;INF789F01WK1;10.0389;0;0;14-Mar-2017
106365;UTI FIIF Quarterly Interval Plan III - Regular Plan - IDCW;INF789F01GI8;INF789F01GJ6;10.0342;0;0;14-Mar-2017
121413;UTI Fixed  Income Interval Fund ( Quarterly Interval Plan - III) - Direct Plan - Growth Option;INF789F01WL9;;21.7975;0;0;14-Mar-2017
106368;UTI Fixed  Income Interval Fund ( Quarterly Interval Plan - III) - Inst Growth Plan;INF789F01GN8;;21.8198;0;0;14-Mar-2017
106366;UTI Fixed  Income Interval Fund ( Quarterly Interval Plan - III) -Regular Plan - Growth Option;INF789F01GK4;;21.6212;0;0;14-Mar-2017
106367;UTI Fixed  Income Interval Fund ( Quarterly Interval Plan -III) - Inst Dividend Plan;INF789F01GL2;INF789F01GM0;10.0341;0;0;14-Mar-2017
121034;UTI F I I F Series II -Quarterly Interval Plan - IV -Direct Plan - Growth Option;INF789F01WO3;;20.0823;0;0;14-Mar-2017
109466;UTI F I I F Series II -Quarterly Interval Plan - IV -Instn. Growth  Option;INF789F01GT5;;17.3352;0;0;14-Mar-2017
109465;UTI F I I F Series II -Quarterly Interval Plan - IV -Regular Plan - Growth Option;INF789F01GQ1;;19.9174;0;0;14-Mar-2017
121033;UTI FIIF Sr-2 Quarterly Interval Plan IV - Direct Plan - IDCW;INF789F01WM7;INF789F01WN5;10.0999;0;0;14-Mar-2017
109464;UTI FIIF Sr-2 Quarterly Interval Plan IV - Regular Plan - IDCW;INF789F01GO6;INF789F01GP3;10.0969;0;0;14-Mar-2017
120877;UTI F I I F Series II -Quarterly Interval Plan - VII - Direct Plan - Growth Option;INF789F01VK3;;20.0038;0;0;14-Mar-2017
110468;UTI F I I F Series II -Quarterly Interval Plan - VII - Regular Plan - Growth Option;INF789F01EI3;;19.8374;0;0;14-Mar-2017
120876;UTI FIIF Sr-2 Quarterly Interval Plan VII - Direct Plan - IDCW;INF789F01VI7;INF789F01VJ5;10.135;0;0;14-Mar-2017
110469;UTI FIIF Sr-2 Quarterly Interval Plan VII - Regular Plan - IDCW;INF789F01EG7;INF789F01EH5;10.1211;0;0;14-Mar-2017
127642;UTI FTIF Series XVII -XV (1825 DAYS)- Annual Div Option;INF789FA1909;INF789FA1917;11.3586;0;0;14-Mar-2017
127648;UTI FTIF Series XVII -XV (1825 DAYS)-Flexi Div Option;INF789FA1941;INF789FA1958;12.8003;0;0;14-Mar-2017
127640;UTI FTIF Series XVII -XV (1825 DAYS)-Growth Option;INF789FA1933;;13.4197;0;0;14-Mar-2017
127641;UTI FTIF Series XVII -XV (1825 DAYS)-Growth Option - Direct;INF789FA1859;;13.7502;0;0;14-Mar-2017
127646;UTI FTIF Series XVII -XV (1825 DAYS)-Maturity Div Option;INF789FA1925;;13.4196;0;0;14-Mar-2017
127644;UTI FTIF Series XVII -XV (1825 DAYS)-Quarterly Div Option;INF789FA1883;INF789FA1891;10.6835;0;0;14-Mar-2017
127645;UTI FTIF Series XVII -XV (1825 DAYS)-Quarterly Div Option - Direct;INF789FA1800;INF789FA1818;10.7036;0;0;14-Mar-2017
128567;UTI FTIF Series XVIII -II (1825 DAYS) - Growth Option - Direct;INF789FA1DV6;;13.6011;0;0;14-Mar-2017
128573;UTI FTIF Series XVIII -II (1825 DAYS)- Growth Option;INF789FA1ED2;;13.28;0;0;14-Mar-2017
128564;UTI FTIF Series XVIII -II (1825 DAYS)-Annual Div Option;INF789FA1EA8;INF789FA1EB6;11.2967;0;0;14-Mar-2017
128568;UTI FTIF Series XVIII -II (1825 DAYS)-Annual Div Option - Direct;INF789FA1DS2;INF789FA1DT0;11.3871;0;0;14-Mar-2017
128565;UTI FTIF Series XVIII -II (1825 DAYS)-Flexi Div Option;INF789FA1EE0;INF789FA1EF7;12.7245;0;0;14-Mar-2017
128571;UTI FTIF Series XVIII -II (1825 DAYS)-Maturity Div Option;INF789FA1EC4;;13.2808;0;0;14-Mar-2017
128569;UTI FTIF Series XVIII -II (1825 DAYS)-Quarterly Div Option;INF789FA1DY0;INF789FA1DZ7;10.625;0;0;14-Mar-2017
128570;UTI FTIF Series XVIII -II (1825 DAYS)-Quarterly Div Option - Direct;INF789FA1DQ6;INF789FA1DR4;10.655;0;0;14-Mar-2017
134897;UTI - FTIF Series XXII - V (1099 Days) - Direct Plan - Growth Option;INF789FB1D45;;11.7159;0;0;14-Mar-2017
134896;UTI - FTIF Series XXII-V (1099 Days) -  Regular Plan - Growth Option;INF789FB1D94;;11.5992;0;0;14-Mar-2017
134899;UTI - FTIF Series XXII-V (1099 Days) - Direct Plan - Annual Div Option;INF789FB1D29;;10.9985;0;0;14-Mar-2017
134898;UTI - FTIF Series XXII-V (1099 Days) - Direct Plan - Quarterly Div Option;INF789FB1D60;;10.3402;0;0;14-Mar-2017
134892;UTI - FTIF Series XXII-V (1099 Days) - Regular Plan - Annual Div Option;INF789FB1D78;;10.9743;0;0;14-Mar-2017
134894;UTI - FTIF Series XXII-V (1099 Days) - Regular Plan - Flexi Div Option;INF789FB1D86;;11.5994;0;0;14-Mar-2017
134895;UTI - FTIF Series XXII-V (1099 Days) - Regular Plan - Quarterly Div Option;INF789FB1E10;;10.3406;0;0;14-Mar-2017
135315;UTI FTIF Series XXII-XV (1098 Days) - Direct Plan - Growth Option;INF789FB1X17;;11.6188;0;0;14-Mar-2017
135313;UTI FTIF Series XXII-XV (1098 Days) - Direct Plan - Maturity Div Option;INF789FB1X09;;11.619;0;0;14-Mar-2017
135310;UTI FTIF Series XXII-XV (1098 Days) - Regular Plan - Annual Div Option;INF789FB1Q81;;10.9991;0;0;14-Mar-2017
135308;UTi FTIF Series XXII-XV (1098 Days) - Regular Plan - Flexi Div Option;INF789FB1W75;;11.4794;0;0;14-Mar-2017
135307;UTI FTIF Series XXII-XV (1098 Days) - Regular Plan - Maturity Div Option;INF789FB1X25;;11.4746;0;0;14-Mar-2017
135309;UTI FTIF Series XXII-XV (1098 Days) - Regular Plan - Quarterly Div Otion;INF789FB1W83;;10.3353;0;0;14-Mar-2017
135306;UTI FTIF Series XXII-XV (1098Days) - Regular Plan - Growth Option;INF789FB1X33;;11.4747;0;0;14-Mar-2017
135364;UTI FTIF Series XXIII-I (1098 Days) - Direct Plan - Annual Div Option;INF789FB1Z72;;10.9847;0;0;14-Mar-2017
135366;UTI FTIF Series XXIII-I (1098 Days) - Direct Plan - Flexi Div Option;INF789FB1Z80;;11.4434;0;0;14-Mar-2017
135363;UTI FTIF Series XXIII-I (1098 Days) - Direct Plan - Growth Option;INF789FB13A1;;11.4432;0;0;14-Mar-2017
135365;UTI FTIF Series XXIII-I (1098 Days) - Direct Plan - Maturity Div Option;INF789FB12A3;;11.4432;0;0;14-Mar-2017
135367;UTI FTIF Series XXIII-I (1098 Days) - Direct Plan - Quarterly Div Option;INF789FB1Z64;;10.304;0;0;14-Mar-2017
135361;UTI FTIF Series XXIII-I (1098 Days) - Regular Plan - Annual Div Option;INF789FB11A5;;10.9205;0;0;14-Mar-2017
135368;UTI FTIF Series XXIII-I (1098 Days) - Regular Plan - Flexi Div Option;INF789FB1Z98;;11.3007;0;0;14-Mar-2017
135370;UTI FTIF Series XXIII-I (1098 Days) - Regular Plan - Growth Option;INF789FB15A6;;11.3013;0;0;14-Mar-2017
135362;UTI FTIF Series XXIII-I (1098 Days) - Regular Plan - Maturity Div Option;INF789FB14A9;;11.3011;0;0;14-Mar-2017
135369;UTI FTIF Series XXIII-I (1098 Days) - Regular Plan - Quarterly Div Option;INF789FB10A7;;10.304;0;0;14-Mar-2017
135461;UTI FTIF Series XXIII-II (1100 Days) - Direct Plan - Annual Div Option;INF789FB17A2;;10.9844;0;0;14-Mar-2017
135459;UTI FTIF Series XXIII-II (1100 Days) - Direct Plan - Growth Option;INF789FB13B9;;11.3571;0;0;14-Mar-2017
135457;UTI FTIF Series XXIII-II (1100 Days) - Direct Plan - Maturity Div Option;INF789FB12B1;;11.3571;0;0;14-Mar-2017
135460;UTI FTIF Series XXIII-II (1100 Days) - Direct Plan - Quarterly Div Option;INF789FB16A4;;10.2593;0;0;14-Mar-2017
135453;UTI FTIF Series XXIII-II (1100 Days) - Regular Plan - Annual Div Option;INF789FB11B3;;10.9143;0;0;14-Mar-2017
135456;UTI FTIF Series XXIII-II (1100 Days) - Regular Plan - Flexi Div Option;INF789FB19A8;;11.2169;0;0;14-Mar-2017
135455;UTI FTIF Series XXIII-II (1100 Days) - Regular Plan - Maturity Div Option;INF789FB14B7;;11.2157;0;0;14-Mar-2017
135454;UTI FTIF Series XXIII-II (1100 Days) - Regular Plan - Quarterly Div Option;INF789FB10B5;;10.2593;0;0;14-Mar-2017
135452;UTI FTIF Series XXIII-II (1100 Days)- Regular Plan - Growth Option;INF789FB15B4;;11.2158;0;0;14-Mar-2017
135385;UTI FTIF Series XXIII-III (1098 Days) - Direct Plan - Growth Option;INF789FB13C7;;11.3975;0;0;14-Mar-2017
135384;UTI FTIF Series XXIII-III (1098 Days) - Regular Plan - Growth Option;INF789FB15C2;;11.3939;0;0;14-Mar-2017
135522;UTI FTIF Series XXIII-IV (1100 Days) - Direct Plan - Annual Div Option;INF789FB11D9;;10.9819;0;0;14-Mar-2017
135523;UTI FTIF Series XXIII-IV (1100 Days) - Direct Plan - Growth Option;INF789FB17D6;;11.3159;0;0;14-Mar-2017
135520;UTI FTIF Series XXIII-IV (1100 Days) - Direct Plan - Maturity Div Option;INF789FB16D8;;11.3158;0;0;14-Mar-2017
135519;UTI FTIF Series XXIII-IV (1100 Days) - Direct Plan - Quarterly Div Option;INF789FB10D1;;10.2402;0;0;14-Mar-2017
135517;UTI FTIF Series XXIII-IV (1100 Days) - Regular Plan - Annual Div Option;INF789FB15D0;;10.9041;0;0;14-Mar-2017
135514;UTI FTIF Series XXIII-IV (1100 Days) - Regular Plan - Growth Option;INF789FB19D2;;11.1758;0;0;14-Mar-2017
135518;UTI FTIF Series XXIII-IV (1100 Days) - Regular Plan - Maturity Div Option;INF789FB18D4;;11.1762;0;0;14-Mar-2017
135516;UTI FTIF Series XXIII-IV (1100 Days) - Regular Plan - Quarterly Div Option;INF789FB14D3;;10.2403;0;0;14-Mar-2017
135823;UTI FTIF Series XXIII-IX (1100 Days)- Direct Plan - Annual Div Option;INF789FB19I1;;10.9876;0;0;14-Mar-2017
135827;UTI FTIF Series XXIII-IX (1100 Days)- Direct Plan - Growth Option;INF789FB15J7;;11.2066;0;0;14-Mar-2017
135825;UTI FTIF Series XXIII-IX (1100 Days)- Direct Plan - Maturity Div Option;INF789FB14J0;;11.2063;0;0;14-Mar-2017
135824;UTI FTIF Series XXIII-IX (1100 Days)- Direct Plan - Quarterly Div Option;INF789FB18I3;;10.2704;0;0;14-Mar-2017
135829;UTI FTIF Series XXIII-IX (1100 Days)- Regular Plan - Annual Div Option;INF789FB13J2;;10.9094;0;0;14-Mar-2017
135831;UTI FTIF Series XXIII-IX (1100 Days)- Regular Plan - Flexi Div Option;INF789FB11J6;;11.0947;0;0;14-Mar-2017
135832;UTI FTIF Series XXIII-IX (1100 Days)- Regular Plan - Growth Option;INF789FB17J3;;11.0949;0;0;14-Mar-2017
135830;UTI FTIF Series XXIII-IX (1100 Days)- Regular Plan - Maturity Div Option;INF789FB16J5;;11.0948;0;0;14-Mar-2017
135828;UTI FTIF Series XXIII-IX (1100 Days)- Regular Plan - Quarterly Div Option;INF789FB12J4;;10.2704;0;0;14-Mar-2017
135577;UTI FTIF Series XXIII-V (1100 Days) - Direct Plan - Annual Div Option;INF789FB15E8;;10.9804;0;0;14-Mar-2017
135580;UTI FTIF Series XXIII-V (1100 Days) - Direct Plan - Growth Option;INF789FB11F4;;11.2845;0;0;14-Mar-2017
135576;UTI FTIF Series XXIII-V (1100 Days) - Direct Plan - Quarterly Div Option;INF789FB14E1;;10.2007;0;0;14-Mar-2017
135573;UTI FTIF Series XXIII-V (1100 Days) - Regular Plan - Annual Div Option;INF789FB19E0;;10.8998;0;0;14-Mar-2017
135572;UTI FTIF Series XXIII-V (1100 Days) - Regular Plan - Growth Option;INF789FB13F0;;11.1441;0;0;14-Mar-2017
135574;UTI FTIF Series XXIII-V (1100 Days) - Regular Plan - Maturity Div Option;INF789FB12F2;;11.144;0;0;14-Mar-2017
135571;UTI FTIF Series XXIII-V (1100 Days) - Regular Plan - Quarterly Div Option;INF789FB18E2;;10.2007;0;0;14-Mar-2017
135647;UTI FTIF Series XXIII-VI (1100 Days)- Direct Plan - Growth Option;INF789FB15G3;;11.2556;0;0;14-Mar-2017
135643;UTI FTIF Series XXIII-VI (1100 Days)- Direct Plan - Maturity Div Option;INF789FB14G6;;11.2539;0;0;14-Mar-2017
135645;UTI FTIF Series XXIII-VI (1100 Days)- Direct Plan - Quarterly Div Option;INF789FB18F9;;10.2224;0;0;14-Mar-2017
135642;UTI FTIF Series XXIII-VI (1100 Days)- Regular Plan - Annual Div Option;INF789FB13G8;;10.8956;0;0;14-Mar-2017
135641;UTI FTIF Series XXIII-VI (1100 Days)- Regular Plan - Flexi Div Option;INF789FB11G2;;11.1159;0;0;14-Mar-2017
135638;UTI FTIF Series XXIII-VI (1100 Days)- Regular Plan - Growth Option;INF789FB17G9;;11.1155;0;0;14-Mar-2017
135639;UTI FTIF Series XXIII-VI (1100 Days)- Regular Plan - Quarterly Div Option;INF789FB12G0;;10.2224;0;0;14-Mar-2017
135670;UTI FTIF Series XXIII-VII (1098 Days) - Direct Plan - Growth Option;INF789FB15H1;;11.2296;0;0;14-Mar-2017
135668;UTI FTIF Series XXIII-VII (1098 Days) - Regular Plan - Growth Option;INF789FB17H7;;11.222;0;0;14-Mar-2017
135703;UTI FTIF Series XXIII-VIII (1100 Days)- Direct Plan - Annual Div Option;INF789FB19H3;;10.9881;0;0;14-Mar-2017
135698;UTI FTIF Series XXIII-VIII (1100 Days)- Direct Plan - Growth Option;INF789FB15I9;;11.2265;0;0;14-Mar-2017
135700;UTI FTIF Series XXIII-VIII (1100 Days)- Direct Plan - Maturity Div Option;INF789FB14I2;;11.2266;0;0;14-Mar-2017
135699;UTI FTIF Series XXIII-VIII (1100 Days)- Direct Plan - Quarterly Div Option;INF789FB18H5;;10.2374;0;0;14-Mar-2017
135702;UTI FTIF Series XXIII-VIII (1100 Days)- Regular Plan - Annual Div Option;INF789FB13I4;;10.9144;0;0;14-Mar-2017
135704;UTI FTIF Series XXIII-VIII (1100 Days)- Regular Plan - Flexi Div Option;INF789FB11I8;;11.1145;0;0;14-Mar-2017
135697;UTI FTIF Series XXIII-VIII (1100 Days)- Regular Plan - Growth Option;INF789FB17I5;;11.1146;0;0;14-Mar-2017
135701;UTI FTIF Series XXIII-VIII (1100 Days)- Regular Plan - Maturity Div Option;INF789FB16I7;;11.1148;0;0;14-Mar-2017
135705;UTI FTIF Series XXIII-VIII (1100 Days)- Regular Plan - Quarterly Div Option;INF789FB12I6;;10.237;0;0;14-Mar-2017
135881;UTI FTIF Series XXIII-X (1100 Days) - Direct Plan - Annual Div Option;INF789FB13K0;;11.0093;0;0;14-Mar-2017
135883;UTI FTIF Series XXIII-X (1100 Days) - Direct Plan - Flexi Div Option;INF789FB14K8;;11.2116;0;0;14-Mar-2017
135879;UTI FTIF Series XXIII-X (1100 Days) - Direct Plan - Growth Option;INF789FB19K7;;11.2114;0;0;14-Mar-2017
135882;UTI FTIF Series XXIII-X (1100 Days) - Direct Plan - Maturity Div Option;INF789FB18K9;;11.2115;0;0;14-Mar-2017
135880;UTI FTIF Series XXIII-X (1100 Days) - Direct Plan - Quarterly Div Option;INF789FB12K2;;10.317;0;0;14-Mar-2017
135876;UTI FTIF Series XXIII-X (1100 Days) - Regular Plan - Annual Div Option;INF789FB17K1;;10.9244;0;0;14-Mar-2017
135874;UTI FTIF Series XXIII-X (1100 Days) - Regular Plan - Growth Option;INF789FB11L2;;11.0994;0;0;14-Mar-2017
135877;UTI FTIF Series XXIII-X (1100 Days) - Regular Plan - Maturity Div Option;INF789FB10L4;;11.0994;0;0;14-Mar-2017
135875;UTI FTIF Series XXIII-X (1100 Days) - Regular Plan - Quarterly Div Option;INF789FB16K3;;10.3161;0;0;14-Mar-2017
135944;UTI FTIF Series XXIII-XI (1100 Days)- Direct Plan - Annual Div Option;INF789FB13L8;;10.9467;0;0;14-Mar-2017
135942;UTI FTIF Series XXIII-XI (1100 Days)- Direct Plan - Growth Option;INF789FB19L5;;11.1623;0;0;14-Mar-2017
135948;UTI FTIF Series XXIII-XI (1100 Days)- Regular Plan - Annual Div Option;INF789FB17L9;;10.9416;0;0;14-Mar-2017
135947;UTI FTIF Series XXIII-XI (1100 Days)- Regular Plan - Growth Option;INF789FB11M0;;11.1554;0;0;14-Mar-2017
136008;UTI FTIF Series XXIII-XII (1100 Days)- Direct Plan - Annual Div Option;INF789FB13M6;;11.0038;0;0;14-Mar-2017
136011;UTI FTIF Series XXIII-XII (1100 Days)- Direct Plan - Growth Option;INF789FB19M3;;11.1428;0;0;14-Mar-2017
136012;UTI FTIF Series XXIII-XII (1100 Days)- Direct Plan - Maturity Div Option;INF789FB18M5;;11.1429;0;0;14-Mar-2017
136009;UTI FTIF Series XXIII-XII (1100 Days)- Direct Plan - Quarterly Div Option;INF789FB12M8;;10.2809;0;0;14-Mar-2017
136013;UTI FTIF Series XXIII-XII (1100 Days)- Regular Plan - Annual Div Option;INF789FB17M7;;10.9146;0;0;14-Mar-2017
136016;UTI FTIF Series XXIII-XII (1100 Days)- Regular Plan - Flexi Div Option;INF789FB15M1;;11.0308;0;0;14-Mar-2017
136017;UTI FTIF Series XXIII-XII (1100 Days)- Regular Plan - Growth Option;INF789FB11N8;;11.0314;0;0;14-Mar-2017
136014;UTI FTIF Series XXIII-XII (1100 Days)- Regular Plan - Quarterly Div Option;INF789FB16M9;;10.2741;0;0;14-Mar-2017
136101;UTI FTIF Series XXIII-XIII (1100 Days)- Direct Plan - Annual Div Option;INF789FB11O6;;10.9909;0;0;14-Mar-2017
136096;UTI FTIF Series XXIII-XIII (1100 Days)- Direct Plan - Growth Option;INF789FB17O3;;11.1272;0;0;14-Mar-2017
136097;UTI FTIF Series XXIII-XIII (1100 Days)- Direct Plan - Maturity Div Option;INF789FB16O5;;11.1272;0;0;14-Mar-2017
136102;UTI FTIF Series XXIII-XIII (1100 Days)- Direct Plan - Quarterly Div Option;INF789FB10O8;;10.2956;0;0;14-Mar-2017
136099;UTI FTIF Series XXIII-XIII (1100 Days)- Regular Plan - Annual Div Option;INF789FB15O7;;10.8971;0;0;14-Mar-2017
136103;UTI FTIF Series XXIII-XIII (1100 Days)- Regular Plan - Growth Option;INF789FB19O9;;11.0162;0;0;14-Mar-2017
136104;UTI FTIF Series XXIII-XIII (1100 Days)- Regular Plan - Maturity Div Option;INF789FB18O1;;11.0162;0;0;14-Mar-2017
136100;UTI FTIF Series XXIII-XIII (1100 Days)- Regular Plan - Quarterly Div Option;INF789FB14O0;;10.2845;0;0;14-Mar-2017
136200;UTI FTIF Series XXIII-XIV (1145 Days)- Direct Plan - Annual Div Option;INF789FB15P4;;10.9955;0;0;14-Mar-2017
136202;UTI FTIF Series XXIII-XIV (1145 Days)- Direct Plan - Flexi Div Option;INF789FB16P2;;11.0858;0;0;14-Mar-2017
136199;UTI FTIF Series XXIII-XIV (1145 Days)- Direct Plan - Growth Option;INF789FB11Q1;;11.0854;0;0;14-Mar-2017
136201;UTI FTIF Series XXIII-XIV (1145 Days)- Direct Plan - Maturity Div Option;INF789FB10Q3;;11.0843;0;0;14-Mar-2017
136205;UTI FTIF Series XXIII-XIV (1145 Days)- Direct Plan - Quarterly Div Option;INF789FB14P7;;10.3191;0;0;14-Mar-2017
136207;UTI FTIF Series XXIII-XIV (1145 Days)- Regular Plan - Annual Div Option;INF789FB19P6;;10.8976;0;0;14-Mar-2017
136206;UTI FTIF Series XXIII-XIV (1145 Days)- Regular Plan - Growth Option;INF789FB13Q7;;10.9752;0;0;14-Mar-2017
136208;UTI FTIF Series XXIII-XIV (1145 Days)- Regular Plan - Maturity Div Option;INF789FB12Q9;;10.9752;0;0;14-Mar-2017
136203;UTI FTIF Series XXIII-XIV (1145 Days)- Regular Plan - Quarterly Div Option;INF789FB18P8;;10.304;0;0;14-Mar-2017
136213;UTI FTIF Series XXIII-XV (1176 Days)- Direct Plan - Growth Option;INF789FB11R9;;11.0767;0;0;14-Mar-2017
136214;UTI FTIF Series XXIII-XV (1176 Days)- Regular Plan - Growth Option;INF789FB13R5;;11.0705;0;0;14-Mar-2017
136355;UTI FTIF Series XXIV - II (1142 Days) - Regular Plan - Flexi Div Option;INF789FB17S4;;10.9561;0;0;14-Mar-2017
136351;UTI FTIF Series XXIV - II (1142 Days) - Regular Plan - Quarterly Div Option;INF789FB18S2;;10.3227;0;0;14-Mar-2017
136349;UTI FTIF Series XXIV-II (1142 Days)- Direct Plan - Growth Option;INF789FB11T5;;11.0663;0;0;14-Mar-2017
136347;UTI FTIF Series XXIV-II (1142 Days)- Direct Plan - Maturity Div Option;INF789FB10T7;;11.0662;0;0;14-Mar-2017
136353;UTI FTIF Series XXIV-II (1142 Days)- Regular Plan - Growth Option;INF789FB13T1;;10.9562;0;0;14-Mar-2017
139233;UTI FTIF Series XXIV-IX (1183 Days)- Direct Plan - Growth Option;INF789FC1246;;10.9165;0;0;14-Mar-2017
139234;UTI FTIF Series XXIV-IX (1183 Days)- Regular Plan - Growth Option;INF789FC1261;;10.9008;0;0;14-Mar-2017
136488;UTI FTIF Series XXIV-V (1132 Days)- Direct Plan - Growth Option;INF789FB13X3;;10.9934;0;0;14-Mar-2017
136495;UTI FTIF Series XXIV-V (1132 Days)- Direct Plan - Maturity Div Option;INF789FB12X5;;10.9935;0;0;14-Mar-2017
136489;UTI FTIF Series XXIV-V (1132 Days)- Direct Plan - Quarterly Div Option;INF789FB16W8;;10.3034;0;0;14-Mar-2017
136492;UTI FTIF Series XXIV-V (1132 Days)- Regular Plan - Annual Div Option;INF789FB11X7;;10.8843;0;0;14-Mar-2017
136496;UTI FTIF Series XXIV-V (1132 Days)- Regular Plan - Growth Option;INF789FB15X8;;10.8843;0;0;14-Mar-2017
136493;UTI FTIF Series XXIV-V (1132 Days)- Regular Plan - Maturity Div Option;INF789FB14X1;;10.8849;0;0;14-Mar-2017
136497;UTI FTIF Series XXIV-V (1132 Days)- Regular Plan - Quarterly Div Option;INF789FB10X9;;10.2793;0;0;14-Mar-2017
136499;UTI FTIF Series XXIV-VI (1181 Days)- Direct Plan - Growth Option;INF789FB13Y1;;11.0375;0;0;14-Mar-2017
136558;UTI FTIF Series XXIV-VI (1181 Days)- Regular Plan - Growth Option;INF789FB15Y6;;11.0318;0;0;14-Mar-2017
138244;UTI FTIF Series XXIV-VII (1182 Days)- Direct Plan - Growth Option;INF789FB13Z8;;11.0013;0;0;14-Mar-2017
138247;UTI FTIF Series XXIV-VII (1182 Days)- Regular Plan - Growth Option;INF789FB15Z3;;10.9957;0;0;14-Mar-2017
139206;UTI FTIF Series XXIV-VIII (1184 Days) - Direct Plan - Maturity Div Option;INF789FC1030;;10.9721;0;0;14-Mar-2017
139169;UTI FTIF Series XXIV-VIII (1184 Days)- Direct Plan - Growth Option;INF789FC1048;;10.9722;0;0;14-Mar-2017
139170;UTI FTIF Series XXIV-VIII (1184 Days)- Regular Paln - Growth Option;INF789FC1063;;10.9558;0;0;14-Mar-2017
139216;UTI FTIF Series XXIV-X (1118 Days) - Direct Plan - Annual Div Option;INF789FC1089;;10.9498;0;0;14-Mar-2017
139210;UTI FTIF Series XXIV-X (1118 Days)- Direct Plan - Growth Option;INF789FC1147;;10.9482;0;0;14-Mar-2017
139211;UTI FTIF Series XXIV-X (1118 Days)- Direct Plan - Maturity Div Option;INF789FC1139;;10.9481;0;0;14-Mar-2017
139207;UTI FTIF Series XXIV-X (1118 Days)- Direct Plan - Quarterly Div Option;INF789FC1071;;10.2994;0;0;14-Mar-2017
139209;UTI FTIF Series XXIV-X (1118 Days)- Regular Plan - Annual Div Option;INF789FC1121;;10.8437;0;0;14-Mar-2017
139215;UTI FTIF Series XXIV-X (1118 Days)- Regular Plan - Growth Option;INF789FC1162;;10.8437;0;0;14-Mar-2017
139217;UTI FTIF Series XXIV-X (1118 Days)- Regular Plan - Quarterly Div Option;INF789FC1113;;10.2754;0;0;14-Mar-2017
139277;UTI FTIF Series XXIV-XI (1098 Days)- Direct Plan - Annual Div Option;INF789FC1600;;10.8296;0;0;14-Mar-2017
139273;UTI FTIF Series XXIV-XI (1098 Days)- Direct Plan - Growth Option;INF789FC1667;;10.8296;0;0;14-Mar-2017
139274;UTI FTIF Series XXIV-XI (1098 Days)- Direct Plan - Maturity Div Option;INF789FC1659;;10.8296;0;0;14-Mar-2017
139276;UTI FTIF Series XXIV-XI (1098 Days)- Direct Plan - Quarterly Div Option;INF789FC1592;;10.2693;0;0;14-Mar-2017
139280;UTI FTIF Series XXIV-XI (1098 Days)- Regular Plan - Annual Div Option;INF789FC1642;;10.733;0;0;14-Mar-2017
139275;UTI FTIF Series XXIV-XI (1098 Days)- Regular Plan - Growth Option;INF789FC1683;;10.733;0;0;14-Mar-2017
139279;UTI FTIF Series XXIV-XI (1098 Days)- Regular Plan - Quarterly Div Option;INF789FC1634;;10.2453;0;0;14-Mar-2017
139282;UTI FTIF Series XXIV-XI (10980 Days)- Regular Plan - Maturity Div Option;INF789FC1675;;10.7329;0;0;14-Mar-2017
139318;UTI FTIF Series XXIV-XII (1099 Days)- Direct Plan - Annual Div Option;INF789FC1741;;10.7764;0;0;14-Mar-2017
139317;UTI FTIF Series XXIV-XII (1099 Days)- Direct Plan - Growth Option;INF789FC1808;;10.7765;0;0;14-Mar-2017
139320;UTI FTIF Series XXIV-XII (1099 Days)- Direct Plan - Maturity Div Option;INF789FC1790;;10.7764;0;0;14-Mar-2017
139319;UTI FTIF Series XXIV-XII (1099 Days)- Direct Plan - Quarterly Dividend Option;INF789FC1733;;10.2664;0;0;14-Mar-2017
139325;UTI FTIF Series XXIV-XII (1099 Days)- Regular Plan - Annual Div Option;INF789FC1782;;10.6856;0;0;14-Mar-2017
139322;UTI FTIF Series XXIV-XII (1099 Days)- Regular Plan - Flexi Div Option;INF789FC1766;;10.6879;0;0;14-Mar-2017
139324;UTI FTIF Series XXIV-XII (1099 Days)- Regular Plan - Growth Option;INF789FC1824;;10.6856;0;0;14-Mar-2017
139323;UTI FTIF Series XXIV-XII (1099 Days)- Regular Plan - Maturity Div Option;INF789FC1816;;10.6856;0;0;14-Mar-2017
139326;UTI FTIF Series XXIV-XII (1099 Days)- Regular Plan - Quarterly Div Option;INF789FC1774;;10.2424;0;0;14-Mar-2017
139349;UTI FTIF Series XXIV-XIII (1097 Days)- Direct Plan - Annual Div Option;INF789FC1840;;10.7363;0;0;14-Mar-2017
139350;UTI FTIF Series XXIV-XIII (1097 Days)- Direct Plan - Growth Option;INF789FC1907;;10.7363;0;0;14-Mar-2017
139356;UTI FTIF Series XXIV-XIII (1097 Days)- Direct Plan - Maturity Div Option;INF789FC1899;;10.7363;0;0;14-Mar-2017
139351;UTI FTIF Series XXIV-XIII (1097 Days)- Direct Plan - Quarterly Div Option;INF789FC1832;;10.2621;0;0;14-Mar-2017
139352;UTI FTIF Series XXIV-XIII (1097 Days)- Regular Plan - Annual Div Option;INF789FC1881;;10.6505;0;0;14-Mar-2017
139358;UTI FTIF Series XXIV-XIII (1097 Days)- Regular Plan - Flexi Div Option;INF789FC1865;;10.6505;0;0;14-Mar-2017
139354;UTI FTIF Series XXIV-XIII (1097 Days)- Regular Plan - Growth Option;INF789FC1923;;10.6505;0;0;14-Mar-2017
139357;UTI FTIF Series XXIV-XIII (1097 Days)- Regular Plan - Maturity Div Option;INF789FC1915;;10.6505;0;0;14-Mar-2017
139355;UTI FTIF Series XXIV-XIII (1097 Days)- Regular Plan - Quarterly Div Option;INF789FC1873;;10.2382;0;0;14-Mar-2017
139393;UTI FTIF Series XXIV - XIV (1831 Days) - Direct Plan - Maturity IDCW;INF789FC1AD8;;10.7969;0;0;14-Mar-2017
139397;UTI FTIF Series XXIV - XIV (1831 Days) - Direct Plan - Quarterly IDCW;INF789FC1972;;10.3448;0;0;14-Mar-2017
139400;UTI FTIF Series XXIV - XIV (1831 Days) - Regular Plan - Annual IDCW;INF789FC1AC0;;10.7545;0;0;14-Mar-2017
139402;UTI FTIF Series XXIV - XIV (1831 Days) - Regular Plan - Flexi IDCW;INF789FC1AA4;;10.7545;0;0;14-Mar-2017
139401;UTI FTIF Series XXIV - XIV (1831 Days) - Regular Plan - Maturity IDCW;INF789FC1AF3;;10.7545;0;0;14-Mar-2017
139398;UTI FTIF Series XXIV - XIV (1831 Days) - Regular Plan - Quarterly IDCW;INF789FC1AB2;;10.3328;0;0;14-Mar-2017
139399;UTI FTIF Series XXIV-XIV (1831 Days)- Direct Plan - Growth Option;INF789FC1AE6;;10.7967;0;0;14-Mar-2017
139395;UTI FTIF Series XXIV-XIV (1831 Days)- Regular Plan - Growth Option;INF789FC1AG1;;10.7545;0;0;14-Mar-2017
139423;UTI FTIF Series XXIV-XV (1099 Days)- Direct Plan - Annual Div Option;INF789FC1AI7;;10.7006;0;0;14-Mar-2017
139422;UTI FTIF Series XXIV-XV (1099 Days)- Direct Plan - Growth Option;INF789FC1AO5;;10.7006;0;0;14-Mar-2017
139421;UTI FTIF Series XXIV-XV (1099 Days)- Direct Plan - Maturity Div Option;INF789FC1AN7;;10.7006;0;0;14-Mar-2017
139420;UTI FTIF Series XXIV-XV (1099 Days)- Direct Plan - Quarterly Div Option;INF789FC1AH9;;10.2637;0;0;14-Mar-2017
139428;UTI FTIF Series XXIV-XV (1099 Days)- Regular Plan - Annual Div Option;INF789FC1AM9;;10.6206;0;0;14-Mar-2017
139427;UTI FTIF Series XXIV-XV (1099 Days)- Regular Plan - Flexi Div Option;INF789FC1AK3;;10.6206;0;0;14-Mar-2017
139425;UTI FTIF Series XXIV-XV (1099 Days)- Regular Plan - Growth Option;INF789FC1AQ0;;10.6206;0;0;14-Mar-2017
139426;UTI FTIF Series XXIV-XV (1099 Days)- Regular Plan - Maturity Div Option;INF789FC1AP2;;10.6206;0;0;14-Mar-2017
139429;UTI FTIF Series XXIV-XV (1099 Days)- Regular Plan - Quarterly Div Option;INF789FC1AL1;;10.2398;0;0;14-Mar-2017
139479;UTI FTIF Series XXIV-XVII (1098 Days)- Direct Plan - Annual Div Option;INF789FC1AS6;;10.6505;0;0;14-Mar-2017
139478;UTI FTIF Series XXIV-XVII (1098 Days)- Direct Plan - Growth Option;INF789FC1AY4;;10.6504;0;0;14-Mar-2017
139483;UTI FTIF Series XXIV-XVII (1098 Days)- Direct Plan - Maturity Div Option;INF789FC1AX6;;10.6506;0;0;14-Mar-2017
139484;UTI FTIF Series XXIV-XVII (1098 Days)- Direct Plan - Quarterly Div Option;INF789FC1AR8;;10.2637;0;0;14-Mar-2017
139480;UTI FTIF Series XXIV-XVII (1098 Days)- Regular Plan - Annual Div Option;INF789FC1AW8;;10.5751;0;0;14-Mar-2017
139481;UTI FTIF Series XXIV-XVII (1098 Days)- Regular Plan - Flexi Div Option;INF789FC1AU2;;10.5752;0;0;14-Mar-2017
139487;UTI FTIF Series XXIV-XVII (1098 Days)- Regular Plan - Growth Option;INF789FC1BA2;;10.5751;0;0;14-Mar-2017
139486;UTI FTIF Series XXIV-XVII (1098 Days)- Regular Plan - Maturity Div Option;INF789FC1AZ1;;10.5751;0;0;14-Mar-2017
139482;UTI FTIF Series XXIV-XVII (1098 Days)- Regular Plan - Quarterly Div Option;INF789FC1AV0;;10.2399;0;0;14-Mar-2017
139554;UTI FTIF Series XXV-I (1099 Days)- Direct Plan - Annual Div Option;INF789FC1BG9;;10.5839;0;0;14-Mar-2017
139550;UTI FTIF Series XXV-I (1099 Days)- Direct Plan - Growth Option;INF789FC1BM7;;10.5839;0;0;14-Mar-2017
139553;UTI FTIF Series XXV-I (1099 Days)- Direct Plan - Maturity Div Option;INF789FC1BL9;;10.5842;0;0;14-Mar-2017
139552;UTI FTIF Series XXV-I (1099 Days)- Direct Plan - Quarterly Div Option;INF789FC1BF1;;10.2358;0;0;14-Mar-2017
139557;UTI FTIF Series XXV-I (1099 Days)- Regular Plan - Annual Div Option;INF789FC1BK1;;10.5148;0;0;14-Mar-2017
139558;UTI FTIF Series XXV-I (1099 Days)- Regular Plan - Flexi Div Option;INF789FC1BI5;;10.515;0;0;14-Mar-2017
139559;UTI FTIF Series XXV-I (1099 Days)- Regular Plan - Growth Option;INF789FC1BO3;;10.5148;0;0;14-Mar-2017
139556;UTI FTIF Series XXV-I (1099 Days)- Regular Plan - Maturity Div Option;INF789FC1BN5;;10.5148;0;0;14-Mar-2017
139555;UTI FTIF Series XXV-I (1099 Days)- Regular Plan - Quarterly Div Option;INF789FC1BJ3;;10.2121;0;0;14-Mar-2017
139626;UTI FTIF Series XXV-II (1097 Days)- Direct Plan - Annual Div Option;INF789FC1BU0;;10.5052;0;0;14-Mar-2017
139629;UTI FTIF Series XXV-II (1097 Days)- Direct Plan - Flexi Div Option;INF789FC1BV8;;10.5051;0;0;14-Mar-2017
139625;UTI FTIF Series XXV-II (1097 Days)- Direct Plan - Growth Option;INF789FC1CA0;;10.5052;0;0;14-Mar-2017
139633;UTI FTIF Series XXV-II (1097 Days)- Direct Plan - Maturity Div Option;INF789FC1BZ9;;10.5053;0;0;14-Mar-2017
139627;UTI FTIF Series XXV-II (1097 Days)- Direct Plan - Quarterly Div Option;INF789FC1BT2;;10.1986;0;0;14-Mar-2017
139630;UTI FTIF Series XXV-II (1097 Days)- Regular Plan - Annual Div Option;INF789FC1BY2;;10.4412;0;0;14-Mar-2017
139632;UTI FTIF Series XXV-II (1097 Days)- Regular Plan - Flexi Div Option;INF789FC1BW6;;10.4412;0;0;14-Mar-2017
139624;UTI FTIF Series XXV-II (1097 Days)- Regular Plan - Growth Option;INF789FC1CC6;;10.4412;0;0;14-Mar-2017
139628;UTI FTIF Series XXV-II (1097 Days)- Regular Plan - Maturity Div Option;INF789FC1CB8;;10.4412;0;0;14-Mar-2017
139631;UTI FTIF Series XXV-II (1097 Days)- Regular Plan - Quarterly Div Option;INF789FC1BX4;;10.175;0;0;14-Mar-2017
139722;UTI FTIF Series XXV-III (1100 Days)- Direct Plan - Annual Div Option;INF789FC1CI3;;10.4795;0;0;14-Mar-2017
139723;UTI FTIF Series XXV-III (1100 Days)- Direct Plan - Flexi Div Option;INF789FC1CJ1;;10.4795;0;0;14-Mar-2017
139726;UTI FTIF Series XXV-III (1100 Days)- Direct Plan - Maturity Div Option;INF789FC1CN3;;10.4795;0;0;14-Mar-2017
139718;UTI FTIF Series XXV-III (1100 Days)- Direct Plan - Quarterly Div Option;INF789FC1CH5;;10.206;0;0;14-Mar-2017
139720;UTI FTIF Series XXV-III (1100 Days)- Regular Plan - Annual Div Option;INF789FC1CM5;;10.4209;0;0;14-Mar-2017
139721;UTI FTIF Series XXV-III (1100 Days)- Regular Plan - Flexi Div Option;INF789FC1CK9;;10.4209;0;0;14-Mar-2017
139724;UTI FTIF Series XXV-III (1100 Days)- Regular Plan - Growth Option;INF789FC1CQ6;;10.4209;0;0;14-Mar-2017
139719;UTI FTIF Series XXV-III (1100 Days)- Regular Plan - Maturity Div Option;INF789FC1CP8;;10.4208;0;0;14-Mar-2017
139717;UTI FTIF Series XXV-III (1100 Days)- Regular Plan - Quarterly Div Option;INF789FC1CL7;;10.1823;0;0;14-Mar-2017
139725;UTI FTIF-Series XXV-III (1100 Days)- Direct Plan - Growth Option;INF789FC1CO1;;10.4796;0;0;14-Mar-2017
139804;UTI FTIF Series XXV-IV (1100 Days)- Direct Plan - Annual Div Option;INF789FC1CS2;;10.4087;0;0;14-Mar-2017
139800;UTI FTIF Series XXV-IV (1100 Days)- Direct Plan - Growth Option;INF789FC1CY0;;10.4087;0;0;14-Mar-2017
139809;UTI FTIF Series XXV-IV (1100 Days)- Direct Plan - Maturity Div Option;INF789FC1CX2;;10.4086;0;0;14-Mar-2017
139801;UTI FTIF Series XXV-IV (1100 Days)- Direct Plan - Quarterly Div Option;INF789FC1CR4;;10.1744;0;0;14-Mar-2017
139808;UTI FTIF Series XXV-IV (1100 Days)- Regular Plan - Annual Div Option;INF789FC1CW4;;10.3549;0;0;14-Mar-2017
139806;UTI FTIF Series XXV-IV (1100 Days)- Regular Plan - Flexi Div Option;INF789FC1CU8;;10.3552;0;0;14-Mar-2017
139805;UTI FTIF Series XXV-IV (1100 Days)- Regular Plan - Growth Option;INF789FC1DA8;;10.3549;0;0;14-Mar-2017
139803;UTI FTIF Series XXV-IV (1100 Days)- Regular Plan - Maturity Div Option;INF789FC1CZ7;;10.3549;0;0;14-Mar-2017
139802;UTI FTIF Series XXV-IV (1100 Days)- Regular Plan - Quarterly Div Option;INF789FC1CV6;;10.1506;0;0;14-Mar-2017
140070;UTI FTIF Series XXV-IX (1098 Days)- Direct Plan - Annual Div Option;INF789FC1FG0;;10.2079;0;0;14-Mar-2017
140069;UTI FTIF Series XXV-IX (1098 Days)- Direct Plan - Growth Option;INF789FC1FM8;;10.2079;0;0;14-Mar-2017
140077;UTI FTIF Series XXV-IX (1098 Days)- Direct Plan - Maturity Div Option;INF789FC1FL0;;10.2079;0;0;14-Mar-2017
140076;UTI FTIF Series XXV-IX (1098 Days)- Direct Plan - Quarterly Div Option;INF789FC1FF2;;10.1326;0;0;14-Mar-2017
140078;UTI FTIF Series XXV-IX (1098 Days)- Regular Plan - Annual Div Option;INF789FC1FK2;;10.1727;0;0;14-Mar-2017
140075;UTI FTIF Series XXV-IX (1098 Days)- Regular Plan - Flexi Div Option;INF789FC1FI6;;10.1727;0;0;14-Mar-2017
140074;UTI FTIF Series XXV-IX (1098 Days)- Regular Plan - Growth Option;INF789FC1FO4;;10.1727;0;0;14-Mar-2017
140073;UTI FTIF Series XXV-IX (1098 Days)- Regular Plan - Maturity Div Option;INF789FC1FN6;;10.1727;0;0;14-Mar-2017
140072;UTI FTIF Series XXV-IX (1098 Days)- Regular Plan - Quarterly Div Option;INF789FC1FJ4;;10.1091;0;0;14-Mar-2017
139810;UTI FTIF Series XXV-V (1100 Days)- Direct Plan - Growth Option;INF789FC1DI1;;10.4338;0;0;14-Mar-2017
139811;UTI FTIF Series XXV-V (1100 Days)- Direct Plan - Maturity Div Option;INF789FC1DH3;;10.4332;0;0;14-Mar-2017
139815;UTI FTIF Series XXV-V (1100 Days)- Direct Plan - Quarterly Div Option;INF789FC1DB6;;10.1756;0;0;14-Mar-2017
139817;UTI FTIF Series XXV-V (1100 Days)- Regular Plan - Flexi Div Option;INF789FC1DE0;;10.4179;0;0;14-Mar-2017
139812;UTI FTIF Series XXV-V (1100 Days)- Regular Plan - Growth Option;INF789FC1DK7;;10.4165;0;0;14-Mar-2017
139819;UTI FTIF Series XXV-V (1100 Days)- Regular Plan - Quarterly Div Option;INF789FC1DF7;;10.1687;0;0;14-Mar-2017
139910;UTI FTIF Series XXV-VI (1098 Days) - Regular Plan - Maturity Div Option;INF789FC1DX0;;10.3359;0;0;14-Mar-2017
139903;UTI FTIF Series XXV-VI (1098 Days)- Direct Plan - Annual Div Option;INF789FC1DQ4;;10.3855;0;0;14-Mar-2017
139907;UTI FTIF Series XXV-VI (1098 Days)- Direct Plan - Growth Option;INF789FC1DW2;;10.3856;0;0;14-Mar-2017
139904;UTI FTIF Series XXV-VI (1098 Days)- Direct Plan - Maturity Div Option;INF789FC1DV4;;10.3861;0;0;14-Mar-2017
139905;UTI FTIF Series XXV-VI (1098 Days)- Direct Plan - Quarterly Div Option;INF789FC1DP6;;10.1835;0;0;14-Mar-2017
139906;UTI FTIF Series XXV-VI (1098 Days)- Regular Plan - Annual Div Dividend Option;INF789FC1DU6;;10.3359;0;0;14-Mar-2017
139908;UTI FTIF Series XXV-VI (1098 Days)- Regular Plan - Growth Option;INF789FC1DY8;;10.3359;0;0;14-Mar-2017
139911;UTI FTIF Series XXV-VI (1098 Days)- Regular Plan - Quarterly Div Option;INF789FC1DT8;;10.1599;0;0;14-Mar-2017
139975;UTI FTIF Series XXV-VII (1097 Days)- Direct Plan - Annual Div Option;INF789FC1EE8;;10.2786;0;0;14-Mar-2017
139978;UTI FTIF Series XXV-VII (1097 Days)- Direct Plan - Flexi Div Option;INF789FC1EF5;;10.2786;0;0;14-Mar-2017
139981;UTI FTIF Series XXV-VII (1097 Days)- Direct Plan - Growth Option;INF789FC1EK5;;10.2786;0;0;14-Mar-2017
139977;UTI FTIF Series XXV-VII (1097 Days)- Direct Plan - Maturity Div Option;INF789FC1EJ7;;10.2786;0;0;14-Mar-2017
139976;UTI FTIF Series XXV-VII (1097 Days)- Direct Plan - Quarterly Div Option;INF789FC1ED0;;10.1473;0;0;14-Mar-2017
139979;UTI FTIF Series XXV-VII (1097 Days)- Regular Plan - Annual Div Option;INF789FC1EI9;;10.2337;0;0;14-Mar-2017
139984;UTI FTIF Series XXV-VII (1097 Days)- Regular Plan - Flexi Div Option;INF789FC1EG3;;10.2337;0;0;14-Mar-2017
139982;UTI FTIF Series XXV-VII (1097 Days)- Regular Plan - Growth Option;INF789FC1EM1;;10.2337;0;0;14-Mar-2017
139980;UTI FTIF Series XXV-VII (1097 Days)- Regular Plan - Maturity Div Option;INF789FC1EL3;;10.2336;0;0;14-Mar-2017
139983;UTI FTIF Series XXV-VII (1097 Days)- Regular Plan - Quarterly Div Option;INF789FC1EH1;;10.1237;0;0;14-Mar-2017
140033;UTI FTIF Series XXV-VIII (1100 Days)- Direct Plan - Growth Option;INF789FC1EU4;;10.2711;0;0;14-Mar-2017
140038;UTI FTIF Series XXV-VIII (1100 Days)- Direct Plan - Maturity Div Option;INF789FC1ET6;;10.2711;0;0;14-Mar-2017
140037;UTI FTIF Series XXV-VIII (1100 Days)- Direct Plan - Quarterly Div Option;INF789FC1EN9;;10.1443;0;0;14-Mar-2017
140040;UTI FTIF Series XXV-VIII (1100 Days)- Regular Plan - Annual Div Option;INF789FC1ES8;;10.2313;0;0;14-Mar-2017
140041;UTI FTIF Series XXV-VIII (1100 Days)- Regular Plan - Flexi Div Option;INF789FC1EQ2;;10.2313;0;0;14-Mar-2017
140039;UTI FTIF Series XXV-VIII (1100 Days)- Regular Plan - Growth Option;INF789FC1EW0;;10.2313;0;0;14-Mar-2017
140036;UTI FTIF Series XXV-VIII (1100 Days)- Regular Plan - Maturity Div Option;INF789FC1EV2;;10.2314;0;0;14-Mar-2017
140042;UTI FTIF Series XXV-VIII (1100 Days)- Regular Plan - Quarterly Div Option;INF789FC1ER0;;10.1208;0;0;14-Mar-2017
140034;UTI FTIF Series XXV-VIII(1100 Days)- Direct Plan - Annual Div Option;INF789FC1EO7;;10.2711;0;0;14-Mar-2017
140126;UTI FTIF Series XXV-X (1229 Days)- Direct Plan - Annual Div Option;INF789FC1FQ9;;10.1062;0;0;14-Mar-2017
140130;UTI FTIF Series XXV-X (1229 Days)- Direct Plan - Growth Option;INF789FC1FW7;;10.1062;0;0;14-Mar-2017
140121;UTI FTIF Series XXV-X (1229 Days)- Direct Plan - Quarterly Div Option;INF789FC1FP1;;10.1062;0;0;14-Mar-2017
140128;UTI FTIF Series XXV-X (1229 Days)- Regular Plan - Annual Div Option;INF789FC1FU1;;10.0758;0;0;14-Mar-2017
140125;UTI FTIF Series XXV-X (1229 Days)- Regular Plan - Flexi Div Option;INF789FC1FS5;;10.0765;0;0;14-Mar-2017
140123;UTI FTIF Series XXV-X (1229 Days)- Regular Plan - Growth Option;INF789FC1FY3;;10.0758;0;0;14-Mar-2017
140129;UTI FTIF Series XXV-X (1229 Days)- Regular Plan - Maturity Div Option;INF789FC1FX5;;10.0758;0;0;14-Mar-2017
140124;UTI FTIF Series XXV-X (1229 Days)- Regular Plan - Quarterly Div Option;INF789FC1FT3;;10.0758;0;0;14-Mar-2017
140375;UTI FTIF Series XXV-XI (1211 Days)- Direct Plan - Annual Div Option;INF789FC1GJ2;;10.1118;0;0;14-Mar-2017
140367;UTI FTIF Series XXV-XI (1211 Days)- Direct Plan - Flexi Div Option;INF789FC1GK0;;10.1118;0;0;14-Mar-2017
140373;UTI FTIF Series XXV-XI (1211 Days)- Direct Plan - Growth Option;INF789FC1GP9;;10.1118;0;0;14-Mar-2017
140374;UTI FTIF Series XXV-XI (1211 Days)- Direct Plan - Maturity Div Option;INF789FC1GO2;;10.1115;0;0;14-Mar-2017
140376;UTI FTIF Series XXV-XI (1211 Days)- Direct Plan - Quarterly Div Option;INF789FC1GI4;;10.1118;0;0;14-Mar-2017
140369;UTI FTIF Series XXV-XI (1211 Days)- Regular Plan - Annual Div Option;INF789FC1GN4;;10.0863;0;0;14-Mar-2017
140372;UTI FTIF Series XXV-XI (1211 Days)- Regular Plan - Flexi Div Option;INF789FC1GL8;;10.0863;0;0;14-Mar-2017
140368;UTI FTIF Series XXV-XI (1211 Days)- Regular Plan - Growth Option;INF789FC1GR5;;10.0863;0;0;14-Mar-2017
140371;UTI FTIF Series XXV-XI (1211 Days)- Regular Plan - Maturity Div Option;INF789FC1GQ7;;10.0863;0;0;14-Mar-2017
140370;UTI FTIF Series XXV-XI (1211 Days)- Regular Plan - Quarterly Div Option;INF789FC1GM6;;10.0863;0;0;14-Mar-2017
140416;UTI FTIF Series XXV-XII (1198 Days) - Regular Plan - Quarterly Div Option;INF789FC1GW5;;10.1025;0;0;14-Mar-2017
140415;UTI FTIF Series XXV-XII (1198 Days)- Direct Plan - Annual Div Option;INF789FC1GT1;;10.1244;0;0;14-Mar-2017
140419;UTI FTIF Series XXV-XII (1198 Days)- Direct Plan - Growth Option;INF789FC1GZ8;;10.1244;0;0;14-Mar-2017
140423;UTI FTIF Series XXV-XII (1198 Days)- Direct Plan - Maturity Div Option;INF789FC1GY1;;10.1244;0;0;14-Mar-2017
140421;UTI FTIF Series XXV-XII (1198 Days)- Direct Plan - Quarterly Div Option;INF789FC1GS3;;10.1244;0;0;14-Mar-2017
140424;UTI FTIF Series XXV-XII (1198 Days)- Regular Plan - Annual Div Option;INF789FC1GX3;;10.1025;0;0;14-Mar-2017
140418;UTI FTIF Series XXV-XII (1198 Days)- Regular Plan - Flexi Div Option;INF789FC1GV7;;10.1028;0;0;14-Mar-2017
140420;UTI FTIF Series XXV-XII (1198 Days)- Regular Plan - Growth Option;INF789FC1HB7;;10.1025;0;0;14-Mar-2017
140417;UTI FTIF Series XXV-XII (1198 Days)- Regular Plan - Maturity Div Option;INF789FC1HA9;;10.1025;0;0;14-Mar-2017
140471;UTI FTIF Series XXVI-I (1182 Days)- Direct Plan - Annual Div Option;INF789FC1HH4;;10.0103;0;0;14-Mar-2017
140468;UTI FTIF Series XXVI-I (1182 Days)- Direct Plan - Flexi Div Option;INF789FC1HI2;;10.0103;0;0;14-Mar-2017
140466;UTI FTIF Series XXVI-I (1182 Days)- Direct Plan - Growth Option;INF789FC1HN2;;10.0103;0;0;14-Mar-2017
140474;UTI FTIF Series XXVI-I (1182 Days)- Direct Plan - Maturity Div Option;INF789FC1HM4;;10.0103;0;0;14-Mar-2017
140470;UTI FTIF Series XXVI-I (1182 Days)- Direct Plan - Quarterly Div Option;INF789FC1HG6;;10.0103;0;0;14-Mar-2017
140469;UTI FTIF Series XXVI-I (1182 Days)- Regular Plan - Annual Div Option;INF789FC1HL6;;9.993;0;0;14-Mar-2017
140473;UTI FTIF Series XXVI-I (1182 Days)- Regular Plan - Flexi Div Option;INF789FC1HJ0;;9.9933;0;0;14-Mar-2017
140475;UTI FTIF Series XXVI-I (1182 Days)- Regular Plan - Growth Option;INF789FC1HP7;;9.993;0;0;14-Mar-2017
140467;UTI FTIF Series XXVI-I (1182 Days)- Regular Plan - Maturity Div Option;INF789FC1HO0;;9.993;0;0;14-Mar-2017
140472;UTI FTIF Series XXVI-I (1182 Days)- Regular Plan - Quarterly Div Option;INF789FC1HK8;;9.993;0;0;14-Mar-2017
140525;UTI FTIF Series XXVI-II (1176 Days)- Direct Plan - Annual Div Option;INF789FC1HZ6;;9.9813;0;0;14-Mar-2017
140519;UTI FTIF Series XXVI-II (1176 Days)- Direct Plan - Flexi Div Option;INF789FC1IA7;;9.9815;0;0;14-Mar-2017
140524;UTI FTIF Series XXVI-II (1176 Days)- Direct Plan - Growth Option;INF789FC1IF6;;9.9813;0;0;14-Mar-2017
140521;UTI FTIF Series XXVI-II (1176 Days)- Direct Plan - Maturity Div Option;INF789FC1IE9;;9.9813;0;0;14-Mar-2017
140518;UTI FTIF Series XXVI-II (1176 Days)- Direct Plan - Quarterly Div Option;INF789FC1HY9;;9.9813;0;0;14-Mar-2017
140526;UTI FTIF Series XXVI-II (1176 Days)- Regular Plan - Annual Div Option;INF789FC1ID1;;9.9695;0;0;14-Mar-2017
140522;UTI FTIF Series XXVI-II (1176 Days)- Regular Plan - Flexi Div Option;INF789FC1IB5;;9.9695;0;0;14-Mar-2017
140520;UTI FTIF Series XXVI-II (1176 Days)- Regular Plan - Growth Option;INF789FC1IH2;;9.9695;0;0;14-Mar-2017
140523;UTI FTIF Series XXVI-II (1176 Days)- Regular Plan - Maturity Div Option;INF789FC1IG4;;9.9696;0;0;14-Mar-2017
140527;UTI FTIF Series XXVI-II (1176 Days)- Regular Plan - Quarterly Div Option;INF789FC1IC3;;9.9695;0;0;14-Mar-2017
140635;UTI FTIF Series XXVI-III (1169 Days)- Direct Plan - Growth Option;INF789FC1IX9;;9.9936;0;0;14-Mar-2017
140636;UTI FTIF Series XXVI-III (1169 Days)- Direct Plan - Quarterly Div Option;INF789FC1IQ3;;9.9936;0;0;14-Mar-2017
140641;UTI FTIF Series XXVI-III (1169 Days)- Regular Plan - Annual Div Option;INF789FC1IV3;;9.9876;0;0;14-Mar-2017
140643;UTI FTIF Series XXVI-III (1169 Days)- Regular Plan - Flexi Div Option;INF789FC1IT7;;9.9878;0;0;14-Mar-2017
140640;UTI FTIF Series XXVI-III (1169 Days)- Regular Plan - Growth Option;INF789FC1IZ4;;9.9876;0;0;14-Mar-2017
140644;UTI FTIF Series XXVI-III (1169 Days)- Regular Plan - Maturity Div Option;INF789FC1IY7;;9.9876;0;0;14-Mar-2017
140642;UTI FTIF Series XXVI-III (1169 Days)- Regular Plan - Quarterly Div Option;INF789FC1IU5;;9.9876;0;0;14-Mar-2017
106185;UTI Annual Interval Fund - I - ( Instn Growth Option );INF789F01FJ8;;22.8442;0;0;14-Mar-2017
123663;UTI Annual Interval Fund - I - Direct Plan - Dividend Option;INF789F01VU2;INF789F01VV0;10.433;0;0;14-Mar-2017
123646;UTI Annual Interval Fund - I - Direct Plan - Growth Option;INF789F01VW8;;22.3194;0;0;14-Mar-2017
106183;UTI Annual Interval Fund - I - Regular Plan - Growth Option;INF789F01FG4;;22.2287;0;0;14-Mar-2017
106186;UTI Annual Interval Fund - I - Regular Plan - IDCW;INF789F01FE9;INF789F01FF6;10.4247;0;0;14-Mar-2017
125077;UTI Annual Interval Fund - II - Direct Plan - Growth Option;INF789F01WC8;;21.7345;0;0;14-Mar-2017
125078;UTI Annual Interval Fund - II - Direct Plan - IDCW;INF789F01WA2;INF789F01WB0;10.2934;0;0;14-Mar-2017
106707;UTI Annual Interval Fund - II - Regular Plan - Growth Option;INF789F01FS9;;21.6493;0;0;14-Mar-2017
106706;UTI Annual Interval Fund - II - Regular Plan - IDCW;INF789F01FQ3;INF789F01FR1;10.2874;0;0;14-Mar-2017
106709;UTI Fixed Interval Income Fund (Annual Interval Fund)  Series III - Instn Growth Option;INF789F01FV3;;22.2285;0;0;14-Mar-2017
130646;UTI Capital Protection Oriented Scheme - Series IV - I (1103 Days) - Growth Option;INF789FA1TX8;;12.0653;0;0;14-Mar-2017
130647;UTI Capital Protection Oriented Scheme - Series IV - I (1103 Days) - Growth Option - Direct;INF789FA1TZ3;;12.5195;0;0;14-Mar-2017
130649;UTI Capital Protection Oriented Scheme - Series IV -I (1103 Days) - Dividend Option - Direct;INF789FA1TY6;;12.5195;0;0;14-Mar-2017
130648;UTI Capital Protection Oriented Scheme Series IV - I (1103 Days) - Dividend Option;INF789FA1TW0;;12.0653;0;0;14-Mar-2017
131559;UTI Capital Protection Oriented Scheme - Series IV-II (1104 Days) - Dividend Option - Direct;INF789FA1F60;;12.2658;0;0;14-Mar-2017
131560;UTI Capital Protection Oriented Scheme - Series IV-II (1104 Days) - Growth Option - Direct;INF789FA1F78;;12.2658;0;0;14-Mar-2017
131341;UTI Capital Protection Oriented Scheme - Series IV-II (1104 Days)- Dividend Option;INF789FA1F45;;11.8474;0;0;14-Mar-2017
131340;UTI Capital Protection Oriented Scheme - Series IV-II (1104 Days)- Growth Option;INF789FA1F52;;11.8474;0;0;14-Mar-2017
133573;UTI Capital Protection Oriented Scheme - Series V-I (1163 Days) - Dividend Option;INF789FB1916;;11.4271;0;0;14-Mar-2017
133574;UTI Capital Protection Oriented Scheme - Series V-I (1163 Days) - Dividend Option - Direct;INF789FB1932;;11.8049;0;0;14-Mar-2017
133575;UTI Capital Protection Oriented Scheme - Series V-I (1163 Days) - Growth Option;INF789FB1924;;11.4271;0;0;14-Mar-2017
133576;UTI Capital Protection Oriented Scheme - Series V-I (1163 Days) - Growth Option - Direct;INF789FB1940;;11.8049;0;0;14-Mar-2017
135257;UTI Capital Protection Oriented Scheme - Series VI-I (1098 Days) - Direct Plan - Dividend Option;INF789FB1U85;;11.4328;0;0;14-Mar-2017
135254;UTI Capital Protection Oriented Scheme - Series VI-I (1098 Days) - Regular Plan - Dividend Option;INF789FB1U69;;11.1907;0;0;14-Mar-2017
135255;UTI Capital Protection Oriented Scheme - Series VI-I (1098 Days) - Regular Plan - Growth Option;INF789FB1U77;;11.1907;0;0;14-Mar-2017
135256;UTI Capital Protection Oriented Scheme Series - VI-I (1098 Days) - Direct Plan - Growth Option;INF789FB1U93;;11.4328;0;0;14-Mar-2017
134166;UTI Capital Protection Oriented Scheme Series V-II (1135 Days) - Dividend Option;INF789FB1CJ2;;11.4046;0;0;14-Mar-2017
134164;UTI Capital Protection Oriented Scheme Series V-II (1135 Days) - Dividend Option - Direct;INF789FB1CL8;;11.7666;0;0;14-Mar-2017
134167;UTI Capital Protection Oriented Scheme Series V-II (1135 Days) - Growth Option;INF789FB1CK0;;11.4046;0;0;14-Mar-2017
134165;UTI Capital Protection Oriented Scheme Series V-II (1135 Days) - Growth Option - Direct;INF789FB1CM6;;11.7666;0;0;14-Mar-2017
133424;UTI Dual Advantage Fixed Term Fund Series I - I (1100 Days) - Growth Option - Direct;INF789FB1866;;11.983;0;0;14-Mar-2017
133421;UTI Dual Advantage Fixed Term Fund Series I -I (1100 Days) - Dividend Option;INF789FB1833;;11.6094;0;0;14-Mar-2017
133422;UTI Dual Advantage Fixed Term Fund Series I- I (1100 Days) - Dividend Option - Direct;INF789FB1858;;11.983;0;0;14-Mar-2017
133423;UTI Dual Advantage Fixed Term Fund Series I-I (1100 Days) - Growth Option;INF789FB1841;;11.6094;0;0;14-Mar-2017
133735;UTI Dual Advantage Fixed Term Fund Series I - II (1145 Days) - Dividend Option - Direct;INF789FB1BB1;;11.7704;0;0;14-Mar-2017
133737;UTI Dual Advantage Fixed Term Fund Series I -II (1145 Days) - Growth Option - Direct;INF789FB1BC9;;11.7704;0;0;14-Mar-2017
133734;UTI Dual Advantage Fixed Term Fund Series I- II (1145 Days) - Dividend Option;INF789FB1AZ2;;11.4313;0;0;14-Mar-2017
133736;UTI Dual Advantage Fixed Term Fund Series I-II (1145 Days) - Growth Option;INF789FB1BA3;;11.4313;0;0;14-Mar-2017
134214;UTI Dual Advantage Fixed Term Fund Series I-III (1111 Days) - Dividend Option;INF789FB1EH2;;11.377;0;0;14-Mar-2017
134213;UTI Dual Advantage Fixed Term Fund Series I-III (1111 Days) - Dividend Option - Direct;INF789FB1EJ8;;11.7333;0;0;14-Mar-2017
134211;UTI Dual Advantage Fixed Term Fund Series I-III (1111 Days) - Growth Option;INF789FB1EI0;;11.377;0;0;14-Mar-2017
134212;UTI Dual Advantage Fixed Term Fund Series I-III (1111 Days) - Growth Option - Direct;INF789FB1EK6;;11.7333;0;0;14-Mar-2017
134217;UTI Dual Advantage Fixed Term Fund Series I-IV (1099 Days) - Direct Plan - Dividend Option;INF789FB1FR8;;11.7236;0;0;14-Mar-2017
134215;UTI Dual Advantage Fixed Term Fund Series I-IV (1099 Days) - Direct Plan - Growth Option;INF789FB1FS6;;11.7238;0;0;14-Mar-2017
134216;UTI Dual Advantage Fixed Term Fund Series I-IV (1099 Days) - Regular Plan - Dividend Option;INF789FB1FP2;;11.3654;0;0;14-Mar-2017
134218;UTI Dual Advantage Fixed Term Fund Series I-IV (1099 Days) - Regular Plan -Growth Option;INF789FB1FQ0;;11.3654;0;0;14-Mar-2017
134519;UTI Dual Advantage Fixed Term Fund Series I-V (1099 Days) - Direct Plan - Dividend Option;INF789FB1QQ7;;11.6853;0;0;14-Mar-2017
134518;UTI Dual Advantage Fixed Term Fund Series I-V (1099 Days) - Direct Plan - Growth Option;INF789FB1QR5;;11.6853;0;0;14-Mar-2017
134521;UTI Dual Advantage Fixed Term Fund Series I-V (1099 Days) - Regular Plan - Dividend Option;INF789FB1QO2;;11.3464;0;0;14-Mar-2017
134520;UTI Dual Advantage Fixed Term Fund Series I-V (1099 Days) - Regular Plan - Growth Option;INF789FB1QP9;;11.3463;0;0;14-Mar-2017
130249;UTI FTIF Series XIX - III (368 Days) - Growth Option - Direct;INF789FB1B54;;12.5755;0;0;14-Mar-2017
130241;UTI FTIF Series XIX - III (368 Days)- Annual Div Option;INF789FB1ZN5;INF789FB1ZQ8;10.8239;0;0;14-Mar-2017
130240;UTI FTIF Series XIX - III (368 Days)- Growth  Option;INF789FB1ZY2;;12.5369;0;0;14-Mar-2017
130259;UTI FTIF Series XIX - IV (366 Days) - Flexi Div Option;INF789FB1C46;INF789FB1C53;11.5034;0;0;14-Mar-2017
130253;UTI FTIF Series XIX - IV (366 Days) - Growth Option - Direct;INF789FB1YS7;;12.567;0;0;14-Mar-2017
130251;UTI FTIF Series XIX - IV (366 Days) - Quarterly Div Option;INF789FB1B70;INF789FB1B96;10.2251;0;0;14-Mar-2017
130254;UTI FTIF Series XIX - IV (366 Days)- Annual Div Option;INF789FB1C12;INF789FB1C20;10.8304;0;0;14-Mar-2017
130250;UTI FTIF Series XIX - IV (366 Days)- Growth Option;INF789FB1C61;;12.5283;0;0;14-Mar-2017
130257;UTI FTIF Series XIX - IV (366 Days)- Maturity Div Option - Direct;INF789FB1D11;;11.527;0;0;14-Mar-2017
130464;UTI FTIF Series XIX - IX (369 Days) - Annual Div Option - Direct;INF789FA1RM5;INF789FA1RN3;10.8228;0;0;14-Mar-2017
130458;UTI FTIF Series XIX - IX (369 Days) - Growth Option;INF789FA1RX2;;12.4613;0;0;14-Mar-2017
130462;UTI FTIF Series XIX - IX (369 Days) - Growth Option - Direct;INF789FA1RP8;;12.5161;0;0;14-Mar-2017
130468;UTI FTIF Series XIX - IX (369 Days) - Maturity Div Option;INF789FA1RW4;;11.4336;0;0;14-Mar-2017
130463;UTI FTIF Series XIX - IX (369 Days)- Annual Div Option;INF789FA1RU8;INF789FA1RV6;10.8061;0;0;14-Mar-2017
130357;UTI FTIF Series XIX - V (1095 Days) - Growth Option;INF789FA1PL1;;12.6521;0;0;14-Mar-2017
130375;UTI FTIF Series XIX - V (1095 Days) - Growth Option - Direct;INF789FA1PD8;;12.9135;0;0;14-Mar-2017
130380;UTI FTIF Series XIX - V (1095 Days) - Maturity Div Option - Direct;INF789FA1PC0;;12.9137;0;0;14-Mar-2017
130377;UTI FTIF Series XIX - V (1095 Days) - Quarterly Div Option;INF789FA1PG1;INF789FA1PH9;10.1946;0;0;14-Mar-2017
130376;UTI FTIF Series XIX - V (1095 Days)- Annual Div Option;INF789FA1PI7;INF789FA1PJ5;10.9166;0;0;14-Mar-2017
130383;UTI FTIF Series XIX - V (1095 Days)- Annual Div Option - Direct;INF789FA1PA4;INF789FA1PB2;10.9603;0;0;14-Mar-2017
130381;UTI FTIF Series XIX - V (1095 Days)- Flexi Div Option;INF789FA1PM9;INF789FA1PN7;12.368;0;0;14-Mar-2017
130379;UTI FTIF Series XIX - V (1095 Days)- Maturity Div Option;INF789FA1PK3;;12.6521;0;0;14-Mar-2017
130378;UTI FTIF Series XIX - V (1095 Days)- Quarterly Div Option - Direct;;;10.2122;0;0;14-Mar-2017
130360;UTI FTIF Series XIX - VI (366 Days) - Growth Option;INF789FB1ZE4;;12.4914;0;0;14-Mar-2017
130385;UTI FTIF Series XIX - VI (366 Days) - Maturity Div Option;INF789FB1ZB0;;11.47;0;0;14-Mar-2017
130390;UTI FTIF Series XIX - VI (366 Days) - Maturity Div Option - Direct;INF789FB1ZK1;;11.4916;0;0;14-Mar-2017
130387;UTI FTIF Series XIX - VI (366 Days)- Growth Option - Direct;INF789FB1ZP0;;12.5299;0;0;14-Mar-2017
130362;UTI FTIF Series XIX - VII (1095 Days ) - Growth Option - Direct;INF789FA1QJ3;;12.8891;0;0;14-Mar-2017
130361;UTI FTIF Series XIX - VII (1095 Days) - Growth Option;INF789FA1QR6;;12.7165;0;0;14-Mar-2017
130397;UTI FTIF Series XIX - VII (1095 Days) - Maturity Div Option;INF789FA1QQ8;;12.7157;0;0;14-Mar-2017
130398;UTI FTIF Series XIX - VII (1095 Days) - Maturity Div Option - Direct;INF789FA1QI5;;12.8879;0;0;14-Mar-2017
130396;UTI FTIF Series XIX - VII (1095 Days) - Quarterly Div Option - Direct;INF789FA1QE4;INF789FA1QF1;10.2333;0;0;14-Mar-2017
130393;UTI FTIF Series XIX - VII (1095 Days)- Annual Div Option;INF789FA1QO3;INF789FA1QP0;10.9216;0;0;14-Mar-2017
130395;UTI FTIF Series XIX - VII (1095 Days)- Quarterly Div Option;INF789FA1QM7;INF789FA1QN5;10.2421;0;0;14-Mar-2017
130363;UTI FTIF Series XIX - VIII ( 368 Days )- Growth Option;INF789FA1RH5;;12.4798;0;0;14-Mar-2017
130370;UTI FTIF Series XIX - VIII (368 Days) - Growth Option - Direct;INF789FA1QZ9;;12.5186;0;0;14-Mar-2017
130367;UTI FTIF Series XIX - VIII (368 Days) - Maturity Div Option;INF789FA1RG7;;11.4539;0;0;14-Mar-2017
130693;UTI FTIF Series XIX - X (367 Days) - Annual Div Option;INF789FA1SK7;INF789FA1SL5;10.8021;0;0;14-Mar-2017
130582;UTI FTIF Series XIX - X (367 Days) - Growth Option;INF789FA1SN1;;12.4441;0;0;14-Mar-2017
130692;UTI FTIF Series XIX - X (367 Days) - Growth Option - Direct;INF789FA1SF7;;12.4987;0;0;14-Mar-2017
130698;UTI FTIF Series XIX - X (367 Days) - Quarterly Div Option;INF789FA1SI1;INF789FA1SJ9;10.1883;0;0;14-Mar-2017
130670;UTI FTIF Series XIX - XI (366 Days) - Annual Div Option;INF789FA1TA6;INF789FA1TB4;10.8178;0;0;14-Mar-2017
130668;UTI FTIF Series XIX - XI (366 Days) - Growth Option;INF789FA1TD0;;12.4528;0;0;14-Mar-2017
130669;UTI FTIF Series XIX - XI (366 Days) - Growth Option - Direct;INF789FA1SV4;;12.491;0;0;14-Mar-2017
130674;UTI FTIF Series XIX - XI (366 Days) - Maturity Div Option - Direct;INF789FA1SU6;;11.464;0;0;14-Mar-2017
130679;UTI FTIF Series XIX - XII (366 Days) - Annual Div Option;INF789FA1TQ2;INF789FA1TR0;10.8336;0;0;14-Mar-2017
130678;UTI FTIF Series XIX - XII (366 Days) - Growth Option;INF789FA1TT6;;12.475;0;0;14-Mar-2017
130685;UTI FTIF Series XIX - XII (366 Days) - Growth Option - Direct;INF789FA1TL3;;12.5137;0;0;14-Mar-2017
131206;UTI FTIF Series XIX - XIX (1101 Days) - Annual Div Option;INF789FA1YY6;INF789FA1YZ3;10.9303;0;0;14-Mar-2017
131207;UTI FTIF Series XIX - XIX (1101 Days) - Annual Div Option - Direct;INF789FA1YQ2;INF789FA1YR0;10.9834;0;0;14-Mar-2017
131211;UTI FTIF Series XIX - XIX (1101 Days) - Flexi Div Option;INF789FA1ZC9;INF789FA1ZD7;12.4287;0;0;14-Mar-2017
131080;UTI FTIF Series XIX - XIX (1101 Days) - Growth Option;INF789FA1ZB1;;12.521;0;0;14-Mar-2017
131213;UTI FTIF Series XIX - XIX (1101 Days) - Growth Option - Direct;INF789FA1YT6;;12.6817;0;0;14-Mar-2017
131210;UTI FTIF Series XIX - XIX (1101 Days) - Maturity Div Option;INF789FA1ZA3;;12.5206;0;0;14-Mar-2017
131208;UTI FTIF Series XIX - XIX (1101 Days) - Quarterly Div Option;INF789FA1YW0;INF789FA1YX8;10.2702;0;0;14-Mar-2017
131209;UTI FTIF Series XIX - XIX (1101 Days) - Quarterly Div Option - Direct;INF789FA1YO7;INF789FA1YP4;10.282;0;0;14-Mar-2017
131072;UTI FTIF Series XIX - XV (1101 Days) - Annual Div Option;INF789FA1VQ8;INF789FA1VR6;10.9194;0;0;14-Mar-2017
131073;UTI FTIF Series XIX - XV (1101 Days) - Annual Div Option - Direct;INF789FA1VI5;INF789FA1VJ3;10.9727;0;0;14-Mar-2017
131074;UTI FTIF Series XIX - XV (1101 Days) - Flexi Div Option;INF789FA1VU0;INF789FA1VV8;12.4089;0;0;14-Mar-2017
130808;UTI FTIF Series XIX - XV (1101 Days) - Growth Option;INF789FA1VT2;;12.5503;0;0;14-Mar-2017
131071;UTI FTIF Series XIX - XV (1101 Days) - Growth Option - Direct;INF789FA1VL9;;12.714;0;0;14-Mar-2017
131068;UTI FTIF Series XIX - XV (1101 Days) - Maturity Div Option;INF789FA1VS4;;12.5503;0;0;14-Mar-2017
131070;UTI FTIF Series XIX - XV (1101 Days) - Quarterly Div Option;INF789FA1VO3;INF789FA1VP0;10.2515;0;0;14-Mar-2017
131067;UTI FTIF Series XIX - XV (1101 Days) - Quarterly Div Option - Direct;INF789FA1VG9;INF789FA1VH7;10.2633;0;0;14-Mar-2017
131154;UTI FTIF Series XIX - XVIII (1105 Days) - Annual Div Option;INF789FA1XM3;INF789FA1XN1;10.9521;0;0;14-Mar-2017
131155;UTI FTIF Series XIX - XVIII (1105 Days) - Annual Div Option - Direct;INF789FA1XE0;INF789FA1XF7;11.006;0;0;14-Mar-2017
131157;UTI FTIF Series XIX - XVIII (1105 Days) - Flexi Div Option;INF789FA1XQ4;INF789FA1XR2;12.4212;0;0;14-Mar-2017
130979;UTI FTIF Series XIX - XVIII (1105 Days) - Growth Option - Direct;INF789FA1XH3;;12.7083;0;0;14-Mar-2017
131153;UTI FTIF Series XIX - XVIII (1105 Days) - Maturity Div Option;INF789FA1XO9;;12.5452;0;0;14-Mar-2017
131159;UTI FTIF Series XIX - XVIII (1105 Days) - Quarterly Div Option;INF789FA1XK7;INF789FA1XL5;10.2883;0;0;14-Mar-2017
131156;UTI FTIF Series XIX - XVIII (1105 Days) - Quarterly Div Option  -Direct;INF789FA1XC4;INF789FA1XD2;10.3002;0;0;14-Mar-2017
130980;UTI FTIF Series XIX -XVIII (1105 Days) - Growth Option;INF789FA1XP6;;12.5451;0;0;14-Mar-2017
131100;UTI FTIF Series XIX - XX (1099 Days) - Annual Div Option;INF789FA1A08;INF789FA1A16;10.9422;0;0;14-Mar-2017
131081;UTI FTIF Series XIX - XX (1099 Days) - Growth Option;INF789FA1A32;;12.492;0;0;14-Mar-2017
131107;UTI FTIF Series XIX - XX (1099 Days) - Growth Option - Direct;INF789FA1ZV9;;12.6826;0;0;14-Mar-2017
131105;UTI FTIF Series XIX - XX (1099 Days) - Maturity Div Option;INF789FA1A24;;12.4919;0;0;14-Mar-2017
131108;UTI FTIF Series XIX - XX (1099 Days) - Quarterly Div Option;INF789FA1ZY3;INF789FA1ZZ0;10.2842;0;0;14-Mar-2017
130128;UTI FTIF Series XIX- I (369 Days) - Annual Div Option - Direct;INF789FB1XX9;INF789FB1XY7;10.8494;0;0;14-Mar-2017
130131;UTI FTIF Series XIX- I (369 Days) - Growth Option;INF789FB1XU5;;12.5707;0;0;14-Mar-2017
130129;UTI FTIF Series XIX- I (369 Days) - Maturity Div Option;INF789FB1XR1;;11.5305;0;0;14-Mar-2017
130125;UTI FTIF Series XIX- I (369 Days)- Growth Option - Direct;INF789FB1YC1;;12.6092;0;0;14-Mar-2017
130135;UTI FTIF Series XIX- II (368 Days) - Growth Option;INF789FB1YL2;;12.5553;0;0;14-Mar-2017
130136;UTI FTIF Series XIX- II (368 Days) - Growth Option -Direct;INF789FB1ZA2;;12.5938;0;0;14-Mar-2017
126782;UTI FTIF Series XVII -IX (466 DAYS)-Flexi Div Option - Direct;INF789FB1TH0;INF789FB1TI8;11.6067;0;0;14-Mar-2017
126783;UTI FTIF Series XVII -IX (466 DAYS)-Growth Option;INF789FB1TA5;;12.9899;0;0;14-Mar-2017
126784;UTI FTIF Series XVII -IX (466 DAYS)-Growth Option - Direct;INF789FB1TJ6;;13.0487;0;0;14-Mar-2017
126787;UTI FTIF Series XVII -IX (466 DAYS)-Quarterly Div Option;INF789FB1SU5;INF789FB1SV3;10.1856;0;0;14-Mar-2017
126788;UTI FTIF Series XVII -IX (466 DAYS)-Quarterly Div Option - Direct;INF789FB1TB3;INF789FB1TC1;10.1843;0;0;14-Mar-2017
126652;UTI FTIF Series XVII -VII (465 DAYS)) - Annual Div Option;INF789FB1US5;INF789FB1UT3;10.8079;0;0;14-Mar-2017
126645;UTI FTIF Series XVII -VII (465 DAYS)- Growth Option;INF789FB1UX5;;12.9367;0;0;14-Mar-2017
126646;UTI FTIF Series XVII -VII (465 DAYS)- Growth Option - Direct;INF789FB1VG8;;13.0042;0;0;14-Mar-2017
126654;UTI FTIF Series XVII -VII (465 DAYS)- Quarterly Div Option;INF789FB1UQ9;INF789FB1UR7;10.1588;0;0;14-Mar-2017
126647;UTI FTIF Series XVII -VII (465 DAYS)- Quarterly Div Option - Direct;INF789FB1VA1;INF789FB1VB9;10.1588;0;0;14-Mar-2017
127118;UTI FTIF Series XVII -X (1152 DAYS)-Annual Div Option - Direct;INF789FB1BN6;INF789FB1BO4;10.7994;0;0;14-Mar-2017
127115;UTI FTIF Series XVII -X (1152 DAYS)-Growth Option;INF789FB1BK2;;12.9078;0;0;14-Mar-2017
127116;UTI FTIF Series XVII -X (1152 DAYS)-Growth Option - Direct;INF789FB1BS5;;12.974;0;0;14-Mar-2017
127119;UTI FTIF Series XVII -X (1152 DAYS)-Quarterly Div Option;INF789FB1BD7;INF789FB1BE5;10.1542;0;0;14-Mar-2017
127210;UTI FTIF Series XVII -XI (430 DAYS)- Annual Div Option;INF789FB1NH3;INF789FB1NI1;10.8171;0;0;14-Mar-2017
127216;UTI FTIF Series XVII -XI (430 DAYS)-Growth Option;INF789FB1NL5;;12.8898;0;0;14-Mar-2017
127209;UTI FTIF Series XVII -XI (430 DAYS)-Growth Option - Direct;INF789FB1NT8;;12.9623;0;0;14-Mar-2017
127453;UTI FTIF Series XVII - XII (1148 DAYS)- Annual Div Option;INF789FA1503;INF789FA1511;10.9539;0;0;14-Mar-2017
127445;UTI FTIF Series XVII - XII (1148 DAYS)-Annual Div Option - Direct;INF789FA1586;INF789FA1594;10.9884;0;0;14-Mar-2017
127452;UTI FTIF Series XVII - XII (1148 DAYS)-Growth Option;INF789FA1537;;13.1347;0;0;14-Mar-2017
127444;UTI FTIF Series XVII - XII (1148 DAYS)-Growth Option - Direct;INF789FA1610;;13.264;0;0;14-Mar-2017
127446;UTI FTIF Series XVII - XII (1148 DAYS)-Quarterly Div Option;INF789FA1487;INF789FA1495;10.263;0;0;14-Mar-2017
127447;UTI FTIF Series XVII - XII (1148 DAYS)-Quarterly Div Option - Direct;INF789FA1560;INF789FA1578;10.2703;0;0;14-Mar-2017
127460;UTI FTIF Series XVII - XIII (369 DAYS)-Growth Option;INF789FB1CA1;;12.9138;0;0;14-Mar-2017
127461;UTI FTIF Series XVII - XIII (369 DAYS)-Growth Option - Direct;INF789FB1CI4;;12.9865;0;0;14-Mar-2017
127467;UTI FTIF Series XVII - XIII (369 DAYS)-Maturity Div Option;INF789FB1BX5;;11.7976;0;0;14-Mar-2017
127630;UTI FTIF Series XVII -XIV (423 DAYS)- Growth Option;INF789FB1OB4;;12.8324;0;0;14-Mar-2017
127631;UTI FTIF Series XVII -XIV (423 DAYS)-Growth Option - Direct;INF789FB1OJ7;;12.9234;0;0;14-Mar-2017
127634;UTI FTIF Series XVII -XIV (423 DAYS)-Quarterly Div Option;INF789FB1NU6;INF789FB1NV4;10.1599;0;0;14-Mar-2017
128277;UTI FTIF Series XVII -XIX (398 DAYS) - Growth Option;INF789FB1MH5;;12.7932;0;0;14-Mar-2017
128286;UTI FTIF Series XVII -XIX (398 DAYS) - Growth Option - Direct;INF789FB1MP8;;12.8723;0;0;14-Mar-2017
128282;UTI FTIF Series XVII -XIX (398 DAYS)-Maturity Div Option;INF789FB1ME2;;11.6276;0;0;14-Mar-2017
127819;UTI FTIF Series XVII -XVI (367 DAYS)- Annual Div Option;INF789FA1AG3;INF789FA1AH1;10.7968;0;0;14-Mar-2017
127815;UTI FTIF Series XVII -XVI (367 DAYS)- Growth Option;INF789FA1AJ7;;12.8578;0;0;14-Mar-2017
127817;UTI FTIF Series XVII -XVI (367 DAYS)-Flexi Div Option;INF789FA1AK5;INF789FA1AL3;11.7445;0;0;14-Mar-2017
127816;UTI FTIF Series XVII -XVI (367 DAYS)-Growth Option - Direct;INF789FA1AB4;;12.9365;0;0;14-Mar-2017
128127;UTI FTIF Series XVII -XVII (395 DAYS)-Growth Option;INF789FB1LB0;;12.8175;0;0;14-Mar-2017
128132;UTI FTIF Series XVII -XVII (395 DAYS)-Growth Option - Direct;INF789FB1LJ3;;12.8976;0;0;14-Mar-2017
128130;UTI FTIF Series XVII -XVII (395 DAYS)-Maturity Div Option;INF789FB1KY4;;11.6566;0;0;14-Mar-2017
128137;UTI FTIF Series XVII -XVIII (796 DAYS)-Growth Option;INF789FA1BP2;;12.9318;0;0;14-Mar-2017
128138;UTI FTIF Series XVII -XVIII (796 DAYS)-Growth Option - Direct;INF789FA1BH9;;13.0133;0;0;14-Mar-2017
128140;UTI FTIF Series XVII -XVIII (796 DAYS)-Quarterly Div Option;INF789FA1BK3;INF789FA1BL1;10.2044;0;0;14-Mar-2017
128287;UTI FTIF Series XVII -XX (369 DAYS)-Growth Option;INF789FB1HH5;;12.7613;0;0;14-Mar-2017
128295;UTI FTIF Series XVII -XX (369 DAYS)-Growth Option - Direct;INF789FB1HP8;;12.839;0;0;14-Mar-2017
128290;UTI FTIF Series XVII -XX (369 DAYS)-Quarterly Div Option - Direct;INF789FB1HI3;INF789FB1HJ1;10.1578;0;0;14-Mar-2017
129591;UTI FTIF Series XVIII - IX (733 Days) - Annual Div Option - Direct;INF789FA1IW3;INF789FA1IX1;10.6686;0;0;14-Mar-2017
129592;UTI FTIF Series XVIII - IX (733 Days) - Growth Option;INF789FA1JH2;;12.7061;0;0;14-Mar-2017
129593;UTI FTIF Series XVIII - IX (733 Days) - Growth Option - Direct;INF789FA1IZ6;;12.7808;0;0;14-Mar-2017
129596;UTI FTIF Series XVIII - IX (733 Days) - Maturity Div Option;INF789FA1JG4;;10.6592;0;0;14-Mar-2017
129594;UTI FTIF Series XVIII - IX (733 Days) - Quarterly Div Option;INF789FA1JC3;INF789FA1JD1;10.2003;0;0;14-Mar-2017
129544;UTI FTIF Series XVIII - VIII ( 366 days ) - Annual Div Option;INF789FB1PS5;INF789FB1PT3;10.8262;0;0;14-Mar-2017
129549;UTI FTIF Series XVIII - VIII (366 Days) - Growth Option - Direct;INF789FB1QF0;;12.6953;0;0;14-Mar-2017
129547;UTI FTIF Series XVIII - VIII (366 Days) - Quarterly Div Option;INF789FB1PQ9;INF789FB1PR7;10.166;0;0;14-Mar-2017
129550;UTI FTIF Series XVIII - VIII (366 days)- Growth Option;INF789FB1PX5;;12.6437;0;0;14-Mar-2017
129602;UTI FTIF Series XVIII - X (366 Days) - Annual Div Option;INF789FB1SG4;INF789FB1SH2;10.8175;0;0;14-Mar-2017
129600;UTI FTIF Series XVIII - X (366 Days) - Annual Div Option - Direct;INF789FB1SO8;INF789FB1SP5;10.819;0;0;14-Mar-2017
129601;UTI FTIF Series XVIII - X (366 Days) - Growth Option;INF789FB1SL4;;12.6264;0;0;14-Mar-2017
129603;UTI FTIF Series XVIII - X (366 Days) - Growth Option - Direct;INF789FB1ST7;;12.6776;0;0;14-Mar-2017
129604;UTI FTIF Series XVIII - X (366 Days) - Quarterly Div Option;INF789FB1SE9;INF789FB1SF6;10.1633;0;0;14-Mar-2017
129823;UTI FTIF Series XVIII - XI (1095  Days) - Maturity Div Option;INF789FA1JW1;;12.817;0;0;14-Mar-2017
129820;UTI FTIF Series XVIII - XI (1095 Days) - Annual Div Option - Direct;INF789FA1JM2;INF789FA1JN0;11.1979;0;0;14-Mar-2017
129817;UTI FTIF Series XVIII - XI (1095 Days) - Growth Option;INF789FA1JX9;;12.8174;0;0;14-Mar-2017
129818;UTI FTIF Series XVIII - XI (1095 Days) - Growth Option - Direct;INF789FA1JP5;;13.0001;0;0;14-Mar-2017
129821;UTI FTIF Series XVIII - XI (1095 Days) - Quarterly Div Option;INF789FA1JS9;INF789FA1JT7;10.5429;0;0;14-Mar-2017
129822;UTI FTIF Series XVIII - XI (1095 Days) - Quarterly Div Option -Direct;INF789FA1JK6;INF789FA1JL4;10.5553;0;0;14-Mar-2017
129819;UTI FTIF Series XVIII - XI (1095 Days) -Annual Div Option;INF789FA1JU5;INF789FA1JV3;11.143;0;0;14-Mar-2017
129827;UTI FTIF Series XVIII - XII (366 Days) - Growth Option;INF789FB1TR9;;12.6237;0;0;14-Mar-2017
129834;UTI FTIF Series XVIII - XII (366 Days) - Growth Option - Direct;INF789FB1TZ2;;12.6627;0;0;14-Mar-2017
129833;UTI FTIF Series XVIII - XII (366 Days) - Maturity Div Option - Direct;INF789FB1TW9;;11.5962;0;0;14-Mar-2017
130075;UTI FTIF Series XVIII - XIV(368 Days) - Annual Div Option;INF789FB1VT1;INF789FB1VU9;10.9229;0;0;14-Mar-2017
130079;UTI FTIF Series XVIII - XIV(368 Days) - Growth Option;INF789FB1VY1;;12.5939;0;0;14-Mar-2017
130081;UTI FTIF Series XVIII - XIV(368 Days) - Growth Option - Direct;INF789FB1WG6;;12.6451;0;0;14-Mar-2017
130080;UTI FTIF Series XVIII- XIV(368 Days) - Quarterly Div Option;INF789FB1VR5;INF789FB1VS3;10.341;0;0;14-Mar-2017
130091;UTI FTIF Series XVIII - XV (366 Days) - Annual Div Option;INF789FB1WJ0;INF789FB1WK8;10.8349;0;0;14-Mar-2017
130089;UTI FTIF Series XVIII - XV (366 Days) - Growth Option;INF789FB1WO0;;12.5763;0;0;14-Mar-2017
130090;UTI FTIF Series XVIII - XV (366 Days) - Growth Option - Direct;INF789FB1WW3;;12.6146;0;0;14-Mar-2017
130093;UTI FTIF Series XVIII - XV (366 Days) - Quarterly Div Option;INF789FB1WH4;INF789FB1WI2;10.1687;0;0;14-Mar-2017
130068;UTI FTIF Series XVIII - XIII (366 Days) - Annual Div Option;INF789FB1UC9;INF789FB1UD7;10.8427;0;0;14-Mar-2017
130065;UTI FTIF Series XVIII - XIII(366 Days) - Growth Option;INF789FB1UH8;;12.6052;0;0;14-Mar-2017
130066;UTI FTIF Series XVIII - XIII(366 Days) - Growth Option - Direct;INF789FB1UP1;;12.6433;0;0;14-Mar-2017
130072;UTI FTIF Series XVIII - XIII(366 Days) - Maturity Div Option - Direct;INF789FB1UM8;;11.5869;0;0;14-Mar-2017
130070;UTI FTIF Series XVIII - XIII(366 Days) - Quarterly Div Option - Direct;INF789FB1UI6;INF789FB1UJ4;10.2053;0;0;14-Mar-2017
128559;UTI FTIF Series XVIII -I (400 DAYS)-Annual Div Option;INF789FB1PC9;INF789FB1PD7;10.8223;0;0;14-Mar-2017
128557;UTI FTIF Series XVIII -I (400 DAYS)-Growth Option;INF789FB1PH8;;12.7292;0;0;14-Mar-2017
128558;UTI FTIF Series XVIII -I (400 DAYS)-Growth Option - Direct;INF789FB1PJ4;;12.8074;0;0;14-Mar-2017
128554;UTI FTIF Series XVIII -I (400 DAYS)-Quarterly Div Option;INF789FB1PA3;INF789FB1PB1;10.1645;0;0;14-Mar-2017
128662;UTI FTIF Series XVIII -III (367 DAYS) - Growth Option - Direct;INF789FB1GZ9;;12.8298;0;0;14-Mar-2017
128661;UTI FTIF Series XVIII -III (367 DAYS)- Growth Option;INF789FB1GQ8;;12.7527;0;0;14-Mar-2017
128667;UTI FTIF Series XVIII -III (367 DAYS)-Annual Div Option - Direct;INF789FB1GT2;INF789FB1GU0;10.8048;0;0;14-Mar-2017
128876;UTI FTIF Series XVIII -IV (366 DAYS) - Growth Option - Direct;INF789FB1IF7;;12.8;0;0;14-Mar-2017
128885;UTI FTIF Series XVIII -IV (366 DAYS)- Growth Option;INF789FB1HX2;;12.7678;0;0;14-Mar-2017
128878;UTI FTIF Series XVIII -IV (366 DAYS)-Annual Div Option - Direct;INF789FB1IA8;INF789FB1IB6;10.8907;0;0;14-Mar-2017
129257;UTI FTIF Series XVIII -V (370 DAYS) - Growth Option - Direct;INF789FB1LZ9;;12.7374;0;0;14-Mar-2017
129256;UTI FTIF Series XVIII -V (370 DAYS)- Growth Option;INF789FB1LR6;;12.699;0;0;14-Mar-2017
129258;UTI FTIF Series XVIII -V (370 DAYS)-Annual Div Option;INF789FB1LM7;INF789FB1LN5;10.8194;0;0;14-Mar-2017
129259;UTI FTIF Series XVIII -V (370 DAYS)-Annual Div Option - Direct;INF789FB1LU0;INF789FB1LV8;10.8207;0;0;14-Mar-2017
129260;UTI FTIF Series XVIII -V (370 DAYS)-Quarterly Div Option;INF789FB1LK1;INF789FB1LL9;10.1638;0;0;14-Mar-2017
129261;UTI FTIF Series XVIII -V (370 DAYS)-Quarterly Div Option - Direct;INF789FB1LS4;INF789FB1LT2;10.1637;0;0;14-Mar-2017
129266;UTI FTIF Series XVIII -VI (367 DAYS) - Growth Option - Direct;INF789FB1NE0;;12.715;0;0;14-Mar-2017
129274;UTI FTIF Series XVIII -VI (367 DAYS)- Growth Option;INF789FB1MW4;;12.6567;0;0;14-Mar-2017
129267;UTI FTIF Series XVIII -VI (367 DAYS)-Annual Div Option;INF789FB1MR4;INF789FB1MS2;10.819;0;0;14-Mar-2017
129271;UTI FTIF Series XVIII -VI (367 DAYS)-Maturity Div Option;INF789FB1MT0;;11.6193;0;0;14-Mar-2017
129272;UTI FTIF Series XVIII -VI (367 DAYS)-Maturity Div Option - Direct;INF789FB1NB6;;11.6422;0;0;14-Mar-2017
129269;UTI FTIF Series XVIII -VI (367 DAYS)-Quarterly Div Option;INF789FB1MQ6;INF789FB1QM6;10.1632;0;0;14-Mar-2017
129276;UTI FTIF Series XVIII -VII (368 DAYS) - Growth Option - Direct;INF789FB1OZ3;;12.7121;0;0;14-Mar-2017
129283;UTI FTIF Series XVIII -VII (368 DAYS)- Growth Option;INF789FB1OR0;;12.6733;0;0;14-Mar-2017
129277;UTI FTIF Series XVIII -VII (368 DAYS)-Annual Div Option;INF789FB1OM1;INF789FB1ON9;10.8272;0;0;14-Mar-2017
129281;UTI FTIF Series XVIII -VII (368 DAYS)-Flexi Div Option;INF789FB1OP4;INF789FB1OQ2;11.6059;0;0;14-Mar-2017
129279;UTI FTIF Series XVIII -VII (368 DAYS)-Maturity Div Option;INF789FB1OO7;;11.6069;0;0;14-Mar-2017
129285;UTI FTIF Series XVIII -VII (368 DAYS)-Quarterly Div Option;INF789FB1OK5;INF789FB1OL3;10.1645;0;0;14-Mar-2017
131246;UTI FTIF Series XX - I (1099 Days) - Annual Div Option;INF789FA1E87;INF789FA1E95;10.9563;0;0;14-Mar-2017
131245;UTI FTIF Series XX - I (1099 Days) - Growth Option;INF789FA1F11;;12.473;0;0;14-Mar-2017
131253;UTI FTIF Series XX - I (1099 Days) - Growth Option - Direct;INF789FA1E38;;12.6606;0;0;14-Mar-2017
131250;UTI FTIF Series XX - I (1099 Days) - Maturity Div Option;INF789FA1F03;;12.4726;0;0;14-Mar-2017
131248;UTI FTIF Series XX - I (1099 Days) - Quarterly Div Option;INF789FA1E61;INF789FA1E79;10.2886;0;0;14-Mar-2017
131249;UTI FTIF Series XX - I (1099 Days) - Quarterly Div Option - Direct;INF789FA1D88;INF789FA1D96;10.3029;0;0;14-Mar-2017
131565;UTI FTIF Series XX - II (1103 Days) - Annual Div Option;INF789FA1I42;INF789FA1I59;10.9478;0;0;14-Mar-2017
131572;UTI FTIF Series XX - II (1103 Days) - Annual Div Option -Direct;INF789FA1H68;INF789FA1H76;11.012;0;0;14-Mar-2017
131446;UTI FTIF Series XX - II (1103 Days) - Growth Option;INF789FA1I75;;12.4469;0;0;14-Mar-2017
131573;UTI FTIF Series XX - II (1103 Days) - Growth Option -Direct;INF789FA1H92;;12.6324;0;0;14-Mar-2017
131568;UTI FTIF Series XX - II (1103 Days) - Maturity Div Option;INF789FA1I67;;12.4469;0;0;14-Mar-2017
131569;UTI FTIF Series XX - II (1103 Days) - Maturity Div Option - Direct;INF789FA1H84;;12.6323;0;0;14-Mar-2017
131566;UTI FTIF Series XX - II (1103 Days) - Quarterly Div Option;INF789FA1I26;INF789FA1I34;10.2837;0;0;14-Mar-2017
131567;UTI FTIF Series XX - II (1103 Days) - Quarterly Div Option - Direct;INF789FA1H43;INF789FA1H50;10.298;0;0;14-Mar-2017
132774;UTI FTIF Series XX - III (1100 Days) - Annual Div Option;INF789FA1X68;INF789FA1X76;10.9577;0;0;14-Mar-2017
132779;UTI FTIF Series XX - III (1100 Days) - Annual Div Option - Direct;INF789FA1W85;INF789FA1W93;11.0218;0;0;14-Mar-2017
132777;UTI FTIF Series XX - III (1100 Days) - Flexi Div Option;INF789FA1Y00;INF789FA1Y18;12.4457;0;0;14-Mar-2017
131447;UTI FTIF Series XX - III (1100 Days) - Growth Option;INF789FA1X92;;12.4458;0;0;14-Mar-2017
131448;UTI FTIF Series XX - III (1100 Days) - Growth Option - Direct;INF789FA1X19;;12.629;0;0;14-Mar-2017
132781;UTI FTIF Series XX - III (1100 Days) - Maturity Div Option;INF789FA1X84;;12.4457;0;0;14-Mar-2017
132780;UTI FTIF Series XX - III (1100 Days) - Quarterly Div Option;INF789FA1X43;INF789FA1X50;10.2822;0;0;14-Mar-2017
133076;UTI FTIF Series XX - IX (1104 Days) - Annual Div Option;INF789FA14M6;INF789FA15M3;10.9712;0;0;14-Mar-2017
133078;UTI FTIF Series XX - IX (1104 Days) - Annual Div Option - Direct;INF789FA16L3;INF789FA17L1;11.0357;0;0;14-Mar-2017
133070;UTI FTIF Series XX - IX (1104 Days) - Growth Option;INF789FA17M9;;12.2214;0;0;14-Mar-2017
133071;UTI FTIF Series XX - IX (1104 Days) - Growth Option - Direct;INF789FA19L7;;12.3925;0;0;14-Mar-2017
133074;UTI FTIF Series XX - IX (1104 Days) - Maturity Div Option - Direct;INF789FA18L9;;12.3928;0;0;14-Mar-2017
133072;UTI FTIF Series XX - IX (1104 Days) - Quarterly Div Option;INF789FA12M0;INF789FA13M8;10.2267;0;0;14-Mar-2017
133073;UTI FTIF Series XX - IX (1104 Days) - Quarterly Div Option - Direct;INF789FA14L8;INF789FA15L5;10.2408;0;0;14-Mar-2017
132817;UTI FTIF Series XX - V (1100 Days) - Annual Div Option;INF789FA14C7;INF789FA15C4;10.968;0;0;14-Mar-2017
132812;UTI FTIF Series XX - V (1100 Days) - Annual Div Option - Direct;INF789FA16B4;INF789FA17B2;11.0328;0;0;14-Mar-2017
132816;UTI FTIF Series XX - V (1100 Days) - Flexi Div Option;INF789FA18C8;INF789FA19C6;12.3731;0;0;14-Mar-2017
132819;UTI FTIF Series XX - V (1100 Days) - Flexi Div Option - Direct;INF789FA10C5;INF789FA11C3;12.5546;0;0;14-Mar-2017
132810;UTI FTIF Series XX - V (1100 Days) - Growth Option;INF789FA17C0;;12.3747;0;0;14-Mar-2017
132811;UTI FTIF Series XX - V (1100 Days) - Growth Option - Direct;INF789FA19B8;;12.555;0;0;14-Mar-2017
132814;UTI FTIF Series XX - V (1100 Days) - Maturity Div Option;INF789FA16C2;;12.3747;0;0;14-Mar-2017
132815;UTI FTIF Series XX - V (1100 Days) - Maturity Div Option - Direct;INF789FA18B0;;12.5581;0;0;14-Mar-2017
132818;UTI FTIF Series XX - V (1100 Days) - Quarterly Div Option;INF789FA12C1;INF789FA13C9;10.263;0;0;14-Mar-2017
132813;UTI FTIF Series XX - V (1100 Days) - Quarterly Div Option - Direct;INF789FA14B9;INF789FA15B6;10.2772;0;0;14-Mar-2017
132822;UTI FTIF Series XX - VI (1100 Days) - Annual Div Option  -Direct;INF789FA18E4;INF789FA19E2;11.1497;0;0;14-Mar-2017
132826;UTI FTIF Series XX - VI (1100 Days) - Flexi Div Option;INF789FA10G6;INF789FA11G4;12.3037;0;0;14-Mar-2017
132827;UTI FTIF Series XX - VI (1100 Days) - Growth Option;INF789FA19F9;;12.3037;0;0;14-Mar-2017
132820;UTI FTIF Series XX - VI (1100 Days) - Growth Option - Direct;INF789FA11F6;;12.4804;0;0;14-Mar-2017
132828;UTI FTIF Series XX - VI (1100 Days) - Maturity Div Option;INF789FA18F1;;12.3037;0;0;14-Mar-2017
132825;UTI FTIF Series XX - VI (1100 Days) - Maturity Div Option - Direct;INF789FA10F8;;12.4805;0;0;14-Mar-2017
132824;UTI FTIF series XX - VI (1100 Days) - Quarterly Div Option - Direct;INF789FA16E8;INF789FA17E6;10.2715;0;0;14-Mar-2017
132821;UTI FTIF Series XX - VI (1100 Days) - Regular Plan - Annual Div Option;INF789FA16F5;INF789FA17F3;10.9637;0;0;14-Mar-2017
132823;UTI FTIF Series XX - VI (1100 Days)- Quarterly Div Option;INF789FA14F0;INF789FA15F7;10.2572;0;0;14-Mar-2017
132965;UTI FTIF Series XX - VII (1103 Days) - Annual Div Option;INF789FA12H0;INF789FA13H8;10.9667;0;0;14-Mar-2017
132972;UTI FTIF Series XX - VII (1103 Days) - Flexi Div Option;INF789FA16H1;INF789FA17H9;12.2528;0;0;14-Mar-2017
132963;UTI FTIF Series XX - VII (1103 Days) - Growth Option;INF789FA15H3;;12.2528;0;0;14-Mar-2017
132964;UTI FTIF Series XX - VII (1103 Days) - Growth Option - Direct;INF789FA17G1;;12.4256;0;0;14-Mar-2017
132966;UTI FTIF Series XX - VII (1103 Days) - Quarterly Div Option;INF789FA10H4;INF789FA11H2;10.2303;0;0;14-Mar-2017
133100;UTI FTIF Series XX - X (1105 Days) - Annual Div Option - Direct;INF789FA16O7;INF789FA17O5;10.8689;0;0;14-Mar-2017
133092;UTI FTIF Series XX - X (1105 Days) - Growth Option;INF789FA18P0;;12.1442;0;0;14-Mar-2017
133093;UTI FTIF Series XX - X (1105 Days) - Growth Option - Direct;INF789FA10P7;;12.1865;0;0;14-Mar-2017
133094;UTI FTIF Series XX - X (1105 Days) - Maturity Div Option;INF789FA19P8;;12.1446;0;0;14-Mar-2017
133159;UTI FTIF Series XX - XI (1100 Days) - Annual Div Option;INF789FA10R3;INF789FA11R1;10.9458;0;0;14-Mar-2017
133149;UTI FTIF Series XX - XI (1100 Days) - Annual Div Option - Direct;INF789FA12Q1;INF789FA13Q9;11.01;0;0;14-Mar-2017
133156;UTI FTIF Series XX - XI (1100 Days) - Growth Option;INF789FA14R5;;12.1597;0;0;14-Mar-2017
133157;UTI FTIF Series XX - XI (1100 Days) - Growth Option - Direct;INF789FA16Q2;;12.3274;0;0;14-Mar-2017
133152;UTI FTIF Series XX - XI (1100 Days) - Maturity Div Option;INF789FA15R2;;12.1597;0;0;14-Mar-2017
133153;UTI FTIF Series XX - XI (1100 Days) - Maturity Div Option - Direct;INF789FA17Q0;;12.3274;0;0;14-Mar-2017
133150;UTI FTIF Series XX - XI (1100 Days) - Quarterly Div Option;INF789FA16R0;INF789FA17R8;10.2772;0;0;14-Mar-2017
133151;UTI FTIF Series XX - XI (1100 Days) - Quarterly Div Option - Direct;INF789FA18Q8;INF789FA19Q6;10.291;0;0;14-Mar-2017
133336;UTI FTIF Series XX - XII (1103 Days) - Annual Div Option;INF789FA16S8;INF789FA17S6;10.9679;0;0;14-Mar-2017
133337;UTI FTIF Series XX - XII (1103 Days) - Annual Div Option - Direct;INF789FA18R6;INF789FA19R4;11.0325;0;0;14-Mar-2017
133342;UTI FTIF Series XX - XII (1103 Days) - Flexi Div Option;INF789FA18S4;INF789FA19S2;12.2003;0;0;14-Mar-2017
133334;UTI FTIF Series XX - XII (1103 Days) - Growth Option;INF789FA10T9;;12.2002;0;0;14-Mar-2017
133335;UTI FTIF Series XX - XII (1103 Days) - Growth Option - Direct;INF789FA12S7;;12.3666;0;0;14-Mar-2017
133340;UTI FTIF Series XX - XII (1103 Days) - Maturity Div Option;INF789FA11T7;;12.1999;0;0;14-Mar-2017
133341;UTI FTIF Series XX - XII (1103 Days) - Maturity Div Option - Direct;INF789FA13S5;;12.3659;0;0;14-Mar-2017
133338;UTI FTIF Series XX - XII (1103 Days) - Quarterly Div Option;INF789FA12T5;INF789FA13T3;10.2885;0;0;14-Mar-2017
133339;UTI FTIF Series XX - XII (1103 Days) - Quarterly Div Option - Direct;INF789FA14S3;INF789FA15S0;10.3043;0;0;14-Mar-2017
133453;UTI FTIF Series XX - XVI (1100 Days) Annual Div Option;INF789FB1296;INF789FB1304;10.975;0;0;14-Mar-2017
133447;UTI FTIF Series XX - XVI (1100 days) Annual Div Option - Direct;INF789FB1213;INF789FB1221;11.0394;0;0;14-Mar-2017
133452;UTI FTIF Series XX - XVI (1100 Days) Flexi Div Option Direct;INF789FB1254;INF789FB1262;12.363;0;0;14-Mar-2017
133449;UTI FTIF Series XX - XVI (1100 Days) Growth Option;INF789FB1320;;12.1979;0;0;14-Mar-2017
133450;UTI FTIF Series XX - XVI (1100 Days) Growth Option Direct;INF789FB1247;;12.362;0;0;14-Mar-2017
133451;UTI FTIF Series XX - XVI (1100 Days) Maturity Dividend Direct;INF789FB1239;;12.3592;0;0;14-Mar-2017
133448;UTI FTIF Series XX - XVI (1100 days) Quarterly Div Option;INF789FB1270;INF789FB1288;10.3165;0;0;14-Mar-2017
133454;UTI FTIF Series XX - XVI (1100 Days) Quarterly Div Option - Direct;INF789FB1197;INF789FB1205;10.3309;0;0;14-Mar-2017
133483;UTI FTIF Series XX - XVII (1102 Days) - Annual Div Option;INF789FB1452;INF789FB1460;10.9617;0;0;14-Mar-2017
133478;UTI FTIF Series XX - XVII (1102 Days) - Annual Div Option - Direct;INF789FB1379;INF789FB1387;11.0261;0;0;14-Mar-2017
133482;UTI FTIF Series XX - XVII (1102 Days) - Flexi Div Option;INF789FB1494;INF789FB1502;12.1659;0;0;14-Mar-2017
133476;UTI FTIF Series XX - XVII (1102 Days) - Growth Option;INF789FB1486;;12.1625;0;0;14-Mar-2017
133474;UTI FTIF Series XX - XVII (1102 Days) - Growth Option - Direct;INF789FB1403;;12.3253;0;0;14-Mar-2017
133475;UTI FTIF Series XX - XVII (1102 Days) - Quarterly Div Option;INF789FB1437;INF789FB1445;10.3078;0;0;14-Mar-2017
133026;UTI FTIF Series XX-VIII (1105 Days) - Growth Option;INF789FA11L4;;12.1718;0;0;14-Mar-2017
133027;UTI FTIF Series XX-VIII (1105 Days) - Growth Option - Direct;INF789FA13K2;;12.2146;0;0;14-Mar-2017
133020;UTI FTIF Series XX-VIII (1105 Days) - Quarterly Div Option;INF789FA16K5;INF789FA17K3;10.1907;0;0;14-Mar-2017
133543;UTI FTIF Series XXI - I (1100 Days) - Annual Div Option;INF789FB1619;;10.9564;0;0;14-Mar-2017
133545;UTI FTIF Series XXI - I (1100 Days) - Annual Div Option - Direct;INF789FB1536;;11.0093;0;0;14-Mar-2017
133547;UTI FTIF Series XXI - I (1100 Days) - Flexi Div Option;INF789FB1650;;12.1049;0;0;14-Mar-2017
133540;UTI FTIF Series XXI - I (1100 Days) - Growth Option;INF789FB1643;;12.1041;0;0;14-Mar-2017
133541;UTI FTIF Series XXI - I (1100 Days) - Growth Option - Direct;INF789FB1569;;12.2373;0;0;14-Mar-2017
133546;UTI FTIF Series XXI - I (1100 Days) - Maturity Div Option;INF789FB1635;;12.1109;0;0;14-Mar-2017
133542;UTI FTIF Series XXI - I (1100 Days) - Quarterly Div Option;INF789FB1593;;10.3084;0;0;14-Mar-2017
133544;UTI FTIF Series XXI - I (1100 Days) - Quarterly Div Option - Direct;INF789FB1510;;10.3204;0;0;14-Mar-2017
133655;UTI FTIF Series XXI - II (1100 Days) - Annual Div Option;INF789FB1627;;10.9626;0;0;14-Mar-2017
133654;UTI FTIF Series XXI - II (1100 Days) - Annual Div Option - Direct;INF789FB1544;;11.0164;0;0;14-Mar-2017
133652;UTI FTIF Series XXI - II (1100 Days) - Flexi Div Option;INF789FB1668;;12.0501;0;0;14-Mar-2017
133656;UTI FTIF Series XXI - II (1100 Days) - Growth Option;INF789FB1908;;12.0501;0;0;14-Mar-2017
133648;UTI FTIF Series XXI - II (1100 Days) - Growth Option - Direct;INF789FB1882;;12.1804;0;0;14-Mar-2017
133657;UTI FTIF Series XXI - II (1100 Days) - Maturity Div Option;INF789FB1890;;12.0501;0;0;14-Mar-2017
133649;UTI FTIF Series XXI - II (1100 Days) - Quarterly Div Option;INF789FB1601;;10.2776;0;0;14-Mar-2017
133650;UTI FTIF Series XXI - II (1100 Days) - Quarterly Div Option - Direct;INF789FB1528;;10.2896;0;0;14-Mar-2017
133692;UTI FTIF Series XXI-III (1158 Days) - Annual Div Option;INF789FB1AA5;;10.8989;0;0;14-Mar-2017
133685;UTI FTIF Series XXI-III (1158 Days) - Annual Div Option - Direct;INF789FB1965;;10.961;0;0;14-Mar-2017
133683;UTI FTIF Series XXI-III (1158 Days) - Growth Option;INF789FB1AE7;;11.9848;0;0;14-Mar-2017
133684;UTI FTIF series XXI-III (1158 Days) - Growth Option - Direct;INF789FB1AC1;;12.1125;0;0;14-Mar-2017
133687;UTI FTIF Series XXI-III (1158 Days) - Maturity Div Option - Direct;INF789FB1AB3;;12.1116;0;0;14-Mar-2017
133686;UTI FTIF Series XXI-III (1158 Days) - Quarterly Div Option;INF789FB1999;;10.2556;0;0;14-Mar-2017
133697;UTI FTIF Series XXI-IV (1146 Days) - Annual Div Option;INF789FB1AK4;;10.9005;0;0;14-Mar-2017
133696;UTI FTIF Series XXI-IV (1146 Days) - Annual Div Option - Direct;INF789FB1AG2;;10.9864;0;0;14-Mar-2017
133701;UTI FTIF Series XXI-IV (1146 Days) - Flexi Div Option;INF789FB1AI8;;11.975;0;0;14-Mar-2017
133698;UTI FTIF Series XXI-IV (1146 Days) - Growth Option;INF789FB1AO6;;11.9741;0;0;14-Mar-2017
133693;UTI FTIF Series XXI-IV (1146 Days) - Growth Option - Direct;INF789FB1AM0;;12.0998;0;0;14-Mar-2017
133695;UTI FTIF Series XXI-IV (1146 Days) - Maturity Div Option;INF789FB1AN8;;11.9741;0;0;14-Mar-2017
133700;UTI FTIF Series XXI-IV (1146 Days) - Maturity Div Option - Direct;INF789FB1AL2;;12.0995;0;0;14-Mar-2017
133694;UTI FTIF Series XXI-IV (1146 Days) - Quarterly Div Option;INF789FB1AJ6;;10.2752;0;0;14-Mar-2017
133699;UTI FTIF Series XXI-IV (1146 Days) - Quarterly Div Option - Direct;INF789FB1AF4;;10.2871;0;0;14-Mar-2017
134035;UTI FTIF Series XXI-VI (1145 Days) - Annual Div Option;INF789FB1CS3;;10.9248;0;0;14-Mar-2017
134032;UTI FTIF Series XXI-VI (1145 Days) - Flexi Div Option;INF789FB1CQ7;;11.9357;0;0;14-Mar-2017
134028;UTI FTIF Series XXI-VI (1145 Days) - Growth Option;INF789FB1CW5;;11.9358;0;0;14-Mar-2017
134027;UTI FTIF Series XXI-VI (1145 Days) - Growth Option - Direct;INF789FB1CU9;;12.0596;0;0;14-Mar-2017
134031;UTI FTIF Series XXI-VI (1145 Days) - Maturity Div Option - Direct;INF789FB1CT1;;12.062;0;0;14-Mar-2017
134029;UTI FTIF Series XXI-VI (1145 Days) - Quarterly Div Option;INF789FB1CR5;;10.2743;0;0;14-Mar-2017
134034;UTI FTIF Series XXI-VI (1145 Days) - Quarterly Div Option - Direct;INF789FB1CN4;;10.2863;0;0;14-Mar-2017
134090;UTI FTIF Series XXI-VII (1143 Days) - Annual Div Option;INF789FB1DC5;;10.9153;0;0;14-Mar-2017
134091;UTI FTIF Series XXI-VII (1143 Days) - Annual Div Option - Direct;INF789FB1CY1;;10.9702;0;0;14-Mar-2017
134088;UTI FTIF Series XXI-VII (1143 Days) - Growth Option;INF789FB1DG6;;11.9095;0;0;14-Mar-2017
134084;UTI FTIF Series XXI-VII (1143 Days) - Growth Option - Direct;INF789FB1DE1;;12.0313;0;0;14-Mar-2017
134092;UTI FTIF Series XXI-VII (1143 Days) - Maturity Div Option;INF789FB1DF8;;11.9096;0;0;14-Mar-2017
134085;UTI FTIF Series XXI-VII (1143 Days) - Quarterly Div Option;INF789FB1DB7;;10.2641;0;0;14-Mar-2017
134100;UTI FTIF Series XXI-VIII (1136 Days) - Annual Div Option;INF789FB1DM4;;10.9106;0;0;14-Mar-2017
134095;UTI FTIF Series XXI-VIII (1136 Days) - Annual Div Option - Direct;INF789FB1DI2;;10.9641;0;0;14-Mar-2017
134101;UTI FTIF Series XXI-VIII (1136 Days) - Growth Option;INF789FB1DQ5;;11.8687;0;0;14-Mar-2017
134103;UTI FTIF Series XXI-VIII (1136 Days) - Maturity Div Option;INF789FB1DP7;;11.8687;0;0;14-Mar-2017
134096;UTI FTIF Series XXI-VIII (1136 Days) - Quarterly Div Option;INF789FB1DL6;;10.2719;0;0;14-Mar-2017
134094;UTI FTIF Series XXI-VIII (1136 Days)- Growth Option - Direct;INF789FB1DO0;;11.989;0;0;14-Mar-2017
134268;UTI FTIF Series XXI-X (1112 Days) - Annual Div Option;INF789FB1FA4;;10.9224;0;0;14-Mar-2017
134269;UTI FTIF Series XXI-X (1112 Days) - Annual Div Option - Direct;INF789FB1EW1;;10.9748;0;0;14-Mar-2017
134274;UTI FTIF Series XXI-X (1112 Days) - Growth Option;INF789FB1FE6;;11.8267;0;0;14-Mar-2017
134266;UTI FTIF Series XXI-X (1112 Days) - Growth Option - Direct;INF789FB1FC0;;11.9451;0;0;14-Mar-2017
134275;UTI FTIF Series XXI-X (1112 Days) - Quarterly Div Option;INF789FB1EZ4;;10.3028;0;0;14-Mar-2017
134267;UTI FTIF Series XXI-X (1112 Days) - Quarterly Div Option - Direct;INF789FB1EV3;;10.3147;0;0;14-Mar-2017
134281;UTI FTIF Series XXI-XI (1112 Days) - Annual Div Option - Direct;INF789FB1FG1;;10.9262;0;0;14-Mar-2017
134277;UTI FTIF Series XXI-XI (1112 Days) - Growth Option;INF789FB1FO5;;11.8454;0;0;14-Mar-2017
134278;UTI FTIF Series XXI-XI (1112 Days) - Growth Option - Direct;INF789FB1FM9;;11.8809;0;0;14-Mar-2017
134327;UTI FTIF Series XXI-XII (1106 Days) - Annual Div Option;INF789FB1IL5;;10.9332;0;0;14-Mar-2017
134329;UTI FTIF Series XXI-XII (1106 Days) - Annual Div Option - Direct;INF789FB1IH3;;10.9868;0;0;14-Mar-2017
134330;UTI FTIF Series XXI-XII (1106 Days) - Flexi Div Option;INF789FB1IJ9;;11.8564;0;0;14-Mar-2017
134321;UTI FTIF Series XXI-XII (1106 Days) - Growth Option;INF789FB1IP6;;11.8537;0;0;14-Mar-2017
134322;UTI FTIF Series XXI-XII (1106 Days) - Growth Option - Direct;INF789FB1IN1;;11.9714;0;0;14-Mar-2017
134328;UTI FTIF Series XXI-XII (1106 Days) - Quarterly Div Option;INF789FB1IK7;;10.2851;0;0;14-Mar-2017
134438;UTI FTIF Series XXI-XIV (1103 Day) - Maturity Div Option - Direct;INF789FB1JG3;;11.9704;0;0;14-Mar-2017
134436;UTI FTIF Series XXI-XIV (1103 Days) - Annual Div Option - Direct;INF789FB1JB4;;10.9959;0;0;14-Mar-2017
134434;UTI FTIF Series XXI-XIV (1103 Days) - Growth Option;INF789FB1JJ7;;11.7975;0;0;14-Mar-2017
134441;UTI FTIF Series XXI-XIV (1103 Days) - Growth Option - Direct;INF789FB1JH1;;11.9766;0;0;14-Mar-2017
134437;UTI FTIF Series XXI-XIV (1103 Days) - Quarterly Div Option - Direct;INF789FB1JA6;;10.2984;0;0;14-Mar-2017
134478;UTI FTIF series XXI-XV (1103 Days) - Annual Div Option;INF789FB1JP4;;10.9576;0;0;14-Mar-2017
134482;UTI FTIF Series XXI-XV (1103 Days) - Annual Div Option - Direct;INF789FB1JL3;;10.9682;0;0;14-Mar-2017
134479;UTI FTIF Series XXI-XV (1103 Days) - Flexi Div Option;INF789FB1JN9;;11.6917;0;0;14-Mar-2017
134474;UTI FTIF Series XXI-XV (1103 Days) - Growth Option;INF789FB1JT6;;11.6904;0;0;14-Mar-2017
134475;UTI FTIF Series XXI-XV (1103 Days) - Growth Option - Direct;INF789FB1JR0;;11.8675;0;0;14-Mar-2017
134481;UTI FTIF Series XXI-XV (1103 Days) - Maturity Div Option;INF789FB1JS8;;11.6903;0;0;14-Mar-2017
134483;UTI FTIF Series XXI-XV (1103 Days) - Maturity Div Option - Direct;INF789FB1JQ2;;11.8675;0;0;14-Mar-2017
134476;UTI FTIF Series XXI-XV (1103 Days) - Quarterly Div Option;INF789FB1JO7;;10.2865;0;0;14-Mar-2017
134477;UTI FTIF Series XXI-XV (1103 Days) - Quarterly Div Option - Direct;INF789FB1JK5;;10.2865;0;0;14-Mar-2017
134531;UTI FTIF Series XXII-I (1099 Days) - Direct Plan - Annual Div Option;INF789FB1QT1;;10.9663;0;0;14-Mar-2017
134526;UTI FTIF Series XXII-I (1099 Days) - Direct Plan - Growth Option;INF789FB1QZ8;;11.8272;0;0;14-Mar-2017
134528;UTI FTIF Series XXII-I (1099 Days) - Direct Plan - Maturity Div Option;INF789FB1QY1;;11.8314;0;0;14-Mar-2017
134530;UTI FTIF Series XXII-I (1099 Days) - Direct Plan - Quarterly Div Option;INF789FB1QS3;;10.2641;0;0;14-Mar-2017
134527;UTI FTIF Series XXII-I (1099 Days) - Regular Plan - Annual Div Option;INF789FB1QX3;;10.9551;0;0;14-Mar-2017
134525;UTI FTIF Series XXII-I (1099 Days) - Regular Plan - Flexi Div Option;INF789FB1QV7;;11.7087;0;0;14-Mar-2017
134522;UTI FTIF Series XXII-I (1099 Days) - Regular Plan - Growth Option;INF789FB1RB7;;11.7087;0;0;14-Mar-2017
134524;UTI FTIF Series XXII-I (1099 Days) - Regular Plan - Maturity Div Option;INF789FB1RA9;;11.709;0;0;14-Mar-2017
134523;UTI FTIF Series XXII-I (1099 Days) - Regular Plan - Quarterly Div Option;INF789FB1QW5;;10.2642;0;0;14-Mar-2017
134649;UTI FTIF Series XXII-II (1099 Days) - Annual Div Option;INF789FB1RP7;;10.9543;0;0;14-Mar-2017
134654;UTI FTIF Series XXII-II (1099 Days) - Annual Div Option - Direct;INF789FB1RL6;;10.9699;0;0;14-Mar-2017
134652;UTI FTIF Series XXII-II (1099 Days) - Flexi Div Option;INF789FB1RN2;;11.6877;0;0;14-Mar-2017
134645;UTI FTIF Series XXII-II (1099 Days) - Growth Option;INF789FB1RT9;;11.688;0;0;14-Mar-2017
134646;UTI FTIF Series XXII-II (1099 Days) - Growth Option - Direct;INF789FB1RR3;;11.8057;0;0;14-Mar-2017
134650;UTI FTIF Series XXII-II (1099 Days) - Maturity Div Option;INF789FB1RS1;;11.6886;0;0;14-Mar-2017
134651;UTI FTIF Series XXII-II (1099 Days) - Maturity Div Option - Direct;INF789FB1RQ5;;11.8059;0;0;14-Mar-2017
134647;UTI FTIF Series XXII-II (1099 Days) - Quarterly Div Option;INF789FB1RO0;;10.3026;0;0;14-Mar-2017
134648;UTI FTIF Series XXII-II (1099 Days) - Quarterly Div Option - Direct;INF789FB1RK8;;10.3025;0;0;14-Mar-2017
134751;UTI FTIF Series XXII-III (1099 Days) - Direct Plan  - Maturity Div Option;INF789FB1SA7;;11.7562;0;0;14-Mar-2017
134752;UTI FTIF Series XXII-III (1099 Days) - Direct Plan - Annual Div Option;INF789FB1RV5;;10.9653;0;0;14-Mar-2017
134747;UTI FTIF Series XXII-III (1099 Days) - Direct Plan - Growth Option;INF789FB1SB5;;11.7562;0;0;14-Mar-2017
134748;UTI FTIF Series XXII-III (1099 Days) - Direct Plan - Quarterly Div Option;INF789FB1RU7;;10.288;0;0;14-Mar-2017
134746;UTI FTIF Series XXII-III (1099 Days) - Regular Plan  - Flexi Div Option;INF789FB1RX1;;11.6386;0;0;14-Mar-2017
134745;UTI FTIF Series XXII-III (1099 Days) - Regular Plan - Annual Div Option;INF789FB1RZ6;;10.9451;0;0;14-Mar-2017
134750;UTI FTIF Series XXII-III (1099 Days) - Regular Plan - Growth Option;INF789FB1SD1;;11.6387;0;0;14-Mar-2017
134753;UTI FTIF Series XXII-III (1099 Days) - Regular Plan - Maturity Div Option;INF789FB1SC3;;11.6386;0;0;14-Mar-2017
134744;UTI FTIF Series XXII-III (1099 Days) - Regular Plan - Quarterly Div Option;INF789FB1RY9;;10.288;0;0;14-Mar-2017
134796;UTI FTIF Series XXII-IV (1098 Days) - Direct Plan - Annual Div Option;INF789FB1VI4;;10.9687;0;0;14-Mar-2017
134793;UTI FTIF Series XXII-IV (1098 Days) - Direct Plan - Growth Option;INF789FB1VN4;;11.741;0;0;14-Mar-2017
134798;UTI FTIF Series XXII-IV (1098 Days) - Direct Plan - Maturity Div Option;INF789FB1VM6;;11.7436;0;0;14-Mar-2017
134795;UTI FTIF Series XXII-IV (1098 Days) - Direct Plan - Quarterly Div Option;INF789FB1VH6;;10.2967;0;0;14-Mar-2017
134790;UTI FTIF Series XXII-IV (1098 Days) - Regular Plan - Annual Div Option;INF789FB1VQ7;;10.9463;0;0;14-Mar-2017
134797;UTI FTIF Series XXII-IV (1098 Days) - Regular Plan - Growth Option;INF789FB1VP9;;11.624;0;0;14-Mar-2017
134792;UTI FTIF Series XXII-IV (1098 Days) - Regular Plan - Maturity Div Option;INF789FB1VO2;;11.6239;0;0;14-Mar-2017
134789;UTI FTIF Series XXII-IV (1098 Days) - Regular Plan - Quarterly Div Option;INF789FB1VL8;;10.2967;0;0;14-Mar-2017
135029;UTI FTIF Series XXII-IX (1099 Days) - Direct Plan - Growth Option;INF789FB1H90;;11.6191;0;0;14-Mar-2017
135025;UTI FTIF Series XXII-IX (1099 Days) - Regular Plan - Growth Option;INF789FB1I16;;11.5993;0;0;14-Mar-2017
135032;UTI FTIF Series XXII-IX (1099 Days) - Regular Plan - Maturity Div Option;INF789FB1I08;;11.5989;0;0;14-Mar-2017
135026;UTI FTIF Series XXII-IX (1099 Days) - Regular Plan - Quarterly Div Option;INF789FB1H66;;10.3189;0;0;14-Mar-2017
134978;UTI FTIF Series XXII-VI (1098 Days) -  Regular Plan - Growth Option;INF789FB1F19;;11.8992;0;0;14-Mar-2017
134981;UTI FTIF Series XXII-VI (1098 Days) - Direct Plan - Annual Div Option;INF789FB1E36;;11.3064;0;0;14-Mar-2017
134985;UTI FTIF Series XXII-VI (1098 Days) - Direct Plan - Growth Option;INF789FB1E93;;12.161;0;0;14-Mar-2017
134979;UTI FTIF Series XXII-VI (1098 Days) - Regular Plan - Annual Div Option;INF789FB1E77;;11.2273;0;0;14-Mar-2017
134984;UTI FTIF Series XXII-VI (1098 Days) - Regular Plan - Flexi Div Option;INF789FB1E51;;11.8993;0;0;14-Mar-2017
134980;UTI FTIF Series XXII-VI (1098 Days) - Regular Plan - Maturity Div Option;INF789FB1F01;;11.8994;0;0;14-Mar-2017
134983;UTI FTIF Series XXII-VI (1098 Days) - Regular Plan - Quarterly Div Option;INF789FB1E69;;10.4806;0;0;14-Mar-2017
134993;UTI FTIF Series XXII-VII (1098 Days) - Direct Plan - Growth Option;INF789FB1F92;;11.7249;0;0;14-Mar-2017
134994;UTI FTIF Series XXII-VII (1098 Days) - Direct Plan - Quarterly Div Option;INF789FB1F27;;10.3529;0;0;14-Mar-2017
134990;UTI FTIF Series XXII-VII (1098 Days) - Regular Plan - Annual Div Option;INF789FB1F76;;10.994;0;0;14-Mar-2017
134992;UTI FTIF Series XXII-VII (1098 Days) - Regular Plan - Flexi Div Option;INF789FB1F50;;11.6098;0;0;14-Mar-2017
134988;UTI FTIF Series XXII-VII (1098 Days) - Regular Plan - Growth Option;INF789FB1G18;;11.6085;0;0;14-Mar-2017
134991;UTI FTIF Series XXII-VII (1098 Days) - Regular Plan - Maturity Div Option;INF789FB1G00;;11.6086;0;0;14-Mar-2017
134989;UTI FTIF Series XXII-VII (1098 Days) - Regular Plan - Quarterly Div Option;INF789FB1F68;;10.353;0;0;14-Mar-2017
135023;UTI FTIF Series XXII-VIII (1099 Days) - Direct Plan - Annual Div Option;INF789FB1G34;;10.975;0;0;14-Mar-2017
135019;UTI FTIF Series XXII-VIII (1099 Days) - Direct Plan - Growth Option;INF789FB1G91;;11.607;0;0;14-Mar-2017
135024;UTI FTIF Series XXII-VIII (1099 Days) - Direct Plan - Maturity Div Option;INF789FB1G83;;11.6071;0;0;14-Mar-2017
135020;UTI FTIF Series XXII-VIII (1099 Days) - Direct Plan - Quarterly Div Option;INF789FB1G26;;10.3021;0;0;14-Mar-2017
135022;UTI FTIF Series XXII-VIII (1099 Days) - Regular Plan - Annual Div Option;INF789FB1G75;;10.9424;0;0;14-Mar-2017
135015;UTI FTIF Series XXII-VIII (1099 Days) - Regular Plan - Growth Option;INF789FB1H17;;11.4918;0;0;14-Mar-2017
135017;UTI FTIF Series XXII-VIII (1099 Days) - Regular Plan - Maturity Div Option;INF789FB1H09;;11.4918;0;0;14-Mar-2017
135016;UTI FTIF Series XXII-VIII (1099 Days) - Regular Plan - Quarterly Div Option;INF789FB1G67;;10.3021;0;0;14-Mar-2017
135045;UTI FTIF Series XXII-X (1098 Days) - Direct Plan - Growth Option;INF789FB1P33;;11.6008;0;0;14-Mar-2017
135044;UTI FTIF series XXII-X (1098 Days) - Regular Plan - Growth Option;INF789FB1P58;;11.5811;0;0;14-Mar-2017
135070;UTI FTIF Series XXII-XI (1098 Days) - Direct Plan - Growth Option;INF789FB1Q32;;11.5723;0;0;14-Mar-2017
135066;UTI FTIF Series XXII-XI (1098 Days) - Regular Plan - Growth Option;INF789FB1Q57;;11.5528;0;0;14-Mar-2017
135209;UTI FTIF Series XXII-XII (1100 Days) - Direct Plan - Annual Div Option;INF789FB1Q73;;10.9855;0;0;14-Mar-2017
135207;UTI FTIF Series XXII-XII (1100 Days) - Direct Plan - Growth Option;INF789FB1R31;;11.5753;0;0;14-Mar-2017
135208;UTI FTIF Series XXII-XII (1100 Days) - Direct Plan - Quarterly Div Option;INF789FB1Q65;;10.2959;0;0;14-Mar-2017
135206;UTI FTIF Series XXII-XII (1100 Days) - Flexi Div Option;INF789FB1Q99;;11.4599;0;0;14-Mar-2017
135204;UTI FTIF Series XXII-XII (1100 Days) - Maturity Div Option;INF789FB1R49;;11.46;0;0;14-Mar-2017
135203;UTI FTIF Series XXII-XII (1100 Days) - Regular Plan - Annual Div Option;INF789FB1R15;;10.9474;0;0;14-Mar-2017
135202;UTI FTIF Series XXII-XII (1100 Days) - Regular Plan - Growth Option;INF789FB1R56;;11.46;0;0;14-Mar-2017
135205;UTI FTIF Series XXII-XII (1100 Days) - Regular Plan - Quarterly Div Option;INF789FB1R07;;10.2959;0;0;14-Mar-2017
135263;UTI FTIF Series XXII-XIII (1100 Days) - Direct Plan - Annual Div Option;INF789FB1R72;;11.0731;0;0;14-Mar-2017
135267;UTI FTIF Series XXII-XIII (1100 Days) - Direct Plan - Growth Option;INF789FB1S30;;11.6819;0;0;14-Mar-2017
135266;UTI FTIF Series XXII-XIII (1100 Days) - Direct Plan - Maturity Div Option;INF789FB1S22;;11.6819;0;0;14-Mar-2017
135264;UTI FTIF Series XXII-XIII (1100 Days) - Direct Plan - Quarterly Div Option;INF789FB1R64;;10.3479;0;0;14-Mar-2017
135261;UTI FTIF Series XXII-XIII (1100 Days) - Regular Plan - Annual Div Option;INF789FB1S14;;11.0192;0;0;14-Mar-2017
135260;UTI FTIF Series XXII-XIII (1100 Days) - Regular Plan - Flexi Div Option;INF789FB1R98;;11.536;0;0;14-Mar-2017
135258;UTI FTIF Series XXII-XIII (1100 Days) - Regular Plan - Growth Option;INF789FB1S55;;11.5366;0;0;14-Mar-2017
135259;UTI FTIF Series XXII-XIII (1100 Days) - Regular Plan - Maturity Div Option;INF789FB1S48;;11.5371;0;0;14-Mar-2017
135262;UTI FTIF Series XXII-XIII (1100 Days) - Regular Plan - Quarterly Div Option;INF789FB1S06;;10.3479;0;0;14-Mar-2017
135271;UTI FTIF Series XXII-XIV (1100 Days) - Direct Plan - Growth Option;INF789FB1V76;;11.464;0;0;14-Mar-2017
135268;UTI FTIF Series XXII-XIV (1100 Days) - Regular Plan - Growth Option;INF789FB1V92;;11.4457;0;0;14-Mar-2017
135269;UTI FTIF Series XXII-XIV (1100 Days) - Regular Plan - Quarterly Div Option;INF789FB1V43;;10.274;0;0;14-Mar-2017
122152;UTI Quarterly Interval Fund - I - Direct Plan - IDCW;INF789F01WG9;INF789F01WH7;10.1555;0;0;14-Mar-2017
106060;UTI Quarterly Interval Fund - I - Regular Plan - Growth Option;INF789F01GE7;;21.9351;0;0;14-Mar-2017
106057;UTI Quarterly Interval Fund - I - Regular Plan - IDCW;INF789F01GC1;INF789F01GD9;10.1463;0;0;14-Mar-2017
122165;UTI Quarterly Interval Fund - I -Direct Plan - Growth Option;INF789F01WI5;;22.1097;0;0;14-Mar-2017
121182;UTI Quarterly Interval Fund - II - Direct Plan - Growth Option;INF789F01WR6;;19.8897;0;0;14-Mar-2017
121181;UTI Quarterly Interval Fund - II - Direct Plan - IDCW;INF789F01WP0;INF789F01WQ8;10.0662;0;0;14-Mar-2017
109617;UTI Quarterly Interval Fund - II - Regular Plan - Growth Option;INF789F01GW9;;19.7274;0;0;14-Mar-2017
109618;UTI Quarterly Interval Fund - II - Regular Plan - IDCW;INF789F01GU3;INF789F01GV1;10.0615;0;0;14-Mar-2017
121722;UTI Quarterly Interval Fund - III -Direct Plan - Growth Option;INF789F01WU0;;19.9569;0;0;14-Mar-2017
121721;UTI Quarterly Interval Fund - III -Direct Plan - IDCW;INF789F01WS4;INF789F01WT2;10.011;0;0;14-Mar-2017
110024;UTI Quarterly Interval Fund - III -Regular Plan - Growth Option;INF789F01HC9;;19.797;0;0;14-Mar-2017
110021;UTI Quarterly Interval Fund - III -Regular Plan - IDCW;INF789F01HA3;INF789F01HB1;10.0106;0;0;14-Mar-2017
128888;UTI-FMP-Yearly Series March 2014 - Dividend Option;INF789FA1FM0;INF789FA1FN8;10.1655;0;0;14-Mar-2017
128886;UTI-FMP-Yearly Series March 2014 - Growth Option;INF789FB1QI4;;12.6981;0;0;14-Mar-2017
128887;UTI-FMP-Yearly Series March 2014 - Growth Option - Direct;INF789FB1QL8;;12.7759;0;0;14-Mar-2017

Close Ended Schemes ( Growth )


Aditya Birla Sun Life Mutual Fund
129404;Aditya Birla Sun Life Emerging Leaders Fund - Series 1 - Direct Plan - Dividend;INF209KA1IQ0;;14.92;14.92;14.92;14-Mar-2017
129402;Aditya Birla Sun Life Emerging Leaders Fund - Series 1 - Direct Plan - Growth;INF209KA1IP2;;19.21;19.21;19.21;14-Mar-2017
129401;Aditya Birla Sun Life Emerging Leaders Fund - Series 1 - Regular Plan - Dividend;INF209KA1IO5;;14.75;14.75;14.75;14-Mar-2017
129403;Aditya Birla Sun Life Emerging Leaders Fund - Series 1 - Regular Plan - Growth;INF209KA1IN7;;19.00;19.00;19.00;14-Mar-2017
129883;Aditya Birla Sun Life Emerging Leaders Fund - Series 2 - Direct Plan - Dividend Option;INF209KA1JY2;;12.74;12.74;12.74;14-Mar-2017
129885;Aditya Birla Sun Life Emerging Leaders Fund - Series 2 - Direct Plan - Growth Option;INF209KA1JX4;;15.18;15.18;15.18;14-Mar-2017
129882;Aditya Birla Sun Life Emerging Leaders Fund - Series 2 - Regular Plan - Dividend Option;INF209KA1JW6;;12.59;12.59;12.59;14-Mar-2017
129884;Aditya Birla Sun Life Emerging Leaders Fund - Series 2 - Regular Plan - Growth Option;INF209KA1JV8;;14.99;14.99;14.99;14-Mar-2017
130295;Aditya Birla Sun Life Emerging Leaders Fund - Series 3 - Direct Plan - Dividend;INF209KB1HW9;;11.92;11.92;11.92;14-Mar-2017
130296;Aditya Birla Sun Life Emerging Leaders Fund - Series 3 - Direct Plan - Growth;INF209KB1HV1;;14.33;14.33;14.33;14-Mar-2017
130297;Aditya Birla Sun Life Emerging Leaders Fund - Series 3 - Regular Plan - Dividend;INF209KB1HY5;;11.77;11.77;11.77;14-Mar-2017
130298;Aditya Birla Sun Life Emerging Leaders Fund - Series 3 - Regular Plan - Growth;INF209KB1HX7;;14.14;14.14;14.14;14-Mar-2017
130727;Aditya Birla Sun Life Emerging Leaders Fund - Series 4 - Direct Plan - Dividend;INF209KB1IU1;;12.40;12.40;12.40;14-Mar-2017
130728;Aditya Birla Sun Life Emerging Leaders Fund - Series 4 - Direct Plan - Growth;INF209KB1IT3;;14.87;14.87;14.87;14-Mar-2017
130729;Aditya Birla Sun Life Emerging Leaders Fund - Series 4 - Regular Plan - Dividend;INF209KB1IW7;;12.24;12.24;12.24;14-Mar-2017
130730;Aditya Birla Sun Life Emerging Leaders Fund - Series 4 - Regular Plan - Growth;INF209KB1IV9;;14.69;14.69;14.69;14-Mar-2017
133297;Aditya Birla Sun Life Emerging Leaders Fund - Series 5 - Direct Plan - Dividend;INF209KA1WI8;;11.41;11.41;11.41;14-Mar-2017
133298;Aditya Birla Sun Life Emerging Leaders Fund - Series 5 - Direct Plan - Growth;INF209KA1WH0;;13.15;13.15;13.15;14-Mar-2017
133299;Aditya Birla Sun Life Emerging Leaders Fund - Series 5 - Regular Plan - Dividend;INF209KA1WG2;;11.17;11.17;11.17;14-Mar-2017
133300;Aditya Birla Sun Life Emerging Leaders Fund - Series 5 - Regular Plan - Growth;INF209KA1WF4;;12.87;12.87;12.87;14-Mar-2017
134392;Aditya Birla Sun Life Emerging Leaders Fund - Series 6 - Direct Plan-Dividend;INF209KA1K21;;11.95;11.95;11.95;14-Mar-2017
134391;Aditya Birla Sun Life Emerging Leaders Fund - Series 6 - Direct Plan-Growth;INF209KA1K13;;13.02;13.02;13.02;14-Mar-2017
134389;Aditya Birla Sun Life Emerging Leaders Fund - Series 6 - Regular Plan-Dividend;INF209KA1K05;;11.88;11.88;11.88;14-Mar-2017
134390;Aditya Birla Sun Life Emerging Leaders Fund - Series 6 - Regular Plan-Growth;INF209KA1J99;;12.64;12.64;12.64;14-Mar-2017
136197;Aditya Birla Sun Life Emerging Leaders Fund - Series 7 - Direct Plan-Dividend;INF209KA11S8;;11.85;11.85;11.85;14-Mar-2017
136196;Aditya Birla Sun Life Emerging Leaders Fund - Series 7 - Direct Plan-Growth;INF209KA12S6;;13.26;13.26;13.26;14-Mar-2017
136195;Aditya Birla Sun Life Emerging Leaders Fund - Series 7 - Regular Plan-Dividend;INF209KA10S0;;11.70;11.70;11.70;14-Mar-2017
136194;Aditya Birla Sun Life Emerging Leaders Fund - Series 7 - Regular Plan-Growth;INF209KA19R3;;13.09;13.09;13.09;14-Mar-2017
127918;Aditya Birla Sun Life Focused Equity Fund - Series 2 - Direct Plan-Dividend;INF209KA1DI8;;15.28;15.28;15.28;14-Mar-2017
127919;Aditya Birla Sun Life Focused Equity Fund - Series 2 - Direct Plan-Growth;INF209KA1DH0;;16.08;16.08;16.08;14-Mar-2017
127920;Aditya Birla Sun Life Focused Equity Fund - Series 2 - Regular Plan-Dividend;INF209KA1DG2;;15.10;15.10;15.10;14-Mar-2017
127921;Aditya Birla Sun Life Focused Equity Fund - Series 2 - Regular Plan-Growth;INF209KA1DF4;;15.89;15.89;15.89;14-Mar-2017
131528;Aditya Birla Sun Life Focused Equity Fund - Series 3 - Direct Plan - Dividend;INF209KA1RU3;;12.24;12.24;12.24;14-Mar-2017
131526;Aditya Birla Sun Life Focused Equity Fund - Series 3 - Direct Plan - Growth;INF209KA1RT5;;12.23;12.23;12.23;14-Mar-2017
131525;Aditya Birla Sun Life Focused Equity Fund - Series 3 - Regular Plan - Dividend;INF209KA1RS7;;11.95;11.95;11.95;14-Mar-2017
131527;Aditya Birla Sun Life Focused Equity Fund - Series 3 - Regular Plan - Growth;INF209KA1RR9;;11.95;11.95;11.95;14-Mar-2017
133103;Aditya Birla Sun Life Focused Equity Fund - Series 4 - Direct Plan - Dividend;INF209KA1UO0;;11.77;11.77;11.77;14-Mar-2017
133105;Aditya Birla Sun Life Focused Equity Fund - Series 4 - Direct Plan - Growth;INF209KA1UN2;;11.77;11.77;11.77;14-Mar-2017
133104;Aditya Birla Sun Life Focused Equity Fund - Series 4 - Regular Plan - Dividend;INF209KA1UM4;;11.51;11.51;11.51;14-Mar-2017
133102;Aditya Birla Sun Life Focused Equity Fund - Series 4 - Regular Plan - Growth;INF209KA1UL6;;11.51;11.51;11.51;14-Mar-2017
133899;Aditya Birla Sun Life Focused Equity Fund - Series 5 - Direct Plan - Dividend;INF209KA1B89;;11.32;11.32;11.32;14-Mar-2017
133897;Aditya Birla Sun Life Focused Equity Fund - Series 5 - Direct Plan - Growth;INF209KA1B71;;11.32;11.32;11.32;14-Mar-2017
133898;Aditya Birla Sun Life Focused Equity Fund - Series 5 - Regular Plan - Dividend;INF209KA1B63;;11.00;11.00;11.00;14-Mar-2017
133896;Aditya Birla Sun Life Focused Equity Fund - Series 5 - Regular Plan - Growth;INF209KA1B55;;11.00;11.00;11.00;14-Mar-2017
135352;Aditya Birla Sun Life Focused Equity Fund - Series 6 - Direct Plan-Dividend;INF209KA11L3;;12.38;12.38;12.38;14-Mar-2017
135350;Aditya Birla Sun Life Focused Equity Fund - Series 6 - Regular Plan-Dividend;INF209KA19K8;;12.15;12.15;12.15;14-Mar-2017
135349;Aditya Birla Sun Life Focused Equity Fund - Series 6 - Regular Plan-Growth;INF209KA18K0;;12.15;12.15;12.15;14-Mar-2017
135351;Aditya Birla Sun Life Focused Equity Fund - Series 6-Direct Plan-Growth;INF209KA10L5;;12.38;12.38;12.38;14-Mar-2017
139786;Aditya Birla Sun Life Resurgent India Fund - Series 1 - Direct Plan-Dividend;INF209KB1523;;10.33;10.33;10.33;14-Mar-2017
139787;Aditya Birla Sun Life Resurgent India Fund - Series 1 - Direct Plan-Growth;INF209KB1515;;10.33;10.33;10.33;14-Mar-2017
139785;Aditya Birla Sun Life Resurgent India Fund - Series 1 - Regular Plan-Dividend;INF209KB1507;;10.27;10.27;10.27;14-Mar-2017
139784;Aditya Birla Sun Life Resurgent India Fund - Series 1 - Regular Plan-Growth;INF209KB1499;;10.27;10.27;10.27;14-Mar-2017
140120;Aditya Birla Sun Life Resurgent India Fund - Series 2 - Direct Plan-Dividend Payout;INF209KB1986;;11.41;11.41;11.41;14-Mar-2017
140119;Aditya Birla Sun Life Resurgent India Fund - Series 2 - Direct Plan-Growth;INF209KB1978;;11.41;11.41;11.41;14-Mar-2017
140118;Aditya Birla Sun Life Resurgent India Fund - Series 2 - Regular Plan-Dividend Payout;INF209KB1960;;11.37;11.37;11.37;14-Mar-2017
140117;Aditya Birla Sun Life Resurgent India Fund - Series 2 - Regular Plan-Growth;INF209KB1952;;11.37;11.37;11.37;14-Mar-2017

Axis Mutual Fund
140397;Axis Emerging Opportunities Fund - Series 1 (1400 Days) - Direct Plan - Dividend Option;INF846K01YK5;;10.23;10.23;10.23;14-Mar-2017
140398;Axis Emerging Opportunities Fund - Series 1 (1400 Days) - Direct Plan - Growth Option;INF846K01YJ7;;10.23;10.23;10.23;14-Mar-2017
140399;Axis Emerging Opportunities Fund - Series 1 (1400 Days) - Regular Plan - Dividend Option;INF846K01YM1;;10.20;10.20;10.20;14-Mar-2017
140400;Axis Emerging Opportunities Fund - Series 1 (1400 Days) - Regular Plan - Growth Option;INF846K01YL3;;10.20;10.20;10.20;14-Mar-2017
140591;Axis Emerging Opportunities Fund - Series 2 (1400 Days) - Direct Plan - Dividend Option;INF846K01YY6;;10.08;10.08;10.08;14-Mar-2017
140594;Axis Emerging Opportunities Fund - Series 2 (1400 Days) - Direct Plan - Growth Option;INF846K01YX8;;10.08;10.08;10.08;14-Mar-2017
140593;Axis Emerging Opportunities Fund - Series 2 (1400 Days) - Regular Plan - Dividend Option;INF846K01ZA3;;10.08;10.08;10.08;14-Mar-2017
140592;Axis Emerging Opportunities Fund - Series 2 (1400 Days) - Regular Plan - Growth Option;INF846K01YZ3;;10.08;10.08;10.08;14-Mar-2017

Baroda BNP Paribas Mutual Fund
133261;Baroda Pioneer Equity Trigger Fund-Series I-Plan A-Dividend Payout Option;INF955L01FI5;;12.04;12.04;12.04;14-Mar-2017
133260;Baroda Pioneer Equity Trigger Fund-Series I-Plan A-Growth Option;INF955L01FH7;;12.04;12.04;12.04;14-Mar-2017
133263;Baroda Pioneer Equity Trigger Fund-Series I-Plan B (Direct)-Dividend Payout;INF955L01FK1;;12.47;12.47;12.47;14-Mar-2017
133262;Baroda Pioneer Equity Trigger Fund-Series I-Plan B (Direct)-Growth;INF955L01FJ3;;12.47;12.47;12.47;14-Mar-2017

Canara Robeco Mutual Fund
132960;Canara Robeco India Opportunites - Regular Plan - Dividend Payout Option;INF760K01HJ5;;11.7200;11.7200;11.7200;14-Mar-2017
132962;Canara Robeco India Opportunities - Direct Plan - Dividend Payout Option;INF760K01HL1;;11.8200;11.8200;11.8200;14-Mar-2017
132961;Canara Robeco India opportunities - Direct Plan - Growth Option;INF760K01HK3;;11.8200;11.8200;11.8200;14-Mar-2017
132959;Canara Robeco India Opportunities - Regular Plan - Growth Option;INF760K01HI7;;11.7200;11.7200;11.7200;14-Mar-2017
134040;Canara Robeco India opportunities - Series 2 - Regular Plan - Dividend Option;INF760K01HT4;;11.9600;11.9600;11.9600;14-Mar-2017
134041;Canara Robeco India opportunities - Series 2 - Regular Plan - Growth Option;INF760K01HS6;;11.9600;11.9600;11.9600;14-Mar-2017
134039;Canara Robeco India Opportunities - Series 2- Direct Plan - Growth Option;INF760K01HQ0;;12.0200;12.0200;12.0200;14-Mar-2017
134038;Canara Robeco India Opportunities- Series 2 - Direct Plan - Dividend Option;INF760K01HR8;;12.0200;12.0200;12.0200;14-Mar-2017

DSP Mutual Fund
131483;DSP 3 Years Close Ended Equity Fund - Direct Plan - Dividend (Maturity Date 4-Jan-2021);INF740KA1DB9;;13.502;13.502;13.502;14-Mar-2017
131484;DSP 3 Years Close Ended Equity Fund - Direct Plan - Growth (Maturity Date 4-Jan-2021);INF740KA1DA1;;13.502;13.502;13.502;14-Mar-2017
131485;DSP 3 Years Close Ended Equity Fund - Regular Plan - Dividend (Maturity Date 4-Jan-2021);INF740KA1CZ0;;13.387;13.387;13.387;14-Mar-2017
131482;DSP 3 Years Close Ended Equity Fund - Regular Plan - Growth (Maturity Date 4-Jan-2021);INF740KA1CY3;;13.387;13.387;13.387;14-Mar-2017

HDFC Mutual Fund
133528;HDFC FOCUSED EQUITY FUND - Direct Plan - Dividend Option;INF179KA1T76;;11.276;0.000;0.000;14-Mar-2017
133529;HDFC FOCUSED EQUITY FUND - Direct Plan - Growth Option;INF179KA1T68;;11.276;0.000;0.000;14-Mar-2017
133526;HDFC FOCUSED EQUITY FUND - Regular Plan - Dividend Option;INF179KA1T92;;11.152;0.000;0.000;14-Mar-2017
133527;HDFC FOCUSED EQUITY FUND - Regular Plan - Growth Option;INF179KA1T84;;11.152;0.000;0.000;14-Mar-2017
134334;HDFC Focused Equity Fund - Plan B - Direct Plan - Growth Option;INF179KA16O1;;12.110;0.000;0.000;14-Mar-2017
134333;HDFC Focused Equity Fund - Plan B - Direct Plan-  Dividend Option;INF179KA17O9;;12.110;0.000;0.000;14-Mar-2017
134335;HDFC Focused Equity Fund - Plan B - Regular Plan - Dividend Option;INF179KA19O5;;11.982;0.000;0.000;14-Mar-2017
134336;HDFC Focused Equity Fund - Plan B - Regular Plan - Growth Option;INF179KA18O7;;11.982;0.000;0.000;14-Mar-2017
126893;HDFC Rajiv Gandhi Equity Savings Scheme - Series 2 - Direct Plan - Dividend Option;INF179KA1BQ1;;10.000;0.000;0.000;14-Mar-2017
126895;HDFC Rajiv Gandhi Equity Savings Scheme - Series 2 - Direct Plan - Growth Option;INF179KA1BP3;;16.013;0.000;0.000;14-Mar-2017
126896;HDFC Rajiv Gandhi Equity Savings Scheme - Series 2 - Regular Plan - Dividend Option;INF179KA1BO6;;10.000;0.000;0.000;14-Mar-2017
126894;HDFC Rajiv Gandhi Equity Savings Scheme - Series 2 - Regular Plan - Growth Option;INF179KA1BN8;;15.775;0.000;0.000;14-Mar-2017

ICICI Prudential Mutual Fund
135406;ICICI Prudential Business Cycle Fund - Series 1  Cumulative Option;INF109KB1MX8;;11.30;N.A.;N.A.;14-Mar-2017
135404;ICICI Prudential Business Cycle Fund - Series 1 Direct Plan Cumulative Option;INF109KB1MV2;;11.52;N.A.;N.A.;14-Mar-2017
135405;ICICI Prudential Business Cycle Fund - Series 1 Direct Plan Dividend Option;INF109KB1MW0;;11.52;N.A.;N.A.;14-Mar-2017
135407;ICICI Prudential Business Cycle Fund - Series 1 Dividend Option;INF109KB1MY6;;11.30;N.A.;N.A.;14-Mar-2017
135550;ICICI Prudential Business Cycle Fund - Series 2  Cumulative Option;INF109KB1OH7;;12.48;N.A.;N.A.;14-Mar-2017
135549;ICICI Prudential Business Cycle Fund - Series 2  Dividend Option;INF109KB1OI5;;11.68;N.A.;N.A.;14-Mar-2017
135547;ICICI Prudential Business Cycle Fund - Series 2 Direct Plan Cumulative Option;INF109KB1OF1;;12.72;N.A.;N.A.;14-Mar-2017
135548;ICICI Prudential Business Cycle Fund - Series 2 Direct Plan Dividend Option;INF109KB1OG9;;11.92;N.A.;N.A.;14-Mar-2017
135996;ICICI Prudential Business Cycle Fund - Series 3 Cumulative option;INF109KB1PX1;;14.13;N.A.;N.A.;14-Mar-2017
135998;ICICI Prudential Business Cycle Fund - Series 3 Direct Plan Cumulative option;INF109KB1PZ6;;14.37;N.A.;N.A.;14-Mar-2017
135999;ICICI Prudential Business Cycle Fund - Series 3 Direct Plan Dividend option;INF109KB1QA7;;13.52;N.A.;N.A.;14-Mar-2017
135997;ICICI Prudential Business Cycle Fund - Series 3 Dividend option;INF109KB1PY9;;13.28;N.A.;N.A.;14-Mar-2017
130003;ICICI Prudential Growth Fund- Series 1 Direct Dividend;INF109KB12R8;;12.48;N.A.;N.A.;14-Mar-2017
130004;ICICI Prudential Growth Fund- Series 1 Dividend;INF109KB13R6;;11.96;N.A.;N.A.;14-Mar-2017
130593;ICICI Prudential Growth Fund - Series 2 Direct Dividend;INF109KC1796;;13.27;N.A.;N.A.;14-Mar-2017
130594;ICICI Prudential Growth Fund - Series 2 Dividend;INF109KC1804;;12.75;N.A.;N.A.;14-Mar-2017
131317;ICICI Prudential Growth Fund - Series 3 Direct IDCW;INF109KA1S17;;12.72;N.A.;N.A.;14-Mar-2017
131318;ICICI Prudential Growth Fund - Series 3 IDCW;INF109KA1S09;;12.26;N.A.;N.A.;14-Mar-2017
131545;ICICI Prudential Growth Fund - Series 4 Direct Dividend;INF109KA1Y76;;13.01;N.A.;N.A.;14-Mar-2017
131546;ICICI Prudential Growth Fund - Series 4 Dividend;INF109KA1Y68;;12.52;N.A.;N.A.;14-Mar-2017
133128;ICICI Prudential Growth Fund - Series 5 Direct Dividend;INF109KA13K3;;12.44;N.A.;N.A.;14-Mar-2017
133129;ICICI Prudential Growth Fund - Series 5 Dividend;INF109KA12K5;;12.02;N.A.;N.A.;14-Mar-2017
133274;ICICI Prudential Growth Fund - Series 6  Dividend;INF109KA14O3;;11.72;N.A.;N.A.;14-Mar-2017
133275;ICICI Prudential Growth Fund - Series 6 Direct Dividend;INF109KA15O0;;12.13;N.A.;N.A.;14-Mar-2017
133425;ICICI Prudential Growth Fund - Series 7  Dividend;INF109KA18P1;;12.01;N.A.;N.A.;14-Mar-2017
133426;ICICI Prudential Growth Fund - Series 7 Direct Dividend;INF109KA19P9;;12.36;N.A.;N.A.;14-Mar-2017
133468;ICICI Prudential Growth Fund - Series 8  Dividend;INF109KA19R5;;10.36;N.A.;N.A.;14-Mar-2017
133467;ICICI Prudential Growth Fund - Series 8 Direct Dividend;INF109KA10S2;;10.72;N.A.;N.A.;14-Mar-2017
133965;ICICI Prudential India Recovery Fund - Series 1 Direct Dividend;INF109KB1128;;12.40;N.A.;N.A.;14-Mar-2017
133966;ICICI Prudential India Recovery Fund - Series 1 Dividend;INF109KB1110;;12.05;N.A.;N.A.;14-Mar-2017
134043;ICICI Prudential India Recovery Fund - Series 2 Direct Dividend;INF109KB1300;;12.64;N.A.;N.A.;14-Mar-2017
134042;ICICI Prudential India Recovery Fund - Series 2 Dividend;INF109KB1292;;12.24;N.A.;N.A.;14-Mar-2017
135323;ICICI Prudential India Recovery Fund - Series 3 Cumulative Option;INF109KB1MD0;;12.21;N.A.;N.A.;14-Mar-2017
135322;ICICI Prudential India Recovery Fund - Series 3 Direct Plan Cumulative Option;INF109KB1ME8;;12.50;N.A.;N.A.;14-Mar-2017
135216;ICICI Prudential India Recovery Fund - Series 3 Direct Plan Dividend Option;INF109KB1LQ4;;12.50;N.A.;N.A.;14-Mar-2017
135217;ICICI Prudential India Recovery Fund - Series 3 Dividend Option;INF109KB1LP6;;12.21;N.A.;N.A.;14-Mar-2017
136180;ICICI Prudential India Recovery Fund - Series 4 Cumulative Option;INF109KB1QX9;;13.38;N.A.;N.A.;14-Mar-2017
136181;ICICI Prudential India Recovery Fund - Series 4 Direct Plan Cumulative Option;INF109KB1QY7;;13.59;N.A.;N.A.;14-Mar-2017
136182;ICICI Prudential India Recovery Fund - Series 4 Direct Plan Dividend Option;INF109KB1QW1;;12.79;N.A.;N.A.;14-Mar-2017
136183;ICICI Prudential India Recovery Fund - Series 4 Dividend Option;INF109KB1QV3;;12.59;N.A.;N.A.;14-Mar-2017
139263;ICICI Prudential India Recovery Fund - Series 5 Cumulative Option;INF109KB1UT9;;12.07;N.A.;N.A.;14-Mar-2017
139264;ICICI Prudential India Recovery Fund - Series 5 Direct Plan Cumulative Option;INF109KB1UU7;;12.22;N.A.;N.A.;14-Mar-2017
139261;ICICI Prudential India Recovery Fund - Series 5 Direct Plan Dividend Option;INF109KB1US1;;11.40;N.A.;N.A.;14-Mar-2017
139262;ICICI Prudential India Recovery Fund - Series 5 Dividend Option;INF109KB1UR3;;11.25;N.A.;N.A.;14-Mar-2017
139408;ICICI Prudential India Recovery Fund - Series 7 Direct Plan Dividend Option;INF109KB1WJ6;;11.90;N.A.;N.A.;14-Mar-2017
139409;ICICI Prudential India Recovery Fund - Series 7 Dividend Option;INF109KB1WI8;;11.76;N.A.;N.A.;14-Mar-2017
124842;ICICI Prudential Value Fund - Series 1 - Direct Dividend;INF109KB1J57;;13.52;N.A.;N.A.;14-Mar-2017
124843;ICICI Prudential Value Fund - Series 1 -Dividend;INF109KB1J40;;12.89;N.A.;N.A.;14-Mar-2017
140435;ICICI Prudential Value Fund - Series 10 - Cumulative Option;INF109KB1L87;;10.86;N.A.;N.A.;14-Mar-2017
140433;ICICI Prudential Value Fund - Series 10 - Direct Plan - Cumulative Option;INF109KB1M03;;10.89;N.A.;N.A.;14-Mar-2017
140436;ICICI Prudential Value Fund - Series 10 - Direct Plan - Dividend Option;INF109KB1M11;;10.89;N.A.;N.A.;14-Mar-2017
140434;ICICI Prudential Value Fund - Series 10 - Dividend Option;INF109KB1L95;;10.86;N.A.;N.A.;14-Mar-2017
140500;ICICI Prudential Value Fund - Series 11 - Cumulative Option;INF109KB1M60;;9.89;N.A.;N.A.;14-Mar-2017
140502;ICICI Prudential Value Fund - Series 11 - Direct Plan - Cumulative Option;INF109KB1M86;;9.91;N.A.;N.A.;14-Mar-2017
140503;ICICI Prudential Value Fund - Series 11 - Direct Plan - Dividend Option;INF109KB1M94;;9.91;N.A.;N.A.;14-Mar-2017
140501;ICICI Prudential Value Fund - Series 11 - Dividend Option;INF109KB1M78;;9.89;N.A.;N.A.;14-Mar-2017
125410;ICICI Prudential Value Fund - Series 2 - Direct Dividend;INF109KB1L38;;13.52;N.A.;N.A.;14-Mar-2017
125411;ICICI Prudential Value Fund - Series 2 - Dividend;INF109KB1L20;;12.83;N.A.;N.A.;14-Mar-2017
127628;ICICI Prudential Value Fund - Series 3 - Direct Dividend;INF109KA1OE5;;12.34;N.A.;N.A.;14-Mar-2017
127629;ICICI Prudential Value Fund - Series 3 - Dividend;INF109KA1OD7;;11.73;N.A.;N.A.;14-Mar-2017
129229;ICICI Prudential Value Fund - Series 4  Dividend;INF109KA1TQ8;;11.55;N.A.;N.A.;14-Mar-2017
129235;ICICI Prudential Value Fund - Series 4 Cumulative Option;INF109KA1TP0;;19.28;N.A.;N.A.;14-Mar-2017
129234;ICICI Prudential Value Fund - Series 4 Direct Plan Cumulative Option;INF109KA1TR6;;19.75;N.A.;N.A.;14-Mar-2017
129228;ICICI Prudential Value Fund - Series 4 Direct Plan Dividend;INF109KA1TS4;;11.89;N.A.;N.A.;14-Mar-2017
130987;ICICI Prudential Value Fund - Series 5  Cumulative Option;INF109KA1J00;;12.83;N.A.;N.A.;14-Mar-2017
130988;ICICI Prudential Value Fund - Series 5 Direct Plan Cumulative Option;INF109KA1J26;;13.22;N.A.;N.A.;14-Mar-2017
130986;ICICI Prudential Value Fund - Series 5 Direct Plan Dividend Option;INF109KA1J34;;12.35;N.A.;N.A.;14-Mar-2017
130985;ICICI Prudential Value Fund - Series 5 Dividend Option;INF109KA1J18;;11.98;N.A.;N.A.;14-Mar-2017
134192;ICICI Prudential Value Fund - Series 6  Cumulative Option;INF109KB1557;;11.04;N.A.;N.A.;14-Mar-2017
134191;ICICI Prudential Value Fund - Series 6  Dividend Option;INF109KB1565;;11.04;N.A.;N.A.;14-Mar-2017
134189;ICICI Prudential Value Fund - Series 6 Direct Plan Cumulative Option;INF109KB1573;;11.38;N.A.;N.A.;14-Mar-2017
134190;ICICI Prudential Value Fund - Series 6 Direct Plan Dividend Option;INF109KB1581;;11.38;N.A.;N.A.;14-Mar-2017
134657;ICICI Prudential Value Fund - Series 7 Direct Plan Dividend Option;INF109KB1EW7;;12.14;N.A.;N.A.;14-Mar-2017
134656;ICICI Prudential Value Fund - Series 7 Dividend Option;INF109KB1EU1;;11.89;N.A.;N.A.;14-Mar-2017
135035;ICICI Prudential Value Fund - Series 8 Direct Plan Dividend Option;INF109KC1JK0;;12.12;N.A.;N.A.;14-Mar-2017
135036;ICICI Prudential Value Fund - Series 8 Dividend Option;INF109KC1JJ2;;11.85;N.A.;N.A.;14-Mar-2017
140029;ICICI Prudential Value Fund - Series 9 - Cumulative Option;INF109KB1I25;;10.54;N.A.;N.A.;14-Mar-2017
140031;ICICI Prudential Value Fund - Series 9 - Direct Plan - Cumulative Option;INF109KB1I41;;10.59;N.A.;N.A.;14-Mar-2017
140032;ICICI Prudential Value Fund - Series 9 - Direct Plan - Dividend Option;INF109KB1I58;;10.59;N.A.;N.A.;14-Mar-2017
140030;ICICI Prudential Value Fund - Series 9 - Dividend Option;INF109KB1I33;;10.54;N.A.;N.A.;14-Mar-2017

Kotak Mahindra Mutual Fund
134568;Kotak India Gorwth Fund - Series I - Direct Plan - Dividend;INF174K01P57;;11.738;11.738;11.738;14-Mar-2017
134567;Kotak India Gorwth Fund - Series I - Direct Plan - Growth;INF174K01P40;;11.738;11.738;11.738;14-Mar-2017
134566;Kotak India Gorwth Fund - Series I - Regular Plan - Dividend;INF174K01P32;;11.6235;11.6235;11.6235;14-Mar-2017
134565;Kotak India Gorwth Fund - Series I - Regular Plan - Growth;INF174K01P24;;11.6235;11.6235;11.6235;14-Mar-2017

LIC Mutual Fund
131047;LIC MF Diversified Equity Fund-Series 1-Direct Plan-Dividend Payout;INF767K01LN4;;10.8228;10.8228;10.8228;14-Mar-2017
131048;LIC MF Diversified Equity Fund-Series 1-Direct Plan-Growth;INF767K01LO2;;10.8228;10.8228;10.8228;14-Mar-2017
131049;LIC MF Diversified Equity Fund-Series 1-Regular Plan-Dividend Payout;INF767K01LL8;;10.7268;10.7268;10.7268;14-Mar-2017
131050;LIC MF Diversified Equity Fund-Series 1-Regular Plan-Growth;INF767K01LM6;;10.7267;10.7267;10.7267;14-Mar-2017
132913;LIC MF Diversified Equity Fund-Series 2-Direct Plan-Dividend Payout;INF767K01ML6;;10.2855;10.2855;10.2855;14-Mar-2017
132916;LIC MF Diversified Equity Fund-Series 2-Direct Plan-Growth;INF767K01MM4;;10.2855;10.2855;10.2855;14-Mar-2017
132914;LIC MF Diversified Equity Fund-Series 2-Regular Plan-Dividend Payout;INF767K01MJ0;;10.1693;10.1693;10.1693;14-Mar-2017
132915;LIC MF Diversified Equity Fund-Series 2-Regular Plan-Growth;INF767K01MK8;;10.1693;10.1693;10.1693;14-Mar-2017
127898;LIC MF RAJIV GANDHI EQUITY SAVINGS SCHEME 2- DIRECT PLAN - DIVIDEND PAYOUT;INF767K01BS4;;12.8236;12.6954;12.8236;14-Mar-2017
127899;LIC MF RAJIV GANDHI EQUITY SAVINGS SCHEME 2- DIRECT PLAN - GROWTH;INF767K01BR6;;14.1626;14.0210;14.1626;14-Mar-2017
127901;LIC MF RAJIV GANDHI EQUITY SAVINGS SCHEME 2- REGULAR PLAN - DIVIDEND PAYOUT;INF767K01BQ8;;12.6041;12.4781;12.6041;14-Mar-2017
127900;LIC MF RAJIV GANDHI EQUITY SAVINGS SCHEME 2- REGULAR PLAN - GROWTH;INF767K01BP0;;13.9302;13.7909;13.9302;14-Mar-2017
133550;LIC MF Rajiv Gandhi Equity Savings Scheme-Series 3-Direct Plan-Dividend Payout;INF767K01MY9;;10.1543;10.1543;10.1543;14-Mar-2017
133581;LIC MF Rajiv Gandhi Equity Savings Scheme-Series 3-Direct Plan-Growth;INF767K01MZ6;;10.1546;10.1546;10.1546;14-Mar-2017
133582;LIC MF Rajiv Gandhi Equity Savings Scheme-Series 3-Regular Plan-Dividend Payout;INF767K01MW3;;10.1473;10.1473;10.1473;14-Mar-2017
133583;LIC MF Rajiv Gandhi Equity Savings Scheme-Series 3-Regular Plan-Growth;INF767K01MX1;;10.1472;10.1472;10.1472;14-Mar-2017

Nippon India Mutual Fund
133311;Reliance Capital Builder Fund II - Series B - Direct Plan - Dividend Payout Option;INF204KA1ZJ4;;10.3404;10.3404;10.3404;14-Mar-2017
133310;Reliance Capital Builder Fund II - Series B - Direct Plan - Growth Option;INF204KA1ZI6;;10.3404;10.3404;10.3404;14-Mar-2017
133309;Reliance Capital Builder Fund II - Series B - Dividend Payout Option;INF204KA1ZH8;;10.0112;10.0112;10.0112;14-Mar-2017
133308;Reliance Capital Builder Fund II - Series B - Growth Option;INF204KA1ZG0;;10.0112;10.0112;10.0112;14-Mar-2017
133883;Reliance Capital Builder Fund II - Series C - Direct Plan - Dividend Payout Option;INF204KA1F86;;11.4173;11.4173;11.4173;14-Mar-2017
133882;Reliance Capital Builder Fund II - Series C - Direct Plan - Growth Option;INF204KA1F78;;11.4173;11.4173;11.4173;14-Mar-2017
133885;Reliance Capital Builder Fund II - Series C - Dividend Payout Option;INF204KA1F60;;11.1076;11.1076;11.1076;14-Mar-2017
133884;Reliance Capital Builder Fund II - Series C - Growth Option;INF204KA1F52;;11.1076;11.1076;11.1076;14-Mar-2017
133131;Reliance Capital Builder Fund II- Series A- Direct Plan-Dividend Payout Option;INF204KA1YL3;;11.6712;11.6712;11.6712;14-Mar-2017
133132;Reliance Capital Builder Fund II- Series A- Direct Plan-Growth Option;INF204KA1YK5;;11.6712;11.6712;11.6712;14-Mar-2017
133133;Reliance Capital Builder Fund II- Series A- Dividend Payout Option;INF204KA1YJ7;;11.5235;11.5235;11.5235;14-Mar-2017
133134;Reliance Capital Builder Fund II- Series A- Growth Option;INF204KA1YI9;;11.5235;11.5235;11.5235;14-Mar-2017
134772;Reliance Capital Builder Fund III - Series A - Direct Plan - Dividend Payout Option;INF204KA16D0;;10.9828;10.9828;10.9828;14-Mar-2017
134773;Reliance Capital Builder Fund III - Series A - Direct Plan - Growth Option;INF204KA15D2;;10.9828;10.9828;10.9828;14-Mar-2017
134775;Reliance Capital Builder Fund III - Series A - Dividend Payout Option;INF204KA14D5;;10.7571;10.7571;10.7571;14-Mar-2017
134774;Reliance Capital Builder Fund III - Series A - Growth Option;INF204KA13D7;;10.7571;10.7571;10.7571;14-Mar-2017
130652;Reliance Capital Builder Fund- Series A- Direct Plan- Dividend Payout Opotion;INF204KA1RY0;;14.8529;14.8529;14.8529;14-Mar-2017
130651;Reliance Capital Builder Fund- Series A- Direct Plan- Growth Option;INF204KA1RX2;;14.8529;14.8529;14.8529;14-Mar-2017
130650;Reliance Capital Builder Fund- Series A- Dividend Payout Option;INF204KA1RW4;;14.5359;14.5359;14.5359;14-Mar-2017
130653;Reliance Capital Builder Fund- Series A- Growth Option;INF204KA1RV6;;14.5359;14.5359;14.5359;14-Mar-2017
130880;Reliance Capital Builder Fund- Series B- Direct Plan- Dividend Payout Option;INF204KA1SW2;;12.5808;12.5808;12.5808;14-Mar-2017
130879;Reliance Capital Builder Fund- Series B- Direct Plan- Growth Opiton;INF204KA1SV4;;12.5808;12.5808;12.5808;14-Mar-2017
130881;Reliance Capital Builder Fund- Series B- Dividend Payout Option;INF204KA1SU6;;12.1245;12.1245;12.1245;14-Mar-2017
130878;Reliance Capital Builder Fund- Series B- Growth Option;INF204KA1ST8;;12.1245;12.1245;12.1245;14-Mar-2017
131272;Reliance Capital Builder Fund- Series C- Direct Plan- Dividend Payout Option;INF204KA1UE6;;13.0104;13.0104;13.0104;14-Mar-2017
131271;Reliance Capital Builder Fund- Series C- Direct Plan- Growth Option;INF204KA1UD8;;13.0104;13.0104;13.0104;14-Mar-2017
131269;Reliance Capital Builder Fund- Series C- Dividend Payout Option;INF204KA1UC0;;12.5412;12.5412;12.5412;14-Mar-2017
131270;Reliance Capital Builder Fund- Series C- Growth Option;INF204KA1UB2;;12.5412;12.5412;12.5412;14-Mar-2017
125273;Reliance Close Ended Equity Fund - Series A - Direct Plan - Dividend Payout Option;INF204K018R7;;13.7455;13.7455;13.7455;14-Mar-2017
125271;Reliance Close Ended Equity Fund - Series A - Direct Plan - Growth Option;INF204K017R9;;20.5880;20.5880;20.5880;14-Mar-2017
125272;Reliance Close Ended Equity Fund - Series A - Dividend Payout Option;INF204K016R1;;12.9828;12.9828;12.9828;14-Mar-2017
125270;Reliance Close Ended Equity Fund - Series A - Growth Option;INF204K015R3;;19.7038;19.7038;19.7038;14-Mar-2017
125889;Reliance Close Ended Equity Fund - Series B - Direct Plan - Dividend Payout Option;INF204K012S8;;14.0335;14.0335;14.0335;14-Mar-2017
125888;Reliance Close Ended Equity Fund - Series B - Direct Plan - Growth Option;INF204K011S0;;21.0381;21.0381;21.0381;14-Mar-2017
125890;Reliance Close Ended Equity Fund - Series B - Dividend Payout Option;INF204K010S2;;13.2590;13.2590;13.2590;14-Mar-2017
125887;Reliance Close Ended Equity Fund - Series B - Growth Option;INF204K019R5;;20.1336;20.1336;20.1336;14-Mar-2017
129572;Reliance Close Ended Equity Fund II- Series A- Direct Plan- Dividend Payout Option;INF204KA1OW1;;12.6191;12.6191;12.6191;14-Mar-2017
129571;Reliance Close Ended Equity Fund II- Series A- Direct Plan- Growth Option;INF204KA1OV3;;15.3721;15.3721;15.3721;14-Mar-2017
129573;Reliance Close Ended Equity Fund II- Series A- Dividend Payout Option;INF204KA1OU5;;12.0601;12.0601;12.0601;14-Mar-2017
129574;Reliance Close Ended Equity Fund II- Series A- Growth Option;INF204KA1OT7;;14.7947;14.7947;14.7947;14-Mar-2017

PGIM India Mutual Fund
138985;DHFL Pramerica Large Cap Fund - Series 1 - Direct Plan - Dividend (Payout);INF223JA1AR0;;9.8071;9.8071;9.8071;14-Mar-2017
138986;DHFL Pramerica Large Cap Fund - Series 1 - Direct Plan - Growth;INF223JA1AS8;;9.8071;9.8071;9.8071;14-Mar-2017
138988;DHFL Pramerica Large Cap Fund - Series 1 - Regular Plan - Dividend (Payout);INF223JA1AP4;;9.4445;9.4445;9.4445;14-Mar-2017
138987;DHFL Pramerica Large Cap Fund - Series 1 - Regular Plan - Growth;INF223JA1AQ2;;9.4445;9.4445;9.4445;14-Mar-2017
139020;DHFL Pramerica Large Cap Fund - Series 3 - Direct Plan - Dividend (Payout);INF223JA1FT5;;11.215;11.215;11.215;14-Mar-2017
139017;DHFL Pramerica Large Cap Fund - Series 3 - Direct Plan - Growth;INF223JA1FU3;;11.215;11.215;11.215;14-Mar-2017
139018;DHFL Pramerica Large Cap Fund - Series 3 - Regular Plan - Dividend (Payout);INF223JA1FS7;;10.8841;10.8841;10.8841;14-Mar-2017
139019;DHFL Pramerica Large Cap Fund - Series 3 - Regular Plan - Growth;INF223JA1FV1;;10.8841;10.8841;10.8841;14-Mar-2017
138949;DHFL Pramerica Mid Cap Fund - Series 1 - Direct Plan - Dividend (Payout);INF223JA1289;;14.6699;14.6699;14.6699;14-Mar-2017
138950;DHFL Pramerica Mid Cap Fund - Series 1 - Direct Plan - Growth;INF223JA1297;;14.6699;14.6699;14.6699;14-Mar-2017
138951;DHFL Pramerica Mid Cap Fund - Series 1 - Regular Plan - Dividend (Payout);INF223JA1263;;14.1029;14.1029;14.1029;14-Mar-2017
138952;DHFL Pramerica Mid Cap Fund - Series 1 - Regular Plan - Growth;INF223JA1271;;14.1065;14.1065;14.1065;14-Mar-2017
138992;PGIM India Large Cap Fund - Series 2 - Direct Plan - Dividend (Payout);INF223JA1BI7;;10.5787;10.5787;10.5787;14-Mar-2017
138991;PGIM India Large Cap Fund - Series 2 - Direct Plan - Growth;INF223JA1BJ5;;10.5788;10.5788;10.5788;14-Mar-2017
138989;PGIM India Large Cap Fund - Series 2 - Regular Plan - Dividend (Payout);INF223JA1BG1;;10.2235;10.2235;10.2235;14-Mar-2017
138990;PGIM India Large Cap Fund - Series 2 - Regular Plan - Growth;INF223JA1BH9;;10.2235;10.2235;10.2235;14-Mar-2017

SBI Mutual Fund
131339;SBI EQUITY OPPORTUNITIES FUND - SERIES I - DIRECT PLAN - DIVIDEND;INF200K017S1;;13.9167;N.A.;N.A.;14-Mar-2017
131338;SBI EQUITY OPPORTUNITIES FUND - SERIES I - DIRECT PLAN - GROWTH;INF200K016S3;;13.9094;N.A.;N.A.;14-Mar-2017
131337;SBI EQUITY OPPORTUNITIES FUND - SERIES I - REGULAR PLAN - DIVIDEND;INF200K015S5;;13.8556;N.A.;N.A.;14-Mar-2017
131336;SBI EQUITY OPPORTUNITIES FUND - SERIES I - REGULAR PLAN - GROWTH;INF200K014S8;;13.8557;N.A.;N.A.;14-Mar-2017
133109;SBI EQUITY OPPORTUNITIES FUND - SERIES II - DIRECT PLAN - DIVIDEND;INF200K011Z9;;12.1814;N.A.;N.A.;14-Mar-2017
133108;SBI EQUITY OPPORTUNITIES FUND - SERIES II - DIRECT PLAN - GROWTH;INF200K010Z1;;12.1824;N.A.;N.A.;14-Mar-2017
133107;SBI EQUITY OPPORTUNITIES FUND - SERIES II - REGULAR PLAN - DIVIDEND;INF200K019Y5;;12.1324;N.A.;N.A.;14-Mar-2017
133106;SBI EQUITY OPPORTUNITIES FUND - SERIES II - REGULAR PLAN - GROWTH;INF200K018Y7;;12.1327;N.A.;N.A.;14-Mar-2017
135507;SBI EQUITY OPPORTUNITIES FUND -  SERIES IV - REGULAR PLAN - GROWTH;INF200KA1GP5;;12.1346;N.A.;N.A.;14-Mar-2017
135506;SBI EQUITY OPPORTUNITIES FUND - SERIES IV - DIRECT PLAN - GROWTH;INF200KA1GN0;;12.3855;N.A.;N.A.;14-Mar-2017
135509;SBI Equity Opportunities Fund-Series IV - Direct Plan - Income Distribution cum Capital Withdrawal Option (IDCW);INF200KA1GO8;;12.3825;N.A.;N.A.;14-Mar-2017
135508;SBI Equity Opportunities Fund-Series IV - Regular Plan - Income Distribution cum Capital Withdrawal Option (IDCW);INF200KA1GQ3;;12.1344;N.A.;N.A.;14-Mar-2017

Sundaram Mutual Fund
125777;Sundaram Select Micro Cap Series I - Direct Plan - Dividend Option;INF903J01YN0;;14.9764;14.9764;14.9764;14-Mar-2017
125778;Sundaram Select Micro Cap Series I - Direct Plan - Growth Option;INF903J01YM2;;27.5315;27.5315;27.5315;14-Mar-2017
125776;Sundaram Select Micro Cap Series I - Regular Plan - Dividend Option;INF903J01YL4;;14.3259;14.3259;14.3259;14-Mar-2017
125775;Sundaram Select Micro Cap Series I - Regular Plan - Growth Option;INF903J01YK6;;26.6721;26.6721;26.6721;14-Mar-2017
126407;Sundaram Select Micro Cap Series II - Direct Plan - Dividend Option;INF903J01ZB2;;14.8705;14.8705;14.8705;14-Mar-2017
126408;Sundaram Select Micro Cap Series II - Direct Plan - Growth Option;INF903J01ZA4;;27.3880;27.3880;27.3880;14-Mar-2017
126409;Sundaram Select Micro Cap Series II - Regular Plan - Dividend Option;INF903J01YZ4;;14.2567;14.2567;14.2567;14-Mar-2017
126410;Sundaram Select Micro Cap Series II - Regular Plan - Growth Option;INF903J01YY7;;26.5941;26.5941;26.5941;14-Mar-2017
126847;Sundaram Select Micro Cap Series III - Direct Plan - Dividend Option;INF903J01ZX6;;14.4911;14.4911;14.4911;14-Mar-2017
126848;Sundaram Select Micro Cap Series III - Direct Plan - Growth Option;INF903J01ZW8;;26.8039;26.8039;26.8039;14-Mar-2017
126845;Sundaram Select Micro Cap Series III - Regular Plan - Dividend Option;INF903J01ZV0;;13.9130;13.9130;13.9130;14-Mar-2017
126846;Sundaram Select Micro Cap Series III - Regular Plan - Growth Option;INF903J01ZU2;;26.0612;26.0612;26.0612;14-Mar-2017
127668;Sundaram Select Micro Cap Series IV - Direct Plan - Dividend Option;INF903J01A14;;13.5765;13.5765;13.5765;14-Mar-2017
127669;Sundaram Select Micro Cap Series IV - Direct Plan - Growth Option;INF903J01A06;;25.4275;25.4275;25.4275;14-Mar-2017
127670;Sundaram Select Micro Cap Series IV - Regular Plan - Dividend Option;INF903J01ZZ1;;13.0632;13.0632;13.0632;14-Mar-2017
127671;Sundaram Select Micro Cap Series IV - Regular Plan - Growth Option;INF903J01ZY4;;24.7516;24.7516;24.7516;14-Mar-2017
135568;Sundaram Select Micro Cap Series IX - Direct Plan - Dividend Payout;INF903J018V6;;12.1962;12.1962;12.1962;14-Mar-2017
135570;Sundaram Select Micro Cap Series IX - Regular Plan - Dividend Payout;INF903J016V0;;12.1201;12.1201;12.1201;14-Mar-2017
135569;Sundaram Select Micro Cap Series IX - Regular Plan - Growth;INF903J015V2;;12.6244;12.6244;12.6244;14-Mar-2017
135567;Sundaram Select Micro Cap Series IX-Direct Plan Growth;INF903J017V8;;12.7005;12.7005;12.7005;14-Mar-2017
131003;Sundaram Select Micro Cap Series V - Direct Plan Growth Option;INF903J01R23;;17.9100;17.9100;17.9100;14-Mar-2017
131004;Sundaram Select Micro Cap Series V - Regular Plan Dividend Option;INF903J01R15;;14.0665;14.0665;14.0665;14-Mar-2017
131002;Sundaram Select Micro Cap Series V- Direct Plan Dividend Option;INF903J01R31;;14.4421;14.4421;14.4421;14-Mar-2017
131005;Sundaram Select Micro Cap Series V- Regular Plan Growth Option;INF903J01R07;;17.5204;17.5204;17.5204;14-Mar-2017
131335;Sundaram Select Micro Cap Series VI Direct Dividend Payout;INF903J01U77;;14.1577;14.1577;14.1577;14-Mar-2017
131334;Sundaram Select Micro Cap Series VI Direct Growth;INF903J01U69;;15.8024;15.8024;15.8024;14-Mar-2017
131333;Sundaram Select Micro Cap Series VI Regular Dividend Payout;INF903J01U51;;13.8403;13.8403;13.8403;14-Mar-2017
131332;Sundaram Select Micro Cap Series VI Regular Growth;INF903J01U44;;15.4797;15.4797;15.4797;14-Mar-2017
131555;Sundaram Select Micro Cap Series VII - Direct Plan Growth Option;INF903J01W83;;15.5363;15.5363;15.5363;14-Mar-2017
131556;Sundaram Select Micro Cap Series VII - Regular Plan Dividend Option;INF903J01W75;;13.6203;13.6203;13.6203;14-Mar-2017
131557;Sundaram Select Micro Cap Series VII- Direct Plan Dividend Option;INF903J01W91;;13.9007;13.9007;13.9007;14-Mar-2017
131558;Sundaram Select Micro Cap Series VII- Regular Plan Growth Option;INF903J01W67;;15.2584;15.2584;15.2584;14-Mar-2017
135490;Sundaram Select Micro Cap Series VIII  Direct Plan Growth;INF903J013V7;;12.7477;12.7477;12.7477;14-Mar-2017
135492;Sundaram Select Micro Cap Series VIII  Regular Plan Growth;INF903J011V1;;12.6675;12.6675;12.6675;14-Mar-2017
135489;Sundaram Select Micro Cap Series VIII Direct Plan Dividend;INF903J014V5;;12.2433;12.2433;12.2433;14-Mar-2017
135491;Sundaram Select Micro Cap Series VIII Regular Plan Dividend;INF903J012V9;;12.1632;12.1632;12.1632;14-Mar-2017
135771;SUNDARAM SELECT MICRO CAP SERIES X - DIRECT PLAN - DIVIDEND PAYOUT;INF903J012X5;;12.1131;12.1131;12.1131;14-Mar-2017
135772;SUNDARAM SELECT MICRO CAP SERIES X - DIRECT PLAN - GROWTH;INF903J011X7;;12.6175;12.6175;12.6175;14-Mar-2017
135773;SUNDARAM SELECT MICRO CAP SERIES X - REGULAR PLAN - DIVIDEND PAYOUT;INF903J010X9;;12.0481;12.0481;12.0481;14-Mar-2017
135774;SUNDARAM SELECT MICRO CAP SERIES X - REGULAR PLAN - GROWTH;INF903J019W2;;12.5525;12.5525;12.5525;14-Mar-2017
140392;SUNDARAM SELECT MICRO CAP SERIES XI - DIRECT PLAN - DIVIDEND;INF903JA1625;;10.4489;10.4489;10.4489;14-Mar-2017
140391;SUNDARAM SELECT MICRO CAP SERIES XI - DIRECT PLAN - GROWTH;INF903JA1617;;10.4489;10.4489;10.4489;14-Mar-2017
140390;SUNDARAM SELECT MICRO CAP SERIES XI - REGULAR PLAN - DIVIDEND;INF903JA1609;;10.4350;10.4350;10.4350;14-Mar-2017
140389;SUNDARAM SELECT MICRO CAP SERIES XI - REGULAR PLAN - GROWTH;INF903JA1583;;10.4350;10.4350;10.4350;14-Mar-2017
140531;SUNDARAM SELECT MICRO CAP SERIES XII - DIRECT PLAN DIVIDEND;INF903JA1724;;10.1246;10.1246;10.1246;14-Mar-2017
140532;SUNDARAM SELECT MICRO CAP SERIES XII - DIRECT PLAN GROWTH;INF903JA1716;;10.1246;10.1246;10.1246;14-Mar-2017
140529;SUNDARAM SELECT MICRO CAP SERIES XII - REGULAR PLAN - DIVIDEND;INF903JA1708;;10.1079;10.1079;10.1079;14-Mar-2017
140528;SUNDARAM SELECT MICRO CAP SERIES XII - REGULAR PLAN - GROWTH;INF903JA1690;;10.1079;10.1079;10.1079;14-Mar-2017
132986;Sundaram Select Small Cap Series II Direct Dividend Payout;INF903J01X90;;12.8021;12.8021;12.8021;14-Mar-2017
132985;Sundaram Select Small Cap Series II Direct Growth;INF903J01X82;;12.8021;12.8021;12.8021;14-Mar-2017
132984;Sundaram Select Small Cap Series II Regular Dividend Payout;INF903J01X74;;12.5923;12.5923;12.5923;14-Mar-2017
132983;Sundaram Select Small Cap Series II Regular Growth;INF903J01X66;;12.5924;12.5924;12.5924;14-Mar-2017
134298;Sundaram Select Small Cap Series III Direct Dividend;INF903J019G5;;12.5748;12.5748;12.5748;14-Mar-2017
134297;Sundaram Select Small Cap Series III Direct Growth;INF903J018G7;;12.5555;12.5555;12.5555;14-Mar-2017
134296;Sundaram Select Small Cap Series III Regular Dividend;INF903J017G9;;12.4376;12.4376;12.4376;14-Mar-2017
134295;Sundaram Select Small Cap Series III Regular Growth;INF903J016G1;;12.4376;12.4376;12.4376;14-Mar-2017
134374;Sundaram Select Small Cap Series IV - Direct Dividend Payout;INF903J011K4;;12.5096;12.5096;12.5096;14-Mar-2017
134373;Sundaram Select Small Cap Series IV - Direct Growth;INF903J010K6;;12.5096;12.5096;12.5096;14-Mar-2017
134372;Sundaram Select Small Cap Series IV - Regular Dividend Payout;INF903J019J9;;12.4032;12.4032;12.4032;14-Mar-2017
134371;Sundaram Select Small Cap Series IV - Regular Growth;INF903J018J1;;12.4032;12.4032;12.4032;14-Mar-2017
129694;Sundaram Top 100 Series I Direct Plan Dividend Payout;INF903J01M51;;12.9959;12.9959;12.9959;14-Mar-2017
129693;Sundaram Top 100 Series I Direct Plan Growth;INF903J01M44;;14.1148;14.1148;14.1148;14-Mar-2017
129696;Sundaram Top 100 Series I Regular Plan Dividend Payout;INF903J01M36;;12.6327;12.6327;12.6327;14-Mar-2017
129695;Sundaram Top 100 Series I Regular Plan Growth;INF903J01M28;;13.7412;13.7412;13.7412;14-Mar-2017
129886;Sundaram Top 100 Series II Direct Plan Dividend Payout;INF903J01M93;;12.9803;12.9803;12.9803;14-Mar-2017
129887;Sundaram Top 100 Series II Direct Plan Growth;INF903J01M85;;13.4954;13.4954;13.4954;14-Mar-2017
129888;Sundaram Top 100 Series II Regular Plan Dividend Payout;INF903J01M77;;12.6411;12.6411;12.6411;14-Mar-2017
129889;Sundaram Top 100 Series II Regular Plan Growth;INF903J01M69;;13.1553;13.1553;13.1553;14-Mar-2017
130345;Sundaram Top 100 Series III Direct Plan Dividend Payout;INF903J01O59;;12.7063;12.7063;12.7063;14-Mar-2017
130346;Sundaram Top 100 Series III Direct Plan Growth;INF903J01O42;;13.2220;13.2220;13.2220;14-Mar-2017
130347;Sundaram Top 100 Series III Regular Plan Dividend Payout;INF903J01O34;;12.3992;12.3992;12.3992;14-Mar-2017
130348;Sundaram Top 100 Series III Regular Plan Growth;INF903J01O26;;12.9140;12.9140;12.9140;14-Mar-2017
133356;Sundaram Top 100 Series IV Direct Plan Dividend Payout;INF903J019A8;;11.6377;11.6377;11.6377;14-Mar-2017
133355;Sundaram Top 100 Series IV Direct Plan Growth;INF903J018A0;;11.6377;11.6377;11.6377;14-Mar-2017
133354;Sundaram Top 100 Series IV Regular Plan Dividend Payout;INF903J017A2;;11.4947;11.4947;11.4947;14-Mar-2017
133353;Sundaram Top 100 Series IV Regular Plan Growth;INF903J016A4;;11.4954;11.4954;11.4954;14-Mar-2017
133591;Sundaram Top 100 Series V Direct Plan Dividend Payout;INF903J011D9;;11.3283;11.3283;11.3283;14-Mar-2017
133590;Sundaram Top 100 Series V Direct Plan Growth;INF903J010D1;;11.3283;11.3283;11.3283;14-Mar-2017
133589;Sundaram Top 100 Series V Regular Plan Dividend Payout;INF903J019C4;;11.2197;11.2197;11.2197;14-Mar-2017
133588;Sundaram Top 100 Series V Regular Plan Growth;INF903J018C6;;11.2197;11.2197;11.2197;14-Mar-2017
133321;Sundaram Value Fund Series I Direct Dividend Payout;INF903J011A5;;12.6149;12.6149;12.6149;14-Mar-2017
133320;Sundaram Value Fund Series I Direct Growth;INF903J010A7;;12.6150;12.6150;12.6150;14-Mar-2017
133319;Sundaram Value Fund Series I Regular Dividend Payout;INF903J01Z98;;12.4554;12.4554;12.4554;14-Mar-2017
133318;Sundaram Value Fund Series I Regular Plan Growth;INF903J01Z80;;12.4554;12.4554;12.4554;14-Mar-2017
133560;Sundaram Value Fund Series II Direct Plan Dividend Payout;INF903J017C8;;12.9999;12.9999;12.9999;14-Mar-2017
133559;Sundaram Value Fund Series II Direct Plan Growth;INF903J016C0;;13.5347;13.5347;13.5347;14-Mar-2017
133558;Sundaram Value Fund Series II Regular Plan Dividend Payout;INF903J015C2;;12.8522;12.8522;12.8522;14-Mar-2017
133557;Sundaram Value Fund Series II Regular Plan Growth;INF903J014C5;;13.3861;13.3861;13.3861;14-Mar-2017
136088;Sundaram Value Fund Series  Direct Plan Growth;INF903J017Y2;;13.7785;13.7785;13.7785;14-Mar-2017
136089;Sundaram Value Fund Series III Direct Plan Dividend Payout;INF903J018Y0;;13.2423;13.2423;13.2423;14-Mar-2017
136087;Sundaram Value Fund Series III Regular Plan Dividend payout;INF903J016Y4;;13.1911;13.1911;13.1911;14-Mar-2017
136086;Sundaram Value Fund Series III Regular Plan Growth;INF903J015Y6;;13.7263;13.7263;13.7263;14-Mar-2017
140660;Sundaram Value Fund Series VII Direct Plan - Growth;INF903JA1799;;10.0110;10.0110;10.0110;14-Mar-2017
140653;Sundaram Value Fund Series VII Direct Plan - Payout of Income Distribution cum Capital Withdrawal (IDCW);INF903JA1807;;10.0110;10.0110;10.0110;14-Mar-2017
140659;Sundaram Value Fund Series VII Regular Plan - Growth;INF903JA1773;;10.0103;10.0103;10.0103;14-Mar-2017
140658;Sundaram Value Fund Series VII Regular Plan - Payout of Income Distribution cum Capital Withdrawal (IDCW);INF903JA1781;;10.0103;10.0103;10.0103;14-Mar-2017
133117;Sundaram World brand Fund Series I Direct Plan Dividend Payout;INF903J01Y99;;11.9757;11.9757;11.9757;14-Mar-2017
133115;sundaram World Brand Fund Series I Direct Plan Growth;INF903J01Y81;;11.9757;11.9757;11.9757;14-Mar-2017
133116;Sundaram World Brand Fund Series I Regular Plan Dividend Payout;INF903J01Y73;;11.7932;11.7932;11.7932;14-Mar-2017
133114;Sundaram World Brand Fund Series I Regular Plan Growth;INF903J01Y65;;11.7933;11.7933;11.7933;14-Mar-2017
133121;Sundaram World Brand Fund Series II Direct Plan Dividend Payout;INF903J01Z31;;11.9918;11.9918;11.9918;14-Mar-2017
133120;Sundaram World Brand Fund Series II Direct Plan Growth;INF903J01Z23;;11.9918;11.9918;11.9918;14-Mar-2017
133119;Sundaram World Brand Fund Series II Regular Plan Dividend Payout;INF903J01Z15;;11.8143;11.8143;11.8143;14-Mar-2017
133118;Sundaram World Brand Fund Series II Regular Plan Growth;INF903J01Z07;;11.8143;11.8143;11.8143;14-Mar-2017
133242;Sundaram World Brand Fund Series III Direct Plan Dividend Payout;INF903J01Z72;;12.1285;12.1285;12.1285;14-Mar-2017
133241;Sundaram World Brand Fund Series III Direct Plan Growth;INF903J01Z64;;12.1285;12.1285;12.1285;14-Mar-2017
133243;Sundaram World Brand Fund Series III Regular Plan Dividend Payout;INF903J01Z56;;11.9566;11.9566;11.9566;14-Mar-2017
133240;Sundaram World Brand Fund Series III Regular Plan Growth;INF903J01Z49;;11.9566;11.9566;11.9566;14-Mar-2017

Union Mutual Fund
133834;Union Trigger Fund - Series 2 - Direct Plan - Growth Option;INF582M01CC5;;11.24;N.A.;N.A.;14-Mar-2017
133835;Union Trigger Fund - Series 2 - Regular Plan - Growth Option;INF582M01CD3;;11.08;N.A.;N.A.;14-Mar-2017

UTI Mutual Fund
131021;UTI Focussed Equity Fund Series - 1 (2195 Days) - Direct Plan - Dividend Option;INF789FC1Q55;;11.7856;0;0;14-Mar-2017
131019;UTI Focussed Equity Fund Series - 1 (2195 Days) - Direct Plan - Growth Option;INF789FC1Q63;;12.7513;0;0;14-Mar-2017
131020;UTI Focussed Equity Fund Series - 1 (2195 Days) - Regular Plan - Dividend Option;INF789FC1Q30;;11.2778;0;0;14-Mar-2017
131018;UTI Focussed Equity Fund Series - 1 (2195 Days) - Regular Plan - Growth Option;INF789FC1Q48;;12.2384;0;0;14-Mar-2017
133257;UTI Focussed Equity Fund - Series II (1102 Days) - Dividend Option;INF789FA14T1;;11.0088;0;0;14-Mar-2017
133259;UTI Focussed Equity Fund - Series II (1102 Days) - Dividend Option - Direct;INF789FA16T6;;11.4305;0;0;14-Mar-2017
133256;UTI Focussed Equity Fund - Series II (1102 Days) - Growth Option;INF789FA15T8;;11.0088;0;0;14-Mar-2017
133258;UTI Focussed Equity Fund - Series II (1102 Days) - Growth Option - Direct;INF789FA17T4;;11.4305;0;0;14-Mar-2017

Close Ended Schemes ( ELSS )


Bandhan Mutual Fund
108864;IDFC Tax Saver (ELSS) Fund A DIVIDEND;INF194K01276;INF194K01284;23.50270502;23.50270502;23.50270502;14-Mar-2017
108865;IDFC Tax Saver (ELSS) Fund A GROWTH;INF194K01268;;26.11799948;26.11799948;26.11799948;14-Mar-2017

ICICI Prudential Mutual Fund
112101;ICICI Prudential R.I.G.H.T. Fund Dividend;INF109KA1XQ0;;24.05;N.A.;N.A.;14-Mar-2017
112100;ICICI Prudential R.I.G.H.T. Fund Growth;INF109KA1XP2;;34.20;N.A.;N.A.;14-Mar-2017

Invesco Mutual Fund
107714;Invesco India AGILE Tax Fund - Dividend Option;INF205K01FT4;;10.71;0.00;0.00;14-Mar-2017
107773;Invesco India AGILE Tax Fund - Growth Option;INF205K01FS6;;10.71;0.00;0.00;14-Mar-2017

L&T Mutual Fund
112625;L&T Long Term Advantage Fund I - Regular Plan - Dividend;INF917K01BQ9;;27.88;27.88;0;14-Mar-2017
112624;L&T Long Term Advantage Fund I - Regular Plan - Growth;INF917K01BR7;;43.88;43.88;0;14-Mar-2017

Nippon India Mutual Fund
107900;Reliance Equity Linked Saving Fund - Series I - Dividend Plan;INF204K01ON2;;27.8450;27.7827;27.8450;14-Mar-2017
107901;Reliance Equity Linked Saving Fund - Series I - Growth Plan;INF204K01OM4;;27.8450;27.7827;27.8450;14-Mar-2017

SBI Mutual Fund
132933;SBI LONG TERM ADVANTAGE FUND - SERIES I - DIRECT PLAN - GROWTH;INF200K018X9;;12.0433;N.A.;N.A.;14-Mar-2017
132934;SBI Long Term Advantage Fund - Series I - Direct Plan - Income Distribution cum Capital Withdrawal Option (IDCW);INF200K019X7;;12.0422;N.A.;N.A.;14-Mar-2017
132924;SBI LONG TERM ADVANTAGE FUND - SERIES I - REGULAR PLAN - GROWTH;INF200K016X3;;11.9967;N.A.;N.A.;14-Mar-2017
132923;SBI Long Term Advantage Fund - Series I - Regular Plan - Income Distribution cum Capital Withdrawal Option (IDCW);INF200K017X1;;11.9954;N.A.;N.A.;14-Mar-2017
133364;SBI LONG TERM ADVANTAGE FUND - SERIES II - DIRECT PLAN - GROWTH;INF200KA1333;;12.2694;N.A.;N.A.;14-Mar-2017
133363;SBI Long Term Advantage Fund - Series II - Direct Plan - Income Distribution cum Capital Withdrawal Option (IDCW);INF200KA1341;;12.2667;N.A.;N.A.;14-Mar-2017
133361;SBI LONG TERM ADVANTAGE FUND - SERIES II - REGULAR PLAN - GROWTH;INF200KA1317;;12.2187;N.A.;N.A.;14-Mar-2017
133362;SBI Long Term Advantage Fund - Series II - Regular Plan - Income Distribution cum Capital Withdrawal Option (IDCW);INF200KA1325;;12.2191;N.A.;N.A.;14-Mar-2017
136007;SBI Long Term Advantage Fund - Series III - Direct Plan - Growth;INF200KA1HN8;;11.8499;N.A.;N.A.;14-Mar-2017
136006;SBI Long Term Advantage Fund - Series III - Direct Plan - Income Distribution cum Capital Withdrawal Option (IDCW);INF200KA1HO6;;11.8502;N.A.;N.A.;14-Mar-2017
136004;SBI Long Term Advantage Fund - Series III - Regular Plan - Growth;INF200KA1HL2;;11.6785;N.A.;N.A.;14-Mar-2017
136005;SBI Long Term Advantage Fund - Series III - Regular Plan - Income Distribution cum Capital Withdrawal Option (IDCW);INF200KA1HM0;;11.6826;N.A.;N.A.;14-Mar-2017
108144;SBI TAX ADVANTAGE FUND - SERIES I - DIVIDEND;INF200K01IK8;;26.4477;N.A.;N.A.;14-Mar-2017
115084;SBI TAX ADVANTAGE FUND-SERIES - REPURCHASE NAV - DIVIDEND;;;26.3869;N.A.;N.A.;14-Mar-2017
115085;SBI TAX ADVANTAGE FUND - REPURCHASE - GROWTH;;;26.3928;N.A.;N.A.;14-Mar-2017
108145;SBI TAX ADVANTAGE FUND - SERIES I - GROWTH;INF200K01IJ0;;26.4536;N.A.;N.A.;14-Mar-2017
116352;SBI TAX ADVANTAGE FUND - SERIES II - GROWTH;INF200K01JF6;;29.4009;29.4009;N.A.;14-Mar-2017
116353;SBI Tax Advantage Fund-Series- II - Income Distribution cum Capital Withdrawal Option (IDCW);INF200K01JG4;;27.2078;27.2078;N.A.;14-Mar-2017
126279;SBI Tax Advantage Fund - Series III - Direct Plan - Growth Option;INF200K01X06;;19.1725;N.A.;N.A.;14-Mar-2017
126379;SBI Tax Advantage Fund - Series III - Regular Plan - Growth;INF200K01W80;;19.0724;N.A.;N.A.;14-Mar-2017
126278;SBI Tax Advantage Fund-Series- III - Direct Plan - Income Distribution cum Capital Withdrawal Option (IDCW);INF200K01X14;;19.1682;N.A.;N.A.;14-Mar-2017
126378;SBI Tax Advantage Fund-Series- III - Regular Plan - Income Distribution cum Capital Withdrawal Option (IDCW);INF200K01W98;;19.0724;N.A.;N.A.;14-Mar-2017

Sundaram Mutual Fund
139711;Sundaram Long Term Micro Cap Tax Advantage Fund Series III Direct Plan - Growth;INF903JA1443;;11.0306;11.0306;11.0306;14-Mar-2017
139710;Sundaram Long Term Micro Cap Tax Advantage Fund Series III Direct Plan - Payout of Income Distribution cum Capital Withdrawal (IDCW);INF903JA1450;;11.0306;11.0306;11.0306;14-Mar-2017
139709;Sundaram Long Term Micro Cap Tax Advantage Fund Series III Regular Plan - Growth;INF903JA1427;;10.9581;10.9581;10.9581;14-Mar-2017
139712;Sundaram Long Term Micro Cap Tax Advantage Fund Series III Regular Plan - Payout of Income Distribution cum Capital Withdrawal (IDCW);INF903JA1435;;10.9580;10.9580;10.9580;14-Mar-2017
133324;Sundaram Long Term Tax Advantage Fund Series I Direct Plan - Growth;INF903J014A9;;11.7201;11.7201;11.7201;14-Mar-2017
133325;Sundaram Long Term Tax Advantage Fund Series I Direct Plan - Payout of Income Distribution cum Capital Withdrawal (IDCW);INF903J015A6;;11.7201;11.7201;11.7201;14-Mar-2017
133322;Sundaram Long Term Tax Advantage Fund Series I Regular Plan - Growth;INF903J012A3;;11.6075;11.6075;11.6075;14-Mar-2017
133323;Sundaram Long Term Tax Advantage Fund Series I Regular Plan - Payout of Income Distribution cum Capital Withdrawal (IDCW);INF903J013A1;;11.6075;11.6075;11.6075;14-Mar-2017
135682;Sundaram Long Term Tax Advantage Fund Series II Direct Plan - Growth;INF903J011W9;;12.5762;12.5762;12.5762;14-Mar-2017
135681;Sundaram Long Term Tax Advantage Fund Series II Direct Plan - Payout of Income Distribution cum Capital Withdrawal (IDCW);INF903J012W7;;12.5764;12.5764;12.5764;14-Mar-2017
135684;Sundaram Long Term Tax Advantage Fund Series II Regular Plan - Growth;INF903J019V4;;12.5345;12.5345;12.5345;14-Mar-2017
135683;Sundaram Long Term Tax Advantage Fund Series II Regular Plan - Payout of Income Distribution cum Capital Withdrawal (IDCW);INF903J010W1;;12.5345;12.5345;12.5345;14-Mar-2017

Tata Mutual Fund
111779;Tata Infrastructure Tax Saving Fund - Dividend;INF277K01790;;21.5306;0.0000;0.0000;14-Mar-2017
111778;Tata Infrastructure Tax Saving Fund - Growth;INF277K01808;;22.7517;0.0000;0.0000;14-Mar-2017

UTI Mutual Fund
135962;UTI Long Term Advantage Fund Series III - Direct Plan - Growth Option;INF789FB19N1;;12.4178;0;0;14-Mar-2017
135965;UTI Long Term Advantage Fund Series III - Direct Plan - IDCW;INF789FB18N3;;12.4178;0;0;14-Mar-2017
135964;UTI Long Term Advantage Fund Series III - Regular Plan - Growth Option;INF789FB17N5;;12.1454;0;0;14-Mar-2017
135963;UTI Long Term Advantage Fund Series III - Regular Plan - IDCW;INF789FB16N7;;12.1454;0;0;14-Mar-2017
140046;UTI Long Term Advantage Fund Series IV - Direct Plan - Growth Option;INF789FC1FE5;;10.0806;0;0;14-Mar-2017
140044;UTI Long Term Advantage Fund Series IV - Direct Plan - IDCW;INF789FC1FD7;;10.0806;0;0;14-Mar-2017
140045;UTI Long Term Advantage Fund Series IV - Regular Plan - Growth Option;INF789FC1FC9;;10.0494;0;0;14-Mar-2017
140043;UTI Long Term Advantage Fund Series IV - Regular Plan - IDCW;INF789FC1FB1;;10.0494;0;0;14-Mar-2017
101834;UTI - Master Equity Plan Unit Scheme;;;91.6211;0;0;14-Mar-2017
105497;UTI Long Term Advantage Fund  - Dividend Option;;;20.394;0;0;14-Mar-2017
105498;UTI Long Term Advantage Fund  - Growth Option;;;22.2946;0;0;14-Mar-2017
108231;UTI-Long Term Advantage Fund Series -II - Growth Option;;;26.8392;0;0;14-Mar-2017
108232;UTI-Long Term Advantage Fund Series-II - Dividend Option;;;24.9416;0;0;14-Mar-2017

Interval Fund Schemes ( Income )


Bandhan Mutual Fund
120986;IDFC YS Interval Fund - Series II-Direct Plan-Growth;INF194K013E8;;14.1919;14.1919;14.1919;14-Mar-2017
120985;IDFC YS Interval Fund - Series II-Regular Plan-Dividend;INF194K012E0;;10.0407;10.0407;10.0407;14-Mar-2017
120984;IDFC YS Interval Fund - Series II-Regular Plan-Growth;INF194K011E2;;14.0968;14.0968;14.0968;14-Mar-2017

Invesco Mutual Fund
134075;Invesco India Annual Interval Fund - Series 1 - Plan B - Direct Sub-Plan - Growth;INF205K01V29;;11.6573;11.6573;11.6573;14-Mar-2017
134074;Invesco India Annual Interval Fund - Series 1 - Plan B - Regular Sub-Plan - Growth;INF205K01V03;;11.6328;11.6328;11.6328;14-Mar-2017

LIC Mutual Fund
120367;LIC MF Interval Fund Annual Plan-Series 1-Direct Plan-Dividend;INF767K01HE1;INF767K01HG6;10.4990;0.0000;0.0000;14-Mar-2017
120366;LIC MF Interval Fund Annual Plan-Series 1-Direct Plan-Growth;INF767K01HF8;;19.7268;0.0000;0.0000;14-Mar-2017
108438;LIC MF Interval Fund Annual Plan-Series 1-Regular Plan-Dividend;INF767K01329;INF767K01337;10.5598;0.0000;0.0000;14-Mar-2017
108439;LIC MF Interval Fund Annual Plan-Series 1-Regular Plan-Growth;INF767K01345;;19.5815;0.0000;0.0000;14-Mar-2017
120358;LIC MF Interval Fund Monthly Plan-Series 1-Direct Plan-Dividend;INF767K01HB7;INF767K01HD3;10.0180;0.0000;0.0000;14-Mar-2017
120359;LIC MF Interval Fund Monthly Plan-Series 1-Direct Plan-Growth;INF767K01HC5;;19.7580;0.0000;0.0000;14-Mar-2017
108416;LIC MF Interval Fund Monthly Plan-Series 1-Regular Plan-Dividend;INF767K01295;INF767K01303;10.0174;0.0000;0.0000;14-Mar-2017
108417;LIC MF Interval Fund Monthly Plan-Series 1-Regular Plan-Growth;INF767K01311;;19.6768;0.0000;0.0000;14-Mar-2017
120362;LIC MF Interval Fund Quarterly Plan-Series 1-Direct Plan-Dividend;INF767K01GY1;INF767K01HA9;10.0498;0.0000;0.0000;14-Mar-2017
120363;LIC MF Interval Fund Quarterly Plan-Series 1-Direct Plan-Growth;INF767K01GZ8;;19.9786;0.0000;0.0000;14-Mar-2017
108408;LIC MF Interval Fund Quarterly Plan-Series 1-Regular Plan-Dividend;INF767K01238;INF767K01246;10.0488;0.0000;0.0000;14-Mar-2017
108411;LIC MF Interval Fund Quarterly Plan-Series 1-Regular Plan-Growth;INF767K01253;;19.9012;0.0000;0.0000;14-Mar-2017
120375;LIC MF Interval Fund Quarterly Plan-Series 2-Direct Plan-Dividend;INF767K01HH4;INF767K01HJ0;10.0469;0.0000;0.0000;14-Mar-2017
120372;LIC MF Interval Fund Quarterly Plan-Series 2-Direct Plan-Growth;INF767K01HI2;;19.7113;0.0000;0.0000;14-Mar-2017
109917;LIC MF Interval Fund Quarterly Plan-Series 2-Regular Plan-Dividend;INF767K01261;INF767K01279;10.0453;0.0000;0.0000;14-Mar-2017
109916;LIC MF Interval Fund Quarterly Plan-Series 2-Regular Plan-Growth;INF767K01287;;19.5907;0.0000;0.0000;14-Mar-2017

Nippon India Mutual Fund
118804;Nippon India Annual Interval Fund - Series I - Direct Plan Growth Plan - Growth;INF204K01B81;-;16.4315;16.4315;16.4315;14-Mar-2017
105660;NIPPON INDIA ANNUAL INTERVAL FUND - SERIES I - IDCW Option;INF204K01ED4;INF204K01EE2;10.5801;10.5801;10.5801;14-Mar-2017
105662;NIPPON INDIA ANNUAL INTERVAL FUND - SERIES I - RETAIL Plan - IDCW Option;INF204K01EA0;INF204K01EB8;10.5785;10.5785;10.5785;14-Mar-2017
105663;Nippon India Interval Fund Annual Interval Fund Series-I- Growth Option;INF204K01EC6;;16.3776;16.3776;16.3776;14-Mar-2017
105661;Nippon India Interval Fund Annual Interval Fund Series-I-Retail Plan Growth Option;INF204K01DZ9;;22.0859;22.0859;22.0859;14-Mar-2017
105229;Nippon India Interval Fund-Monthly Interval Fund-Series-I- Growth Option;INF204K01CV0;;21.4982;21.4982;21.4982;14-Mar-2017
105232;Nippon India Interval Fund-Monthly Interval Fund-Series-I-Institutional Plan-Dividend Option;INF204K01CZ1;INF204K01DA2;10.0479;10.0479;10.0479;14-Mar-2017
118596;NIPPON INDIA MONTHLY INTERVAL FUND - SERIES I - Direct Plan - IDCW Option;INF204K01ZB3;INF204K01ZC1;10.0486;10.0486;10.0486;14-Mar-2017
118598;Nippon India Monthly Interval Fund - Series I - Direct Plan Growth Plan - Growth;INF204K01ZA5;-;21.5590;21.5590;21.5590;14-Mar-2017
105230;NIPPON INDIA MONTHLY INTERVAL FUND - SERIES I - IDCW Option;INF204K01CW8;INF204K01CX6;10.0479;10.0479;10.0479;14-Mar-2017
105400;Nippon India Interval Fund-Monthly Interval Fund-Series-II -Growth Option;INF204K01DB0;;21.4842;21.4842;21.4842;14-Mar-2017
105402;Nippon India Interval Fund-Monthly Interval Fund-Series-II-Institutional Plan-Dividend Option;INF204K01DF1;INF204K01DG9;10.0200;10.0200;10.0200;14-Mar-2017
118594;NIPPON INDIA MONTHLY INTERVAL FUND - SERIES II - Direct Plan - IDCW Option;INF204K01ZE7;INF204K01ZF4;10.0214;10.0214;10.0214;14-Mar-2017
118595;Nippon India Monthly Interval Fund - Series II - Direct Plan Growth Plan - Growth;INF204K01ZD9;-;21.5986;21.5986;21.5986;14-Mar-2017
105401;NIPPON INDIA MONTHLY INTERVAL FUND - SERIES II - IDCW Option;INF204K01DC8;INF204K01DD6;10.0201;10.0201;10.0201;14-Mar-2017
105689;Nippon India Interval Fund-Quarterly Interval Fund Series-II-Growth Option;INF204K01DN5;;22.0832;22.0832;22.0832;14-Mar-2017
118689;NIPPON INDIA QUARTERLY INTERVAL FUND - SERIES II - Direct Plan - IDCW Option;INF204K01F46;INF204K01F53;10.0716;10.0716;10.0716;14-Mar-2017
118691;Nippon India Quarterly Interval Fund - Series II - Direct Plan Growth Plan - Growth;INF204K01F61;-;22.1858;22.1858;22.1858;14-Mar-2017
105692;NIPPON INDIA QUARTERLY INTERVAL FUND - SERIES II - IDCW Option;INF204K01DO3;INF204K01DP0;10.0871;10.0871;10.0871;14-Mar-2017
118621;NIPPON INDIA INTERVAL FUND - QUARTERLY PLAN - SERIES I - Direct Plan - IDCW Option;INF204K01XU8;INF204K01XV6;10.1404;10.1404;10.1404;14-Mar-2017
118623;Nippon India Interval Fund - Quarterly Plan - Series I - Direct Plan Growth Plan - Growth;INF204K01XT0;-;22.0045;22.0045;22.0045;14-Mar-2017
105434;NIPPON INDIA INTERVAL FUND - QUARTERLY PLAN - SERIES I - IDCW Option;INF204K01DI5;INF204K01DJ3;10.1388;10.1388;10.1388;14-Mar-2017
105436;NIPPON INDIA INTERVAL FUND - QUARTERLY PLAN - SERIES I - INSTITUTIONAL IDCW Option;INF204K01DL9;INF204K01DM7;10.1390;10.1390;10.1390;14-Mar-2017
105433;Nippon India Interval Fund-Quarterly Interval Fund-Series-I - Growth Option;INF204K01DH7;;21.9255;21.9255;21.9255;14-Mar-2017
105884;Nippon India Interval Fund-Quarterly Interval Fund-Series-III- Growth Option;INF204K01DT2;;21.9085;21.9085;21.9085;14-Mar-2017
105882;Nippon India Interval Fund-Quarterly Interval Fund-Series-III-Institutional Plan-Growth Option;INF204K01DW6;;17.9330;17.9330;17.9330;14-Mar-2017
118584;NIPPON INDIA QUARTERLY INTERVAL FUND - SERIES III - Direct Plan - IDCW Option;INF204K01XX2;INF204K01XY0;10.0123;10.0123;10.0123;14-Mar-2017
118583;Nippon India Quarterly Interval Fund - Series III - Direct Plan Growth Plan - Growth;INF204K01XW4;-;13.3368;13.3368;13.3368;14-Mar-2017
105885;NIPPON INDIA QUARTERLY INTERVAL FUND - SERIES III - IDCW Option;INF204K01DU0;INF204K01DV8;10.0194;10.0194;10.0194;14-Mar-2017
105883;NIPPON INDIA QUARTERLY INTERVAL FUND - SERIES III - INSTITUTIONAL IDCW Option;INF204K01DX4;INF204K01DY2;10.0194;10.0194;10.0194;14-Mar-2017
120800;Nippon India Yearly Interval Fund - Series 1 - Direct Plan - Dividend Plan - Dividend Option;INF204K01M47;INF204K01M54;10.0472;10.0472;10.0472;14-Mar-2017
120799;Nippon India Yearly Interval Fund - Series 1 - Direct Plan - Growth Plan - Growth Option;INF204K01M39;-;14.0994;14.0994;14.0994;14-Mar-2017
120802;Nippon India Yearly Interval Fund - Series 1 - Dividend Plan - Dividend Option;INF204K01M13;INF204K01M21;10.0462;10.0462;10.0462;14-Mar-2017
120798;Nippon India Yearly Interval Fund - Series 1 - Growth Plan - Growth Option;INF204K01M05;-;14.0555;14.0555;14.0555;14-Mar-2017
134888;Reliance Interval Fund -IV -Series 2 - Direct Plan - Dividend Payout Option;INF204KA12F4;;11.7486;11.7486;11.7486;14-Mar-2017
134890;Reliance Interval Fund -IV -Series 2 - Direct Plan - Growth Option;INF204KA13F2;;11.7486;11.7486;11.7486;14-Mar-2017
134889;Reliance Interval Fund -IV -Series 2 - Dividend Payout Option;INF204KA10F8;;11.5538;11.5538;11.5538;14-Mar-2017
134891;Reliance Interval Fund -IV -Series 2 - Growth Option;INF204KA11F6;;11.5538;11.5538;11.5538;14-Mar-2017
135001;Reliance Interval Fund IV- Series 3- Direct Plan-Dividend Payout Option;INF204KA14I4;;11.5349;11.5349;11.5349;14-Mar-2017
134999;Reliance Interval Fund IV- Series 3- Direct Plan-Growth option;INF204KA15I1;;11.5349;11.5349;11.5349;14-Mar-2017
135000;Reliance Interval Fund IV- Series 3- Dividend Payout Option;INF204KA12I8;;11.3651;11.3651;11.3651;14-Mar-2017
135002;Reliance Interval Fund IV- Series 3- Growth option;INF204KA13I6;;11.3651;11.3651;11.3651;14-Mar-2017
