Scheme Code;Scheme Name;ISIN Div Payout/ISIN Growth;ISIN Div Reinvestment;Net Asset Value;Repurchase Price;Sale Price;Date

Open Ended Schemes ( Money Market )


Taurus Mutual Fund
139619;Taurus Investor Education Pool - Unclaimed Dividend - Growth;;;10.0000;;;13-Jan-2026
139618;Taurus Investor Education Pool - Unclaimed Redemption - Growth;;;10.0000;;;13-Jan-2026
139617;Taurus Unclaimed Redemption - Growth;;;17.3331;;;13-Jan-2026

Open Ended Schemes ( Equity Scheme - Multi Cap Fund )


Aditya Birla Sun Life Mutual Fund
148921;Aditya Birla Sun Life Multi-Cap Fund-Direct Growth;INF209KB1Y49;;20.97;;;13-Jan-2026
148920;Aditya Birla Sun Life Multi-Cap Fund-Direct IDCW Payout;INF209KB1Y56;;18.55;;;13-Jan-2026
148918;Aditya Birla Sun Life Multi-Cap Fund-Regular Growth;INF209KB1Y23;;19.65;;;13-Jan-2026
148919;Aditya Birla Sun Life Multi-Cap Fund-Regular-IDCW Payout;INF209KB1Y31;;17.39;;;13-Jan-2026

Axis Mutual Fund
149383;Axis Multicap Fund - Direct Growth;INF846K013E0;;18.69;;;13-Jan-2026
149384;Axis Multicap Fund - Direct Plan - IDCW;INF846K014E8;INF846K015E5;18.68;;;13-Jan-2026
149382;Axis Multicap Fund - Regular Plan - Growth;INF846K016E3;;17.73;;;13-Jan-2026
149387;Axis Multicap Fund - Regular Plan - IDCW;INF846K017E1;INF846K018E9;17.73;;;13-Jan-2026

Bajaj Finserv Mutual Fund
153309;BAJAJ FINSERV MULTI CAP FUND - DIRECT - GROWTH;INF0QA701AV7;;11.448;;;13-Jan-2026
153306;BAJAJ FINSERV MULTI CAP FUND - DIRECT - IDCW;INF0QA701AW5;INF0QA701AX3;11.448;;;13-Jan-2026
153307;BAJAJ FINSERV MULTI CAP FUND - REGULAR - GROWTH;INF0QA701AS3;;11.291;;;13-Jan-2026
153308;BAJAJ FINSERV MULTI CAP FUND - REGULAR - IDCW;INF0QA701AT1;INF0QA701AU9;11.291;;;13-Jan-2026

Bandhan Mutual Fund
149303;BANDHAN MULTI CAP FUND - GROWTH - DIRECT PLAN;INF194KB1CL0;;18.190;;;13-Jan-2026
149305;BANDHAN MULTI CAP FUND - GROWTH - REGULAR PLAN;INF194KB1CI6;;17.071;;;13-Jan-2026
149304;BANDHAN MULTI CAP FUND - IDCW - DIRECT PLAN;INF194KB1CM8;INF194KB1CN6;17.105;;;13-Jan-2026
149302;BANDHAN MULTI CAP FUND - IDCW - REGULAR PLAN;INF194KB1CJ4;INF194KB1CK2;15.883;;;13-Jan-2026

Bank of India Mutual Fund
151443;Bank of India Multi Cap Fund Direct Plan - Growth;INF761K01FR0;;18.76;;;13-Jan-2026
151444;Bank of India Multi Cap Fund Direct Plan - IDCW;INF761K01FQ2;INF761K01FS8;18.73;;;13-Jan-2026
151445;Bank of India Multi Cap Fund Regular Plan - Growth;INF761K01FU4;;18.17;;;13-Jan-2026
151446;Bank of India Multi Cap Fund Regular Plan - IDCW;INF761K01FT6;INF761K01FV2;18.17;;;13-Jan-2026

Baroda BNP Paribas Mutual Fund
119354;Baroda BNP Paribas MULTI CAP FUND - Direct Plan - Growth Option;INF955L01AG0;;319.5551;;;13-Jan-2026
119353;Baroda BNP Paribas MULTI CAP FUND - Direct Plan - IDCW Option;INF955L01AE5;;55.5849;;;13-Jan-2026
102020;Baroda BNP Paribas MULTI CAP FUND - Regular Plan - Growth Option;INF955L01674;;283.2654;;;13-Jan-2026
102021;Baroda BNP Paribas MULTI CAP FUND - Regular Plan - IDCW Option;INF955L01658;INF955L01666;52.0701;;;13-Jan-2026

Canara Robeco Mutual Fund
151824;Canara Robeco Multi Cap Fund - Direct Plan - Growth Option;INF760K01KO9;;15.0900;;;13-Jan-2026
151822;Canara Robeco Multi Cap Fund - Direct Plan - IDCW Option;INF760K01KQ4;INF760K01KP6;14.1900;;;13-Jan-2026
151821;Canara Robeco Multi Cap Fund - Regular Plan - Growth Option;INF760K01KR2;;14.5600;;;13-Jan-2026
151823;Canara Robeco Multi Cap Fund - Regular Plan - IDCW Option;INF760K01KT8;INF760K01KS0;13.6900;;;13-Jan-2026

DSP Mutual Fund
152310;DSP Multicap Fund - Direct - Growth;INF740KA1UC1;;12.272;;;13-Jan-2026
152309;DSP Multicap Fund - Direct - IDCW;INF740KA1UD9;INF740KA1UE7;12.272;;;13-Jan-2026
152307;DSP Multicap Fund - Regular - Growth;INF740KA1TZ4;;11.918;;;13-Jan-2026
152308;DSP Multicap Fund - Regular - IDCW;INF740KA1UA5;INF740KA1UB3;11.918;;;13-Jan-2026

Edelweiss Mutual Fund
152094;Edelweiss Multi Cap Fund - Direct Plan - Growth;INF754K01SD8;;15.6973;;;13-Jan-2026
152093;Edelweiss Multi Cap Fund - Direct Plan - IDCW;INF754K01SA4;INF754K01SB2;15.6973;;;13-Jan-2026
152095;Edelweiss Multi Cap Fund - Regular Plan - Growth;INF754K01RW0;;15.1564;;;13-Jan-2026
152096;Edelweiss Multi Cap Fund - Regular Plan - IDCW;INF754K01RX8;INF754K01RY6;15.1564;;;13-Jan-2026

Franklin Templeton Mutual Fund
152739;Franklin India Multi Cap Fund - Direct - Growth;INF090I01XA7;;10.6694;;;13-Jan-2026
152737;Franklin India Multi Cap Fund - Direct - IDCW;INF090I01XB5;INF090I01XC3;10.6694;;;13-Jan-2026
152738;Franklin India Multi Cap Fund - Growth;INF090I01WX1;;10.4417;;;13-Jan-2026
152740;Franklin India Multi Cap Fund - IDCW;INF090I01WY9;INF090I01WZ6;10.4417;;;13-Jan-2026

Groww Mutual Fund
153034;Groww Multicap Fund - Direct - Growth;INF666M01JD9;;10.661;;;13-Jan-2026
153098;Groww Multicap Fund - Direct - IDCW;INF666M01JE7;INF666M01JF4;10.661;;;13-Jan-2026
153100;Groww Multicap Fund - Regular - Growth;INF666M01JG2;;10.4515;;;13-Jan-2026
153099;Groww Multicap Fund - Regular - IDCW;INF666M01JH0;INF666M01JI8;10.4586;;;13-Jan-2026

HDFC Mutual Fund
149366;HDFC Multi Cap Fund - Growth Option;INF179KC1BV9;;18.781;;;13-Jan-2026
149368;HDFC Multi Cap Fund - Growth Option - Direct Plan;INF179KC1BS5;;19.722;;;13-Jan-2026
149365;HDFC Multi Cap Fund - IDCW Option;INF179KC1BW7;INF179KC1BX5;17.798;;;13-Jan-2026
149367;HDFC Multi Cap Fund - IDCW Option - Direct Plan;INF179KC1BT3;INF179KC1BU1;18.806;;;13-Jan-2026

HSBC Mutual Fund
151290;HSBC Multi Cap Fund - Direct - Growth;INF336L01QN5;;19.3829;;;13-Jan-2026
151291;HSBC Multi Cap Fund - Direct - IDCW;INF336L01QO3;INF336L01QP0;19.383;;;13-Jan-2026
151289;HSBC Multi Cap Fund - Regular - Growth;INF336L01QQ8;;18.6457;;;13-Jan-2026
151292;HSBC Multi Cap Fund - Regular - IDCW;INF336L01QR6;INF336L01QS4;16.8545;;;13-Jan-2026

ICICI Prudential Mutual Fund
120599;ICICI Prudential Multicap Fund - Direct Plan -  Growth;INF109K014O9;;884.98;;;13-Jan-2026
120598;ICICI Prudential Multicap Fund - Direct Plan -  IDCW;INF109K012O3;INF109K013O1;59.16;;;13-Jan-2026
101228;ICICI Prudential Multicap Fund - Growth;INF109K01613;;789.99;;;13-Jan-2026
101706;ICICI Prudential Multicap Fund - IDCW;INF109K01FK7;INF109K01621;31.81;;;13-Jan-2026

Invesco Mutual Fund
120413;Invesco India Multicap Fund - Direct Plan - Growth Option;INF205K01MS2;;149.38;;;13-Jan-2026
120412;Invesco India Multicap Fund - Direct Plan - IDCW (Payout / Reinvestment);INF205K01MQ6;INF205K01MR4;135.18;;;13-Jan-2026
107353;Invesco India Multicap Fund - Regular Plan - Growth Option;INF205K01DN2;;124.83;;;13-Jan-2026
107352;Invesco India Multicap Fund - Regular Plan - IDCW (Payout / Reinvestment);INF205K01DO0;INF205K01DP7;113.19;;;13-Jan-2026

ITI Mutual Fund
147183;ITI Multi Cap Fund - Direct Plan - Growth Option;INF00XX01168;;26.7557;;;13-Jan-2026
147186;ITI Multi Cap Fund - Direct Plan - IDCW Option;INF00XX01176;INF00XX01184;24.6562;;;13-Jan-2026
147184;ITI Multi Cap Fund - Regular Plan - Growth Option;INF00XX01135;;23.5099;;;13-Jan-2026
147185;ITI Multi Cap Fund - Regular Plan - IDCW Option;INF00XX01143;INF00XX01150;21.5516;;;13-Jan-2026

Kotak Mahindra Mutual Fund
149183;Kotak Multicap Fund- Regular Plan -IDCW Option;INF174KA1HT7;INF174KA1HU5;19.811;;;13-Jan-2026
149185;Kotak Multicap Fund-Direct Plan-Growth;INF174KA1HV3;;21.08;;;13-Jan-2026
149187;Kotak Multicap Fund-Direct Plan-IDCW Option;INF174KA1HW1;INF174KA1HX9;21.079;;;13-Jan-2026
149182;Kotak Multicap Fund-Regular Plan-Growth;INF174KA1HS9;;19.811;;;13-Jan-2026

LIC Mutual Fund
150659;LIC MF Multi Cap Fund-Direct Plan-Growth;INF767K01RK7;;17.8189;;;13-Jan-2026
150660;LIC MF Multi Cap Fund-Direct Plan-IDCW;INF767K01RL5;INF767K01RM3;17.8189;;;13-Jan-2026
150661;LIC MF Multi Cap Fund-Regular Plan-Growth;INF767K01RH3;;16.9059;;;13-Jan-2026
150662;LIC MF Multi Cap Fund-Regular Plan-IDCW;INF767K01RI1;INF767K01RJ9;16.9059;;;13-Jan-2026

Mahindra Manulife Mutual Fund
141223;Mahindra Manulife Multi Cap Fund - Direct Plan - IDCW;INF174V01366;INF174V01358;31.5345;;;13-Jan-2026
141226;Mahindra Manulife Multi Cap Fund - Direct Plan -Growth;INF174V01341;;41.8801;;;13-Jan-2026
141224;Mahindra Manulife Multi Cap Fund - Regular Plan - Growth;INF174V01317;;35.8495;;;13-Jan-2026
141225;Mahindra Manulife Multi Cap Fund - Regular Plan - IDCW;INF174V01333;INF174V01325;26.0183;;;13-Jan-2026

Mirae Asset Mutual Fund
151810;Mirae Asset Multicap Fund - Direct Plan - Growth;INF769K01KK8;;15.025;;;13-Jan-2026
151811;Mirae Asset Multicap Fund - Direct Plan - IDCW;INF769K01KL6;INF769K01KM4;15.023;;;13-Jan-2026
151812;Mirae Asset Multicap Fund - Regular Plan - Growth;INF769K01KH4;;14.498;;;13-Jan-2026
151813;Mirae Asset Multicap Fund - Regular Plan - IDCW;INF769K01KI2;INF769K01KJ0;14.487;;;13-Jan-2026

Motilal Oswal Mutual Fund
152650;Motilal Oswal Multi Cap Fund Regular Plan Growth;INF247L01CO2;;13.0633;;;13-Jan-2026
152649;Motilal Oswal Multi Cap Fund Regular Plan IDCW;INF247L01CJ2;INF247L01CK0;13.0633;;;13-Jan-2026
152651;Motilal Oswal Multi Cap Fund-Direct Plan Growth;INF247L01CL8;;13.3443;;;13-Jan-2026
152652;Motilal Oswal Multi Cap Fund-Direct Plan IDCW;INF247L01CM6;INF247L01CN4;13.3443;;;13-Jan-2026

Nippon India Mutual Fund
118652;NIPPON INDIA MULTI CAP FUND - DIRECT Plan - IDCW Option;INF204K01XD4;INF204K01XE2;89.8270;;;13-Jan-2026
118651;Nippon India Multi Cap Fund - Direct Plan Growth Plan - Bonus Option;INF204K01D55;;322.3955;;;13-Jan-2026
118650;Nippon India Multi Cap Fund - Direct Plan Growth Plan - Growth Option;INF204K01XF9;;322.3955;;;13-Jan-2026
101163;NIPPON INDIA MULTI CAP FUND - IDCW Option;INF204K01455;INF204K01463;62.1003;;;13-Jan-2026
101162;Nippon India Multi Cap Fund-Growth Plan-Bonus Option;INF204K01471;;292.6960;;;13-Jan-2026
101161;Nippon India Multi Cap Fund-Growth Plan-Growth Option;INF204K01489;;292.6960;;;13-Jan-2026

PGIM India Mutual Fund
152815;PGIM India Multi Cap Fund - Direct Plan - Growth Option;INF663L01Z03;;9.98;;;13-Jan-2026
152817;PGIM India Multi Cap Fund - Direct Plan - IDCW Option;INF663L01Z11;INF663L01Z29;9.98;;;13-Jan-2026
152816;PGIM India Multi Cap Fund - Regular Plan - Growth Option;INF663L01Y87;;9.75;;;13-Jan-2026
152818;PGIM India Multi Cap Fund - Regular Plan - IDCW Option;INF663L01Y95;INF663L01Z37;9.75;;;13-Jan-2026

quant Mutual Fund
100631;quant Multi Cap Fund-GROWTH OPTION - Regular Plan;INF966L01234;;589.9592;;;13-Jan-2026
120823;quant Multi Cap Fund-GROWTH OPTION-Direct Plan;INF966L01614;;646.5611;;;13-Jan-2026
120822;quant Multi Cap Fund-IDCW Option - Direct Plan;INF966L01598;INF966L01606;74.8785;;;13-Jan-2026
100630;quant Multi Cap Fund-IDCW Option - Regular Plan;INF966L01218;INF966L01226;67.4699;;;13-Jan-2026

Samco Mutual Fund
152847;Samco Multi Cap Fund - Direct Plan - Growth;INF0K1H01198;;8.83;;;13-Jan-2026
152848;Samco Multi Cap Fund - Regular Plan - Growth;INF0K1H01206;;8.66;;;13-Jan-2026

SBI Mutual Fund
149887;SBI Multicap Fund- Direct Plan - Income Distribution cum Capital Withdrawal Option (IDCW);INF200KA19E0;INF200KA10F6;17.3115;;;13-Jan-2026
149882;SBI Multicap Fund- Direct Plan- Growth option;INF200KA18E2;;17.3114;;;13-Jan-2026
149886;SBI Multicap Fund- Regular Plan- Growth Option;INF200KA15E8;;16.7084;;;13-Jan-2026
149883;SBI Multicap Fund- Regular Plan- Income Distribution cum Capital Withdrawal Option (IDCW);INF200KA16E6;INF200KA17E4;16.7111;;;13-Jan-2026

Sundaram Mutual Fund
149668;Sundaram Multi Cap Fund (Formerly Known as Principal Multi Cap Growth Fund) - Direct Plan - Income Distribution CUM Capital Withdrawal Option (IDCW);INF173K01FN7;INF173K01FO5;84.5993;;;13-Jan-2026
149666;Sundaram Multi Cap Fund (Formerly Known as Principal Multi Cap Growth Fund)- Income Distribution CUM Capital Withdrawal Option (IDCW);INF173K01957;INF173K01965;62.3803;;;13-Jan-2026
149669;Sundaram Multi Cap Fund (Formerly Known as Principal Multi Cap Growth Fund)-Direct Plan - Growth Option;INF173K01FQ0;;426.4350;;;13-Jan-2026
149667;Sundaram Multi Cap Fund (Formerly Known as Principal Multi Cap Growth Fund)-Growth Option;INF173K01940;;381.0941;;;13-Jan-2026

Tata Mutual Fund
151232;Tata Multicap Fund - Direct Plan - Growth;INF277KA1679;;15.1948;;;13-Jan-2026
151234;Tata Multicap Fund - Direct Plan - IDCW Payout;INF277KA1695;;15.1948;;;13-Jan-2026
151233;Tata Multicap Fund - Direct Plan - IDCW Reinvestment;;INF277KA1687;15.1948;;;13-Jan-2026
151235;Tata Multicap Fund - Regular Plan - Growth;INF277KA1703;;14.5103;;;13-Jan-2026
151237;Tata Multicap Fund - Regular Plan - IDCW Payout;INF277KA1729;;14.5103;;;13-Jan-2026
151236;Tata Multicap Fund - Regular Plan - IDCW Reinvestment;;INF277KA1711;14.5103;;;13-Jan-2026

Trust Mutual Fund
153644;TRUSTMF MULTI CAP FUND -DIRECT PLAN-GROWTH;INF0GCD01834;;10.31;;;13-Jan-2026
153645;TRUSTMF MULTI CAP FUND -REGULAR PLAN-GROWTH;INF0GCD01842;;10.22;;;13-Jan-2026

Union Mutual Fund
150858;Union Multicap Fund - Direct Plan - Growth Option;INF582M01IO7;;16.55;;;13-Jan-2026
150857;Union Multicap Fund - Direct Plan - IDCW Option;INF582M01IP4;INF582M01IQ2;16.55;;;13-Jan-2026
150855;Union Multicap Fund - Regular Plan - Growth Option;INF582M01IS8;;15.90;;;13-Jan-2026
150856;Union Multicap Fund - Regular Plan - IDCW Option;INF582M01IT6;INF582M01IU4;15.90;;;13-Jan-2026

UTI Mutual Fund
153515;UTI Multi Cap Fund - Direct Plan - Growth Option;INF789F1AB89;;10.56;;;13-Jan-2026
153516;UTI Multi Cap Fund - Regular Plan - Growth Option;INF789F1AB71;;10.4475;;;13-Jan-2026

WhiteOak Capital Mutual Fund
152071;WhiteOak Capital Multi Cap Fund Direct Plan Growth;INF03VN01803;;15.864;;;13-Jan-2026
152072;WhiteOak Capital Multi Cap Fund Regular Plan Growth;INF03VN01795;;15.287;;;13-Jan-2026

Open Ended Schemes ( Equity Scheme - Large Cap Fund )


Aditya Birla Sun Life Mutual Fund
119528;Aditya Birla Sun Life Large Cap Fund - Growth - Direct Plan;INF209K01YY7;;599.69;;;13-Jan-2026
119527;Aditya Birla Sun Life Large Cap Fund-DIRECT - IDCW;INF209K01YX9;INF209K01YW1;96.45;;;13-Jan-2026
103174;Aditya Birla Sun Life Large Cap Fund-Growth;INF209K01BR9;;540.9;;;13-Jan-2026
103173;Aditya Birla Sun Life Large Cap Fund-Regular - IDCW;INF209K01BO6;INF209K01EC5;40.26;;;13-Jan-2026

Axis Mutual Fund
120465;Axis Large Cap Fund - Direct Plan - Growth;INF846K01DP8;;70.79;;;13-Jan-2026
120466;Axis Large Cap Fund - Direct Plan - IDCW;INF846K01DN3;INF846K01DO1;27.66;;;13-Jan-2026
112277;Axis Large Cap Fund - Regular Plan - Growth;INF846K01164;;61.29;;;13-Jan-2026
112278;Axis Large Cap Fund - Regular Plan - IDCW;INF846K01172;INF846K01180;19.36;;;13-Jan-2026

Bajaj Finserv Mutual Fund
152783;BAJAJ FINSERV LARGE CAP FUND - DIRECT PLAN - GROWTH;INF0QA701896;;10.544;;;13-Jan-2026
152781;BAJAJ FINSERV LARGE CAP FUND - DIRECT PLAN - IDCW;INF0QA701904;INF0QA701912;10.544;;;13-Jan-2026
152780;BAJAJ FINSERV LARGE CAP FUND - REGULAR PLAN - GROWTH;INF0QA701862;;10.325;;;13-Jan-2026
152782;BAJAJ FINSERV LARGE CAP FUND - REGULAR PLAN - IDCW;INF0QA701870;INF0QA701888;10.325;;;13-Jan-2026

Bandhan Mutual Fund
108799;BANDHAN Large Cap Fund - Regular Plan - Growth;INF194K01516;;79.234;;;13-Jan-2026
108800;BANDHAN Large Cap Fund - Regular Plan - IDCW;INF194K01490;INF194K01508;23.301;;;13-Jan-2026
118479;BANDHAN Large Cap Fund-Direct Plan-Growth;INF194K01Z44;;91.519;;;13-Jan-2026
118478;BANDHAN Large Cap Fund-Direct Plan-IDCW;INF194K01Z51;INF194K01Z69;30.735;;;13-Jan-2026

Bank of India Mutual Fund
148980;BANK OF INDIA Large Cap Fund Direct Plan Growth;INF761K01FL3;;17.45;;;13-Jan-2026
148981;BANK OF INDIA Large Cap Fund Direct Plan IDCW;INF761K01FK5;INF761K01FM1;17.42;;;13-Jan-2026
148982;BANK OF INDIA Large Cap Fund Regular Plan Growth;INF761K01FO7;;16.46;;;13-Jan-2026
148983;BANK OF INDIA Large Cap Fund Regular Plan IDCW;INF761K01FN9;INF761K01FP4;16.46;;;13-Jan-2026

Baroda BNP Paribas Mutual Fund
150187;BARODA BNP PARIBAS LARGE CAP Fund - Direct Plan - Growth Option;INF251K01HN7;;258.8076;;;13-Jan-2026
150188;BARODA BNP PARIBAS LARGE CAP Fund - Direct Plan - IDCW Option;INF251K01HL1;INF251K01HM9;28.7402;;;13-Jan-2026
150186;BARODA BNP PARIBAS LARGE CAP Fund - Regular Plan - IDCW Option;INF251K01910;INF251K01902;23.7817;;;13-Jan-2026
150185;BARODA BNP PARIBAS LARGE CAP Fund- Regular Plan - Growth Option;INF251K01894;;223.0624;;;13-Jan-2026

Canara Robeco Mutual Fund
118269;CANARA ROBECO LARGE CAP FUND - DIRECT PLAN - GROWTH OPTION;INF760K01FR2;;74.2500;;;13-Jan-2026
118270;CANARA ROBECO LARGE CAP FUND - DIRECT PLAN - IDCW (Payout/Reinvestment);INF760K01FP6;INF760K01FQ4;54.1200;;;13-Jan-2026
113221;CANARA ROBECO LARGE CAP FUND - REGULAR PLAN - GROWTH OPTION;INF760K01AR3;;63.9000;;;13-Jan-2026
113222;CANARA ROBECO LARGE CAP FUND - REGULAR PLAN - IDCW (Payout/Reinvestment);INF760K01AS1;INF760K01AT9;29.5200;;;13-Jan-2026

DSP Mutual Fund
119250;DSP Large Cap Fund - Direct Plan - Growth;INF740K01PR3;;527.046;;;13-Jan-2026
119249;DSP Large Cap Fund - Direct Plan - IDCW;INF740K01PS1;INF740K01PT9;30.788;;;13-Jan-2026
101635;DSP Large Cap Fund - Regular Plan - Growth;INF740K01243;;479.966;;;13-Jan-2026
101636;DSP Large Cap Fund - Regular Plan - IDCW;INF740K01227;INF740K01235;26.654;;;13-Jan-2026

Edelweiss Mutual Fund
118616;Edelweiss Large Cap Fund - Direct Plan - IDCW Option;INF754K01BT0;INF754K01BU8;40.5;;;13-Jan-2026
118617;Edelweiss Large Cap Fund - Direct Plan-Growth option;INF754K01BW4;;99.44;;;13-Jan-2026
111938;Edelweiss Large Cap Fund - Plan B - IDCW Option;INF754K01053;INF754K01061;87.54;;;13-Jan-2026
111939;Edelweiss Large Cap Fund - Plan C - IDCW Option;INF754K01095;INF754K01103;69.78;;;13-Jan-2026
111940;Edelweiss Large Cap Fund - Regular Plan - Growth Option;INF754K01046;;85.99;;;13-Jan-2026
111936;Edelweiss Large Cap Fund - Regular Plan - IDCW Option;INF754K01012;INF754K01020;28.35;;;13-Jan-2026
111935;Edelweiss Large Cap Fund -Plan B - Growth option;INF754K01087;;86.51;;;13-Jan-2026
111937;Edelweiss Large Cap Fund -Plan C - Growth option;INF754K01129;;85.38;;;13-Jan-2026

Franklin Templeton Mutual Fund
118462;Franklin India Large Cap Fund - Direct - IDCW;INF090I01FO5;INF090I01FP2;57.0872;;;13-Jan-2026
100470;Franklin India Large Cap Fund - IDCW;INF090I01155;INF090I01163;49.0158;;;13-Jan-2026
118531;Franklin India Large Cap Fund- Direct - Growth;INF090I01FN7;;1180.9453;;;13-Jan-2026
100471;Franklin India Large Cap Fund-Growth;INF090I01171;;1062.8379;;;13-Jan-2026

Groww Mutual Fund
119133;Groww Largecap Fund (formerly known as Indiabulls Blue Chip Fund) - Direct Plan - Growth Option;INF666M01600;;52.84;;;13-Jan-2026
116547;Groww Largecap Fund (formerly known as Indiabulls Blue Chip Fund) - Regular Plan- Growth Option;INF666M01162;;43.78;;;13-Jan-2026
119134;Groww Largecap Fund (formerly known as Indiabulls Bluechip Fund)- Direct Plan- - Income Distribution cum capital withdrawal Option (Payout & Reinvestment);INF666M01626;INF666M01618;30.61;;;13-Jan-2026
140814;Groww Largecap Fund (formerly known as Indiabulls Bluechip Fund)- Direct Plan- Half Yearly -Income Distribution cum capital withdrawal Option (Payout & Reinvestment);INF666M01CQ6;INF666M01CR4;29.71;;;13-Jan-2026
140809;Groww Largecap Fund (formerly known as Indiabulls Bluechip Fund)- Direct Plan- Monthly - Income Distribution cum capital withdrawal Option (Payout & Reinvestment);INF666M01CM5;INF666M01CN3;23.6;;;13-Jan-2026
140811;Groww Largecap Fund (formerly known as Indiabulls Bluechip Fund)- Direct Plan- Quarterly - Income Distribution cum capital withdrawal Option (Payout & Reinvestment);INF666M01CO1;INF666M01CP8;29.48;;;13-Jan-2026
116548;Groww Largecap Fund (formerly known as Indiabulls Bluechip Fund)- Regular Plan- - Income Distribution cum capital withdrawal Option (Payout & Reinvestment);INF666M01188;INF666M01170;24.67;;;13-Jan-2026
140813;Groww Largecap Fund (formerly known as Indiabulls Bluechip Fund)- Regular Plan- Half Yearly - Income Distribution cum capital withdrawal Option (Payout & Reinvestment);INF666M01CW4;INF666M01CX2;26.29;;;13-Jan-2026
140810;Groww Largecap Fund (formerly known as Indiabulls Bluechip Fund)- Regular Plan- Monthly - Income Distribution cum capital withdrawal Option (Payout & Reinvestment);INF666M01CS2;INF666M01CT0;25.21;;;13-Jan-2026
140812;Groww Largecap Fund (formerly known as Indiabulls Bluechip Fund)- Regular Plan- Quarterly - Income Distribution cum capital withdrawal Option (Payout & Reinvestment);INF666M01CU8;INF666M01CV6;26.14;;;13-Jan-2026

HDFC Mutual Fund
119018;HDFC Large Cap Fund - Growth Option - Direct Plan;INF179K01YV8;;1271.498;;;13-Jan-2026
102000;HDFC Large Cap Fund - Growth Option - Regular Plan;INF179K01BE2;;1172.144;;;13-Jan-2026
119017;HDFC Large Cap Fund - IDCW Option - Direct Plan;INF179K01YT2;INF179K01YU0;69.891;;;13-Jan-2026
102001;HDFC Large Cap Fund - IDCW Option - Regular Plan;INF179K01BC6;INF179K01BD4;59.171;;;13-Jan-2026

HSBC Mutual Fund
120030;HSBC Large Cap Fund - Direct Growth;INF336L01CM7;;549.5019;;;13-Jan-2026
120029;HSBC Large Cap Fund - Direct IDCW;INF336L01CK1;INF336L01CL9;41.1147;;;13-Jan-2026
101594;HSBC Large Cap Fund - Regular Growth;INF336L01016;;492.7645;;;13-Jan-2026
101593;HSBC Large Cap Fund - Regular IDCW;INF336L01024;INF336L01032;43.6512;;;13-Jan-2026

ICICI Prudential Mutual Fund
120585;ICICI Prudential Large Cap Fund (erstwhile Bluechip Fund)  - Direct Plan - IDCW;INF109K014L5;INF109K015L2;63.28;;;13-Jan-2026
108466;ICICI Prudential Large Cap Fund (erstwhile Bluechip Fund)  - Growth;INF109K01BL4;;113.59;;;13-Jan-2026
108465;ICICI Prudential Large Cap Fund (erstwhile Bluechip Fund)  - IDCW;INF109K01EP9;INF109K01BM2;30.62;;;13-Jan-2026
120586;ICICI Prudential Large Cap Fund (erstwhile Bluechip Fund) - Direct Plan - Growth;INF109K016L0;;125.08;;;13-Jan-2026

Invesco Mutual Fund
120392;Invesco India Largecap Fund - Direct Plan - Growth;INF205K01LB0;;84.52;;;13-Jan-2026
120393;Invesco India Largecap Fund - Direct Plan - IDCW (Payout / Reinvestment);INF205K01KZ1;INF205K01LA2;37.45;;;13-Jan-2026
112098;Invesco India Largecap Fund - Regular Plan - Growth;INF205K01304;;69.99;;;13-Jan-2026
112099;Invesco India Largecap Fund - Regular Plan - IDCW (Payout / Reinvestment);INF205K01320;INF205K01312;29.07;;;13-Jan-2026

ITI Mutual Fund
148353;ITI Large Cap Fund - Direct Plan - Growth Option;INF00XX01804;;19.7354;;;13-Jan-2026
148352;ITI Large Cap Fund - Direct Plan - IDCW Option;INF00XX01812;INF00XX01820;19.7354;;;13-Jan-2026
148351;ITI Large Cap Fund - Regular Plan - Growth Option;INF00XX01770;;17.8099;;;13-Jan-2026
148354;ITI Large Cap Fund - Regular Plan - IDCW Option;INF00XX01788;INF00XX01796;17.8099;;;13-Jan-2026

JM Financial Mutual Fund
134958;JM Large Cap Fund (Direct) - Annual IDCW;INF192K01JU4;INF192K01JV2;74.0791;;;13-Jan-2026
120490;JM Large Cap Fund (Direct) - Growth Option;INF192K01BZ0;;179.8395;;;13-Jan-2026
134957;JM Large Cap Fund (Direct) - Half Yearly IDCW ;INF192K01JR0;INF192K01JZ3;73.5614;;;13-Jan-2026
120489;JM Large Cap Fund (Direct) - IDCW;INF192K01BX5;INF192K01BY3;72.2035;;;13-Jan-2026
134956;JM Large Cap Fund (Direct) - Monthly IDCW ;INF192K01JJ7;INF192K01JK5;73.4079;;;13-Jan-2026
134960;JM Large Cap Fund (Direct) - Quarterly IDCW;INF192K01JN9;INF192K01JO7;74.0924;;;13-Jan-2026
134961;JM Large Cap Fund (Regular) - Annual IDCW;INF192K01JS8;INF192K01JT6;31.1347;;;13-Jan-2026
100219;JM Large Cap Fund (Regular) - Growth Option;INF192K01601;;155.9679;;;13-Jan-2026
134955;JM Large Cap Fund (Regular) - Half Yearly IDCW;INF192K01JP4;INF192K01JQ2;25.568;;;13-Jan-2026
100218;JM Large Cap Fund (Regular) - IDCW ;INF192K01585;INF192K01593;30.2771;;;13-Jan-2026
134959;JM Large Cap Fund (Regular) - Monthly IDCW;INF192K01JH1;INF192K01JI9;24.2344;;;13-Jan-2026
134954;JM Large Cap Fund (Regular) - Quarterly IDCW;INF192K01JL3;INF192K01JM1;35.1977;;;13-Jan-2026

Kotak Mahindra Mutual Fund
120152;Kotak Large Cap  Fund - Growth - Direct;INF174K01KW6;;677.951;;;13-Jan-2026
114458;Kotak Large Cap Fund - Growth;INF174K01153;;586.188;;;13-Jan-2026
120153;Kotak Large Cap Fund - Payout of Income Distribution cum capital withdrawal option - Direct;INF174K01KY2;INF174K01KX4;89.661;;;13-Jan-2026
114457;Kotak Large Cap Fund - Payout of Income Distribution cumcapital withdrawal option;INF174K01179;INF174K01161;75.667;;;13-Jan-2026

LIC Mutual Fund
120267;LIC MF Large Cap Fund-Direct Plan-Growth;INF767K01EJ7;;64.298;;;13-Jan-2026
120268;LIC MF Large Cap Fund-Direct Plan-IDCW;INF767K01EI9;INF767K01EK5;40.4901;;;13-Jan-2026
106871;LIC MF Large Cap Fund-Regular Plan-Growth;INF767K01105;;56.2606;;;13-Jan-2026
100332;LIC MF Large Cap Fund-Regular Plan-IDCW;INF767K01097;INF767K01089;33.9779;;;13-Jan-2026

Mahindra Manulife Mutual Fund
146550;Mahindra Manulife Large Cap Fund - Direct Plan - IDCW;INF174V01747;INF174V01739;20.2482;;;13-Jan-2026
146549;Mahindra Manulife Large Cap Fund - Direct Plan -Growth;INF174V01721;;26.7494;;;13-Jan-2026
146551;Mahindra Manulife Large Cap Fund - Regular Plan - Growth;INF174V01697;;23.6494;;;13-Jan-2026
146548;Mahindra Manulife Large Cap Fund - Regular Plan - IDCW;INF174V01713;INF174V01705;17.3916;;;13-Jan-2026

Mirae Asset Mutual Fund
118825;Mirae Asset Large Cap Fund - Direct Plan - Growth;INF769K01AX2;;131.429;;;13-Jan-2026
107578;Mirae Asset Large Cap Fund - Growth Plan;INF769K01010;;116.045;;;13-Jan-2026
118826;Mirae Asset Large Cap Fund Direct IDCW;INF769K01AY0;INF769K01AZ7;74.389;;;13-Jan-2026
107579;Mirae Asset Large Cap Fund Regular IDCW;INF769K01036;INF769K01028;32.237;;;13-Jan-2026

Motilal Oswal Mutual Fund
152354;Motilal Oswal Large Cap Direct Plan Growth;INF247L01CE3;;14.3334;;;13-Jan-2026
152351;Motilal Oswal Large Cap Direct Plan IDCW;INF247L01CF0;INF247L01CG8;13.5359;;;13-Jan-2026
152352;Motilal Oswal Large Cap Regular Plan Growth;INF247L01CB9;;13.9778;;;13-Jan-2026
152353;Motilal Oswal Large Cap Regular Plan IDCW;INF247L01CC7;INF247L01CD5;13.0457;;;13-Jan-2026

Nippon India Mutual Fund
106235;Nippon India Large Cap  Fund- Growth Plan -Growth Option;INF204K01562;;92.2907;;;13-Jan-2026
118634;NIPPON INDIA LARGE CAP FUND - DIRECT Plan - IDCW Option;INF204K01XG7;INF204K01XH5;43.1243;;;13-Jan-2026
118633;Nippon India Large Cap Fund - Direct Plan Growth Plan - Bonus Option;INF204K01D30;;103.3735;;;13-Jan-2026
118632;Nippon India Large Cap Fund - Direct Plan Growth Plan - Growth Option;INF204K01XI3;;103.3735;;;13-Jan-2026
106236;NIPPON INDIA LARGE CAP FUND - IDCW Option;INF204K01539;INF204K01547;28.2386;;;13-Jan-2026
106240;Nippon India Large Cap Fund- Growth Plan Bonus Option;INF204K01554;;92.2907;;;13-Jan-2026

PGIM India Mutual Fund
138313;PGIM India Large Cap Fund - Direct Plan - Dividend;INF663L01GS2;INF663L01GT0;28.31;;;13-Jan-2026
138312;PGIM India Large Cap Fund - Direct Plan - Growth;INF663L01GR4;;411.22;;;13-Jan-2026
138307;PGIM India Large Cap Fund - Dividend;INF663L01GU8;INF663L01GV6;19.68;;;13-Jan-2026
138308;PGIM India Large Cap Fund - Growth;INF663L01GW4;;344.02;;;13-Jan-2026

quant Mutual Fund
150440;quant Large Cap Fund - Growth Option - Direct Plan;INF966L01AT0;;15.7591;;;13-Jan-2026
150441;quant Large Cap Fund - Growth Option - Regular Plan;INF966L01AW4;;14.925;;;13-Jan-2026
150439;quant Large Cap Fund - IDCW Option - Direct Plan;INF966L01AU8;INF966L01AV6;15.8248;;;13-Jan-2026
150442;quant Large Cap Fund - IDCW Option - Regular Plan;INF966L01AX2;INF966L01AY0;14.8399;;;13-Jan-2026

Samco Mutual Fund
153239;Samco Large Cap Fund - Direct Plan - Growth Option;INF0K1H01255;;9.50;;;13-Jan-2026
153238;Samco Large Cap Fund - Regular Plan - Growth Option;INF0K1H01263;;9.38;;;13-Jan-2026

SBI Mutual Fund
119585;SBI Large Cap Fund - Direct Plan - Income Distribution cum Capital Withdrawal Option (IDCW);INF200K01QV8;INF200K01QW6;69.0789;;;13-Jan-2026
103616;SBI Large Cap Fund - Regular Plan - Income Distribution cum Capital Withdrawal Option (IDCW);INF200K01164;INF200K01172;54.4822;;;13-Jan-2026
119598;SBI Large Cap FUND-DIRECT PLAN -GROWTH;INF200K01QX4;;106.4398;;;13-Jan-2026
103504;SBI Large Cap FUND-REGULAR PLAN GROWTH;INF200K01180;;95.7703;;;13-Jan-2026

Sundaram Mutual Fund
148509;Sundaram Large Cap Fund (Formerly Known as Sundaram Blue Chip  Fund)  Direct Plan - Reinvestment of Income Distribution cum Capital Withdrawal (IDCW);INF903JA1JE6;;16.8730;;;13-Jan-2026
148505;Sundaram Large Cap Fund (Formerly Known as Sundaram Blue Chip Fund)  Regular Plan - Payout of Income Distribution cum Capital Withdrawal (IDCW);INF903JA1JA4;;15.5943;;;13-Jan-2026
148508;Sundaram Large Cap Fund (Formerly Known as Sundaram Blue Chip Fund) Direct Plan - Payout of Income Distribution cum Capital Withdrawal (IDCW);INF903JA1JD8;;16.8730;;;13-Jan-2026
148506;Sundaram Large Cap Fund (Formerly Known as Sundaram Blue Chip Fund) Regular Plan - Reinvestment of Income Distribution cum Capital Withdrawal (IDCW);INF903JA1JB2;;15.5943;;;13-Jan-2026
148507;Sundaram Large Cap Fund (Formerly Known as Sundaram Blue Chip Fund)Direct Plan - Growth;INF903JA1JC0;;23.2390;;;13-Jan-2026
148504;Sundaram Large Cap Fund(Formerly Known as Sundaram Blue Chip Fund) Regular Plan - Growth;INF903JA1IZ3;;21.5122;;;13-Jan-2026

Tata Mutual Fund
119160;Tata Large Cap Fund -Direct Plan Growth Option;INF277K01QZ7;;595.9370;;;13-Jan-2026
100475;Tata Large Cap Fund -Regular Plan - Growth Option;INF277K01931;;516.5784;;;13-Jan-2026
119159;Tata Large Cap Fund- Direct Plan - Payout of IDCW Option;INF277K01QX2;INF277K01QY0;135.3859;;;13-Jan-2026
102036;Tata Large Cap Fund- Regular Plan - Payout of IDCW Option;INF277K01EG3;INF277K01923;112.5575;;;13-Jan-2026

Taurus Mutual Fund
118870;Taurus Large Cap Fund - Direct Plan - Growth;INF044D01BX3;;168.04;;;13-Jan-2026
118871;Taurus Large Cap Fund - Direct Plan - Payout of Income Distribution cum Capital Withdrawal option;INF044D01BY1;INF044D01BZ8;74.02;;;13-Jan-2026
101209;Taurus Large Cap Fund - Regular Plan - Growth;INF044D01773;;158.70;;;13-Jan-2026
108403;Taurus Large Cap Fund - Regular Plan - Payout of Income Distribution cum Capital Withdrawal option;INF044D01740;INF044D01757;69.52;;;13-Jan-2026

Union Mutual Fund
141248;Union Largecap Fund - Direct Plan - Growth Option;INF582M01CU7;;25.22;;;13-Jan-2026
141249;Union Largecap Fund - Direct Plan - IDCW Option;INF582M01CV5;INF582M01CW3;25.22;;;13-Jan-2026
141247;Union Largecap Fund - Regular Plan - Growth Option;INF582M01CQ5;;23.63;;;13-Jan-2026
141250;Union Largecap Fund - Regular Plan - IDCW Option;INF582M01CR3;INF582M01CS1;23.63;;;13-Jan-2026

UTI Mutual Fund
120656;UTI Large Cap Fund - Direct Plan - Growth Option;INF789F01US8;;307.7921;;;13-Jan-2026
120657;UTI Large Cap Fund - Direct Plan - IDCW;INF789F01UQ2;INF789F01UR0;65.4189;;;13-Jan-2026
100651;UTI Large Cap Fund - Regular Plan - Growth Option;INF789F01976;;279.6438;;;13-Jan-2026
100650;UTI Large Cap Fund - Regular Plan - IDCW;INF189A01038;INF789F01950;55.1048;;;13-Jan-2026

WhiteOak Capital Mutual Fund
150797;WhiteOak Capital Large Cap Fund Direct Plan Growth;INF03VN01696;;16.186;;;13-Jan-2026
150798;WhiteOak Capital Large Cap Fund Direct Plan IDCW;INF03VN01704;INF03VN01712;16.186;;;13-Jan-2026
150799;WhiteOak Capital Large Cap Fund Regular Plan Growth;INF03VN01662;;15.364;;;13-Jan-2026
150800;WhiteOak Capital Large Cap Fund Regular Plan IDCW;INF03VN01670;INF03VN01688;15.364;;;13-Jan-2026

Open Ended Schemes ( Equity Scheme - Large & Mid Cap Fund )


Aditya Birla Sun Life Mutual Fund
119436;Aditya Birla Sun Life Large & Mid Cap Fund - Growth - Direct Plan;INF209K01VH8;;1016.37;;;13-Jan-2026
100033;Aditya Birla Sun Life Large & Mid Cap Fund - Regular Growth;INF209K01165;;910.33;;;13-Jan-2026
119433;Aditya Birla Sun Life Large & Mid Cap Fund -Direct - IDCW;INF209K01VG0;INF209K01VI6;204.54;;;13-Jan-2026
100034;Aditya Birla Sun Life Large & Mid Cap Fund -Regular - IDCW;INF209K01157;INF209K01CE5;132.58;;;13-Jan-2026

Axis Mutual Fund
145110;Axis Large & Mid Cap Fund - Direct Plan - Growth;INF846K01J46;;36.37;;;13-Jan-2026
145109;Axis Large & Mid Cap Fund - Direct Plan - IDCW;INF846K01J53;INF846K01J61;26.33;;;13-Jan-2026
145112;Axis Large & Mid Cap Fund - Regular Plan - Growth;INF846K01J79;;32.84;;;13-Jan-2026
145111;Axis Large & Mid Cap Fund - Regular Plan - IDCW;INF846K01J87;INF846K01J95;20.67;;;13-Jan-2026

Bajaj Finserv Mutual Fund
152408;Bajaj Finserv Large and Mid Cap Fund- Direct Plan- Growth;INF0QA701763;;12.683;;;13-Jan-2026
152405;Bajaj Finserv Large and Mid Cap Fund- Direct Plan- IDCW;INF0QA701771;INF0QA701789;12.683;;;13-Jan-2026
152406;Bajaj Finserv Large and Mid Cap Fund- Regular Plan- Growth;INF0QA701730;;12.338;;;13-Jan-2026
152407;Bajaj Finserv Large and Mid Cap Fund- Regular Plan- IDCW;INF0QA701748;INF0QA701755;12.338;;;13-Jan-2026

Bandhan Mutual Fund
118419;Bandhan Large & Mid Cap Fund - Direct Plan - Growth;INF194K01V89;;160.554;;;13-Jan-2026
118420;Bandhan Large & Mid Cap Fund - Direct Plan - IDCW;INF194K01V97;INF194K01W05;39.434;;;13-Jan-2026
108596;Bandhan Large & Mid Cap Fund - Regular Plan - Growth;INF194K01524;;136.968;;;13-Jan-2026
108597;Bandhan Large & Mid Cap Fund - Regular Plan - IDCW;INF194K01532;INF194K01540;29.909;;;13-Jan-2026

Bank of India Mutual Fund
119349;BANK OF INDIA Large & Mid Cap Fund Direct  Plan- Quarterly IDCW;INF761K01678;INF761K01660;28.81;;;13-Jan-2026
119300;BANK OF INDIA Large & Mid Cap Fund Direct Plan- Bonus;INF761K01629;;53.57;;;13-Jan-2026
119350;BANK OF INDIA Large & Mid Cap Fund Direct Plan-Growth;INF761K01652;;103.74;;;13-Jan-2026
119346;BANK OF INDIA Large & Mid Cap Fund Direct Plan-Regular IDCW;INF761K01645;INF761K01637;28.38;;;13-Jan-2026
110599;BANK OF INDIA Large & Mid Cap Fund Eco Plan- Growth;INF761K01041;;98.99;;;13-Jan-2026
110601;BANK OF INDIA Large & Mid Cap Fund Eco Plan-Bonus;INF761K01017;;98.99;;;13-Jan-2026
110604;BANK OF INDIA Large & Mid Cap Fund Eco Plan-Quarterly IDCW;INF761K01058;INF761K01066;27.92;;;13-Jan-2026
110608;BANK OF INDIA Large & Mid Cap Fund Eco Plan-Regular IDCW;INF761K01025;INF761K01033;27.72;;;13-Jan-2026
110603;BANK OF INDIA Large & Mid Cap Fund Regular Plan- Growth;INF761K01108;;89.72;;;13-Jan-2026
110598;BANK OF INDIA Large & Mid Cap Fund Regular Plan- Quarterly IDCW;INF761K01116;INF761K01124;32.67;;;13-Jan-2026
110607;BANK OF INDIA Large & Mid Cap Fund Regular Plan- Regular IDCW;INF761K01082;INF761K01090;26.78;;;13-Jan-2026
110606;BANK OF INDIA Large & Mid Cap Fund Regular Plan-Bonus;INF761K01074;;89.71;;;13-Jan-2026

Baroda BNP Paribas Mutual Fund
148474;Baroda BNP Paribas Large and Mid Cap Fund- Direct Plan -Growth Option;INF955L01JU2;;29.3079;;;13-Jan-2026
148475;Baroda BNP Paribas Large and Mid Cap Fund-Direct Plan-IDCW Option;INF955L01JV0;INF955L01JW8;22.4602;;;13-Jan-2026
148471;Baroda BNP Paribas Large and Mid Cap Fund-Regular Plan-Growth Option;INF955L01JR8;;27.1097;;;13-Jan-2026
148472;Baroda BNP Paribas Large and Mid Cap Fund-Regular plan-IDCW Option;INF955L01JS6;INF955L01JT4;19.5439;;;13-Jan-2026

Canara Robeco Mutual Fund
118278;CANARA ROBECO LARGE AND MID CAP FUND - DIRECT PLAN - GROWTH OPTION;INF760K01EI4;;285.9000;;;13-Jan-2026
118277;CANARA ROBECO LARGE AND MID CAP FUND - DIRECT PLAN - IDCW (Payout/Reinvestment);INF760K01EG8;INF760K01EH6;123.3800;;;13-Jan-2026
102920;CANARA ROBECO LARGE AND MID CAP FUND - REGULAR PLAN - GROWTH OPTION;INF760K01167;;248.4300;;;13-Jan-2026
102921;CANARA ROBECO LARGE AND MID CAP FUND - REGULAR PLAN - IDCW (Payout/Reinvestment);INF760K01175;INF760K01183;80.6900;;;13-Jan-2026

DSP Mutual Fund
119218;DSP Large & Mid Cap Fund - Direct Plan - Growth;INF740K01PL6;;717.095;;;13-Jan-2026
119219;DSP Large & Mid Cap Fund - Direct Plan - IDCW;INF740K01PM4;INF740K01PN2;116.311;;;13-Jan-2026
103819;DSP Large & Mid Cap Fund - Regular Plan - Growth;INF740K01094;;638.593;;;13-Jan-2026
103820;DSP Large & Mid Cap Fund - Regular Plan - IDCW;INF740K01078;INF740K01086;40.594;;;13-Jan-2026

Edelweiss Mutual Fund
140175;Edelweiss Large & Mid Cap Fund - Direct Plan - Growth Option;INF843K01AL0;;104.924;;;13-Jan-2026
140172;Edelweiss Large & Mid Cap Fund - Regular Plan - Growth Option;INF843K01047;;88.576;;;13-Jan-2026
140174;Edelweiss Large and Mid Cap Fund - Direct Plan - IDCW Option;INF843K01AM8;INF843K01AN6;40.698;;;13-Jan-2026
140173;Edelweiss Large and Mid Cap Fund - Regular Plan - IDCW Option;INF843K01054;INF843K01062;33.782;;;13-Jan-2026

Franklin Templeton Mutual Fund
118510;Franklin India Large & Mid Cap Fund - Direct - Growth;INF090I01IN1;;212.5732;;;13-Jan-2026
118509;Franklin India Large & Mid cap Fund - Direct - IDCW;INF090I01IL5;INF090I01IM3;25.2216;;;13-Jan-2026
102883;Franklin India Large & Mid Cap Fund - Growth Plan;INF090I01205;;192.8239;;;13-Jan-2026
102884;Franklin India Large & Mid Cap Fund - IDCW;INF090I01189;INF090I01197;22.0013;;;13-Jan-2026

HDFC Mutual Fund
130496;HDFC Large and Mid Cap Fund - Growth Option;INF179KA1RT1;;344.362;;;13-Jan-2026
130498;HDFC Large and Mid Cap Fund - Growth Option - Direct Plan;INF179KA1RQ7;;363.501;;;13-Jan-2026
130497;HDFC Large and Mid Cap Fund - IDCW Option;INF179KA1RU9;;37.9;;;13-Jan-2026
130499;HDFC Large and Mid Cap Fund - IDCW Option - Direct Plan;INF179KA1RR5;;49.706;;;13-Jan-2026

Helios Mutual Fund
152941;Helios Large & Mid Cap Fund - Direct Plan - Growth Option;INF0R8701269;;11.02;;;13-Jan-2026
152942;Helios Large & Mid Cap Fund - Direct Plan - IDCW Option;INF0R8701277;INF0R8701285;11.03;;;13-Jan-2026
152943;Helios Large & Mid Cap Fund - Regular Plan - Growth Option;INF0R8701236;;10.81;;;13-Jan-2026
152944;Helios Large & Mid Cap Fund - Regular Plan - IDCW Option;INF0R8701244;INF0R8701251;10.81;;;13-Jan-2026

HSBC Mutual Fund
146772;HSBC Large & Mid Cap Fund - Direct Growth;INF336L01NV5;;29.4378;;;13-Jan-2026
146770;HSBC Large & Mid Cap Fund - Direct IDCW;INF336L01NW3;INF336L01NX1;22.5216;;;13-Jan-2026
146771;HSBC Large & Mid Cap Fund - Regular Growth;INF336L01NY9;;26.7971;;;13-Jan-2026
146769;HSBC Large & Mid Cap Fund - Regular IDCW;INF336L01NZ6;INF336L01OA7;20.4276;;;13-Jan-2026

ICICI Prudential Mutual Fund
120596;ICICI Prudential Large & Mid Cap Fund - Direct Plan - Growth;INF109K011O5;;1165.46;;;13-Jan-2026
120597;ICICI Prudential Large & Mid Cap Fund - Direct Plan - IDCW;INF109K019N0;INF109K010O7;54.45;;;13-Jan-2026
100349;ICICI Prudential Large & Mid Cap Fund - Growth;INF109K01431;;1038.76;;;13-Jan-2026
100348;ICICI Prudential Large & Mid Cap Fund - IDCW;INF109K01EQ7;INF109K01449;30.48;;;13-Jan-2026

Invesco Mutual Fund
120357;Invesco India Large & Mid Cap Fund - Direct Plan - Growth;INF205K01MA0;;117;;;13-Jan-2026
120356;Invesco India Large & Mid Cap Fund - Direct Plan - IDCW (Payout / Reinvestment);INF205K01LY2;INF205K01LZ9;54.24;;;13-Jan-2026
106144;Invesco India Large & Mid Cap Fund - Regular Plan - Growth;INF205K01247;;98.29;;;13-Jan-2026
106143;Invesco India Large & Mid Cap Fund - Regular Plan - IDCW (Payout / Reinvestment);INF205K01262;INF205K01254;44.18;;;13-Jan-2026

ITI Mutual Fund
152821;ITI Large & Midcap Fund - Direct Plan - Growth;INF00XX01DA4;;9.6052;;;13-Jan-2026
152823;ITI Large & Midcap Fund - Direct Plan - IDCW Option;INF00XX01DB2;INF00XX01DC0;9.6052;;;13-Jan-2026
152824;ITI Large & Midcap Fund - Regular Plan - Growth;INF00XX01CX8;;9.3890;;;13-Jan-2026
152822;ITI Large & Midcap Fund - Regular Plan - IDCW Option;INF00XX01CY6;INF00XX01CZ3;9.3890;;;13-Jan-2026

JM Financial Mutual Fund
153629;JM Large & Mid Cap Fund (Direct) - Growth Option;INF192K01NK7;;10.2838;;;13-Jan-2026
153630;JM Large & Mid Cap Fund (Direct) - IDCW;INF192K01NP6;INF192K01NL5;10.2838;;;13-Jan-2026
153627;JM Large & Mid Cap Fund (Regular) - Growth Option;INF192K01NM3;;10.1989;;;13-Jan-2026
153628;JM Large & Mid Cap Fund (Regular) - IDCW;INF192K01NO9;INF192K01NN1;10.1989;;;13-Jan-2026

Kotak Mahindra Mutual Fund
120158;Kotak Large & Midcap Fund - Direct- Growth;INF174K01LF9;;405.171;;;13-Jan-2026
103234;Kotak Large & Midcap Fund - Growth-Regular;INF174K01187;;351.163;;;13-Jan-2026
120157;Kotak Large & Midcap Fund - IDCW-Direct;INF174K01LG7;INF174K01LH5;71.496;;;13-Jan-2026
103233;Kotak Large & Midcap Fund - IDCW-Regular;INF174K01203;INF174K01195;61.265;;;13-Jan-2026

LIC Mutual Fund
133710;LIC MF Large & Mid Cap Fund-Direct Plan-Growth;INF767K01NE9;;44.2997;;;13-Jan-2026
133709;LIC MF Large & Mid Cap Fund-Direct Plan-IDCW;INF767K01ND1;INF767K01NF6;35.1475;;;13-Jan-2026
133711;LIC MF Large & Mid Cap Fund-Regular Plan-Growth;INF767K01NB5;;38.2506;;;13-Jan-2026
133712;LIC MF Large & Mid Cap Fund-Regular Plan-IDCW;INF767K01NA7;INF767K01NC3;30.9697;;;13-Jan-2026

Mahindra Manulife Mutual Fund
147841;Mahindra Manulife Large & Mid Cap Fund - Direct Plan - IDCW;INF174V01960;INF174V01952;23.4336;;;13-Jan-2026
147840;Mahindra Manulife Large & Mid Cap Fund - Direct Plan -Growth;INF174V01945;;30.1604;;;13-Jan-2026
147843;Mahindra Manulife Large & Mid Cap Fund - Regular Plan - Growth;INF174V01911;;27.1749;;;13-Jan-2026
147842;Mahindra Manulife Large & Mid Cap Fund - Regular Plan - IDCW;INF174V01937;INF174V01929;20.7221;;;13-Jan-2026

Mirae Asset Mutual Fund
118834;Mirae Asset Large & Midcap Fund - Direct Plan - Growth;INF769K01BI1;;175.071;;;13-Jan-2026
118835;Mirae Asset Large & Midcap Fund - Direct Plan - IDCW;INF769K01BJ9;INF769K01BK7;82.094;;;13-Jan-2026
112932;Mirae Asset Large & Midcap Fund - Regular Plan - Growth;INF769K01101;;154.862;;;13-Jan-2026
112931;Mirae Asset Large & Midcap Fund - Regular Plan - IDCW;INF769K01127;INF769K01119;47.632;;;13-Jan-2026

Motilal Oswal Mutual Fund
147704;Motilal Oswal Large and Midcap Fund - Direct Plan Growth;INF247L01999;;35.4684;;;13-Jan-2026
147701;Motilal Oswal Large and Midcap Fund - Regular Plan Growth;INF247L01965;;32.3566;;;13-Jan-2026
147706;Motilal Oswal Large and Midcap Fund Direct - IDCW Payout/Reinvestment;INF247L01AB3;INF247L01AA5;26.9508;;;13-Jan-2026
147703;Motilal Oswal Large and Midcap Fund Regular - IDCW Payout/Reinvestment;INF247L01981;INF247L01973;24.7014;;;13-Jan-2026

Navi Mutual Fund
141414;Navi Large & Midcap Fund - Direct Annual IDCW Payout;INF959L01CR5;INF959L01CS3;41.7449;;;13-Jan-2026
141415;Navi Large & Midcap Fund - Direct Half Yearly IDCW Payout;INF959L01CP9;INF959L01CQ7;41.7816;;;13-Jan-2026
135679;Navi Large & Midcap Fund - Direct Normal IDCW Payout;INF959L01CI4;INF959L01CJ2;41.8884;;;13-Jan-2026
141411;Navi Large & Midcap Fund - Regular Annual IDCW payout;INF959L01CV7;INF959L01CW5;36.1537;;;13-Jan-2026
141410;NAVI Large & Midcap Fund - Regular Half Yearly IDCW Payout;INF959L01CT1;INF959L01CU9;35.1606;;;13-Jan-2026
135680;Navi Large & Midcap Fund - Regular Normal IDCW Payout;INF959L01CL8;INF959L01CM6;35.1477;;;13-Jan-2026
135677;Navi Large & Midcap Fund- Direct Plan- Growth Option;INF959L01CH6;;42.3989;;;13-Jan-2026
135678;Navi Large & Midcap Fund- Regular Plan- Growth Option;INF959L01CK0;;35.1519;;;13-Jan-2026

Nippon India Mutual Fund
118676;NIPPON INDIA VISION LARGE & MID CAP  FUND - DIRECT Plan - IDCW Option;INF204K01F04;INF204K01F12;69.7509;;;13-Jan-2026
118675;Nippon India Vision Large & Mid Cap Fund - Direct Plan Growth Plan - Bonus Option;INF204K01E96;;269.9130;;;13-Jan-2026
118678;Nippon India Vision Large & Mid Cap Fund - Direct Plan Growth Plan - Growth Option;INF204K01F20;;1592.0179;;;13-Jan-2026
100378;Nippon India Vision Large & Midcap Fund - IDCW Option;INF204K01372;INF204K01380;61.3484;;;13-Jan-2026
100379;Nippon India Vision Large & Midcap Fund-GROWTH PLAN-Bonus Option;INF204K01398;;248.6123;;;13-Jan-2026
100380;Nippon India Vision Large & Midcap Fund-GROWTH PLAN-Growth Option;INF204K01406;;1476.0796;;;13-Jan-2026

PGIM India Mutual Fund
152382;PGIM India Large and Midcap Fund - Direct Plan - Growth Option;INF663L01Y12;;12.8;;;13-Jan-2026
152384;PGIM India Large and Midcap Fund - Direct Plan - IDCW option;INF663L01Y20;INF663L01Y38;12.21;;;13-Jan-2026
152383;PGIM India Large and Midcap Fund - Regular Plan - Growth Option;INF663L01X88;;12.38;;;13-Jan-2026
152385;PGIM India Large and Midcap Fund - Regular Plan - IDCW Option;INF663L01X96;INF663L01Y04;12.09;;;13-Jan-2026

quant Mutual Fund
104515;quant Large & Mid Cap Fund - Bonus Option - Regular Plan;INF966L01424;;109.5012;;;13-Jan-2026
120824;quant Large & Mid Cap Fund - Bonus Option-Direct Plan;INF966L01655;;109.5012;;;13-Jan-2026
104513;quant Large & Mid Cap Fund - Growth Option;INF966L01341;;109.2648;;;13-Jan-2026
120826;quant Large & Mid Cap Fund - Growth Option-Direct Plan;INF966L01648;;120.3418;;;13-Jan-2026
120825;quant Large & Mid Cap Fund - IDCW Option - Direct Plan;INF966L01622;INF966L01630;56.0344;;;13-Jan-2026
104514;quant Large & Mid Cap Fund - IDCW Option - Regular Plan;INF966L01325;INF966L01333;66.695;;;13-Jan-2026

Samco Mutual Fund
153534;Samco Large & Mid Cap Fund - Direct Plan - Growth Option;INF0K1H01271;;9.15;;;13-Jan-2026
153533;Samco Large & Mid Cap Fund - Regular Plan - Growth Option;INF0K1H01289;;9.07;;;13-Jan-2026

SBI Mutual Fund
119720;SBI Large & Midcap Fund - Direct Plan - Income Distribution cum Capital Withdrawal Option (IDCW);INF200K01UH9;INF200K01UI7;366.4489;;;13-Jan-2026
101530;SBI Large & Midcap Fund - Regular Plan - Income Distribution cum Capital Withdrawal Option (IDCW);INF200K01289;INF200K01297;291.6058;;;13-Jan-2026
119721;SBI LARGE & MIDCAP FUND -DIRECT PLAN -Growth;INF200K01UJ5;;703.0598;;;13-Jan-2026
103024;SBI LARGE & MIDCAP FUND- REGULAR PLAN -Growth;INF200K01305;;645.4500;;;13-Jan-2026

Sundaram Mutual Fund
119565;Sundaram Large and Midcap Direct Plan - Income Distribution cum Capital Withdrawal (IDCW);INF903J01PP3;INF903J01PQ1;33.7254;;;13-Jan-2026
119566;Sundaram Large and Midcap Fund Direct Plan - Growth;INF903J01PR9;;97.7640;;;13-Jan-2026
105001;Sundaram Large and Midcap Fund Regular Plan - Growth;INF903J01DT1;;86.4770;;;13-Jan-2026
105000;Sundaram Large and Midcap Regular Plan - Income Distribution cum Capital Withdrawal (IDCW);INF903J01DU9;INF903J01DV7;29.1857;;;13-Jan-2026

Tata Mutual Fund
119202;Tata Large & MId Cap Fund -Direct Plan- Growth Option;INF277K01MK8;;584.7785;;;13-Jan-2026
119201;Tata Large & Mid Cap Fund Direct Plan - Payout of IDCW Option;INF277K01MI2;INF277K01MJ0;114.5751;;;13-Jan-2026
101823;Tata Large & Mid Cap Fund Regular Plan - Payout of IDCW Option;INF277K01DH3;INF277K01410;82.2206;;;13-Jan-2026
101824;Tata Large & Mid Cap Fund- Regular Plan - Growth Option;INF277K01428;;510.0787;;;13-Jan-2026

Union Mutual Fund
147750;Union Large & Midcap Fund - Direct Plan - Growth Option;INF582M01GA0;;27.58;;;13-Jan-2026
147751;Union Large & Midcap Fund - Direct Plan - IDCW Option;INF582M01GC6;INF582M01GB8;27.58;;;13-Jan-2026
147748;Union Large & Midcap Fund - Regular Plan - Growth Option;INF582M01GD4;;25.58;;;13-Jan-2026
147749;Union Large & Midcap Fund - Regular Plan - IDCW Option;INF582M01GG7;INF582M01GF9;25.58;;;13-Jan-2026

UTI Mutual Fund
120665;UTI Large & Mid Cap Fund - Direct Plan - Growth Option;INF789F01UG3;;199.2948;;;13-Jan-2026
120664;UTI Large & Mid Cap Fund - Direct Plan - IDCW;INF789F01UE8;INF789F01UF5;97.9352;;;13-Jan-2026
100664;UTI Large & Mid Cap Fund - Regular Plan - Growth Option;INF789F01869;;185.2062;;;13-Jan-2026
100663;UTI Large & Mid Cap Fund - Regular Plan - IDCW;INF189A01046;INF789F01851;90.2244;;;13-Jan-2026

WhiteOak Capital Mutual Fund
152226;Whiteoak Capital Large & Mid Cap Fund Direct Plan Growth;INF03VN01845;;13.949;;;13-Jan-2026
152225;Whiteoak Capital Large & Mid Cap Fund Regular Plan Growth;INF03VN01837;;13.493;;;13-Jan-2026

Open Ended Schemes ( Equity Scheme - Mid Cap Fund )


Aditya Birla Sun Life Mutual Fund
119620;Aditya Birla Sun Life Midcap Fund - Growth - Direct Plan;INF209K01Q30;;882.17;;;13-Jan-2026
119619;Aditya Birla Sun Life Midcap Fund -DIRECT - IDCW;INF209K01Q22;;94.23;;;13-Jan-2026
101591;Aditya Birla Sun Life Midcap Fund -REGULAR - IDCW;INF209K01355;INF209K01CN6;55.;;;13-Jan-2026
101592;Aditya Birla Sun Life MIDCAP Fund-Growth;INF209K01363;;788.65;;;13-Jan-2026

Axis Mutual Fund
120505;Axis Midcap Fund - Direct Plan - Growth;INF846K01EH3;;129.27;;;13-Jan-2026
120504;Axis Midcap Fund - Direct Plan - IDCW;INF846K01EF7;INF846K01EG5;54.73;;;13-Jan-2026
114564;Axis Midcap Fund - Regular Plan - Growth;INF846K01859;;110.67;;;13-Jan-2026
114565;Axis Midcap Fund - Regular Plan - IDCW;INF846K01867;INF846K01875;41.22;;;13-Jan-2026

Bandhan Mutual Fund
150404;BANDHAN MIDCAP FUND - GROWTH - DIRECT PLAN;INF194KB1DJ2;;17.671;;;13-Jan-2026
150402;BANDHAN MIDCAP FUND - GROWTH - REGULAR PLAN;INF194KB1DM6;;16.751;;;13-Jan-2026
150401;BANDHAN MIDCAP FUND - IDCW - DIRECT PLAN;INF194KB1DK0;INF194KB1DL8;17.656;;;13-Jan-2026
150403;BANDHAN MIDCAP FUND - IDCW - REGULAR PLAN;INF194KB1DN4;INF194KB1DO2;16.752;;;13-Jan-2026

Bank of India Mutual Fund
153728;Bank of India Mid Cap Fund - Direct Plan Growth;INF761K01GY4;;9.63;;;13-Jan-2026
153729;Bank of India Mid Cap Fund - Direct Plan IDCW;INF761K01GZ1;INF761K01HA2;9.63;;;13-Jan-2026
153726;Bank of India Mid Cap Fund - Regular Plan Growth;INF761K01HB0;;9.59;;;13-Jan-2026
153727;Bank of India Mid Cap Fund - Regular Plan IDCW;INF761K01HC8;INF761K01HD6;9.59;;;13-Jan-2026

Baroda BNP Paribas Mutual Fund
150212;BARODA BNP PARIBAS Mid Cap Fund - Direct Plan - Growth Option;INF251K01HQ0;;123.6480;;;13-Jan-2026
150211;BARODA BNP PARIBAS Mid Cap Fund - Direct Plan - IDCW Option;INF251K01HO5;INF251K01HP2;74.6458;;;13-Jan-2026
150209;BARODA BNP PARIBAS Mid Cap Fund - Regular Plan - Growth Option;INF251K01AW3;;103.1559;;;13-Jan-2026
150210;BARODA BNP PARIBAS Mid Cap Fund - Regular Plan - IDCW Option;INF251K01AX1;INF251K01AY9;58.6376;;;13-Jan-2026

Canara Robeco Mutual Fund
150817;Canara Robeco Mid Cap Fund- Direct Plan- Growth Option;INF760K01KI1;;17.7400;;;13-Jan-2026
150818;Canara Robeco Mid Cap Fund- Direct Plan- IDCW;INF760K01KK7;INF760K01KJ9;16.3400;;;13-Jan-2026
150816;Canara Robeco Mid Cap Fund- Regular Plan- Growth Option;INF760K01KL5;;16.9900;;;13-Jan-2026
150819;Canara Robeco Mid Cap Fund- Regular Plan- IDCW;INF760K01KN1;INF760K01KM3;15.6200;;;13-Jan-2026

DSP Mutual Fund
119071;DSP Midcap Fund - Direct Plan - Growth;INF740K01PX1;;165.389;;;13-Jan-2026
119070;DSP Midcap Fund - Direct Plan - IDCW;INF740K01PY9;INF740K01PZ6;71.777;;;13-Jan-2026
104481;DSP Midcap Fund - Regular Plan - Growth;INF740K01128;;148.057;;;13-Jan-2026
104482;DSP Midcap Fund - Regular Plan - IDCW;INF740K01102;INF740K01110;30.674;;;13-Jan-2026

Edelweiss Mutual Fund
140228;Edelweiss Mid Cap Fund - Direct Plan - Growth Option;INF843K01AO4;;120.2;;;13-Jan-2026
140227;Edelweiss Mid Cap Fund - Direct Plan - IDCW Option;INF843K01AP1;INF843K01AQ9;87.647;;;13-Jan-2026
140225;Edelweiss Mid Cap Fund - Regular Plan - Growth Option;INF843K01013;;102.313;;;13-Jan-2026
140226;Edelweiss Mid Cap Fund - Regular Plan - IDCW Option;INF843K01021;INF843K01039;58.986;;;13-Jan-2026

Franklin Templeton Mutual Fund
118533;Franklin India Mid Cap Fund - Direct - Growth;INF090I01FH9;;3099.6440;;;13-Jan-2026
118532;Franklin India Mid Cap Fund - Direct - IDCW;INF090I01FI7;INF090I01FJ5;112.5893;;;13-Jan-2026
100472;Franklin India Mid Cap Fund - IDCW;INF090I01726;INF090I01734;93.2469;;;13-Jan-2026
100473;Franklin India Mid Cap Fund-Growth;INF090I01809;;2746.5247;;;13-Jan-2026

HDFC Mutual Fund
118989;HDFC Mid Cap Fund - Growth Option - Direct Plan;INF179K01XQ0;;221.659;;;13-Jan-2026
105758;HDFC Mid Cap Fund - Growth Plan;INF179K01CR2;;200.649;;;13-Jan-2026
118988;HDFC Mid Cap Fund - IDCW Option - Direct Plan;INF179K01XO5;INF179K01XP2;83.66;;;13-Jan-2026
105757;HDFC Mid Cap Fund - IDCW Plan;INF179K01CS0;INF179K01CT8;55.293;;;13-Jan-2026

Helios Mutual Fund
153326;Helios Mid Cap Fund - Direct Plan - Growth Option;INF0R8701327;;12.45;;;13-Jan-2026
153324;Helios Mid Cap Fund - Direct Plan - IDCW Option;INF0R8701335;INF0R8701343;12.45;;;13-Jan-2026
153327;Helios Mid Cap Fund - Regular Plan - Growth Plan;INF0R8701293;;12.29;;;13-Jan-2026
153325;Helios Mid Cap Fund - Regular Plan - IDCW Option;INF0R8701301;INF0R8701319;12.29;;;13-Jan-2026

HSBC Mutual Fund
151036;HSBC Midcap Fund - Direct Growth;INF917K01FZ1;;447.0782;;;13-Jan-2026
151035;HSBC Midcap Fund - Direct IDCW;INF917K01E78;INF917K01FX6;85.3298;;;13-Jan-2026
151034;HSBC Midcap Fund - Regular Growth;INF917K01254;;393.5441;;;13-Jan-2026
151033;HSBC Midcap Fund - Regular IDCW;INF917K01239;INF917K01247;73.8772;;;13-Jan-2026

ICICI Prudential Mutual Fund
120381;ICICI Prudential MidCap Fund - Direct Plan -  Growth;INF109K011N7;;347.94;;;13-Jan-2026
120380;ICICI Prudential MidCap Fund - Direct Plan -  IDCW;INF109K019M2;INF109K010N9;64.45;;;13-Jan-2026
102528;ICICI Prudential MidCap Fund - Growth;INF109K01AN2;;309.29;;;13-Jan-2026
102529;ICICI Prudential MidCap Fund - IDCW;INF109K01EH6;INF109K01AL6;40.08;;;13-Jan-2026

Invesco Mutual Fund
120403;Invesco India Midcap Fund - Direct Plan - Growth Option;INF205K01MV6;;215.28;;;13-Jan-2026
120402;Invesco India Midcap Fund - Direct Plan - IDCW (Payout / Reinvestment);INF205K01MT0;INF205K01MU8;80.68;;;13-Jan-2026
105503;Invesco India Midcap Fund - Regular Plan - Growth Option;INF205K01BC9;;178.09;;;13-Jan-2026
105504;Invesco India Midcap Fund - Regular Plan - IDCW (Payout / Reinvestment);INF205K01BD7;INF205K01BE5;61.04;;;13-Jan-2026

ITI Mutual Fund
148733;ITI Mid Cap Fund - Direct Plan - Growth Option;INF00XX01929;;23.9364;;;13-Jan-2026
148731;ITI Mid Cap Fund - Direct Plan - IDCW Option;INF00XX01937;INF00XX01945;22.9377;;;13-Jan-2026
148732;ITI Mid Cap Fund - Regular Plan - Growth Option;INF00XX01895;;21.7447;;;13-Jan-2026
148734;ITI Mid Cap Fund - Regular Plan - IDCW Option;INF00XX01903;INF00XX01911;20.7773;;;13-Jan-2026

JM Financial Mutual Fund
150815;JM Midcap Fund (Direct) - Growth;INF192K01MV6;;19.4474;;;13-Jan-2026
150814;JM Midcap Fund (Direct) - IDCW;INF192K01MW4;INF192K01MX2;19.4473;;;13-Jan-2026
150812;JM Midcap Fund (Regular) - Growth;INF192K01MS2;;18.3981;;;13-Jan-2026
150813;JM Midcap Fund (Regular) - IDCW;INF192K01MT0;INF192K01MU8;18.398;;;13-Jan-2026

Kotak Mahindra Mutual Fund
119774;Kotak Midcap Fund  - Direct Plan - IDCW - Payout & Re-investment of Income Distribution cum capital withdrawal option;INF174K01LU8;INF174K01LV6;93.069;;;13-Jan-2026
119775;Kotak Midcap Fund - Direct Plan - Growth;INF174K01LT0;;156.213;;;13-Jan-2026
104908;Kotak Midcap Fund - Regular Plan - Growth;INF174K01DS9;;134.285;;;13-Jan-2026
104907;Kotak Midcap Fund - Regular Plan - IDCW -Payout & Re-investment of Income Distribution cum capital withdrawal option;INF174K01DU5;INF174K01DT7;73.753;;;13-Jan-2026

LIC Mutual Fund
152002;LIC MF Mid Cap Fund-Direct Plan-Growth;INF397L01JK8;;32.1518;;;13-Jan-2026
151999;LIC MF Mid Cap Fund-Direct Plan-IDCW;INF397L01JH4;INF397L01JI2;30.2077;;;13-Jan-2026
152001;LIC MF Mid Cap Fund-Regular Plan-Growth;INF397L01JO0;;28.6066;;;13-Jan-2026
152000;LIC MF Mid Cap Fund-Regular Plan-IDCW;INF397L01JL6;INF397L01JM4;26.8478;;;13-Jan-2026

Mahindra Manulife Mutual Fund
142108;Mahindra Manulife Mid Cap Fund - Direct Plan - IDCW;INF174V01523;INF174V01515;30.5163;;;13-Jan-2026
142110;Mahindra Manulife Mid Cap Fund - Direct Plan -Growth;INF174V01507;;38.2025;;;13-Jan-2026
142109;Mahindra Manulife Mid Cap Fund - Regular Plan - Growth;INF174V01473;;33.5277;;;13-Jan-2026
142107;Mahindra Manulife Mid Cap Fund- Regular Plan - IDCW;INF174V01499;INF174V01481;26.1490;;;13-Jan-2026

Mirae Asset Mutual Fund
147479;Mirae Asset Midcap Fund - Regular Plan-Growth Option;INF769K01EY2;;37.287;;;13-Jan-2026
147478;Mirae Asset Midcap Fund Direct IDCW;INF769K01EZ9;INF769K01FC5;26.645;;;13-Jan-2026
147480;Mirae Asset Midcap Fund Regular IDCW;INF769K01EX4;INF769K01FB7;24.350;;;13-Jan-2026
147445;Mirae Asset Midcap Fund- Direct Growth Option;INF769K01FA9;;40.544;;;13-Jan-2026

Motilal Oswal Mutual Fund
127044;Motilal Oswal Midcap Fund-Direct - IDCW Payout/Reinvestment;INF247L01460;INF247L01452;49.2457;;;13-Jan-2026
127042;Motilal Oswal Midcap Fund-Direct Plan-Growth Option;INF247L01445;;112.3857;;;13-Jan-2026
127040;Motilal Oswal Midcap Fund-Regular - IDCW Payout/Reinvestment;INF247L01437;INF247L01429;47.4448;;;13-Jan-2026
127039;Motilal Oswal Midcap Fund-Regular Plan-Growth Option;INF247L01411;;97.7208;;;13-Jan-2026

Nippon India Mutual Fund
118666;NIPPON INDIA GROWTH MID CAP FUND - DIRECT Plan - IDCW Option;INF204K01E39;INF204K01E47;192.3996;;;13-Jan-2026
118665;Nippon India Growth Mid Cap Fund - Direct Plan Growth Plan - Bonus Option;INF204K01E21;;764.1568;;;13-Jan-2026
118668;Nippon India Growth Mid Cap Fund - Direct Plan Growth Plan - Growth Option;INF204K01E54;;4599.5921;;;13-Jan-2026
100375;NIPPON INDIA GROWTH MID CAP FUND - IDCW Option;INF204K01299;INF204K01307;121.4739;;;13-Jan-2026
106260;NIPPON INDIA GROWTH MID CAP FUND - INSTITUTIONAL Plan - IDCW Option;INF204K01257;INF204K01265;1350.0650;;;13-Jan-2026
100376;Nippon India Growth Mid Cap Fund-Growth Plan-Bonus Option;INF204K01315;;696.1992;;;13-Jan-2026
100377;Nippon India Growth Mid Cap Fund-Growth Plan-Growth Option;INF204K01323;;4182.0985;;;13-Jan-2026

PGIM India Mutual Fund
125301;PGIM India Midcap Fund - Direct Plan - Dividend Option - Payout;INF663L01DW1;INF663L01DX9;60.5;;;13-Jan-2026
125307;PGIM India Midcap Fund - Direct Plan - Growth Option;INF663L01DV3;;72.99;;;13-Jan-2026
125306;PGIM India Midcap Fund - Regular Plan - Dividend Option - Payout;INF663L01EA5;INF663L01EB3;24.54;;;13-Jan-2026
125305;PGIM India Midcap Fund - Regular Plan - Growth Option;INF663L01DZ4;;62.65;;;13-Jan-2026

quant Mutual Fund
120841;quant Mid Cap Fund - Growth Option - Direct Plan;INF966L01887;;225.4815;;;13-Jan-2026
101065;quant Mid Cap Fund - Growth Option - Regular Plan;INF966L01176;;199.9684;;;13-Jan-2026
120840;quant Mid Cap Fund - IDCW Option - Direct Plan;INF966L01861;INF966L01879;79.1988;;;13-Jan-2026
101066;quant Mid Cap Fund - IDCW Option - Regular Plan;INF966L01150;INF966L01168;71.0895;;;13-Jan-2026

SBI Mutual Fund
119716;SBI MIDCAP FUND - DIRECT PLAN - GROWTH;INF200K01TP4;;261.3466;;;13-Jan-2026
119715;SBI Midcap Fund - Direct Plan - Income Distribution cum Capital Withdrawal Option (IDCW);INF200K01TN9;INF200K01TO7;148.1706;;;13-Jan-2026
102941;SBI MIDCAP FUND - REGULAR PLAN - GROWTH;INF200K01560;;232.2354;;;13-Jan-2026
102942;SBI Midcap Fund - Regular Plan - Income Distribution cum Capital Withdrawal Option (IDCW);INF200K01578;INF200K01586;94.8947;;;13-Jan-2026

Sundaram Mutual Fund
119581;Sundaram Mid Cap Fund Direct Plan - Growth;INF903J01MJ3;;1540.1698;;;13-Jan-2026
119582;Sundaram Mid Cap Fund Direct Plan - Income Distribution cum Capital Withdrawal (IDCW);INF903J01MH7;INF903J01MI5;72.3222;;;13-Jan-2026
101539;Sundaram Mid Cap Fund Regular Plan - Growth;INF903J01173;;1404.8571;;;13-Jan-2026
101538;Sundaram Mid Cap Fund Regular Plan - Income Distribution cum Capital Withdrawal (IDCW);INF903J01181;INF903J01199;65.0268;;;13-Jan-2026

Tata Mutual Fund
119178;Tata Mid Cap Fund - Direct Plan- Growth Option;INF277K01PY2;;507.4674;;;13-Jan-2026
119177;Tata Mid Cap Fund - Direct Plan- IDCW Option;INF277K01PW6;INF277K01PX4;167.5090;;;13-Jan-2026
102328;Tata Mid Cap Fund Regular Plan- Growth Option;INF277K01626;;443.6650;;;13-Jan-2026
102326;Tata Mid Cap Fund-Regular Plan - IDCW Option;INF277K01DS0;INF277K01642;122.4585;;;13-Jan-2026

Taurus Mutual Fund
118872;Taurus Mid Cap Fund - Direct Plan - Growth;INF044D01CA9;;124.19;;;13-Jan-2026
118873;Taurus Mid Cap Fund - Direct Plan - Payout of Income Distribution cum Capital Withdrawal option;INF044D01CB7;INF044D01CC5;110.33;;;13-Jan-2026
100477;Taurus Mid Cap Fund - Regular Plan - Growth;INF044D01815;;117.40;;;13-Jan-2026
111642;Taurus Mid Cap Fund - Regular Plan - Payout of Income Distribution cum Capital Withdrawal option;INF044D01781;INF044D01799;104.65;;;13-Jan-2026

Union Mutual Fund
148073;Union Midcap Fund - Direct Plan - Growth Option;INF582M01GI3;;51.49;;;13-Jan-2026
148074;Union Midcap Fund - Direct Plan - IDCW Option;INF582M01GK9;INF582M01GJ1;51.49;;;13-Jan-2026
148071;Union Midcap Fund - Regular Plan - Growth Option;INF582M01GM5;;47.52;;;13-Jan-2026
148072;Union Midcap Fund - Regular Plan - IDCW Option;INF582M01GO1;INF582M01GN3;47.52;;;13-Jan-2026

UTI Mutual Fund
120727;UTI Mid Cap Fund - Direct Plan - IDCW;INF789F01TY8;INF789F01TZ5;164.2053;;;13-Jan-2026
102393;UTI Mid Cap Fund - Regular Plan - IDCW;INF789F01794;INF789F01802;141.1475;;;13-Jan-2026
102394;UTI Mid Cap Fund-Growth Option;INF789F01810;;298.2773;;;13-Jan-2026
120726;UTI Mid Cap Fund-Growth Option- Direct;INF789F01UA6;;333.6809;;;13-Jan-2026

WhiteOak Capital Mutual Fund
150584;WhiteOak Capital Mid Cap Fund Direct Plan Growth;INF03VN01597;;20.856;;;13-Jan-2026
150582;WhiteOak Capital Mid Cap Fund Direct Plan IDCW;INF03VN01605;INF03VN01613;20.856;;;13-Jan-2026
150583;WhiteOak Capital Mid Cap Fund Regular Plan Growth;INF03VN01563;;19.779;;;13-Jan-2026
150585;WhiteOak Capital Mid Cap Fund Regular Plan IDCW;INF03VN01571;INF03VN01589;19.779;;;13-Jan-2026

Open Ended Schemes ( Equity Scheme - Small Cap Fund )


Aditya Birla Sun Life Mutual Fund
105804;Aditya Birla Sun Life Small Cap Fund - GROWTH;INF209K01EN2;;83.2517;;;13-Jan-2026
119556;Aditya Birla Sun Life Small Cap Fund - Growth - Direct Plan;INF209K01WN4;;95.0145;;;13-Jan-2026
119557;Aditya Birla Sun Life Small Cap Fund -Direct - IDCW;INF209K01WM6;;66.6926;;;13-Jan-2026
105805;Aditya Birla Sun Life Small Cap Fund -Regular - IDCW;INF209K01EO0;INF209K01EP7;34.4549;;;13-Jan-2026

Axis Mutual Fund
125354;Axis Small Cap Fund - Direct Plan - Growth;INF846K01K35;;119.13;;;13-Jan-2026
125351;Axis Small Cap Fund - Direct Plan - IDCW;INF846K01K43;INF846K01K50;52.55;;;13-Jan-2026
125350;Axis Small Cap Fund - Regular Plan - Growth;INF846K01K01;;102.58;;;13-Jan-2026
125352;Axis Small Cap Fund - Regular Plan - IDCW;INF846K01K19;INF846K01K27;44.68;;;13-Jan-2026

Bajaj Finserv Mutual Fund
153612;BAJAJ FINSERV SMALL CAP FUND - DIRECT - GROWTH;INF0QA701BN2;;9.406;;;13-Jan-2026
153611;BAJAJ FINSERV SMALL CAP FUND - DIRECT - IDCW;INF0QA701BO0;INF0QA701BP7;9.406;;;13-Jan-2026
153609;BAJAJ FINSERV SMALL CAP FUND - REGULAR - GROWTH;INF0QA701BK8;;9.332;;;13-Jan-2026
153610;BAJAJ FINSERV SMALL CAP FUND - REGULAR - IDCW;INF0QA701BL6;INF0QA701BM4;9.332;;;13-Jan-2026

Bandhan Mutual Fund
147946;BANDHAN SMALL CAP FUND - DIRECT PLAN GROWTH;INF194KB1AL4;;50.193;;;13-Jan-2026
147943;BANDHAN SMALL CAP FUND - DIRECT PLAN IDCW;INF194KB1AM2;;37.206;;;13-Jan-2026
147944;BANDHAN SMALL CAP FUND - REGULAR PLAN GROWTH;INF194KB1AJ8;;45.728;;;13-Jan-2026
147945;BANDHAN SMALL CAP FUND - REGULAR PLAN IDCW;INF194KB1AK6;;33.905;;;13-Jan-2026

Bank of India Mutual Fund
145678;BANK OF INDIA Small Cap Fund Direct Plan Growth;INF761K01EP7;;48.47;;;13-Jan-2026
145675;BANK OF INDIA Small Cap Fund Direct Plan IDCW;INF761K01EO0;INF761K01ES1;36.29;;;13-Jan-2026
145677;BANK OF INDIA Small Cap Fund Regular Plan Growth;INF761K01ER3;;43.15;;;13-Jan-2026
145676;BANK OF INDIA Small Cap Fund Regular Plan IDCW;INF761K01EQ5;INF761K01ET9;31.46;;;13-Jan-2026

Baroda BNP Paribas Mutual Fund
152128;Baroda BNP Paribas Small Cap Fund - Direct Plan - Growth option;INF251K01SR5;;13.0347;;;13-Jan-2026
152129;Baroda BNP Paribas Small Cap Fund - Direct Plan - IDCW option;INF251K01SS3;INF251K01ST1;12.7196;;;13-Jan-2026
152130;Baroda BNP Paribas Small Cap Fund - Regular Plan - Growth option;INF251K01SO2;;12.6289;;;13-Jan-2026
152131;Baroda BNP Paribas Small Cap Fund - Regular Plan - IDCW option;INF251K01SP9;INF251K01SQ7;12.3062;;;13-Jan-2026

Canara Robeco Mutual Fund
146130;CANARA ROBECO SMALL CAP FUND - DIRECT PLAN - GROWTH OPTION;INF760K01JC6;;41.6400;;;13-Jan-2026
146131;CANARA ROBECO SMALL CAP FUND - DIRECT PLAN - IDCW (Payout/Reinvestment);INF760K01JD4;INF760K01JE2;36.0700;;;13-Jan-2026
146127;CANARA ROBECO SMALL CAP FUND - REGULAR PLAN - GROWTH OPTION;INF760K01JF9;;37.4700;;;13-Jan-2026
146128;CANARA ROBECO SMALL CAP FUND - REGULAR PLAN - IDCW (Payout/Reinvestment);INF760K01JG7;INF760K01JH5;32.0800;;;13-Jan-2026

DSP Mutual Fund
119212;DSP Small Cap Fund - Direct Plan - Growth;INF740K01QD1;;211.203;;;13-Jan-2026
119213;DSP Small Cap Fund - Direct Plan - IDCW;INF740K01QE9;INF740K01QF6;62.87;;;13-Jan-2026
105989;DSP Small Cap Fund - Regular - Growth;INF740K01797;;191.366;;;13-Jan-2026
113153;DSP Small Cap Fund - Regular - IDCW;INF740K01805;INF740K01AM6;56.848;;;13-Jan-2026

Edelweiss Mutual Fund
146196;Edelweiss Small Cap Fund - Direct Plan - Growth;INF754K01JN6;;47.637;;;13-Jan-2026
146197;Edelweiss Small Cap Fund - Direct Plan - IDCW Option;INF754K01JO4;INF754K01JP1;41.674;;;13-Jan-2026
146193;Edelweiss Small Cap Fund - Regular Plan - Growth;INF754K01JJ4;;42.798;;;13-Jan-2026
146194;Edelweiss Small Cap Fund - Regular Plan - IDCW Option;INF754K01JK2;INF754K01JL0;37.191;;;13-Jan-2026

Franklin Templeton Mutual Fund
118525;Franklin India Small Cap Fund - Direct - Growth;INF090I01IQ4;;184.4579;;;13-Jan-2026
118524;Franklin India Small Cap Fund - Direct - IDCW;INF090I01IO9;INF090I01IP6;53.4088;;;13-Jan-2026
103361;Franklin India Small Cap Fund - IDCW;INF090I01544;INF090I01551;45.0507;;;13-Jan-2026
103360;Franklin India Small Cap Fund-Growth;INF090I01569;;162.3075;;;13-Jan-2026

HDFC Mutual Fund
130502;HDFC Small Cap Fund - Growth Option;INF179KA1RZ8;;135.587;;;13-Jan-2026
130503;HDFC Small Cap Fund - Growth Option - Direct Plan;INF179KA1RW5;;154.808;;;13-Jan-2026
130501;HDFC Small Cap Fund - IDCW Option;INF179KA1SA9;INF179KA1SB7;43.55;;;13-Jan-2026
130504;HDFC Small Cap Fund - IDCW Option - Direct Plan;INF179KA1RX3;INF179KA1RY1;66.868;;;13-Jan-2026

Helios Mutual Fund
153912;Helios Small Cap Fund - Direct Plan - Growth Option;INF0R8701384;;9.49;;;13-Jan-2026
153910;Helios Small Cap Fund - Direct Plan - IDCW Option;INF0R8701392;INF0R8701400;9.50;;;13-Jan-2026
153909;Helios Small Cap Fund - Regular Plan - Growth Option;INF0R8701350;;9.48;;;13-Jan-2026
153911;Helios Small Cap Fund - Regular Plan - IDCW Option;INF0R8701368;INF0R8701376;9.48;;;13-Jan-2026

HSBC Mutual Fund
151130;HSBC Small Cap Fund - Direct Growth;INF917K01QA1;;84.5024;;;13-Jan-2026
151132;HSBC Small Cap Fund - Direct IDCW;INF917K01PZ0;INF917K01XP5;43.7274;;;13-Jan-2026
151133;HSBC Small Cap Fund - Regular Growth;INF917K01QC7;;75.6696;;;13-Jan-2026
151131;HSBC Small Cap Fund - Regular IDCW;INF917K01QB9;INF917K01XQ3;37.6276;;;13-Jan-2026

ICICI Prudential Mutual Fund
120591;ICICI Prudential Smallcap Fund - Direct Plan - Growth;INF109K015M0;;94.74;;;13-Jan-2026
120870;ICICI Prudential Smallcap Fund - Direct Plan - IDCW;INF109K013M5;INF109K014M3;65.56;;;13-Jan-2026
106823;ICICI Prudential Smallcap Fund - Growth;INF109K01BI0;;83.97;;;13-Jan-2026
106822;ICICI Prudential Smallcap Fund - IDCW;INF109K01FA8;INF109K01BJ8;31.17;;;13-Jan-2026

Invesco Mutual Fund
145137;Invesco India Smallcap Fund - Direct Plan - Growth;INF205K013T3;;45.42;;;13-Jan-2026
145138;Invesco India Smallcap Fund - Direct Plan - IDCW (Payout / Reinvestment);INF205K012T5;INF205K015T8;37;;;13-Jan-2026
145139;Invesco India Smallcap Fund - Regular Plan - Growth;INF205K011T7;;40.73;;;13-Jan-2026
145140;Invesco India Smallcap Fund - Regular Plan - IDCW (Payout / Reinvestment);INF205K010T9;INF205K014T1;32.41;;;13-Jan-2026

ITI Mutual Fund
147919;ITI Small Cap Fund - Direct Plan - Growth Option;INF00XX01747;;30.4697;;;13-Jan-2026
147917;ITI Small Cap Fund - Direct Plan - IDCW Option;INF00XX01754;INF00XX01762;29.4809;;;13-Jan-2026
147920;ITI Small Cap Fund - Regular Plan - Growth Option;INF00XX01713;;27.2421;;;13-Jan-2026
147918;ITI Small Cap Fund - Regular Plan - IDCW Option;INF00XX01721;INF00XX01739;26.2814;;;13-Jan-2026

JM Financial Mutual Fund
152614;JM Small Cap Fund (Direct) - Growth Option;INF192K01NH3;;9.6123;;;13-Jan-2026
152615;JM Small Cap Fund (Direct) - IDCW Option;INF192K01NI1;INF192K01NJ9;9.6125;;;13-Jan-2026
152612;JM Small Cap Fund (Regular) - Growth Option;INF192K01NE0;;9.3585;;;13-Jan-2026
152613;JM Small Cap Fund (Regular) - IDCW Option;INF192K01NF7;INF192K01NG5;9.3585;;;13-Jan-2026

Kotak Mahindra Mutual Fund
102875;Kotak-Small Cap Fund - Growth;INF174K01211;;242.275;;;13-Jan-2026
120164;Kotak-Small Cap Fund - Growth - Direct;INF174K01KT2;;285.829;;;13-Jan-2026
102874;Kotak-Small Cap Fund - Payout of Income Distribution cum capital withdrawal option;INF174K01237;INF174K01229;105.697;;;13-Jan-2026
120163;Kotak-Small Cap Fund - Payout of Income Distribution cum capital withdrawal option - Direct;INF174K01KU0;INF174K01KV8;125.545;;;13-Jan-2026

LIC Mutual Fund
152004;LIC MF Small Cap Fund-Direct Plan-Growth;INF397L01JS1;;31.9006;;;13-Jan-2026
152005;LIC MF Small Cap Fund-Direct Plan-IDCW;INF397L01JP7;INF397L01JQ5;31.8948;;;13-Jan-2026
152003;LIC MF Small Cap Fund-Regular Plan-Growth;INF397L01JW3;;28.3099;;;13-Jan-2026
152006;LIC MF Small Cap Fund-Regular Plan-IDCW;INF397L01JT9;INF397L01JU7;28.3096;;;13-Jan-2026

Mahindra Manulife Mutual Fund
150915;Mahindra Manulife Small Cap Fund - Direct Plan - Growth;INF174V01BK7;;19.7847;;;13-Jan-2026
150913;Mahindra Manulife Small Cap Fund - Direct Plan - IDCW;INF174V01BL5;INF174V01BM3;19.7847;;;13-Jan-2026
150912;Mahindra Manulife Small Cap Fund - Regular Plan - Growth;INF174V01BH3;;18.8319;;;13-Jan-2026
150914;Mahindra Manulife Small Cap Fund - Regular Plan - IDCW;INF174V01BI1;INF174V01BJ9;18.8319;;;13-Jan-2026

Mirae Asset Mutual Fund
153196;Mirae Asset Small Cap Fund - Direct Plan - Growth;INF769K01NJ4;;11.530;;;13-Jan-2026
153197;Mirae Asset Small Cap Fund - Direct Plan - IDCW;INF769K01NL0;INF769K01NK2;11.529;;;13-Jan-2026
153198;Mirae Asset Small Cap Fund - Regular Plan - Growth;INF769K01NG0;;11.353;;;13-Jan-2026
153199;Mirae Asset Small Cap Fund - Regular Plan - IDCW;INF769K01NI6;INF769K01NH8;11.353;;;13-Jan-2026

Motilal Oswal Mutual Fund
152237;Motilal Oswal Small Cap Fund - Direct - Growth;INF247L01BY3;;13.8122;;;13-Jan-2026
152235;Motilal Oswal Small Cap Fund - Direct IDCW;INF247L01BZ0;INF247L01CA1;13.8122;;;13-Jan-2026
152232;Motilal Oswal Small Cap Fund - Regular - Growth;INF247L01BV9;;13.4273;;;13-Jan-2026
152234;Motilal Oswal Small Cap Fund - Regular - IDCW;INF247L01BW7;INF247L01BX5;13.4276;;;13-Jan-2026

Nippon India Mutual Fund
118775;NIPPON INDIA SMALL CAP FUND - Direct Plan - IDCW Option;INF204K01J91;INF204K01K07;99.7759;;;13-Jan-2026
118777;Nippon India Small Cap Fund - Direct Plan Growth Plan - Bonus Option;INF204K01J83;;181.7104;;;13-Jan-2026
118778;Nippon India Small Cap Fund - Direct Plan Growth Plan - Growth Option;INF204K01K15;;181.7104;;;13-Jan-2026
113178;Nippon India Small Cap Fund - Growth Plan - Bonus Option;INF204K01HZ0;;161.5614;;;13-Jan-2026
113177;Nippon India Small Cap Fund - Growth Plan - Growth Option;INF204K01HY3;;161.5614;;;13-Jan-2026
113179;NIPPON INDIA SMALL CAP FUND - IDCW Option;INF204K01IA1;INF204K01IB9;85.1398;;;13-Jan-2026

PGIM India Mutual Fund
149031;PGIM India Small Cap Fund - Direct Plan - IDCW Option;INF663L01W14;INF663L01W22;14.48;;;13-Jan-2026
149019;PGIM India Small Cap Fund - Direct Plan- Growth Option;INF663L01W06;;16.83;;;13-Jan-2026
149020;PGIM India Small Cap Fund - Regular Plan - Growth Option;INF663L01W30;;15.62;;;13-Jan-2026
149032;PGIM India Small Cap Fund - Regular Plan - IDCW Option;INF663L01W48;INF663L01W55;13.89;;;13-Jan-2026

quant Mutual Fund
100177;quant Small Cap Fund - Growth - Regular Plan;INF966L01AA0;;243.8915;;;13-Jan-2026
120828;quant Small Cap Fund - Growth Option - Direct Plan;INF966L01689;;266.0937;;;13-Jan-2026
120827;quant Small Cap Fund - IDCW Option - Direct Plan;INF966L01663;INF966L01671;208.0041;;;13-Jan-2026
100176;quant Small Cap Fund - IDCW Option - Regular Plan;INF206A01022;INF966L01044;193.9568;;;13-Jan-2026

Quantum Mutual Fund
152107;QUANTUM SMALL CAP FUND - DIRECT PLAN GROWTH OPTION;INF082J01432;;12.87;;;13-Jan-2026
152108;QUANTUM SMALL CAP FUND - REGULAR PLAN GROWTH OPTION;INF082J01440;;12.46;;;13-Jan-2026

Samco Mutual Fund
153868;Samco Small Cap Fund - Direct Plan;INF0K1H01297;;9.75;;;13-Jan-2026
153869;Samco Small Cap Fund - Regular Plan;INF0K1H01305;;9.73;;;13-Jan-2026

SBI Mutual Fund
125497;SBI Small Cap Fund - Direct Plan - Growth;INF200K01T51;;187.6594;;;13-Jan-2026
125496;SBI Small Cap Fund - Direct Plan - Income Distribution cum Capital Withdrawal Option (IDCW);INF200K01T69;INF200K01T77;128.0855;;;13-Jan-2026
125494;SBI Small Cap Fund - Regular Plan - Growth;INF200K01T28;;163.3266;;;13-Jan-2026
125495;SBI Small Cap Fund - Regular Plan - Income Distribution cum Capital Withdrawal Option (IDCW);INF200K01T36;INF200K01T44;96.4907;;;13-Jan-2026

Sundaram Mutual Fund
119589;Sundaram Small Cap Fund Direct Plan - Growth;INF903J01NK9;;286.3902;;;13-Jan-2026
119588;Sundaram Small Cap Fund Direct Plan - Income Distribution cum Capital Withdrawal (IDCW);INF903J01NI3;INF903J01NJ1;37.6348;;;13-Jan-2026
100795;Sundaram Small Cap Fund Regular Plan - Growth;INF903J01470;;257.3351;;;13-Jan-2026
100794;Sundaram Small Cap Fund Regular Plan - Income Distribution cum Capital Withdrawal (IDCW);INF903J01454;INF903J01462;32.8976;;;13-Jan-2026

Tata Mutual Fund
145209;TATA Small Cap Fund Direct Plan - Reinvestment of Income Distribution cum capital withdrawal option ;;INF277K012O9;40.3984;;;13-Jan-2026
145210;TATA Small Cap Fund Regular Plan - Reinvestment of Income Distribution cum capital withdrawal option ;;INF277K016O0;35.7405;;;13-Jan-2026
145206;Tata Small Cap Fund-Direct Plan-Growth;INF277K011O1;;40.3984;;;13-Jan-2026
145208;Tata Small Cap Fund-Regular Plan-Growth;INF277K015O2;;35.7405;;;13-Jan-2026
145207;TATA SmallCap Fund - Direct Plan - Payout of Income Distribution cum capital withdrawal option ;INF277K013O7;;40.3984;;;13-Jan-2026
145205;TATA SmallCap Fund Regular Plan - Payout of Income Distribution cum capital withdrawal option ;INF277K017O8;;35.7405;;;13-Jan-2026

Trust Mutual Fund
152939;TRUSTMF SMALL CAP FUND -DIRECT PLAN-GROWTH;INF0GCD01800;;10.54;;;13-Jan-2026
152937;TRUSTMF SMALL CAP FUND -DIRECT PLAN-IDCW;INF0GCD01826;INF0GCD01818;10.54;;;13-Jan-2026
152938;TRUSTMF SMALL CAP FUND -REGULAR PLAN- IDCW;INF0GCD01792;INF0GCD01784;10.33;;;13-Jan-2026
152940;TRUSTMF SMALL CAP FUND -REGULAR PLAN-GROWTH;INF0GCD01776;;10.33;;;13-Jan-2026

Union Mutual Fund
129649;Union Small Cap Fund - Direct Plan - Growth Option;INF582M01BU9;;52.67;;;13-Jan-2026
129646;Union Small Cap Fund - Direct Plan - IDCW Option;INF582M01BW5;INF582M01BV7;39.43;;;13-Jan-2026
129647;Union Small Cap Fund - Regular Plan - Growth Option;INF582M01BY1;;47.44;;;13-Jan-2026
129648;Union Small Cap Fund - Regular Plan - IDCW Option;INF582M01CA9;INF582M01BZ8;41.20;;;13-Jan-2026

UTI Mutual Fund
148618;UTI Small Cap Fund - Direct Plan - Growth Option;INF789F1AUQ1;;26.7067;;;13-Jan-2026
148619;UTI Small Cap Fund - Direct Plan - IDCW (Payout);INF789F1AUR9;;26.7066;;;13-Jan-2026
148617;UTI Small Cap Fund - Regular Plan - Growth Option;INF789F1AUO6;;24.6892;;;13-Jan-2026
148616;UTI Small Cap Fund - Regular Plan - IDCW (Payout);INF789F1AUP3;;24.689;;;13-Jan-2026

Open Ended Schemes ( Equity Scheme - Dividend Yield Fund )


Aditya Birla Sun Life Mutual Fund
119507;Aditya Birla Sun Life Dividend Yield Fund - Growth - Direct Plan;INF209K01WA1;;506.89;;;13-Jan-2026
101738;Aditya Birla Sun Life Dividend Yield Fund - Growth - Regular Plan;INF209K01405;;459.68;;;13-Jan-2026
119506;Aditya Birla Sun Life Dividend Yield Fund -DIRECT - IDCW;INF209K01Q55;INF209K01WB9;48.39;;;13-Jan-2026
101737;Aditya Birla Sun Life Dividend Yield Fund -REGULAR - IDCW;INF209K01397;INF209K01CP1;26.56;;;13-Jan-2026

Baroda BNP Paribas Mutual Fund
152810;Baroda BNP Paribas Dividend Yield Fund - Direct Plan - Growth Option;INF251K01TV5;;9.9171;;;13-Jan-2026
152809;Baroda BNP Paribas Dividend Yield Fund - Direct Plan - IDCW Option;INF251K01TW3;INF251K01TX1;9.9171;;;13-Jan-2026
152807;Baroda BNP Paribas Dividend Yield Fund - Regular Plan - Growth Option;INF251K01TS1;;9.7012;;;13-Jan-2026
152808;Baroda BNP Paribas Dividend Yield Fund - Regular Plan - IDCW Option;INF251K01TT9;INF251K01TU7;9.7012;;;13-Jan-2026

Franklin Templeton Mutual Fund
118527;Franklin India Dividend Yield Fund - Direct - Growth;INF090I01IT8;;153.5623;;;13-Jan-2026
118526;Franklin India Dividend Yield Fund - Direct - IDCW;INF090I01IR2;INF090I01IS0;28.8141;;;13-Jan-2026
103679;Franklin India Dividend Yield Fund - IDCW;INF090I01932;INF090I01940;25.4089;;;13-Jan-2026
103678;Franklin India Dividend Yield Fund-Growth Plan;INF090I01957;;139.7231;;;13-Jan-2026

HDFC Mutual Fund
148609;HDFC Dividend Yield Fund - Growth Option Direct Plan;INF179KC1AO6;;26.799;;;13-Jan-2026
148610;HDFC Dividend Yield Fund - Growth Plan;INF179KC1AR9;;24.967;;;13-Jan-2026
148608;HDFC Dividend Yield Fund - IDCW Option Direct Plan;INF179KC1AP3;INF179KC1AQ1;23.231;;;13-Jan-2026
148611;HDFC Dividend Yield Fund - IDCW Plan;INF179KC1AS7;INF179KC1AT5;21.416;;;13-Jan-2026

ICICI Prudential Mutual Fund
129312;ICICI Prudential Dividend Yield Equity Fund Direct Plan Growth Option;INF109KA1UA0;;61.03;;;13-Jan-2026
129309;ICICI Prudential Dividend Yield Equity Fund Direct Plan IDCW Option;INF109KA1UB8;INF109KA1UC6;28.01;;;13-Jan-2026
129310;ICICI Prudential Dividend Yield Equity Fund Growth Option;INF109KA1TX4;;54.39;;;13-Jan-2026
129311;ICICI Prudential Dividend Yield Equity Fund IDCW Option;INF109KA1TY2;INF109KA1TZ9;21.65;;;13-Jan-2026

LIC Mutual Fund
152022;LIC MF Dividend Yield Fund-Direct Plan-Growth;INF397L01LC1;;33.0649;;;13-Jan-2026
152021;LIC MF Dividend Yield Fund-Direct Plan-IDCW;INF397L01KZ4;INF397L01LA5;33.05;;;13-Jan-2026
152019;LIC MF Dividend Yield Fund-Regular Plan-Growth;INF397L01KY7;;30.2465;;;13-Jan-2026
152020;LIC MF Dividend Yield Fund-Regular Plan-IDCW;INF397L01KV3;INF397L01KW1;30.246;;;13-Jan-2026

SBI Mutual Fund
151478;SBI Dividend Yield Fund - Direct Plan - Growth;INF200KA14W3;;16.0637;;;13-Jan-2026
151475;SBI Dividend Yield Fund - Direct Plan - Income Distribution cum Capital Withdrawal (IDCW) Option;INF200KA15W0;INF200KA16W8;16.0652;;;13-Jan-2026
151476;SBI Dividend Yield Fund - Regular Plan - Growth;INF200KA11W9;;15.6012;;;13-Jan-2026
151477;SBI Dividend Yield Fund - Regular Plan - Income Distribution cum Capital Withdrawal (IDCW) Option;INF200KA12W7;INF200KA13W5;15.6010;;;13-Jan-2026

Sundaram Mutual Fund
149700;Sundaram Dividend Yield Fund (Formerly Known as Principal Dividend Yield Fund) - Direct Plan - Growth Option;INF173K01EV3;;152.0025;;;13-Jan-2026
149699;Sundaram Dividend Yield Fund (Formerly Known as Principal Dividend Yield Fund)- Direct Plan - Income Distribution CUM Capital Withdrawal Option;INF173K01ES9;INF173K01ET7;67.8007;;;13-Jan-2026
149698;Sundaram Dividend Yield Fund (Formerly Known as Principal Dividend Yield Fund)- Income Distribution CUM Capital Withdrawal Plan;INF173K01AD9;INF173K01AE7;40.2628;;;13-Jan-2026
149697;Sundaram Dividend Yield Fund (Formerly Known as Principal Dividend Yield Fund)-Growth Plan;INF173K01AC1;;138.4578;;;13-Jan-2026

Tata Mutual Fund
148947;Tata Dividend Yield Fund-Direct Plan-Growth;INF277K015Z8;;20.1694;;;13-Jan-2026
148952;Tata Dividend Yield Fund-Direct Plan-IDCW Payout;INF277K017Z4;;20.1694;;;13-Jan-2026
148951;Tata Dividend Yield Fund-Direct Plan-IDCW Reinvestment;;INF277K016Z6;20.1694;;;13-Jan-2026
148948;Tata Dividend Yield Fund-Regular Plan-Growth;INF277K018Z2;;18.5904;;;13-Jan-2026
148950;Tata Dividend Yield Fund-Regular Plan-IDCW Payout;INF277KA1018;;18.5904;;;13-Jan-2026
148949;Tata Dividend Yield Fund-Regular Plan-IDCW Reinvestment;;INF277K019Z0;18.5904;;;13-Jan-2026

UTI Mutual Fund
120750;UTI Dividend Yield Fund - Direct Plan - IDCW;INF789F01SU8;INF789F01SV6;41.1503;;;13-Jan-2026
103025;UTI Dividend Yield Fund - Regular Plan - IDCW;INF789F01448;INF789F01455;34.0973;;;13-Jan-2026
103026;UTI-Dividend Yield Fund.-Growth;INF789F01463;;181.1625;;;13-Jan-2026
120749;UTI-Dividend Yield Fund.-Growth-Direct;INF789F01SW4;;196.0511;;;13-Jan-2026

Open Ended Schemes ( Equity Scheme - Value Fund )


Aditya Birla Sun Life Mutual Fund
119658;Aditya Birla Sun Life Value Fund - Direct - IDCW;INF209K01WP9;INF209K01WR5;77.0382;;;13-Jan-2026
119659;Aditya Birla Sun Life Value Fund - Growth - Direct Plan;INF209K01WQ7;;144.3541;;;13-Jan-2026
108167;Aditya Birla Sun Life Value Fund - Growth Option;INF209K01LF3;;127.6864;;;13-Jan-2026
108166;Aditya Birla Sun Life Value Fund - Regular - IDCW;INF209K01LE6;INF209K01LG1;42.0351;;;13-Jan-2026

Axis Mutual Fund
149166;Axis Value Fund - Direct Plan - Growth;INF846K010C0;;20.20;;;13-Jan-2026
149168;Axis Value Fund - Direct Plan - IDCW;INF846K011C8;INF846K012C6;18.54;;;13-Jan-2026
149167;Axis Value Fund - Regular Plan - Growth;INF846K013C4;;19.02;;;13-Jan-2026
149165;Axis Value Fund - Regular Plan - IDCW;INF846K014C2;INF846K015C9;17.46;;;13-Jan-2026

Bandhan Mutual Fund
118481;Bandhan Value Fund - Direct Plan - Growth;INF194K01Z85;;169.837;;;13-Jan-2026
118480;Bandhan Value Fund - Direct Plan - IDCW;INF194K01Z93;INF194K010A2;52.357;;;13-Jan-2026
108909;Bandhan Value Fund - Regular Plan - Growth;INF194K01342;;149.001;;;13-Jan-2026
108908;Bandhan Value Fund - Regular Plan - IDCW;INF194K01359;INF194K01367;39.751;;;13-Jan-2026

Baroda BNP Paribas Mutual Fund
151755;Baroda BNP Paribas Value Fund - Direct Plan - Growth option;INF251K01SD5;;14.5229;;;13-Jan-2026
151756;Baroda BNP Paribas Value Fund - Direct Plan - IDCW option;INF251K01SE3;INF251K01SF0;13.2423;;;13-Jan-2026
151747;Baroda BNP Paribas Value Fund - Regular Plan - Growth option;INF251K01SA1;;14.0283;;;13-Jan-2026
151754;Baroda BNP Paribas Value Fund - Regular Plan - IDCW option;INF251K01SB9;INF251K01SC7;12.7905;;;13-Jan-2026

Canara Robeco Mutual Fund
149085;Canara Robeco Value Fund - Direct Plan - Growth Option;INF760K01JW4;;19.6200;;;13-Jan-2026
149086;Canara Robeco Value Fund - Direct Plan - IDCW (Payout/Reinvestment);INF760K01JY0;INF760K01JX2;18.4500;;;13-Jan-2026
149088;Canara Robeco Value Fund - Regular Plan - Growth Option;INF760K01JZ7;;18.3200;;;13-Jan-2026
149087;Canara Robeco Value Fund - Regular Plan - IDCW (Payout/Reinvestment);INF760K01KB6;INF760K01KA8;17.2300;;;13-Jan-2026

Franklin Templeton Mutual Fund
118494;Templeton India Value Fund - Direct - Growth;INF090I01GY2;;815.6979;;;13-Jan-2026
118493;Templeton India Value Fund - Direct - IDCW ;INF090I01GW6;INF090I01GX4;110.6426;;;13-Jan-2026
100496;Templeton India Value Fund - Growth Plan;INF090I01296;;727.1844;;;13-Jan-2026
100497;Templeton India Value Fund - IDCW ;INF090I01270;INF090I01288;95.7500;;;13-Jan-2026

Groww Mutual Fund
135341;Groww Value Fund (formerly known as Indiabulls Value Fund) - Direct Plan - Growth Option;INF666M01BE4;;32.7872;;;13-Jan-2026
135343;Groww Value Fund (formerly known as Indiabulls Value Fund) - Regular Plan - Growth Option;INF666M01BH7;;27.3165;;;13-Jan-2026
135342;Groww Value Fund (formerly known as Indiabulls Value Fund)- Direct Plan- - Income Distribution cum capital withdrawal Option (Payout & Reinvestment);INF666M01BF1;INF666M01BG9;32.6663;;;13-Jan-2026
140819;Groww Value Fund (formerly known as Indiabulls Value Fund)- Direct Plan- Half Yearly - Income Distribution cum capital withdrawal Option (Payout & Reinvestment);INF666M01DC4;INF666M01DD2;26.2525;;;13-Jan-2026
140815;Groww Value Fund (formerly known as Indiabulls Value Fund)- Direct Plan- Monthly - Income Distribution cum capital withdrawal Option (Payout & Reinvestment);INF666M01CY0;INF666M01CZ7;24.0463;;;13-Jan-2026
140817;Groww Value Fund (formerly known as Indiabulls Value Fund)- Direct Plan- Quarterly - Income Distribution cum capital withdrawal Option (Payout & Reinvestment);INF666M01DA8;INF666M01DB6;26.2318;;;13-Jan-2026
135344;Groww Value Fund (formerly known as Indiabulls Value Fund)- Regular Plan - Income Distribution cum capital withdrawal Option (Payout & Reinvestment);INF666M01BI5;INF666M01BJ3;27.3075;;;13-Jan-2026
140820;Groww Value Fund (formerly known as Indiabulls Value Fund)- Regular Plan- Half Yearly -Income Distribution cum capital withdrawal Option (Payout & Reinvestment);INF666M01DI1;INF666M01DJ9;22.3756;;;13-Jan-2026
140816;Groww Value Fund (formerly known as Indiabulls Value Fund)- Regular Plan- Monthly - Income Distribution cum capital withdrawal Option (Payout & Reinvestment.;INF666M01DE0;INF666M01DF7;21.1988;;;13-Jan-2026
140818;Groww Value Fund (formerly known as Indiabulls Value Fund)- Regular Plan- Quarterly - Income Distribution cum capital withdrawal Option (Payout & Reinvestment);INF666M01DG5;INF666M01DH3;20.6591;;;13-Jan-2026

HDFC Mutual Fund
118935;HDFC Value Fund - Growth Option - Direct Plan;INF179K01VC4;;854.997;;;13-Jan-2026
101764;HDFC Value Fund - Growth Plan;INF179K01426;;762.371;;;13-Jan-2026
118934;HDFC Value Fund - IDCW Option - Direct Plan;INF179K01VA8;INF179K01VB6;44.229;;;13-Jan-2026
101765;HDFC Value Fund - IDCW Plan;INF179K01400;INF179K01418;35.501;;;13-Jan-2026

HSBC Mutual Fund
151113;HSBC Value Fund - Direct Growth;INF917K01HD4;;126.3911;;;13-Jan-2026
151112;HSBC Value Fund - Direct IDCW;INF917K01HC6;INF917K01HB8;68.0451;;;13-Jan-2026
151110;HSBC Value Fund - Regular Growth;INF677K01023;;112.7021;;;13-Jan-2026
151111;HSBC Value Fund - Regular IDCW;INF677K01213;INF677K01015;53.5915;;;13-Jan-2026

ICICI Prudential Mutual Fund
120323;ICICI Prudential Value Fund (erstwhile Value Discovery Fund) - Direct Plan - Growth;INF109K012K1;;541.62;;;13-Jan-2026
120322;ICICI Prudential Value Fund (erstwhile Value Discovery Fund) - Direct Plan - IDCW;INF109K011K3;INF109K010K5;126.61;;;13-Jan-2026
102594;ICICI Prudential Value Fund (erstwhile Value Discovery Fund) - Growth;INF109K01AF8;;491.65;;;13-Jan-2026
102595;ICICI Prudential Value Fund (erstwhile Value Discovery Fund) - IDCW;INF109K01EC7;INF109K01AD3;41.52;;;13-Jan-2026

ITI Mutual Fund
148972;ITI Value Fund - Direct Plan - Growth Option;INF00XX01AQ6;;18.5703;;;13-Jan-2026
148970;ITI Value Fund - Direct Plan - IDCW Option;INF00XX01AR4;INF00XX01AS2;18.5703;;;13-Jan-2026
148973;ITI Value Fund - Regular Plan - Growth Option;INF00XX01AN3;;16.9421;;;13-Jan-2026
148971;ITI Value Fund - Regular Plan - IDCW Option;INF00XX01AO1;INF00XX01AP8;16.9421;;;13-Jan-2026

JM Financial Mutual Fund
120486;JM Value Fund (Direct) - Growth Option;INF192K01BT3;;105.2779;;;13-Jan-2026
120485;JM Value Fund (Direct) - IDCW;INF192K01BR7;INF192K01BS5;71.73;;;13-Jan-2026
100254;JM Value Fund (Regular) - Growth Option;INF137A01037;;93.1865;;;13-Jan-2026
106168;JM Value Fund (Regular) - IDCW;INF137A01011;INF137A01029;65.071;;;13-Jan-2026

LIC Mutual Fund
152018;LIC MF Value Fund-Direct Plan-Growth;INF397L01KU5;;25.9353;;;13-Jan-2026
152015;LIC MF Value Fund-Direct Plan-IDCW;INF397L01KR1;;25.9124;;;13-Jan-2026
152016;LIC MF Value Fund-Regular Plan-Growth;INF397L01KQ3;;23.9699;;;13-Jan-2026
152017;LIC MF Value Fund-Regular Plan-IDCW;INF397L01KN0;;23.97;;;13-Jan-2026

Mahindra Manulife Mutual Fund
153303;Mahindra Manulife Value Fund - Direct Plan - Growth;INF174V01CI9;;12.0774;;;13-Jan-2026
153305;Mahindra Manulife Value Fund - Direct Plan - IDCW;INF174V01CJ7;INF174V01CK5;12.0774;;;13-Jan-2026
153304;Mahindra Manulife Value Fund - Regular Plan - Growth;INF174V01CF5;;11.8898;;;13-Jan-2026
153302;Mahindra Manulife Value Fund - Regular Plan - IDCW;INF174V01CH1;INF174V01CG3;11.8898;;;13-Jan-2026

Nippon India Mutual Fund
118782;NIPPON INDIA VALUE FUND - DIRECT Plan - IDCW Option;INF204K01K23;INF204K01K31;71.6721;;;13-Jan-2026
118784;Nippon India Value Fund - Direct Plan Growth Plan;INF204K01K49;;252.4762;;;13-Jan-2026
103086;NIPPON INDIA VALUE FUND - IDCW Option;INF204K01GC1;INF204K01GD9;45.9070;;;13-Jan-2026
103085;Nippon India Value Fund- Growth Plan;INF204K01GB3;;229.7761;;;13-Jan-2026

quant Mutual Fund
149335;Quant Value Fund - Growth Option  - Direct Plan;INF966L01AN3;;20.837;;;13-Jan-2026
149337;Quant Value Fund - Growth Option - Regular Plan;INF966L01AQ6;;19.4676;;;13-Jan-2026
149338;Quant Value Fund - IDCW Option - Direct Plan;INF966L01AO1;INF966L01AP8;19.7978;;;13-Jan-2026
149336;Quant Value Fund - IDCW Option- Regular Plan;INF966L01AR4;INF966L01AS2;19.5742;;;13-Jan-2026

Quantum Mutual Fund
103490;Quantum Value Fund - Direct Plan Growth Option;INF082J01036;;133.18;;;13-Jan-2026
103491;Quantum Value Fund - Direct Plan IDCW;INF082J01044;INF082J01051;133.46;;;13-Jan-2026
141068;Quantum Value Fund - Regular Plan Growth Option;INF082J01242;;126.92;;;13-Jan-2026
141069;Quantum Value Fund - Regular Plan IDCW;INF082J01259;INF082J01267;126.78;;;13-Jan-2026

Sundaram Mutual Fund
119549;Sundaram Value Fund Direct Plan - Growth;INF903J01NN3;;237.2094;;;13-Jan-2026
119548;Sundaram Value Fund Direct Plan - Income Distribution cum Capital Withdrawal (IDCW);INF903J01NL7;INF903J01NM5;20.9345;;;13-Jan-2026
101853;Sundaram Value Fund Regular Plan - Growth;INF903J01538;;223.3572;;;13-Jan-2026
100614;Sundaram Value Fund Regular Plan - Income Distribution cum Capital Withdrawal (IDCW);INF903J01512;INF903J01520;17.1849;;;13-Jan-2026

Tata Mutual Fund
112218;Tata Value Fund - Regular Plan - Payout of IDCW-Option A(5%);INF277K01DI1;INF277K01436;133.6253;;;13-Jan-2026
101672;Tata Value Fund - Regular Plan -Growth Option;INF277K01451;;359.2276;;;13-Jan-2026
119231;Tata Value Fund -Direct Plan Growth Option;INF277K01ND1;;406.4798;;;13-Jan-2026
102428;Tata Value Fund Regular Plan - Payout of IDCW-Option B(10%);INF277K01DJ9;INF277K01444;120.2428;;;13-Jan-2026
119233;Tata Value Fund- Direct Plan - Payout of IDCW -Option B(10%);INF277K01NB5;INF277K01NC3;138.1386;;;13-Jan-2026
119232;Tata Value Fund- Direct Plan -Payout of IDCW-Option A(5%);INF277K01MZ6;INF277K01NA7;149.3583;;;13-Jan-2026

Union Mutual Fund
145473;Union Value Fund - Direct Plan - Growth Option;INF582M01EK4;;30.47;;;13-Jan-2026
145474;Union Value Fund - Direct Plan - IDCW Option;INF582M01EM0;INF582M01EL2;30.47;;;13-Jan-2026
145471;Union Value Fund - Regular Plan - Growth Option;INF582M01EO6;;28.54;;;13-Jan-2026
145472;Union Value Fund - Regular Plan - IDCW Option;INF582M01EQ1;INF582M01EP3;28.54;;;13-Jan-2026

UTI Mutual Fund
120751;UTI Value Fund - Direct Plan - Growth Option;INF789F01VB2;;189.4664;;;13-Jan-2026
120752;UTI Value Fund - Direct Plan - IDCW;INF789F01UZ3;INF789F01VA4;61.7918;;;13-Jan-2026
103098;UTI Value Fund - Regular Plan - Growth Option;INF789F01AG5;;172.5499;;;13-Jan-2026
103097;UTI Value Fund - Regular Plan - IDCW;INF789F01AE0;INF789F01AF7;50.2856;;;13-Jan-2026

Open Ended Schemes ( Equity Scheme - Contra Fund )


Invesco Mutual Fund
120348;Invesco India Contra Fund - Direct Plan - Growth;INF205K01LE4;;160.76;;;13-Jan-2026
120349;Invesco India Contra Fund - Direct Plan - IDCW (Payout / Reinvestment);INF205K01LC8;INF205K01LD6;74.92;;;13-Jan-2026
105460;Invesco India Contra Fund - Regular Plan - Growth;INF205K01189;;136.43;;;13-Jan-2026
105459;Invesco India Contra Fund - Regular Plan - IDCW (Payout / Reinvestment);INF205K01205;INF205K01197;55.69;;;13-Jan-2026

Kotak Mahindra Mutual Fund
119769;Kotak Contra Fund - Direct Plan - Growth;INF174K01KZ9;;183.434;;;13-Jan-2026
119768;Kotak Contra Fund - Direct Plan - IDCW -Payout & Re-investment of Income Distribution cum capital withdrawal option- Direct;INF174K01LA0;INF174K01LB8;65.275;;;13-Jan-2026
103040;Kotak Contra Fund - Regular Plan - Growth;INF174K01245;;154.573;;;13-Jan-2026
103039;Kotak Contra Fund - Regular Plan - IDCW - Payout & Re-investment of Income Distribution cum capital withdrawal option;INF174K01260;INF174K01252;53.281;;;13-Jan-2026

SBI Mutual Fund
119835;SBI CONTRA FUND - DIRECT PLAN - GROWTH;INF200K01RA0;;429.3588;;;13-Jan-2026
119724;SBI Contra Fund - Direct Plan - Income Distribution cum Capital Withdrawal Option (IDCW);INF200K01QY2;INF200K01QZ9;90.6134;;;13-Jan-2026
100915;SBI Contra Fund - Regular Plan - Income Distribution cum Capital Withdrawal Option (IDCW);INF200K01347;INF200K01354;67.9070;;;13-Jan-2026
102414;SBI CONTRA FUND - REGULAR PLAN -GROWTH;INF200K01362;;391.6086;;;13-Jan-2026

Open Ended Schemes ( Equity Scheme - Focused Fund )


360 ONE Mutual Fund
131581;360 ONE Focused Fund - Direct Plan - Dividend;INF579M01910;INF579M01928;52.3756;;;13-Jan-2026
131579;360 ONE Focused Fund - Regular Plan - Dividend;INF579M01886;INF579M01894;41.0987;;;13-Jan-2026
131578;360 ONE Focused Fund -Regular Plan - Growth;INF579M01878;;46.4498;;;13-Jan-2026
131580;360 ONE Focused Fund-Direct Plan-Growth;INF579M01902;;52.9153;;;13-Jan-2026

Aditya Birla Sun Life Mutual Fund
119564;Aditya Birla Sun Life Focused Fund - Growth - Direct Plan;INF209K01WE3;;167.9924;;;13-Jan-2026
119563;Aditya Birla Sun Life Focused Fund -Direct - IDCW;INF209K01Q71;INF209K01WF0;59.975;;;13-Jan-2026
103309;Aditya Birla Sun Life Focused Fund -Growth Option;INF209K01462;;148.4504;;;13-Jan-2026
103308;Aditya Birla Sun Life Focused Fund -Regular - IDCW;INF209K01454;INF209K01CS5;25.3457;;;13-Jan-2026

Axis Mutual Fund
120468;Axis Focused Fund - Direct Plan - Growth Option;INF846K01CQ8;;62.41;;;13-Jan-2026
120467;Axis Focused Fund - Direct Plan - IDCW;INF846K01CO3;INF846K01CP0;34.67;;;13-Jan-2026
117560;Axis Focused Fund - Regular Plan - Growth Option;INF846K01CH7;;53.84;;;13-Jan-2026
117559;Axis Focused Fund - Regular Plan - IDCW;INF846K01CI5;INF846K01CJ3;19.38;;;13-Jan-2026

Bandhan Mutual Fund
118421;Bandhan Focused Fund - Direct Plan - Growth;INF194K01W21;;102.589;;;13-Jan-2026
118422;Bandhan Focused Fund - Direct Plan - IDCW;INF194K01W39;INF194K01W47;35.037;;;13-Jan-2026
108592;Bandhan Focused Fund - Regular Plan - Growth;INF194K01466;;86.580;;;13-Jan-2026
108593;Bandhan Focused Fund - Regular Plan - IDCW;INF194K01474;INF194K01482;19.766;;;13-Jan-2026

Baroda BNP Paribas Mutual Fund
150264;BARODA BNP PARIBAS Focused Fund - Direct Plan - Growth Option;INF251K01PN0;;24.9665;;;13-Jan-2026
150265;BARODA BNP PARIBAS Focused Fund - Direct Plan - IDCW Option;INF251K01PO8;INF251K01PP5;17.9517;;;13-Jan-2026
150262;BARODA BNP PARIBAS Focused Fund - Regular Plan - IDCW Option;INF251K01PL4;INF251K01PM2;15.7453;;;13-Jan-2026
150263;BARODA BNP PARIBAS Focused Fund - Regular Plan-Growth Option;INF251K01PK6;;21.8538;;;13-Jan-2026

Canara Robeco Mutual Fund
148883;Canara Robeco Focused Fund - Direct Plan - Growth Option;INF760K01JQ6;;21.7200;;;13-Jan-2026
148882;Canara Robeco Focused Fund - Direct Plan - IDCW (Payout/Reinvestment);INF760K01JS2;INF760K01JR4;19.4200;;;13-Jan-2026
148884;Canara Robeco Focused Fund - Regular Plan - Growth Option;INF760K01JT0;;20.2000;;;13-Jan-2026
148885;Canara Robeco Focused Fund - Regular Plan - IDCW (Payout/Reinvestment);INF760K01JV6;INF760K01JU8;17.9900;;;13-Jan-2026

DSP Mutual Fund
119096;DSP Focused Fund - Direct Plan - Growth;INF740K01OB0;;62.628;;;13-Jan-2026
119095;DSP Focused Fund - Direct Plan - IDCW;INF740K01OC8;INF740K01OD6;44.021;;;13-Jan-2026
112901;DSP Focused Fund - Regular Plan - Growth;INF740K01532;;55.789;;;13-Jan-2026
113032;DSP Focused Fund - Regular Plan - IDCW;INF740K01540;INF740K01AC7;22.405;;;13-Jan-2026

Edelweiss Mutual Fund
150376;Edelweiss Focused Fund - Direct Plan - Growth;INF754K01OP1;;17.725;;;13-Jan-2026
150383;Edelweiss Focused Fund - Direct Plan - IDCW;INF754K01OQ9;INF754K01OR7;17.725;;;13-Jan-2026
150382;Edelweiss Focused Fund - Regular Plan - Growth;INF754K01OL0;;16.752;;;13-Jan-2026
150384;Edelweiss Focused Fund - Regular Plan - IDCW;INF754K01OM8;INF754K01ON6;16.751;;;13-Jan-2026

Franklin Templeton Mutual Fund
118564;Franklin India Focused Equity Fund - Direct - Growth;INF090I01IW2;;123.6019;;;13-Jan-2026
118563;Franklin India Focused Equity Fund - Direct - IDCW ;INF090I01IU6;INF090I01IV4;43.0905;;;13-Jan-2026
105817;Franklin India Focused Equity Fund - Growth Plan;INF090I01981;;109.3004;;;13-Jan-2026
105816;Franklin India Focused Equity Fund - IDCW ;INF090I01965;INF090I01973;36.3036;;;13-Jan-2026

HDFC Mutual Fund
118950;HDFC Focused Fund - Growth Option - Direct Plan;INF179K01VK7;;271.924;;;13-Jan-2026
102760;HDFC Focused Fund - GROWTH PLAN;INF179K01574;;238.634;;;13-Jan-2026
118949;HDFC Focused Fund - IDCW Option - Direct Plan;INF179K01VI1;INF179K01VJ9;34.571;;;13-Jan-2026
102761;HDFC Focused Fund - IDCW PLAN;INF179K01558;INF179K01566;26.495;;;13-Jan-2026

HSBC Mutual Fund
148411;HSBC Focused Fund - Direct Growth;INF336L01PB2;;27.7235;;;13-Jan-2026
148412;HSBC Focused Fund - Direct IDCW;INF336L01PC0;INF336L01PD8;22.5207;;;13-Jan-2026
148409;HSBC Focused Fund - Regular Growth;INF336L01PE6;;25.7001;;;13-Jan-2026
148410;HSBC Focused Fund - Regular IDCW;INF336L01PF3;INF336L01PG1;18.1709;;;13-Jan-2026

ICICI Prudential Mutual Fund
120722;ICICI Prudential Focused Equity Fund - Direct Plan - Growth;INF109K018N2;;111.93;;;13-Jan-2026
120723;ICICI Prudential Focused Equity Fund - Direct Plan - IDCW;INF109K016N6;INF109K017N4;65.16;;;13-Jan-2026
111957;ICICI Prudential Focused Equity Fund - Growth;INF109K01BZ4;;97.13;;;13-Jan-2026
111958;ICICI Prudential Focused Equity Fund - IDCW;INF109K01FM3;INF109K01CA5;28.62;;;13-Jan-2026

Invesco Mutual Fund
148481;Invesco India Focused Fund - Direct Plan - Growth;INF205KA1213;;28.49;;;13-Jan-2026
148482;Invesco India Focused Fund - Direct Plan - IDCW (Payout / Reinvestment);INF205KA1205;INF205KA1221;23.19;;;13-Jan-2026
148483;Invesco India Focused Fund - Regular Plan - Growth;INF205KA1189;;26.32;;;13-Jan-2026
148484;Invesco India Focused Fund - Regular Plan - IDCW (Payout / Reinvestment);INF205KA1171;INF205KA1197;21.19;;;13-Jan-2026

ITI Mutual Fund
151777;ITI Focused Fund - Direct Plan - Growth;INF00XX01CS8;;16.4553;;;13-Jan-2026
151776;ITI Focused Fund - Direct Plan - IDCW;INF00XX01CT6;INF00XX01CU4;16.4553;;;13-Jan-2026
151778;ITI Focused Fund - Regular Plan - Growth;INF00XX01CV2;;15.6836;;;13-Jan-2026
151775;ITI Focused Fund - Regular Plan - IDCW;INF00XX01CW0;INF00XX01CR0;15.6836;;;13-Jan-2026

JM Financial Mutual Fund
120488;JM Focused Fund (Direct)  - Growth Option;INF192K01BW7;;23.288;;;13-Jan-2026
120487;JM Focused Fund (Direct) -  IDCW;INF192K01BU1;INF192K01BV9;22.8229;;;13-Jan-2026
107410;JM Focused Fund (Regular) - Growth Option;INF192K01577;;19.7956;;;13-Jan-2026
107409;JM Focused Fund (Regular) - IDCW;INF192K01551;INF192K01569;19.7948;;;13-Jan-2026

Kotak Mahindra Mutual Fund
147473;Kotak Focused Fund- Direct Plan- Growth option;INF174KA1EN7;;29.688;;;13-Jan-2026
147477;Kotak Focused Fund- Regular plan _ Growth Option;INF174KA1EK3;;26.837;;;13-Jan-2026
147472;Kotak Focused Fund- Regular Plan-Income Distribution cum capital withdrawal option;INF174KA1EM9;INF174KA1EL1;26.837;;;13-Jan-2026
147475;Kotak Focused Fund-Direct Plan- Income Distribution cum capital withdrawal option;INF174KA1EP2;INF174KA1EO5;29.69;;;13-Jan-2026

LIC Mutual Fund
152010;LIC MF Focused Fund-Direct Plan-Growth;INF397L01KA7;;23.1899;;;13-Jan-2026
152008;LIC MF Focused Fund-Direct Plan-IDCW;INF397L01JX1;INF397L01JY9;23.1654;;;13-Jan-2026
152009;LIC MF Focused Fund-Regular Plan-Growth;INF397L01KE9;;21.0142;;;13-Jan-2026
152007;LIC MF Focused Fund-Regular Plan-IDCW;INF397L01KB5;INF397L01KC3;21.014;;;13-Jan-2026

Mahindra Manulife Mutual Fund
148569;Mahindra Manulife Focused Fund - Direct Plan - IDCW;INF174V01AI3;INF174V01AH5;21.6848;;;13-Jan-2026
148567;Mahindra Manulife Focused Fund - Direct Plan -Growth;INF174V01AG7;;29.5952;;;13-Jan-2026
148571;Mahindra Manulife Focused Fund - Regular Plan - Growth;INF174V01AD4;;26.8890;;;13-Jan-2026
148566;Mahindra Manulife Focused Fund - Regular Plan - IDCW;INF174V01AF9;INF174V01AE2;19.4001;;;13-Jan-2026

Mirae Asset Mutual Fund
147205;Mirae Asset Focused Fund Direct IDCW;INF769K01ET2;INF769K01EW6;25.550;;;13-Jan-2026
147206;Mirae Asset Focused Fund Direct Plan Growth;INF769K01EU0;;27.777;;;13-Jan-2026
147204;Mirae Asset Focused Fund Regular IDCW;INF769K01ER6;INF769K01EV8;23.336;;;13-Jan-2026
147203;Mirae Asset Focused Fund Regular Plan Growth;INF769K01ES4;;25.385;;;13-Jan-2026

Motilal Oswal Mutual Fund
122389;Motilal Oswal Focused Fund - Direct Plan Growth Option;INF247L01189;;51.1147;;;13-Jan-2026
122387;Motilal Oswal Focused Fund - Regular Plan Growth Option;INF247L01155;;43.4874;;;13-Jan-2026
122390;Motilal Oswal Focused Fund Direct - IDCW Payout/Reinvestment;INF247L01205;INF247L01197;22.5744;;;13-Jan-2026
122388;Motilal Oswal Focused Fund Regular - IDCW Payout/Reinvestment;INF247L01171;INF247L01163;19.2891;;;13-Jan-2026

Nippon India Mutual Fund
118693;NIPPON INDIA FOCUSED  FUND - DIRECT Plan - IDCW Option;INF204K01F79;INF204K01F87;48.8125;;;13-Jan-2026
104638;NIPPON INDIA FOCUSED  FUND - IDCW OPTION;INF204K01GF4;INF204K01GG2;35.4544;;;13-Jan-2026
118692;Nippon India Focused Fund - Direct Plan Growth Plan - Growth Option;INF204K01F95;;135.8365;;;13-Jan-2026
104637;Nippon India Focused Fund -Growth Plan -Growth Option;INF204K01GE7;;123.0351;;;13-Jan-2026

Old Bridge Mutual Fund
152358;Old Bridge Focused Fund - Direct Growth;INF0S5R01042;;12.64;;;13-Jan-2026
152359;Old Bridge Focused Fund - Direct IDCW;INF0S5R01059;INF0S5R01067;12.64;;;13-Jan-2026
152361;Old Bridge Focused Fund - Regular Growth;INF0S5R01034;;12.38;;;13-Jan-2026
152363;Old Bridge Focused Fund - Regular IDCW;INF0S5R01018;INF0S5R01026;12.38;;;13-Jan-2026

quant Mutual Fund
109275;quant Focused Fund - Growth Option - Regular Plan;INF966L01374;;84.6295;;;13-Jan-2026
120834;quant Focused Fund - Growth Option-Direct Plan;INF966L01853;;94.5554;;;13-Jan-2026
120835;quant Focused Fund - IDCW Option - Direct Plan;INF966L01838;INF966L01846;55.2748;;;13-Jan-2026
109274;quant Focused Fund - IDCW Option - Regular Plan;INF966L01358;INF966L01366;62.9258;;;13-Jan-2026

SBI Mutual Fund
119834;SBI Focused Fund - Direct Plan - Income Distribution cum Capital Withdrawal Option (IDCW);INF200K01RH5;INF200K01RI3;104.0625;;;13-Jan-2026
119727;SBI FOCUSED FUND - DIRECT PLAN -GROWTH;INF200K01RJ1;;427.0277;;;13-Jan-2026
102765;SBI Focused Fund - Regular Plan - Income Distribution cum Capital Withdrawal Option (IDCW);INF200K01388;INF200K01396;69.3042;;;13-Jan-2026
102756;SBI FOCUSED FUND - REGULAR PLAN -GROWTH;INF200K01370;;378.9004;;;13-Jan-2026

Sundaram Mutual Fund
149533;Sundaram Focused Fund (Formerly Known as Principal Focused Multicap Fund)- Direct Plan - Growth Option;INF173K01EK6;;178.9926;;;13-Jan-2026
149534;Sundaram Focused Fund (Formerly Known as Principal Focused Multicap Fund)- Direct Plan - Income Distribution CUM Capital Withdrawal Option (IDCW);INF173K01EM2;INF173K01EL4;45.5150;;;13-Jan-2026
149531;Sundaram Focused Fund (Formerly Known as Principal Focused Multicap Fund)- Income Distribution CUM Capital Withdrawal Option (IDCW);INF173K01197;INF173K01205;41.6574;;;13-Jan-2026
149532;Sundaram Focused Fund (Formerly Known as Principal Focused Multicap Fund)-Growth Option;INF173K01189;;160.8617;;;13-Jan-2026

Tata Mutual Fund
147759;TATA Focused Fund Direct Plan - Payout of Income Distribution cum capital withdrawal option;INF277K019X5;;25.9689;;;13-Jan-2026
147758;TATA Focused Fund Direct Plan - Reinvestment of Income Distribution cum capital withdrawal option;;INF277K018X7;25.9689;;;13-Jan-2026
147761;TATA Focused Fund Regular Plan - Payout of Income Distribution cum capital withdrawal option;INF277K012Y8;;23.4739;;;13-Jan-2026
147756;TATA Focused Fund Regular Plan - Reinvestment of Income Distribution cum capital withdrawal option;;INF277K011Y0;23.4739;;;13-Jan-2026
147757;Tata Focused Fund-Direct Plan-Growth;INF277K017X9;;25.9689;;;13-Jan-2026
147760;Tata Focused Fund-Regular Plan-Growth;INF277K010Y2;;23.4739;;;13-Jan-2026

Union Mutual Fund
147492;Union Focused Fund - Direct Plan - Growth Option;INF582M01FS4;;26.34;;;13-Jan-2026
147491;Union Focused Fund - Direct Plan - IDCW Option;INF582M01FU0;INF582M01FT2;26.34;;;13-Jan-2026
147490;Union Focused Fund - Regular Plan - Growth Option;INF582M01FW6;;24.77;;;13-Jan-2026
147493;Union Focused Fund - Regular Plan - IDCW Option;INF582M01FY2;INF582M01FX4;24.77;;;13-Jan-2026

UTI Mutual Fund
149091;UTI Focused Fund - Direct Plan - Growth Option;INF789F1AVA3;;16.7641;;;13-Jan-2026
149093;UTI Focused Fund - Direct Plan - IDCW Payout Option;INF789F1AVB1;;16.7637;;;13-Jan-2026
149090;UTI Focused Fund - Regular Plan - Growth Option;INF789F1AUY5;;15.6871;;;13-Jan-2026
149092;UTI Focused Fund - Regular Plan - IDCW Payout Option;INF789F1AUZ2;;15.6871;;;13-Jan-2026

Open Ended Schemes ( Equity Scheme - Sectoral/ Thematic )


360 ONE Mutual Fund
149318;360 ONE QUANT FUND DIRECT GROWTH;INF579M01AI2;;20.6610;;;13-Jan-2026
149319;360 ONE QUANT FUND DIRECT INCOME DISTRIBUTION CUM CAPITAL WITHDRAWAL;INF579M01AJ0;INF579M01AK8;20.6610;;;13-Jan-2026
149317;360 ONE QUANT FUND REGULAR GROWTH;INF579M01AF8;;19.6146;;;13-Jan-2026
149316;360 ONE QUANT FUND REGULAR INCOME DISTRIBUTION CUM CAPITAL WITHDRAWAL;INF579M01AG6;INF579M01AH4;19.6146;;;13-Jan-2026

Aditya Birla Sun Life Mutual Fund
125598;Aditya Birla Sun Life Banking and Financial Services Fund - DIRECT - IDCW;INF209K013W3;INF209K015W8;34.03;;;13-Jan-2026
125597;Aditya Birla Sun Life Banking and Financial Services Fund - Direct Plan - Growth;INF209K014W1;;72.44;;;13-Jan-2026
125596;Aditya Birla Sun Life Banking and Financial Services Fund - REGULAR - IDCW;INF209K010W9;INF209K012W5;25.05;;;13-Jan-2026
125595;Aditya Birla Sun Life Banking and Financial Services Fund - Regular Plan - Growth;INF209K011W7;;64.29;;;13-Jan-2026
149295;Aditya Birla Sun Life Business Cycle Fund-Direct Growth;INF209KB14D2;;16.19;;;13-Jan-2026
149297;Aditya Birla Sun Life Business Cycle Fund-Direct IDCW Payout;INF209KB15D9;;14.16;;;13-Jan-2026
149294;Aditya Birla Sun Life Business Cycle Fund-Regular IDCW Payout;INF209KB13D4;;13.43;;;13-Jan-2026
149296;Aditya Birla Sun Life Business Cycle Fund-Regular-Growth;INF209KB12D6;;15.34;;;13-Jan-2026
153124;Aditya Birla Sun Life Conglomerate Fund-Direct Growth;INF209KC1373;;10.69;;;13-Jan-2026
153125;Aditya Birla Sun Life Conglomerate Fund-Direct IDCW Payout;INF209KC1381;;10.69;;;13-Jan-2026
153127;Aditya Birla Sun Life Conglomerate Fund-Regular Growth;INF209KC1399;;10.53;;;13-Jan-2026
153126;Aditya Birla Sun Life Conglomerate Fund-Regular IDCW Payout;INF209KC1407;;10.53;;;13-Jan-2026
119591;Aditya Birla Sun Life Consumption Fund - Growth - Direct Plan;INF209K01WC7;;247.02;;;13-Jan-2026
119590;Aditya Birla Sun Life Consumption Fund -DIRECT - IDCW;INF209K01Q63;;51.08;;;13-Jan-2026
103110;Aditya Birla Sun Life Consumption Fund -Regular - IDCW;INF209K01439;INF209K01CR7;40.07;;;13-Jan-2026
103111;Aditya Birla Sun Life Consumption Fund-Growth Option;INF209K01447;;214.9;;;13-Jan-2026
120539;Aditya Birla Sun Life Digital India Fund - Growth - Direct Plan;INF209K01VF2;;198.95;;;13-Jan-2026
103168;Aditya Birla Sun Life Digital India Fund - Growth - Regular Plan;INF209K01140;;175.9;;;13-Jan-2026
120538;Aditya Birla Sun Life Digital India Fund -DIRECT - IDCW;INF209K01P49;INF209K01VE5;59.65;;;13-Jan-2026
103167;Aditya Birla Sun Life Digital India Fund -Regular - IDCW;INF209K01132;INF209K01CD7;43.64;;;13-Jan-2026
148640;Aditya Birla Sun Life ESG Integration Strategy Fund-Direct - Payout of IDCW;INF209KB1U84;INF209KB1U92;17.3;;;13-Jan-2026
148637;Aditya Birla Sun Life ESG Integration Strategy Fund-Direct Plan-Growth;INF209KB1U76;;19.84;;;13-Jan-2026
148636;Aditya Birla Sun Life ESG Integration Strategy Fund-Regular - Payout of IDCW;INF209KB1U50;INF209KB1U68;16.1;;;13-Jan-2026
148635;Aditya Birla Sun Life ESG Integration Strategy Fund-Regular Plan-Growth;INF209KB1U43;;18.47;;;13-Jan-2026
119515;Aditya Birla Sun Life Infrastructure Fund -  Direct - IDCW;INF209K01WG8;;42.94;;;13-Jan-2026
103475;Aditya Birla Sun Life Infrastructure Fund -  Regular - IDCW;INF209K01470;INF209K01CT3;25.4;;;13-Jan-2026
119514;Aditya Birla Sun Life Infrastructure Fund - Growth - Direct Plan;INF209K01WH6;;102.46;;;13-Jan-2026
103476;Aditya Birla Sun Life Infrastructure Fund-Growth;INF209K01504;;92.5;;;13-Jan-2026
119516;Aditya Birla Sun Life International Equity Fund - Direct - IDCW;INF209K01Q89;INF209K01WT1;51.9296;;;13-Jan-2026
119517;Aditya Birla Sun Life International Equity Fund - Growth - Direct Plan;INF209K01WS3;;51.8989;;;13-Jan-2026
106873;Aditya Birla Sun Life International Equity Fund - Growth - Regular Plan;INF209K01520;;48.0328;;;13-Jan-2026
106872;Aditya Birla Sun Life International Equity Fund - Regular - IDCW;INF209K01512;INF209K01CV9;21.9864;;;13-Jan-2026
133514;Aditya Birla Sun Life Manufacturing Equity Fund - Direct - IDCW;INF209KA1YL8;INF209KA1YM6;21.4;;;13-Jan-2026
133516;Aditya Birla Sun Life Manufacturing Equity Fund - Direct Plan - Growth;INF209KA1YK0;;36.17;;;13-Jan-2026
133515;Aditya Birla Sun Life Manufacturing Equity Fund - Regular - IDCW;INF209KA1YI4;INF209KA1YJ2;19.49;;;13-Jan-2026
133513;Aditya Birla Sun Life Manufacturing Equity Fund - Regular Plan - Growth;INF209KA1YH6;;32.73;;;13-Jan-2026
119647;Aditya Birla Sun Life MNC Fund - DIRECT - IDCW;INF209K01Q06;INF209K01VU1;464.73;;;13-Jan-2026
119646;Aditya Birla Sun Life MNC Fund - Growth - Direct Plan;INF209K01VT3;;1453.3;;;13-Jan-2026
100064;Aditya Birla Sun Life MNC Fund - Growth - Regular Plan;INF209K01322;;1301.51;;;13-Jan-2026
100063;Aditya Birla Sun Life MNC Fund - Regular - IDCW;INF209K01314;INF209K01CL0;224.78;;;13-Jan-2026
147410;Aditya Birla Sun Life Pharma and Healthcare Fund-Direct - Payout of IDCW;INF209KB1O33;INF209KB1O41;23.52;;;13-Jan-2026
147409;Aditya Birla Sun Life Pharma and Healthcare Fund-Direct-Growth;INF209KB1O25;;34.01;;;13-Jan-2026
147408;Aditya Birla Sun Life Pharma and Healthcare Fund-Regular - Payout of IDCW;INF209KB1O09;INF209KB1O17;21.61;;;13-Jan-2026
147407;Aditya Birla Sun Life Pharma and Healthcare Fund-Regular-Growth;INF209KB1N91;;30.78;;;13-Jan-2026
147845;Aditya Birla Sun Life PSU Equity Fund-Direct - Payout of IDCW;INF209KB1O90;;30.96;;;13-Jan-2026
147844;Aditya Birla Sun Life PSU Equity Fund-Direct Plan-Growth;INF209KB1O82;;38.28;;;13-Jan-2026
147847;Aditya Birla Sun Life PSU Equity Fund-Regular - Payout of IDCW;INF209KB1O74;;26.59;;;13-Jan-2026
147846;Aditya Birla Sun Life PSU Equity Fund-Regular Plan-Growth;INF209KB1O66;;34.83;;;13-Jan-2026
152684;Aditya Birla Sun Life Quant Fund - Direct Growth;INF209KC1118;;10.25;;;13-Jan-2026
152685;Aditya Birla Sun Life Quant Fund - Direct IDCW Payout;INF209KC1126;;10.24;;;13-Jan-2026
152686;Aditya Birla Sun Life Quant Fund - Regular Growth;INF209KC1092;;10.02;;;13-Jan-2026
152687;Aditya Birla Sun Life Quant Fund - Regular IDCW Payout;INF209KC1100;;10.01;;;13-Jan-2026
148540;Aditya Birla Sun Life Special Opportunities Fund-Direct - IDCW;INF209KB1T87;INF209KB1T95;23.6;;;13-Jan-2026
148539;Aditya Birla Sun Life Special Opportunities Fund-Direct-Growth;INF209KB1T79;;28.51;;;13-Jan-2026
148538;Aditya Birla Sun Life Special Opportunities Fund-Regular - IDCW;INF209KB1T53;INF209KB1T61;21.92;;;13-Jan-2026
148537;Aditya Birla Sun Life Special Opportunities Fund-Regular Plan-Growth;INF209KB1T46;;26.49;;;13-Jan-2026
152158;Aditya Birla Sun Life Transportation and Logistics Fund-Direct Growth;INF209KB15X7;;15.54;;;13-Jan-2026
152159;Aditya Birla Sun Life Transportation and Logistics Fund-Direct IDCW;INF209KB16X5;;15.54;;;13-Jan-2026
152161;Aditya Birla Sun Life Transportation and Logistics Fund-Regular Growth;INF209KB17X3;;15.06;;;13-Jan-2026
152160;Aditya Birla Sun Life Transportation and Logistics Fund-Regular IDCW;INF209KB18X1;;15.06;;;13-Jan-2026

Axis Mutual Fund
151368;Axis Business Cycles Fund - Direct Plan - Growth;INF846K016N4;;17.12;;;13-Jan-2026
151369;Axis Business Cycles Fund - Direct Plan - IDCW;INF846K017N2;INF846K018N0;17.11;;;13-Jan-2026
151366;Axis Business Cycles Fund - Regular Plan - Growth;INF846K019N8;;16.46;;;13-Jan-2026
151367;Axis Business Cycles Fund - Regular Plan - IDCW;INF846K010O5;INF846K011O3;16.46;;;13-Jan-2026
152805;Axis Consumption Fund Direct Plan - Growth;INF846K013X0;;9.70;;;13-Jan-2026
152803;Axis Consumption Fund Direct Plan - IDCW;INF846K014X8;INF846K015X5;9.70;;;13-Jan-2026
152804;Axis Consumption Fund Regular Plan - Growth;INF846K010X6;;9.52;;;13-Jan-2026
152806;Axis Consumption Fund Regular Plan - IDCW;INF846K011X4;INF846K012X2;9.52;;;13-Jan-2026
147928;Axis ESG Integration Strategy Fund - Direct Plan - Growth Option;INF846K01W23;;23.43;;;13-Jan-2026
147931;Axis ESG Integration Strategy Fund - Direct Plan - IDCW;INF846K01W31;INF846K01W49;16.69;;;13-Jan-2026
147929;Axis ESG Integration Strategy Fund - Regular Plan - Growth Option;INF846K01W56;;21.74;;;13-Jan-2026
147930;Axis ESG Integration Strategy Fund - Regular Plan - IDCW;INF846K01W64;INF846K01W72;15.47;;;13-Jan-2026
152202;Axis India Manufacturing Fund - Direct Plan - Growth;INF846K016S3;;14.27;;;13-Jan-2026
152204;Axis India Manufacturing Fund - Direct Plan - IDCW;INF846K017S1;INF846K018S9;14.27;;;13-Jan-2026
152205;Axis India Manufacturing Fund - Regular Plan - Growth;INF846K013S0;;13.86;;;13-Jan-2026
152203;Axis India Manufacturing Fund - Regular Plan - IDCW;INF846K014S8;INF846K015S5;13.86;;;13-Jan-2026
148634;Axis Innovation Fund - Direct Plan - Growth Option;INF846K01X71;;19.99;;;13-Jan-2026
148632;Axis Innovation Fund - Direct Plan - IDCW;INF846K01X89;INF846K01X97;18.19;;;13-Jan-2026
148631;Axis Innovation Fund - Regular Plan - Growth Option;INF846K01Y05;;18.74;;;13-Jan-2026
148633;Axis Innovation Fund - Regular Plan - IDCW;INF846K01Y13;INF846K01Y21;17.05;;;13-Jan-2026
153083;Axis Momentum Fund - Direct Plan - Growth Option;INF846K011Z9;;9.27;;;13-Jan-2026
153084;Axis Momentum Fund - Direct Plan - IDCW Option;INF846K013Z5;INF846K015Z0;9.26;;;13-Jan-2026
153085;Axis Momentum Fund - Regular Plan - Growth Option;INF846K010Z1;;9.11;;;13-Jan-2026
153082;Axis Momentum Fund - Regular Plan - IDCW Option;INF846K012Z7;INF846K014Z3;9.11;;;13-Jan-2026
148993;Axis Quant Fund - Direct Plan - Growth;INF846K01Z87;;17.16;;;13-Jan-2026
148994;Axis Quant Fund - Direct Plan - IDCW;INF846K01Z95;INF846K010A4;17.16;;;13-Jan-2026
148992;Axis Quant Fund - Regular Plan - Growth;INF846K011A2;;15.96;;;13-Jan-2026
148995;Axis Quant Fund - Regular Plan - IDCW;INF846K012A0;INF846K013A8;15.96;;;13-Jan-2026
153624;Axis Services Opportunities Fund - Direct Plan - Growth Option;INF846KA1168;;9.80;;;13-Jan-2026
153622;Axis Services Opportunities Fund - Direct Plan - IDCW Option;INF846KA1176;INF846KA1184;9.80;;;13-Jan-2026
153621;Axis Services Opportunities Fund - Regular Plan - Growth Option;INF846KA1135;;9.74;;;13-Jan-2026
153623;Axis Services Opportunities Fund - Regular Plan - IDCW Option;INF846KA1143;INF846KA1150;9.74;;;13-Jan-2026

Bajaj Finserv Mutual Fund
153937;Bajaj Finserv Banking and Financial Services Fund - Direct - Growth;INF0QA701BZ6;;10.040;;;13-Jan-2026
153938;Bajaj Finserv Banking and Financial Services Fund - Direct - IDCW;INF0QA701CA7;INF0QA701CB5;10.040;;;13-Jan-2026
153935;Bajaj Finserv Banking and Financial Services Fund - Regular - Growth;INF0QA701BW3;;10.020;;;13-Jan-2026
153936;Bajaj Finserv Banking and Financial Services Fund - Regular - IDCW;INF0QA701BX1;INF0QA701BY9;10.020;;;13-Jan-2026
153075;BAJAJ FINSERV CONSUMPTION FUND - DIRECT - GROWTH;INF0QA701946;;9.435;;;13-Jan-2026
153074;BAJAJ FINSERV CONSUMPTION FUND - DIRECT - IDCW;INF0QA701953;INF0QA701961;9.435;;;13-Jan-2026
153072;BAJAJ FINSERV CONSUMPTION FUND - REGULAR - GROWTH;INF0QA701979;;9.262;;;13-Jan-2026
153073;BAJAJ FINSERV CONSUMPTION FUND - REGULAR - IDCW;INF0QA701920;INF0QA701938;9.262;;;13-Jan-2026
153157;BAJAJ FINSERV HEALTHCARE FUND - DIRECT - GROWTH;INF0QA701AB9;;9.759;;;13-Jan-2026
153156;BAJAJ FINSERV HEALTHCARE FUND - DIRECT - IDCW;INF0QA701AC7;INF0QA701AD5;9.759;;;13-Jan-2026
153155;BAJAJ FINSERV HEALTHCARE FUND - REGULAR - GROWTH;INF0QA701987;;9.587;;;13-Jan-2026
153158;BAJAJ FINSERV HEALTHCARE FUND - REGULAR - IDCW;INF0QA701995;INF0QA701AA1;9.587;;;13-Jan-2026

Bandhan Mutual Fund
152878;Bandhan Business Cycle Fund - Direct Plan - Growth;INF194KB1IQ6;;10.195;;;13-Jan-2026
152879;Bandhan Business Cycle Fund - Direct Plan - IDCW;INF194KB1IL7;INF194KB1IM5;10.195;;;13-Jan-2026
152877;Bandhan Business Cycle Fund - Regular Plan - Growth;INF194KB1IP8;;9.994;;;13-Jan-2026
152880;Bandhan Business Cycle Fund - Regular Plan - IDCW;INF194KB1II3;INF194KB1IJ1;9.994;;;13-Jan-2026
151816;BANDHAN FINANCIAL SERVICES FUND - DIRECT PLAN - GROWTH;INF194KB1GB2;;15.884;;;13-Jan-2026
151817;BANDHAN FINANCIAL SERVICES FUND - DIRECT PLAN - IDCW;INF194KB1GC0;INF194KB1GD8;14.794;;;13-Jan-2026
151818;BANDHAN FINANCIAL SERVICES FUND - REGULAR PLAN - GROWTH;INF194KB1GE6;;15.260;;;13-Jan-2026
151819;BANDHAN FINANCIAL SERVICES FUND - REGULAR PLAN - IDCW;INF194KB1GF3;INF194KB1GG1;14.222;;;13-Jan-2026
153972;Bandhan Healthcare Fund - Direct Plan - Growth;INF194KB1KF5;;9.689;;;13-Jan-2026
153971;Bandhan Healthcare Fund - Direct Plan - IDCW;INF194KB1KG3;INF194KB1KH1;9.689;;;13-Jan-2026
153974;Bandhan Healthcare Fund - Regular Plan - Growth;INF194KB1KC2;;9.667;;;13-Jan-2026
153973;Bandhan Healthcare Fund - Regular Plan - IDCW;INF194KB1KD0;INF194KB1KE8;9.667;;;13-Jan-2026
114476;BANDHAN Infrastructure Fund - Regular Plan - Growth;INF194K01BY9;;46.606;;;13-Jan-2026
114477;BANDHAN Infrastructure Fund - Regular Plan - IDCW;INF194K01BZ6;INF194K01CA7;37.073;;;13-Jan-2026
118469;BANDHAN Infrastructure Fund-Direct Plan-Growth;INF194K01X46;;54.793;;;13-Jan-2026
118468;BANDHAN Infrastructure Fund-Direct Plan-IDCW;INF194K01X53;INF194K01X61;45.490;;;13-Jan-2026
152607;Bandhan Innovation Fund - Direct Plan - Growth;INF194KB1IE2;;13.371;;;13-Jan-2026
152604;Bandhan Innovation Fund - Direct Plan - IDCW;INF194KB1IF9;INF194KB1IG7;13.371;;;13-Jan-2026
152606;Bandhan Innovation Fund - Regular Plan - Growth;INF194KB1IB8;;13.023;;;13-Jan-2026
152605;Bandhan Innovation Fund - Regular Plan - IDCW;INF194KB1IC6;INF194KB1ID4;13.023;;;13-Jan-2026
153722;Bandhan Multi-Factor Fund - Direct Plan - Growth;INF194KB1JX0;;10.629;;;13-Jan-2026
153720;Bandhan Multi-Factor Fund - Direct Plan - IDCW;INF194KB1JY8;INF194KB1JZ5;10.629;;;13-Jan-2026
153721;Bandhan Multi-Factor Fund - Regular Plan - Growth;INF194KB1JU6;;10.553;;;13-Jan-2026
153723;Bandhan Multi-Factor Fund - Regular Plan - IDCW;INF194KB1JV4;INF194KB1JW2;10.553;;;13-Jan-2026
150716;BANDHAN TRANSPORTATION AND LOGISTICS FUND - GROWTH - DIRECT PLAN;INF194KB1EB7;;20.742;;;13-Jan-2026
150717;BANDHAN TRANSPORTATION AND LOGISTICS FUND - GROWTH - REGULAR PLAN;INF194KB1EE1;;19.711;;;13-Jan-2026
150719;BANDHAN TRANSPORTATION AND LOGISTICS FUND - IDCW - DIRECT PLAN;INF194KB1EC5;INF194KB1ED3;20.718;;;13-Jan-2026
150718;BANDHAN TRANSPORTATION AND LOGISTICS FUND - IDCW - REGULAR PLAN;INF194KB1EF8;INF194KB1EG6;19.711;;;13-Jan-2026

Bank of India Mutual Fund
152788;Bank of India Business Cycle Fund - Direct Plan - Dividend;INF761K01GG1;INF761K01GH9;8.87;;;13-Jan-2026
152789;Bank of India Business Cycle Fund - Direct Plan - Growth;INF761K01GF3;;8.87;;;13-Jan-2026
152791;Bank of India Business Cycle Fund - Regular Plan - Dividend;INF761K01GD8;INF761K01GE6;8.72;;;13-Jan-2026
152790;Bank of India Business Cycle Fund - Regular Plan - Growth;INF761K01GC0;;8.72;;;13-Jan-2026
153139;Bank of India Consumption Fund - Direct - Growth;INF761K01GI7;;10.82;;;13-Jan-2026
153142;Bank of India Consumption Fund - Direct - IDCW;INF761K01GJ5;INF761K01GK3;10.82;;;13-Jan-2026
153140;Bank of India Consumption Fund - Regular - Growth;INF761K01GL1;;10.69;;;13-Jan-2026
153141;Bank of India Consumption Fund - Regular - IDCW;INF761K01GM9;INF761K01GN7;10.69;;;13-Jan-2026
119364;BANK OF INDIA Manufacturing & Infrastructure Fund-Direct Plan-Growth;INF761K01702;;68.34;;;13-Jan-2026
119365;BANK OF INDIA Manufacturing & Infrastructure Fund-Direct Plan-Quarterly IDCW;INF761K01728;INF761K01710;67.18;;;13-Jan-2026
119363;BANK OF INDIA Manufacturing & Infrastructure Fund-Direct Plan-Regular IDCW;INF761K01694;INF761K01686;64.48;;;13-Jan-2026
112359;BANK OF INDIA Manufacturing & Infrastructure Fund-Growth;INF761K01199;;57.95;;;13-Jan-2026
112360;BANK OF INDIA Manufacturing & Infrastructure Fund-Quarterly IDCW;INF761K01231;INF761K01223;37.62;;;13-Jan-2026
112361;BANK OF INDIA Manufacturing & Infrastructure Fund-Regular IDCW;INF761K01215;INF761K01207;36.93;;;13-Jan-2026

Baroda BNP Paribas Mutual Fund
119333;Baroda BNP Paribas Banking and Financial Services Fund - Direct - Growth Option;INF955L01971;;56.1433;;;13-Jan-2026
119334;Baroda BNP Paribas Banking and Financial Services Fund - Direct - IDCW Option;INF955L01955;;25.7732;;;13-Jan-2026
117549;Baroda BNP Paribas Banking and Financial Services Fund - Regular - Growth Option;INF955L01856;;49.7643;;;13-Jan-2026
117547;Baroda BNP Paribas Banking and Financial Services Fund - Regular - IDCW Option;INF955L01831;;22.3572;;;13-Jan-2026
153847;Baroda BNP Paribas Business Conglomerates Fund Direct Growth Option;INF251K01VJ6;;10.2260;;;13-Jan-2026
153845;Baroda BNP Paribas Business Conglomerates Fund Direct IDCW Payout Option;INF251K01VK4;;10.2260;;;13-Jan-2026
153844;Baroda BNP Paribas Business Conglomerates Fund Regular Growth Option;INF251K01VG2;;10.1707;;;13-Jan-2026
153846;Baroda BNP Paribas Business Conglomerates Fund Regular IDCW Payout Option;INF251K01VH0;;10.1707;;;13-Jan-2026
149141;Baroda BNP Paribas Business Cycle Fund - Direct Plan - Growth;INF955L01KK1;;16.8729;;;13-Jan-2026
149143;Baroda BNP Paribas Business Cycle Fund - Direct Plan - IDCW Option;INF955L01KL9;INF955L01KM7;15.3946;;;13-Jan-2026
149140;Baroda BNP Paribas Business Cycle Fund - Regular Plan - Growth;INF955L01KH7;;15.8397;;;13-Jan-2026
149142;Baroda BNP Paribas Business Cycle Fund - Regular Plan - IDCW Option;INF955L01KI5;INF955L01KJ3;14.4552;;;13-Jan-2026
153225;Baroda BNP Paribas Energy Opportunities Fund - Direct Plan - Growth Option;INF251K01UJ8;;11.3604;;;13-Jan-2026
153227;Baroda BNP Paribas Energy Opportunities Fund - Direct Plan - IDCW Option;INF251K01UK6;INF251K01UL4;11.3604;;;13-Jan-2026
153226;Baroda BNP Paribas Energy Opportunities Fund - Regular Plan - Growth Option;INF251K01UG4;;11.1962;;;13-Jan-2026
153224;Baroda BNP Paribas Energy Opportunities Fund - Regular Plan - ICDW Option;INF251K01UH2;INF251K01UI0;11.1962;;;13-Jan-2026
153604;Baroda BNP Paribas Health and Wellness Fund Direct Growth;INF251K01VA5;;9.5195;;;13-Jan-2026
153605;Baroda BNP Paribas Health and Wellness Fund Direct IDCWPayout;INF251K01VB3;INF251K01VC1;9.5195;;;13-Jan-2026
153602;Baroda BNP Paribas Health and Wellness Fund Regular Growth;INF251K01UY7;;9.4241;;;13-Jan-2026
153607;Baroda BNP Paribas Health and Wellness Fund Regular IDCWPayout;INF251K01VD9;INF251K01UZ4;9.4241;;;13-Jan-2026
150266;BARODA BNP PARIBAS India Consumption Fund - Direct Plan - Growth Option;INF251K01PT7;;35.0069;;;13-Jan-2026
150269;BARODA BNP PARIBAS India Consumption Fund - Direct Plan - IDCW Option;INF251K01PV3;INF251K01PU5;24.3292;;;13-Jan-2026
150268;BARODA BNP PARIBAS India Consumption Fund - Regular Plan - Growth Option;INF251K01PQ3;;31.3838;;;13-Jan-2026
150267;BARODA BNP PARIBAS India Consumption Fund - Regular Plan - IDCW Option;INF251K01PS9;INF251K01PR1;21.1410;;;13-Jan-2026
152470;Baroda BNP Paribas Innovation Fund Direct plan - Growth Option;INF251K01TE1;;12.6963;;;13-Jan-2026
152471;Baroda BNP Paribas Innovation Fund Direct plan - IDCW Option;INF251K01TF8;INF251K01TG6;12.6963;;;13-Jan-2026
152472;Baroda BNP Paribas Innovation Fund Regular plan - Growth Option;INF251K01TB7;;12.3455;;;13-Jan-2026
152473;Baroda BNP Paribas Innovation Fund Regular plan - IDCW Option;INF251K01TC5;INF251K01TD3;12.2213;;;13-Jan-2026
152697;Baroda BNP Paribas Manufacturing Fund - Direct Plan - Growth Option;INF251K01TP7;;10.1955;;;13-Jan-2026
152698;Baroda BNP Paribas Manufacturing Fund - Direct Plan - IDCW Option;INF251K01TQ5;INF251K01TR3;10.1955;;;13-Jan-2026
152696;Baroda BNP Paribas Manufacturing Fund - Regular Plan - Growth Option;INF251K01TM4;;9.9670;;;13-Jan-2026
152699;Baroda BNP Paribas Manufacturing Fund - Regular Plan - IDCW Option;INF251K01TN2;INF251K01TO0;9.9670;;;13-Jan-2026

Canara Robeco Mutual Fund
118273;CANARA ROBECO CONSUMER TRENDS FUND - DIRECT PLAN - GROWTH OPTION;INF760K01DU1;;126.1100;;;13-Jan-2026
118274;CANARA ROBECO CONSUMER TRENDS FUND - DIRECT PLAN - IDCW (Payout/Reinvestment);INF760K01DS5;INF760K01DT3;86.0600;;;13-Jan-2026
112152;CANARA ROBECO CONSUMER TRENDS FUND - REGULAR PLAN - GROWTH OPTION;INF760K01241;;109.0200;;;13-Jan-2026
112153;CANARA ROBECO CONSUMER TRENDS FUND - REGULAR PLAN - IDCW (Payout/Reinvestment);INF760K01225;INF760K01233;46.8400;;;13-Jan-2026
118267;CANARA ROBECO INFRASTRUCTURE FUND - DIRECT PLAN - GROWTH OPTION;INF760K01FO9;;174.0900;;;13-Jan-2026
118268;CANARA ROBECO INFRASTRUCTURE FUND - DIRECT PLAN - IDCW (Payout/Reinvestment);INF760K01FM3;INF760K01FN1;83.1300;;;13-Jan-2026
103390;CANARA ROBECO INFRASTRUCTURE FUND - REGULAR PLAN - GROWTH OPTION;INF760K01274;;153.8800;;;13-Jan-2026
103389;CANARA ROBECO INFRASTRUCTURE FUND - REGULAR PLAN - IDCW (Payout/Reinvestment);INF760K01258;INF760K01266;59.0600;;;13-Jan-2026
152450;Canara Robeco Manufacturing Fund - Direct Plan - Growth Option;INF760K01KZ5;;12.3500;;;13-Jan-2026
152449;Canara Robeco Manufacturing Fund - Direct Plan - IDWC Option;INF760K01KY8;INF760K01KX0;12.3400;;;13-Jan-2026
152447;Canara Robeco Manufacturing Fund - Regular Plan - Growth Option;INF760K01KU6;;12.0300;;;13-Jan-2026
152448;Canara Robeco Manufacturing Fund -Regular Plan - IDWC Option;INF760K01KW2;INF760K01KV4;12.0200;;;13-Jan-2026

DSP Mutual Fund
152206;DSP Banking & Financial Services Fund - Direct - Growth;INF740KA1TQ3;;14.711;;;13-Jan-2026
152207;DSP Banking & Financial Services Fund - Direct - IDCW;INF740KA1TR1;INF740KA1TS9;13.587;;;13-Jan-2026
152208;DSP Banking & Financial Services Fund - Regular - Growth;INF740KA1TN0;;14.256;;;13-Jan-2026
152209;DSP Banking & Financial Services Fund - Regular - IDCW;INF740KA1TO8;INF740KA1TP5;14.256;;;13-Jan-2026
153121;DSP Business Cycle Fund - Direct - Growth;INF740KA1UX7;;10.434;;;13-Jan-2026
153123;DSP Business Cycle Fund - Direct - IDCW;INF740KA1UV1;INF740KA1UW9;10.434;;;13-Jan-2026
153122;DSP Business Cycle Fund - Regular - Growth;INF740KA1US7;;10.263;;;13-Jan-2026
153120;DSP Business Cycle Fund - Regular - IDCW;INF740KA1UT5;INF740KA1UU3;10.263;;;13-Jan-2026
145454;DSP Healthcare Fund - Direct Plan - Growth;INF740KA1LG1;;43.313;;;13-Jan-2026
145455;DSP Healthcare Fund - Direct Plan - IDCW;INF740KA1LH9;INF740KA1LI7;27.193;;;13-Jan-2026
145456;DSP Healthcare Fund - Regular Plan - Growth;INF740KA1LD8;;38.988;;;13-Jan-2026
145453;DSP Healthcare Fund - Regular Plan - IDCW;INF740KA1LE6;INF740KA1LF3;24.529;;;13-Jan-2026
119247;DSP India T.I.G.E.R. Fund - Direct Plan - Growth;INF740K01PU7;;337.308;;;13-Jan-2026
119248;DSP India T.I.G.E.R. Fund - Direct Plan - IDCW;INF740K01PV5;INF740K01PW3;53.827;;;13-Jan-2026
102434;DSP India T.I.G.E.R. Fund - Regular Plan - Growth;INF740K01151;;308.562;;;13-Jan-2026
102435;DSP India T.I.G.E.R. Fund - Regular Plan - IDCW;INF740K01136;INF740K01144;28.989;;;13-Jan-2026
119028;DSP Natural Resources and New Energy Fund - Direct Plan - Growth;INF740K01QA7;;112.844;;;13-Jan-2026
119029;DSP Natural Resources and New Energy Fund - Direct Plan - IDCW;INF740K01QB5;INF740K01QC3;38.881;;;13-Jan-2026
108202;DSP Natural Resources And New Energy Fund - Regular - Growth;INF740K01060;;100.867;;;13-Jan-2026
108203;DSP Natural Resources And New Energy Fund - Regular Plan - IDCW;INF740K01045;INF740K01052;32.270;;;13-Jan-2026
147306;DSP Quant Fund - Direct Plan - Growth;INF740KA1NQ6;;23.562;;;13-Jan-2026
147304;DSP Quant Fund - Direct Plan - IDCW;INF740KA1NR4;INF740KA1NS2;19.527;;;13-Jan-2026
147303;DSP Quant Fund - Regular Plan - Growth;INF740KA1NN3;;22.446;;;13-Jan-2026
147305;DSP Quant Fund - Regular Plan - IDCW;INF740KA1NO1;INF740KA1NP8;18.58;;;13-Jan-2026

Edelweiss Mutual Fund
152710;Edelweiss Business Cycle Fund - Direct Plan - Growth;INF754K01TA2;;9.1568;;;13-Jan-2026
152723;Edelweiss Business Cycle Fund - Direct Plan - IDCW Option;INF754K01TB0;INF754K01TC8;9.1568;;;13-Jan-2026
152724;Edelweiss Business Cycle Fund - Regular Plan - Growth;INF754K01SW8;;8.9412;;;13-Jan-2026
152722;Edelweiss Business Cycle Fund - Regular Plan - IDCW Option;INF754K01SX6;INF754K01SY4;8.9412;;;13-Jan-2026
153214;Edelweiss Consumption Fund - Direct - Growth;INF754K01TY2;;11.3867;;;13-Jan-2026
153254;Edelweiss Consumption Fund - Direct - IDCW - Payout;INF754K01TZ9;INF754K01UA0;11.3867;;;13-Jan-2026
153255;Edelweiss Consumption Fund - Regular - Growth;INF754K01UC6;;11.2136;;;13-Jan-2026
153215;Edelweiss Consumption Fund - Regular - IDCW - Payout;INF754K01UD4;INF754K01UE2;11.2136;;;13-Jan-2026
142386;Edelweiss Recently Listed IPO Fund - DIRECT PLAN - IDCW Option;INF754K01MM2;INF754K01MN0;28.1072;;;13-Jan-2026
142388;Edelweiss Recently Listed IPO Fund Direct Plan Growth;INF754K01ML4;;28.1071;;;13-Jan-2026
142384;Edelweiss Recently Listed IPO Fund REGULAR PLAN - IDCW Option;INF754K01MI0;INF754K01MJ8;26.0873;;;13-Jan-2026
142383;Edelweiss Recently Listed IPO Fund Regular Plan Growth;INF754K01MH2;;26.0886;;;13-Jan-2026
152437;Edelweiss Technology Fund - Direct Plan - Growth;INF754K01SK3;;12.5717;;;13-Jan-2026
152438;Edelweiss Technology Fund - Direct Plan - IDCW;INF754K01SL1;INF754K01SM9;12.5717;;;13-Jan-2026
152439;Edelweiss Technology Fund - Regular Plan - Growth;INF754K01SG1;;12.1734;;;13-Jan-2026
152440;Edelweiss Technology Fund - Regular Plan - IDCW;INF754K01SH9;INF754K01SI7;12.1734;;;13-Jan-2026

Franklin Templeton Mutual Fund
118559;Franklin Asian Equity Fund - Direct - Growth;INF090I01IZ5;;40.7136;;;13-Jan-2026
118558;Franklin Asian Equity Fund - Direct - IDCW ;INF090I01IX0;INF090I01IY8;18.6426;;;13-Jan-2026
106979;Franklin Asian Equity Fund - Growth Plan;INF090I01AB3;;37.0834;;;13-Jan-2026
106978;Franklin Asian Equity Fund - IDCW ;INF090I01999;INF090I01AA5;17.5041;;;13-Jan-2026
118557;Franklin Build India Fund - Direct - Growth;INF090I01JF5;;161.5300;;;13-Jan-2026
118556;Franklin Build India Fund - Direct - IDCW ;INF090I01JD0;INF090I01JE8;48.2870;;;13-Jan-2026
112093;Franklin Build India Fund - IDCW ;INF090I01AC1;INF090I01AD9;39.7891;;;13-Jan-2026
112092;Franklin Build India Fund Growth Plan;INF090I01AE7;;139.7711;;;13-Jan-2026
153942;Franklin India Multi-Factor Fund- Direct- Growth;INF090I01YQ1;;9.9451;;;13-Jan-2026
153944;Franklin India Multi-Factor Fund- Direct- IDCW;INF090I01YS7;INF090I01YR9;9.9451;;;13-Jan-2026
153943;Franklin India Multi-Factor Fund- Growth;INF090I01YN8;;9.9242;;;13-Jan-2026
153941;Franklin India Multi-Factor Fund- IDCW;INF090I01YP3;INF090I01YO6;9.9242;;;13-Jan-2026
118539;Franklin India Opportunities Fund - Direct - Growth;INF090I01GC8;;284.2692;;;13-Jan-2026
118538;Franklin INDIA OPPORTUNITIES FUND - Direct - IDCW ;INF090I01GD6;INF090I01GE4;41.4569;;;13-Jan-2026
103151;Franklin India Opportunities Fund - Growth;INF090I01841;;256.1306;;;13-Jan-2026
100524;Franklin INDIA OPPORTUNITIES FUND - IDCW ;INF090I01858;INF090I01866;36.7396;;;13-Jan-2026
118537;Franklin India Technology Fund - Direct - Growth;INF090I01FE6;;588.4843;;;13-Jan-2026
118536;Franklin India Technology Fund - Direct - IDCW ;INF090I01FF3;INF090I01FG1;51.2854;;;13-Jan-2026
100521;Franklin India Technology Fund - IDCW ;INF090I01759;INF090I01767;45.8298;;;13-Jan-2026
100522;Franklin India Technology Fund-Growth;INF090I01742;;531.7713;;;13-Jan-2026

Groww Mutual Fund
152254;Groww Banking & Financial Services Fund - Direct Plan - Growth;INF666M01HS1;;12.4724;;;13-Jan-2026
152274;Groww Banking & Financial Services Fund - Regular - Growth;INF666M01HP7;;12.0125;;;13-Jan-2026
152276;Groww Banking & Financial Services Fund - Regular Plan - IDCW;INF666M01HQ5;INF666M01HR3;12.0125;;;13-Jan-2026
152273;Groww Banking & Financial Services Fund-IDCW;INF666M01HT9;INF666M01HU7;12.4716;;;13-Jan-2026

HDFC Mutual Fund
148987;HDFC Banking & Financial Services Fund - Growth Option;INF179KC1BJ4;;18.016;;;13-Jan-2026
148986;HDFC Banking & Financial Services Fund - Growth Option - Direct Plan;INF179KC1BG0;;19.224;;;13-Jan-2026
148984;HDFC Banking & Financial Services Fund - IDCW Option;INF179KC1BK2;INF179KC1BL0;15.814;;;13-Jan-2026
148985;HDFC Banking & Financial Services Fund - IDCW Option - Direct Plan;INF179KC1BH8;INF179KC1BI6;16.99;;;13-Jan-2026
150803;HDFC Business Cycle Fund - Growth Option;INF179KC1EB5;;14.609;;;13-Jan-2026
150805;HDFC Business Cycle Fund - Growth Option - Direct Plan;INF179KC1DY9;;15.191;;;13-Jan-2026
150806;HDFC Business Cycle Fund - IDCW Option;INF179KC1EC3;INF179KC1ED1;14.609;;;13-Jan-2026
150804;HDFC Business Cycle Fund - IDCW Option - Direct Plan;INF179KC1DZ6;INF179KC1EA7;15.191;;;13-Jan-2026
151751;HDFC Defence Fund - Growth Option;INF179KC1GL9;;23.571;;;13-Jan-2026
151750;HDFC Defence Fund - Growth Option - Direct Plan;INF179KC1GI5;;24.286;;;13-Jan-2026
151748;HDFC Defence Fund - IDCW Option;INF179KC1GM7;INF179KC1GN5;23.571;;;13-Jan-2026
151749;HDFC Defence Fund - IDCW Option - Direct Plan;INF179KC1GJ3;INF179KC1GK1;24.286;;;13-Jan-2026
141923;HDFC Housing Opportunities Fund  - Growth Option;INF179KC1AX7;;22.123;;;13-Jan-2026
141924;HDFC Housing Opportunities Fund  - Growth Option - Direct Plan;INF179KC1AU3;;24.024;;;13-Jan-2026
141922;HDFC Housing Opportunities Fund  - IDCW Option;INF179KC1AY5;INF179KC1AZ2;15.859;;;13-Jan-2026
141921;HDFC Housing Opportunities Fund  - IDCW Option - Direct Plan;INF179KC1AV1;INF179KC1AW9;17.616;;;13-Jan-2026
118979;HDFC Infrastructure Fund - Growth Option - Direct Plan;INF179K01WQ2;;51.728;;;13-Jan-2026
107524;HDFC Infrastructure Fund - Growth Plan;INF179K01GF8;;46.586;;;13-Jan-2026
118978;HDFC Infrastructure Fund - IDCW Option - Direct Plan;INF179K01WP4;INF179K01WR0;31.655;;;13-Jan-2026
107525;HDFC Infrastructure Fund - IDCW Plan;INF179K01GE1;INF179K01GG6;19.979;;;13-Jan-2026
153620;HDFC INNOVATION FUND - DIRECT PLAN - GROWTH OPTION;INF179KC1JO7;;10.181;;;13-Jan-2026
153643;HDFC INNOVATION FUND - IDCW - DIRECT PLAN;INF179KC1JP4;INF179KC1JQ2;10.181;;;13-Jan-2026
153647;HDFC INNOVATION FUND - IDCW - REGULAR PLAN;INF179KC1JM1;INF179KC1JN9;10.117;;;13-Jan-2026
153619;HDFC INNOVATION FUND - REGULAR PLAN - GROWTH OPTION;INF179KC1JL3;;10.117;;;13-Jan-2026
152600;HDFC Manufacturing fund - Growth Option - Direct Plan;INF179KC1II1;;11.082;;;13-Jan-2026
152602;HDFC Manufacturing fund - Growth Option - Regular Plan;INF179KC1IF7;;10.874;;;13-Jan-2026
152603;HDFC Manufacturing fund - IDCW - Direct Plan;INF179KC1IJ9;INF179KC1IK7;11.082;;;13-Jan-2026
152601;HDFC Manufacturing fund - IDCW - Regular Plan;INF179KC1IG5;INF179KC1IH3;10.874;;;13-Jan-2026
151457;HDFC MNC Fund - Growth Option;INF179KC1FF3;;13.457;;;13-Jan-2026
151458;HDFC MNC Fund - Growth Option - Direct Plan;INF179KC1FC0;;13.922;;;13-Jan-2026
151459;HDFC MNC Fund - IDCW Option;INF179KC1FG1;INF179KC1FH9;13.457;;;13-Jan-2026
151460;HDFC MNC Fund - IDCW Option - Direct Plan;INF179KC1FD8;INF179KC1FE6;13.922;;;13-Jan-2026
151803;HDFC Non-Cyclical Consumer Fund - Growth Option;INF179KC1GR6;;13.985;;;13-Jan-2026
151804;HDFC Non-Cyclical Consumer Fund - Growth Option - Direct Plan;INF179KC1GO3;;14.418;;;13-Jan-2026
151802;HDFC Non-Cyclical Consumer Fund - IDCW Option;INF179KC1GS4;INF179KC1GT2;13.985;;;13-Jan-2026
151805;HDFC Non-Cyclical Consumer Fund - IDCW Option - Direct Plan;INF179KC1GP0;INF179KC1GQ8;14.418;;;13-Jan-2026
152084;HDFC Pharma and Healthcare Fund - Growth Option;INF179KC1HL7;;17.2;;;13-Jan-2026
152082;HDFC Pharma and Healthcare Fund - Growth Option - Direct Plan;INF179KC1HO1;;17.68;;;13-Jan-2026
152083;HDFC Pharma and Healthcare Fund - IDCW Option;INF179KC1HM5;INF179KC1HN3;17.2;;;13-Jan-2026
152081;HDFC Pharma and Healthcare Fund - IDCW Option - Direct Plan;INF179KC1HP8;INF179KC1HQ6;17.68;;;13-Jan-2026
152058;HDFC Technology Fund - Growth Option;INF179KC1HF9;;13.727;;;13-Jan-2026
152059;HDFC Technology Fund - Growth Option - Direct Plan;INF179KC1HI3;;14.121;;;13-Jan-2026
152057;HDFC Technology Fund - IDCW Option;INF179KC1HG7;INF179KC1HH5;13.727;;;13-Jan-2026
152060;HDFC Technology Fund - IDCW Option - Direct Plan;INF179KC1HJ1;INF179KC1HK9;14.121;;;13-Jan-2026
151900;HDFC Transportation and Logistics Fund - Growth Option;INF179KC1GX4;;18.011;;;13-Jan-2026
151901;HDFC Transportation and Logistics Fund - Growth Option - Direct Plan;INF179KC1GU0;;18.539;;;13-Jan-2026
151902;HDFC Transportation and Logistics Fund - IDCW Option;INF179KC1GY2;INF179KC1GZ9;18.011;;;13-Jan-2026
151899;HDFC Transportation and Logistics Fund - IDCW Option - Direct Plan;INF179KC1GV8;INF179KC1GW6;18.539;;;13-Jan-2026

Helios Mutual Fund
152679;Helios Financial Services Fund - Direct Plan - Growth Option;INF0R8701202;;12.11;;;13-Jan-2026
152680;Helios Financial Services Fund - Direct Plan - IDCW Option;INF0R8701210;INF0R8701228;12.11;;;13-Jan-2026
152682;Helios Financial Services Fund - Regular Plan - Growth Option;INF0R8701178;;11.82;;;13-Jan-2026
152681;Helios Financial Services Fund - Regular Plan - IDCW Option;INF0R8701186;INF0R8701194;11.82;;;13-Jan-2026

HSBC Mutual Fund
151142;HSBC Business Cycles Fund - Direct Growth;INF917K01RI2;;45.3214;;;13-Jan-2026
151145;HSBC Business Cycles Fund - Direct IDCW;INF917K01RK8;INF917K01RJ0;26.1226;;;13-Jan-2026
151144;HSBC Business Cycles Fund - Regular Growth;INF917K01RF8;;40.9444;;;13-Jan-2026
151143;HSBC Business Cycles Fund - Regular IDCW;INF917K01RH4;INF917K01RG6;23.7294;;;13-Jan-2026
152032;HSBC Consumption Fund - Direct Growth;INF336L01QZ9;;14.9693;;;13-Jan-2026
152028;HSBC Consumption Fund - Direct IDCW;INF336L01RA0;INF336L01RB8;14.9692;;;13-Jan-2026
152027;HSBC Consumption Fund - Regular Growth;INF336L01RC6;;14.4959;;;13-Jan-2026
152030;HSBC Consumption Fund - Regular IDCW;INF336L01RD4;INF336L01RE2;14.4959;;;13-Jan-2026
153266;HSBC Financial Services Fund - Direct Growth;INF336L01RU8;;12.2221;;;13-Jan-2026
153269;HSBC Financial Services Fund - Direct IDCW;INF336L01RW4;INF336L01RV6;12.2218;;;13-Jan-2026
153267;HSBC Financial Services Fund - Regular Growth;INF336L01RR4;;12.0725;;;13-Jan-2026
153268;HSBC Financial Services Fund - Regular IDCW;INF336L01RT0;INF336L01RS2;12.0725;;;13-Jan-2026
152829;HSBC India Export Opportunities Fund - Direct Growth;INF336L01RO1;;10.0516;;;13-Jan-2026
152831;HSBC India Export Opportunities Fund - Direct IDCW;INF336L01RP8;INF336L01RQ6;10.0516;;;13-Jan-2026
152830;HSBC India Export Opportunities Fund - Regular Growth;INF336L01RL7;;9.8717;;;13-Jan-2026
152832;HSBC India Export Opportunities Fund - Regular IDCW;INF336L01RM5;INF336L01RN3;9.8717;;;13-Jan-2026
151040;HSBC Infrastructure Fund - Direct Growth;INF917K01FW8;;50.6854;;;13-Jan-2026
151039;HSBC Infrastructure Fund - Direct IDCW;INF917K01E52;INF917K01FU2;36.3388;;;13-Jan-2026
151037;HSBC Infrastructure Fund - Regular Growth;INF917K01536;;44.8593;;;13-Jan-2026
151038;HSBC Infrastructure Fund - Regular IDCW;INF917K01544;INF917K01551;32.5024;;;13-Jan-2026

ICICI Prudential Mutual Fund
153684;ICICI Prudential Active Momentum Fund - Direct Plan - Growth;INF109K1A385;;10.59;;;13-Jan-2026
153685;ICICI Prudential Active Momentum Fund - Growth;INF109K1A377;;10.53;;;13-Jan-2026
109445;ICICI Prudential Banking and Financial Services Fund -  Growth;INF109K01BU5;;138.62;;;13-Jan-2026
109446;ICICI Prudential Banking and Financial Services Fund -  IDCW;INF109K01DY3;INF109K01BV3;32.26;;;13-Jan-2026
120244;ICICI Prudential Banking and Financial Services Fund - Direct Plan -  Growth;INF109K013J1;;156.67;;;13-Jan-2026
120245;ICICI Prudential Banking and Financial Services Fund - Direct Plan -  IDCW;INF109K011J5;INF109K012J3;77.78;;;13-Jan-2026
146951;ICICI Prudential Bharat Consumption Fund - Direct Plan - Growth Option;INF109KC1YD4;;26.85;;;13-Jan-2026
146949;ICICI Prudential Bharat Consumption Fund - Direct Plan - IDCW Option;INF109KC1YF9;;17.23;;;13-Jan-2026
146950;ICICI Prudential Bharat Consumption Fund - Growth Option;INF109KC1YA0;;24.88;;;13-Jan-2026
146952;ICICI Prudential Bharat Consumption Fund - IDCW Option;INF109KC1YC6;;15.46;;;13-Jan-2026
148651;ICICI Prudential Business Cycle Fund Direct Plan Growth;INF109KC1P24;;26.98;;;13-Jan-2026
148652;ICICI Prudential Business Cycle Fund Direct Plan IDCW;INF109KC1P40;INF109KC1P32;19.65;;;13-Jan-2026
148653;ICICI Prudential Business Cycle Fund Growth;INF109KC1O90;;25.43;;;13-Jan-2026
148654;ICICI Prudential Business Cycle Fund IDCW;INF109KC1P16;INF109KC1P08;18.18;;;13-Jan-2026
147662;ICICI Prudential Commodities Fund - Direct Plan - Growth Option;INF109KC1F91;;48.93;;;13-Jan-2026
147664;ICICI Prudential Commodities Fund - Direct Plan - IDCW Option;INF109KC1G09;;34.80;;;13-Jan-2026
147661;ICICI Prudential Commodities Fund - Growth Option;INF109KC1F67;;45.10;;;13-Jan-2026
147663;ICICI Prudential Commodities Fund - IDCW Option;INF109KC1F75;;31.35;;;13-Jan-2026
153867;ICICI Prudential Conglomerate Fund - Direct Plan - Growth;INF109K1A427;;9.96;;;13-Jan-2026
153866;ICICI Prudential Conglomerate Fund - Direct Plan - IDCW;INF109K1A443;INF109K1A435;9.96;;;13-Jan-2026
153865;ICICI Prudential Conglomerate Fund - Growth;INF109K1A393;;9.94;;;13-Jan-2026
153864;ICICI Prudential Conglomerate Fund - IDCW;INF109K1A419;INF109K1A401;9.94;;;13-Jan-2026
152728;ICICI PRUDENTIAL ENERGY OPPORTUNITIES FUND - Direct Plan - Growth;INF109KC12W6;;10.42;;;13-Jan-2026
152729;ICICI PRUDENTIAL ENERGY OPPORTUNITIES FUND - Direct Plan - IDCW;INF109KC13W4;INF109KC14W2;10.42;;;13-Jan-2026
152726;ICICI PRUDENTIAL ENERGY OPPORTUNITIES FUND - Growth;INF109KC15W9;;10.24;;;13-Jan-2026
152727;ICICI PRUDENTIAL ENERGY OPPORTUNITIES FUND - IDCW;INF109KC16W7;INF109KC17W5;10.23;;;13-Jan-2026
153070;ICICI Prudential Equity Minimum Variance Fund - Direct Plan - Growth;INF109KC10Y6;;11.13;;;13-Jan-2026
153071;ICICI Prudential Equity Minimum Variance Fund - Direct Plan - IDCW;INF109KC12Y2;INF109KC11Y4;11.13;;;13-Jan-2026
153069;ICICI Prudential Equity Minimum Variance Fund - Growth;INF109KC17X3;;10.98;;;13-Jan-2026
153068;ICICI Prudential Equity Minimum Variance Fund - IDCW;INF109KC19X9;INF109KC18X1;10.98;;;13-Jan-2026
148516;ICICI Prudential ESG Exclusionary Strategy Fund - Direct Plan - Growth;INF109KC1O09;;24.07;;;13-Jan-2026
148515;ICICI Prudential ESG Exclusionary Strategy Fund - Direct Plan - IDCW;INF109KC1O25;INF109KC1O17;18.38;;;13-Jan-2026
148517;ICICI Prudential ESG Exclusionary Strategy Fund - Growth;INF109KC1N75;;22.47;;;13-Jan-2026
148514;ICICI Prudential ESG Exclusionary Strategy Fund - IDCW;INF109KC1N91;INF109KC1N83;16.92;;;13-Jan-2026
120688;ICICI Prudential Exports & Services Fund - Direct Plan - Growth;INF109K01W25;;182.57;;;13-Jan-2026
120687;ICICI Prudential Exports & Services Fund - Direct Plan - IDCW;INF109K01W09;INF109K01W17;77.66;;;13-Jan-2026
103312;ICICI Prudential Exports & Services Fund - Growth;INF109K01BB5;;167.16;;;13-Jan-2026
103313;ICICI Prudential Exports & Services Fund - IDCW;INF109K01FL5;INF109K01BA7;37.68;;;13-Jan-2026
120587;ICICI Prudential FMCG Fund - Direct Plan -  Growth;INF109K01Z14;;494.19;;;13-Jan-2026
120588;ICICI Prudential FMCG Fund - Direct Plan -  IDCW;INF109K01Y98;INF109K01Z06;162.24;;;13-Jan-2026
100352;ICICI Prudential FMCG Fund - Growth;INF109K01415;;446.40;;;13-Jan-2026
100351;ICICI Prudential FMCG Fund - IDCW;INF109K01EO2;INF109K01423;82.51;;;13-Jan-2026
150310;ICICI PRUDENTIAL HOUSING OPPORTUNITIES FUND - Direct Plan Growth;INF109KC10C2;;18.09;;;13-Jan-2026
150311;ICICI PRUDENTIAL HOUSING OPPORTUNITIES FUND - Direct Plan IDCW;INF109KC11C0;INF109KC12C8;15.34;;;13-Jan-2026
150308;ICICI PRUDENTIAL HOUSING OPPORTUNITIES FUND - Growth;INF109KC17B9;;17.26;;;13-Jan-2026
150309;ICICI PRUDENTIAL HOUSING OPPORTUNITIES FUND - IDCW;INF109KC18B7;INF109KC19B5;14.52;;;13-Jan-2026
145896;ICICI Prudential India Opportunities Fund - Cumulative Option;INF109KC1RE6;;37.48;;;13-Jan-2026
145897;ICICI Prudential India Opportunities Fund - Direct Plan - Cumulative Option;INF109KC1RH9;;41.01;;;13-Jan-2026
145898;ICICI Prudential India Opportunities Fund - Direct Plan - IDCW Option;INF109KC1RJ5;INF109KC1RI7;27.39;;;13-Jan-2026
145899;ICICI Prudential India Opportunities Fund - IDCW Option;INF109KC1RG1;INF109KC1RF3;24.24;;;13-Jan-2026
120621;ICICI Prudential Infrastructure Fund - Direct Plan -  Growth;INF109K018M4;;209.98;;;13-Jan-2026
120622;ICICI Prudential Infrastructure Fund - Direct Plan -  IDCW;INF109K016M8;INF109K017M6;45.88;;;13-Jan-2026
103149;ICICI Prudential Infrastructure Fund - Growth;INF109K01AV5;;192.89;;;13-Jan-2026
103150;ICICI Prudential Infrastructure Fund - IDCW;INF109K01FB6;INF109K01AT9;27.16;;;13-Jan-2026
151580;ICICI Prudential Innovation Fund - Direct Plan - Growth;INF109KC12T2;;19.72;;;13-Jan-2026
151578;ICICI Prudential Innovation Fund - Direct Plan - IDCW;INF109KC13T0;INF109KC14T8;16.70;;;13-Jan-2026
151579;ICICI Prudential Innovation Fund - Growth;INF109KC19S9;;19.11;;;13-Jan-2026
151581;ICICI Prudential Innovation Fund - IDCW;INF109KC10T6;INF109KC11T4;16.10;;;13-Jan-2026
145077;ICICI Prudential Manufacturing Fund - Cumulative Option;INF109KC1LG4;;35.27;;;13-Jan-2026
145075;ICICI Prudential Manufacturing Fund - Direct Plan - Cumulative Option;INF109KC1LJ8;;38.17;;;13-Jan-2026
145076;ICICI Prudential Manufacturing Fund - Direct Plan - IDCW Option;INF109KC1LK6;;24.77;;;13-Jan-2026
145078;ICICI Prudential Manufacturing Fund - IDCW Option;INF109KC1LH2;;22.24;;;13-Jan-2026
147346;ICICI Prudential MNC Fund - Direct Plan - Growth Option;INF109KC1D93;;31.59;;;13-Jan-2026
147347;ICICI Prudential MNC Fund - Direct Plan - IDCW Option;INF109KC1E01;;20.65;;;13-Jan-2026
147345;ICICI Prudential MNC Fund - Growth Option;INF109KC1D69;;29.03;;;13-Jan-2026
147348;ICICI Prudential MNC Fund - IDCW Option;INF109KC1D77;;18.47;;;13-Jan-2026
143873;ICICI Prudential Pharma Healthcare and Diagnostics (P.H.D) Fund - Cumulative Option;INF109KC1GE9;;39.26;;;13-Jan-2026
143874;ICICI Prudential Pharma Healthcare and Diagnostics (P.H.D) Fund - Direct Plan - Cumulative Option;INF109KC1GH2;;42.47;;;13-Jan-2026
143876;ICICI Prudential Pharma Healthcare and Diagnostics (P.H.D) Fund - Direct Plan - IDCW Option;INF109KC1GJ8;;25.65;;;13-Jan-2026
143875;ICICI Prudential Pharma Healthcare and Diagnostics (P.H.D) Fund - IDCW Option;INF109KC1GG4;;22.91;;;13-Jan-2026
150539;ICICI Prudential PSU Equity Fund - Direct Plan - Growth;INF109KC12I5;;22.30;;;13-Jan-2026
150541;ICICI Prudential PSU Equity Fund - Direct Plan - IDCW;INF109KC13I3;INF109KC14I1;18.92;;;13-Jan-2026
150538;ICICI Prudential PSU Equity Fund - Growth;INF109KC19H2;;21.29;;;13-Jan-2026
150540;ICICI Prudential PSU Equity Fund - IDCW;INF109KC10I9;INF109KC11I7;17.93;;;13-Jan-2026
153458;ICICI Prudential Quality Fund - Direct Plan - Growth;INF109K1A187;;10.52;;;13-Jan-2026
153460;ICICI Prudential Quality Fund - Direct Plan - IDCW;INF109K1A203;INF109K1A195;10.52;;;13-Jan-2026
153459;ICICI Prudential Quality Fund - Growth;INF109K1A211;;10.44;;;13-Jan-2026
153457;ICICI Prudential Quality Fund - IDCW;INF109K1A179;INF109K1A161;10.44;;;13-Jan-2026
148600;ICICI Prudential Quant Fund Direct Plan Growth;INF109KC1O66;;24.00;;;13-Jan-2026
148601;ICICI Prudential Quant Fund Direct Plan IDCW;INF109KC1O82;INF109KC1O74;15.52;;;13-Jan-2026
148598;ICICI Prudential Quant Fund Growth;INF109KC1O33;;23.22;;;13-Jan-2026
148599;ICICI Prudential Quant Fund IDCW;INF109KC1O58;INF109KC1O41;14.85;;;13-Jan-2026
153184;ICICI Prudential Rural Opportunities Fund - Direct Plan - Growth;INF109KC12Z9;;11.67;;;13-Jan-2026
153182;ICICI Prudential Rural Opportunities Fund - Direct Plan - IDCW;INF109KC14Z5;INF109KC13Z7;11.66;;;13-Jan-2026
153181;ICICI Prudential Rural Opportunities Fund - Growth;INF109KC19Y7;;11.53;;;13-Jan-2026
153183;ICICI Prudential Rural Opportunities Fund - IDCW;INF109KC11Z1;INF109KC10Z3;11.53;;;13-Jan-2026
120594;ICICI Prudential Technology Fund - Direct Plan -  Growth;INF109K01Z48;;231.90;;;13-Jan-2026
120595;ICICI Prudential Technology Fund - Direct Plan -  IDCW;INF109K01Z22;INF109K01Z30;141.58;;;13-Jan-2026
100363;ICICI Prudential Technology Fund - Growth;INF109K01506;;207.82;;;13-Jan-2026
115294;ICICI Prudential Technology Fund - IDCW;INF109K01FO9;INF109K01514;64.90;;;13-Jan-2026
150685;ICICI PRUDENTIAL TRANSPORTATION AND LOGISTICS FUND - Direct Plan - Growth;INF109KC12K1;;21.65;;;13-Jan-2026
150687;ICICI PRUDENTIAL TRANSPORTATION AND LOGISTICS FUND - Direct Plan - IDCW;INF109KC13K9;INF109KC14K7;18.47;;;13-Jan-2026
150684;ICICI PRUDENTIAL TRANSPORTATION AND LOGISTICS FUND - Growth;INF109KC19J8;;20.78;;;13-Jan-2026
150686;ICICI PRUDENTIAL TRANSPORTATION AND LOGISTICS FUND - IDCW;INF109KC10K5;INF109KC11K3;17.62;;;13-Jan-2026
120186;ICICI Prudential US Bluechip Equity Fund - Direct Plan -  Growth;INF109K01Z71;;84.01;;;13-Jan-2026
120185;ICICI Prudential US Bluechip Equity Fund - Direct Plan -  IDCW;INF109K01Z55;INF109K01Z63;84;;;13-Jan-2026
117620;ICICI Prudential US Bluechip Equity Fund - Growth;INF109K01E35;;74.93;;;13-Jan-2026
117619;ICICI Prudential US Bluechip Equity Fund - IDCW;INF109K01E43;INF109K01E50;74.93;;;13-Jan-2026

Invesco Mutual Fund
153291;Invesco India Business Cycle Fund - Direct Plan - Growth;INF205KA1AI8;;12.52;;;13-Jan-2026
153290;Invesco India Business Cycle Fund - Direct Plan - IDCW;INF205KA1AJ6;INF205KA1AK4;12.52;;;13-Jan-2026
153288;Invesco India Business Cycle Fund - Regular Plan - Growth;INF205KA1AF4;;12.34;;;13-Jan-2026
153289;Invesco India Business Cycle Fund - Regular Plan - IDCW;INF205KA1AG2;INF205KA1AH0;12.34;;;13-Jan-2026
153900;Invesco India Consumption Fund - Direct Plan - Growth;INF205KA1BI6;;9.52;;;13-Jan-2026
153901;Invesco India Consumption Fund - Direct Plan - IDCW;INF205KA1BJ4;INF205KA1BK2;9.52;;;13-Jan-2026
153902;Invesco India Consumption Fund - Regular Plan - Growth Plan;INF205KA1BF2;;9.48;;;13-Jan-2026
153903;Invesco India Consumption Fund - Regular Plan - IDCW Plan;INF205KA1BG0;INF205KA1BH8;9.48;;;13-Jan-2026
148751;Invesco India ESG Integration Strategy Fund - Direct Plan - Growth;INF205KA1338;;18.52;;;13-Jan-2026
148752;Invesco India ESG Integration Strategy Fund - Direct Plan - IDCW (Payout / Reinvestment);INF205KA1320;INF205KA1346;15.11;;;13-Jan-2026
148753;Invesco India ESG Integration Strategy Fund - Regular Plan - Growth;INF205KA1304;;17.16;;;13-Jan-2026
148754;Invesco India ESG Integration Strategy Fund - Regular Plan - IDCW (Payout / Reinvestment);INF205KA1296;INF205KA1312;13.84;;;13-Jan-2026
120385;Invesco India Financial Services Fund - Direct Plan - Growth;INF205K01KY4;;174.75;;;13-Jan-2026
120384;Invesco India Financial Services Fund - Direct Plan - IDCW (Payout / Reinvestment);INF205K01KW8;INF205K01KX6;89.94;;;13-Jan-2026
108377;Invesco India Financial Services Fund - Regular Plan -  IDCW (Payout / Reinvestment);INF205K01171;INF205K01163;74.09;;;13-Jan-2026
108378;Invesco India Financial Services Fund - Regular Plan - Growth;INF205K01155;;145.29;;;13-Jan-2026
120405;Invesco India Infrastructure Fund - Direct Plan - Growth Option;INF205K01MD4;;70.63;;;13-Jan-2026
120404;Invesco India Infrastructure Fund - Direct Plan - IDCW (Payout / Reinvestment);INF205K01MB8;INF205K01MC6;47.26;;;13-Jan-2026
106654;Invesco India Infrastructure Fund - Regular Plan - Growth Option;INF205K01CD5;;58.41;;;13-Jan-2026
106653;Invesco India Infrastructure Fund - Regular Plan - IDCW (Payout / Reinvestment);INF205K01CE3;INF205K01CF0;37.55;;;13-Jan-2026
152756;Invesco India Manufacturing Fund - Direct Plan - Growth;INF205KA1908;;9.98;;;13-Jan-2026
152757;Invesco India Manufacturing Fund - Direct Plan - IDCW;INF205KA1916;INF205KA1924;9.99;;;13-Jan-2026
152758;Invesco India Manufacturing Fund - Regular Plan - Growth;INF205KA1874;;9.77;;;13-Jan-2026
152759;Invesco India Manufacturing Fund - Regular Plan - IDCW;INF205KA1882;INF205KA1890;9.77;;;13-Jan-2026
120395;Invesco India PSU Equity Fund - Direct Plan - Growth;INF205K01NG5;;79.36;;;13-Jan-2026
120394;Invesco India PSU Equity Fund - Direct Plan - IDCW (Payout / Reinvestment);INF205K01NE0;INF205K01NF7;53.54;;;13-Jan-2026
112171;Invesco India PSU Equity Fund - Regular Plan - Growth;INF205K01338;;66.5;;;13-Jan-2026
112173;Invesco India PSU Equity Fund - Regular Plan - IDCW (Payout / Reinvestment);INF205K01353;INF205K01346;44;;;13-Jan-2026
152863;Invesco India Technology Fund - Direct Plan - Growth;INF205KA1965;;9.96;;;13-Jan-2026
152860;Invesco India Technology Fund - Direct Plan - IDCW;INF205KA1973;INF205KA1981;9.96;;;13-Jan-2026
152862;Invesco India Technology Fund - Regular Plan - Growth;INF205KA1932;;9.75;;;13-Jan-2026
152861;Invesco India Technology Fund - Regular Plan - IDCW;INF205KA1940;INF205KA1957;9.75;;;13-Jan-2026

ITI Mutual Fund
149321;ITI Banking and Financial Services Fund - Direct Plan - Growth Option;INF00XX01BU6;;17.5887;;;13-Jan-2026
149322;ITI Banking and Financial Services Fund - Direct Plan - IDCW Option;INF00XX01BV4;INF00XX01BW2;17.5887;;;13-Jan-2026
149323;ITI Banking and Financial Services Fund - Regular Plan - IDCW Option;INF00XX01BS0;INF00XX01BT8;16.2052;;;13-Jan-2026
149324;ITI Banking and Financial Services Fund -Regular Plan - Growth Option;INF00XX01BR2;;16.2052;;;13-Jan-2026
153260;ITI Bharat Consumption Fund - Direct Plan - Growth;INF00XX01DG1;;11.4616;;;13-Jan-2026
153261;ITI Bharat Consumption Fund - Direct Plan - IDCW Option;INF00XX01DH9;INF00XX01DI7;11.4616;;;13-Jan-2026
153262;ITI Bharat Consumption Fund - Regular Plan - IDCW Option;INF00XX01DE6;INF00XX01DF3;11.2792;;;13-Jan-2026
153263;ITI Bharat Consumption Fund - Regular Plan Plan - Growth;INF00XX01DD8;;11.2792;;;13-Jan-2026
149268;ITI Pharma and Healthcare Fund - Direct Plan - Growth Option;INF00XX01BO9;;16.8812;;;13-Jan-2026
149271;ITI Pharma and Healthcare Fund - Direct Plan - IDCW Option;INF00XX01BP6;INF00XX01BQ4;16.8812;;;13-Jan-2026
149270;ITI Pharma and Healthcare Fund - Regular Plan - Growth Option;INF00XX01BL5;;15.5144;;;13-Jan-2026
149269;ITI Pharma and Healthcare Fund - Regular Plan - IDCW Option;INF00XX01BM3;INF00XX01BN1;15.5144;;;13-Jan-2026

Kotak Mahindra Mutual Fund
153753;Kotak Active Momentum Fund - Direct Plan - Growth option;INF174KA1XA4;;10.451;;;13-Jan-2026
153754;Kotak Active Momentum Fund - Direct Plan - IDCW - Payout and Reinvestment;INF174KA1XB2;INF174KA1XC0;10.451;;;13-Jan-2026
153755;Kotak Active Momentum Fund - Regular Plan - Growth;INF174KA1XD8;;10.393;;;13-Jan-2026
153756;Kotak Active Momentum Fund - Regular Plan - IDCW - Payout & Reinvestment;INF174KA1XE6;INF174KA1XF3;10.393;;;13-Jan-2026
151384;Kotak Banking & Financial Services Fund - Direct Plan - Growth;INF174KA1MD1;;16.906;;;13-Jan-2026
151383;Kotak Banking & Financial Services Fund - Direct Plan - IDCW Payout;INF174KA1ME9;INF174KA1MF6;16.903;;;13-Jan-2026
151381;Kotak Banking & Financial Services Fund - Regular Plan - Growth;INF174KA1MA7;;16.159;;;13-Jan-2026
151382;Kotak Banking & Financial Services Fund - Regular Plan - IDCW Payout;INF174KA1MB5;INF174KA1MC3;16.159;;;13-Jan-2026
150624;Kotak Business Cycle - Direct Plan - Growth;INF174KA1JN6;;17.044;;;13-Jan-2026
150625;Kotak Business Cycle Fund-Direct Plan-IDCW option;INF174KA1JO4;INF174KA1JP1;17.043;;;13-Jan-2026
150626;Kotak Business Cycle Fund-Regular Plan--Growth;INF174KA1JK2;;16.206;;;13-Jan-2026
150622;Kotak Business Cycle Fund-Regular Plan-IDCW option;INF174KA1JL0;INF174KA1JM8;16.206;;;13-Jan-2026
152169;Kotak Consumption Fund - Direct plan - Growth Option;INF174KA1PP8;;14.303;;;13-Jan-2026
152172;Kotak Consumption Fund - Direct plan - IDCW Option;INF174KA1PQ6;INF174KA1PR4;14.301;;;13-Jan-2026
152170;Kotak Consumption Fund - Regular plan - Growth Option;INF174KA1PM5;;13.816;;;13-Jan-2026
152171;Kotak Consumption Fund - Regular plan - IDCW Option;INF174KA1PN3;INF174KA1PO1;13.814;;;13-Jan-2026
153447;Kotak Energy Opportunities Fund-Direct-Growth;INF174KA1VX0;;9.942;;;13-Jan-2026
153448;Kotak Energy Opportunities Fund-Direct-IDCW-Payout & Reinvestment;INF174KA1VY8;INF174KA1VZ5;9.942;;;13-Jan-2026
153449;Kotak Energy Opportunities Fund-Regular-Growth;INF174KA1WA6;;9.834;;;13-Jan-2026
153450;Kotak Energy Opportunities Fund-Regular-IDCW-Payout & Reinvestment;INF174KA1WB4;INF174KA1WC2;9.834;;;13-Jan-2026
148606;Kotak ESG Exclusionary Strategy Fund - Direct Plan - Growth Option;INF174KA1FI4;;19.053;;;13-Jan-2026
148605;Kotak ESG Exclusionary Strategy Fund - Direct Plan - Payout of Income Distribution cum capital withdrawal option;INF174KA1FH6;INF174KA1FJ2;19.053;;;13-Jan-2026
148602;Kotak ESG Exclusionary Strategy Fund - Regular Plan - Growth Option;INF174KA1FF0;;17.56;;;13-Jan-2026
148603;Kotak ESG Exclusionary Strategy Fund - Regular Plan - Payout of Income Distribution cum capital withdrawal option;INF174KA1FE3;INF174KA1FG8;17.56;;;13-Jan-2026
152214;Kotak Healthcare Fund - Direct Plan - Growth Option;INF174KA1PZ7;;13.665;;;13-Jan-2026
152215;Kotak Healthcare Fund - Direct Plan - IDCW Option;INF174KA1QA8;INF174KA1QB6;13.664;;;13-Jan-2026
152216;Kotak Healthcare Fund - Regular Plan - Growth Option;INF174KA1PW4;;13.203;;;13-Jan-2026
152213;Kotak Healthcare Fund - Regular Plan - IDCW Option;INF174KA1PX2;INF174KA1PY0;13.207;;;13-Jan-2026
133796;Kotak Infrastructure & Economic Reform Fund - Standard Plan-Growth;INF178L01095;;63.374;;;13-Jan-2026
133799;Kotak Infrastructure & Economic Reform Fund - Standard Plan-Payout of Income Distribution cum capital withdrawal option;INF178L01079;INF178L01087;50.685;;;13-Jan-2026
133801;Kotak Infrastructure & Economic Reform Fund- Direct Plan- Growth Option;INF178L01AL9;;75.274;;;13-Jan-2026
133800;Kotak Infrastructure & Economic Reform Fund- Direct Plan- Payout of Income Distribution cum capital withdrawal option;INF178L01AK1;INF178L01AJ3;74.413;;;13-Jan-2026
149841;Kotak Manufacture in India Fund - Direct Plan Growth;INF174KA1IF4;;20.785;;;13-Jan-2026
149842;Kotak Manufacture in India Fund - Direct Plan IDCW Option;INF174KA1IG2;INF174KA1IH0;20.785;;;13-Jan-2026
149840;Kotak Manufacture in India Fund - Regular Plan Growth;INF174KA1IC1;;19.553;;;13-Jan-2026
149843;Kotak Manufacture in India Fund - Regular Plan IDCW Option;INF174KA1ID9;INF174KA1IE7;19.553;;;13-Jan-2026
152910;Kotak MNC Fund-Direct Plan-Growth;INF174KA1TG9;;10.777;;;13-Jan-2026
152911;Kotak MNC Fund-Direct Plan-IDCW Option;INF174KA1TH7;INF174KA1TI5;10.777;;;13-Jan-2026
152913;Kotak MNC Fund-Regular Plan- Growth;INF174KA1TJ3;;10.589;;;13-Jan-2026
152912;KotaK MNC Fund-Regular Plan-IDCW OPTION;INF174KA1TK1;INF174KA1TL9;10.589;;;13-Jan-2026
147727;Kotak Pioneer Fund- Direct Plan- Growth Option;INF174KA1EZ1;;34.685;;;13-Jan-2026
147724;Kotak Pioneer Fund- Regular Plan- Growth Option;INF174KA1EW8;;31.474;;;13-Jan-2026
147728;Kotak Pioneer Fund- Regular Plan- Reinvestment of Income Distribution cum capital withdrawal option;INF174KA1EU2;INF174KA1EV0;31.488;;;13-Jan-2026
147725;Kotak Pioneer Fund-Direct Plan-Reinvestment of Income Distribution cum capital withdrawal option;INF174KA1EX6;INF174KA1EY4;34.68;;;13-Jan-2026
151881;Kotak Quant Fund - Direct Plan - Growth Option;INF174KA1OL0;;15.253;;;13-Jan-2026
151880;Kotak Quant Fund - Direct plan - IDCW Payout;INF174KA1OM8;INF174KA1ON6;15.253;;;13-Jan-2026
151878;Kotak Quant Fund - Regular Plan - Growth Option;INF174KA1OI6;;15.126;;;13-Jan-2026
151879;Kotak Quant Fund - Regular Plan - IDCW Payout;INF174KA1OJ4;INF174KA1OK2;15.011;;;13-Jan-2026
153970;Kotak Rural Opportunities Fund - Direct Plan - Growth;INF174KA1XW8;;10.025;;;13-Jan-2026
153967;Kotak Rural Opportunities Fund - Direct Plan - IDCW Divdend - Payouout & Reinvestment;INF174KA1XX6;INF174KA1XY4;10.025;;;13-Jan-2026
153969;Kotak Rural Opportunities Fund - Regular Plan - Growth;INF174KA1XZ1;;10.006;;;13-Jan-2026
153968;Kotak Rural Opportunities Fund - Regular Plan - IDCW Dividend - Payout & Reinvestment;INF174KA1YA2;INF174KA1YB0;10.006;;;13-Jan-2026
152702;Kotak Special Opportunities Fund - Direct Plan - Growth Option;INF174KA1SF3;;9.968;;;13-Jan-2026
152704;Kotak Special Opportunities Fund - Direct Plan - IDCW Payout Option;INF174KA1SG1;;9.969;;;13-Jan-2026
152703;Kotak Special Opportunities Fund - Regular Plan - Growth Option;INF174KA1SC0;;9.756;;;13-Jan-2026
152700;Kotak Special Opportunities Fund - Regular Plan - IDCW Option;INF174KA1SD8;INF174KA1SE6;9.756;;;13-Jan-2026
152462;Kotak Technology Fund - Direct Plan - Growth Option;INF174KA1QZ5;;12.061;;;13-Jan-2026
152463;Kotak Technology Fund - Direct Plan - IDCW Option;INF174KA1RA6;INF174KA1RB4;12.06;;;13-Jan-2026
152460;Kotak Technology Fund - Regular Plan - Growth Option;INF174KA1QW2;;11.739;;;13-Jan-2026
152461;Kotak Technology Fund - Regular Plan - IDCW Option;INF174KA1QX0;INF174KA1QY8;11.74;;;13-Jan-2026
153117;Kotak Transportation & Logistics Fund-Direct -IDCW-PAYOUT & REINVESTMENT;INF174KA1TT2;INF174KA1TU0;11.64;;;13-Jan-2026
153118;Kotak Transportation & Logistics Fund-Direct Growth;INF174KA1TS4;;11.64;;;13-Jan-2026
153116;Kotak Transportation & Logistics Fund-Regular-Growth;INF174KA1TV8;;11.443;;;13-Jan-2026
153119;Kotak Transportation & Logistics Fund-Regular-IDCW Payout & Reinvestment;INF174KA1TW6;INF174KA1TX4;11.444;;;13-Jan-2026

LIC Mutual Fund
134017;LIC MF Banking and Financial Services Fund-Direct Plan-Growth;INF767K01NK6;;25.4527;;;13-Jan-2026
133908;LIC MF Banking and Financial Services Fund-Direct Plan-IDCW;INF767K01NJ8;INF767K01NL4;25.2796;;;13-Jan-2026
134016;LIC MF Banking and Financial Services Fund-Regular Plan-Growth;INF767K01NH2;;22.4095;;;13-Jan-2026
134015;LIC MF Banking and Financial Services Fund-Regular Plan-IDCW;INF767K01NG4;INF767K01NI0;22.4056;;;13-Jan-2026
153948;LIC MF Consumption Fund-Direct Plan-Growth;INF767K01SD0;;9.7308;;;13-Jan-2026
153949;LIC MF Consumption Fund-Direct Plan-IDCW;INF767K01SF5;INF767K01SE8;9.7308;;;13-Jan-2026
153950;LIC MF Consumption Fund-Regular Plan-Growth;INF767K01SA6;;9.7056;;;13-Jan-2026
153951;LIC MF Consumption Fund-Regular Plan-IDCW;INF767K01SC2;INF767K01SB4;9.7056;;;13-Jan-2026
152024;LIC MF Healthcare Fund-Direct Plan-Growth;INF397L01LK4;;31.8537;;;13-Jan-2026
152023;LIC MF Healthcare Fund-Direct Plan-IDCW;INF397L01LH0;INF397L01LI8;31.8447;;;13-Jan-2026
152025;LIC MF Healthcare Fund-Regular Plan-Growth;INF397L01LG2;;29.0075;;;13-Jan-2026
152026;LIC MF Healthcare Fund-Regular Plan-IDCW;INF397L01LD9;INF397L01LE7;29.0079;;;13-Jan-2026
120351;LIC MF Infrastructure Fund-Direct Plan-Growth;INF767K01GW5;;55.2841;;;13-Jan-2026
120350;LIC MF Infrastructure Fund-Direct Plan-IDCW;INF767K01GV7;INF767K01GX3;54.2829;;;13-Jan-2026
107763;LIC MF Infrastructure Fund-Regular Plan-Growth;INF767K01501;;48.0369;;;13-Jan-2026
107764;LIC MF Infrastructure Fund-Regular Plan-IDCW;INF767K01485;INF767K01493;48.0381;;;13-Jan-2026
152920;LIC MF Manufacturing Fund-Direct Plan-Growth;INF767K01RR2;;9.8812;;;13-Jan-2026
152921;LIC MF Manufacturing Fund-Direct Plan-IDCW;INF767K01RT8;INF767K01RS0;9.8812;;;13-Jan-2026
152922;LIC MF Manufacturing Fund-Regular Plan-Growth;INF767K01RO9;;9.6726;;;13-Jan-2026
152923;LIC MF Manufacturing Fund-Regular Plan-IDCW;INF767K01RQ4;INF767K01RP6;9.6726;;;13-Jan-2026

Mahindra Manulife Mutual Fund
152045;Mahindra Manulife Business Cycle Fund - Direct Plan - Growth;INF174V01BQ4;;15.8677;;;13-Jan-2026
152048;Mahindra Manulife Business Cycle Fund - Direct Plan - IDCW;INF174V01BR2;INF174V01BS0;14.6562;;;13-Jan-2026
152047;Mahindra Manulife Business Cycle Fund - Regular Plan - IDCW;INF174V01BO9;INF174V01BP6;14.0452;;;13-Jan-2026
152046;Mahindra Manulife Business Cycle Fund-  Regular Plan - Growth;INF174V01BN1;;15.2395;;;13-Jan-2026
145357;Mahindra Manulife Consumption Fund - Direct Plan - IDCW;INF174V01689;INF174V01671;19.5799;;;13-Jan-2026
145356;Mahindra Manulife Consumption Fund - Direct Plan -Growth;INF174V01663;;25.3387;;;13-Jan-2026
145358;Mahindra Manulife Consumption Fund - Regular Plan - IDCW;INF174V01655;INF174V01648;16.8978;;;13-Jan-2026
145355;Mahindra Manulife Consumption Fund- Regular Plan - Growth;INF174V01630;;22.4165;;;13-Jan-2026
152672;Mahindra Manulife Manufacturing Fund - Direct Plan - Growth;INF174V01CC2;;10.0281;;;13-Jan-2026
152670;Mahindra Manulife Manufacturing Fund - Direct Plan - IDCW;INF174V01CD0;INF174V01CE8;10.0281;;;13-Jan-2026
152671;Mahindra Manulife Manufacturing Fund - Regular Plan - Growth;INF174V01BZ5;;9.7821;;;13-Jan-2026
152669;Mahindra Manulife Manufacturing Fund - Regular Plan - IDCW;INF174V01CA6;INF174V01CB4;9.7821;;;13-Jan-2026
153674;Mahindra Manulife Banking & Financial Services Fund - Direct - Growth;INF174V01CO7;;10.7919;;;13-Jan-2026
153672;Mahindra Manulife Banking & Financial Services Fund - Direct - IDCW;INF174V01CQ2;INF174V01CP4;10.7919;;;13-Jan-2026
153675;Mahindra Manulife Banking & Financial Services Fund - Regular - Growth;INF174V01CL3;;10.6960;;;13-Jan-2026
153673;Mahindra Manulife Banking & Financial Services Fund - Regular - IDCW;INF174V01CN9;INF174V01CM1;10.6960;;;13-Jan-2026

Mirae Asset Mutual Fund
148624;Mirae Asset Banking and Financial Services Fund Direct  IDCW;INF769K01GW1;INF769K01GY7;23.588;;;13-Jan-2026
148623;Mirae Asset Banking and Financial Services Fund Direct Growth;INF769K01GX9;;23.687;;;13-Jan-2026
148621;Mirae Asset Banking and Financial Services Fund Regular Growth;INF769K01GU5;;21.877;;;13-Jan-2026
148622;Mirae Asset Banking and Financial Services Fund Regular IDCW;INF769K01GT7;INF769K01GV3;21.904;;;13-Jan-2026
118837;Mirae Asset Great Consumer Fund - Direct Plan - Growth;INF769K01BL5;;110.712;;;13-Jan-2026
114931;Mirae Asset Great Consumer Fund - Regular Plan - Growth option;INF769K01135;;92.255;;;13-Jan-2026
118838;Mirae Asset Great Consumer Fund Direct IDCW;INF769K01BM3;INF769K01BN1;66.474;;;13-Jan-2026
114930;Mirae Asset Great Consumer Fund Regular IDCW;INF769K01150;INF769K01143;25.847;;;13-Jan-2026
143785;Mirae Asset Healthcare Fund -Regular Growth;INF769K01EA2;;38.207;;;13-Jan-2026
143783;Mirae Asset Healthcare Fund Direct Growth;INF769K01ED6;;42.898;;;13-Jan-2026
143784;Mirae Asset Healthcare Fund Direct IDCW;INF769K01EE4;INF769K01EF1;28.182;;;13-Jan-2026
143786;Mirae Asset Healthcare Fund Regular IDCW;INF769K01EB0;INF769K01EC8;24.529;;;13-Jan-2026
153983;Mirae Asset Infrastructure Fund - Direct Plan - Growth;INF769K01PV4;;9.863;;;13-Jan-2026
153984;Mirae Asset Infrastructure Fund - Direct Plan - IDCW;INF769K01PX0;INF769K01PW2;9.863;;;13-Jan-2026
153985;Mirae Asset Infrastructure Fund - Regular Plan - Growth;INF769K01PS0;;9.844;;;13-Jan-2026
153986;Mirae Asset Infrastructure Fund - Regular Plan - IDCW;INF769K01PU6;INF769K01PT8;9.846;;;13-Jan-2026

Motilal Oswal Mutual Fund
153366;Motilal Oswal Active Momentum Fund - Regular- IDCW;INF247L01ET7;INF247L01EU5;12.1429;;;13-Jan-2026
153364;Motilal Oswal Active Momentum Fund- Direct-Growth;INF247L01EP5;;12.1526;;;13-Jan-2026
153367;Motilal Oswal Active Momentum Fund- Direct-IDCW;INF247L01EQ3;INF247L01ER1;12.1523;;;13-Jan-2026
153365;Motilal Oswal Active Momentum Fund- Regular- Growth;INF247L01ES9;;12.1426;;;13-Jan-2026
152796;Motilal Oswal Business Cycle Fund - Direct Plan- Growth;INF247L01DG6;;12.6530;;;13-Jan-2026
152797;Motilal Oswal Business Cycle Fund - Direct Plan- IDCW;INF247L01DH4;INF247L01DI2;12.6522;;;13-Jan-2026
152794;Motilal Oswal Business Cycle Fund-Regular Plan-Growth;INF247L01DD3;;12.3964;;;13-Jan-2026
152795;Motilal Oswal Business Cycle Fund-Regular Plan-IDCW;INF247L01DE1;INF247L01DF8;12.3965;;;13-Jan-2026
153913;Motilal Oswal Consumption Fund-Direct-Growth;INF247L01GA2;;9.4791;;;13-Jan-2026
153914;Motilal Oswal Consumption Fund-Direct-IDCW;INF247L01GB0;INF247L01GC8;9.4791;;;13-Jan-2026
153916;Motilal Oswal Consumption Fund-Regular-Growth;INF247L01GD6;;9.4475;;;13-Jan-2026
153915;Motilal Oswal Consumption Fund-Regular-IDCW;INF247L01GE4;INF247L01GF1;9.4475;;;13-Jan-2026
152964;Motilal Oswal Digital India Fund - Direct Plan - Growth;INF247L01DN2;;10.3644;;;13-Jan-2026
152965;Motilal Oswal Digital India Fund - Direct Plan- IDCW;INF247L01DO0;INF247L01DP7;10.3641;;;13-Jan-2026
152967;Motilal Oswal Digital India Fund - Regular Plan - IDCW;INF247L01DR3;INF247L01DS1;10.1819;;;13-Jan-2026
152966;Motilal Oswal Digital India Fund - Regular Plan- Growth;INF247L01DQ5;;10.1819;;;13-Jan-2026
153484;Motilal Oswal Infrastructure Fund-Direct-Growth;INF247L01EW1;;11.8017;;;13-Jan-2026
153483;Motilal Oswal Infrastructure Fund-Direct-IDCW;INF247L01EX9;INF247L01EY7;11.8017;;;13-Jan-2026
153482;Motilal Oswal Infrastructure Fund-Regular-Growth;INF247L01EZ4;;11.7804;;;13-Jan-2026
153485;Motilal Oswal Infrastructure Fund-Regular-IDCW;INF247L01FA4;INF247L01FB2;11.7804;;;13-Jan-2026
153258;Motilal Oswal Innovation Opportunities Fund - Direct Plan- Growth;INF247L01EJ8;;12.2260;;;13-Jan-2026
153259;Motilal Oswal Innovation Opportunities Fund - Direct Plan- IDCW;INF247L01EK6;INF247L01EL4;12.2252;;;13-Jan-2026
153256;Motilal Oswal Innovation Opportunities Fund- Regular Plan- Growth;INF247L01EM2;;12.0751;;;13-Jan-2026
153257;Motilal Oswal Innovation Opportunities Fund- Regular Plan- IDCW;INF247L01EN0;INF247L01EO8;12.0753;;;13-Jan-2026
152762;Motilal Oswal Manufacturing Fund - Direct Plan - IDCW;INF247L01DB7;INF247L01DC5;11.0509;;;13-Jan-2026
152760;Motilal Oswal Manufacturing Fund - Direct Plan- Growth;INF247L01DA9;;11.0515;;;13-Jan-2026
152761;Motilal Oswal Manufacturing Fund - Regular Plan - IDCW;INF247L01CY1;INF247L01CZ8;10.8246;;;13-Jan-2026
152763;Motilal Owsal Manufacturing Fund - Regular Plan - Growth;INF247L01CX3;;10.8248;;;13-Jan-2026
152694;Motilal Oswal Quant Fund - Direct - Growth;INF247L01CS3;;10.4252;;;13-Jan-2026
152695;Motilal Oswal Quant Fund - Direct - IDCW;INF247L01CT1;INF247L01CU9;9.8037;;;13-Jan-2026
152692;Motilal Oswal Quant Fund - Regular - Growth;INF247L01CP9;;9.8451;;;13-Jan-2026
152693;Motilal Oswal Quant Fund - Regular - IDCW;INF247L01CQ7;INF247L01CR5;9.0769;;;13-Jan-2026
153558;Motilal Oswal Services Fund - Direct Plan - Growth;INF247L01FE6;;10.7434;;;13-Jan-2026
153563;Motilal Oswal Services Fund - Direct Plan - IDCW;INF247L01FI7;INF247L01FF3;10.7434;;;13-Jan-2026
153561;Motilal Oswal Services Fund - Regular Plan - Growth;INF247L01FG1;;10.7242;;;13-Jan-2026
153562;Motilal Oswal Services Fund - Regular Plan - IDCW;INF247L01FJ5;INF247L01FH9;10.7242;;;13-Jan-2026
153749;Motilal Oswal Special Opportunities Fund - Direct - Growth;INF247L01FS6;;10.4647;;;13-Jan-2026
153750;Motilal Oswal Special Opportunities Fund - Direct- IDCW;INF247L01FT4;INF247L01FU2;10.4647;;;13-Jan-2026
153752;Motilal Oswal Special Opportunities Fund-Regular Plan- IDCW;INF247L01FW8;INF247L01FX6;10.4603;;;13-Jan-2026
153751;Motilal Oswal Special Opportunities Fund-Regular Plan-Growth;INF247L01FV0;;10.4603;;;13-Jan-2026

Nippon India Mutual Fund
153276;Nippon India Active Momentum Fund - Regular Plan- Growth Option;INF204KC1EH1;;11.8318;;;13-Jan-2026
153277;Nippon India Active Momentum Fund- Direct Plan IDCW Option;INF204KC1EL3;INF204KC1EM1;11.9326;;;13-Jan-2026
153278;Nippon India Active Momentum Fund- Regular Plan- IDCW Option;INF204KC1EI9;INF204KC1EJ7;11.8318;;;13-Jan-2026
153274;Nippon India Active Momentum Fund-Direct Plan - Growth Option;INF204KC1EK5;;11.9326;;;13-Jan-2026
118588;Nippon India Banking & Financial Services Fund - Direct Plan Growth Plan - Bonus Option;INF204K01D22;;725.3674;;;13-Jan-2026
118589;Nippon India Banking & Financial Services Fund - Direct Plan Growth Plan - Growth Option;INF204K01XO1;;725.3674;;;13-Jan-2026
101864;Nippon India Banking & Financial Services Fund - IDCW Option;INF204K01893;INF204K01901;75.7396;;;13-Jan-2026
118591;Nippon India Banking & Financial Services Fund- DIRECT Plan - IDCW Option;INF204K01XM5;INF204K01XN3;113.5756;;;13-Jan-2026
101863;Nippon India Banking & Financial Services Fund-Growth Plan-Bonus Option;INF204K01919;;661.0125;;;13-Jan-2026
101862;Nippon India Banking & Financial Services Fund-Growth Plan-Growth Option;INF204K01927;;661.0125;;;13-Jan-2026
118725;NIPPON INDIA CONSUMPTION FUND - DIRECT Plan - IDCW Option;INF204K01G37;INF204K01G45;53.7767;;;13-Jan-2026
118722;Nippon India Consumption Fund - Direct Plan Growth Plan - Bonus;INF204K01G29;;219.5552;;;13-Jan-2026
118724;Nippon India Consumption Fund - Direct Plan Growth Plan - Growth Option;INF204K01G52;;219.5552;;;13-Jan-2026
102753;NIPPON INDIA CONSUMPTION FUND - IDCW Option;INF204K01AN1;INF204K01AO9;35.0836;;;13-Jan-2026
102752;Nippon India Consumption Fund-Growth Plan-Bonus Option;INF204K01AP6;;194.1263;;;13-Jan-2026
102751;Nippon India Consumption Fund-Growth Plan-Growth Option;INF204K01AQ4;;194.1263;;;13-Jan-2026
152033;Nippon India Innovation Fund-Direct Plan-Growth Option;INF204KC1BO3;;14.4061;;;13-Jan-2026
152035;Nippon India Innovation Fund-Direct Plan-IDCW Option;INF204KC1BP0;INF204KC1BQ8;14.4061;;;13-Jan-2026
152034;Nippon India Innovation Fund-Regular Plan-Growth Option;INF204KC1BL9;;13.9586;;;13-Jan-2026
152036;Nippon India Innovation Fund-Regular Plan-IDCW Option;INF204KC1BM7;INF204KC1BN5;13.9586;;;13-Jan-2026
130864;NIPPON INDIA - JAPAN EQUITY FUND - DIRECT Plan - IDCW Option;INF204KA1SM3;;26.1173;;;13-Jan-2026
130859;NIPPON INDIA - JAPAN EQUITY FUND - IDCW Option;INF204KA1SL5;;23.2583;;;13-Jan-2026
130861;Nippon India Japan Equity Fund- Direct Plan- Growth Plan- Bonus Option;INF204KA1SK7;;26.1173;;;13-Jan-2026
130860;Nippon India Japan Equity Fund- Direct Plan- Growth Plan- Growth Option;INF204KA1SI1;;26.1173;;;13-Jan-2026
130858;Nippon India Japan Equity Fund- Growth Plan- Bonus Option;INF204KA1SJ9;;23.2583;;;13-Jan-2026
130863;Nippon India Japan Equity Fund- Growth Plan- Growth Option;INF204KA1SH3;;23.2583;;;13-Jan-2026
153693;Nippon India MNC Fund- Direct Plan- Growth Option;INF204KC1FR7;;10.7342;;;13-Jan-2026
153690;Nippon India MNC Fund- Direct Plan-IDCW Payout;INF204KC1FS5;INF204KC1FT3;10.7342;;;13-Jan-2026
153692;Nippon India MNC Fund- Regular Plan- IDCW Payout;INF204KC1FP1;INF204KC1FQ9;10.6663;;;13-Jan-2026
153691;Nippon India MNC Fund- Regular Plan-Growth Option;INF204KC1FO4;;10.6663;;;13-Jan-2026
118756;NIPPON INDIA PHARMA FUND - DIRECT Plan - IDCW Option;INF204K01I35;INF204K01I43;167.7687;;;13-Jan-2026
118758;Nippon India Pharma Fund - Direct Plan Growth Plan - Bonus Option;INF204K01I27;;568.1619;;;13-Jan-2026
118759;Nippon India Pharma Fund - Direct Plan Growth Plan - Growth Option;INF204K01I50;;568.1619;;;13-Jan-2026
102433;NIPPON INDIA PHARMA FUND - IDCW Option;INF204K01935;INF204K01943;118.3647;;;13-Jan-2026
102432;Nippon India Pharma Fund-Growth Plan-Bonus Option;INF204K01950;;507.8386;;;13-Jan-2026
102431;Nippon India Pharma Fund-Growth Plan-Growth Option;INF204K01968;;507.8386;;;13-Jan-2026
118760;NIPPON INDIA POWER & INFRA FUND - DIRECT Plan - IDCW Option;INF204K01I76;INF204K01I84;71.8699;;;13-Jan-2026
118762;Nippon India Power & Infra Fund - Direct Plan Growth Plan - Bonus Option;INF204K01I68;;364.7236;;;13-Jan-2026
118763;Nippon India Power & Infra Fund - Direct Plan Growth Plan - Growth Option;INF204K01I92;;364.7236;;;13-Jan-2026
101264;NIPPON INDIA POWER & INFRA FUND - IDCW Option;INF204K01AB6;INF204K01AC4;62.8493;;;13-Jan-2026
101262;Nippon India Power & Infra Fund-Growth Plan -Growth Option;INF204K01AE0;;335.4606;;;13-Jan-2026
101263;Nippon India Power & Infra Fund-Growth Plan-Bonus Option;INF204K01AD2;;335.4606;;;13-Jan-2026
118767;NIPPON INDIA QUANT FUND - DIRECT Plan - IDCW Option;INF204K01J18;INF204K01J26;45.6801;;;13-Jan-2026
118770;Nippon India Quant Fund - Direct Plan Growth Plan - Bonus Option;INF204K01J00;;79.6301;;;13-Jan-2026
118769;Nippon India Quant Fund - Direct Plan Growth Plan - Growth Option;INF204K01J34;;79.6301;;;13-Jan-2026
108252;NIPPON INDIA QUANT FUND - IDCW Option;INF204K01745;INF204K01752;39.0927;;;13-Jan-2026
108249;Nippon India Quant Fund -Growth Plan - Growth Option;INF204K01760;;73.3321;;;13-Jan-2026
108258;Nippon India Quant Fund -Growth Plan -Bonus Option;INF204K01737;;73.3321;;;13-Jan-2026
149329;Nippon India Taiwan Equity Fund- Direct Plan- Growth Option;INF204KC1303;;19.1326;;;13-Jan-2026
149327;Nippon India Taiwan Equity Fund- Direct Plan- IDCW option;INF204KC1311;INF204KC1329;19.1326;;;13-Jan-2026
149328;Nippon India Taiwan Equity fund- Regular Plan- Growth Option;INF204KC1279;;18.0212;;;13-Jan-2026
149325;Nippon India Taiwan Equity Fund- Regular Plan- IDCW option;INF204KC1287;INF204KC1295;18.0212;;;13-Jan-2026
134925;NIPPON INDIA - US EQUITY OPPORTUNITIES FUND - Direct Plan - IDCW Option;INF204KA16G3;INF204KA17G1;43.5013;;;13-Jan-2026
134924;NIPPON INDIA - US EQUITY OPPORTUNITIES FUND - IDCW Option;INF204KA13G0;INF204KA14G8;38.7717;;;13-Jan-2026
134923;Nippon India US Equity Opportunities Fund- Direct Plan- Growth Plan- Growth Option;INF204KA15G5;;43.5013;;;13-Jan-2026
134922;Nippon India US Equity Opportunities Fund- Growth Plan- Growth Option;INF204KA12G2;;38.7717;;;13-Jan-2026

PGIM India Mutual Fund
153039;PGIM India Healthcare Fund - Direct Plan - Growth Option;INF663L01Z45;;9.88;;;13-Jan-2026
153037;PGIM India Healthcare Fund - Direct Plan - IDCW Option;INF663L01Z60;INF663L01Z78;9.88;;;13-Jan-2026
153040;PGIM India Healthcare Fund - Regular Plan - Growth Option;INF663L01Z52;;9.7;;;13-Jan-2026
153038;PGIM India Healthcare Fund - Regular Plan - IDCW Option;INF663L01Z86;INF663L01Z94;9.7;;;13-Jan-2026

quant Mutual Fund
151791;quant BFSI Fund - Growth Option - Direct Plan;INF966L01BX0;;20.1658;;;13-Jan-2026
151788;quant BFSI Fund - Growth Option - Regular Plan;INF966L01CA6;;19.3464;;;13-Jan-2026
151790;quant BFSI Fund - IDCW Option - Direct Plan;INF966L01BY8;INF966L01BZ5;20.1888;;;13-Jan-2026
151789;quant BFSI Fund - IDCW Option - Regular Plan;INF966L01CB4;INF966L01CC2;19.3449;;;13-Jan-2026
151757;quant Business Cycle Fund - Growth Option - Direct Plan;INF966L01BR2;;16.0791;;;13-Jan-2026
151758;quant Business Cycle Fund - Growth Option - Regular Plan;INF966L01BU6;;15.4359;;;13-Jan-2026
151759;quant Business Cycle Fund - IDCW Option - Direct Plan;INF966L01BS0;INF966L01BT8;16.0677;;;13-Jan-2026
151760;quant Business Cycle Fund - IDCW Option - Regular Plan;INF966L01BV4;INF966L01BW2;15.4507;;;13-Jan-2026
152255;quant Commodities Fund - Growth Option - Direct Plan;INF966L01DF3;;13.2349;;;13-Jan-2026
152256;quant Commodities Fund - Growth Option - Regular Plan;INF966L01DC0;;12.8302;;;13-Jan-2026
152257;quant Commodities Fund - IDCW Option - Direct Plan;INF966L01DG1;INF966L01DH9;13.2308;;;13-Jan-2026
152258;quant Commodities Fund - IDCW Option - Regular Plan;INF966L01DD8;INF966L01DE6;12.8283;;;13-Jan-2026
152336;quant Consumption Fund - Growth Option - Direct Plan;INF966L01DN7;;9.7643;;;13-Jan-2026
152338;quant Consumption Fund - Growth Option - Regular Plan;INF966L01DI7;;9.4704;;;13-Jan-2026
152339;quant Consumption Fund - IDCW Option - Direct Plan;INF966L01DO5;INF966L01DP2;9.7691;;;13-Jan-2026
152337;quant Consumption Fund - IDCW Option - Regular Plan;INF966L01DL1;INF966L01DM9;9.4742;;;13-Jan-2026
148564;quant ESG Integration Strategy Fund - Growth Option - Direct Plan;INF966L01AD4;;35.6986;;;13-Jan-2026
148560;quant ESG Integration Strategy Fund - Growth Option - Regular Plan;INF966L01AB8;;32.9471;;;13-Jan-2026
148563;quant ESG Integration Strategy Fund - IDCW Option - Direct Plan;INF966L01AE2;INF966L01AG7;35.6549;;;13-Jan-2026
148561;quant ESG Integration Strategy Fund - IDCW Option - Regular Plan;INF966L01AC6;INF966L01AF9;32.7872;;;13-Jan-2026
151853;quant Healthcare Fund - Growth Option - Direct Plan;INF966L01CD0;;15.34;;;13-Jan-2026
151855;quant Healthcare Fund - Growth Option - Regular Plan;INF966L01CG3;;14.7264;;;13-Jan-2026
151854;quant Healthcare Fund - IDCW Option - Direct Plan;INF966L01CE8;INF966L01CF5;15.3387;;;13-Jan-2026
151856;quant Healthcare Fund - IDCW Option - Regular Plan;INF966L01CH1;INF966L01CI9;14.7259;;;13-Jan-2026
106170;quant Infrastructure Fund - Growth Option;INF966L01523;;36.0578;;;13-Jan-2026
120833;quant Infrastructure Fund - Growth Option-Direct Plan;INF966L01721;;39.8095;;;13-Jan-2026
120832;quant Infrastructure Fund - IDCW Option - Direct Plan;INF966L01705;INF966L01713;39.778;;;13-Jan-2026
106169;quant Infrastructure Fund - IDCW Option - Regular Plan;INF966L01507;INF966L01515;35.9765;;;13-Jan-2026
151916;quant Manufacturing Fund - Growth Option - Direct Plan;INF966L01CJ7;;14.5535;;;13-Jan-2026
151913;quant Manufacturing Fund - Growth Option - Regular Plan;INF966L01CN9;;14.0182;;;13-Jan-2026
151914;quant Manufacturing Fund - IDCW Option - Direct Plan;INF966L01CK5;INF966L01CL3;14.5501;;;13-Jan-2026
151915;quant Manufacturing Fund - IDCW Option - Regular Plan;INF966L01CO7;INF966L01CP4;14.1252;;;13-Jan-2026
152189;quant Momentum Fund - Growth Option - Direct Plan;INF966L01CZ3;;14.6783;;;13-Jan-2026
152190;quant Momentum Fund - Growth Option - Regular Plan;INF966L01CW0;;14.2735;;;13-Jan-2026
152192;quant Momentum Fund - IDCW Option - Direct Plan;INF966L01DA4;INF966L01DB2;14.6638;;;13-Jan-2026
152191;quant Momentum Fund - IDCW Option - Regular Plan;INF966L01CX8;INF966L01CY6;14.2282;;;13-Jan-2026
152415;quant PSU Fund - Growth Option - Direct Plan;INF966L01DT4;;10.1963;;;13-Jan-2026
152413;quant PSU Fund - Growth Option - Regular Plan;INF966L01DQ0;;9.9247;;;13-Jan-2026
152416;quant PSU Fund - IDCW Option - Direct Plan;INF966L01DU2;INF966L01DV0;10.2025;;;13-Jan-2026
152414;quant PSU Fund - IDCW Option - Regular Plan;INF966L01DR8;INF966L01DS6;9.9243;;;13-Jan-2026
148925;quant Quantamental Fund - Growth Option - Direct Plan;INF966L01AK9;;25.1122;;;13-Jan-2026
148923;quant Quantamental Fund - Growth Option - Regular Plan;INF966L01AH5;;23.3556;;;13-Jan-2026
148924;quant Quantamental Fund - IDCW Option - Direct Plan;INF966L01AL7;INF966L01AM5;25.2508;;;13-Jan-2026
148922;quant Quantamental Fund - IDCW Option - Regular Plan;INF966L01AI3;INF966L01AJ1;23.3827;;;13-Jan-2026
152067;quant Teck Fund - Growth Option - Direct Plan;INF966L01CT6;;11.4294;;;13-Jan-2026
152070;quant Teck Fund - Growth Option - Regular Plan;INF966L01CQ2;;11.0104;;;13-Jan-2026
152068;quant Teck Fund - IDCW Option - Direct Plan;INF966L01CU4;INF966L01CV2;11.4236;;;13-Jan-2026
152069;quant Teck Fund - IDCW Option - Regular Plan;INF966L01CR0;INF966L01CS8;11.012;;;13-Jan-2026

Quantum Mutual Fund
147372;QUANTUM ESG BEST IN CLASS STRATEGY FUND - DIRECT PLAN - GROWTH OPTION;INF082J01382;;25.28;;;13-Jan-2026
147371;QUANTUM ESG BEST IN CLASS STRATEGY FUND - REGULAR PLAN - GROWTH OPTION;INF082J01390;;23.80;;;13-Jan-2026
153094;Quantum Ethical Fund - Direct Plan Growth Option;INF082J01473;;9.80;;;13-Jan-2026
153095;Quantum Ethical Fund - Regular Plan Growth Option;INF082J01481;;9.65;;;13-Jan-2026

Samco Mutual Fund
151753;Samco Active Momentum Fund - Direct Plan - Growth Option;INF0K1H01081;;13.15;;;13-Jan-2026
151752;Samco Active Momentum Fund - Regular Plan - Growth Option;INF0K1H01073;;12.70;;;13-Jan-2026
152586;Samco Special Opportunities Fund - Direct Plan - Growth;INF0K1H01180;;8.49;;;13-Jan-2026
152587;Samco Special Opportunities Fund - Regular Plan - Growth;INF0K1H01172;;8.28;;;13-Jan-2026

SBI Mutual Fund
152657;SBI Automotive Opportunities Fund - Direct Plan - Growth;INF200KB1183;;11.3677;;;13-Jan-2026
152655;SBI Automotive Opportunities Fund - Direct Plan - Income Distribution Cum Capital Withdrawal Option;INF200KB1191;INF200KB1209;11.3673;;;13-Jan-2026
152658;SBI Automotive Opportunities Fund - Regular Plan - Growth;INF200KB1159;;11.1613;;;13-Jan-2026
152656;SBI Automotive Opportunities Fund - Regular Plan - Income Distribution Cum Capital Withdrawal Option;INF200KB1167;INF200KB1175;11.1615;;;13-Jan-2026
133859;SBI BANKING & FINANCIAL SERVICES FUND - DIRECT PLAN - GROWTH;INF200KA1507;;51.3066;;;13-Jan-2026
133857;SBI Banking & Financial Services Fund - Direct Plan - Income Distribution cum Capital Withdrawal Option (IDCW);INF200KA1515;INF200KA1523;45.8603;;;13-Jan-2026
133858;SBI BANKING & FINANCIAL SERVICES FUND - REGULAR PLAN - GROWTH;INF200KA1473;;45.7209;;;13-Jan-2026
133860;SBI Banking & Financial Services Fund - Regular Plan - Income Distribution cum Capital Withdrawal Option (IDCW);INF200KA1481;INF200KA1499;41.0598;;;13-Jan-2026
119705;SBI COMMA Fund - DIRECT PLAN - Growth;INF200K01SB6;;118.7603;;;13-Jan-2026
119613;SBI Comma Fund - Direct Plan - Income Distribution cum Capital Withdrawal Option (IDCW);INF200K01RZ7;INF200K01SA8;67.5802;;;13-Jan-2026
103145;SBI COMMA Fund - REGULAR PLAN - Growth;INF200K01339;;109.4512;;;13-Jan-2026
103146;SBI Comma Fund - Regular Plan - Income Distribution cum Capital Withdrawal Option (IDCW);INF200K01313;INF200K01321;62.1257;;;13-Jan-2026
120575;SBI CONSUMPTION OPPORTUNITIES FUND - DIRECT PLAN - GROWTH;INF200K01RM5;;343.5873;;;13-Jan-2026
119730;SBI Consumption Opportunities Fund - Direct Plan - Income Distribution cum Capital Withdrawal Option (IDCW);INF200K01RK9;INF200K01RL7;241.8821;;;13-Jan-2026
120576;SBI CONSUMPTION OPPORTUNITIES FUND - REGULAR - GROWTH;INF200K01VR6;;299.6134;;;13-Jan-2026
100645;SBI Consumption Opportunities Fund - Regular Plan - Income Distribution cum Capital Withdrawal Option (IDCW);INF200K01404;INF200K01412;180.3878;;;13-Jan-2026
152417;SBI Energy Opportunities Fund - Direct Plan - Growth;INF200KB1126;;10.6341;;;13-Jan-2026
152420;SBI Energy Opportunities Fund - Direct Plan - Income Distribution Cum Capital Withdrawal Option;INF200KB1134;INF200KB1142;10.6339;;;13-Jan-2026
152418;SBI Energy Opportunities Fund - Regular Plan - Growth;INF200KB1092;;10.4155;;;13-Jan-2026
152419;SBI Energy Opportunities Fund - Regular Plan - Income Distribution Cum Capital Withdrawal Option;INF200KB1100;INF200KB1118;10.4158;;;13-Jan-2026
146643;SBI Equity Minimum Variance Fund - Direct Plan - Growth;INF200KA1A71;;25.0825;;;13-Jan-2026
146642;SBI Equity Minimum Variance Fund - Direct Plan - Income Distribution cum Capital Withdrawal Option (IDCW);INF200KA1A89;INF200KA1A97;25.0810;;;13-Jan-2026
146644;SBI Equity Minimum Variance Fund - Regular Plan - Growth;INF200KA1A48;;24.4721;;;13-Jan-2026
146641;SBI Equity Minimum Variance Fund - Regular Plan - Income Distribution cum Capital Withdrawal Option (IDCW);INF200KA1A55;INF200KA1A63;24.4759;;;13-Jan-2026
119708;SBI ESG Exclusionary Strategy Fund - Direct Plan - Income Distribution cum Capital Withdrawal Option (IDCW);INF200K01SC4;INF200K01SD2;96.4730;;;13-Jan-2026
119709;SBI ESG Exclusionary Strategy Fund - Direct Plan -Growth;INF200K01SE0;;268.7304;;;13-Jan-2026
104523;SBI ESG Exclusionary Strategy Fund - Regular Plan - Growth;INF200K01214;;244.5534;;;13-Jan-2026
101295;SBI ESG Exclusionary Strategy Fund - Regular Plan - Income Distribution cum Capital Withdrawal Option (IDCW);INF200K01198;INF200K01206;76.4828;;;13-Jan-2026
119782;SBI Healthcare Opportunities Fund - Direct Plan - Income Distribution cum Capital Withdrawal Option (IDCW);INF200K01UN7;INF200K01UO5;336.7047;;;13-Jan-2026
119783;SBI HEALTHCARE OPPORTUNITIES FUND - DIRECT PLAN -GROWTH;INF200K01UP2;;484.6268;;;13-Jan-2026
100644;SBI Healthcare Opportunities Fund - Regular Plan - Income Distribution cum Capital Withdrawal Option (IDCW);INF200K01453;INF200K01461;265.2746;;;13-Jan-2026
102823;SBI HEALTHCARE OPPORTUNITIES FUND - REGULAR PLAN -GROWTH;INF200K01446;;421.1063;;;13-Jan-2026
119700;SBI INFRASTRUCTURE FUND -  DIRECT PLAN - GROWTH;INF200K01RS2;;52.0949;;;13-Jan-2026
106096;SBI INFRASTRUCTURE FUND -  REGULAR PLAN - GROWTH;INF200K01CT2;;48.0405;;;13-Jan-2026
119695;SBI Infrastructure Fund - Direct Plan - Income Distribution cum Capital Withdrawal Option (IDCW);INF200K01RQ6;INF200K01RR4;46.1047;;;13-Jan-2026
106095;SBI Infrastructure Fund - Regular Plan - Income Distribution cum Capital Withdrawal Option (IDCW);INF200K01CU0;INF200K01CV8;42.7360;;;13-Jan-2026
152776;SBI Innovative Opportunities Fund - Direct Plan - Growth;INF200KB1324;;9.7724;;;13-Jan-2026
152777;SBI Innovative Opportunities Fund - Direct Plan - Income Distribution Cum Capital Withdrawal Option;INF200KB1332;INF200KB1340;9.7724;;;13-Jan-2026
152774;SBI Innovative Opportunities Fund - Regular Plan - Growth;INF200KB1290;;9.6190;;;13-Jan-2026
152775;SBI Innovative Opportunities Fund - Regular Plan - Income Distribution Cum Capital Withdrawal Option;INF200KB1308;INF200KB1316;9.6194;;;13-Jan-2026
119710;SBI MNC Fund - Direct Plan - Income Distribution cum Capital Withdrawal Option (IDCW);INF200K01SL5;INF200K01SM3;137.4109;;;13-Jan-2026
119711;SBI MNC FUND - DIRECT PLAN -GROWTH;INF200K01SN1;;384.9421;;;13-Jan-2026
103114;SBI MNC Fund - Regular Plan - Income Distribution cum Capital Withdrawal Option (IDCW);INF200K01255;INF200K01263;106.3880;;;13-Jan-2026
103034;SBI MNC FUND - REGULAR PLAN -GROWTH;INF200K01271;;348.2513;;;13-Jan-2026
119732;SBI PSU Fund - DIRECT PLAN - GROWTH;INF200K01UY4;;37.5378;;;13-Jan-2026
119733;SBI PSU Fund - Direct Plan - Income Distribution cum Capital Withdrawal Option (IDCW);INF200K01UW8;INF200K01UX6;37.4830;;;13-Jan-2026
112923;SBI PSU Fund - Regular Plan - Income Distribution cum Capital Withdrawal Option (IDCW);INF200K01BD8;INF200K01BE6;33.9193;;;13-Jan-2026
113099;SBI PSU Fund - REGULAR PLAN -Growth;INF200K01BC0;;33.9233;;;13-Jan-2026
153154;SBI Quant Fund- Direct Plan- Growth;INF200KB1506;;10.4466;;;13-Jan-2026
153151;SBI Quant Fund- Direct Plan- Income Distribution cum Capital Withdrawal Option (IDCW);INF200KB1514;INF200KB1522;10.4464;;;13-Jan-2026
153153;SBI Quant Fund- Regular Plan- Growth;INF200KB1472;;10.3180;;;13-Jan-2026
153152;SBI Quant Fund- Regular Plan- Income Distribution Cum Capital Withdrawal Option (IDCW);INF200KB1480;INF200KB1498;10.3180;;;13-Jan-2026
120578;SBI TECHNOLOGY OPPORTUNITIES FUND - DIRECT PLAN - GROWTH;INF200K01RV6;;259.3133;;;13-Jan-2026
119731;SBI Technology Opportunities Fund - Direct Plan - Income Distribution cum Capital Withdrawal Option (IDCW);INF200K01RT0;INF200K01RU8;184.1812;;;13-Jan-2026
120577;SBI TECHNOLOGY OPPORTUNITIES FUND - REGULAR PLAN - GROWTH;INF200K01VS4;;226.5605;;;13-Jan-2026
100643;SBI Technology Opportunities Fund - Regular Plan - Income Distribution cum Capital Withdrawal Option (IDCW);INF200K01420;INF200K01438;136.4317;;;13-Jan-2026

Shriram Mutual Fund
153076;Shriram Multi Sector Rotation Fund - Direct Plan Growth Option;INF680P01455;;8.19;;;13-Jan-2026
153077;Shriram Multi Sector Rotation Fund - Regular Plan Growth Option;INF680P01463;;8.0371;;;13-Jan-2026

Sundaram Mutual Fund
152677;Sundaram Business Cycle Fund Direct Plan Growth;INF903JA1LQ6;;10.8989;;;13-Jan-2026
152676;Sundaram Business Cycle Fund Direct Plan IDCW Payout;INF903JA1LR4;;10.8989;;;13-Jan-2026
152673;Sundaram Business Cycle Fund Direct Plan IDCW Reinvestment;;INF903JA1LS2;10.8989;;;13-Jan-2026
152678;Sundaram Business Cycle Fund Regular Plan Growth;INF903JA1LN3;;10.6322;;;13-Jan-2026
152674;Sundaram Business Cycle Fund Regular Plan IDCW Payout;INF903JA1LO1;;10.6322;;;13-Jan-2026
152675;Sundaram Business Cycle Fund Regular Plan IDCW Reinvestment;;INF903JA1LP8;10.6322;;;13-Jan-2026
119595;Sundaram Consumption Fund (Formerly Known as Sundaram Rural and Consumption Fund Direct Plan - Growth);INF903J01NH5;;105.2293;;;13-Jan-2026
103743;Sundaram Consumption Fund (Formerly Known as Sundaram Rural and Consumption Fund Regular Plan - Income Distribution cum Capital Withdrawal (IDCW);INF903J01546;INF903J01553;26.8979;;;13-Jan-2026
119594;Sundaram Consumption Fund (Formerly Known asSundaram Rural and Consumption Fund Direct Plan - Income Distribution cum Capital Withdrawal (IDCW);INF903J01NF9;INF903J01NG7;30.1277;;;13-Jan-2026
102142;Sundaram Consumption Fund(Formerly Known as Sundaram Rural and Consumption Fund Regular Plan - Growth);INF903J01561;;95.5823;;;13-Jan-2026
119597;Sundaram Financial Services Opportunities Fund Direct Plan - Growth;INF903J01NB8;;126.5648;;;13-Jan-2026
119596;Sundaram Financial Services Opportunities Fund Direct Plan - Income Distribution cum Capital Withdrawal (IDCW);INF903J01MZ9;INF903J01NA0;37.2388;;;13-Jan-2026
109059;Sundaram Financial Services Opportunities Fund Regular Plan - Growth;INF903J01629;;111.4420;;;13-Jan-2026
109058;Sundaram Financial Services Opportunities Fund Regular Plan - Income Distribution cum Capital Withdrawal (IDCW);INF903J01603;INF903J01611;32.2297;;;13-Jan-2026
129212;Sundaram Infrastructure Advantage Fund Direct Plan - Growth;INF903J01F92;;100.5643;;;13-Jan-2026
129211;Sundaram Infrastructure Advantage Fund Direct Plan - Income Distribution cum Capital Withdrawal (IDCW);INF903J01G00;INF903J01G18;57.9020;;;13-Jan-2026
129213;Sundaram Infrastructure Advantage Fund Regular Plan - Growth;INF903J01F68;;93.8584;;;13-Jan-2026
129210;Sundaram Infrastructure Advantage Fund Regular Plan - Income Distribution cum Capital Withdrawal (IDCW);INF903J01F76;INF903J01F84;53.7519;;;13-Jan-2026
153669;Sundaram Multi-Factor Fund - Direct - Growth;INF903JA1LV6;;10.4908;;;13-Jan-2026
153670;Sundaram Multi-Factor Fund - Direct - IDCW Payout;INF903JA1LU8;;10.4908;;;13-Jan-2026
153666;Sundaram Multi-Factor Fund - Direct - IDCW Reinvestment;;INF903JA1LT0;10.4908;;;13-Jan-2026
153667;Sundaram Multi-Factor Fund - Regular - Growth;INF903JA1LY0;;10.4062;;;13-Jan-2026
153671;Sundaram Multi-Factor Fund - Regular - IDCW Payout;INF903JA1LX2;;10.4062;;;13-Jan-2026
153668;Sundaram Multi-Factor Fund - Regular - IDCW Reinvestment;;INF903JA1LW4;10.4062;;;13-Jan-2026
144835;Sundaram Services Fund Direct Plan - Growth;INF903JA1FA2;;39.0747;;;13-Jan-2026
144836;Sundaram Services Fund Direct Plan - Payout of Income Distribution cum Capital Withdrawal (IDCW) ;INF903JA1FB0;;25.0438;;;13-Jan-2026
144837;Sundaram Services Fund Direct Plan - Reinvestment of Income Distribution cum Capital Withdrawal (IDCW) ;INF903JA1FC8;;25.0438;;;13-Jan-2026
144838;Sundaram Services Fund Regular Plan - Growth;INF903JA1EX7;;35.8972;;;13-Jan-2026
144839;Sundaram Services Fund Regular Plan - Payout of Income Distribution cum Capital Withdrawal (IDCW) ;INF903JA1EY5;;22.9671;;;13-Jan-2026
144834;Sundaram Services Fund Regular Plan - Reinvestment of Income Distribution cum Capital Withdrawal (IDCW) ;INF903JA1EZ2;;22.9671;;;13-Jan-2026

Tata Mutual Fund
135789;TATA Banking & Financial Services Fund Direct Plan - Payout of Income Distribution cum capital withdrawal option ;INF277K01Z28;;52.9868;;;13-Jan-2026
135792;TATA Banking & Financial Services Fund Direct Plan - Reinvestment of Income Distribution cum capital withdrawal option ;;INF277K01Z36;52.9868;;;13-Jan-2026
135790;TATA Banking & Financial Services Fund Regular Plan - Payout of Income Distribution cum capital withdrawal option ;INF277K01Y94;;41.5501;;;13-Jan-2026
135791;TATA Banking & Financial Services Fund Regular Plan - Reinvestment of Income Distribution cum capital withdrawal option ;;INF277K01Z02;41.5501;;;13-Jan-2026
135793;Tata Banking And Financial Services Fund-Direct Plan-Growth;INF277K01Z10;;52.9868;;;13-Jan-2026
135794;Tata Banking And Financial Services Fund-Regular Plan-Growth;INF277K01Y86;;45.1751;;;13-Jan-2026
149071;Tata Business Cycle Fund-Direct Plan-Growth;INF277KA1166;;19.8349;;;13-Jan-2026
149066;Tata Business Cycle Fund-Direct Plan-IDCW Payout;INF277KA1174;;19.8349;;;13-Jan-2026
149067;Tata Business Cycle Fund-Direct Plan-IDCW Reinvestment;;INF277KA1182;19.8349;;;13-Jan-2026
149068;Tata Business Cycle Fund-Regular Plan-Growth;INF277KA1190;;18.4756;;;13-Jan-2026
149070;Tata Business Cycle Fund-Regular Plan-IDCW Payout;INF277KA1208;;18.4756;;;13-Jan-2026
149069;Tata Business Cycle Fund-Regular Plan-IDCW Reinvestment;;INF277KA1216;18.4756;;;13-Jan-2026
135795;TATA Digital India Fund Direct Plan - Payout of Income Distribution cum capital withdrawal option ;INF277K01Z85;;56.7898;;;13-Jan-2026
135798;TATA Digital India Fund Direct Plan - Reinvestment of Income Distribution cum capital withdrawal option ;;INF277K01Z93;56.7898;;;13-Jan-2026
135796;TATA Digital India Fund Regular Plan - Payout of Income Distribution cum capital withdrawal option ;INF277K01Z51;;48.4444;;;13-Jan-2026
135799;TATA Digital India Fund Regular Plan - Reinvestment of Income Distribution cum capital withdrawal option ;;INF277K01Z69;48.4444;;;13-Jan-2026
135800;Tata Digital India Fund-Direct Plan-Growth;INF277K01Z77;;56.7898;;;13-Jan-2026
135797;Tata Digital India Fund-Regular Plan-Growth;INF277K01Z44;;48.4444;;;13-Jan-2026
119172;Tata Ethical Fund -Direct Plan- Growth Option;INF277K01NG4;;444.6347;;;13-Jan-2026
119171;Tata Ethical Fund- Direct Plan - Payout of IDCW Option;INF277K01NE9;INF277K01NF6;244.0902;;;13-Jan-2026
101833;Tata Ethical Fund- Regular Plan - Payout of IDCW Option;INF277K01EH1;INF277K01949;157.7553;;;13-Jan-2026
100415;Tata Ethical Fund-Regular Plan - Growth Option;INF277K01956;;387.0541;;;13-Jan-2026
150532;Tata Housing Opportunities Fund - Direct Plan - Growth;INF277KA1497;;15.7096;;;13-Jan-2026
150534;Tata Housing Opportunities Fund - Direct Plan - IDCW Payout;INF277KA1513;;15.7096;;;13-Jan-2026
150533;Tata Housing Opportunities Fund - Direct Plan - IDCW Reinvestment;;INF277KA1505;15.7096;;;13-Jan-2026
150537;Tata Housing Opportunities Fund - Regular Plan - Growth;INF277KA1521;;14.8245;;;13-Jan-2026
150535;Tata Housing Opportunities Fund - Regular Plan - IDCW Payout;INF277KA1547;;14.8245;;;13-Jan-2026
150536;Tata Housing Opportunities Fund - Regular Plan - IDCW Reinvestment;;INF277KA1539;14.8245;;;13-Jan-2026
135806;TATA India Consumer Fund Direct Plan - Payout of Income Distribution cum capital withdrawal option ;INF277K014A4;;51.1363;;;13-Jan-2026
135801;TATA India Consumer Fund Direct Plan - Reinvestment of Income Distribution cum capital withdrawal option ;;INF277K015A1;51.1363;;;13-Jan-2026
135802;TATA India Consumer Fund Regular Plan - Payout of Income Distribution cum capital withdrawal option;INF277K011A0;;40.7264;;;13-Jan-2026
135803;TATA India Consumer Fund Regular Plan - Reinvestment of Income Distribution cum capital withdrawal option ;;INF277K012A8;40.7264;;;13-Jan-2026
135805;Tata India Consumer Fund-Direct Plan-Growth;INF277K013A6;;51.1363;;;13-Jan-2026
135804;Tata India Consumer Fund-Regular Plan-Growth;INF277K010A2;;44.1648;;;13-Jan-2026
153055;Tata India Innovation Fund- Direct Growth;INF277KA1CU2;;9.8259;;;13-Jan-2026
153057;Tata India Innovation Fund- Direct IDCW payout;INF277KA1CW8;;9.8259;;;13-Jan-2026
153056;Tata India Innovation Fund- Direct IDCW Reinvestment;;INF277KA1CV0;9.8259;;;13-Jan-2026
153059;Tata India Innovation Fund- Regular Growth;INF277KA1CR8;;9.6575;;;13-Jan-2026
153054;Tata India Innovation Fund- Regular IDCW payout;INF277KA1CT4;;9.6575;;;13-Jan-2026
153058;Tata India Innovation Fund- Regular IDCW Reinvestment;;INF277KA1CS6;9.6575;;;13-Jan-2026
135807;TATA India Pharma & Health Care Fund Direct Plan - Payout of Income Distribution cum capital withdrawal option ;INF277K010B0;;35.2102;;;13-Jan-2026
135809;TATA India Pharma & Health Care Fund Regular Plan - Payout of Income Distribution cum capital withdrawal option ;INF277K017A7;;30.0541;;;13-Jan-2026
135808;TATA India Pharma & Healthcare Fund Direct Plan - Reinvestment of Income Distribution cum capital withdrawal option;;INF277K011B8;35.2102;;;13-Jan-2026
135811;TATA India Pharma & Healthcare Fund Regular Plan - Reinvestment of Income Distribution cum capital withdrawal option ;;INF277K018A5;30.0541;;;13-Jan-2026
135810;Tata India Pharma & Healthcare Fund-Direct Plan-Growth;INF277K019A3;;35.2102;;;13-Jan-2026
135812;Tata India Pharma & Healthcare Fund-Regular Plan-Growth;INF277K016A9;;30.0541;;;13-Jan-2026
119243;Tata Infrastructure Fund -Direct Plan -Growth Option;INF277K01PQ8;;176.8655;;;13-Jan-2026
101852;TATA Infrastructure Fund Regular Plan - Payout of IDCW Option;INF277K01DY8;INF277K01774;76.7617;;;13-Jan-2026
119244;Tata Infrastructure Fund- Direct Plan - Payout of IDCW Option;INF277K01PO3;INF277K01PP0;92.6712;;;13-Jan-2026
101766;Tata Infrastructure Fund-Regular Plan- Growth Option;INF277K01782;;161.9439;;;13-Jan-2026
135817;TATA Resources & Energy Fund Direct Plan - Payout of Income Distribution cum capital withdrawal option ;INF277K016B7;;53.7173;;;13-Jan-2026
135816;TATA Resources & Energy Fund Direct Plan - Reinvestment of Income Distribution cum capital withdrawal option ;;INF277K017B5;53.7173;;;13-Jan-2026
135814;TATA Resources & Energy Fund Regular Plan - Payout of Income Distribution cum capital withdrawal option ;INF277K013B4;;41.5547;;;13-Jan-2026
135818;TATA Resources & Energy Fund Regular Plan - Reinvestment of Income Distribution cum capital withdrawal option ;;INF277K014B2;41.5547;;;13-Jan-2026
135813;Tata Resources & Energy Fund-Direct Plan-Growth;INF277K015B9;;53.7173;;;13-Jan-2026
135815;Tata Resources & Energy Fund-Regular Plan-Growth;INF277K012B6;;45.4308;;;13-Jan-2026

Taurus Mutual Fund
118868;Taurus Banking & Financial Services Fund - Direct Plan - Growth;INF044D01CN2;;61.48;;;13-Jan-2026
118869;Taurus Banking & Financial Services Fund - Direct Plan - Payout of Income Distribution cum Capital Withdrawal option;INF044D01CO0;INF044D01CP7;60.77;;;13-Jan-2026
117312;Taurus Banking & Financial Services Fund - Regular Plan - Growth;INF044D01BI4;;54.78;;;13-Jan-2026
117313;Taurus Banking & Financial Services Fund - Regular Plan - Payout of Income Distribution cum Capital Withdrawal option;INF044D01BJ2;INF044D01BK0;49.04;;;13-Jan-2026
111903;Taurus Ethical Fund -  Regular Plan - Bonus Option;INF044D01823;;127.02;;;13-Jan-2026
118876;Taurus Ethical Fund - Direct Plan - Growth;INF044D01CJ0;;144.08;;;13-Jan-2026
118877;Taurus Ethical Fund - Direct Plan - Payout of Income Distribution cum Capital Withdrawal option;INF044D01CK8;INF044D01CL6;96.72;;;13-Jan-2026
111787;Taurus Ethical Fund - Regular Plan - Growth;INF044D01864;;127.05;;;13-Jan-2026
111788;Taurus Ethical Fund - Regular Plan - Payout of Income Distribution cum Capital Withdrawal option;INF044D01831;INF044D01849;85.88;;;13-Jan-2026
118878;Taurus Ethical Fund-Direct Plan-Bonus Option #;INF044D01CM4;;47.22;;;13-Jan-2026
118879;Taurus Infrastructure Fund - Direct Plan - Growth ;INF044D01CD3;;69.89;;;13-Jan-2026
118880;Taurus Infrastructure Fund - Direct Plan - Payout of Income Distribution cum Capital Withdrawal option;INF044D01CE1;INF044D01CF8;65.09;;;13-Jan-2026
105417;Taurus Infrastructure Fund - Regular Plan - Growth;INF044D01906;;64.96;;;13-Jan-2026
105418;Taurus Infrastructure Fund - Regular Plan - Payout of Income Distribution cum Capital Withdrawal option;INF044D01872;INF044D01880;61.02;;;13-Jan-2026

The Wealth Company Mutual Fund
153895;THE WEALTH COMPANY ETHICAL FUND DIRECT GROWTH;INF2F0001214;;9.7619;;;13-Jan-2026
153898;THE WEALTH COMPANY ETHICAL FUND DIRECT IDCW;INF2F0001206;INF2F0001198;9.7625;;;13-Jan-2026
153897;THE WEALTH COMPANY ETHICAL FUND REGULAR GROWTH;INF2F0001248;;9.7264;;;13-Jan-2026
153896;THE WEALTH COMPANY ETHICAL FUND REGULAR IDCW;INF2F0001230;INF2F0001222;9.7261;;;13-Jan-2026

Union Mutual Fund
153109;Union Active Momentum Fund - Direct Plan - Growth Option;INF582M01KG9;;8.58;;;13-Jan-2026
153110;Union Active Momentum Fund - Direct Plan - IDCW Option;INF582M01KH7;INF582M01KI5;8.58;;;13-Jan-2026
153111;Union Active Momentum Fund - Regular Plan - Growth Option;INF582M01KC8;;8.46;;;13-Jan-2026
153112;Union Active Momentum Fund - Regular Plan - IDCW Option;INF582M01KD6;INF582M01KE4;8.46;;;13-Jan-2026
152409;Union Business Cycle Fund - Direct Plan - Growth Option;INF582M01JQ0;;11.50;;;13-Jan-2026
152410;Union Business Cycle Fund - Direct Plan - IDCW Option;INF582M01JR8;INF582M01JS6;11.50;;;13-Jan-2026
152411;Union Business Cycle Fund - Regular Plan - Growth Option;INF582M01JM9;;11.21;;;13-Jan-2026
152412;Union Business Cycle Fund - Regular Plan - IDCW Option;INF582M01JN7;INF582M01JO5;11.21;;;13-Jan-2026
154020;Union Consumption Fund - Direct Plan - Growth Option;INF582M01MH3;;9.81;;;13-Jan-2026
154021;Union Consumption Fund - Direct Plan - IDCW Option;INF582M01MI1;INF582M01MJ9;9.81;;;13-Jan-2026
154022;Union Consumption Fund - Regular Plan - Growth Option;INF582M01MD2;;9.81;;;13-Jan-2026
154023;Union Consumption Fund - Regular Plan - IDCW Option;INF582M01ME0;INF582M01MF7;9.81;;;13-Jan-2026
151905;Union Innovation & Opportunities Fund - Direct Plan - Growth Option;INF582M01JE6;;14.27;;;13-Jan-2026
151904;Union Innovation & Opportunities Fund - Direct Plan - IDCW Option;INF582M01JF3;INF582M01JG1;14.27;;;13-Jan-2026
151903;Union Innovation & Opportunities Fund - Regular Plan - Growth Option;INF582M01JA4;;13.78;;;13-Jan-2026
151906;Union Innovation & Opportunities Fund - Regular Plan - IDCW Option;INF582M01JB2;INF582M01JC0;13.78;;;13-Jan-2026

UTI Mutual Fund
120733;UTI Banking and Financial Services Fund - Direct Plan - Growth Option;INF789F01SN3;;227.2349;;;13-Jan-2026
120732;UTI Banking and Financial Services Fund - Direct Plan - IDCW;INF789F01SL7;INF789F01SM5;88.9358;;;13-Jan-2026
102401;UTI Banking and Financial Services Fund - Regular Plan - Growth Option;INF789F01372;;198.3794;;;13-Jan-2026
102402;UTI Banking and Financial Services Fund - Regular Plan - IDCW;INF789F01356;INF789F01364;77.2083;;;13-Jan-2026
120782;UTI Healthcare Fund - Direct Plan - Growth Option;INF789F01TO9;;318.2746;;;13-Jan-2026
120783;UTI Healthcare Fund - Direct Plan - IDCW;INF789F01TM3;INF789F01TN1;246.003;;;13-Jan-2026
100807;UTI Healthcare Fund - Regular Plan - Growth Option;INF789F01695;;280.93;;;13-Jan-2026
100806;UTI Healthcare Fund - Regular Plan - IDCW;INF789F01679;INF789F01687;217.1197;;;13-Jan-2026
120780;UTI India Consumer Fund - Direct Plan - Growth Option;INF789F01VF3;;63.5348;;;13-Jan-2026
120781;UTI India Consumer Fund - Direct Plan - IDCW;INF789F01VG1;INF789F01VH9;55.7764;;;13-Jan-2026
106425;UTI India Consumer Fund - Regular Plan - Growth Option;INF789F01CE6;;58.4588;;;13-Jan-2026
106426;UTI India Consumer Fund - Regular Plan - IDCW;INF789F01CF3;INF789F01CG1;51.1011;;;13-Jan-2026
120729;UTI Infrastructure Fund - Direct Plan - IDCW;INF789F01TS0;INF789F01TT8;76.7609;;;13-Jan-2026
102396;UTI Infrastructure Fund - Regular Plan - IDCW;INF789F01737;INF789F01745;72.8814;;;13-Jan-2026
102395;UTI Infrastructure Fund-Growth Option;INF789F01752;;139.4475;;;13-Jan-2026
120728;UTI Infrastructure Fund-Growth Option- Direct;INF789F01TU6;;146.6854;;;13-Jan-2026
120682;UTI - MNC Fund - Growth Option - Direct;INF789F01UD0;;445.8938;;;13-Jan-2026
100740;UTI - MNC Fund - Regular Plan - Growth Option;INF789F01844;;398.7582;;;13-Jan-2026
120681;UTI MNC Fund - Direct Plan - IDCW;INF789F01UB4;INF789F01UC2;231.2998;;;13-Jan-2026
100739;UTI MNC Fund - Regular Plan - IDCW;INF789F01828;INF789F01836;205.5936;;;13-Jan-2026
120730;UTI Transportation and Logistics Fund - Direct Plan - IDCW;INF789F01SF9;INF789F01SG7;156.4838;;;13-Jan-2026
102397;UTI Transportation and Logistics Fund - Regular Plan - IDCW;INF789F01273;INF789F01281;135.4143;;;13-Jan-2026
102398;UTI-Transportation and Logistics  Fund-Growth Option;INF789F01299;;293.6707;;;13-Jan-2026
120731;UTI-Transportation and Logistics  Fund-Growth Option- Direct;INF789F01SH5;;338.3446;;;13-Jan-2026
152087;UTI Innovation Fund - Direct Plan - Growth Option;INF789F1AZA4;;11.4857;;;13-Jan-2026
152089;UTI Innovation Fund - Direct Plan - Payout of IDCW Option;INF789F1AZB2;;11.4857;;;13-Jan-2026
152086;UTI Innovation Fund - Regular Plan - Growth Option;INF789F1AYY7;;11.1213;;;13-Jan-2026
152088;UTI Innovation Fund - Regular Plan - Payout of IDCW Option;INF789F1AYZ4;;11.1213;;;13-Jan-2026
153204;UTI Quant Fund - Direct Plan - Growth Option;INF789F1AA98;;10.735;;;13-Jan-2026
153205;UTI Quant Fund - Regular Plan - Growth Option;INF789F1AA80;;10.5578;;;13-Jan-2026

WhiteOak Capital Mutual Fund
152321;WhiteOak Capital Banking & Financial Services Fund - Direct Growth;INF03VN01860;;13.413;;;13-Jan-2026
152322;WhiteOak Capital Banking & Financial Services Fund - Regular Growth;INF03VN01852;;12.973;;;13-Jan-2026
152915;WhiteOak Capital Digital Bharat Fund Direct Plan Growth;INF03VN01936;;10.728;;;13-Jan-2026
152914;WhiteOak Capital Digital Bharat Fund Regular Plan Growth;INF03VN01944;;10.496;;;13-Jan-2026
152962;WhiteOak Capital ESG Best-In-Class Strategy Fund Direct Plan Growth;INF03VN01951;;10.792;;;13-Jan-2026
152963;WhiteOak Capital ESG Best-In-Class Strategy Fund Regular Plan Growth;INF03VN01969;;10.567;;;13-Jan-2026
152349;WhiteOak Capital Pharma and Heathcare Fund Direct Plan Growth;INF03VN01886;;14.163;;;13-Jan-2026
152348;WhiteOak Capital Pharma and Heathcare Fund Regular Plan Growth;INF03VN01878;;13.691;;;13-Jan-2026
153189;WhiteOak Capital Quality Equity Fund Direct Plan Growth;INF03VN01977;;10.764;;;13-Jan-2026
153190;WhiteOak Capital Quality Equity Fund Regular Plan Growth;INF03VN01985;;10.586;;;13-Jan-2026
152644;WhiteOak Capital Special Opportunities Fund - Direct Growth;INF03VN01902;;13.447;;;13-Jan-2026
152643;WhiteOak Capital Special Opportunities Fund - Regular Growth;INF03VN01894;;13.040;;;13-Jan-2026

Open Ended Schemes ( Equity Scheme - ELSS )


360 ONE Mutual Fund
151165;360 ONE ELSS Tax Saver Nifty 50 Index Fund - Direct Plan - Growth;INF579M01AN2;;14.5160;;;13-Jan-2026
151166;360 ONE ELSS Tax Saver Nifty 50 Index Fund - Direct Plan - IDCW Payout;INF579M01AO0;;14.5160;;;13-Jan-2026
151164;360 ONE ELSS Tax Saver Nifty 50 Index Fund - Regular Plan - Growth;INF579M01AL6;;14.4058;;;13-Jan-2026
151167;360 ONE ELSS Tax Saver Nifty 50 Index Fund - Regular Plan - IDCW Payout;INF579M01AM4;;14.4058;;;13-Jan-2026

Aditya Birla Sun Life Mutual Fund
119544;Aditya Birla Sun Life ELSS Tax Saver Fund - Growth - Direct Plan;INF209K01UN8;;69.35;;;13-Jan-2026
107745;Aditya Birla Sun Life ELSS Tax Saver Fund - Growth Option;INF209K01108;;61.92;;;13-Jan-2026
119543;Aditya Birla Sun Life ELSS Tax Saver Fund-DIRECT - IDCW;INF209K01P23;INF209K01UM0;463.68;;;13-Jan-2026
103164;Aditya Birla Sun Life ELSS Tax Saver Fund-Regular - IDCW;INF209K01090;INF209K01CB1;202.11;;;13-Jan-2026

Axis Mutual Fund
120503;Axis ELSS Tax Saver Fund - Direct Plan - Growth Option;INF846K01EW2;;108.8425;;;13-Jan-2026
120502;Axis ELSS Tax Saver Fund - Direct Plan - IDCW;INF846K01EX0;INF846K01EY8;54.9794;;;13-Jan-2026
112323;Axis ELSS Tax Saver Fund - Regular Plan - Growth;INF846K01131;;96.0339;;;13-Jan-2026
112322;Axis ELSS Tax Saver Fund - Regular Plan - IDCW;INF846K01149;INF846K01156;25.6683;;;13-Jan-2026

Bajaj Finserv Mutual Fund
153201;BAJAJ FINSERV ELSS TAX SAVER FUND - DIRECT - GROWTH;INF0QA701AK0;;11.422;;;13-Jan-2026
153203;BAJAJ FINSERV ELSS TAX SAVER FUND - DIRECT - IDCW;INF0QA701AL8;;11.422;;;13-Jan-2026
153202;BAJAJ FINSERV ELSS TAX SAVER FUND - REGULAR - GROWTH;INF0QA701AI4;;11.226;;;13-Jan-2026
153200;BAJAJ FINSERV ELSS TAX SAVER FUND - REGULAR - IDCW;INF0QA701AJ2;;11.226;;;13-Jan-2026

Bandhan Mutual Fund
118473;BANDHAN ELSS Tax Saver Fund - Direct Plan - Growth;INF194K01Y29;;179.507;;;13-Jan-2026
118472;BANDHAN ELSS Tax Saver Fund - Direct Plan - IDCW;INF194K01Y37;INF194K01Y45;44.331;;;13-Jan-2026
111569;BANDHAN ELSS Tax Saver Fund - Regular Plan - Growth;INF194K01292;;155.454;;;13-Jan-2026
111570;BANDHAN ELSS Tax Saver Fund - Regular Plan - IDCW;INF194K01300;INF194K01318;33.508;;;13-Jan-2026

Bank of India Mutual Fund
119351;BANK OF INDIA ELSS Tax Saver -Direct Plan- Growth;INF761K01884;;183.90;;;13-Jan-2026
119352;BANK OF INDIA ELSS Tax Saver -Direct Plan-IDCW;INF761K01876;INF761K01868;73.44;;;13-Jan-2026
111709;BANK OF INDIA ELSS Tax Saver -ECO Plan-Growth;INF761K01157;;170.00;;;13-Jan-2026
111711;BANK OF INDIA ELSS Tax Saver -ECO Plan-IDCW;INF761K01132;INF761K01140;28.22;;;13-Jan-2026
111710;BANK OF INDIA ELSS Tax Saver -Regular Plan- Growth;INF761K01181;;156.98;;;13-Jan-2026
111708;BANK OF INDIA ELSS Tax Saver -Regular Plan-IDCW;INF761K01165;INF761K01173;30.24;;;13-Jan-2026

Baroda BNP Paribas Mutual Fund
150159;BARODA BNP PARIBAS ELSS Tax Saver Fund - Direct Plan - Growth Option;INF251K01HF3;;111.0261;;;13-Jan-2026
150158;BARODA BNP PARIBAS ELSS Tax Saver Fund - Direct Plan - IDCW Option;INF251K01HH9;INF251K01HG1;30.0126;;;13-Jan-2026
150156;BARODA BNP PARIBAS ELSS Tax Saver Fund - Regular - Growth Option;INF251K01985;;97.9274;;;13-Jan-2026
150157;BARODA BNP PARIBAS ELSS Tax Saver Fund- Regular - IDCW Option;INF251K01AA9;INF251K01993;23.5103;;;13-Jan-2026

Canara Robeco Mutual Fund
118285;CANARA ROBECO ELSS TAX SAVER - DIRECT PLAN - GROWTH OPTION;INF760K01EL8;;198.9600;;;13-Jan-2026
118286;CANARA ROBECO ELSS TAX SAVER - DIRECT PLAN - IDCW (Payout);INF760K01EJ2;INF760K01EK0;79.1300;;;13-Jan-2026
111722;CANARA ROBECO ELSS TAX SAVER - REGULAR PLAN - GROWTH OPTION;INF760K01100;;177.0500;;;13-Jan-2026
100593;CANARA ROBECO ELSS TAX SAVER - REGULAR PLAN -IDCW (Payout);INF760K01084;INF760K01092;48.5700;;;13-Jan-2026

DSP Mutual Fund
119242;DSP ELSS Tax Saver Fund - Direct Plan - Growth;INF740K01OK1;;160.449;;;13-Jan-2026
119241;DSP ELSS Tax Saver Fund - Direct Plan - IDCW;INF740K01OL9;INF740K01OM7;96.312;;;13-Jan-2026
104772;DSP ELSS Tax Saver Fund - Regular Plan - Growth;INF740K01185;;143.82;;;13-Jan-2026
104773;DSP ELSS Tax Saver Fund - Regular Plan - IDCW;INF740K01169;INF740K01177;24.051;;;13-Jan-2026

Edelweiss Mutual Fund
118619;Edelweiss ELSS Tax Saver Fund - Direct Plan - IDCW Option;INF754K01BX2;INF754K01BY0;46;;;13-Jan-2026
118620;Edelweiss ELSS Tax Saver Fund - Direct Plan-Growth Option;INF754K01CA8;;136.04;;;13-Jan-2026
111638;Edelweiss ELSS Tax Saver Fund - Regular Plan - Growth Option;INF754K01517;;114.12;;;13-Jan-2026
111639;Edelweiss ELSS Tax Saver Fund - Regular Plan - IDCW Option;INF754K01525;INF754K01541;30.54;;;13-Jan-2026

Franklin Templeton Mutual Fund
118540;Franklin India ELSS Tax Saver Fund - Direct - Growth;INF090I01JS8;;1648.4409;;;13-Jan-2026
118541;Franklin India ELSS Tax Saver Fund - Direct - IDCW;INF090I01JT6;INF090I01JU4;77.6833;;;13-Jan-2026
100525;Franklin India ELSS Tax Saver Fund - IDCW;INF090I01783;INF090I01791;66.7578;;;13-Jan-2026
100526;Franklin India ELSS Tax Saver Fund-Growth;INF090I01775;;1472.8327;;;13-Jan-2026

Groww Mutual Fund
141807;Groww ELSS Tax Saver Fund (formerly known as Indiabulls Tax Savings Fund)- Direct Plan- Dividend Option;INF666M01DL5;;22.57;;;13-Jan-2026
141808;Groww ELSS Tax Saver Fund (formerly known as Indiabulls Tax Savings Fund)- Direct Plan- Growth Option;INF666M01DK7;;22.6;;;13-Jan-2026
141810;Groww ELSS Tax Saver Fund (formerly known as Indiabulls Tax Savings Fund)- Regular Plan- - Income Distribution cum capital withdrawal Option (Payout);INF666M01DO9;;19.79;;;13-Jan-2026
141862;Groww ELSS Tax Saver Fund (formerly known as Indiabulls Tax Savings Fund)-Regular Plan-Growth Option;INF666M01DN1;;19.78;;;13-Jan-2026

HDFC Mutual Fund
119060;HDFC ELSS Tax saver - Growth Option - Direct Plan;INF179K01YS4;;1565.468;;;13-Jan-2026
101979;HDFC ELSS Tax saver - Growth Plan;INF179K01BB8;;1445.285;;;13-Jan-2026
119059;HDFC ELSS Tax saver - IDCW Option - Direct Plan;INF179K01YQ8;INF179K01YR6;104.946;;;13-Jan-2026
101980;HDFC ELSS Tax saver - IDCW Plan;INF179K01AZ9;INF179K01BA0;77.244;;;13-Jan-2026

HSBC Mutual Fund
151078;HSBC ELSS Tax saver Fund - Direct Growth;INF917K01GP0;;146.7939;;;13-Jan-2026
151079;HSBC ELSS Tax saver Fund - Direct IDCW Payout;INF917K01GO3;;39.7328;;;13-Jan-2026
151076;HSBC ELSS Tax saver Fund - Regular Growth;INF677K01064;;134.201;;;13-Jan-2026
151077;HSBC ELSS Tax saver Fund - Regular IDCW Payout;INF677K01072;;27.0519;;;13-Jan-2026
104707;HSBC Tax Saver Equity Fund - Growth;INF336L01BA4;;93.9012;;;13-Jan-2026
120079;HSBC Tax Saver Equity Fund - Growth Direct;INF336L01EE0;;105.7808;;;13-Jan-2026
104706;HSBC Tax Saver Equity Fund - IDCW;INF336L01AZ3;;34.363;;;13-Jan-2026
120078;HSBC Tax Saver Equity Fund - IDCW Direct Plan;INF336L01ER2;;38.8334;;;13-Jan-2026

ICICI Prudential Mutual Fund
120592;ICICI Prudential ELSS Tax Saver Fund - Direct Plan - Growth;INF109K01Y31;;1060.11;;;13-Jan-2026
120593;ICICI Prudential ELSS Tax Saver Fund - Direct Plan - IDCW;INF109K01Y15;INF109K01Y23;47.03;;;13-Jan-2026
100354;ICICI Prudential ELSS Tax Saver Fund - Growth;INF109K01464;;952.12;;;13-Jan-2026
100353;ICICI Prudential ELSS Tax Saver Fund - IDCW;INF109K01FN1;INF109K01472;23.19;;;13-Jan-2026

Invesco Mutual Fund
120416;Invesco India ELSS Tax Saver Fund - Direct Plan - Growth;INF205K01NT8;;145.56;;;13-Jan-2026
120417;Invesco India ELSS Tax Saver Fund - Direct Plan - IDCW Payout;INF205K01NR2;INF205K01NS0;31.64;;;13-Jan-2026
104636;Invesco India ELSS Tax Saver Fund - Regular Plan - Growth;INF205K01270;;122.38;;;13-Jan-2026
104635;Invesco India ELSS Tax Saver Fund - Regular Plan - IDCW Payout;INF205K01296;INF205K01288;23.95;;;13-Jan-2026

ITI Mutual Fund
147541;ITI ELSS Tax Saver Fund - Direct Plan - Growth Option;INF00XX01390;;27.0117;;;13-Jan-2026
147542;ITI ELSS Tax Saver Fund - Direct Plan - IDCW Option;INF00XX01408;;24.9081;;;13-Jan-2026
147544;ITI ELSS Tax Saver Fund - Regular Plan - Growth Option;INF00XX01374;;23.8572;;;13-Jan-2026
147543;ITI ELSS Tax Saver Fund - Regular Plan - IDCW Option;INF00XX01382;;21.8922;;;13-Jan-2026

JM Financial Mutual Fund
120494;JM ELSS Tax Saver Fund (Direct) - Growth Option;INF192K01CE3;;56.0811;;;13-Jan-2026
120493;JM ELSS Tax Saver Fund (Direct) - IDCW;INF192K01CD5;;54.6984;;;13-Jan-2026
107288;JM ELSS Tax Saver Fund (Regular) - Growth option;INF192K01650;;48.7905;;;13-Jan-2026
107287;JM ELSS Tax Saver Fund (Regular) - IDCW;INF192K01643;;48.7898;;;13-Jan-2026

Kotak Mahindra Mutual Fund
103339;Kotak ELSS Tax Saver Fund-Growth;INF174K01369;;116.248;;;13-Jan-2026
119773;Kotak ELSS Tax Saver Fund-Growth - Direct;INF174K01LI3;;136.923;;;13-Jan-2026
103338;Kotak ELSS Tax Saver Fund-Payout of Income Distribution cum capital withdrawal option;INF174K01385;;43.505;;;13-Jan-2026
119772;Kotak ELSS Tax Saver Fund-Payout of Income Distribution cum capital withdrawal option - Direct;INF174K01LJ1;;57.356;;;13-Jan-2026

LIC Mutual Fund
120270;LIC MF ELSS Tax Saver-Direct Plan-Growth;INF767K01EM1;;175.6518;;;13-Jan-2026
120269;LIC MF ELSS Tax Saver-Direct Plan-IDCW;INF767K01EL3;INF767K01EN9;38.7891;;;13-Jan-2026
100865;LIC MF ELSS Tax Saver-Regular Plan-Growth;INF767K01956;;152.9819;;;13-Jan-2026
100864;LIC MF ELSS Tax Saver-Regular Plan-IDCW;INF767K01931;INF767K01949;32.0257;;;13-Jan-2026
134878;LIC MF ULIS (10 Yrs. Regular Premium Reducing Cover Half-Yearly)-Direct Plan-IDCW Reinvestment;;INF767K01DR2;40.3794;;;13-Jan-2026
134865;LIC MF ULIS (10 Yrs. Regular Premium Reducing Cover Half-Yearly)-Regular Plan-IDCW Reinvestment;;INF767K01998;36.1413;;;13-Jan-2026
134876;LIC MF ULIS (10 Yrs. Regular Premium Reducing Cover Monthly)-Direct Plan-IDCW Reinvestment;;INF767K01DQ4;40.3794;;;13-Jan-2026
134847;LIC MF ULIS (10 Yrs. Regular Premium Reducing Cover Monthly)-Regular Plan-IDCW Reinvestment;;INF767K01980;36.1413;;;13-Jan-2026
135976;LIC MF ULIS (10 Yrs. Regular Premium Reducing Cover Quarterly)-Direct Plan-IDCW Reinvestment;;INF767K01OY5;40.3794;;;13-Jan-2026
135979;LIC MF ULIS (10 Yrs. Regular Premium Reducing Cover Quarterly)-Regular Plan-IDCW Reinvestment;;INF767K01OV1;36.1413;;;13-Jan-2026
134877;LIC MF ULIS (10 Yrs. Regular Premium Reducing Cover Yearly)-Direct Plan-IDCW Reinvestment;;INF767K01DS0;40.3794;;;13-Jan-2026
134864;LIC MF ULIS (10 Yrs. Regular Premium Reducing Cover Yearly)-Regular Plan-IDCW Reinvestment;;INF767K01AA4;36.1413;;;13-Jan-2026
134879;LIC MF ULIS (10 Yrs. Regular Premium Uniform Cover Half-Yearly)-Direct Plan-IDCW Reinvestment;;INF767K01DU6;40.3794;;;13-Jan-2026
134867;LIC MF ULIS (10 Yrs. Regular Premium Uniform Cover Half-Yearly)-Regular Plan-IDCW Reinvestment;;INF767K01AC0;36.1413;;;13-Jan-2026
134881;LIC MF ULIS (10 Yrs. Regular Premium Uniform Cover Monthly)-Direct Plan-IDCW Reinvestment;;INF767K01DT8;40.3794;;;13-Jan-2026
134863;LIC MF ULIS (10 Yrs. Regular Premium Uniform Cover Monthly)-Regular Plan-IDCW Reinvestment;;INF767K01AB2;36.1413;;;13-Jan-2026
135977;LIC MF ULIS (10 Yrs. Regular Premium Uniform Cover Quarterly)-Direct Plan-IDCW Reinvestment;;INF767K01PB0;40.3794;;;13-Jan-2026
135983;LIC MF ULIS (10 Yrs. Regular Premium Uniform Cover Quarterly)-Regular Plan-IDCW Reinvestment;;INF767K01PA2;36.1413;;;13-Jan-2026
134880;LIC MF ULIS (10 Yrs. Regular Premium Uniform Cover Yearly)-Direct Plan-IDCW Reinvestment;;INF767K01DV4;40.3794;;;13-Jan-2026
134868;LIC MF ULIS (10 Yrs. Regular Premium Uniform Cover Yearly)-Regular Plan-IDCW Reinvestment;;INF767K01AD8;36.1413;;;13-Jan-2026
134875;LIC MF ULIS (10 Yrs. Single Premium)-Direct Plan-IDCW Reinvestment;;INF767K01DP6;40.3794;;;13-Jan-2026
134846;LIC MF ULIS (10 Yrs. Single Premium)-Regular Plan-IDCW Reinvestment;;INF767K01972;36.1413;;;13-Jan-2026
134882;LIC MF ULIS (15 Yrs. Regular Premium Reducing Cover Half-Yearly)-Direct Plan-IDCW Reinvestment;;INF767K01DX0;40.3794;;;13-Jan-2026
134870;LIC MF ULIS (15 Yrs. Regular Premium Reducing Cover Half-Yearly)-Regular Plan-IDCW Reinvestment;;INF767K01AF3;36.1413;;;13-Jan-2026
134884;LIC MF ULIS (15 Yrs. Regular Premium Reducing Cover Monthly)-Direct Plan-IDCW Reinvestment;;INF767K01DW2;40.3794;;;13-Jan-2026
134869;LIC MF ULIS (15 Yrs. Regular Premium Reducing Cover Monthly)-Regular Plan-IDCW Reinvestment;;INF767K01AE6;36.1413;;;13-Jan-2026
135978;LIC MF ULIS (15 Yrs. Regular Premium Reducing Cover Quarterly)-Direct Plan-IDCW Reinvestment;;INF767K01OX7;40.3794;;;13-Jan-2026
135981;LIC MF ULIS (15 Yrs. Regular Premium Reducing Cover Quarterly)-Regular Plan-IDCW Reinvestment;;INF767K01OU3;36.1413;;;13-Jan-2026
134883;LIC MF ULIS (15 Yrs. Regular Premium Reducing Cover Yearly)-Direct Plan-IDCW Reinvestment;;INF767K01DY8;40.3794;;;13-Jan-2026
134871;LIC MF ULIS (15 Yrs. Regular Premium Reducing Cover Yearly)-Regular Plan-IDCW Reinvestment;;INF767K01AG1;36.1413;;;13-Jan-2026
134885;LIC MF ULIS (15 Yrs. Regular Premium Uniform Cover Half-Yearly)-Direct Plan-IDCW Reinvestment;;INF767K01EA6;40.3794;;;13-Jan-2026
134873;LIC MF ULIS (15 Yrs. Regular Premium Uniform Cover Half-Yearly)-Regular Plan-IDCW Reinvestment;;INF767K01AI7;36.1413;;;13-Jan-2026
134887;LIC MF ULIS (15 Yrs. Regular Premium Uniform Cover Monthly)-Direct Plan-IDCW Reinvestment;;INF767K01DZ5;40.3794;;;13-Jan-2026
134872;LIC MF ULIS (15 Yrs. Regular Premium Uniform Cover Monthly)-Regular Plan-IDCW Reinvestment;;INF767K01AH9;36.1413;;;13-Jan-2026
135980;LIC MF ULIS (15 Yrs. Regular Premium Uniform Cover Quarterly)-Direct Plan-IDCW Reinvestment;;INF767K01OZ2;40.3794;;;13-Jan-2026
135982;LIC MF ULIS (15 Yrs. Regular Premium Uniform Cover Quarterly)-Regular Plan-IDCW Reinvestment;;INF767K01OW9;36.1413;;;13-Jan-2026
134886;LIC MF ULIS (15 Yrs. Regular Premium Uniform Cover Yearly)-Direct Plan-IDCW Reinvestment;;INF767K01EB4;40.3794;;;13-Jan-2026
134874;LIC MF ULIS (15Yrs. Regular Premium Uniform Cover Yearly)-Regular Plan-IDCW Reinvestment;;INF767K01AJ5;36.1413;;;13-Jan-2026
120259;LIC MF ULIS (5 Yrs. Single Premium)-Direct Plan-IDCW Reinvestment;;INF767K01DO9;40.3794;;;13-Jan-2026
100325;LIC MF ULIS (5 Yrs. Single Premium)-Regular Plan-IDCW Reinvestment;;INF767K01964;36.1413;;;13-Jan-2026

Mahindra Manulife Mutual Fund
139781;Mahindra Manulife ELSS Tax Saver Fund - Direct Plan -Growth;INF174V01093;;34.1004;;;13-Jan-2026
139780;Mahindra Manulife ELSS Tax Saver Fund - Regular Plan - IDCW;INF174V01085;;18.6947;;;13-Jan-2026
139782;Mahindra Manulife ELSS Tax Saver Fund- Direct Plan - IDCW;INF174V01101;;23.0759;;;13-Jan-2026
139783;Mahindra Manulife ELSS Tax Saver Fund- Regular Plan - Growth;INF174V01077;;28.8541;;;13-Jan-2026

Mirae Asset Mutual Fund
135781;Mirae Asset ELSS Tax Saver Fund - Direct Plan - Growth;INF769K01DM9;;57.127;;;13-Jan-2026
135782;Mirae Asset ELSS Tax Saver Fund - Direct Plan - IDCW;INF769K01DN7;;26.694;;;13-Jan-2026
135784;Mirae Asset ELSS Tax Saver Fund - Regular Plan - Growth;INF769K01DK3;;50.258;;;13-Jan-2026
135783;Mirae Asset ELSS Tax Saver Fund - Regular Plan - IDCW;INF769K01DL1;;22.557;;;13-Jan-2026

Motilal Oswal Mutual Fund
133386;Motilal Oswal ELSS Tax Saver Fund - Direct Plan - Growth Option;INF247L01569;;57.1997;;;13-Jan-2026
133383;Motilal Oswal ELSS Tax Saver Fund - IDCW Payout;INF247L01551;;29.4485;;;13-Jan-2026
133385;Motilal Oswal ELSS Tax Saver Fund - Regular Plan - Growth Option;INF247L01544;;49.6426;;;13-Jan-2026
133384;Motilal Oswal ELSS Tax Saver Fund Direct - IDCW Payout;INF247L01577;;38.0102;;;13-Jan-2026

Navi Mutual Fund
135653;Navi ELSS Tax Saver Fund - Direct Plan IDCW Payout;INF959L01CE3;;34.4298;;;13-Jan-2026
135652;Navi ELSS Tax Saver Fund - Regular Plan IDCW Payout;INF959L01CG8;;29.1382;;;13-Jan-2026
135654;Navi ELSS Tax Saver Fund- Direct Plan- Growth Option;INF959L01CD5;;34.8662;;;13-Jan-2026
135655;Navi ELSS Tax Saver Fund- Regular Plan- Growth Option;INF959L01CF0;;29.1411;;;13-Jan-2026
151471;NAVI ELSS TAX SAVER NIFTY 50 INDEX FUND - DIRECT PLAN GROWTH;INF959L01GR6;;15.5423;;;13-Jan-2026
151473;NAVI ELSS TAX SAVER NIFTY 50 INDEX FUND - DIRECT PLAN IDCW PAYOUT;INF959L01GT2;;15.5494;;;13-Jan-2026
151472;NAVI ELSS TAX SAVER NIFTY 50 INDEX FUND - REGULAR PLAN GROWTH;INF959L01GS4;;15.1232;;;13-Jan-2026
151474;NAVI ELSS TAX SAVER NIFTY 50 INDEX FUND - REGULAR PLAN IDCW PAYOUT;INF959L01GU0;;15.183;;;13-Jan-2026

Nippon India Mutual Fund
133866;NIPPON INDIA TAX SAVER (ELSS) FUND - ANNUAL IDCW Option;INF204KA1E04;;21.7950;;;13-Jan-2026
133865;NIPPON INDIA TAX SAVER (ELSS) FUND - DIRECT Plan - ANNUAL IDCW Option;INF204KA1E12;;23.7564;;;13-Jan-2026
118801;NIPPON INDIA TAX SAVER (ELSS) FUND - DIRECT Plan - IDCW Option;INF204K01L30;INF204K01L48;48.0908;;;13-Jan-2026
103197;NIPPON INDIA TAX SAVER (ELSS) FUND - IDCW Option;INF204K01GL2;INF204K01GM0;35.8543;;;13-Jan-2026
103196;Nippon India Tax Saver (ELSS) Fund-Growth Plan-Growth Option;INF204K01GK4;;129.4446;;;13-Jan-2026
118803;Nippon India Tax Saver Fund - Direct Plan Growth Plan - Growth Option;INF204K01L55;;142.5518;;;13-Jan-2026

NJ Mutual Fund
151611;NJ ELSS Tax Saver Scheme Direct Growth;INF0J8L01115;;14.60;;;13-Jan-2026
151612;NJ ELSS Tax Saver Scheme Direct IDCW;INF0J8L01123;;14.60;;;13-Jan-2026
151609;NJ ELSS Tax Saver Scheme Regular Growth;INF0J8L01099;;13.94;;;13-Jan-2026
151610;NJ ELSS Tax Saver Scheme Regular IDCW;INF0J8L01107;;13.94;;;13-Jan-2026

PGIM India Mutual Fund
135600;PGIM India ELSS Tax Saver Fund - Direct Plan - Dividend Option;INF663L01FO3;;19.24;;;13-Jan-2026
135601;PGIM India ELSS Tax Saver Fund - Direct Plan - Growth Option;INF663L01FN5;;39.63;;;13-Jan-2026
135599;PGIM India ELSS Tax Saver Fund - Regular Plan - Dividend Option;INF663L01FR6;;17.98;;;13-Jan-2026
135598;PGIM India ELSS Tax Saver Fund - Regular Plan - Growth Option;INF663L01FQ8;;34.37;;;13-Jan-2026

PPFAS Mutual Fund
147481;Parag Parikh ELSS Tax Saver Fund- Direct Growth;INF879O01100;;33.9626;;;13-Jan-2026
147482;Parag Parikh ELSS Tax Saver Fund- Regular Growth;INF879O01092;;31.4333;;;13-Jan-2026

quant Mutual Fund
120847;quant ELSS Tax Saver Fund - Growth Option - Direct Plan;INF966L01986;;411.9134;;;13-Jan-2026
100175;quant ELSS Tax Saver Fund - Growth Option - Regular Plan;INF966L01135;;366.3131;;;13-Jan-2026
120846;quant ELSS Tax Saver Fund - IDCW Option - Direct Plan;INF966L01960;INF966L01127;54.9102;;;13-Jan-2026
100174;quant ELSS Tax Saver Fund - IDCW Option - Regular Plan;INF966L01119;;50.8667;;;13-Jan-2026

Quantum Mutual Fund
111549;Quantum ELSS Tax Saver Fund - Direct Plan Growth Option;INF082J01069;;132.77;;;13-Jan-2026
111550;Quantum ELSS Tax Saver Fund - Direct Plan IDCW;INF082J01077;INF082J01085;131.91;;;13-Jan-2026
141070;Quantum ELSS Tax Saver Fund - Regular Plan Growth Option;INF082J01366;;125.93;;;13-Jan-2026
141071;Quantum ELSS Tax Saver Fund - Regular Plan IDCW;INF082J01374;;125.08;;;13-Jan-2026

Samco Mutual Fund
150838;Samco ELSS Tax Saver Fund - Direct Plan - Growth Option;INF0K1H01065;;13.04;;;13-Jan-2026
150839;Samco ELSS Tax Saver Fund - Regular Plan - Growth Option;INF0K1H01057;;12.47;;;13-Jan-2026

SBI Mutual Fund
119722;SBI ELSS Tax Saver Fund - Direct Plan - Income Distribution cum Capital Withdrawal Option (IDCW);INF200K01UK3;;119.5084;;;13-Jan-2026
119723;SBI ELSS Tax Saver FUND - DIRECT PLAN -GROWTH;INF200K01UM9;;482.4941;;;13-Jan-2026
103883;SBI ELSS Tax Saver Fund - Regular Plan - Income Distribution cum Capital Withdrawal Option (IDCW);INF200K01479;;90.2391;;;13-Jan-2026
105628;SBI ELSS Tax Saver FUND - REGULAR PLAN- GROWTH;INF200K01495;;445.0972;;;13-Jan-2026

Shriram Mutual Fund
145819;Shriram ELSS Tax Saver Fund - Direct Growth;INF680P01158;;23.9988;;;13-Jan-2026
145822;Shriram ELSS Tax Saver Fund - Direct- IDCW;INF680P01166;;23.8144;;;13-Jan-2026
145820;Shriram ELSS Tax Saver Fund - Regular Growth;INF680P01133;;21.2049;;;13-Jan-2026
145821;Shriram ELSS Tax Saver Fund - Regular-IDCW;INF680P01141;;21.2077;;;13-Jan-2026

Sundaram Mutual Fund
149571;Sundaram ELSS Tax Saver Fund Direct Plan - Income Distribution CUM Capital Withdrawal Option (IDCW);INF173K01NN1;;553.6730;;;13-Jan-2026
149570;Sundaram ELSS Tax Saver Fund Direct Plan Growth;INF173K01HZ7;;554.2371;;;13-Jan-2026
149569;Sundaram ELSS Tax Saver Fund Regular Growth;INF173K01361;;517.1104;;;13-Jan-2026
149572;Sundaram ELSS Tax Saver Fund Regular Plan - Income Distribution CUM Capital Withdrawal Option (IDCW);INF173K01NM3;;414.6922;;;13-Jan-2026

Tata Mutual Fund
119281;Tata ELSS Fund- Direct Plan - Payout of IDCW Option;INF277K01I94;;233.7803;;;13-Jan-2026
100474;Tata ELSS Fund- Regular Plan - Payout of IDCW Option;INF277K01I60;;101.2144;;;13-Jan-2026
132756;Tata ELSS Fund-Growth-Direct Plan;INF277K01I86;;52.0491;;;13-Jan-2026
132757;Tata ELSS Fund-Growth-Regular Plan;INF277K01I52;;45.2274;;;13-Jan-2026

Taurus Mutual Fund
118866;Taurus ELSS Tax Saver Fund - Direct Plan - Growth;INF044D01CG6;INF044D01AA3;195.63;;;13-Jan-2026
118867;Taurus ELSS Tax Saver Fund - Direct Plan - Payout of Income Distribution cum Capital Withdrawal option;INF044D01CH4;INF044D01CI2;90.16;;;13-Jan-2026
100480;Taurus ELSS Tax Saver Fund - Regular Plan - Growth;INF044D01AC9;;178.93;;;13-Jan-2026
108402;Taurus ELSS Tax Saver Fund - Regular Plan - Payout of Income Distribution cum Capital Withdrawal option;INF044D01997;;83.82;;;13-Jan-2026

Union Mutual Fund
119307;Union ELSS Tax Saver Fund - Direct Plan - Growth Option;INF582M01765;;70.67;;;13-Jan-2026
119306;Union ELSS Tax Saver Fund - Direct Plan - IDCW Option;INF582M01781;INF582M01773;70.67;;;13-Jan-2026
116051;Union ELSS Tax Saver Fund - Growth Option;INF582M01302;;64.79;;;13-Jan-2026
116052;Union ELSS Tax Saver Fund - IDCW Option;INF582M01328;INF582M01310;36.22;;;13-Jan-2026

UTI Mutual Fund
120715;UTI ELSS Tax Saver Fund - Direct Plan - Growth Option;INF789F01TF7;;233.9601;;;13-Jan-2026
120714;UTI ELSS Tax Saver Fund - Direct Plan - IDCW;INF789F01TD2;INF789F01TE0;55.1358;;;13-Jan-2026
100821;UTI ELSS Tax Saver Fund - Regular Plan - Growth Option;INF789F01547;;208.0341;;;13-Jan-2026
100820;UTI ELSS Tax Saver Fund - Regular Plan - IDCW;INF789F01521;INF789F01539;39.743;;;13-Jan-2026

WhiteOak Capital Mutual Fund
150587;WhiteOak Capital ELSS Tax Saver Fund Direct Plan Growth;INF03VN01621;;18.601;;;13-Jan-2026
150586;WhiteOak Capital ELSS Tax Saver Fund Direct Plan IDCW;INF03VN01639;;18.601;;;13-Jan-2026
150589;WhiteOak Capital ELSS Tax Saver Fund Regular Plan Growth;INF03VN01647;;17.596;;;13-Jan-2026
150588;WhiteOak Capital ELSS Tax Saver Fund Regular Plan IDCW;INF03VN01654;;17.596;;;13-Jan-2026

Open Ended Schemes ( Debt Scheme - Overnight Fund )


360 ONE Mutual Fund
153703;360 ONE Overnight Fund - Direct Plan - Growth;INF579M01BG4;;1028.1959;;;13-Jan-2026
153700;360 ONE Overnight Fund - Regular Plan - Growth;INF579M01BD1;;1027.7720;;;13-Jan-2026
153702;360 ONE Overnight Fund - Regular Plan - IDCW;INF579M01BE9;INF579M01BF6;1027.7720;;;13-Jan-2026
153701;360 ONE Overnight Fund- Direct Plan - IDCW;INF579M01BH2;INF579M01BI0;1028.1959;;;13-Jan-2026

Aditya Birla Sun Life Mutual Fund
145488;ADITYA BIRLA SUN LIFE OVERNIGHT FUND-  Direct - Monthly Payout of IDCW;INF209KB1ZL4;;1002.6527;;;13-Jan-2026
145489;ADITYA BIRLA SUN LIFE OVERNIGHT FUND-  Direct - Weekly Reinvestment of IDCW;;INF209KB1ZJ8;1000.6191;;;13-Jan-2026
145482;ADITYA BIRLA SUN LIFE OVERNIGHT FUND-  Regular - Weekly Reinvestment of IDCW option;;INF209KB1ZE9;1000.595;;;13-Jan-2026
145487;ADITYA BIRLA SUN LIFE OVERNIGHT FUND- Direct - Daily Reinvestment of IDCW;;INF209KB1ZI0;1000.02;;;13-Jan-2026
145483;ADITYA BIRLA SUN LIFE OVERNIGHT FUND- Regular - Daily Reinvestment of IDCW;;INF209KB1ZD1;1000.02;;;13-Jan-2026
145485;ADITYA BIRLA SUN LIFE OVERNIGHT FUND- Regular- Monthly Payout of IDCW option;INF209KB1ZG4;;1002.6001;;;13-Jan-2026
145486;ADITYA BIRLA SUN LIFE OVERNIGHT FUND-DIRECT PLAN-GROWTH;INF209KB1ZH2;;1441.3418;;;13-Jan-2026
145481;ADITYA BIRLA SUNLIFE OVERNIGHT FUND-REGULAR PLAN-GROWTH;INF209KB1ZC3;;1429.483;;;13-Jan-2026

Axis Mutual Fund
146679;Axis Overnight Fund - Direct Plan - Daily IDCW;;INF846K01N99;1000.5073;;;13-Jan-2026
146675;Axis Overnight Fund - Direct Plan - Growth Option;INF846K01N65;;1410.5125;;;13-Jan-2026
146677;Axis Overnight Fund - Direct Plan - Monthly IDCW;INF846K01N73;INF846K01N81;1003.5108;;;13-Jan-2026
146676;Axis Overnight Fund - Direct Plan - Weekly IDCW;INF846K01N40;INF846K01N57;1000.8474;;;13-Jan-2026
146682;Axis Overnight Fund - Regular Plan - Daily IDCW;;INF846K01O56;1000.5032;;;13-Jan-2026
146678;Axis Overnight Fund - Regular Plan - Growth Option;INF846K01O23;;1405.4114;;;13-Jan-2026
146681;Axis Overnight Fund - Regular Plan - Monthly IDCW;INF846K01O31;INF846K01O49;1003.4824;;;13-Jan-2026
146680;Axis Overnight Fund - Regular Plan - Weekly IDCW;INF846K01O07;INF846K01O15;1000.8142;;;13-Jan-2026

Bajaj Finserv Mutual Fund
153437;Bajaj Finserv Overnight Fund - Direct - Unclaimed less than 3 years IDCW Plan;INF0QA701AE3;;1038.8793;;;13-Jan-2026
153438;Bajaj Finserv Overnight Fund - Direct - Unclaimed less than 3 years Redemption Plan;INF0QA701AF0;;1045.3621;;;13-Jan-2026
151843;Bajaj Finserv Overnight Fund - Direct Plan - Daily - IDCW;;INF0QA701185;1033.1412;;;13-Jan-2026
151850;Bajaj Finserv Overnight Fund - Direct Plan - Fortnightly - IDCW;INF0QA701235;INF0QA701201;1033.2935;;;13-Jan-2026
151849;Bajaj Finserv Overnight Fund - Direct Plan - Growth;INF0QA701177;;1169.2004;;;13-Jan-2026
151845;Bajaj Finserv Overnight Fund - Direct Plan - Monthly - IDCW;INF0QA701243;INF0QA701219;1037.5431;;;13-Jan-2026
151844;Bajaj Finserv Overnight Fund - Direct Plan - Weekly - IDCW;INF0QA701227;INF0QA701193;1033.2881;;;13-Jan-2026
151852;Bajaj Finserv Overnight Fund - Regular Plan - Daily - IDCW;;INF0QA701292;1032.8859;;;13-Jan-2026
151847;Bajaj Finserv Overnight Fund - Regular Plan - Fortnightly - IDCW;INF0QA701318;INF0QA701276;1033.0432;;;13-Jan-2026
151851;Bajaj Finserv Overnight Fund - Regular Plan - Growth;INF0QA701250;;1167.7235;;;13-Jan-2026
151848;Bajaj Finserv Overnight Fund - Regular Plan - Monthly - IDCW;INF0QA701326;INF0QA701284;1037.2423;;;13-Jan-2026
151846;Bajaj Finserv Overnight Fund - Regular Plan - Weekly - IDCW;INF0QA701300;INF0QA701268;1033.0341;;;13-Jan-2026

Bandhan Mutual Fund
146190;BANDHAN Overnight Fund - Direct Plan - Daily IDCW;INF194KB1462;INF194KB1470;1000.0073;;;13-Jan-2026
146191;BANDHAN Overnight Fund - Direct Plan - Growth;INF194KB1447;;1421.2822;;;13-Jan-2026
146183;BANDHAN Overnight Fund - Direct Plan - Monthly IDCW;INF194KB1496;INF194KB1504;1002.0569;;;13-Jan-2026
146184;BANDHAN Overnight Fund - Direct Plan - Periodic IDCW;INF194KB1520;INF194KB1538;1295.1254;;;13-Jan-2026
146192;BANDHAN Overnight Fund - Direct Plan - Weekly IDCW;INF194KB1553;INF194KB1561;1000.5897;;;13-Jan-2026
146188;BANDHAN Overnight Fund - Regular Plan - Daily IDCW;INF194KB1330;INF194KB1348;1000.0073;;;13-Jan-2026
146187;BANDHAN Overnight Fund - Regular Plan - Growth;INF194KB1314;;1410.5913;;;13-Jan-2026
146185;BANDHAN Overnight Fund - Regular Plan - Monthly IDCW;INF194KB1363;INF194KB1371;1002.0310;;;13-Jan-2026
146189;BANDHAN Overnight Fund - Regular Plan - Weekly IDCW;INF194KB1421;INF194KB1439;1001.5082;;;13-Jan-2026
146186;BANDHAN Overnight Fund - REGULAR PLAN PERIODIC IDCW;INF194KB1397;INF194KB1405;1290.7075;;;13-Jan-2026

Bank of India Mutual Fund
147951;BANK OF INDIA Overnight Fund Direct Plan Growth;INF761K01EU7;;1353.2091;;;13-Jan-2026
147952;BANK OF INDIA Overnight Fund Direct Plan- Daily IDCW;;INF761K01EV5;1000.0002;;;13-Jan-2026
147948;BANK OF INDIA Overnight Fund Direct Plan- Monthly IDCW;INF761K01EY9;INF761K01EX1;1002.6308;;;13-Jan-2026
147936;BANK OF INDIA Overnight Fund Regular Plan Growth;INF761K01EZ6;;1349.3099;;;13-Jan-2026
147953;BANK OF INDIA Overnight Fund Regular Plan- Daily IDCW;;INF761K01FA6;1000.0001;;;13-Jan-2026
147949;BANK OF INDIA Overnight Fund Regular Plan- Monthly IDCW;INF761K01FD0;INF761K01FC2;1002.6136;;;13-Jan-2026
149412;BANK OF INDIA Overnight Fund Unclaimed IDCW Plan - Greater than 3 Years;;;1000.0000;;;13-Jan-2026
149414;BANK OF INDIA Overnight Fund Unclaimed IDCW Plan - Up to 3 Years;;;1272.3170;;;13-Jan-2026
149415;BANK OF INDIA Overnight Fund Unclaimed Redemption Plan - Greater than 3 Years;;;1000.0000;;;13-Jan-2026
149413;BANK OF INDIA Overnight Fund Unclaimed Redemption Plan - Upto 3 Years;;;1272.6279;;;13-Jan-2026

Baroda BNP Paribas Mutual Fund
147197;Baroda BNP Paribas Overnight Fund - Direct Plan - Daily IDCW;;INF955L01HW2;1000.0028;;;13-Jan-2026
147196;Baroda BNP Paribas Overnight Fund - Direct Plan - Growth;INF955L01HV4;;1399.7403;;;13-Jan-2026
147195;Baroda BNP Paribas Overnight Fund - Direct Plan - Weekly IDCW;;INF955L01HX0;1000.1079;;;13-Jan-2026
149988;Baroda BNP Paribas Overnight Fund - Plan C - Unclaimed IDCW - Greater than 3 years;;;1000.0000;;;13-Jan-2026
149991;Baroda BNP Paribas Overnight Fund - Plan C - Unclaimed IDCW - Up to 3 years;;;1255.8852;;;13-Jan-2026
149990;Baroda BNP Paribas Overnight Fund - Plan C - Unclaimed Redemption - Greater than 3 years;;;1000.0000;;;13-Jan-2026
149989;Baroda BNP Paribas Overnight Fund - Plan C - Unclaimed Redemption - Up to 3 years;;;1255.8558;;;13-Jan-2026
147194;Baroda BNP Paribas Overnight Fund - Regular Plan - Daily IDCW;;INF955L01HT8;1000.0018;;;13-Jan-2026
147193;Baroda BNP Paribas Overnight Fund - Regular Plan - Growth;INF955L01HS0;;1393.5370;;;13-Jan-2026
147198;Baroda BNP Paribas Overnight Fund - Regular Plan - Weekly IDCW;;INF955L01HU6;1000.5893;;;13-Jan-2026

Canara Robeco Mutual Fund
147532;CANARA ROBECO OVERNIGHT FUND - DIRECT PLAN - DAILY IDCW (Reinvestment);;INF760K01JN3;1001.0012;;;13-Jan-2026
147531;CANARA ROBECO OVERNIGHT FUND - DIRECT PLAN - GROWTH OPTION;INF760K01JM5;;1375.9009;;;13-Jan-2026
147533;CANARA ROBECO OVERNIGHT FUND - REGULAR PLAN - DAILY IDCW (Reinvestment);;INF760K01JP8;1001.0000;;;13-Jan-2026
147534;CANARA ROBECO OVERNIGHT FUND - REGULAR PLAN - GROWTH OPTION;INF760K01JO1;;1374.4683;;;13-Jan-2026

DSP Mutual Fund
146062;DSP Overnight Fund - Direct Plan - Growth;INF740KA1MC8;;1427.4415;;;13-Jan-2026
146065;DSP Overnight Fund - Direct Plan - IDCW - Daily;;INF740KA1OR2;1000.0099;;;13-Jan-2026
146061;DSP Overnight Fund - Regular Plan - Growth;INF740KA1MB0;;1419.404;;;13-Jan-2026
146066;DSP Overnight Fund - Regular Plan - IDCW - Daily;;INF740KA1OU6;1000.0099;;;13-Jan-2026
146063;DSP Overnight Fund - Regular Plan - IDCW - Weekly;INF740KA1OV4;INF740KA1OW2;1001.6292;;;13-Jan-2026
149313;Unclaimed IDCW - Beyond 3 years (Invested in DSP Overnight Fund);;;10;;;13-Jan-2026
149312;Unclaimed IDCW - Upto 3 years (Invested in DSP Overnight Fund);;;12.7153;;;13-Jan-2026
149311;Unclaimed Redemption - Beyond 3 years (Invested in DSP Overnight Fund);;;10;;;13-Jan-2026
149310;Unclaimed Redemption - Upto 3 years (Invested in DSP Overnight Fund);;;12.7153;;;13-Jan-2026

Edelweiss Mutual Fund
147551;Edelweiss Overnight Fund - Direct Plan - Annual - IDCW Option;INF754K01KD5;INF754K01KC7;1379.0471;;;13-Jan-2026
147557;Edelweiss Overnight Fund - Direct Plan - Daily - IDCW Option;;INF754K01JW7;1000.1887;;;13-Jan-2026
147550;Edelweiss Overnight Fund - Direct Plan - Fortnightly - IDCW Option;INF754K01JZ0;INF754K01JY3;1373.9065;;;13-Jan-2026
147570;Edelweiss Overnight Fund - Direct Plan - Growth;INF754K01JV9;;1378.5837;;;13-Jan-2026
147554;Edelweiss Overnight Fund - Direct Plan - Monthly - IDCW Option;INF754K01KB9;INF754K01KA1;1060.4123;;;13-Jan-2026
147556;Edelweiss Overnight Fund - Regular Plan - Annual - IDCW Option;INF754K01KM6;INF754K01KL8;1373.6825;;;13-Jan-2026
147552;Edelweiss Overnight Fund - Regular Plan - Daily - IDCW Option;;INF754K01KF0;1008.3586;;;13-Jan-2026
147549;Edelweiss Overnight Fund - Regular Plan - Fortnightly - IDCW Option;INF754K01KI4;INF754K01KH6;1097.6455;;;13-Jan-2026
147569;Edelweiss Overnight Fund - Regular Plan - Growth;INF754K01KE3;;1373.6745;;;13-Jan-2026
147555;Edelweiss Overnight Fund - Regular Plan - Monthly - IDCW Option;INF754K01KK0;INF754K01KJ2;1007.1485;;;13-Jan-2026
147553;Edelweiss Overnight Fund - Regular Plan - Weekly - IDCW Option;;INF754K01KG8;1016.544;;;13-Jan-2026
149476;Edelweiss Overnight Fund - Unclaimed IDCW Plan - Above 3 years;;;1000;;;13-Jan-2026
149477;Edelweiss Overnight Fund - Unclaimed IDCW Plan - Upto 3 years;;;1261.3299;;;13-Jan-2026
149479;Edelweiss Overnight Fund - Unclaimed Redemption Plan - Above 3 years;;;1000;;;13-Jan-2026
149478;Edelweiss Overnight Fund - Unclaimed Redemption Plan - Upto 3 years;;;1261.3283;;;13-Jan-2026

Franklin Templeton Mutual Fund
147215;Franklin India Overnight Fund - Daily Dividend Plan - Daily - IDCW;;INF090I01SM2;1000.0001;;;13-Jan-2026
147212;Franklin India Overnight Fund - Direct Daily Dividend Plan - Daily - IDCW;;INF090I01ST7;1000.0007;;;13-Jan-2026
147211;Franklin India Overnight Fund - Direct Weekly Dividend Plan - Weekly - IDCW;INF090I01SR1;INF090I01SQ3;1000.3030;;;13-Jan-2026
147216;Franklin India Overnight Fund - Weekly Dividend Plan - Weekly - IDCW;INF090I01SN0;INF090I01SP5;1000.3051;;;13-Jan-2026
147213;Franklin India Overnight fund- Growth;INF090I01SO8;;1385.2420;;;13-Jan-2026
147214;Franklin India Overnight Fund- Growth - Direct;INF090I01SS9;;1389.8631;;;13-Jan-2026
149445;Franklin India Overnight Fund- Unclaimed IDCW Investor Education Plan;;;10.0000;;;13-Jan-2026
149443;Franklin India Overnight Fund- Unclaimed IDCW Plan;;;12.6146;;;13-Jan-2026
149444;Franklin India Overnight Fund- Unclaimed Redemption Investor EducationPlan;;;10.0000;;;13-Jan-2026
149446;Franklin India Overnight Fund- Unclaimed Redemption Plan;;;12.6146;;;13-Jan-2026

Groww Mutual Fund
147458;Groww Overnight Fund (formerly known as Indiabulls Overnight Fund)- Direct Plan- - Income Distribution cum capital withdrawal Option ( Reinvestment);;INF666M01GM6;1001.351;;;13-Jan-2026
147452;Groww Overnight Fund (formerly known as Indiabulls Overnight Fund)- Direct Plan- Fortnightly - Income Distribution cum capital withdrawal Option (Payout & Reinvestment);INF666M01GP9;INF666M01GQ7;1214.9128;;;13-Jan-2026
147450;Groww Overnight Fund (formerly known as Indiabulls Overnight Fund)- Direct Plan- Growth Option;INF666M01GL8;;1373.341;;;13-Jan-2026
147453;Groww Overnight Fund (formerly known as Indiabulls Overnight Fund)- Direct Plan- Monthly - Income Distribution cum capital withdrawal Option (Payout & Reinvestment);INF666M01GR5;INF666M01GS3;1003.0325;;;13-Jan-2026
147451;Groww Overnight Fund (formerly known as Indiabulls Overnight Fund)- Direct Plan- Weekly - Income Distribution cum capital withdrawal Option (Payout & Reinvestment);INF666M01GN4;INF666M01GO2;1002.411;;;13-Jan-2026
147455;Groww Overnight Fund (formerly known as Indiabulls Overnight Fund)- Regular Plan- - Income Distribution cum capital withdrawal Option ( Reinvestment);;INF666M01GU9;1001.0414;;;13-Jan-2026
147457;Groww Overnight Fund (formerly known as Indiabulls Overnight Fund)- Regular Plan- Fortnightly - Income Distribution cum capital withdrawal Option (Payout & Reinvestment);INF666M01GX3;INF666M01GY1;1001.0258;;;13-Jan-2026
147454;Groww Overnight Fund (formerly known as Indiabulls Overnight Fund)- Regular Plan- Growth Option;INF666M01GT1;;1365.0068;;;13-Jan-2026
147459;Groww Overnight Fund (formerly known as Indiabulls Overnight Fund)- Regular Plan- Monthly - Income Distribution cum capital withdrawal Option (Payout & Reinvestment);INF666M01GZ8;INF666M01HA9;1003.0955;;;13-Jan-2026
147456;Groww Overnight Fund (formerly known as Indiabulls Overnight Fund)- Regular Plan- Weekly - Income Distribution cum capital withdrawal Option (Payout & Reinvestment);INF666M01GV7;INF666M01GW5;1001.0228;;;13-Jan-2026
149394;Groww Overnight Fund (formerly known as Indiabulls Overnight Fund)- Unclaimed Dividend < 3 years;;;1270.7822;;;13-Jan-2026
149396;Groww Overnight Fund (formerly known as Indiabulls Overnight Fund)- Unclaimed Redemption < 3 Years;;;1260.1217;;;13-Jan-2026
149395;Groww Overnight Fund (formerly known as Indiabulls Overnight Fund)- Unclaimed Redemption > 3 Years;;;1000;;;13-Jan-2026

HDFC Mutual Fund
119109;HDFC Overnight Fund - Daily IDCW Option - Direct Plan;;INF179KB1HY1;1042.66;;;13-Jan-2026
101996;HDFC Overnight Fund - Growth Option;INF179KB1HS3;;3911.0218;;;13-Jan-2026
119110;HDFC Overnight Fund - Growth Option - Direct Plan;INF179KB1HT1;;3950.8176;;;13-Jan-2026
101997;HDFC Overnight Fund - IDCW Option (Daily);;INF179KB1IF8;1042.66;;;13-Jan-2026

Helios Mutual Fund
152151;Helios Overnight Fund - Direct Plan - Daily IDCW Option;INF0R8701087;;1000.0000;;;13-Jan-2026
152152;Helios Overnight Fund - Direct Plan - Growth Option;INF0R8701079;;1143.5299;;;13-Jan-2026
152154;Helios Overnight Fund - Regular Plan - Daily IDCW Option;INF0R8701103;;1000.0000;;;13-Jan-2026
152153;Helios Overnight Fund - Regular Plan - Growth Option;INF0R8701095;;1142.2577;;;13-Jan-2026

HSBC Mutual Fund
147291;HSBC Overnight Fund - Direct Daily IDCW;;INF336L01OG4;1000.0149;;;13-Jan-2026
147287;HSBC Overnight Fund - Direct Growth;INF336L01OF6;;1394.5647;;;13-Jan-2026
147300;HSBC Overnight Fund - Direct Monthly IDCW;INF336L01OK6;INF336L01OI0;1002.6304;;;13-Jan-2026
147296;HSBC Overnight Fund - Direct Weekly IDCW;INF336L01OJ8;INF336L01OH2;1000.015;;;13-Jan-2026
147289;HSBC Overnight Fund - Regular Daily IDCW;;INF336L01OM2;1000.0149;;;13-Jan-2026
147290;HSBC Overnight Fund - Regular Growth;INF336L01OL4;;1382.9356;;;13-Jan-2026
147301;HSBC Overnight Fund - Regular Monthly IDCW;INF336L01OQ3;INF336L01OO8;1002.5918;;;13-Jan-2026
147288;HSBC Overnight Fund - Regular Weekly IDCW;INF336L01OP5;INF336L01ON0;1000.0404;;;13-Jan-2026
150501;HSBC Overnight Fund - Unclaimed IDCW Above three years;;;1000;;;13-Jan-2026
150499;HSBC Overnight Fund - Unclaimed IDCW Below three years;;;1237.6656;;;13-Jan-2026
150500;HSBC Overnight Fund - Unclaimed Redemption above three years;;;1000;;;13-Jan-2026
150502;HSBC Overnight Fund - Unclaimed Redemption Below three years;;;1237.6843;;;13-Jan-2026

ICICI Prudential Mutual Fund
145547;ICICI Prudential Overnight Fund - Daily IDCW;;INF109KC18E1;1000.0050;;;13-Jan-2026
145537;ICICI Prudential Overnight Fund - Direct Plan - Daily IDCW;;INF109KC12G9;1000.0050;;;13-Jan-2026
145536;ICICI Prudential Overnight Fund - Direct Plan - Growth;INF109KC11G1;;1436.0065;;;13-Jan-2026
149411;ICICI Prudential Overnight fund - Direct Plan - Unclaimed IDCW Stable Scheme;INF109KC18H4;;1000.0000;;;13-Jan-2026
149408;ICICI Prudential Overnight fund - Direct Plan - Unclaimed IDCW Transitory Scheme;INF109KC16H8;;1267.0101;;;13-Jan-2026
149409;ICICI Prudential Overnight fund - Direct Plan - Unclaimed Redemption Stable Scheme;INF109KC17H6;;1000.0000;;;13-Jan-2026
149410;ICICI Prudential Overnight fund - Direct Plan - Unclaimed Redemption Transitory Scheme;INF109KC15H0;;1267.0259;;;13-Jan-2026
145539;ICICI Prudential Overnight Fund - Direct Plan - Weekly IDCW;INF109KC16G0;INF109KC15G2;1000.1511;;;13-Jan-2026
145535;ICICI Prudential Overnight Fund - Growth;INF109KC17E3;;1427.4450;;;13-Jan-2026
145538;ICICI Prudential Overnight Fund - Weekly IDCW;INF109KC12F1;INF109KC11F3;1000.1492;;;13-Jan-2026

Invesco Mutual Fund
147884;Invesco India Overnight Fund - Direct Plan - Daily IDCW (Reinvestment);;INF205KA1122;1000.5303;;;13-Jan-2026
147883;Invesco India Overnight Fund - Direct Plan - Growth;INF205KA1163;;1346.43;;;13-Jan-2026
147886;Invesco India Overnight Fund - Direct Plan - Monthly IDCW (Payout / Reinvestment);INF205KA1155;INF205KA1148;1002.0805;;;13-Jan-2026
147880;Invesco India Overnight Fund - Regular Plan - Daily IDCW (Reinvestment);;INF205KA1072;1000.1395;;;13-Jan-2026
147878;Invesco India Overnight Fund - Regular Plan - Growth;INF205KA1114;;1341.8526;;;13-Jan-2026
147879;Invesco India Overnight Fund - Regular Plan - Monthly IDCW (Payout / Reinvestment);INF205KA1106;INF205KA1098;1002.2099;;;13-Jan-2026
147881;Invesco India Overnight Fund - Regular Plan - Weekly IDCW (Reinvestment);;INF205KA1080;1000.3763;;;13-Jan-2026

ITI Mutual Fund
147713;ITI Overnight Fund - Direct Plan - Growth Option;INF00XX01564;;1349.6953;;;13-Jan-2026
147717;ITI Overnight Fund - Direct Plan - Monthly IDCW Option;INF00XX01630;INF00XX01606;1003.5333;;;13-Jan-2026
147709;ITI Overnight Fund - Regular Plan - Daily IDCW Option;;INF00XX01481;1001.0000;;;13-Jan-2026
147716;ITI Overnight Fund - Regular Plan - Fortnightly IDCW Option;INF00XX01531;INF00XX01507;1001.0024;;;13-Jan-2026
147714;ITI Overnight Fund - Regular Plan - Growth Option;INF00XX01473;;1341.2021;;;13-Jan-2026
147718;ITI Overnight Fund - Regular Plan - Monthly IDCW Option;INF00XX01549;INF00XX01515;1001.0714;;;13-Jan-2026
147712;ITI Overnight Fund - Regular Plan - Weekly IDCW Option;;INF00XX01499;1000.9991;;;13-Jan-2026

Jio BlackRock Mutual Fund
153650;JioBlackRock Overnight Fund - Direct Plan - Growth Option;INF22M001036;;1028.9351;;;13-Jan-2026
154070;JioBlackRock Overnight Fund - Unclaimed Redemption - Upto 3 years - Growth Option;;;1006.1087;;;13-Jan-2026

JM Financial Mutual Fund
147838;JM Overnight Fund (Direct) - Daily IDCW;;INF192K01LY2;1000;;;13-Jan-2026
147835;JM Overnight Fund (Direct) - Weekly IDCW;INF192K01LZ9;INF192K01MA0;1000;;;13-Jan-2026
147839;JM Overnight Fund (Regular) - Daily IDCW;;INF192K01LU0;1000;;;13-Jan-2026
147836;JM Overnight Fund (Regular) - Growth;INF192K01LX4;;1345.5167;;;13-Jan-2026
147834;JM Overnight Fund (Regular) - Weekly IDCW;INF192K01LV8;INF192K01LW6;1000;;;13-Jan-2026
147837;JM Overnight Fund - (Direct) - Growth;INF192K01MB8;;1351.2713;;;13-Jan-2026
149828;JM Overnight Fund - (Direct) - Unclaimed IDCW - Growth Plan;;;1357.4247;;;13-Jan-2026
149827;JM Overnight Fund - (Direct) - Unclaimed IDCW I.E.F. - Growth Plan;;;1073.9936;;;13-Jan-2026
149829;JM Overnight Fund - (Direct) - Unclaimed Redemption - Growth Plan;;;1351.2908;;;13-Jan-2026
149826;JM Overnight Fund - (Direct) - Unclaimed Redemption I.E.F. - Growth Plan;;;1073.9936;;;13-Jan-2026

Kotak Mahindra Mutual Fund
146141;Kotak Overnight Fund -Direct Plan-Growth Option;INF174KA1BF9;;1421.7112;;;13-Jan-2026
146142;Kotak Overnight Fund -Regular plan-Growth Option;INF174KA1BC6;;1412.6934;;;13-Jan-2026
146140;Kotak Overnight Fund-Direct Plan- Daily Reinvestment of Income Distribution cum capital withdrawal option;;INF174KA1BE2;1003.6055;;;13-Jan-2026
146138;Kotak Overnight Fund-Regular Plan- Daily Reinvestment of Income Distribution cum capital withdrawal option;;INF174KA1BB8;1004.7568;;;13-Jan-2026

LIC Mutual Fund
147516;LIC MF Overnight Fund-Direct Plan-Daily IDCW;;INF767K01QG7;1093.3435;;;13-Jan-2026
147515;LIC MF Overnight Fund-Direct Plan-Growth;INF767K01QI3;;1381.4304;;;13-Jan-2026
147513;LIC MF Overnight Fund-Direct Plan-IDCW;INF767K01QE2;INF767K01QF9;1381.5703;;;13-Jan-2026
147514;LIC MF Overnight Fund-Direct Plan-Weekly IDCW;;INF767K01QH5;1077.0587;;;13-Jan-2026
147517;LIC MF Overnight Fund-Regular Plan-Daily IDCW;;INF767K01QB8;1091.9853;;;13-Jan-2026
147519;LIC MF Overnight Fund-Regular Plan-Growth;INF767K01QD4;;1370.2816;;;13-Jan-2026
147512;LIC MF Overnight Fund-Regular Plan-IDCW;INF767K01PZ9;INF767K01QA0;1212.1136;;;13-Jan-2026
147518;LIC MF Overnight Fund-Regular Plan-Weekly IDCW;;INF767K01QC6;1180.4846;;;13-Jan-2026

Mahindra Manulife Mutual Fund
147563;Mahindra Manulife Overnight Fund - Direct Plan - Daily IDCW;;INF174V01846;1382.8398;;;13-Jan-2026
147564;Mahindra Manulife Overnight Fund - Direct Plan -Growth;INF174V01838;;1379.4472;;;13-Jan-2026
147566;Mahindra Manulife Overnight Fund - Regular Plan - Daily IDCW;;INF174V01820;1215.3678;;;13-Jan-2026
147565;Mahindra Manulife Overnight Fund - Regular Plan - Growth;INF174V01812;;1370.4316;;;13-Jan-2026
149471;Mahindra Manulife Overnight Fund - Unclaimed Redemption/IDCW beyond 3 years;;;1000.0000;;;13-Jan-2026
149470;Mahindra Manulife Overnight Fund - Unclaimed Redemption/IDCW upto 3 years;;;1265.0068;;;13-Jan-2026

Mirae Asset Mutual Fund
147737;Mirae Asset Overnight Fund Direct Daily IDCW;;INF769K01FJ0;1000.0056;;;13-Jan-2026
147738;Mirae Asset Overnight Fund Direct Monthly IDCW;INF769K01FF8;INF769K01FI2;1002.9273;;;13-Jan-2026
147736;Mirae Asset Overnight Fund Direct Plan Growth;INF769K01FG6;;1366.7178;;;13-Jan-2026
147740;Mirae Asset Overnight Fund Direct Weekly IDCW;;INF769K01FK8;1000.8866;;;13-Jan-2026
147743;Mirae Asset Overnight Fund Regular Daily  IDCW ;;INF769K01FL6;1000.0097;;;13-Jan-2026
147742;Mirae Asset Overnight Fund Regular Monthly IDCW;INF769K01FD3;INF769K01FH4;1002.8844;;;13-Jan-2026
147739;Mirae Asset Overnight Fund Regular Plan Growth;INF769K01FE1;;1358.9320;;;13-Jan-2026
147741;Mirae Asset Overnight Fund Regular Weekly IDCW;;INF769K01FM4;1000.8675;;;13-Jan-2026

Nippon India Mutual Fund
145830;NIPPON INDIA OVERNIGHT FUND - DAILY IDCW Option;;INF204KB1Q73;100.0050;;;13-Jan-2026
145812;NIPPON INDIA OVERNIGHT FUND - DIRECT Plan - DAILY IDCW Option;;INF204KB1R49;100.0050;;;13-Jan-2026
145810;Nippon India Overnight Fund - Direct Plan - Growth Option;INF204KB1R31;;143.1535;;;13-Jan-2026
145824;NIPPON INDIA OVERNIGHT FUND - DIRECT Plan - MONTHLY IDCW Option;INF204KB1R64;INF204KB1R72;100.3856;;;13-Jan-2026
145825;NIPPON INDIA OVERNIGHT FUND - DIRECT Plan - QUARTERLY IDCW Option;INF204KB1R80;INF204KB1R98;100.6505;;;13-Jan-2026
145823;NIPPON INDIA OVERNIGHT FUND - DIRECT Plan - WEEKLY IDCW Option;;INF204KB1R56;100.0641;;;13-Jan-2026
145827;NIPPON INDIA OVERNIGHT FUND - MONTHLY IDCW Option;INF204KB1Q99;INF204KB1R07;100.3727;;;13-Jan-2026
145833;NIPPON INDIA OVERNIGHT FUND - QUARTERLY IDCW Option;INF204KB1R15;INF204KB1R23;100.6425;;;13-Jan-2026
145811;Nippon India Overnight Fund - Regular Plan - Growth Option;INF204KB1Q65;;142.2207;;;13-Jan-2026
145826;NIPPON INDIA OVERNIGHT FUND - WEEKLY IDCW Option;;INF204KB1Q81;100.0632;;;13-Jan-2026

NJ Mutual Fund
150369;NJ Overnight Fund - Direct Plan - Growth Option;INF0J8L01081;;1233.5407;;;13-Jan-2026
150368;NJ Overnight Fund - Regular Plan - Growth Option;INF0J8L01073;;1229.2576;;;13-Jan-2026
152116;NJ Overnight Fund - Unclaimed Redemption Plan - Upto 3 Years;;;1071.6724;;;13-Jan-2026

PGIM India Mutual Fund
147605;PGIM India Overnight Fund - Direct Plan - Daily Dividend Option;;INF663L01T35;1000.0086;;;13-Jan-2026
147606;PGIM India Overnight Fund - Direct Plan - Growth Option;INF663L01T01;;1374.635;;;13-Jan-2026
147608;PGIM India Overnight Fund - Direct Plan - Weekly Dividend Option;INF663L01T19;INF663L01T27;1001.1863;;;13-Jan-2026
147609;PGIM India Overnight Fund - Regular Plan - Daily Dividend Option;;INF663L01T76;1000;;;13-Jan-2026
147607;PGIM India Overnight Fund - Regular Plan - Weekly Dividend Option;INF663L01T50;INF663L01T68;1007.7387;;;13-Jan-2026
147600;PGIM India Overnight Fund - Regular Plan- Growth Option;INF663L01T43;;1368.6307;;;13-Jan-2026

quant Mutual Fund
151190;quant Overnight Fund - Growth Option - Direct Plan;INF966L01AZ7;;12.1875;;;13-Jan-2026
151195;quant Overnight Fund - Growth Option - Regular Plan;INF966L01BC4;;12.1485;;;13-Jan-2026
151193;quant Overnight Fund - IDCW Option - Direct Plan;INF966L01BA8;INF966L01BB6;12.1917;;;13-Jan-2026
151191;quant Overnight Fund - IDCW Option - Regular Plan;INF966L01BD2;INF966L01BE0;12.1364;;;13-Jan-2026
154083;quant Overnight Fund - Unclaimed IDCW Greater than 3 years;;;10;;;13-Jan-2026
154086;quant Overnight Fund - Unclaimed IDCW Less than 3 years;;;10.0419;;;13-Jan-2026
154085;quant Overnight Fund - Unclaimed Redemption Greater than 3 years;;;10;;;13-Jan-2026
154084;quant Overnight Fund - Unclaimed Redemption Less than 3 years;;;10.0389;;;13-Jan-2026

Samco Mutual Fund
150631;Samco Overnight Fund - Direct Plan - Growth Option;INF0K1H01040;;1218.1085;;;13-Jan-2026
150632;Samco Overnight Fund - Regular Plan - Growth Option;INF0K1H01032;;1209.5447;;;13-Jan-2026
153021;Samco Overnight Fund - Unclaimed Redemption Upto 3 years;;;1065.7214;;;13-Jan-2026

SBI Mutual Fund
119831;SBI Overnight Fund - Direct Plan - Daily Income Distribution cum Capital Withdrawal Option (IDCW);;INF200K01TJ7;1345.1162;;;13-Jan-2026
119833;SBI OVERNIGHT FUND - DIRECT PLAN - GROWTH;INF200K01TK5;;4333.6620;;;13-Jan-2026
119832;SBI Overnight Fund - Direct Plan - Weekly Income Distribution cum Capital Withdrawal Option (IDCW);INF200K01TL3;INF200K01TM1;1373.5558;;;13-Jan-2026
114297;SBI Overnight Fund - Regular Plan - Daily Income Distribution cum Capital Withdrawal Option (IDCW);;INF200K01LN6;1339.2755;;;13-Jan-2026
101206;SBI OVERNIGHT FUND - REGULAR PLAN - GROWTH;INF200K01LQ9;;4276.1357;;;13-Jan-2026
103140;SBI Overnight Fund - Regular Plan - Weekly Income Distribution cum Capital Withdrawal Option (IDCW);INF200K01LO4;INF200K01LP1;1367.4923;;;13-Jan-2026

Shriram Mutual Fund
150562;Shriram Overnight Fund -  Direct Growth;INF680P01323;;12.3056;;;13-Jan-2026
150561;Shriram Overnight Fund - Direct Daily IDCW;;INF680P01331;10.0001;;;13-Jan-2026
150567;Shriram Overnight Fund - Direct Monthly IDCW;INF680P01380;INF680P01398;10.0416;;;13-Jan-2026
150558;Shriram Overnight Fund - Regular Daily IDCW;;INF680P01257;10.0001;;;13-Jan-2026
150565;Shriram Overnight Fund - Regular Growth;INF680P01232;;12.2708;;;13-Jan-2026
150560;Shriram Overnight Fund - Regular Monthly IDCW;INF680P01307;INF680P01315;10.0414;;;13-Jan-2026

Sundaram Mutual Fund
146963;Sundaram Overnight Fund Direct Plan - Growth;INF903JA1HG5;;1415.6389;;;13-Jan-2026
146962;Sundaram Overnight Fund Direct Plan - Monthly Payout of Income Distribution cum Capital Withdrawal (IDCW);INF903JA1HH3;;1023.1447;;;13-Jan-2026
146957;Sundaram Overnight Fund Direct Plan - Monthly Reinvestment of Income Distribution cum Capital Withdrawal (IDCW);INF903JA1HM3;;1023.1447;;;13-Jan-2026
146959;Sundaram Overnight Fund Regular Plan - Growth;INF903JA1GZ7;;1406.1843;;;13-Jan-2026
146960;Sundaram Overnight Fund Regular Plan - Monthly Payout of Income Distribution cum Capital Withdrawal (IDCW);INF903JA1HA8;;1018.5398;;;13-Jan-2026
146961;Sundaram Overnight Fund Regular Plan - Monthly Reinvestment of Income Distribution cum Capital Withdrawal (IDCW);INF903JA1HF7;;1018.5398;;;13-Jan-2026

Tata Mutual Fund
146978;TATA Overnight Fund Direct Plan - Daily Reinvestment of Income Distribution cum capital withdrawal option   ;;INF277K019T3;1000.0000;;;13-Jan-2026
146979;TATA Overnight Fund Regular Plan - Daily Reinvestment of Income Distribution cum capital withdrawal option   ;;INF277K017T7;1000.0001;;;13-Jan-2026
146980;Tata Overnight Fund-Direct Plan-Growth;INF277K018T5;;1406.6910;;;13-Jan-2026
146977;Tata Overnight Fund-Regular Plan-Growth;INF277K016T9;;1395.9540;;;13-Jan-2026

Trust Mutual Fund
149796;TRUST MF OVERNIGHT FUND-DIRECT PLAN-DAILY IDCW REINVESTMENT;;INF0GCD01461;1235.3133;;;13-Jan-2026
149797;TRUST MF OVERNIGHT FUND-DIRECT PLAN-GROWTH;INF0GCD01453;;1260.7499;;;13-Jan-2026
149798;TRUST MF OVERNIGHT FUND-REGULAR PLAN-DAILY IDCW REINVESTMENT;;INF0GCD01446;1234.9832;;;13-Jan-2026
149795;TRUST MF OVERNIGHT FUND-REGULAR-GROWTH;INF0GCD01438;;1258.2565;;;13-Jan-2026

Union Mutual Fund
147002;Union Overnight Fund - Direct Plan - Daily IDCW Option;;INF582M01FB0;1000.8004;;;13-Jan-2026
147003;Union Overnight Fund - Direct Plan - Growth Option;INF582M01FA2;;1402.7108;;;13-Jan-2026
147006;Union Overnight Fund - Direct Plan - Monthly IDCW Option;INF582M01FG9;INF582M01FE4;1003.2234;;;13-Jan-2026
146998;Union Overnight Fund - Regular Plan - Daily IDCW Option;;INF582M01FK1;1001.2621;;;13-Jan-2026
146997;Union Overnight Fund - Regular Plan - Growth Option;INF582M01FJ3;;1393.3154;;;13-Jan-2026
147000;Union Overnight Fund - Regular Plan - Monthly IDCW Option;INF582M01FP0;INF582M01FN5;1003.1464;;;13-Jan-2026
149451;Union Overnight Fund - Unclaimed Amounts Plan - IDCW Beyond 3 years;;;1000.0000;;;13-Jan-2026
149452;Union Overnight Fund - Unclaimed Amounts Plan - IDCW Upto 3 years;;;1263.8108;;;13-Jan-2026
149453;Union Overnight Fund - Unclaimed Amounts Plan - Redemption Beyond 3 years;;;1000.0000;;;13-Jan-2026
149454;Union Overnight Fund - Unclaimed Amounts Plan - Redemption Upto 3 years;;;1263.8919;;;13-Jan-2026

UTI Mutual Fund
100814;UTI - Overnight  Fund - Regular Plan - Growth Option;INF789F01604;;3607.6348;;;13-Jan-2026
120785;UTI - Overnight Fund - Direct Plan - Growth Option;INF789FB1S71;;3647.7456;;;13-Jan-2026
124266;UTI Overnight Fund - Direct Plan - Daily IDCW;;INF789FB1S89;1371.6621;;;13-Jan-2026
120786;UTI Overnight Fund - Direct Plan - Periodic IDCW;INF789FB1T05;INF789FB1S97;1914.3876;;;13-Jan-2026
124265;UTI Overnight Fund - Regular Plan - Daily IDCW;;INF789FB1T13;1370.8617;;;13-Jan-2026
100813;UTI Overnight Fund - Regular Plan - Periodic IDCW;INF789F01588;INF789F01596;1858.5279;;;13-Jan-2026

Zerodha Mutual Fund
153436;Zerodha Overnight Fund - Direct Plan - Growth Option;INF0R8F01075;;10.4333;;;13-Jan-2026

Open Ended Schemes ( Debt Scheme - Liquid Fund )


360 ONE Mutual Fund
125349;360 ONE LIQUID FUND DIRECT PLAN  DAILY DIVIDEND REINVESTMENT;;INF579M01688;1000.0616;;;13-Jan-2026
125345;360 ONE LIQUID FUND DIRECT PLAN  GROWTH;INF579M01621;;2084.6332;;;13-Jan-2026
125343;360 ONE LIQUID FUND DIRECT PLAN  WEEKLY DIVIDEND;INF579M01639;INF579M01696;1005.0000;;;13-Jan-2026
125342;360 ONE LIQUID FUND REGULAR PLAN  DAILY DIVIDEND REINVESTMENT;;INF579M01563;1000.0701;;;13-Jan-2026
125259;360 ONE LIQUID FUND REGULAR PLAN  GROWTH;INF579M01506;;2070.7243;;;13-Jan-2026
125337;360 ONE LIQUID FUND REGULAR PLAN  WEEKLY DIVIDEND;INF579M01514;INF579M01571;1005.0000;;;13-Jan-2026

Abakkus Mutual Fund
154049;Abakkus Liquid Fund - Direct Plan - Daily IDCW Reinvestment;;INF2JJD01011;100.0048;;;13-Jan-2026
154051;Abakkus Liquid Fund - Direct Plan - Growth;INF2JJD01029;;100.4746;;;13-Jan-2026
154055;Abakkus Liquid Fund - Direct Plan - Monthly IDCW Reinvestment;;INF2JJD01037;100.4746;;;13-Jan-2026
154052;Abakkus Liquid Fund - Direct Plan - Quarterly IDCW Reinvestment;;INF2JJD01052;100.4740;;;13-Jan-2026
154050;Abakkus Liquid Fund - Direct Plan - Weekly IDCW Reinvestment;;INF2JJD01045;100.0163;;;13-Jan-2026
154053;Abakkus Liquid Fund - Regular Plan - Daily IDCW Reinvestment;;INF2JJD01060;100.0041;;;13-Jan-2026
154047;Abakkus Liquid Fund - Regular Plan - Growth;INF2JJD01078;;100.4672;;;13-Jan-2026
154048;Abakkus Liquid Fund - Regular Plan - Monthly IDCW Reinvestment;;INF2JJD01086;100.4673;;;13-Jan-2026
154054;Abakkus Liquid Fund - Regular Plan - Quarterly IDCW Reinvestment;;INF2JJD01102;100.4669;;;13-Jan-2026
154056;Abakkus Liquid Fund - Regular Plan - Weekly IDCW Reinvestment;;INF2JJD01094;100.0161;;;13-Jan-2026

Aditya Birla Sun Life Mutual Fund
100047;Aditya Birla Sun Life Liquid Fund - Growth;INF209K01RU9;;433.79;;;13-Jan-2026
119568;Aditya Birla Sun Life Liquid Fund - Growth - Direct Plan;INF209K01VA3;;439.3277;;;13-Jan-2026
100046;Aditya Birla Sun Life Liquid Fund -Daily IDCW;INF209K01KQ2;INF209K01SQ5;100.195;;;13-Jan-2026
119569;Aditya Birla Sun Life Liquid Fund -Direct - daily IDCW;INF209K01UZ2;;100.195;;;13-Jan-2026
119571;Aditya Birla Sun Life Liquid Fund -DIRECT - IDCW;INF209K01VD7;;149.4848;;;13-Jan-2026
119570;Aditya Birla Sun Life Liquid Fund -Direct - weekly IDCW;INF209K01VC9;;100.2851;;;13-Jan-2026
100041;Aditya Birla Sun Life Liquid Fund -Institutional - IDCW;;INF209K01KN9;108.023;;;13-Jan-2026
100048;Aditya Birla Sun Life Liquid Fund -Institutional - weekly  IDCW;INF209KA1LK7;INF209K01KY6;108.2463;;;13-Jan-2026
103885;Aditya Birla Sun Life Liquid Fund -Regular - IDCW;INF209KA1LI1;;113.7974;;;13-Jan-2026
100044;Aditya Birla Sun Life Liquid Fund -Retail - IDCW;;INF209K01KP4;163.694;;;13-Jan-2026
100051;Aditya Birla Sun Life Liquid Fund -weekly IDCW;INF209K01KU4;INF209KA1LJ9;100.2835;;;13-Jan-2026
112014;Aditya Birla Sun Life Liquid Fund- Discipline Advantage Plan;INF209K01KZ3;;294.0483;;;13-Jan-2026
100043;Aditya Birla Sun Life Liquid Fund-Institutional (Growth);INF209K01RT1;;722.3995;;;13-Jan-2026
100042;Aditya Birla Sun Life Liquid Fund-Retail (Growth);INF209K01ME4;;703.9512;;;13-Jan-2026

Axis Mutual Fund
120388;Axis Liquid Fund - Direct Plan - Daily IDCW;;INF846K01DA0;1000.9560;;;13-Jan-2026
120389;Axis Liquid Fund - Direct Plan - Growth Option;INF846K01CX4;;3025.0502;;;13-Jan-2026
120391;Axis Liquid Fund - Direct Plan - Monthly IDCW;INF846K01CY2;INF846K01CZ9;1003.5317;;;13-Jan-2026
120390;Axis Liquid Fund - Direct Plan - Weekly IDCW;INF846K01DB8;INF846K01DC6;1002.2164;;;13-Jan-2026
112211;Axis Liquid Fund - Regular Plan - Daily IDCW;;INF846K01420;1001.3998;;;13-Jan-2026
112210;Axis Liquid Fund - Regular Plan - Growth Option;INF846K01412;;2997.8279;;;13-Jan-2026
112213;Axis Liquid Fund - Regular Plan - Monthly IDCW;INF846K01453;INF846K01461;1004.0740;;;13-Jan-2026
112212;Axis Liquid Fund - Regular Plan - Weekly IDCW;INF846K01438;INF846K01446;1002.2137;;;13-Jan-2026
112712;Axis Liquid Fund - Retail Plan - Daily IDCW;;INF846K01362;1000.9559;;;13-Jan-2026
112713;Axis Liquid Fund - Retail Plan - Growth Option;INF846K01354;;2737.8371;;;13-Jan-2026
112714;Axis Liquid Fund - Retail Plan - Monthly IDCW;INF846K01396;INF846K01404;1003.2196;;;13-Jan-2026
112715;Axis Liquid Fund - Retail Plan - Weekly IDCW;INF846K01370;INF846K01388;1000.7843;;;13-Jan-2026

Bajaj Finserv Mutual Fund
151835;Bajaj Finserv Liquid Fund - Direct Plan - Daily - IDCW;;INF0QA701029;1034.6939;;;13-Jan-2026
151838;Bajaj Finserv Liquid Fund - Direct Plan - Fortnightly - IDCW;INF0QA701078;INF0QA701045;1034.8178;;;13-Jan-2026
151833;Bajaj Finserv Liquid Fund - Direct Plan - Growth;INF0QA701011;;1187.0812;;;13-Jan-2026
151836;Bajaj Finserv Liquid Fund - Direct Plan - Monthly - IDCW;INF0QA701086;INF0QA701052;1039.4235;;;13-Jan-2026
151834;Bajaj Finserv Liquid Fund - Direct Plan - Weekly - IDCW;INF0QA701060;INF0QA701037;1034.8065;;;13-Jan-2026
151839;Bajaj Finserv Liquid Fund - Regular Plan - Daily - IDCW;;INF0QA701136;1033.8241;;;13-Jan-2026
151841;Bajaj Finserv Liquid Fund - Regular Plan - Fortnightly - IDCW;INF0QA701151;INF0QA701110;1033.9407;;;13-Jan-2026
151837;Bajaj Finserv Liquid Fund - Regular Plan - Growth;INF0QA701094;;1181.9513;;;13-Jan-2026
151842;Bajaj Finserv Liquid Fund - Regular Plan - Monthly - IDCW;INF0QA701169;INF0QA701128;1038.3849;;;13-Jan-2026
151840;Bajaj Finserv Liquid Fund - Regular Plan - Weekly - IDCW;INF0QA701144;INF0QA701102;1033.9479;;;13-Jan-2026

Bandhan Mutual Fund
108692;BANDHAN LIQUID Fund - Regular Plan - Daily IDCW;INF194K01VZ4;INF194K01VY7;1001.4161;;;13-Jan-2026
108690;BANDHAN LIQUID Fund - Regular Plan - Growth;INF194K01VX9;;3250.4684;;;13-Jan-2026
108693;BANDHAN LIQUID Fund - Regular Plan - Monthly IDCW;INF194K01WF4;INF194K01WE7;1003.0485;;;13-Jan-2026
115489;BANDHAN LIQUID Fund - Regular Plan - Periodic IDCW;INF194K01WC1;INF194K01WB3;1403.3630;;;13-Jan-2026
108691;BANDHAN LIQUID Fund - Regular Plan - Weekly IDCW;INF194K01WI8;INF194K01WH0;1001.9452;;;13-Jan-2026
139582;BANDHAN LIQUID Fund - Unclaimed IDCW Less than 3 years;INF194KA14C0;;1.7493;;;13-Jan-2026
139583;BANDHAN LIQUID Fund - Unclaimed IDCW More than 3 years;INF194KA15C7;;1.0000;;;13-Jan-2026
139584;BANDHAN LIQUID Fund - Unclaimed Redemption Less than 3 years;INF194KA12C4;;1.7493;;;13-Jan-2026
139585;BANDHAN LIQUID Fund - Unclaimed Redemption More than 3 years;INF194KA13C2;;1.0000;;;13-Jan-2026
118365;BANDHAN LIQUID Fund -Direct Plan -Monthly IDCW;INF194K01J36;INF194K01J28;1009.4086;;;13-Jan-2026
118367;BANDHAN LIQUID Fund -Direct Plan -Weekly IDCW;INF194KB1JT8;INF194K01J51;1007.7062;;;13-Jan-2026
118366;BANDHAN LIQUID Fund -Direct Plan-Daily IDCW;;INF194K01I78;1001.6663;;;13-Jan-2026
118364;BANDHAN LIQUID Fund -Direct Plan-Growth;INF194K01I60;;3284.4138;;;13-Jan-2026
118363;BANDHAN LIQUID Fund -Direct Plan-Periodic IDCW;INF194K01J02;INF194K01I94;1323.1769;;;13-Jan-2026

Bank of India Mutual Fund
119368;BANK OF INDIA Liquid Fund- Direct Plan- Daily IDCW;;INF761K01CL0;1004.4766;;;13-Jan-2026
119369;BANK OF INDIA Liquid Fund- Direct Plan- Growth;INF761K01785;;3132.7219;;;13-Jan-2026
119370;BANK OF INDIA Liquid Fund- Direct Plan- Weekly IDCW;;INF761K01CM8;1005.1196;;;13-Jan-2026
111971;BANK OF INDIA Liquid Fund- Regular Plan- Daily IDCW;;INF761K01CO4;1003.9233;;;13-Jan-2026
109254;BANK OF INDIA Liquid Fund- Regular Plan- Growth;INF761K01306;;3101.2549;;;13-Jan-2026
109255;BANK OF INDIA Liquid Fund- Regular Plan- Weekly IDCW;;INF761K01CP1;1003.6934;;;13-Jan-2026

Baroda BNP Paribas Mutual Fund
119414;Baroda BNP Paribas LIQUID FUND - DIRECT PLAN - DAILY IDCW OPTION;INF955L01AK2;;1002.0849;;;13-Jan-2026
119415;Baroda BNP Paribas LIQUID FUND - DIRECT PLAN - GROWTH OPTION;INF955L01AL0;;3135.5600;;;13-Jan-2026
119416;Baroda BNP Paribas LIQUID FUND - DIRECT PLAN - WEEKLY IDCW OPTION;INF251K01SL8;;1219.4762;;;13-Jan-2026
111707;Baroda BNP Paribas LIQUID FUND - Regular Plan - DAILY IDCW OPTION;INF955L01468;INF955L01476;1001.1996;;;13-Jan-2026
111704;Baroda BNP Paribas LIQUID FUND - Regular Plan - GROWTH OPTION;INF955L01484;;3094.3391;;;13-Jan-2026
111705;Baroda BNP Paribas LIQUID FUND - Regular Plan - WEEKLY IDCW OPTION;INF251K01SK0;INF955L01500;1000.0926;;;13-Jan-2026
101408;Baroda BNP Paribas LIQUID FUND- Defunct Plan -Growth Option;INF955L01575;;4555.5887;;;13-Jan-2026
101407;Baroda BNP Paribas LIQUID FUND-Defunct Plan- IDCW Option;INF955L01559;INF955L01567;3758.8058;;;13-Jan-2026

Canara Robeco Mutual Fund
118307;CANARA ROBECO LIQUID FUND - DIRECT PLAN - DAILY IDCW (Reinvestment);;INF760K01FS0;1005.5000;;;13-Jan-2026
118305;CANARA ROBECO LIQUID FUND - DIRECT PLAN - GROWTH OPTION;INF760K01FU6;;3260.5618;;;13-Jan-2026
118304;CANARA ROBECO LIQUID FUND - DIRECT PLAN - IDCW (Payout/Reinvestment);INF760K01FT8;;2333.3793;;;13-Jan-2026
118306;CANARA ROBECO LIQUID FUND - DIRECT PLAN - MONTHLY IDCW (Payout/Reinvestment);INF760K01FV4;INF760K01FW2;1002.1954;;;13-Jan-2026
118308;CANARA ROBECO LIQUID FUND - DIRECT PLAN - WEEKLY IDCW (Payout/Reinvestment);INF760K01FY8;INF760K01FX0;1000.9196;;;13-Jan-2026
109349;CANARA ROBECO LIQUID FUND - REGULAR PLAN - DAILY IDCW (Reinvestment);;INF760K01CU3;1005.5000;;;13-Jan-2026
109353;CANARA ROBECO LIQUID FUND - REGULAR PLAN - GROWTH OPTION;INF760K01CW9;;3240.1128;;;13-Jan-2026
109351;CANARA ROBECO LIQUID FUND - REGULAR PLAN - MONTHLY IDCW (Payout/Reinvestment);INF760K01CX7;INF760K01CY5;1002.0857;;;13-Jan-2026
109350;CANARA ROBECO LIQUID FUND - REGULAR PLAN - WEEKLY IDCW (Payout/Reinvestment);INF760K01BZ4;INF760K01CZ2;1000.8983;;;13-Jan-2026
139235;Canara Robeco Liquid Fund -Unclaimed Redemption and Dividend Plan -Direct Growth Option;INF760K01IC8;;1779.1340;;;13-Jan-2026

Capitalmind Mutual Fund
154011;Capitalmind Liquid Fund - Direct-Growth;INF226401034;;1008.7728;;;13-Jan-2026
154010;Capitalmind Liquid Fund - Regular-Growth;INF226401042;;1008.5130;;;13-Jan-2026

DSP Mutual Fund
119125;DSP Liquidity Fund - Direct Plan - Growth;INF740K01QL4;;3889.7757;;;13-Jan-2026
119124;DSP Liquidity Fund - Direct Plan - IDCW - Daily;;INF740KA1OB6;1001.1542;;;13-Jan-2026
119123;DSP Liquidity Fund - Direct Plan - IDCW - Weekly;INF740KA1OC4;INF740KA1OD2;1001.8891;;;13-Jan-2026
103347;DSP Liquidity Fund - Regular Plan - Growth;INF740K01FK9;;3843.7119;;;13-Jan-2026
103348;DSP Liquidity Fund - Regular Plan - IDCW - Weekly;INF740K01FM5;INF740K01FL7;1001.8762;;;13-Jan-2026
103349;DSP Liquidity Fund- Regular Plan - IDCW - Daily;;INF740KA1OE0;1001.1542;;;13-Jan-2026

Edelweiss Mutual Fund
140194;Edelweiss Liquid Fund - Direct Plan - Bonus Option;INF754K01GY9;;2045.2634;;;13-Jan-2026
140196;Edelweiss Liquid Fund - Direct Plan - Growth Option;INF754K01GM4;;3515.5173;;;13-Jan-2026
140198;Edelweiss Liquid Fund - Direct Plan - IDCW Option;INF754K01GO0;INF754K01GN2;3515.5309;;;13-Jan-2026
140192;Edelweiss Liquid Fund - Direct Plan Annual - IDCW Option;INF754K01GX1;INF754K01GT9;3515.4928;;;13-Jan-2026
140193;Edelweiss Liquid Fund - Direct Plan daily - IDCW Option;;INF754K01GP7;1173.935;;;13-Jan-2026
140199;Edelweiss Liquid Fund - Direct Plan Fortnightly - IDCW Option;INF754K01GV5;INF754K01GR3;2479.0158;;;13-Jan-2026
140197;Edelweiss Liquid Fund - Direct Plan Monthly - IDCW Option;INF754K01GW3;INF754K01GS1;1007.1887;;;13-Jan-2026
140195;Edelweiss Liquid Fund - Direct Plan weekly - IDCW Option;INF754K01GU7;INF754K01GQ5;2173.0516;;;13-Jan-2026
140189;Edelweiss Liquid Fund - Regular Plan - Bonus Option;INF754K01HR1;;2005.7716;;;13-Jan-2026
140182;Edelweiss Liquid Fund - Regular Plan - Growth Option;INF754K01GZ6;;3443.1863;;;13-Jan-2026
140190;Edelweiss Liquid Fund - Regular Plan - IDCW Option;INF754K01GK8;INF754K01GL6;3443.1891;;;13-Jan-2026
140188;Edelweiss Liquid Fund - Regular Plan Annual - IDCW Option;INF754K01HQ3;INF754K01HP5;2382.3881;;;13-Jan-2026
140181;Edelweiss Liquid Fund - Regular Plan Daily - IDCW Option;;INF754K01HA7;1274.9127;;;13-Jan-2026
140184;Edelweiss Liquid Fund - Regular Plan Fortnightly - IDCW Option;INF754K01HK6;INF754K01HC3;2157.856;;;13-Jan-2026
140183;Edelweiss Liquid Fund - Regular Plan Monthly - IDCW Option;INF754K01HL4;INF754K01HD1;1085.5197;;;13-Jan-2026
140185;Edelweiss Liquid Fund - Regular Plan Weekly - IDCW Option;INF754K01HJ8;INF754K01HB5;1215.2023;;;13-Jan-2026
140176;Edelweiss Liquid Fund - Retail Plan - Growth Option;INF754K01HE9;;3131.2972;;;13-Jan-2026
140178;Edelweiss Liquid Fund - Retail Plan - Weekly Dividend Option;;INF754K01HG4;1230.9637;;;13-Jan-2026
140177;Edelweiss Liquid Fund - Retail Plan Daily - IDCW Option;;INF754K01HF6;1122.0255;;;13-Jan-2026
140180;Edelweiss Liquid Fund - Retail Plan Monthly - IDCW Option;;INF754K01HI0;1247.1373;;;13-Jan-2026

Franklin Templeton Mutual Fund
100541;Franklin India Liquid Fund - Regular Plan - Daily - IDCW;;INF090I01BA3;1509.2342;;;13-Jan-2026
100538;Franklin India Liquid Fund - Regular Plan - Growth;INF090I01BB1;;6075.8223;;;13-Jan-2026
100537;Franklin India Liquid Fund - Regular Plan - Weekly - IDCW;INF090I01BL0;INF090I01BI6;1244.5860;;;13-Jan-2026
118577;Franklin India Liquid Fund - Super Institutional - Direct - Growth;INF090I01JV2;;4088.9005;;;13-Jan-2026
100547;Franklin India Liquid Fund - Super Institutional Plan - Daily - IDCW;;INF090I01BF2;1000.0000;;;13-Jan-2026
118578;Franklin India Liquid Fund - Super Institutional Plan - Direct - Daily - IDCW;INF090I01JW0;;1002.2720;;;13-Jan-2026
118579;Franklin India Liquid Fund - Super Institutional Plan - Direct - Weekly - IDCW;INF090I01JX8;INF090I01JY6;1021.7377;;;13-Jan-2026
100546;Franklin India Liquid Fund - Super Institutional Plan - Growth;INF090I01BG0;;4053.8704;;;13-Jan-2026
100548;Franklin India Liquid Fund - Super Institutional Plan - Weekly - IDCW;INF090I01BM8;INF090I01BH8;1033.4968;;;13-Jan-2026
139892;Franklin India Liquid Fund - Unclaimed IDCW Investor Education Plan - Growth;INF090I01LR6;;10.0000;;;13-Jan-2026
139890;Franklin India Liquid Fund - Unclaimed IDCW Plan - Growth;INF090I01LP0;;17.2545;;;13-Jan-2026
139891;Franklin India Liquid Fund - Unclaimed Redemption Investor Education Plan - Growth;INF090I01LQ8;;10.0000;;;13-Jan-2026
139889;Franklin India Liquid Fund - Unclaimed Redemption Plan - Growth;INF090I01LO3;;17.2545;;;13-Jan-2026
102443;Franklin India Liquid Fund - Institutional Plan - Daily - IDCW;;INF090I01BC9;1000.0000;;;13-Jan-2026
102442;Franklin India Liquid Fund - Institutional Plan - Weekly - IDCW;INF090I01BJ4;INF090I01BE5;1054.9797;;;13-Jan-2026

Groww Mutual Fund
119135;Groww Liquid Fund ( formerly known as Indiabulls Liquid )Fund - Direct Plan - Growth Option;INF666M01451;;2636.743;;;13-Jan-2026
119136;Groww Liquid Fund (formerly known as Indiabulls Liquid Fund) - Direct Plan- - Income Distribution cum capital withdrawal Option ( Reinvestment);;INF666M01469;1002.0907;;;13-Jan-2026
115991;Groww Liquid Fund (formerly known as Indiabulls Liquid Fund) - Regular Plan - Growth Option;INF666M01014;;2603.4791;;;13-Jan-2026
119138;Groww Liquid Fund (formerly known as Indiabulls Liquid Fund)- Direct Plan- Fortnightly - Income Distribution cum capital withdrawal Option (Payout & Reinvestment);INF666M01501;INF666M01485;1001.8826;;;13-Jan-2026
119139;Groww Liquid Fund (formerly known as Indiabulls Liquid Fund)- Direct Plan- Monthly - Income Distribution cum capital withdrawal Option (Payout & Reinvestment);INF666M01519;INF666M01493;1030.9981;;;13-Jan-2026
119137;Groww Liquid Fund (formerly known as Indiabulls Liquid Fund)- Direct Plan- Weekly - Income Distribution cum capital withdrawal Option (Payout & Reinvestment);INF666M01527;INF666M01477;1001.8992;;;13-Jan-2026
115992;Groww Liquid Fund (formerly known as Indiabulls Liquid Fund)- Regular Plan- - Income Distribution cum capital withdrawal Option (Reinvestment);;INF666M01022;1002.0894;;;13-Jan-2026
115995;Groww Liquid Fund (formerly known as Indiabulls Liquid Fund)- Regular Plan- Monthly - Income Distribution cum capital withdrawal Option (Payout & Reinvestment);INF666M01071;INF666M01055;1003.2752;;;13-Jan-2026
115993;Groww Liquid Fund (formerly known as Indiabulls Liquid Fund)- Regular Plan- Weekly - Income Distribution cum capital withdrawal Option (Payout & Reinvestment);INF666M01089;INF666M01030;1001.8968;;;13-Jan-2026
115994;Groww Liquid Fund (formerly known as Indiabulls Liquid) Fund- Regular Plan- Fortnightly - Income Distribution cum capital withdrawal Option (Payout & Reinvestment);INF666M01063;INF666M01048;1001.8688;;;13-Jan-2026

HDFC Mutual Fund
119091;HDFC Liquid Fund - Growth Option - Direct Plan;INF179KB1HP9;;5341.1487;;;13-Jan-2026
100868;HDFC Liquid Fund - Growth Plan;INF179KB1HK0;;5281.4203;;;13-Jan-2026
100875;HDFC Liquid Fund - IDCW Daily;;INF179KB1IC5;1019.82;;;13-Jan-2026
119089;HDFC Liquid Fund - IDCW Daily - Direct Plan;;INF179KB1HV7;1019.82;;;13-Jan-2026
100876;HDFC Liquid Fund - IDCW Monthly;INF179KB1HM6;INF179KB1HL8;1028.6893;;;13-Jan-2026
119090;HDFC Liquid Fund - IDCW Monthly - Direct Plan;INF179KB1HO2;INF179KB1HQ7;1028.7232;;;13-Jan-2026
100874;HDFC Liquid Fund - IDCW Plan Weekly;INF179KB1ID3;;1031.152;;;13-Jan-2026
119088;HDFC Liquid Fund - IDCW Weekly - Direct Plan;;;1031.1543;;;13-Jan-2026

HSBC Mutual Fund
120038;HSBC Liquid Fund -  Growth Direct;INF336L01CC8;;2710.1661;;;13-Jan-2026
120037;HSBC Liquid Fund - Direct Daily IDCW;;INF336L01CB0;1001.576;;;13-Jan-2026
120039;HSBC Liquid Fund - Direct Monthly IDCW;INF336L01BZ1;INF336L01CA2;1040.7924;;;13-Jan-2026
120040;HSBC Liquid Fund - Direct Weekly IDCW;INF336L01LK2;INF336L01CD6;1195.1444;;;13-Jan-2026
118907;HSBC Liquid Fund - Growth;INF336L01BL1;;3872.0753;;;13-Jan-2026
118906;HSBC Liquid Fund - IDCW;;INF336L01BK3;1019.3;;;13-Jan-2026
118909;HSBC Liquid Fund - Institutional Daily IDCW;;INF336L01BS6;1562.8262;;;13-Jan-2026
118901;HSBC Liquid Fund - Regular Daily IDCW;;INF336L01BM9;1001.3789;;;13-Jan-2026
118902;HSBC Liquid Fund - Regular Growth;INF336L01BN7;;2683.7151;;;13-Jan-2026
118903;HSBC Liquid Fund - Regular Monthly IDCW;INF336L01BP2;INF336L01BO5;1005.0698;;;13-Jan-2026
118904;HSBC Liquid Fund - Regular Weekly IDCW;INF336L01LJ4;INF336L01BQ0;1107.4561;;;13-Jan-2026
118908;HSBC Liquid Fund - Weekly IDCW;;INF336L01BR8;1001.2958;;;13-Jan-2026

ICICI Prudential Mutual Fund
103343;ICICI Prudential Liquid Fund - Daily IDCW;INF109K01VP3;;100.1482;;;13-Jan-2026
120191;ICICI Prudential Liquid Fund - Direct Plan -  IDCW Others;INF109K01Q31;INF109K01Q23;186.7026;;;13-Jan-2026
120188;ICICI Prudential Liquid Fund - Direct Plan - Daily IDCW;;INF109K01Q15;100.1082;;;13-Jan-2026
120197;ICICI Prudential Liquid Fund - Direct Plan - Growth;INF109K01Q49;;402.5512;;;13-Jan-2026
120190;ICICI Prudential Liquid Fund - Direct Plan - Weekly IDCW;INF109K01Q98;;100.1969;;;13-Jan-2026
103340;ICICI Prudential Liquid Fund - Growth;INF109K01VQ1;;398.4726;;;13-Jan-2026
115505;ICICI Prudential Liquid Fund - IDCW Others;INF109K01VU3;INF109K01VT5;185.1893;;;13-Jan-2026
103342;ICICI Prudential Liquid Fund - Weekly IDCW;INF109K01VS7;;100.1714;;;13-Jan-2026

Invesco Mutual Fund
104484;Invesco India Liquid Fund - Daily IDCW (Reinvestment);;INF205K01HN3;1002.7594;;;13-Jan-2026
120537;Invesco India Liquid Fund - Direct Plan - Growth;INF205K01MF9;;3733.0673;;;13-Jan-2026
120536;Invesco India Liquid Fund - Direct Plan - Monthly IDCW (Payout / Reinvestment);INF205K01MG7;INF205K01MH5;1084.5795;;;13-Jan-2026
120535;Invesco India Liquid Fund - Direct Plan - Weekly IDCW (Reinvestment);INF205KA1BE5;INF205K01MI3;1072.5207;;;13-Jan-2026
120534;Invesco India Liquid Fund - Direct Plan- Daily IDCW (Reinvestment);;INF205K01ME2;1005.8604;;;13-Jan-2026
104486;Invesco India Liquid Fund - Growth;INF205K01HM5;;3700.2002;;;13-Jan-2026
104492;Invesco India Liquid Fund - Monthly IDCW (Payout / Reinvestment);INF205K01HQ6;INF205K01HP8;1005.2127;;;13-Jan-2026
104488;Invesco India Liquid Fund - Regular - Growth;INF205K01HG7;;3267.2691;;;13-Jan-2026
104489;Invesco India Liquid Fund - Regular - Weekly IDCW (Reinvestment);;INF205K01HH5;1003.6799;;;13-Jan-2026
139390;Invesco India Liquid Fund - Unclaimed Dividend Plan - Above 3 Years;;;1000;;;13-Jan-2026
139389;Invesco India Liquid Fund - Unclaimed Dividend Plan - Below 3 Years;;;1769.3963;;;13-Jan-2026
139388;Invesco India Liquid Fund - Unclaimed Redemption Plan - Above 3 Years;;;1000;;;13-Jan-2026
139387;Invesco India Liquid Fund - Unclaimed Redemption Plan - Below 3 years;;;1769.007;;;13-Jan-2026
104485;Invesco India Liquid Fund - Weekly IDCW (Reinvestment);INF205KA1BD7;INF205K01HO1;1018.7181;;;13-Jan-2026

ITI Mutual Fund
147161;ITI Liquid Fund - Direct Plan - Annually IDCW Option;INF00XX01366;INF00XX01333;1416.7298;;;13-Jan-2026
147158;ITI Liquid Fund - Direct Plan - Daily IDCW Option;;INF00XX01291;1001.0057;;;13-Jan-2026
147157;ITI Liquid Fund - Direct Plan - Growth Option;INF00XX01283;;1414.9116;;;13-Jan-2026
147163;ITI Liquid Fund - Direct Plan - Monthly IDCW Option;INF00XX01358;INF00XX01325;1003.7317;;;13-Jan-2026
147159;ITI Liquid Fund - Direct Plan - Weekly IDCW Option;;INF00XX01309;1001.0000;;;13-Jan-2026
147162;ITI Liquid Fund - Regular Plan - Annually IDCW Option;INF00XX01275;INF00XX01242;1409.2424;;;13-Jan-2026
147154;ITI Liquid Fund - Regular Plan - Daily IDCW Option;;INF00XX01200;1001.0000;;;13-Jan-2026
147153;ITI Liquid Fund - Regular Plan - Growth Option;INF00XX01192;;1401.7508;;;13-Jan-2026
147156;ITI Liquid Fund - Regular Plan - Monthly IDCW Option;INF00XX01267;INF00XX01234;1003.6628;;;13-Jan-2026
147164;ITI Liquid Fund - Regular Plan - Weekly IDCW Option;;INF00XX01218;1001.0000;;;13-Jan-2026

Jio BlackRock Mutual Fund
153651;JioBlackRock Liquid Fund - Direct Plan - Growth Option;INF22M001010;;1031.0900;;;13-Jan-2026

JM Financial Mutual Fund
120411;JM Liquid Fund (Direct) - Daily IDCW;;INF192K01CH6;10.4302;;;13-Jan-2026
120406;JM Liquid Fund (Direct) - Growth Option;INF192K01CM6;;74.2422;;;13-Jan-2026
120408;JM Liquid Fund (Direct) - Quarterly IDCW;INF192K01CK0;INF192K01CL8;42.1504;;;13-Jan-2026
120407;JM Liquid Fund (Direct) - Weekly IDCW;INF192K01CI4;INF192K01CJ2;11.006;;;13-Jan-2026
100244;JM Liquid Fund (Regular) - Quarterly IDCW;INF192K01866;INF192K01874;41.5545;;;13-Jan-2026
100247;JM Liquid Fund (Regular) - Super Institutional Plan - Growth Option;INF192K01981;;42.2094;;;13-Jan-2026
100233;JM Liquid Fund (Regular) - Weekly IDCW;INF192K01841;INF192K01858;11.0035;;;13-Jan-2026
100234;JM Liquid Fund - Growth Option;INF192K01882;;73.4166;;;13-Jan-2026
148414;JM Liquid Fund - Unclaimed Application Refund Amount I.E.F. (Direct) - Growth Plan;;;41.4437;;;13-Jan-2026
148413;JM Liquid Fund - Unclaimed Brokerage I.E.F. (Direct) - Growth Plan;;;41.4437;;;13-Jan-2026
101549;JM Liquid Fund (Regular) - Bonus Option - Principal Units;INF192K01890;;23.5083;;;13-Jan-2026
101078;JM Liquid Fund (Regular) - Daily IDCW;;INF192K01833;10.4302;;;13-Jan-2026

Kotak Mahindra Mutual Fund
119764;Kotak Liquid Fund - Direct Plan - Daily Reinvestment of Income Distribution cum capital withdrawal option;;INF174K01NH1;1222.81;;;13-Jan-2026
119766;Kotak Liquid Fund - Direct Plan - Growth;INF174K01NE8;;5495.2242;;;13-Jan-2026
100833;Kotak Liquid Fund - Regular  - Daily Reinvestment of Income Distribution cum capital withdrawal option;;INF174K01NL3;1231.7563;;;13-Jan-2026
100835;Kotak Liquid Fund - Regular Plan - Growth;INF174K01NI9;;5440.4031;;;13-Jan-2026
153586;Kotak Liquid Fund - Regular Plan - Weekly - Reinvestment & Payout of Income Distribution cum capital withdrawal option;INF174KA1WK5;INF174KA1WM1;1010.688;;;13-Jan-2026

LIC Mutual Fund
120248;LIC MF Liquid Fund-Direct Plan-Daily IDCW;INF767K01DL5;INF767K01DM3;1034.6038;;;13-Jan-2026
120249;LIC MF Liquid Fund-Direct Plan-Growth;INF767K01DN1;;4937.6205;;;13-Jan-2026
151930;LIC MF Liquid Fund-Direct Plan-Monthly IDCW;INF397L01AK7;INF397L01AJ9;1198.5874;;;13-Jan-2026
151932;LIC MF Liquid Fund-Direct Plan-Weekly IDCW;INF397L01AM3;INF397L01AL5;1070.6017;;;13-Jan-2026
101184;LIC MF Liquid Fund-Regular Plan-Daily IDCW;INF767K01IQ3;INF767K01IR1;1000.1751;;;13-Jan-2026
101185;LIC MF Liquid Fund-Regular Plan-Growth;INF767K01IS9;;4865.0212;;;13-Jan-2026
151928;LIC MF Liquid Fund-Regular Plan-Monthly IDCW;INF397L01976;INF397L01968;1178.6088;;;13-Jan-2026
151927;LIC MF Liquid Fund-Regular Plan-Weekly IDCW;INF397L01950;INF397L01943;1002.4014;;;13-Jan-2026

Mahindra Manulife Mutual Fund
139535;Mahindra Manulife Liquid Fund - Direct Plan - Daily IDCW;;INF174V01051;1243.8032;;;13-Jan-2026
139536;Mahindra Manulife Liquid Fund - Direct Plan - Weekly IDCW;;INF174V01069;1003.7467;;;13-Jan-2026
139538;Mahindra Manulife Liquid Fund - Direct Plan -Growth;INF174V01044;;1771.7150;;;13-Jan-2026
139534;Mahindra Manulife Liquid Fund - Regular Plan - Daily IDCW;;INF174V01028;1001.0432;;;13-Jan-2026
139537;Mahindra Manulife Liquid Fund - Regular Plan - Growth;INF174V01010;;1751.8604;;;13-Jan-2026
139541;Mahindra Manulife Liquid Fund - Regular Plan - Weekly IDCW;;INF174V01036;1010.1540;;;13-Jan-2026

Mirae Asset Mutual Fund
118859;Mirae Asset Liquid Fund - Direct Plan - Growth;INF769K01CM1;;2873.0947;;;13-Jan-2026
118862;Mirae Asset Liquid Fund - Direct Plan - Weekly IDCW;INF769K01PD2;INF769K01CP4;1217.1189;;;13-Jan-2026
118861;Mirae Asset Liquid Fund - Direct Plan -Daily IDCW;;INF769K01CO7;1075.8332;;;13-Jan-2026
118860;Mirae Asset Liquid Fund - Direct Plan -Monthly IDCW;INF769K01CN9;INF769K01CQ2;1138.1372;;;13-Jan-2026
111647;Mirae Asset Liquid Fund - Regular - Daily IDCW;;INF769K01804;1066.4347;;;13-Jan-2026
111646;Mirae Asset Liquid Fund - Regular Plan - Growth;INF769K01788;;2822.6808;;;13-Jan-2026
111645;Mirae Asset Liquid Fund - Regular Plan - Monthly IDCW;INF769K01838;INF769K01820;1155.7863;;;13-Jan-2026
111644;Mirae Asset Liquid Fund - Regular Plan - Weekly IDCW;INF769K01PC4;INF769K01812;1153.3936;;;13-Jan-2026

Motilal Oswal Mutual Fund
145834;Motilal Oswal Liquid Fund - Direct Growth;INF247L01734;;14.3588;;;13-Jan-2026
145946;Motilal Oswal Liquid Fund - Regular Growth;INF247L01726;;14.2038;;;13-Jan-2026
147442;Motilal Oswal Liquid Fund - Unclaimed Dividend - Greater than 3 years;;;10.0000;;;13-Jan-2026
147441;Motilal Oswal Liquid Fund - Unclaimed Dividend- Upto 3 years;;;13.9839;;;13-Jan-2026
147443;Motilal Oswal Liquid Fund - Unclaimed Redemption - Greater than 3 years;;;10.0000;;;13-Jan-2026
147444;Motilal Oswal Liquid Fund - Unclaimed Redemption - Upto 3 years;;;13.7056;;;13-Jan-2026
146218;Motilal Oswal Liquid Fund Direct - IDCW  Quarterly Payout/Reinvestment;INF247L01791;INF247L01783;10.0310;;;13-Jan-2026
146226;Motilal Oswal Liquid Fund Direct - IDCW Fortnightly Reinvestment;;INF247L01759;10.0103;;;13-Jan-2026
146223;Motilal Oswal Liquid Fund Direct - IDCW Monthly Payout/Reinvestment;INF247L01775;INF247L01767;10.0576;;;13-Jan-2026
146228;Motilal Oswal Liquid Fund Direct - IDCW Reinvestment;;INF247L01742;10.0077;;;13-Jan-2026
146229;Motilal Oswal Liquid Fund Direct - IDCW Weekly Reinvestment;;INF247L01809;10.0118;;;13-Jan-2026
146227;Motilal Oswal Liquid Fund Regular - IDCW Daily Reinvestment;;INF247L01817;10.0055;;;13-Jan-2026
146230;Motilal Oswal Liquid Fund Regular - IDCW Fortnightly Reinvestment;;INF247L01825;10.0100;;;13-Jan-2026
146220;Motilal Oswal Liquid Fund Regular - IDCW Monthly Payout/Reinvestment;INF247L01841;INF247L01833;10.0567;;;13-Jan-2026
146222;Motilal Oswal Liquid Fund Regular - IDCW Quarterly Payout/Reinvestment;INF247L01866;INF247L01858;10.0301;;;13-Jan-2026
146224;Motilal Oswal Liquid Fund Regular - IDCW Weekly Reinvestment;;INF247L01874;10.0188;;;13-Jan-2026

Navi Mutual Fund
119163;Navi Liquid Fund - Direct Plan Daily IDCW - ReInvestment;;INF959L01GK1;10.0129;;;13-Jan-2026
119161;Navi Liquid Fund - Direct Plan Monthly IDCW - Payout;INF959L01GG9;INF959L01GH7;10.0404;;;13-Jan-2026
119162;Navi Liquid Fund - Direct Plan Weekly IDCW - Payout;INF959L01GI5;INF959L01GJ3;10.0058;;;13-Jan-2026
112645;Navi Liquid Fund - Regular Plan Daily IDCW;;INF959L01GM7;10.0129;;;13-Jan-2026
112647;Navi Liquid Fund - Regular Plan Monthly IDCW;INF959L01GN5;INF959L01GO3;10.0401;;;13-Jan-2026
112646;Navi Liquid Fund - Regular Plan Weekly IDCW;INF959L01GP0;INF959L01GQ8;10.0061;;;13-Jan-2026
119164;Navi Liquid Fund-Direct Plan-Growth Option;INF959L01GF1;;29.4976;;;13-Jan-2026
112636;Navi Liquid Fund-Regular Plan-Growth Option;INF959L01GL9;;29.2294;;;13-Jan-2026
140437;Navi Liquid Fund-Unclaimed Redemption and Dividend Plan greater than 3 years;INF959L01CO2;;10;;;13-Jan-2026
139386;Navi Liquid Fund-Unclaimed Redemption and Dividend Plan less than 3 years;INF959L01CN4;;29.3997;;;13-Jan-2026

Nippon India Mutual Fund
100852;NIPPON INDIA LIQUID FUND - DAILY IDCW OPTION;;INF204K01UM1;1528.7400;;;13-Jan-2026
118695;NIPPON INDIA LIQUID FUND - DIRECT Plan - DAILY IDCW OPTION;;INF204K01ZG2;1528.7400;;;13-Jan-2026
118696;NIPPON INDIA LIQUID FUND - DIRECT Plan - MONTHLY IDCW OPTION;INF204K01ZI8;INF204K01ZJ6;1591.5863;;;13-Jan-2026
118698;NIPPON INDIA LIQUID FUND - DIRECT Plan - QUARTERLY IDCW OPTION;INF204K01ZK4;INF204K01ZL2;1007.7623;;;13-Jan-2026
118700;NIPPON INDIA LIQUID FUND - DIRECT Plan - WEEKLY IDCW OPTION;INF204KC1FN6;INF204K01ZM0;1531.4743;;;13-Jan-2026
118701;Nippon India Liquid Fund - Direct Plan Growth Plan - Growth Option;INF204K01ZH0;;6657.6861;;;13-Jan-2026
100855;NIPPON INDIA LIQUID FUND - MONTHLY IDCW OPTION;INF204K01UO7;INF204K01UP4;1588.1736;;;13-Jan-2026
112340;NIPPON INDIA LIQUID FUND - QUARTERLY IDCW OPTION;INF204K01UQ2;INF204K01UR0;1007.6057;;;13-Jan-2026
100837;Nippon India Liquid Fund - Retail Option - Growth Plan;INF204K01UL3;;5797.6791;;;13-Jan-2026
100842;NIPPON INDIA LIQUID FUND - RETAIL Plan - DAILY IDCW OPTION;;INF204K01UJ7;1524.2800;;;13-Jan-2026
100843;NIPPON INDIA LIQUID FUND - RETAIL plan - MONTHLY IDCW OPTION;INF204K01UT6;INF204K01UU4;1329.6980;;;13-Jan-2026
100844;NIPPON INDIA LIQUID FUND - RETAIL Plan - QUARTERLY IDCW OPTION;INF204K01UV2;INF204K01UW0;1217.6907;;;13-Jan-2026
100838;NIPPON INDIA LIQUID FUND - RETAIL Plan - WEEKLY IDCW OPTION;;INF204K01UK5;1034.8317;;;13-Jan-2026
100853;NIPPON INDIA LIQUID FUND - WEEKLY IDCW OPTION;INF204KC1FM8;INF204K01US8;1531.4434;;;13-Jan-2026
100851;Nippon India Liquid Fund -Growth Plan;INF204K01UN9;;6568.9447;;;13-Jan-2026

PGIM India Mutual Fund
138285;PGIM India Liquid Fund - Daily Dividend;;INF223J01BO9;100.304;;;13-Jan-2026
138297;PGIM India Liquid Fund - Direct Plan - Daily Dividend;INF223J01NR7;;126.4649;;;13-Jan-2026
138299;PGIM India Liquid Fund - Direct Plan - Growth;INF223J01NS5;;354.8436;;;13-Jan-2026
138298;PGIM India Liquid Fund - Direct Plan - Monthly Dividend;INF223J01NT3;INF223J01NU1;116.7496;;;13-Jan-2026
138301;PGIM India Liquid Fund - Direct Plan - Weekly Dividend;INF223J01NV9;INF223J01NW7;100.5651;;;13-Jan-2026
138288;PGIM India Liquid Fund - Growth;INF223J01BP6;;350.4458;;;13-Jan-2026
138287;PGIM India Liquid Fund - Monthly Dividend;INF223J01BL5;;117.2046;;;13-Jan-2026
138289;PGIM India Liquid Fund - Weekly Dividend;INF223J01BU6;;100.5639;;;13-Jan-2026

PPFAS Mutual Fund
143263;Parag Parikh Liquid Fund- Direct Plan- Daily Reinvestment of IDCW;;INF879O01118;1000.5405;;;13-Jan-2026
143269;Parag Parikh Liquid Fund- Direct Plan- Growth;INF879O01068;;1503.9874;;;13-Jan-2026
143262;Parag Parikh Liquid Fund- Direct Plan- Monthly IDCW;INF879O01076;INF879O01084;1005.2585;;;13-Jan-2026
143265;Parag Parikh Liquid Fund- Direct Plan- Weekly Reinvestment of IDCW;;INF879O01134;1001.1043;;;13-Jan-2026
143264;Parag Parikh Liquid Fund- Regular Plan- Daily Reinvestment of IDCW;;INF879O01126;1000.5404;;;13-Jan-2026
143260;Parag Parikh Liquid Fund- Regular Plan- Growth;INF879O01035;;1492.3654;;;13-Jan-2026
143261;Parag Parikh Liquid Fund- Regular Plan- Monthly IDCW;INF879O01043;INF879O01050;1005.2175;;;13-Jan-2026
143266;Parag Parikh Liquid Fund- Regular Plan- Weekly Reinvestment of IDCW;;INF879O01142;1001.1012;;;13-Jan-2026

quant Mutual Fund
120837;quant Liquid Fund - Growth Option - Direct Plan;INF966L01820;;43.6984;;;13-Jan-2026
103225;quant Liquid Fund - Growth Option - Regular Plan;INF966L01317;;42.5184;;;13-Jan-2026
120838;quant Liquid Fund - Monthly IDCW Option - Direct Plan;INF966L01796;INF966L01812;15.746;;;13-Jan-2026
103228;quant Liquid Fund - Monthly IDCW Option - Regular Plan;INF966L01291;INF966L01309;15.1821;;;13-Jan-2026
120839;quant Liquid Fund - Weekly IDCW Option - Direct Plan;INF966L01788;INF966L01804;14.6394;;;13-Jan-2026
103227;quant Liquid Fund - Weekly IDCW Option - Regular Plan;INF966L01499;INF966L01283;14.4788;;;13-Jan-2026
120836;quant Liquid Fund-Daily IDCW Option - Direct Plan;;INF966L01770;13.2211;;;13-Jan-2026
103226;quant Liquid Fund-Daily IDCW Option - Regular Plan;;INF966L01275;12.7191;;;13-Jan-2026

Quantum Mutual Fund
103736;Quantum Liquid Fund - Direct Plan Daily IDCW;;INF082J01135;10.0085;;;13-Jan-2026
103734;Quantum Liquid Fund - Direct Plan Growth Option;INF082J01127;;36.2824;;;13-Jan-2026
103735;Quantum Liquid Fund - Direct Plan Monthly IDCW;INF082J01143;INF082J01200;10.0391;;;13-Jan-2026
141065;Quantum Liquid Fund - Regular Plan Daily IDCW;;INF082J01317;10.0002;;;13-Jan-2026
141066;Quantum Liquid Fund - Regular Plan Growth Option;INF082J01309;;36.0077;;;13-Jan-2026
141067;Quantum Liquid Fund - Regular Plan Monthly IDCW;INF082J01325;INF082J01333;10.0360;;;13-Jan-2026
152299;Quantum Liquid Fund - Unclaimed IDCW Plan Above 3 years;;;10.0000;;;13-Jan-2026
152298;Quantum Liquid Fund - Unclaimed IDCW Plan Below 3 years;;;11.4074;;;13-Jan-2026
152301;Quantum Liquid Fund - Unclaimed Redemption Plan Above 3 years;;;10.0000;;;13-Jan-2026
152300;Quantum Liquid Fund - Unclaimed Redemption Plan Below 3 years;;;10.9725;;;13-Jan-2026

SBI Mutual Fund
119804;SBI Liquid Fund - Direct Paln - Fortnightly Income Distribution cum Capital Withdrawal Option (IDCW);INF200K01UR8;INF200K01US6;1388.4223;;;13-Jan-2026
119805;SBI Liquid Fund - Direct Plan - Daily Income Distribution cum Capital Withdrawal Option (IDCW);;INF200K01UQ0;1144.0484;;;13-Jan-2026
119799;SBI Liquid Fund - Direct Plan - Weekly Income Distribution cum Capital Withdrawal Option (IDCW);INF200K01UU2;INF200K01UV0;1386.3255;;;13-Jan-2026
119800;SBI Liquid Fund - DIRECT PLAN -Growth;INF200K01UT4;;4251.7883;;;13-Jan-2026
105274;SBI Liquid Fund - Institutional - Growth;INF200K01LU1;;4246.1294;;;13-Jan-2026
105275;SBI Liquid Fund - Institutional Daily Income Distribution cum Capital Withdrawal Option (IDCW);;INF200K01LR7;1364.1210;;;13-Jan-2026
105281;SBI Liquid Fund - Regular Plan - Daily Income Distribution cum Capital Withdrawal Option (IDCW);;INF200K01LX5;1140.7391;;;13-Jan-2026
105283;SBI Liquid Fund - Regular Plan - Fortnightly Income Distribution cum Capital Withdrawal Option (IDCW);INF200K01LY3;INF200K01LZ0;1380.4411;;;13-Jan-2026
105282;SBI Liquid Fund - Regular Plan - Weekly Income Distribution cum Capital Withdrawal Option (IDCW);INF200K01MB9;INF200K01MC7;1379.4156;;;13-Jan-2026
105280;SBI Liquid Fund - REGULAR PLAN -Growth;INF200K01MA1;;4206.3387;;;13-Jan-2026

Shriram Mutual Fund
153035;Shriram Liquid Fund - Direct Plan Growth Option;INF680P01430;;1074.8652;;;13-Jan-2026
153036;Shriram Liquid Fund - Regular Plan Growth Option;INF680P01448;;1073.0659;;;13-Jan-2026
153282;Shriram Unclaimed IDCW Liquid Fund;;;1047.9469;;;13-Jan-2026
153283;Shriram Unclaimed IDCW Stable Scheme Liquid Fund;;;1000;;;13-Jan-2026
153280;Shriram Unclaimed Redemption Liquid Fund;;;1060.5308;;;13-Jan-2026
153281;Shriram Unclaimed Redemption Stable Scheme Liquid Fund;;;1000;;;13-Jan-2026

Sundaram Mutual Fund
149664;Sundaram Liquid Fund (Formerly Known as Principal Cash Management Fund) - Direct Plan - Growth Option;INF173K01GU0;;2403.2693;;;13-Jan-2026
149660;Sundaram Liquid Fund (Formerly Known as Principal Cash Management Fund) - Regular Plan IDCW;INF173K01DD3;INF173K01DE1;1044.9423;;;13-Jan-2026
149662;Sundaram Liquid Fund (Formerly Known as Principal Cash Management Fund) -Direct Plan - IDCW;INF173K01GV8;INF173K01GW6;1046.8376;;;13-Jan-2026
149661;Sundaram Liquid Fund (Formerly Known as Principal Cash Management Fund) -Growth Option;INF173K01DA9;;2373.0405;;;13-Jan-2026

Tata Mutual Fund
153689;Tata Liquid Fund - Direct Plan - Weekly IDCW Reinvestment;;INF277KA1EE2;1032.3634;;;13-Jan-2026
153688;Tata Liquid Fund - Regular Plan - Weekly IDCW Reinvestment;;INF277KA1EF9;1028.0572;;;13-Jan-2026
102672;Tata Liquid Fund -Regular Plan - Growth Option;INF277K01YD8;;4240.1696;;;13-Jan-2026
119862;Tata Liquid Fund- Direct Plan - Daily Reinvestment of IDCW Option;;INF277K012D2;1001.5187;;;13-Jan-2026
119861;Tata Liquid Fund- Direct Plan-Growth Option;INF277K01YE6;;4293.9148;;;13-Jan-2026
101714;Tata Liquid Fund- Regular Plan - Daily Reinvestment of IDCW Option;;INF277K011D4;1001.5157;;;13-Jan-2026

The Wealth Company Mutual Fund
153887;THE WEALTH COMPANY LIQUID FUND DIRECT DAILY ICDW;;INF2F0001073;1002;;;13-Jan-2026
153883;THE WEALTH COMPANY LIQUID FUND DIRECT GROWTH;INF2F0001081;;1015.1434;;;13-Jan-2026
153884;THE WEALTH COMPANY LIQUID FUND DIRECT MONTHLY IDCW;INF2F0001107;INF2F0001099;1004.9226;;;13-Jan-2026
153889;THE WEALTH COMPANY LIQUID FUND DIRECT WEEKLY;INF2F0001123;INF2F0001115;1002.1159;;;13-Jan-2026
153886;THE WEALTH COMPANY LIQUID FUND REGULAR DAILY IDCW;;INF2F0001131;1002;;;13-Jan-2026
153888;THE WEALTH COMPANY LIQUID FUND REGULAR GROWTH;INF2F0001149;;1014.7598;;;13-Jan-2026
153890;THE WEALTH COMPANY LIQUID FUND REGULAR MONTHLY IDCW;INF2F0001164;INF2F0001156;1004.8784;;;13-Jan-2026
153885;THE WEALTH COMPANY LIQUID FUND REGULAR WEEKLY IDCW;INF2F0001180;INF2F0001172;1002.2671;;;13-Jan-2026

Trust Mutual Fund
148842;TRUSTMF Liquid Fund-Direct Plan-Daily Income Distribution cum Capital Withdrawal;;INF0GCD01263;1256.8847;;;13-Jan-2026
148841;TRUSTMF Liquid Fund-Direct Plan-Growth;INF0GCD01255;;1316.9845;;;13-Jan-2026
148839;TRUSTMF Liquid Fund-Direct Plan-Monthly Income Distribution cum Capital Withdrawal;INF0GCD01305;INF0GCD01297;1188.5875;;;13-Jan-2026
148837;TRUSTMF Liquid Fund-Direct Plan-Weekly Income Distribution cum Capital Withdrawal;INF0GCD01271;INF0GCD01289;1215.5544;;;13-Jan-2026
148834;TRUSTMF Liquid Fund-Regular Plan-Daily Income Distribution cum Capital Withdrawal;;INF0GCD01206;1190.0597;;;13-Jan-2026
148833;TRUSTMF Liquid Fund-Regular Plan-Growth;INF0GCD01198;;1307.598;;;13-Jan-2026
148843;TRUSTMF Liquid Fund-Regular Plan-Monthly Income Distribution cum Capital Withdrawal;INF0GCD01248;INF0GCD01230;1180.2118;;;13-Jan-2026
148836;TRUSTMF Liquid Fund-Regular Plan-Weekly Income Distribution cum Capital Withdrawal;INF0GCD01214;INF0GCD01222;1165.4894;;;13-Jan-2026

Unifi Mutual Fund
153570;Unifi Liquid Fund- Direct Growth;INF1MIY01056;;1035.0071;;;13-Jan-2026
153571;Unifi Liquid Fund- Regular Growth;INF1MIY01064;;1034.6377;;;13-Jan-2026

Union Mutual Fund
115401;Union Liquid Fund - Daily IDCW Option;;INF582M01021;1001.1995;;;13-Jan-2026
119301;Union Liquid Fund - Direct Plan - Daily IDCW Option;;INF582M01682;1001.1995;;;13-Jan-2026
119305;Union Liquid Fund - Direct Plan - Fortnightly IDCW Option;INF582M01724;INF582M01708;1001.0827;;;13-Jan-2026
119303;Union Liquid Fund - Direct Plan - Growth Option;INF582M01674;;2623.8132;;;13-Jan-2026
119302;Union Liquid Fund - Direct Plan - Monthly IDCW Option;INF582M01732;INF582M01716;1003.8380;;;13-Jan-2026
119304;Union Liquid Fund - Direct Plan - Weekly IDCW Option;;INF582M01690;1001.2027;;;13-Jan-2026
115399;Union Liquid Fund - Fortnightly IDCW Option;INF582M01062;INF582M01047;1001.0824;;;13-Jan-2026
115398;Union Liquid Fund - Growth Option;INF582M01013;;2590.6298;;;13-Jan-2026
115400;Union Liquid Fund - Monthly IDCW Option;INF582M01070;INF582M01054;1003.3966;;;13-Jan-2026
115402;Union Liquid Fund - Weekly IDCW Option;;INF582M01039;1001.4355;;;13-Jan-2026

UTI Mutual Fund
134427;UTI Liquid Fund - Direct Plan - Annual IDCW;INF789FA1K63;INF789FA1K71;1960.9083;;;13-Jan-2026
120558;UTI Liquid Fund - Direct Plan - Daily IDCW (Reinvestment);;INF789F01XP8;1064.8179;;;13-Jan-2026
141768;UTI Liquid Fund - Direct Plan - Flexi IDCW;INF789FA1K89;INF789FA1K97;1615.0923;;;13-Jan-2026
140913;UTI Liquid Fund - Direct Plan - Fortnightly IDCW;INF789FA1K06;INF789FA1K14;1154.9772;;;13-Jan-2026
140504;UTI Liquid Fund - Direct Plan - Half-Yearly IDCW;INF789FA1K48;INF789FA1K55;1531.7252;;;13-Jan-2026
120794;UTI Liquid Fund - Direct Plan - Monthly IDCW;INF789F01XR4;INF789F01XS2;1044.7341;;;13-Jan-2026
140024;UTI Liquid Fund - Direct Plan - Quarterly IDCW;INF789FA1K22;INF789FA1K30;1851.9438;;;13-Jan-2026
120777;UTI Liquid Fund - Direct Plan - Weekly IDCW;;INF789F01XT0;1270.7365;;;13-Jan-2026
133973;UTI Liquid Fund - Regular Plan - Annual IDCW;INF789FA1J66;INF789FA1J74;1947.4967;;;13-Jan-2026
102010;UTI Liquid Fund - Regular Plan - Daily IDCW (Reinvestment);;INF789F01PG3;1162.6198;;;13-Jan-2026
140517;UTI Liquid Fund - Regular Plan - Flexi IDCW;INF789FA1J82;INF789FA1J90;1605.0839;;;13-Jan-2026
139838;UTI Liquid Fund - Regular Plan - Fortnightly IDCW;INF789FA1J09;INF789FA1J17;1154.1573;;;13-Jan-2026
144475;UTI Liquid Fund - Regular Plan - Half-Yearly IDCW;INF789FA1J41;INF789FA1J58;1355.9256;;;13-Jan-2026
102011;UTI Liquid Fund - Regular Plan - Monthly IDCW;INF789F01PI9;INF789F01PJ7;1107.8283;;;13-Jan-2026
135721;UTI Liquid Fund - Regular Plan - Quarterly IDCW;INF789FA1J25;INF789FA1J33;1838.8695;;;13-Jan-2026
102013;UTI Liquid Fund - Regular Plan - Weekly IDCW;;INF789F01PK5;1053.6378;;;13-Jan-2026
120304;UTI-  Liquid Cash Plan - Direct Plan - Growth Option;INF789F01XQ6;;4458.7659;;;13-Jan-2026
102012;UTI-  Liquid Cash Plan - Regular Plan - Growth Option;INF789F01PH1;;4416.6856;;;13-Jan-2026
102008;UTI-  Liquid Cash Plan- Discontinued - Regular Plan - Monthly Dividend Option;INF789F01BC2;INF789F01BA6;1067.0455;;;13-Jan-2026
102009;UTI-  Liquid Cash Plan- Discontinued - Regular Plan -Growth;INF789F01BB4;;4007.8775;;;13-Jan-2026
102007;UTI-  Liquid Cash Plan- Discontinued -Regular Plan Periodic Dividend Option;;INF789F01AZ5;1133.4471;;;13-Jan-2026

WhiteOak Capital Mutual Fund
145969;WhiteOak Capital Liquid Fund- Direct plan-Daily Reinvestment of Income Distribution cum capital withdrawal option (IDCW);;INF03VN01019;1001.5964;;;13-Jan-2026
145966;WhiteOak Capital Liquid Fund- Direct plan-Fortnightly Payout/ Reinvestment of Income Distribution cum capital withdrawal option (IDCW);INF03VN01027;INF03VN01035;1001.5036;;;13-Jan-2026
145971;WhiteOak Capital Liquid Fund- Direct plan-Growth Option;INF03VN01043;;1456.3809;;;13-Jan-2026
145967;WhiteOak Capital Liquid Fund- Direct plan-Monthly  Payout/ Reinvestment of Income Distribution cum capital withdrawal option (IDCW);INF03VN01050;INF03VN01068;1006.0683;;;13-Jan-2026
145970;WhiteOak Capital Liquid Fund- Direct plan-Weekly Payout/ Reinvestment of Income Distribution cum capital withdrawal option (IDCW);INF03VN01076;INF03VN01084;1001.6071;;;13-Jan-2026
145963;WhiteOak Capital Liquid Fund- Regular plan-Daily Reinvestment of Income Distribution cum capital withdrawal option (IDCW);;INF03VN01092;1001.5950;;;13-Jan-2026
145965;WhiteOak Capital Liquid Fund- Regular plan-Fortnightly Payout/ Reinvestment of Income Distribution cum capital withdrawal option (IDCW);INF03VN01100;INF03VN01118;1002.7623;;;13-Jan-2026
145968;WhiteOak Capital Liquid Fund- Regular plan-Growth Option;INF03VN01126;;1446.9658;;;13-Jan-2026
145972;WhiteOak Capital Liquid Fund- Regular plan-Monthly Payout/ Reinvestment of Income Distribution cum capital withdrawal option (IDCW);INF03VN01134;INF03VN01142;1005.7258;;;13-Jan-2026
145964;WhiteOak Capital Liquid Fund- Regular plan-Weekly Payout/ Reinvestment of Income Distribution cum capital withdrawal option (IDCW);INF03VN01159;INF03VN01167;1001.6037;;;13-Jan-2026

Open Ended Schemes ( Debt Scheme - Ultra Short Duration Fund )


Aditya Birla Sun Life Mutual Fund
112016;Aditya Birla Sun Life Savings Fund - Discipline Advantage Plan;INF209K01JT8;;324.5489;;;13-Jan-2026
119501;Aditya Birla Sun Life Savings Fund - Growth - Direct Plan;INF209K01UR9;;577.6224;;;13-Jan-2026
101317;Aditya Birla Sun Life Savings Fund - Growth - Regular Plan;INF209K01LZ1;;566.7232;;;13-Jan-2026
119500;Aditya Birla Sun Life Savings Fund-DIRECT - DAILY IDCW;INF209K01UQ1;;100.423;;;13-Jan-2026
119499;Aditya Birla Sun Life Savings Fund-DIRECT - WEEKLY IDCW;INF209K01US7;;100.618;;;13-Jan-2026
105888;Aditya Birla Sun Life Savings Fund-Regular - DAILY IDCW;INF209K01LY4;;100.4101;;;13-Jan-2026
105887;Aditya Birla Sun Life Savings Fund-Regular - weekly IDCW;INF209K01MA2;;100.5519;;;13-Jan-2026
109108;Aditya Birla Sun Life Savings Fund-Retail - Daily IDCW;INF209K01MB0;;100.5058;;;13-Jan-2026
101316;Aditya Birla Sun Life Savings Fund-Retail Growth;INF209K01MC8;;548.4095;;;13-Jan-2026
105881;Aditya Birla Sun Life Savings Fund-Weekly - retail IDCW;INF209K01MD6;;100.6202;;;13-Jan-2026

Axis Mutual Fund
144753;Axis Ultra Short Duration Fund - Direct Plan - Daily IDCW;;INF846K01F57;10.0327;;;13-Jan-2026
144755;Axis Ultra Short Duration Fund - Direct Plan - Monthly IDCW;INF846K01F99;INF846K01F81;10.0398;;;13-Jan-2026
144756;Axis Ultra Short Duration Fund - Direct Plan - Regular IDCW;INF846K01G15;INF846K01G07;16.1685;;;13-Jan-2026
144757;Axis Ultra Short Duration Fund - Direct Plan - Weekly IDCW;INF846K01F73;INF846K01F65;10.0489;;;13-Jan-2026
144754;Axis Ultra Short Duration Fund - Direct Plan Growth;INF846K01F40;;16.1671;;;13-Jan-2026
144758;Axis Ultra Short Duration Fund - Regular Plan - Daily IDCW;;INF846K01G31;10.0676;;;13-Jan-2026
144760;Axis Ultra Short Duration Fund - Regular Plan - Monthly IDCW;INF846K01G72;INF846K01G64;10.0464;;;13-Jan-2026
144761;Axis Ultra Short Duration Fund - Regular Plan - Regular IDCW;INF846K01G98;INF846K01G80;15.1718;;;13-Jan-2026
144762;Axis Ultra Short Duration Fund - Regular Plan - Weekly IDCW;INF846K01G56;INF846K01G49;10.0658;;;13-Jan-2026
144759;Axis Ultra Short Duration Fund - Regular Plan Growth;INF846K01G23;;15.1719;;;13-Jan-2026

Bandhan Mutual Fund
144195;BANDHAN ULTRA SHORT DURATION FUND - DIRECT PLAN -MONTHLY IDCW;INF194KA11S2;INF194KA12S0;10.0508;;;13-Jan-2026
144173;BANDHAN ULTRA SHORT DURATION FUND - DIRECT PLAN GROWTH;INF194KA16R3;;15.9090;;;13-Jan-2026
144196;BANDHAN ULTRA SHORT DURATION FUND - DIRECT PLAN PERIODIC IDCW;INF194KA17S9;INF194KA18S7;13.5196;;;13-Jan-2026
144192;BANDHAN ULTRA SHORT DURATION FUND - DIRECT PLAN QUARTERLY IDCW;INF194KA14S6;INF194KA15S3;10.4693;;;13-Jan-2026
144191;BANDHAN ULTRA SHORT DURATION FUND - DIRECT PLAN- WEEKLY IDCW;INF194KA10T2;INF194KA11T0;10.0735;;;13-Jan-2026
144174;BANDHAN ULTRA SHORT DURATION FUND - DIRECT PLAN-DAILY IDCW;INF194KA18R9;INF194KA19R7;10.0359;;;13-Jan-2026
144172;BANDHAN ULTRA SHORT DURATION FUND - REGULAR PLAN DAILY IDCW;INF194KA12Q4;INF194KA13Q2;10.0511;;;13-Jan-2026
144171;BANDHAN ULTRA SHORT DURATION FUND - REGULAR PLAN GROWTH;INF194KA10Q8;;15.7009;;;13-Jan-2026
144194;BANDHAN ULTRA SHORT DURATION FUND - REGULAR PLAN MONTHLY IDCW;INF194KA15Q7;INF194KA16Q5;10.0557;;;13-Jan-2026
144193;BANDHAN ULTRA SHORT DURATION FUND - REGULAR PLAN PERIODIC IDCW;INF194KA11R4;INF194KA12R2;13.2139;;;13-Jan-2026
144190;BANDHAN ULTRA SHORT DURATION FUND - REGULAR PLAN QUARTERLY IDCW;INF194KA18Q1;INF194KA19Q9;10.4534;;;13-Jan-2026
144189;BANDHAN ULTRA SHORT DURATION FUND - REGULAR PLAN WEEKLY IDCW;INF194KA14R8;INF194KA15R5;10.0751;;;13-Jan-2026

Bank of India Mutual Fund
119380;BANK OF INDIA Ultra Short Duration Fund- Direct Plan- Daily IDCW;;INF761K01CT3;1004.9154;;;13-Jan-2026
119379;BANK OF INDIA Ultra Short Duration Fund- Direct Plan- Growth;INF761K01892;;3375.7376;;;13-Jan-2026
119381;BANK OF INDIA Ultra Short Duration Fund- Direct Plan- Weekly IDCW;;INF761K01CU1;1004.9149;;;13-Jan-2026
126389;BANK OF INDIA Ultra Short Duration Fund- Direct Plan-Bonus;INF761K01CS5;;3359.5610;;;13-Jan-2026
111970;BANK OF INDIA Ultra Short Duration Fund- Regular Plan- Daily IDCW;;INF761K01CW7;1004.9017;;;13-Jan-2026
109269;BANK OF INDIA Ultra Short Duration Fund- Regular Plan- Growth;INF761K01298;;3253.4652;;;13-Jan-2026
109264;BANK OF INDIA Ultra Short Duration Fund- Regular Plan- Weekly IDCW;;INF761K01CX5;1004.9017;;;13-Jan-2026

Baroda BNP Paribas Mutual Fund
143510;Baroda BNP Paribas Ultra Short Duratio Fund- Regular Plan- Weekly IDCW;INF251K01SN4;INF955L01GY0;1000.0000;;;13-Jan-2026
143507;Baroda BNP Paribas Ultra Short Duration Fund - Regular Plan - Daily IDCW;;INF955L01GW4;1006.0684;;;13-Jan-2026
143464;Baroda BNP Paribas Ultra Short Duration Fund - Regular Plan - Growth;INF955L01GX2;;1590.8817;;;13-Jan-2026
143511;Baroda BNP Paribas Ultra Short Duration Fund- Direct Plan- Daily IDCW;;INF955L01GZ7;1006.8898;;;13-Jan-2026
143508;Baroda BNP Paribas Ultra Short Duration Fund- Direct Plan- Growth;INF955L01HA8;;1613.1242;;;13-Jan-2026
143509;Baroda BNP Paribas Ultra Short Duration Fund- Direct Plan- Weekly IDCW;INF251K01SM6;INF955L01HB6;1000.6274;;;13-Jan-2026

Canara Robeco Mutual Fund
118315;CANARA ROBECO ULTRA SHORT TERM FUND - DIRECT PLAN - DAILY IDCW (Reinvestment);;INF760K01GL3;1240.5142;;;13-Jan-2026
118317;CANARA ROBECO ULTRA SHORT TERM FUND - DIRECT PLAN - GROWTH OPTION;INF760K01GM1;;4168.9835;;;13-Jan-2026
118319;CANARA ROBECO ULTRA SHORT TERM FUND - DIRECT PLAN - IDCW (Payout/Reinvestment);INF760K01GN9;;2385.9846;;;13-Jan-2026
118318;CANARA ROBECO ULTRA SHORT TERM FUND - DIRECT PLAN - MONTHLY IDCW (Payout/Reinvestment);INF760K01GP4;INF760K01GO7;1000.7600;;;13-Jan-2026
118316;CANARA ROBECO ULTRA SHORT TERM FUND - DIRECT PLAN - WEEKLY IDCW (Payout/Reinvestment);INF760K01GQ2;INF760K01GR0;1241.0471;;;13-Jan-2026
109372;CANARA ROBECO ULTRA SHORT TERM FUND - REGULAR PLAN - DAILY IDCW (Reinvestment);;INF760K01DA3;1240.4931;;;13-Jan-2026
109371;CANARA ROBECO ULTRA SHORT TERM FUND - REGULAR PLAN - GROWTH OPTION;INF760K01DC9;;3906.9414;;;13-Jan-2026
109370;CANARA ROBECO ULTRA SHORT TERM FUND - REGULAR PLAN - MONTHLY IDCW (Payout/Reinvestment);INF760K01CA5;INF760K01DD7;1000.5390;;;13-Jan-2026
109366;CANARA ROBECO ULTRA SHORT TERM FUND - REGULAR PLAN - WEEKLY IDCW (Payout/Reinvestment);INF760K01DE5;INF760K01DF2;1240.9207;;;13-Jan-2026
140530;CANARA ROBECO ULTRA SHORT TERM FUND- REGULAR PLAN - IDCW (Payout);INF760K01IL9;;1605.0160;;;13-Jan-2026

DSP Mutual Fund
119205;DSP Ultra Short Fund - Direct Plan - Growth;INF740K01ON5;;3826.2442;;;13-Jan-2026
119206;DSP Ultra Short Fund - Direct Plan - IDCW;INF740K01OQ8;INF740K01OR6;1130.0713;;;13-Jan-2026
119203;DSP Ultra Short Fund - Direct Plan - IDCW - Daily;;INF740KA1NT0;1005.1507;;;13-Jan-2026
119204;DSP Ultra Short Fund - Direct Plan - IDCW - Monthly;INF740K01OO3;INF740K01OP0;1085.3673;;;13-Jan-2026
119207;DSP Ultra Short Fund - Direct Plan - IDCW - Weekly;INF740KA1NU8;INF740KA1NV6;1005.485;;;13-Jan-2026
104138;DSP Ultra Short Fund - Regular Plan - Growth;INF740K01QQ3;;3505.3892;;;13-Jan-2026
104140;DSP Ultra Short Fund - Regular Plan - IDCW - Daily Reinvest;;INF740KA1NW4;1005.2269;;;13-Jan-2026
117063;DSP Ultra Short Fund - Regular Plan - IDCW - Monthly;INF740K01QS9;INF740K01QR1;1077.2047;;;13-Jan-2026
117995;DSP Ultra Short Fund - Regular Plan - IDCW - Payout;INF740K01MK5;;1118.2163;;;13-Jan-2026
104139;DSP Ultra Short Fund - Regular Plan - IDCW - Weekly Reinvest;;;1005.3837;;;13-Jan-2026

Franklin Templeton Mutual Fund
152825;Franklin India Ultra Short Duration Fund - Direct - Growth;INF090I01XL4;;11.0353;;;13-Jan-2026
152827;Franklin India Ultra Short Duration Fund - Direct - IDCW;INF090I01XM2;INF090I01XN0;10.6486;;;13-Jan-2026
152828;Franklin India Ultra Short Duration Fund - Growth;INF090I01XJ8;;10.9663;;;13-Jan-2026
152826;Franklin India Ultra Short Duration Fund - IDCW;INF090I01XK6;INF090I01XO8;10.5901;;;13-Jan-2026

HDFC Mutual Fund
145041;HDFC Ultra Short Term Fund - Daily IDCW Option;;INF179KB12R1;10.1005;;;13-Jan-2026
145039;HDFC Ultra Short Term Fund - Direct Plan-Daily IDCW Option;;INF179KB16Q4;10.0896;;;13-Jan-2026
145034;HDFC Ultra Short Term Fund - Direct Plan-Growth Option;INF179KB15Q6;;15.9921;;;13-Jan-2026
145036;HDFC Ultra Short Term Fund - Direct Plan-Monthly IDCW Option;INF179KB10R5;INF179KB19Q8;10.0632;;;13-Jan-2026
145035;HDFC Ultra Short Term Fund - Direct Plan-Weekly IDCW Option;INF179KB18Q0;INF179KB17Q2;10.0476;;;13-Jan-2026
145040;HDFC Ultra Short Term Fund - Growth Option;INF179KB11R3;;15.6256;;;13-Jan-2026
145037;HDFC Ultra Short Term Fund - Monthly IDCW Option;INF179KB16R2;INF179KB15R4;10.1619;;;13-Jan-2026
145038;HDFC Ultra Short Term Fund - Weekly IDCW Option;INF179KB14R7;INF179KB13R9;10.0476;;;13-Jan-2026

HSBC Mutual Fund
147910;HSBC Ultra Short Duration Fund - Direct Daily IDCW;;INF336L01OS9;1079.7911;;;13-Jan-2026
147908;HSBC Ultra Short Duration Fund - Direct Growth;INF336L01OR1;;1417.685;;;13-Jan-2026
147915;HSBC Ultra Short Duration Fund - Direct Monthly IDCW;INF336L01OV3;INF336L01OU5;1013.4446;;;13-Jan-2026
147912;HSBC Ultra Short Duration Fund - Direct Weekly IDCW;;INF336L01OT7;1007.5414;;;13-Jan-2026
147909;HSBC Ultra Short Duration Fund - Regular Daily IDCW;;INF336L01OX9;1031.5786;;;13-Jan-2026
147907;HSBC Ultra Short Duration Fund - Regular Growth;INF336L01OW1;;1396.4751;;;13-Jan-2026
147916;HSBC Ultra Short Duration Fund - Regular Monthly IDCW;INF336L01PA4;INF336L01OZ4;1028.9902;;;13-Jan-2026
147911;HSBC Ultra Short Duration Fund - Regular Weekly IDCW;;INF336L01OY7;1041.6143;;;13-Jan-2026

ICICI Prudential Mutual Fund
145399;ICICI Prudential Ultra Short Term Fund - Daily IDCW;-;INF109KC1ND7;10.0681;;;13-Jan-2026
120676;ICICI Prudential Ultra Short Term Fund - Direct Plan -  Growth;INF109K01T04;;30.9966;;;13-Jan-2026
120677;ICICI Prudential Ultra Short Term Fund - Direct Plan -  Monthly IDCW;INF109K01T38;INF109K01T46;10.7917;;;13-Jan-2026
120675;ICICI Prudential Ultra Short Term Fund - Direct Plan -  Quarterly IDCW;INF109K01T53;INF109K01T61;11.1632;;;13-Jan-2026
145404;ICICI Prudential Ultra Short Term Fund - Direct Plan - Daily IDCW;-;INF109KC1MY5;10.0000;;;13-Jan-2026
145400;ICICI Prudential Ultra Short Term Fund - Direct Plan - Weekly IDCW;INF109KC1NA3;INF109KC1MZ2;10.0826;;;13-Jan-2026
115092;ICICI Prudential Ultra Short Term Fund - Growth;INF109K01TP7;;28.6011;;;13-Jan-2026
115094;ICICI Prudential Ultra Short Term Fund - Monthly IDCW;INF109K01TR3;INF109K01TQ5;10.6608;;;13-Jan-2026
115091;ICICI Prudential Ultra Short Term Fund - Quarterly IDCW;INF109K01TT9;INF109K01TS1;10.9533;;;13-Jan-2026
145402;ICICI Prudential Ultra Short Term Fund - Weekly IDCW;INF109KC1NF2;INF109KC1NE5;10.0665;;;13-Jan-2026

Invesco Mutual Fund
120543;Invesco India Ultra Short Duration Fund - Direct Plan - Annual IDCW (Payout / Reinvestment);INF205K01TF4;INF205K01TG2;2117.9738;;;13-Jan-2026
136112;Invesco India Ultra Short Duration Fund - Direct Plan - Daily IDCW (Reinvestment);;INF205K019H5;1507.6746;;;13-Jan-2026
120541;Invesco India Ultra Short Duration Fund - Direct Plan - Growth;INF205K01TH0;;2974.386;;;13-Jan-2026
120542;Invesco India Ultra Short Duration Fund - Direct Plan - Monthly IDCW (Payout / Reinvestment);INF205K01TI8;INF205K01TJ6;2015.4955;;;13-Jan-2026
120544;Invesco India Ultra Short Duration Fund - Direct Plan - Quarterly IDCW (Payout / Reinvestment);INF205K01TK4;INF205K01TL2;1029.368;;;13-Jan-2026
114361;Invesco India Ultra Short Duration Fund - Regular Plan - Annual IDCW (Payout / Reinvestment);INF205K01TD9;INF205K01TE7;1142.8747;;;13-Jan-2026
136111;Invesco India Ultra Short Duration Fund - Regular Plan - Daily IDCW (Reinvestment);;INF205K018H7;1412.2509;;;13-Jan-2026
114359;Invesco India Ultra Short Duration Fund - Regular Plan - Growth;INF205K01TM0;;2779.4065;;;13-Jan-2026
114362;Invesco India Ultra Short Duration Fund - Regular Plan - Monthly IDCW (Payout / Reinvestment);INF205K01TN8;INF205K01TO6;1012.4278;;;13-Jan-2026
114360;Invesco India Ultra Short Duration Fund - Regular Plan - Quarterly IDCW (Payout / Reinvestment);INF205K01TP3;INF205K01TQ1;1078.9241;;;13-Jan-2026

ITI Mutual Fund
148909;ITI Ultra Short Duration Fund - Direct Plan - Annually IDCW Option;INF00XX01AM5;INF00XX01AJ1;1323.0764;;;13-Jan-2026
148910;ITI Ultra Short Duration Fund - Direct Plan - Daily IDCW;;INF00XX01AF9;1000.8928;;;13-Jan-2026
148913;ITI Ultra Short Duration Fund - Direct Plan - Growth Option;INF00XX01AE2;;1321.4014;;;13-Jan-2026
148916;ITI Ultra Short Duration Fund - Direct Plan - Monthly IDCW Option;INF00XX01AL7;INF00XX01AI3;1002.8631;;;13-Jan-2026
148917;ITI Ultra Short Duration Fund - Regular Plan - Annually IDCW Option;INF00XX01AD4;INF00XX01AA0;1271.3632;;;13-Jan-2026
148912;ITI Ultra Short Duration Fund - Regular Plan - Daily IDCW Option;;INF00XX01960;1000.8713;;;13-Jan-2026
148911;ITI Ultra Short Duration Fund - Regular Plan - Fortnightly IDCW Option;INF00XX01AB8;INF00XX01986;1000.9998;;;13-Jan-2026
148906;ITI Ultra Short Duration Fund - Regular Plan - Growth Option;INF00XX01952;;1271.3081;;;13-Jan-2026
148914;ITI Ultra Short Duration Fund - Regular Plan - Monthly IDCW Option;INF00XX01AC6;INF00XX01994;1002.5144;;;13-Jan-2026
148907;ITI Ultra Short Duration Fund - Regular Plan - Weekly IDCW Option;;INF00XX01978;1001.0000;;;13-Jan-2026

Kotak Mahindra Mutual Fund
102591;Kotak Savings Fund -Growth;INF174K01FD6;;44.2142;;;13-Jan-2026
102592;Kotak Savings Fund -Monthly Payout of Income Distribution cum capital withdrawal option;INF174K01FH7;;10.7122;;;13-Jan-2026
119750;Kotak Savings Fund-Growth - Direct;INF174K01JP2;;46.433;;;13-Jan-2026
119751;Kotak Savings Fund-Monthly Payout of Income Distribution cum capital withdrawal option - Direct;INF174K01JQ0;;20.015;;;13-Jan-2026

LIC Mutual Fund
147771;LIC MF Ultra Short Duration Fund-Direct Plan-Daily IDCW;;INF767K01QP8;1102.0225;;;13-Jan-2026
147772;LIC MF Ultra Short Duration Fund-Direct Plan-Growth;INF767K01QU8;;1394.1832;;;13-Jan-2026
147773;LIC MF Ultra Short Duration Fund-Direct Plan-Monthly IDCW;INF767K01QT0;INF767K01QS2;1394.0057;;;13-Jan-2026
147769;LIC MF Ultra Short Duration Fund-Direct Plan-Weekly IDCW;INF767K01QR4;INF767K01QQ6;1102.3611;;;13-Jan-2026
147766;LIC MF Ultra Short Duration Fund-Regular Plan-Daily IDCW;;INF767K01QJ1;1093.2823;;;13-Jan-2026
147770;LIC MF Ultra Short Duration Fund-Regular Plan-Growth;INF767K01QO1;;1359.2545;;;13-Jan-2026
147768;LIC MF Ultra Short Duration Fund-Regular Plan-Monthly IDCW;INF767K01QN3;INF767K01QM5;1359.4719;;;13-Jan-2026
147767;LIC MF Ultra Short Duration Fund-Regular Plan-Weekly IDCW;INF767K01QL7;INF767K01QK9;1030.6021;;;13-Jan-2026

Mahindra Manulife Mutual Fund
147733;Mahindra Manulife Ultra Short Duration Fund - Direct Plan - Daily IDCW;;INF174V01895;1209.7961;;;13-Jan-2026
147732;Mahindra Manulife Ultra Short Duration Fund - Direct Plan - Weekly IDCW;;INF174V01903;1000.5271;;;13-Jan-2026
147731;Mahindra Manulife Ultra Short Duration Fund - Direct Plan -Growth;INF174V01887;;1455.4673;;;13-Jan-2026
147729;Mahindra Manulife Ultra Short Duration Fund - Regular Plan - Daily IDCW;;INF174V01861;1099.8104;;;13-Jan-2026
147734;Mahindra Manulife Ultra Short Duration Fund - Regular Plan - Growth;INF174V01853;;1417.7479;;;13-Jan-2026
147730;Mahindra Manulife Ultra Short Duration Fund - Regular Plan - Weekly IDCW;;INF174V01879;1000.4495;;;13-Jan-2026

Mirae Asset Mutual Fund
148529;Mirae Asset Ultra Short Duration Fund Direct Growth;INF769K01GK6;;1366.8341;;;13-Jan-2026
148532;Mirae Asset Ultra Short Duration Fund Direct IDCW;INF769K01GJ8;INF769K01GL4;1366.5261;;;13-Jan-2026
148530;Mirae Asset Ultra Short Duration Fund Regular Growth;INF769K01GH2;;1350.6466;;;13-Jan-2026
148531;Mirae Asset Ultra Short Duration Fund Regular IDCW;INF769K01GG4;INF769K01GI0;1350.1560;;;13-Jan-2026

Motilal Oswal Mutual Fund
124234;Motilal Oswal Ultra Short Term Fund (MOFUSTF) -Direct Plan- Growth;INF247L01247;;17.9700;;;13-Jan-2026
124233;Motilal Oswal Ultra Short Term Fund (MOFUSTF)-Regular Plan- Growth;INF247L01213;;16.8997;;;13-Jan-2026
124316;Motilal Oswal Ultra Short Term Fund Direct - IDCW Daily Reinvestment;;INF247L01346;11.7310;;;13-Jan-2026
124311;Motilal Oswal Ultra Short Term Fund Direct - IDCW Fortnightly Reinvestment;;INF247L01361;11.7939;;;13-Jan-2026
124312;Motilal Oswal Ultra Short Term Fund Direct - IDCW Quarterly Payout/Reinvestment;INF247L01403;INF247L01387;11.9761;;;13-Jan-2026
124306;Motilal Oswal Ultra Short Term Fund Direct - IDCW Weekly Reinvestment;;INF247L01353;11.7266;;;13-Jan-2026
124308;Motilal Oswal Ultra Short Term Fund Direct Plan - IDCW Monthly Payout/Reinvestment;INF247L01395;INF247L01379;11.7602;;;13-Jan-2026
124303;Motilal Oswal Ultra Short Term Fund Regular - IDCW Daily Reinvestment;;INF247L01270;11.4477;;;13-Jan-2026
124313;Motilal Oswal Ultra Short Term Fund Regular - IDCW Fortnightly Reinvestment;;INF247L01296;11.4979;;;13-Jan-2026
124315;Motilal Oswal Ultra Short Term Fund Regular - IDCW Monthly Payout/Reinvestment;INF247L01320;INF247L01304;11.4843;;;13-Jan-2026
124305;Motilal Oswal Ultra Short Term Fund Regular - IDCW Quarterly Payout/Reinvestment;INF247L01338;INF247L01312;11.6514;;;13-Jan-2026
124310;Motilal Oswal Ultra Short Term Fund Regular - IDCW Weekly Reinvestment;;INF247L01288;11.4627;;;13-Jan-2026

Nippon India Mutual Fund
143498;NIPPON INDIA ULTRA SHORT DURATION FUND - DAILY IDCW OPTION;;INF204K01UC2;1113.9748;;;13-Jan-2026
143500;NIPPON INDIA ULTRA SHORT DURATION FUND - DIRECT Plan - DAILY IDCW OPTION;;INF204K01YF7;1113.9969;;;13-Jan-2026
143497;NIPPON INDIA ULTRA SHORT DURATION FUND - DIRECT Plan - MONTHLY IDCW Option;INF204K01YI1;INF204K01YJ9;1032.2512;;;13-Jan-2026
143502;NIPPON INDIA ULTRA SHORT DURATION FUND - DIRECT Plan - QUARTERLY IDCW Option;INF204K01YK7;INF204K01YL5;1019.2322;;;13-Jan-2026
143501;NIPPON INDIA ULTRA SHORT DURATION FUND - DIRECT Plan - WEEKLY IDCW OPTION;;INF204K01YG5;1092.1828;;;13-Jan-2026
143499;NIPPON INDIA ULTRA SHORT DURATION FUND - MONTHLY IDCW Option;INF204K01UF5;INF204K01UG3;1021.9299;;;13-Jan-2026
143496;NIPPON INDIA ULTRA SHORT DURATION FUND - QUARTERLY IDCW Option;INF204K01UH1;INF204K01UI9;1012.4000;;;13-Jan-2026
143495;NIPPON INDIA ULTRA SHORT DURATION FUND - WEEKLY IDCW OPTION;;INF204K01UD0;1092.0985;;;13-Jan-2026
143494;Nippon India Ultra Short Duration Fund- Direct Plan- Growth Option;INF204K01YH3;;4598.7967;;;13-Jan-2026
143493;Nippon India Ultra Short Duration Fund- Growth Option;INF204K01UE8;;4153.9769;;;13-Jan-2026

PGIM India Mutual Fund
138342;PGIM India Ultra Short Duration Fund - Daily Dividend;INF223J01FH4;;10.019;;;13-Jan-2026
138361;PGIM India Ultra Short Duration Fund - Direct Plan - Daily Dividend;;INF223J01QL3;10.023;;;13-Jan-2026
138358;PGIM India Ultra Short Duration Fund - Direct Plan - Growth;INF223J01QO7;;36.7549;;;13-Jan-2026
138359;PGIM India Ultra Short Duration Fund - Direct Plan - Monthly Dividend;INF223J01QP4;;12.4463;;;13-Jan-2026
138362;PGIM India Ultra Short Duration Fund - Direct Plan - Weekly Dividend;INF223J01QR0;INF223J01QS8;10.2681;;;13-Jan-2026
138343;PGIM India Ultra Short Duration Fund - Growth;INF223J01FK8;;35.027;;;13-Jan-2026
138344;PGIM India Ultra Short Duration Fund - Monthly Dividend;INF223J01FL6;INF223J01FM4;15.1273;;;13-Jan-2026
138341;PGIM India Ultra Short Duration Fund - Weekly Dividend;INF223J01FO0;INF223J01FP7;10.0798;;;13-Jan-2026

SBI Mutual Fund
119784;SBI Ultra Short Duration Fund - Direct Plan - Daily Income Distribution cum Capital Withdrawal Option (IDCW);;INF200K01TG3;2349.1637;;;13-Jan-2026
119828;SBI ULTRA SHORT DURATION FUND - DIRECT PLAN - GROWTH;INF200K01TF5;;6282.4106;;;13-Jan-2026
119829;SBI Ultra Short Duration Fund - Direct Plan - Weekly Income Distribution cum Capital Withdrawal Option (IDCW);INF200K01TH1;INF200K01TI9;1273.1505;;;13-Jan-2026
105080;SBI Ultra Short Duration Fund - Regular Plan - Daily Income Distribution cum Capital Withdrawal Option (IDCW);;INF200K01LK2;2322.7515;;;13-Jan-2026
100641;SBI ULTRA SHORT DURATION FUND - REGULAR PLAN - GROWTH;INF200K01LJ4;;6166.7862;;;13-Jan-2026
103884;SBI Ultra Short Duration Fund - Regular Plan - Weekly Income Distribution cum Capital Withdrawal Option (IDCW);INF200K01LM8;INF200K01LL0;1265.1631;;;13-Jan-2026

Sundaram Mutual Fund
149537;Sundaram Ultra Short Duration Fund (Formerly Known as Principal Ultra Short Term Fund) - Income Distribution CUM Capital Withdrawal Option (IDCW);INF173K01CX3;INF173K01CY1;1076.9048;;;13-Jan-2026
149539;Sundaram Ultra Short Duration Fund (Formerly Known as Principal Ultra Short Term Fund)- Direct Plan -Growth Option;INF173K01HI3;;3026.0261;;;13-Jan-2026
149540;Sundaram Ultra Short Duration Fund (Formerly Known as Principal Ultra Short Term Fund)- Direct Plan Income Distribution CUM Capital Withdrawal Option (IDCW);INF173K01HK9;INF173K01HJ1;1089.7101;;;13-Jan-2026
149535;Sundaram Ultra Short Duration Fund (Formerly Known as Principal Ultra Short Term Fund)-Growth Option;INF173K01CU9;;2755.8564;;;13-Jan-2026

Tata Mutual Fund
146076;TATA Ultra Short Term Fund Direct Plan - Monthly Reinvestment of Income Distribution cum capital withdrawal option  ;;INF277K013T6;15.4264;;;13-Jan-2026
146068;TATA Ultra Short Term Fund Direct Plan - Weekly Reinvestment of Income Distribution cum capital withdrawal option   ;;INF277K015T1;10.4023;;;13-Jan-2026
146073;TATA Ultra Short Term Fund Regular Plan - Monthly Reinvestment of Income Distribution cum capital withdrawal option  ;;INF277K018S7;14.5984;;;13-Jan-2026
146074;TATA Ultra Short Term Fund Regular Plan -Weekly Reinvestment of Income Distribution cum capital withdrawal option  ;;INF277K010T2;10.3758;;;13-Jan-2026
146069;TATA Ultra Short Term Fund-Direct Plan - Monthly Payout of Income Distribution cum capital withdrawal option ;INF277K012T8;;15.4264;;;13-Jan-2026
146067;TATA Ultra Short Term Fund-Direct Plan - Weekly Payout of Income Distribution cum capital withdrawal option ;INF277K014T4;;10.4023;;;13-Jan-2026
146075;Tata Ultra Short Term Fund-Direct Plan-Growth;INF277K011T0;;15.4093;;;13-Jan-2026
146072;TATA Ultra Short Term Fund-Regular Plan - Monthly Payout of Income Distribution cum capital withdrawal option ;INF277K017S9;;14.5984;;;13-Jan-2026
146071;TATA Ultra Short Term Fund-Regular Plan - Weekly Payout of Income Distribution cum capital withdrawal option ;INF277K019S5;;10.3758;;;13-Jan-2026
146070;Tata Ultra Short Term Fund-Regular Plan-Growth;INF277K016S1;;14.5949;;;13-Jan-2026

UTI Mutual Fund
139568;UTI Ultra Short Duration Fund - Direct Plan - Annual IDCW;INF789FA1Q42;INF789FA1Q59;1478.6353;;;13-Jan-2026
120744;UTI Ultra Short Duration Fund - Direct Plan - Daily IDCW (Reinvestment);INF789F01TG5;INF789F01TH3;1563.9012;;;13-Jan-2026
121892;UTI Ultra Short Duration Fund - Direct Plan - Flexi IDCW;INF789FB1KQ0;INF789FB1KR8;2280.7464;;;13-Jan-2026
131512;UTI Ultra Short Duration Fund - Direct Plan - Fortnightly IDCW;INF789FA1P68;INF789FA1P76;1323.1322;;;13-Jan-2026
120746;UTI Ultra Short Duration Fund - Direct Plan - Growth Option;INF789F01TI1;;4700.8705;;;13-Jan-2026
147128;UTI Ultra Short Duration Fund - Direct Plan - Half-Yearly IDCW;INF789FA1Q26;INF789FA1Q34;1490.488;;;13-Jan-2026
131444;UTI Ultra Short Duration Fund - Direct Plan - Monthly IDCW;INF789FA1P84;INF789FA1P92;1162.2981;;;13-Jan-2026
133059;UTI Ultra Short Duration Fund - Direct Plan - Quarterly IDCW;INF789FA1Q00;INF789FA1Q18;1951.8484;;;13-Jan-2026
120745;UTI Ultra Short Duration Fund - Direct Plan - Weekly IDCW (Reinvestment);INF789FB1S63;;1083.3777;;;13-Jan-2026
112083;UTI Ultra Short Duration Fund - Discontinued - INSTN GROWTH OPTION;INF789F01PM1;;3128.9924;;;13-Jan-2026
134484;UTI Ultra Short Duration Fund - Regular Plan - Annual IDCW;INF789FA1P43;INF789FA1P50;1428.9859;;;13-Jan-2026
109501;UTI Ultra Short Duration Fund - Regular Plan - Daily IDCW (Reinvestment);;INF789F01554;1046.5946;;;13-Jan-2026
121891;UTI Ultra Short Duration Fund - Regular Plan - Flexi IDCW;INF789FB1KS6;INF789FB1KT4;1685.7464;;;13-Jan-2026
131511;UTI Ultra Short Duration Fund - Regular Plan - Fortnightly IDCW;INF789FA1O69;INF789FA1O77;1319.0171;;;13-Jan-2026
102532;UTI Ultra Short Duration Fund - Regular Plan - Growth Option;INF789F01570;;4366.8375;;;13-Jan-2026
134799;UTI Ultra Short Duration Fund - Regular Plan - Half-Yearly IDCW;INF789FA1P27;INF789FA1P35;1000.7378;;;13-Jan-2026
131445;UTI Ultra Short Duration Fund - Regular Plan - Monthly IDCW;INF789FA1O85;INF789FA1O93;1112.1121;;;13-Jan-2026
133873;UTI Ultra Short Duration Fund - Regular Plan - Quarterly IDCW;INF789FA1P01;INF789FA1P19;1271.6518;;;13-Jan-2026
102531;UTI Ultra Short Duration Fund - Regular Plan - Weekly IDCW (Reinvestment);;INF789F01562;1381.9641;;;13-Jan-2026

WhiteOak Capital Mutual Fund
147316;WhiteOak Capital Ultra Short Duration Fund- Direct plan-Daily Reinvestment of Income Distribution cum capital withdrawal option (IDCW);;INF03VN01175;1004.7614;;;13-Jan-2026
147315;WhiteOak Capital Ultra Short Duration Fund- Direct plan-Fortnightly Payout/ Reinvestment of Income Distribution cum capital withdrawal option (IDCW);INF03VN01183;INF03VN01191;1004.6957;;;13-Jan-2026
147311;WhiteOak Capital Ultra Short Duration Fund- Direct plan-Growth Option;INF03VN01209;;1453.2860;;;13-Jan-2026
147312;WhiteOak Capital Ultra Short Duration Fund- Direct plan-Monthly Payout/ Reinvestment of Income Distribution cum capital withdrawal option (IDCW);INF03VN01217;INF03VN01225;1009.1554;;;13-Jan-2026
147313;WhiteOak Capital Ultra Short Duration Fund- Direct plan-Weekly Payout/ Reinvestment of Income Distribution cum capital withdrawal option (IDCW);INF03VN01233;INF03VN01241;1004.8214;;;13-Jan-2026
147308;WhiteOak Capital Ultra Short Duration Fund- Regular plan-Daily Reinvestment of Income Distribution cum capital withdrawal option (IDCW);;INF03VN01258;1004.7076;;;13-Jan-2026
147309;WhiteOak Capital Ultra Short Duration Fund- Regular plan-Fortnightly Payout/ Reinvestment of Income Distribution cum capital withdrawal option (IDCW);INF03VN01266;INF03VN01274;1004.6805;;;13-Jan-2026
147307;WhiteOak Capital Ultra Short Duration Fund- Regular plan-Growth Option;INF03VN01282;;1399.8561;;;13-Jan-2026
147314;WhiteOak Capital Ultra Short Duration Fund- Regular plan-Monthly Payout/ Reinvestment of Income Distribution cum capital withdrawal option (IDCW);INF03VN01290;INF03VN01308;1007.6396;;;13-Jan-2026
147310;WhiteOak Capital Ultra Short Duration Fund- Regular plan-Weekly Payout/ Reinvestment of Income Distribution cum capital withdrawal option (IDCW);INF03VN01316;INF03VN01324;1006.1317;;;13-Jan-2026

Open Ended Schemes ( Debt Scheme - Low Duration Fund )


Aditya Birla Sun Life Mutual Fund
119523;Aditya Birla Sun Life Low duration Fund - Growth - Direct Plan;INF209K01XU7;;752.7744;;;13-Jan-2026
103192;Aditya Birla Sun Life Low Duration Fund - Growth Plan;INF209K01LQ0;;676.625;;;13-Jan-2026
103195;Aditya Birla Sun Life Low Duration Fund - Institutional Plan - Growth;INF209K01KE8;;474.4285;;;13-Jan-2026
119524;Aditya Birla Sun Life Low Duration Fund -Direct - daily IDCW;INF209K01XW3;;100.7307;;;13-Jan-2026
119522;Aditya Birla Sun Life Low Duration Fund -Direct - weekly IDCW;;INF209K01XV5;101.0093;;;13-Jan-2026
103191;Aditya Birla Sun Life Low Duration Fund -INSTITUTIONAL - DAILY IDCW;;INF209K01KD0;100.717;;;13-Jan-2026
113307;Aditya Birla Sun Life Low Duration Fund -Regular - DAILY IDCW;;INF209KA1LP6;100.6967;;;13-Jan-2026
103193;Aditya Birla Sun Life Low Duration Fund -REGULAR - WEEKLY IDCW;;INF209KA1LQ4;100.962;;;13-Jan-2026

Axis Mutual Fund
120515;Axis Treasury Advantage Fund - Direct Plan - Daily IDCW;;INF846K01EQ4;1012.1469;;;13-Jan-2026
120513;Axis Treasury Advantage Fund - Direct Plan - Growth Option;INF846K01EN1;;3357.9559;;;13-Jan-2026
120516;Axis Treasury Advantage Fund - Direct Plan - Monthly IDCW;INF846K01EO9;INF846K01EP6;1011.4344;;;13-Jan-2026
120514;Axis Treasury Advantage Fund - Direct Plan - Weekly IDCW;INF846K01ER2;INF846K01ES0;1011.3079;;;13-Jan-2026
112215;Axis Treasury Advantage Fund - Regular Plan - Daily IDCW;;INF846K01545;1012.9115;;;13-Jan-2026
112214;Axis Treasury Advantage Fund - Regular Plan - Growth Option;INF846K01537;;3197.6780;;;13-Jan-2026
112217;Axis Treasury Advantage Fund - Regular Plan - Monthly IDCW;INF846K01578;INF846K01586;1011.2714;;;13-Jan-2026
112216;Axis Treasury Advantage Fund - Regular Plan - Weekly IDCW;INF846K01552;INF846K01560;1011.2972;;;13-Jan-2026
112720;Axis Treasury Advantage Fund - Retail Plan - Daily IDCW;;INF846K01487;1012.1368;;;13-Jan-2026
112717;Axis Treasury Advantage Fund - Retail Plan - Growth Option;INF846K01479;;2998.0013;;;13-Jan-2026
112718;Axis Treasury Advantage Fund - Retail Plan - Monthly IDCW;INF846K01511;INF846K01529;1011.2741;;;13-Jan-2026
112719;Axis Treasury Advantage Fund - Retail Plan - Weekly IDCW;INF846K01495;INF846K01503;1011.2963;;;13-Jan-2026

Bandhan Mutual Fund
108633;BANDHAN Low Duration Fund - Regular Plan - Daily IDCW;INF194K01FW4;INF194K01FV6;10.0987;;;13-Jan-2026
108632;BANDHAN Low Duration Fund - Regular Plan - Growth;INF194K01FU8;;39.7747;;;13-Jan-2026
108635;BANDHAN Low Duration Fund - Regular Plan - Monthly IDCW;INF194K01FZ7;INF194K01FY0;10.1118;;;13-Jan-2026
116020;BANDHAN Low Duration Fund - Regular Plan - Periodic IDCW;INF194K01I29;INF194K01I37;13.2069;;;13-Jan-2026
116413;BANDHAN Low Duration Fund - Regular Plan - Quarterly IDCW;INF194K01UR3;INF194K01US1;11.1222;;;13-Jan-2026
108634;BANDHAN Low Duration Fund - Regular Plan - Weekly IDCW;INF194K01GC4;INF194K01GB6;10.1098;;;13-Jan-2026
118368;BANDHAN Low Duration Fund-Direct Plan-Daily IDCW;;INF194K01J85;10.1084;;;13-Jan-2026
118371;BANDHAN Low Duration Fund-Direct Plan-Growth;INF194K01J77;;40.8091;;;13-Jan-2026
118372;BANDHAN Low Duration Fund-Direct Plan-Monthly IDCW;INF194K01K17;INF194K01K09;10.1263;;;13-Jan-2026
118370;BANDHAN Low Duration Fund-Direct Plan-Periodic IDCW;INF194K01K82;INF194K01K90;13.3685;;;13-Jan-2026
118369;BANDHAN Low Duration Fund-Direct Plan-Quarterly IDCW;INF194K01K58;INF194K01K66;11.0621;;;13-Jan-2026
118373;BANDHAN Low Duration Fund-Direct Plan-Weekly IDCW;;INF194K01K33;10.0987;;;13-Jan-2026

Baroda BNP Paribas Mutual Fund
150168;BARODA BNP PARIBAS LOW DURATION Fund - Direct Plan - Daily IDCW Option;;INF251K01GK5;10.0931;;;13-Jan-2026
150169;BARODA BNP PARIBAS LOW DURATION Fund - Direct Plan - Growth Option;INF251K01GJ7;;45.3801;;;13-Jan-2026
150170;BARODA BNP PARIBAS LOW DURATION Fund - Direct Plan - Monthly IDCW Option;INF251K01GN9;INF251K01GO7;10.3996;;;13-Jan-2026
150171;BARODA BNP PARIBAS LOW DURATION Fund - Direct Plan - Weekly IDCW Option;INF251K01GL3;INF251K01GM1;10.0099;;;13-Jan-2026
150164;BARODA BNP PARIBAS LOW DURATION FUND - Regular Plan - DAILY IDCW OPTION;;INF251K01DR7;10.0562;;;13-Jan-2026
150165;BARODA BNP PARIBAS LOW DURATION FUND - Regular Plan - GROWTH OPTION;INF251K01DQ9;;41.2756;;;13-Jan-2026
150167;BARODA BNP PARIBAS LOW DURATION FUND - Regular Plan - MONTHLY IDCW OPTION;INF251K01DU1;INF251K01DV9;10.2855;;;13-Jan-2026
150166;BARODA BNP PARIBAS LOW DURATION FUND - Regular Plan - WEEKLY IDCW OPTION;INF251K01DS5;INF251K01DT3;10.0084;;;13-Jan-2026
150163;BARODA BNP PARIBAS LOW DURATION Fund-Defunct Plan- Daily IDCW Option;;INF251K01DM8;10.0457;;;13-Jan-2026
150160;BARODA BNP PARIBAS LOW DURATION Fund-Defunct Plan-Growth Option;INF251K01DL0;;41.3473;;;13-Jan-2026
150162;BARODA BNP PARIBAS LOW DURATION Fund-Defunct Plan-Monthly IDCW Option;INF251K01DO4;INF251K01DP1;10.5078;;;13-Jan-2026
150161;BARODA BNP PARIBAS LOW DURATION Fund-Defunct Plan-Weekly IDCW Option;;INF251K01DN6;10.0084;;;13-Jan-2026

Canara Robeco Mutual Fund
118293;CANARA ROBECO SAVINGS FUND - DIRECT PLAN - DAILY IDCW (Reinvestment);;INF760K01EM6;10.2557;;;13-Jan-2026
118291;CANARA ROBECO SAVINGS FUND - DIRECT PLAN - GROWTH OPTION;INF760K01ET1;;44.7470;;;13-Jan-2026
118292;CANARA ROBECO SAVINGS FUND - DIRECT PLAN - IDCW (Payout/Reinvestment);INF760K01EP9;INF760K01EQ7;39.9770;;;13-Jan-2026
118295;CANARA ROBECO SAVINGS FUND - DIRECT PLAN - MONTHLY IDCW (Payout/Reinvestment);INF760K01EN4;INF760K01EO2;10.2639;;;13-Jan-2026
118294;CANARA ROBECO SAVINGS FUND - DIRECT PLAN - WEEKLY IDCW (Payout/Reinvestment);INF760K01ER5;INF760K01ES3;10.2605;;;13-Jan-2026
104559;CANARA ROBECO SAVINGS FUND - REGULAR PLAN - DAILY IDCW (Reinvestment);;INF760K01803;10.2557;;;13-Jan-2026
102913;CANARA ROBECO SAVINGS FUND - REGULAR PLAN - GROWTH OPTION;INF760K01795;;43.4763;;;13-Jan-2026
102914;CANARA ROBECO SAVINGS FUND - REGULAR PLAN - IDCW (Payout/Reinvestment);INF760K01779;INF760K01787;38.9456;;;13-Jan-2026
113144;CANARA ROBECO SAVINGS FUND - REGULAR PLAN - MONTHLY IDCW (Payout/Reinvestment);INF760K01AM4;INF760K01AN2;10.2629;;;13-Jan-2026
102915;CANARA ROBECO SAVINGS FUND - REGULAR PLAN - WEEKLY IDCW (Payout/Reinvestment);INF760K01CB3;INF760K01811;10.2600;;;13-Jan-2026

DSP Mutual Fund
133925;DSP Low Duration Fund - Direct Plan - Growth;INF740K013Q1;;21.1428;;;13-Jan-2026
133922;DSP Low Duration Fund - Direct Plan - IDCW - Daily;;INF740KA1OL5;10.123;;;13-Jan-2026
133928;DSP Low Duration Fund - Direct Plan - IDCW - Monthly;INF740K014Q9;INF740K015Q6;11.8009;;;13-Jan-2026
133924;DSP Low Duration Fund - Direct Plan - IDCW - Quarterly;INF740K016Q4;INF740K017Q2;10.8612;;;13-Jan-2026
133923;DSP Low Duration Fund - Direct Plan - IDCW - Weekly;INF740KA1OM3;INF740KA1ON1;10.1275;;;13-Jan-2026
133926;DSP Low Duration Fund - Regular Plan - Growth;INF740K018P2;;20.4385;;;13-Jan-2026
133919;DSP Low Duration Fund - Regular Plan - IDCW - Daily;;INF740KA1OO9;10.1775;;;13-Jan-2026
133920;DSP Low Duration Fund - Regular Plan - IDCW - Monthly;INF740K019P0;INF740K010Q7;10.6522;;;13-Jan-2026
133921;DSP Low Duration Fund - Regular Plan - IDCW - Quarterly;INF740K011Q5;INF740K012Q3;10.8266;;;13-Jan-2026
133927;DSP Low Duration Fund - Regular Plan - IDCW - Weekly;INF740KA1OP6;INF740KA1OQ4;10.1264;;;13-Jan-2026

Edelweiss Mutual Fund
153416;Edelweiss Low Duration Fund - Direct Plan Growth;INF754K01UP8;;1060.0738;;;13-Jan-2026
153418;Edelweiss Low Duration Fund - Direct Plan IDCW Payout;INF754K01UQ6;INF754K01UR4;1060.0607;;;13-Jan-2026
153419;Edelweiss Low Duration Fund - Regular Plan Growth;INF754K01UT0;;1052.6927;;;13-Jan-2026
153417;Edelweiss Low Duration Fund - Regular Plan IDCW Payout;INF754K01UU8;INF754K01UV6;1052.6919;;;13-Jan-2026

Franklin Templeton Mutual Fund
153368;Franklin India Low Duration Fund-Direct-Growth;INF090I01YE7;;10.6754;;;13-Jan-2026
153369;Franklin India Low Duration Fund-Direct-IDCW;INF090I01YG2;INF090I01YF4;10.4633;;;13-Jan-2026
153371;Franklin India Low Duration Fund-Growth;INF090I01YB3;;10.6226;;;13-Jan-2026
153370;Franklin India Low Duration Fund-IDCW;INF090I01YD9;INF090I01YC1;10.4208;;;13-Jan-2026

HDFC Mutual Fund
105548;HDFC Low Duration  Fund - Daily IDCW;;INF179K01434;10.1385;;;13-Jan-2026
118945;HDFC Low Duration  Fund - Direct Plan - Daily IDCW;;INF179KC1IR2;10.0614;;;13-Jan-2026
118942;HDFC Low Duration  Fund - Direct Plan - Growth;INF179K01VF7;;64.7776;;;13-Jan-2026
118943;HDFC Low Duration  Fund - Direct Plan - Monthly IDCW;INF179K01VG5;INF179K01VH3;10.1521;;;13-Jan-2026
118944;HDFC Low Duration  Fund - Direct Plan - Weekly IDCW;INF179KC1IS0;INF179KC1IT8;10.0559;;;13-Jan-2026
102452;HDFC Low Duration  Fund - Growth;INF179K01442;;59.5396;;;13-Jan-2026
105543;HDFC Low Duration  Fund - Monthly IDCW;INF179K01459;INF179K01467;10.1471;;;13-Jan-2026
102453;HDFC Low Duration  Fund - Weekly IDCW;INF179K01475;INF179K01483;10.0557;;;13-Jan-2026

HSBC Mutual Fund
151118;HSBC Low Duration Fund - Direct Annual IDCW;INF917K01VV7;INF917K01VU9;11.086;;;13-Jan-2026
151117;HSBC Low Duration Fund - Direct Growth;INF917K01GM7;;31.2985;;;13-Jan-2026
151116;HSBC Low Duration Fund - Direct Monthly IDCW;INF917K01E60;INF917K01GK1;11.068;;;13-Jan-2026
151119;HSBC Low Duration Fund - Regular Annual IDCW;INF917K01VX3;INF917K01VW5;10.8609;;;13-Jan-2026
151114;HSBC Low Duration Fund - Regular Growth;INF677K01452;;29.57;;;13-Jan-2026
151115;HSBC Low Duration Fund - Regular Monthly IDCW;INF677K01460;INF677K01478;10.3543;;;13-Jan-2026

ICICI Prudential Mutual Fund
101618;ICICI Prudential Savings Fund - Daily IDCW;INF109K01738;;105.7035;;;13-Jan-2026
120397;ICICI Prudential Savings Fund - Direct Plan - Daily IDCW;;INF109K01O66;105.7039;;;13-Jan-2026
122904;ICICI Prudential Savings Fund - Direct Plan - Fortnightly IDCW;INF109K016Y3;INF109K015Y5;101.7827;;;13-Jan-2026
120398;ICICI Prudential Savings Fund - Direct Plan - Growth;INF109K01O82;;570.9020;;;13-Jan-2026
120399;ICICI Prudential Savings Fund - Direct Plan - IDCW Others;INF109K01O90;INF109K01O74;191.5578;;;13-Jan-2026
122651;ICICI Prudential Savings Fund - Direct Plan - Monthly IDCW;INF109K018Y9;INF109K017Y1;101.7255;;;13-Jan-2026
122982;ICICI Prudential Savings Fund - Direct Plan - Quarterly IDCW;INF109K010Z3;INF109K019Y7;109.8019;;;13-Jan-2026
120396;ICICI Prudential Savings Fund - Direct Plan - Weekly IDCW;INF109K01P08;INF109K01P16;105.4474;;;13-Jan-2026
122748;ICICI Prudential Savings Fund - Fortnightly IDCW;INF109K012Z9;INF109K011Z1;101.7775;;;13-Jan-2026
101619;ICICI Prudential Savings Fund - Growth;INF109K01746;;562.8485;;;13-Jan-2026
115511;ICICI Prudential Savings Fund - IDCW Others;INF109K01WO4;INF109K01WN6;188.6578;;;13-Jan-2026
122531;ICICI Prudential Savings Fund - Monthly IDCW;INF109K014Z5;INF109K013Z7;101.7206;;;13-Jan-2026
122995;ICICI Prudential Savings Fund - Quarterly IDCW;INF109K016Z0;INF109K015Z2;109.5246;;;13-Jan-2026
101617;ICICI Prudential Savings Fund - Weekly IDCW;INF109K01JO1;INF109K01753;105.4006;;;13-Jan-2026

Invesco Mutual Fund
105025;Invesco India Low Duration Fund - Daily IDCW (Reinvestment);;INF205K01HZ7;1017.5961;;;13-Jan-2026
120567;Invesco India Low Duration Fund - Direct Plan - Discretionary IDCW (Payout / Reinvestment);INF205K01NW2;INF205K01NX0;4074.2941;;;13-Jan-2026
120570;Invesco India Low Duration Fund - Direct Plan - Growth;INF205K01NY8;;4072.461;;;13-Jan-2026
120571;Invesco India Low Duration Fund - Direct Plan - Monthly IDCW (Payout / Reinvestment);INF205K01NZ5;INF205K01OA6;1086.2139;;;13-Jan-2026
120568;Invesco India Low Duration Fund - Direct Plan - Weekly IDCW (Payout / Reinvestment);INF205K01OB4;INF205K01OC2;1205.4031;;;13-Jan-2026
120566;Invesco India Low Duration Fund - Direct Plan -Daily IDCW (Reinvestment);;INF205K01NV4;1018.6168;;;13-Jan-2026
115458;Invesco India Low Duration Fund - Discretionary IDCW (Payout / Reinvestment);INF205K01IG5;INF205K01IF7;3995.9442;;;13-Jan-2026
104726;Invesco India Low Duration Fund - Growth;INF205K01HY0;;3904.3665;;;13-Jan-2026
104729;Invesco India Low Duration Fund - Monthly IDCW (Payout / Reinvestment);INF205K01ID2;INF205K01IC4;1422.9279;;;13-Jan-2026
104728;Invesco India Low Duration Fund - Regular - Growth;INF205K01HT0;;3464.7753;;;13-Jan-2026
104723;Invesco India Low Duration Fund - Regular - Monthly IDCW (Reinvestment);;INF205K01HW4;1396.5236;;;13-Jan-2026
104722;Invesco India Low Duration Fund - Regular - Weekly IDCW (Reinvestment);;INF205K01HV6;1444.2892;;;13-Jan-2026
105024;Invesco India Low Duration Fund - Regular Daily IDCW (Reinvestment);;INF205K01HU8;1723.2769;;;13-Jan-2026
104725;Invesco India Low Duration Fund - Weekly IDCW (Payout / Reinvestment);INF205K01IB6;INF205K01IA8;1305.191;;;13-Jan-2026

JM Financial Mutual Fund
143610;JM Low Duration Fund (Direct) - Bonus Option - Principal Units;INF192K01FL1;;23.7048;;;13-Jan-2026
143604;JM Low Duration Fund (Direct) - Daily IDCW;;INF192K01DT9;10.8458;;;13-Jan-2026
143606;JM Low Duration Fund (Direct) - Fortnightly IDCW;;INF192K01DV5;11.12;;;13-Jan-2026
143612;JM Low Duration Fund (Direct) - Growth;INF192K01DW3;;39.3704;;;13-Jan-2026
143611;JM Low Duration Fund (Direct) - Weekly IDCW;;INF192K01DU7;11.45;;;13-Jan-2026
143603;JM Low Duration Fund (Regular) - Daily IDCW;;INF192K01AV1;10.8156;;;13-Jan-2026
143605;JM Low Duration Fund (Regular) - Fortnightly IDCW ;;INF192K01AX7;11.08;;;13-Jan-2026
143607;JM Low Duration Fund (Regular) - Growth Option;INF192K01AY5;;38.2258;;;13-Jan-2026
143608;JM Low Duration Fund (Regular) - Weekly IDCW;;INF192K01AW9;11.41;;;13-Jan-2026
143609;JM Low Duration Fund - Bonus Option - Principal Units;INF192K01FJ5;;23.0301;;;13-Jan-2026

Kotak Mahindra Mutual Fund
133812;Kotak Low Duration Fund - Direct Plan- Standard Income Distribution cum capital withdrawal option;INF178L01AZ9;INF178L01AY2;1603.0472;;;13-Jan-2026
133810;Kotak Low Duration Fund- Direct Plan- Growth Option;INF178L01AX4;;3772.0768;;;13-Jan-2026
133805;Kotak Low Duration Fund- Regular Plan-Growth Option;INF178L01202;;3444.6773;;;13-Jan-2026
133809;Kotak Low Duration Fund- Regular Plan-Standard Income Distribution cum capital withdrawal option;INF178L01210;INF178L01228;1313.0148;;;13-Jan-2026

LIC Mutual Fund
120316;LIC MF Low Duration Fund-Direct Plan-Daily IDCW;INF767K01FL0;INF767K01FN6;10.0466;;;13-Jan-2026
120315;LIC MF Low Duration Fund-Direct Plan-Growth;INF767K01FM8;;44.3266;;;13-Jan-2026
120317;LIC MF Low Duration Fund-Direct Plan-Monthly IDCW;INF767K01FP1;INF767K01FO4;23.1493;;;13-Jan-2026
120318;LIC MF Low Duration Fund-Direct Plan-Weekly IDCW;INF767K01JJ6;INF767K01JK4;15.4403;;;13-Jan-2026
111676;LIC MF Low Duration Fund-Regular Plan-Daily IDCW;INF767K01AK3;INF767K01AL1;10.7496;;;13-Jan-2026
101830;LIC MF Low Duration Fund-Regular Plan-Growth;INF767K01AO5;;40.7231;;;13-Jan-2026
101829;LIC MF Low Duration Fund-Regular Plan-Monthly IDCW;INF767K01AM9;INF767K01AN7;14.0423;;;13-Jan-2026
111675;LIC MF Low Duration Fund-Regular Plan-Weekly IDCW;INF767K01AP2;INF767K01AQ0;13.965;;;13-Jan-2026

Mahindra Manulife Mutual Fund
140617;Mahindra Manulife Low Duration Fund - Direct Plan - Daily IDCW;;INF174V01275;1220.7344;;;13-Jan-2026
140619;Mahindra Manulife Low Duration Fund - Direct Plan - Monthly IDCW;INF174V01309;INF174V01291;1133.6857;;;13-Jan-2026
140618;Mahindra Manulife Low Duration Fund - Direct Plan - Weekly IDCW;;INF174V01283;1030.0157;;;13-Jan-2026
140613;Mahindra Manulife Low Duration Fund - Direct Plan -Growth;INF174V01267;;1814.0516;;;13-Jan-2026
140614;Mahindra Manulife Low Duration Fund - Regular Plan - Daily IDCW;;INF174V01226;1006.5562;;;13-Jan-2026
140620;Mahindra Manulife Low Duration Fund - Regular Plan - Growth;INF174V01218;;1684.0325;;;13-Jan-2026
140616;Mahindra Manulife Low Duration Fund - Regular Plan - Monthly IDCW;INF174V01259;INF174V01242;1113.8824;;;13-Jan-2026
140615;Mahindra Manulife Low Duration Fund - Regular Plan - Weekly IDCW;;INF174V01234;1052.3541;;;13-Jan-2026

Mirae Asset Mutual Fund
118843;Mirae Asset Low Duration Fund - Direct Plan - Daily IDCW;;INF769K01BR2;1208.5751;;;13-Jan-2026
118840;Mirae Asset Low Duration Fund - Direct Plan - Growth;INF769K01BO9;;2543.9410;;;13-Jan-2026
118841;Mirae Asset Low Duration Fund - Direct Plan - Monthly IDCW;INF769K01BP6;INF769K01BT8;1162.0338;;;13-Jan-2026
118842;Mirae Asset Low Duration Fund - Direct Plan - Quarterly IDCW;INF769K01BQ4;INF769K01BU6;1015.0874;;;13-Jan-2026
118844;Mirae Asset Low Duration Fund - Direct Plan - Weekly IDCW;;INF769K01BS0;1454.8470;;;13-Jan-2026
107700;Mirae Asset Low Duration Fund - Regular Plan - Daily IDCW;;INF769K01986;1004.8468;;;13-Jan-2026
107705;Mirae Asset Low Duration Fund - Regular Plan - Growth;INF769K01937;;2328.7637;;;13-Jan-2026
107704;Mirae Asset Low Duration Fund - Regular Plan - Monthly IDCW;INF769K01960;INF769K01AA0;1089.0312;;;13-Jan-2026
107702;Mirae Asset Low Duration Fund - Regular Plan - Quarterly IDCW;INF769K01978;INF769K01AB8;1013.4812;;;13-Jan-2026
107701;Mirae Asset Low Duration Fund - Regular Plan - Weekly IDCW;;INF769K01994;1106.8646;;;13-Jan-2026

Nippon India Mutual Fund
111747;NIPPON INDIA LOW DURATION FUND - DAILY IDCW Option;;INF204K01EX2;1012.4953;;;13-Jan-2026
118703;NIPPON INDIA LOW DURATION FUND - DIRECT Plan - DAILY IDCW Option;;INF204K01ZV1;1012.5854;;;13-Jan-2026
125264;NIPPON INDIA LOW DURATION FUND - DIRECT Plan - IDCW Option;INF204KA1EK7;INF204KA1EL5;2173.4176;;;13-Jan-2026
118704;NIPPON INDIA LOW DURATION FUND - DIRECT Plan - MONTHLY IDCW Option;INF204K01ZX7;INF204K01ZY5;1041.5605;;;13-Jan-2026
118705;NIPPON INDIA LOW DURATION FUND - DIRECT Plan - QUARTERLY IDCW Option;INF204K01ZZ2;INF204K01A09;1021.9113;;;13-Jan-2026
118706;NIPPON INDIA LOW DURATION FUND - DIRECT Plan - WEEKLY IDCW Option;INF204K01A17;;1012.4873;;;13-Jan-2026
118702;Nippon India Low Duration Fund - Direct Plan Growth Plan - Bonus Option;INF204K01G03;;2387.1303;;;13-Jan-2026
118709;Nippon India Low Duration Fund - Direct Plan Growth Plan - Growth Option;INF204K01ZU3;;4109.3932;;;13-Jan-2026
125265;NIPPON INDIA LOW DURATION FUND - IDCW Option;INF204KA1EI1;INF204KA1EJ9;2053.5803;;;13-Jan-2026
111749;NIPPON INDIA LOW DURATION FUND - MONTHLY IDCW Option;INF204K01EZ7;INF204K01FA7;1033.3354;;;13-Jan-2026
111750;NIPPON INDIA LOW DURATION FUND - QUARTERLY IDCW Option;INF204K01FB5;INF204K01FC3;1021.3575;;;13-Jan-2026
111744;NIPPON INDIA LOW DURATION FUND - RETAIL Plan - DAILY IDCW Option;;INF204K01EP8;1012.4946;;;13-Jan-2026
111748;Nippon India Low Duration Fund - Retail Plan - Growth Plan - Growth Option;INF204K01EN3;;3665.6069;;;13-Jan-2026
111743;Nippon India Low Duration Fund - Retail Plan - Growth Plan -Bonus Option;INF204K01EO1;;2731.3976;;;13-Jan-2026
111751;NIPPON INDIA LOW DURATION FUND - RETAIL Plan - MONTHLY IDCW Option;INF204K01ER4;INF204K01ES2;1035.0551;;;13-Jan-2026
111752;NIPPON INDIA LOW DURATION FUND - RETAIL Plan - QUARTERLY IDCW Option;INF204K01ET0;INF204K01EU8;1021.3083;;;13-Jan-2026
111745;NIPPON INDIA LOW DURATION FUND - RETAIL Plan - WEEKLY IDCW Option;INF204K01OP7;INF204K01EQ6;1012.5408;;;13-Jan-2026
111754;NIPPON INDIA LOW DURATION FUND - WEEKLY IDCW Option;INF204K01OO0;INF204K01EY0;1012.3576;;;13-Jan-2026
111746;Nippon India Low Duration Fund -Growth Plan -Bonus Option;INF204K01EW4;;2243.0797;;;13-Jan-2026
111753;Nippon India Low Duration Fund- Growth Plan - Growth Option;INF204K01EV6;;3863.2880;;;13-Jan-2026

SBI Mutual Fund
119810;SBI Low Duration Fund - Direct Plan - Daily Income Distribution cum Capital Withdrawal Option (IDCW);;INF200K01VJ3;1447.5257;;;13-Jan-2026
119811;SBI Low Duration Fund - Direct Plan - Fortnightly Income Distribution cum Capital Withdrawal Option (IDCW);INF200K01VK1;INF200K01VL9;1472.8317;;;13-Jan-2026
119812;SBI LOW DURATION FUND - DIRECT PLAN - GROWTH;INF200K01VM7;;3755.0429;;;13-Jan-2026
119818;SBI Low Duration Fund - Direct Plan - Monthly Income Distribution cum Capital Withdrawal Option (IDCW);INF200K01VN5;INF200K01VO3;1668.6297;;;13-Jan-2026
119819;SBI Low Duration Fund - Direct Plan - Weekly Income Distribution cum Capital Withdrawal Option (IDCW);INF200K01VP0;INF200K01VQ8;1449.6435;;;13-Jan-2026
106213;SBI Low Duration Fund - Regular Plan - Daily Income Distribution cum Capital Withdrawal Option (IDCW);;INF200K01ML8;1402.3507;;;13-Jan-2026
106215;SBI Low Duration Fund - Regular Plan - Fornightly Income Distribution cum Capital Withdrawal Option (IDCW);INF200K01MM6;INF200K01MN4;1426.8982;;;13-Jan-2026
106212;SBI LOW DURATION FUND - REGULAR PLAN - GROWTH;INF200K01MO2;;3600.2614;;;13-Jan-2026
106216;SBI Low Duration Fund - Regular Plan - Monthly Income Distribution cum Capital Withdrawal Option (IDCW);INF200K01MP9;INF200K01MQ7;1579.0263;;;13-Jan-2026
106214;SBI Low Duration Fund - Regular Plan - Weekly Income Distribution cum Capital Withdrawal Option (IDCW);INF200K01MR5;INF200K01MS3;1402.3397;;;13-Jan-2026
106221;SBI Short Horizon Debt Fund - Ultra Short Term Fund - Institutional Plan - Daily Income Distribution cum Capital Withdrawal Option (IDCW);;INF200K01MD5;1402.6824;;;13-Jan-2026
106217;SBI Short Horizon Debt Fund - Ultra Short Term Fund - Institutional Plan - Growth;INF200K01MG8;;3663.7530;;;13-Jan-2026
106222;SBI Short Horizon Debt Fund - Ultra Short Term Fund- Institutional Plan - Weekly Income Distribution cum Capital Withdrawal Option (IDCW);INF200K01MJ2;INF200K01MK0;1399.2004;;;13-Jan-2026

Sundaram Mutual Fund
149526;Sundaram Low Duration Fund (Formerly Known as Principal Low Duration Fund) - Direct Plan - Growth Option;INF173K01FS6;;3834.0205;;;13-Jan-2026
149525;Sundaram Low Duration Fund (Formerly Known as Principal Low Duration Fund) - Direct Plan - Income Distribution CUM Capital Withdrawal Option (IDCW);INF173K01FT4;INF173K01FU2;1121.6276;;;13-Jan-2026
149519;Sundaram Low Duration Fund (Formerly Known as Principal Low Duration Fund)- Growth Option;INF173K01DG6;;3561.2646;;;13-Jan-2026
149521;Sundaram Low Duration Fund (Formerly Known as Principal Low Duration Fund)- Income Distribution CUM Capital Withdrawal Option (IDCW);INF173K01DJ0;INF173K01DK8;1103.9028;;;13-Jan-2026

Tata Mutual Fund
119863;Tata Treasury Advantage Fund - Direct Plan - Growth Option;INF277K01OK4;;4176.4251;;;13-Jan-2026
103159;Tata Treasury Advantage Fund - Regular Plan - Growth Option;INF277K01MA9;;4053.8946;;;13-Jan-2026
119864;Tata Treasury Advantage Fund Direct Plan - Daily Reinvestment of IDCW Option;;INF277K018B3;1003.3324;;;13-Jan-2026
119957;Tata Treasury Advantage Fund Direct Plan - Periodic Payout of IDCW Option;INF277K01OL2;INF277K01OM0;2649.0569;;;13-Jan-2026
119865;Tata Treasury Advantage Fund Direct Plan - Weekly Payout of IDCW Option;INF277K019B1;INF277K010C8;1008.0658;;;13-Jan-2026
103160;Tata Treasury Advantage Fund Regular Plan - Daily Reinvestment of IDCW Option;;INF277K01LZ8;1003.3102;;;13-Jan-2026
115464;Tata Treasury Advantage Fund Regular Plan - Periodic Payout of IDCW Option;INF277K01MC5;INF277K01ME1;2569.4768;;;13-Jan-2026
103158;Tata Treasury Advantage Fund Regular Plan - Weekly Payout of IDCW Option;INF277K01MD3;INF277K01MB7;1008.0658;;;13-Jan-2026

Union Mutual Fund
153654;Union Low Duration Fund - Direct Plan - Growth Option;INF582M01LQ6;;10.2818;;;13-Jan-2026
153655;Union Low Duration Fund - Direct Plan - IDCW Option;INF582M01LR4;INF582M01LS2;10.2818;;;13-Jan-2026
153652;Union Low Duration Fund - Regular Plan - Growth Option;INF582M01LU8;;10.2424;;;13-Jan-2026
153653;Union Low Duration Fund - Regular Plan - IDCW Option;INF582M01LN3;INF582M01LO1;10.2424;;;13-Jan-2026

UTI Mutual Fund
141958;UTI Low Duration Fund - Direct Plan - Annual IDCW;INF789F01XF9;INF789F01XG7;1379.7434;;;13-Jan-2026
120737;UTI Low Duration Fund - Direct Plan - Daily IDCW (Reinvestment);;INF789F01XE2;1423.0888;;;13-Jan-2026
133127;UTI Low Duration Fund - Direct Plan - Flexi IDCW;INF789FA1O44;INF789FA1O51;1582.2898;;;13-Jan-2026
135191;UTI Low Duration Fund - Direct Plan - Fortnightly IDCW;INF789FA1O02;INF789FA1O10;1337.5767;;;13-Jan-2026
120735;UTI Low Duration Fund - Direct Plan - Growth Option;INF789F01XI3;;3727.3599;;;13-Jan-2026
133469;UTI Low Duration Fund - Direct Plan - Half-Yearly IDCW;INF789FA1O28;INF789FA1O36;1442.1486;;;13-Jan-2026
120736;UTI Low Duration Fund - Direct Plan - Monthly IDCW;INF789F01XJ1;INF789F01XK9;1455.2674;;;13-Jan-2026
120734;UTI Low Duration Fund - Direct Plan - Quarterly IDCW;INF789F01XL7;INF789F01XM5;1998.4982;;;13-Jan-2026
120739;UTI Low Duration Fund - Direct Plan - Weekly IDCW;INF789F01XN3;INF789F01XO1;1021.4557;;;13-Jan-2026
102538;UTI Low Duration Fund - Discontinued - Annaul Dividend Option;INF789F01OK8;INF789F01OL6;3485.2019;;;13-Jan-2026
105578;UTI Low Duration Fund - Discontinued - Periodic Dividend Plan;;INF789F01349;1070.0648;;;13-Jan-2026
102541;UTI Low Duration Fund - Discontinued - Quarterly Dividend Option;INF789F01OO0;INF789F01OP7;2293.4617;;;13-Jan-2026
102539;UTI Low Duration Fund - Discontinued Bonus Option;INF789F01OM4;;4323.6901;;;13-Jan-2026
105659;UTI Low Duration Fund - Discontinued Flexi Dividend Plan;INF789F01PA6;;1084.9399;;;13-Jan-2026
102540;UTI Low Duration Fund - Discontinued Growth Option;INF789F01331;;6486.2706;;;13-Jan-2026
105670;UTI Low Duration Fund - Discontinued Monthly Dividend Option;INF789F01OY9;INF789F01OZ6;1020.0255;;;13-Jan-2026
102545;UTI Low Duration Fund - Regular Plan - Bonus Option;INF789F01OS1;;3065.1267;;;13-Jan-2026
105605;UTI Low Duration Fund - Regular Plan - Daily IDCW (Reinvestment);;INF789F01ON2;1413.4773;;;13-Jan-2026
133130;UTI Low Duration Fund - Regular Plan - Flexi IDCW;INF789FA1N86;INF789FA1N94;1394.8538;;;13-Jan-2026
133733;UTI Low Duration Fund - Regular Plan - Fortnightly IDCW;INF789FA1N45;INF789FA1N52;1328.9185;;;13-Jan-2026
102544;UTI Low Duration Fund - Regular Plan - Growth Option;INF789F01OT9;;3667.3529;;;13-Jan-2026
136345;UTI Low Duration Fund - Regular Plan - Half-Yearly IDCW;INF789FA1N60;INF789FA1N78;1447.685;;;13-Jan-2026
105658;UTI Low Duration Fund - Regular Plan - Monthly IDCW;INF789F01OU7;INF789F01OV5;1441.7763;;;13-Jan-2026
115483;UTI Low Duration Fund - Regular Plan - Quarterly IDCW;INF789F01OW3;INF789F01OX1;1407.2569;;;13-Jan-2026
105627;UTI Low Duration Fund - Regular Plan - Weekly IDCW;INF789F01PB4;INF789F01PC2;1417.0531;;;13-Jan-2026

Open Ended Schemes ( Debt Scheme - Money Market Fund )


Aditya Birla Sun Life Mutual Fund
101973;Aditya Birla Sun Life Money Manager Fund - Daily IDCW;;INF209K01SZ6;100.0032;;;13-Jan-2026
119513;Aditya Birla Sun Life Money Manager Fund - Direct - daily IDCW;;INF209K01UT5;100.0036;;;13-Jan-2026
119512;Aditya Birla Sun Life Money Manager Fund - Direct - weekly IDCW;INF209K01UV1;INF209KA1LM3;100.1121;;;13-Jan-2026
101976;Aditya Birla Sun Life Money Manager Fund - Growth;INF209K01RV7;;382.3616;;;13-Jan-2026
119511;Aditya Birla Sun Life Money Manager Fund - Growth - Direct Plan;INF209K01UU3;;387.6209;;;13-Jan-2026
101972;Aditya Birla Sun Life Money Manager Fund - Retail - Daily IDCW;;INF209K01JZ5;99.9989;;;13-Jan-2026
101970;Aditya Birla Sun Life Money Manager Fund - RETAIL - WEEKLY IDCW;;INF209K01JY8;103.7809;;;13-Jan-2026
101971;Aditya Birla Sun Life Money Manager Fund - Retail Growth;INF209K01MJ3;;471.2715;;;13-Jan-2026
101974;Aditya Birla Sun Life Money Manager Fund - WEEKLY IDCW;;INF209K01SY9;100.1105;;;13-Jan-2026

Axis Mutual Fund
147576;Axis Money Market Fund - Direct Plan - Annual IDCW;INF846K01Q96;INF846K01Q88;1305.5190;;;13-Jan-2026
147571;Axis Money Market Fund - Direct Plan - Daily IDCW;;INF846K01Q70;1005.5914;;;13-Jan-2026
147567;Axis Money Market Fund - Direct Plan - Growth Option;INF846K01Q62;;1494.6260;;;13-Jan-2026
147572;Axis Money Market Fund - Direct Plan - Monthly IDCW;INF846K01R12;INF846K01R04;1010.6644;;;13-Jan-2026
147573;Axis Money Market Fund - Direct Plan - Quarterly IDCW;INF846K01R38;INF846K01R20;1178.2263;;;13-Jan-2026
147575;Axis Money Market Fund - Regular Plan - Annual IDCW;INF846K01R79;INF846K01R61;1291.3405;;;13-Jan-2026
147577;Axis Money Market Fund - Regular Plan - Daily IDCW;;INF846K01R53;1005.5870;;;13-Jan-2026
147568;Axis Money Market Fund - Regular Plan - Growth Option;INF846K01R46;;1479.7274;;;13-Jan-2026
147578;Axis Money Market Fund - Regular Plan - Monthly IDCW;INF846K01R95;INF846K01R87;1007.7179;;;13-Jan-2026
147574;Axis Money Market Fund - Regular Plan - Quarterly IDCW;INF846K01S11;INF846K01S03;1163.9450;;;13-Jan-2026

Bajaj Finserv Mutual Fund
151889;Bajaj Finserv Money Market Fund-Direct Plan-Growth;INF0QA701334;;1200.9927;;;13-Jan-2026
151890;Bajaj Finserv Money Market Fund-Direct Plan-IDCW;INF0QA701391;INF0QA701375;1200.9927;;;13-Jan-2026
151894;Bajaj Finserv Money Market Fund-Direct Plan-Monthly-IDCW;INF0QA701433;INF0QA701425;1039.3511;;;13-Jan-2026
151893;Bajaj Finserv Money Market Fund-Regular Plan-Growth;INF0QA701441;;1183.5631;;;13-Jan-2026
151891;Bajaj Finserv Money Market Fund-Regular Plan-IDCW;INF0QA701466;INF0QA701458;1183.5631;;;13-Jan-2026
151892;Bajaj Finserv Money Market Fund-Regular Plan-Monthly-IDCW;INF0QA701482;INF0QA701474;1047.0997;;;13-Jan-2026

Bandhan Mutual Fund
131389;Bandhan Money Market Fund - Regular Plan - Periodic IDCW;INF194KA1TG5;INF194KA1TH3;13.6660;;;13-Jan-2026
108701;Bandhan Money Market Fund - Regular Plan - Weekly IDCW;INF194K01LR2;INF194K01LQ4;10.1248;;;13-Jan-2026
118383;Bandhan Money Market Fund -Direct Plan-Daily IDCW;;INF194K01M98;10.0994;;;13-Jan-2026
118384;Bandhan Money Market Fund -Direct Plan-Growth;INF194K01M80;;45.1799;;;13-Jan-2026
118385;Bandhan Money Market Fund -Direct Plan-Monthly IDCW;INF194K01N22;INF194K01N14;10.2065;;;13-Jan-2026
131388;Bandhan Money Market Fund -Direct Plan-Periodic IDCW;INF194KA1TJ9;INF194KA1TK7;16.5683;;;13-Jan-2026
118386;Bandhan Money Market Fund -Direct Plan-Weekly IDCW;;INF194K01N48;10.1025;;;13-Jan-2026
108650;BANDHAN Money Market Fund - Regular Plan - Daily IDCW;INF194K01LL5;INF194K01LK7;10.0994;;;13-Jan-2026
108756;BANDHAN Money Market Fund - Regular Plan - Growth;INF194K01LJ9;;41.6671;;;13-Jan-2026
108757;BANDHAN Money Market Fund - Regular Plan - Monthly IDCW;INF194K01LO9;INF194K01LN1;10.2699;;;13-Jan-2026

Bank of India Mutual Fund
153296;Bank of India Money Market Fund - Direct - Daily IDCW;;INF761K01GP2;10.0489;;;13-Jan-2026
153294;Bank of India Money Market Fund - Direct - Growth;INF761K01GO5;;10.6922;;;13-Jan-2026
153295;Bank of India Money Market Fund - Direct - Monthly IDCW;INF761K01GR8;INF761K01GX6;10.6912;;;13-Jan-2026
153298;Bank of India Money Market Fund - Regular - Daily IDCW;;INF761K01GT4;10.0487;;;13-Jan-2026
153293;Bank of India Money Market Fund - Regular - Growth;INF761K01GS6;;10.6405;;;13-Jan-2026
153299;Bank of India Money Market Fund - Regular - Monthly IDCW;INF761K01GW8;INF761K01GV0;10.6410;;;13-Jan-2026
153301;Bank of India Money Market Fund - Regular - Weekly IDCW;;INF761K01GU2;10.0487;;;13-Jan-2026

Baroda BNP Paribas Mutual Fund
147373;Baroda BNP Paribas Money Market Fund - Direct Plan - Monthly IDCW;INF955L01IG3;;1035.2643;;;13-Jan-2026
147378;Baroda BNP Paribas Money Market Fund - Direct Plan-Daily IDCW;;INF955L01IE8;999.8580;;;13-Jan-2026
147376;Baroda BNP Paribas Money Market Fund - Regular Plan - Monthly IDCW;INF955L01IB4;;1016.5123;;;13-Jan-2026
147379;Baroda BNP Paribas Money Market Fund -Direct Plan - Weekly IDCW;;INF955L01IF5;1000.0000;;;13-Jan-2026
147377;Baroda BNP Paribas Money Market Fund- Direct Plan - Growth;INF955L01ID0;;1446.8212;;;13-Jan-2026
147382;Baroda BNP Paribas Money Market Fund-Regular Plan - Growth;INF955L01HY8;;1424.4379;;;13-Jan-2026
147380;Baroda BNP Paribas Money Market Fund-Regular Plan- Daily IDCW;;INF955L01HZ5;1005.8264;;;13-Jan-2026
147381;Baroda BNP Paribas Money Market Fund-Regular Plan-Weekly IDCW;;INF955L01IA6;1000.1563;;;13-Jan-2026

DSP Mutual Fund
123288;DSP Savings Fund - Direct Plan -  IDCW - Daily;;INF740KA1PB3;10.1509;;;13-Jan-2026
119106;DSP Savings Fund - Direct Plan - Growth;INF740K01NU2;;56.0688;;;13-Jan-2026
119108;DSP Savings Fund - Direct Plan - IDCW;INF740K01NV0;INF740K01NX6;12.4494;;;13-Jan-2026
119107;DSP Savings Fund - Direct Plan - IDCW - Monthly;INF740K01NT4;INF740K01NW8;11.0193;;;13-Jan-2026
100087;DSP Savings Fund - Regular Plan - Growth;INF740K01714;;54.3384;;;13-Jan-2026
100088;DSP Savings Fund - Regular Plan - IDCW;INF740K01706;INF740K01AJ2;12.4083;;;13-Jan-2026
123287;DSP Savings Fund - Regular Plan - IDCW - Daily;;INF740KA1PC1;10.1002;;;13-Jan-2026
100089;DSP Savings Fund - Regular Plan - IDCW - Monthly;INF740K01722;INF740K01AK0;10.985;;;13-Jan-2026

Edelweiss Mutual Fund
140236;Edelweiss Money Market Fund - Direct Plan - Annual - IDCW Option;INF843K01CI2;INF843K01CH4;32.42;;;13-Jan-2026
140237;Edelweiss Money Market Fund - Direct Plan - Growth Option;INF843K01CE1;;32.4244;;;13-Jan-2026
140235;Edelweiss Money Market Fund - Direct Plan - IDCW Option;INF843K01CF8;INF843K01CG6;30.2398;;;13-Jan-2026
140230;Edelweiss Money Market Fund - Institutional Plan - Growth Option;INF843K01377;;25.083;;;13-Jan-2026
140233;Edelweiss Money Market Fund - Regular Plan - Annual - IDCW Option;INF843K01922;INF843K01914;29.07;;;13-Jan-2026
140229;Edelweiss Money Market Fund - Regular Plan - Growth Option;INF843K01344;;29.3119;;;13-Jan-2026
140232;Edelweiss Money Market Fund - Regular Plan - IDCW Option;INF843K01351;INF843K01369;27.5739;;;13-Jan-2026

Franklin Templeton Mutual Fund
118506;Franklin India Money Market Fund - Direct - Growth;INF090I01GV8;;53.6482;;;13-Jan-2026
152200;Franklin India Money Market Fund - DP - Wkly IDCW R;INF090I01WV5;INF090I01WW3;10.1001;;;13-Jan-2026
101357;Franklin India Money Market Fund - Growth Option;INF090I01CA1;;51.8789;;;13-Jan-2026
122443;Franklin India Money Market Fund Retail Option - Daily - IDCW;;INF090I01KM9;10.1017;;;13-Jan-2026
122444;Franklin India Money Market Fund Retail Option - Direct - Daily - IDCW;;INF090I01KN7;10.1126;;;13-Jan-2026
129437;Franklin India Money Market Fund Retail Option - Direct - Monthly - IDCW;INF090I01LC8;INF090I01LD6;10.9257;;;13-Jan-2026
118505;Franklin India Money Market Fund Retail Option - Direct - Quarterly - IDCW;INF090I01GT2;INF090I01GU0;11.6390;;;13-Jan-2026
129436;Franklin India Money Market Fund Retail Option - Monthly - IDCW;INF090I01LA2;INF090I01LB0;10.5193;;;13-Jan-2026
101356;Franklin India Money Market Fund Retail Option - Quarterly - IDCW;INF090I01BZ0;INF090I01BY3;11.1041;;;13-Jan-2026
152199;Franklin India Money Market Fund Wkly IDCW R;INF090I01WT9;INF090I01WU7;10.0897;;;13-Jan-2026

Groww Mutual Fund
153982;Groww Money Market Fund Direct Growth;INF666M01MW3;;10.0752;;;13-Jan-2026
153991;Groww Money Market Fund Direct IDCW;INF666M01MX1;INF666M01MY9;10.0752;;;13-Jan-2026
153992;Groww Money Market Fund Regular Growth;INF666M01MZ6;;10.0667;;;13-Jan-2026
153993;Groww Money Market Fund Regular IDCW;INF666M01NA7;INF666M01NB5;10.0668;;;13-Jan-2026

HDFC Mutual Fund
101994;HDFC Money Market Fund - Daily IDCW Option;;INF179KB1IG6;1063.5928;;;13-Jan-2026
119093;HDFC Money Market Fund - Daily IDCW Option - Direct Plan;;INF179KB1HZ8;1063.598;;;13-Jan-2026
101993;HDFC Money Market Fund - Growth Option;INF179KB1HR5;;5908.0525;;;13-Jan-2026
119092;HDFC Money Market Fund - Growth Option - Direct Plan;INF179KB1HU9;;6030.9953;;;13-Jan-2026
101995;HDFC Money Market Fund - Weekly IDCW Option;INF179KB1IH4;INF179KB1II2;1062.4229;;;13-Jan-2026
119094;HDFC Money Market Fund - Weekly IDCW Option -Direct Plan;INF179KB1IA9;INF179KB1IB7;1062.4282;;;13-Jan-2026

HSBC Mutual Fund
151055;HSBC Money Market Fund - Direct Daily IDCW;;INF917K01FD8;10.8581;;;13-Jan-2026
151054;HSBC Money Market Fund - Direct Growth;INF917K01FE6;;28.6328;;;13-Jan-2026
151052;HSBC Money Market Fund - Direct Monthly IDCW;INF917K01E86;INF917K01FF3;12.2148;;;13-Jan-2026
151053;HSBC Money Market Fund - Direct Weekly IDCW;;INF917K01FH9;13.1828;;;13-Jan-2026
151049;HSBC Money Market Fund - Regular Daily IDCW;;INF917K01AY5;10.858;;;13-Jan-2026
151048;HSBC Money Market Fund - Regular Growth;INF917K01BC9;;27.2739;;;13-Jan-2026
151051;HSBC Money Market Fund - Regular Monthly IDCW;INF917K01BB1;INF917K01BA3;11.563;;;13-Jan-2026
151050;HSBC Money Market Fund - Regular Weekly IDCW;;INF917K01AZ2;13.0955;;;13-Jan-2026

ICICI Prudential Mutual Fund
120209;ICICI Prudential Money Market Fund Option - Direct Plan -  Daily IDCW;;INF109K01R22;100.1418;;;13-Jan-2026
120211;ICICI Prudential Money Market Fund Option - Direct Plan -  Growth;INF109K01R14;;397.4830;;;13-Jan-2026
120216;ICICI Prudential Money Market Fund Option - Direct Plan -  IDCW Others;INF109K01R30;;182.1247;;;13-Jan-2026
120212;ICICI Prudential Money Market Fund Option - Direct Plan -  Weekly IDCW;INF109K01R89;;100.7604;;;13-Jan-2026
103634;ICICI Prudential Money Market Fund Option - Daily IDCW;INF109K01TY9;;100.1274;;;13-Jan-2026
103633;ICICI Prudential Money Market Fund Option - Growth;INF109K01TX1;;392.4691;;;13-Jan-2026
130013;ICICI Prudential Money Market Fund Option - IDCW Others;INF109K01I64;;180.2546;;;13-Jan-2026
103635;ICICI Prudential Money Market Fund Option - Weekly IDCW;INF109K01TZ6;;100.6975;;;13-Jan-2026

Invesco Mutual Fund
115515;Invesco India Money Market Fund - Daily IDCW (Reinvestment);;INF205K01RU7;1000.2493;;;13-Jan-2026
120506;Invesco India Money Market Fund - Direct Plan - Daily IDCW (Reinvestment);;INF205K01RV5;1012.1681;;;13-Jan-2026
120508;Invesco India Money Market Fund - Direct Plan - Discretionary IDCW (Payout / Reinvestment);INF205K01RW3;INF205K01RX1;2919.2647;;;13-Jan-2026
120507;Invesco India Money Market Fund - Direct Plan - Growth;INF205K01RY9;;3258.6396;;;13-Jan-2026
120509;Invesco India Money Market Fund - Direct Plan - Monthly IDCW (Payout / Reinvestment);INF205K01RZ6;INF205K01SA7;1188.3752;;;13-Jan-2026
116653;Invesco India Money Market Fund - Discretionary IDCW (Payout / Reinvestment);INF205K01SB5;INF205K01SC3;3149.3233;;;13-Jan-2026
112123;Invesco India Money Market Fund - Growth;INF205K01SD1;;3146.0607;;;13-Jan-2026
112125;Invesco India Money Market Fund - Monthly IDCW (Payout / Reinvestment);INF205K01SE9;INF205K01SF6;1019.4309;;;13-Jan-2026
112120;Invesco India Money Market Fund - Regular - Growth;INF205K01SG4;;2770.0549;;;13-Jan-2026
112122;Invesco India Money Market Fund - Regular - Monthly IDCW (Payout / Reinvestment);INF205K01SH2;INF205K01SI0;1471.2564;;;13-Jan-2026
116488;Invesco India Money Market Fund - Regular Plan - Daily IDCW (Reinvestment);;INF205K01UW7;1008.5417;;;13-Jan-2026
152580;Invesco India Money Market Fund - Weekly IDCW (Payout / Reinvestment);INF205KA1833;INF205KA1841;1000.271;;;13-Jan-2026

Jio BlackRock Mutual Fund
153649;JioBlackRock Money Market Fund - Direct Plan - Growth Option;INF22M001028;;1030.8858;;;13-Jan-2026

Kotak Mahindra Mutual Fund
101893;Kotak Money Market Fund - (Growth);INF174K01NA6;;4642.1105;;;13-Jan-2026
119746;Kotak Money Market Fund - (Growth) - Direct;INF174K01MW2;;4688.3937;;;13-Jan-2026
101892;Kotak Money market Fund - (Monthly Payout of Income Distribution cum capital withdrawal option);INF174K018O0;INF174K01NB4;1051.4603;;;13-Jan-2026
119747;Kotak Money Market Fund - (Monthly Payout of Income Distribution cum capital withdrawal option) - Direct;INF174K019O8;INF174K01MX0;1251.2478;;;13-Jan-2026

LIC Mutual Fund
150392;LIC MF Money Market Fund-Direct Plan-Growth;INF767K01RE0;;1245.0518;;;13-Jan-2026
150391;LIC MF Money Market Fund-Direct Plan-IDCW;INF767K01RF7;INF767K01RG5;1245.052;;;13-Jan-2026
150393;LIC MF Money Market Fund-Regular Plan-Growth;INF767K01RB6;;1228.2826;;;13-Jan-2026
150394;LIC MF Money Market Fund-Regular Plan-IDCW;INF767K01RC4;INF767K01RD2;1228.2826;;;13-Jan-2026

Mirae Asset Mutual Fund
149112;Mirae Asset Money Market Fund Direct Growth;INF769K01HN8;;1321.6182;;;13-Jan-2026
149113;Mirae Asset Money Market Fund Direct IDCW;INF769K01HM0;INF769K01HO6;1319.4381;;;13-Jan-2026
149115;Mirae Asset Money Market Fund Regular Growth;INF769K01HK4;;1300.9181;;;13-Jan-2026
149114;Mirae Asset Money Market Fund Regular IDCW;INF769K01HJ6;INF769K01HL2;1300.9082;;;13-Jan-2026

Nippon India Mutual Fund
103050;NIPPON INDIA MONEY MARKET FUND - DAILY IDCW Option;;INF204K01UY6;1006.2232;;;13-Jan-2026
118718;NIPPON INDIA MONEY MARKET FUND - DIRECT Plan - DAILY IDCW Option;;INF204K01ZN8;1006.1344;;;13-Jan-2026
118720;NIPPON INDIA MONEY MARKET FUND - DIRECT Plan - MONTHLY IDCW Option;INF204K01ZQ1;INF204K01ZR9;1023.9408;;;13-Jan-2026
118716;NIPPON INDIA MONEY MARKET FUND - DIRECT Plan - QUARTERLY IDCW Option;INF204K01ZS7;INF204K01ZT5;1016.4537;;;13-Jan-2026
118717;NIPPON INDIA MONEY MARKET FUND - DIRECT Plan - WEEKLY IDCW Option;;INF204K01ZO6;1007.1263;;;13-Jan-2026
118715;Nippon India Money Market Fund - Direct Plan Growth Plan - Bonus Option;INF204K01G11;;2557.8278;;;13-Jan-2026
118719;Nippon India Money Market Fund - Direct Plan Growth Plan - Growth Option;INF204K01ZP3;;4349.9070;;;13-Jan-2026
103052;NIPPON INDIA MONEY MARKET FUND - MONTHLY IDCW Option;INF204K01VB2;INF204K01VC0;1023.6215;;;13-Jan-2026
112341;NIPPON INDIA MONEY MARKET FUND - QUARTERLY IDCW Option;INF204K01VD8;INF204K01VE6;1016.4174;;;13-Jan-2026
103051;NIPPON INDIA MONEY MARKET FUND - WEEKLY IDCW Option;;INF204K01UZ3;1007.1277;;;13-Jan-2026
103048;Nippon India Money Market Fund-Growth Plan-Growth Option;INF204K01VA4;;4290.6951;;;13-Jan-2026

PGIM India Mutual Fund
148162;PGIM India Money Market Fund - Direct Plan - Daily Dividend Option;;INF663L01U16;1010.3606;;;13-Jan-2026
148161;PGIM India Money Market Fund - Direct Plan - Growth Option;INF663L01T84;;1412.8494;;;13-Jan-2026
148163;PGIM India Money Market Fund - Direct Plan - Monthly Dividend Option;INF663L01T92;;1070.2981;;;13-Jan-2026
148164;PGIM India Money Market Fund - Direct Plan - Weekly Dividend Option;;INF663L01U08;1000.6452;;;13-Jan-2026
148160;PGIM India Money Market Fund - Regular Plan - Daily Dividend Option;;INF663L01U57;1009.0185;;;13-Jan-2026
148159;PGIM India Money Market Fund - Regular Plan - Growth Option;INF663L01U24;;1369.781;;;13-Jan-2026
148157;PGIM India Money Market Fund - Regular Plan - Monthly Dividend Option;INF663L01U32;;1060.6674;;;13-Jan-2026
148158;PGIM India Money Market Fund - Regular Plan - Weekly Dividend Option;;INF663L01U40;1001.5943;;;13-Jan-2026
152111;PGIM India Money Market Fund - Segregated Portfolio 1 - Direct Plan - Annual IDCW option;;;0;;;13-Jan-2026
152114;PGIM India Money Market Fund - Segregated Portfolio 1 - Direct Plan - Growth Option;;;0;;;13-Jan-2026
152112;PGIM India Money Market Fund - Segregated Portfolio 1 - Direct Plan - Monthly IDCW Option;;;0;;;13-Jan-2026
152113;PGIM India Money Market Fund - Segregated Portfolio 1 - Direct Plan - Quarterly IDCW option;;;0;;;13-Jan-2026
152120;PGIM India Money Market Fund - Segregated Portfolio 1 - Regular Plan - Annual IDCW Option;;;0;;;13-Jan-2026
152122;PGIM India Money Market Fund - Segregated Portfolio 1 - Regular plan - Growth option;;;0;;;13-Jan-2026
152119;PGIM India Money Market Fund - Segregated Portfolio 1 - Regular Plan - Monthly IDCW option;;;0;;;13-Jan-2026
152121;PGIM India Money Market Fund - Segregated Portfolio 1 - Regular Plan - Quarterly IDCW Option;;;0;;;13-Jan-2026

SBI Mutual Fund
119821;SBI  SAVINGS FUND - DIRECT PLAN - GROWTH;INF200K01SZ5;;45.9989;;;13-Jan-2026
102503;SBI  SAVINGS FUND - REGULAR PLAN - GROWTH;INF200K01636;;42.7808;;;13-Jan-2026
119820;SBI Savings Fund - Direct Plan - Income Distribution cum Capital Withdrawal Option (IDCW);INF200K01SX0;INF200K01SY8;18.2326;;;13-Jan-2026
119822;SBI Savings Fund - Direct Plan Daily Income Distribution cum Capital Withdrawal Option (IDCW);;INF200K01SW2;14.3634;;;13-Jan-2026
119823;SBI Savings Fund - Direct Plan Weekly Income Distribution cum Capital Withdrawal Option (IDCW);INF200K01TA6;INF200K01TB4;16.6017;;;13-Jan-2026
102504;SBI Savings Fund - Regular Plan - Income Distribution cum Capital Withdrawal Option (IDCW);INF200K01644;INF200K01651;16.8685;;;13-Jan-2026
114348;SBI Savings Fund - Regular Plan Daily Income Distribution cum Capital Withdrawal Option (IDCW);;INF200KA1K20;13.9452;;;13-Jan-2026
102860;SBI Savings Fund - Regular Plan Weekly Income Distribution cum Capital Withdrawal Option (IDCW);INF200K01669;INF200K01677;15.9196;;;13-Jan-2026

Sundaram Mutual Fund
145050;Sundaram Money Market Fund Direct Plan - Growth;INF903JA1FR6;;15.6106;;;13-Jan-2026
145051;Sundaram Money Market Fund Direct Plan - Income Distribution cum Capital Withdrawal (IDCW);INF903JA1FS4;;10.9759;;;13-Jan-2026
145056;Sundaram Money Market Fund Direct Plan - Income Distribution cum Capital Withdrawal(IDCW);;INF903JA1FX4;10.9759;;;13-Jan-2026
145042;Sundaram Money Market Fund Regular Plan - Growth;INF903JA1FJ3;;15.4965;;;13-Jan-2026
145049;Sundaram Money Market Fund Regular Plan -Income Distribution cum Capital Withdrawal(IDCW);;INF903JA1FP0;10.9417;;;13-Jan-2026
145044;Sundaram Money Market Fund Regular Plan- Income Distribution cum Capital Withdrawal (IDCW);INF903JA1FK1;;10.9417;;;13-Jan-2026

Tata Mutual Fund
119421;Tata Money Market Fund- Direct Plan - Daily Reinvestment of IDCW Option;;INF277K011C6;1114.4584;;;13-Jan-2026
119424;Tata Money Market Fund- Direct Plan- Growth Option;INF277K01PR6;;4978.7617;;;13-Jan-2026
101986;Tata Money Market Fund- Regular Plan - Daily Reinvestment of IDCW Option;;INF277K014C0;1114.4501;;;13-Jan-2026
101847;Tata Money Market Fund-Regular Plan - Growth Option;INF277K01LQ7;;4880.6868;;;13-Jan-2026

Trust Mutual Fund
150513;TRUSTMF MONEY MARKET FUND-DIRECT PLAN-GROWTH;INF0GCD01503;;1266.2514;;;13-Jan-2026
150514;TRUSTMF MONEY MARKET FUND-DIRECT PLAN-MONTHLY IDCW;INF0GCD01529;INF0GCD01511;1142.6889;;;13-Jan-2026
150511;TRUSTMF MONEY MARKET FUND-REGULAR PLAN-GROWTH;INF0GCD01479;;1257.8978;;;13-Jan-2026
150512;TRUSTMF MONEY MARKET FUND-REGULAR PLAN-MONTHLY IDCW;INF0GCD01495;INF0GCD01487;1134.8477;;;13-Jan-2026

Union Mutual Fund
149117;Union Money Market Fund - Direct Plan -  Growth Option;INF582M01HG5;;1308.7581;;;13-Jan-2026
149123;Union Money Market Fund - Direct Plan -  Monthly IDCW Option;INF582M01HK7;INF582M01HJ9;1011.2326;;;13-Jan-2026
149116;Union Money Market Fund - Regular Plan -  Growth Option;INF582M01HO9;;1268.5517;;;13-Jan-2026
149122;Union Money Market Fund - Regular Plan -  Monthly IDCW Option;INF582M01HS0;INF582M01HR2;1003.2658;;;13-Jan-2026

UTI Mutual Fund
120299;UTI MMF - Direct Plan - Growth Option;INF789F01XV6;;3229.5495;;;13-Jan-2026
139236;UTI MMF - Regular Plan - Flexi Dividend Option;INF789FA1M04;INF789FA1M12;1234.1286;;;13-Jan-2026
112077;UTI MMF - Regular Plan - Growth Option;INF789F01PX8;;3189.5442;;;13-Jan-2026
100724;UTI MMF- Discontinued - Regular Plan - Flexi Dividend Option;;INF789F01BD0;3976.854;;;13-Jan-2026
100725;UTI MMF- Discontinued - Regular Plan - Periodic Dividend Option;INF789F01BE8;;2615.6964;;;13-Jan-2026
100723;UTI MMF-Discontinued - Regular Plan -Growth;INF789F01BF5;;7370.2216;;;13-Jan-2026
134973;UTI Money Market Fund - Direct Plan - Annual IDCW;INF789FA1N03;INF789FA1N11;1916.8915;;;13-Jan-2026
120772;UTI Money Market Fund - Direct Plan - Daily IDCW (Reinvestment);;INF789F01XU8;1030.8575;;;13-Jan-2026
143125;UTI Money Market Fund - Direct Plan - Flexi IDCW;INF789FA1N29;INF789FA1N37;1655.4434;;;13-Jan-2026
135606;UTI Money Market Fund - Direct Plan - Fortnightly IDCW;INF789FA1M20;INF789FA1M38;1250.0891;;;13-Jan-2026
140023;UTI Money Market Fund - Direct Plan - Half-Yearly IDCW;INF789FA1M87;INF789FA1M95;1804.5478;;;13-Jan-2026
133387;UTI Money Market Fund - Direct Plan - Monthly IDCW;INF789FA1M46;INF789FA1M53;1580.8681;;;13-Jan-2026
142249;UTI Money Market Fund - Direct Plan - Quarterly IDCW;INF789FA1M61;INF789FA1M79;1713.6463;;;13-Jan-2026
120793;UTI Money Market Fund - Direct Plan - Weekly IDCW;INF789F01XW4;INF789F01XX2;1145.2403;;;13-Jan-2026
134972;UTI Money Market Fund - Regular Plan - Annual IDCW;INF789FA1L88;INF789FA1L96;1899.7684;;;13-Jan-2026
112076;UTI Money Market Fund - Regular Plan - Daily IDCW (Reinvestment);;INF789F01PW0;1128.2638;;;13-Jan-2026
135371;UTI Money Market Fund - Regular Plan - Fortnightly IDCW;INF789FA1L05;INF789FA1L13;1158.2902;;;13-Jan-2026
134763;UTI Money Market Fund - Regular Plan - Half-Yearly IDCW;INF789FA1L62;INF789FA1L70;1792.3065;;;13-Jan-2026
133484;UTI Money Market Fund - Regular Plan - Monthly IDCW;INF789FA1L21;INF789FA1L39;1037.8907;;;13-Jan-2026
112635;UTI Money Market Fund - Regular Plan - Weekly IDCW;INF789F01PY6;INF789F01PZ3;1105.0961;;;13-Jan-2026

Open Ended Schemes ( Debt Scheme - Short Duration Fund )


Aditya Birla Sun Life Mutual Fund
119496;Aditya Birla Sun Life Short Term Fund - DIRECT - IDCW;INF209KA1KQ6;INF209K01XL6;10.7051;;;13-Jan-2026
119498;Aditya Birla Sun Life Short Term Fund - Growth - Direct Plan;INF209K01XK8;;53.2236;;;13-Jan-2026
101844;Aditya Birla Sun Life Short Term Fund - Growth - Regular Plan;INF209K01942;;49.0247;;;13-Jan-2026
101843;Aditya Birla Sun Life Short Term Fund - REGULAR - IDCW;INF209K01975;INF209K01DK0;14.6461;;;13-Jan-2026
112356;Aditya Birla Sun Life Short Term Fund - REGULAR - Quarterly IDCW;INF209K01BU3;;10.3846;;;13-Jan-2026
119497;Aditya Birla Sun Life Short Term Fund-Quarterly-IDCW-Direct;INF209K01R96;INF209KA1KR4;10.864;;;13-Jan-2026

Axis Mutual Fund
120510;Axis Short Duration Fund - Direct Plan - Growth Option;INF846K01EI1;;34.8874;;;13-Jan-2026
120511;Axis Short Duration Fund - Direct Plan - Monthly IDCW;INF846K01EJ9;INF846K01EK7;10.0422;;;13-Jan-2026
133894;Axis Short Duration Fund - Direct Plan - Regular IDCW;INF846K01RH5;INF846K01RI3;21.3442;;;13-Jan-2026
120512;Axis Short Duration Fund - Direct Plan - Weekly IDCW;INF846K01EL5;INF846K01EM3;10.2380;;;13-Jan-2026
112354;Axis Short Duration Fund - Regular Plan - Growth Option;INF846K01644;;31.8887;;;13-Jan-2026
112355;Axis Short Duration Fund - Regular Plan - Monthly IDCW;INF846K01651;INF846K01669;10.0606;;;13-Jan-2026
133895;Axis Short Duration Fund - Regular Plan - Regular IDCW;INF846K01RJ1;INF846K01RK9;21.3329;;;13-Jan-2026
112369;Axis Short Duration Fund - Regular Plan - Weekly IDCW;INF846K01677;INF846K01685;10.3896;;;13-Jan-2026
112721;Axis Short Duration Fund - Retail Plan - Growth Option;INF846K01594;;31.5199;;;13-Jan-2026
112723;Axis Short Duration Fund - Retail Plan - Monthly IDCW;INF846K01602;INF846K01610;10.0385;;;13-Jan-2026
112722;Axis Short Duration Fund - Retail Plan - Weekly IDCW;INF846K01628;INF846K01636;10.2200;;;13-Jan-2026

Bandhan Mutual Fund
143369;Bandhan Short Duration Fund - Direct Plan - Annual IDCW;INF194KA11L7;INF194KA12L5;11.4011;;;13-Jan-2026
118405;Bandhan Short Duration Fund - Direct Plan - Fortnightly IDCW;INF194K01U56;INF194K01U49;10.3781;;;13-Jan-2026
118407;Bandhan Short Duration Fund - Direct Plan - Growth;INF194K01U07;;63.0136;;;13-Jan-2026
118406;Bandhan Short Duration Fund - Direct Plan - Monthly IDCW;INF194K01U23;INF194K01U15;10.3743;;;13-Jan-2026
131382;Bandhan Short Duration Fund - Direct Plan - Periodic IDCW;INF194KA1SR4;INF194KA1SS2;22.7462;;;13-Jan-2026
143367;Bandhan Short Duration Fund - Direct Plan - Quarterly IDCW;INF194KA18K4;INF194KA19K2;10.6759;;;13-Jan-2026
143368;Bandhan Short Duration Fund - Regular Plan - Annual IDCW;INF194KA15K0;INF194KA16K8;11.1429;;;13-Jan-2026
108713;Bandhan Short Duration Fund - Regular Plan - Fortnightly IDCW;INF194K01HK5;INF194K01HJ7;10.4197;;;13-Jan-2026
131383;Bandhan Short Duration Fund - Regular Plan - Periodic IDCW;INF194KA1SO1;INF194KA1SP8;21.7806;;;13-Jan-2026
143366;Bandhan Short Duration Fund - Regular Plan - Quarterly IDCW;INF194KA12K7;INF194KA13K5;10.7490;;;13-Jan-2026

Bank of India Mutual Fund
119382;BANK OF INDIA Short Term Income Fund-Direct Plan- Growth;INF761K01736;;29.9706;;;13-Jan-2026
119383;BANK OF INDIA Short Term Income Fund-Direct Plan- Monthly IDCW;INF761K01751;INF761K01744;14.5717;;;13-Jan-2026
119384;BANK OF INDIA Short Term Income Fund-Direct Plan- Quarterly IDCW;INF761K01777;INF761K01769;13.8170;;;13-Jan-2026
111585;BANK OF INDIA Short Term Income Fund-Regular Plan- Growth;INF761K01579;;27.4874;;;13-Jan-2026
111589;BANK OF INDIA Short Term Income Fund-Regular Plan- Monthly IDCW;INF761K01595;INF761K01587;14.1052;;;13-Jan-2026
111590;BANK OF INDIA Short Term Income Fund-Regular Plan- Quarterly IDCW;INF761K01611;INF761K01603;13.9001;;;13-Jan-2026

Baroda BNP Paribas Mutual Fund
119400;Baroda BNP Paribas Short Duration Fund - Direct Plan - Growth Option;INF955L01BD5;;32.7229;;;13-Jan-2026
119399;Baroda BNP Paribas Short Duration Fund - Direct Plan - Monthly IDCW Option;INF955L01BB9;;10.4920;;;13-Jan-2026
140463;Baroda BNP Paribas Short Duration Fund - Direct Plan - Quarterly IDCW;INF955L01GU8;;11.1938;;;13-Jan-2026
113036;Baroda BNP Paribas Short Duration Fund - Regular Plan - Growth Option;INF955L01153;;30.0465;;;13-Jan-2026
113037;Baroda BNP Paribas Short Duration Fund - Regular Plan - Monthly IDCW Option;INF955L01138;INF955L01146;10.2425;;;13-Jan-2026
140465;Baroda BNP Paribas Short Duration Fund - Regular Plan - Quarterly IDCW;INF955L01GS2;;10.6138;;;13-Jan-2026

Canara Robeco Mutual Fund
118320;CANARA ROBECO SHORT DURATION FUND - DIRECT PLAN - GROWTH OPTION;INF760K01DX5;;28.5129;;;13-Jan-2026
118321;CANARA ROBECO SHORT DURATION FUND - DIRECT PLAN - MONTHLY IDCW (Payout/Reinvestment);INF760K01DV9;INF760K01DW7;18.2837;;;13-Jan-2026
118322;CANARA ROBECO SHORT DURATION FUND - DIRECT PLAN - QUARTERLY IDCW (Payout/Reinvestment);INF760K01DY3;INF760K01DZ0;17.1609;;;13-Jan-2026
115077;CANARA ROBECO SHORT DURATION FUND - REGULAR PLAN - GROWTH OPTION;INF760K01BM2;;26.0492;;;13-Jan-2026
115078;CANARA ROBECO SHORT DURATION FUND - REGULAR PLAN - MONTHLY IDCW (Payout/Reinvestment);INF760K01BO8;INF760K01BN0;15.7471;;;13-Jan-2026
115079;CANARA ROBECO SHORT DURATION FUND - REGULAR PLAN - QUARTERLY IDCW (Payout/Reinvestment);INF760K01BQ3;INF760K01BP5;15.3836;;;13-Jan-2026

DSP Mutual Fund
119226;DSP Short Term Fund - Direct Plan - Growth;INF740K01NJ5;;52.1393;;;13-Jan-2026
119222;DSP Short Term Fund - Direct Plan - IDCW;INF740K01NK3;INF740K01NN7;12.6098;;;13-Jan-2026
119224;DSP Short Term Fund - Direct Plan - IDCW - Monthly;INF740K01NL1;INF740K01NM9;11.6994;;;13-Jan-2026
119223;DSP Short Term Fund - Direct Plan - IDCW - Weekly;INF740KA1PD9;INF740KA1PE7;10.1858;;;13-Jan-2026
101306;DSP Short Term Fund - IDCW - Monthly;INF740K01664;INF740K01AG8;11.6035;;;13-Jan-2026
101304;DSP Short Term Fund - Regular Plan - Growth;INF740K01656;;47.8239;;;13-Jan-2026
101305;DSP Short Term Fund - Regular Plan - IDCW;INF740K01649;INF740K01AF0;12.5959;;;13-Jan-2026
101303;DSP Short Term Fund - Regular Plan - Regular Plan - IDCW - Weekly;INF740KA1PF4;;10.1837;;;13-Jan-2026

Franklin Templeton Mutual Fund
148313;Franklin India Short Tem Income Plan - Segregated Portfolio 3 (9.50% Yes Bank Ltd CO 23Dec21) - Direct Retail Plan Growth Option;INF090I01VS3;;0.0000;;;13-Jan-2026
148314;Franklin India Short Term Income Plan - Segregated Portfolio 3 (9.50% Yes Bank Ltd CO 23Dec21) - Institutional Plan Growth Option;INF090I01VR5;;0.0000;;;13-Jan-2026
148318;Franklin India Short Term Income Plan - Segregated Portfolio 3 (9.50% Yes Bank Ltd CO 23Dec21) - Retail Plan Growth Option;INF090I01VN4;;0.0000;;;13-Jan-2026
148312;Franklin India Short term Income Plan- Retail Plan-Segregated Portfolio 3 (9.50% Yes Bank Ltd CO 23Dec21) - Direct Monthly - IDCW;INF090I01VU9;;0.0000;;;13-Jan-2026
148311;Franklin India Short term Income Plan- Retail Plan-Segregated Portfolio 3 (9.50% Yes Bank Ltd CO 23Dec21) - Direct Quarterly - IDCW;INF090I01VT1;;0.0000;;;13-Jan-2026
148319;Franklin India Short Term Income Plan- Retail Plan-Segregated Portfolio 3 (9.50% Yes Bank Ltd CO 23Dec21) - Monthly - IDCW;INF090I01VP9;;0.0000;;;13-Jan-2026
148317;Franklin India Short term Income Plan- Retail Plan-Segregated Portfolio 3 (9.50% Yes Bank Ltd CO 23Dec21) - Quarterly - IDCW;INF090I01VO2;;0.0000;;;13-Jan-2026
148315;Franklin India Short-term Income Plan- Retail Plan-Segregated Portfolio 3 (9.50% Yes Bank Ltd CO 23Dec21) - Weekly - IDCW;INF090I01VQ7;;0.0000;;;13-Jan-2026
148316;Franklin India Short-term Income Plan-Retail Plan-Segregated Portfolio 3 (9.50% Yes Bank Ltd CO 23Dec21) - Direct Weekly - IDCW;INF090I01VV7;;0.0000;;;13-Jan-2026

Groww Mutual Fund
123708;Groww Short Duration Fund (formerly known as Indiabulls Short Term Fund )- Regular Plan - Growth Option;INF666M01AJ5;;2138.0957;;;13-Jan-2026
123704;Groww Short Duration Fund (formerly known as Indiabulls Short Term Fund) - Direct Plan - Growth Option;INF666M01AC0;;2463.6969;;;13-Jan-2026
123706;Groww Short Duration Fund (formerly known as Indiabulls Short Term Fund)- Direct Plan- Fortnightly - Income Distribution cum capital withdrawal Option (Payout & Reinvestment);INF666M01AH9;INF666M01AE6;1018.6384;;;13-Jan-2026
123707;Groww Short Duration Fund (formerly known as Indiabulls Short Term Fund)- Direct Plan- Monthly - Income Distribution cum capital withdrawal Option (Payout & Reinvestment);INF666M01AI7;INF666M01AF3;1018.6302;;;13-Jan-2026
123705;Groww Short Duration Fund (formerly known as Indiabulls Short Term Fund)- Direct Plan- Weekly - Income Distribution cum capital withdrawal Option (Payout & Reinvestment);INF666M01AG1;INF666M01AD8;1018.9696;;;13-Jan-2026
123710;Groww Short Duration Fund (formerly known as Indiabulls Short Term Fund)- Regular Plan- Fortnightly - Income Distribution cum capital withdrawal Option (Payout & Reinvestment);INF666M01AO5;INF666M01AL1;1017.8986;;;13-Jan-2026
123711;Groww Short Duration Fund (formerly known as Indiabulls Short Term Fund)- Regular Plan- Monthly - Income Distribution cum capital withdrawal Option (Payout & Reinvestment);INF666M01AP2;INF666M01AM9;1024.65;;;13-Jan-2026
123709;Groww Short Duration Fund (formerly known as Indiabulls Short Term Fund)- Regular Plan- Weekly - Income Distribution cum capital withdrawal Option (Payout & Reinvestment);INF666M01AN7;INF666M01AK3;1018.9311;;;13-Jan-2026

HDFC Mutual Fund
119015;HDFC Short Term  Debt Fund - Fortnightly IDCW - Direct Plan;;;10.2977;;;13-Jan-2026
113048;HDFC Short Term  Debt Fund - Fortnightly IDCW Option;INF179K01CV4;INF179K01CW2;10.1914;;;13-Jan-2026
113047;HDFC Short Term  Debt Fund - Growth Option;INF179K01CU6;;33.004;;;13-Jan-2026
119016;HDFC Short Term  Debt Fund - Growth Option - Direct Plan;INF179K01YM7;;34.1223;;;13-Jan-2026
133367;HDFC Short Term  Debt Fund - Normal IDCW - Direct Plan;INF179KA1Q53;;20.2172;;;13-Jan-2026
133368;HDFC Short Term  Debt Fund - Normal IDCW Option;INF179KA1Q79;;19.6123;;;13-Jan-2026

HSBC Mutual Fund
151063;HSBC Short Duration Fund -  Regular Plan - Monthly IDCW;INF917K01CH6;INF917K01CI4;11.05;;;13-Jan-2026
151062;HSBC Short Duration Fund - Bonus;INF917K01CM6;;27.2228;;;13-Jan-2026
151070;HSBC Short Duration Fund - Direct Annual IDCW;INF917K01VR5;INF917K01VQ7;12.8195;;;13-Jan-2026
151067;HSBC Short Duration Fund - Direct Growth;INF917K01IQ4;;28.9198;;;13-Jan-2026
151068;HSBC Short Duration Fund - Direct Plan -  Monthly IDCW;INF917K01IP6;INF917K01IO9;11.7213;;;13-Jan-2026
151069;HSBC Short Duration Fund - Direct Quarterly IDCW;INF917K01IS0;INF917K01IR2;11.3069;;;13-Jan-2026
151071;HSBC Short Duration Fund - Regular Annual IDCW;INF917K01VT1;INF917K01VS3;12.2202;;;13-Jan-2026
151065;HSBC Short Duration Fund - Regular Growth;INF917K01CL8;;27.2238;;;13-Jan-2026
151064;HSBC Short Duration Fund - Regular Quarterly IDCW;INF917K01CJ2;INF917K01CK0;10.4522;;;13-Jan-2026

ICICI Prudential Mutual Fund
120754;ICICI Prudential Short Term Fund - Direct Plan - Growth Option;INF109K013N3;;67.9672;;;13-Jan-2026
120755;ICICI Prudential Short Term Fund - Direct Plan - Monthly IDCW;INF109K014N1;INF109K015N8;12.6747;;;13-Jan-2026
101758;ICICI Prudential Short Term Fund - Growth Option;INF109K01654;;62.1210;;;13-Jan-2026
101165;ICICI Prudential Short Term Fund - Monthly IDCW;INF109K01WL0;INF109K01647;12.0601;;;13-Jan-2026

Invesco Mutual Fund
120559;Invesco India Short Duration Fund - Direct Plan - Daily IDCW (Reinvestment);;INF205K01UE5;1023.9054;;;13-Jan-2026
120560;Invesco India Short Duration Fund - Direct Plan - Growth;INF205K01UH8;;4062.215;;;13-Jan-2026
120561;Invesco India Short Duration Fund - Direct Plan - Monthly IDCW (Payout / Reinvestment);INF205K01UI6;INF205K01UJ4;2673.0946;;;13-Jan-2026
120563;Invesco India Short Duration Fund - Direct Plan -Discretionary IDCW (Payout / Reinvestment);INF205K01UF2;INF205K01UG0;2865.8936;;;13-Jan-2026
120562;Invesco India Short Duration Fund - Direct Plan -Weekly IDCW (Reinvestment);;INF205K01UK2;1021.517;;;13-Jan-2026
105189;Invesco India Short Duration Fund - Plan B - Growth;INF205K01UR7;;3644.8868;;;13-Jan-2026
105187;Invesco India Short Duration Fund - Plan B - Monthly IDCW (Payout / Reinvestment);INF205K01US5;INF205K01UT3;2387.6296;;;13-Jan-2026
105192;Invesco India Short Duration Fund - Plan B - Weekly IDCW (Reinvestment);;INF205K01UU1;1014.7306;;;13-Jan-2026
117973;Invesco India Short Duration Fund - Regular Plan - Daily IDCW (Reinvestment);;INF205K01UD7;1036.0858;;;13-Jan-2026
105185;Invesco India Short Duration Fund - Regular Plan - Growth;INF205K01UN6;;3666.3231;;;13-Jan-2026
105191;Invesco India Short Duration Fund - Regular Plan - Monthly IDCW (Payout / Reinvestment);INF205K01UO4;INF205K01UP1;1048.742;;;13-Jan-2026
105190;Invesco India Short Duration Fund - Regular Plan - Weekly IDCW (Reinvestment);;INF205K01UV9;1018.2229;;;13-Jan-2026
116110;Invesco India Short Duration Fund- Regular Plan - Discretionary IDCW (Payout / Reinvestment);INF205K01UL0;INF205K01UM8;2734.9156;;;13-Jan-2026

JM Financial Mutual Fund
150545;JM Short Duration Fund (Direct) - Growth;INF192K01MP8;;12.6798;;;13-Jan-2026
150544;JM Short Duration Fund (Direct) - IDCW;INF192K01MQ6;INF192K01MR4;12.6802;;;13-Jan-2026
150542;JM Short Duration Fund (Regular) - Growth;INF192K01MM5;;12.3438;;;13-Jan-2026
150543;JM Short Duration Fund (Regular) - IDCW;INF192K01MN3;INF192K01MO1;12.3444;;;13-Jan-2026

Kotak Mahindra Mutual Fund
135500;Kotak Bond Short Term Plan - Direct - Standard Income Distribution cum capital withdrawal option;INF174K01Z14;INF174K01Z22;16.7394;;;13-Jan-2026
135501;Kotak Bond Short Term Plan - Regular Plan - Normal Dividend;INF174K01Y98;INF174K01Z06;12.677;;;13-Jan-2026
101373;Kotak Bond Short Term Plan-(Growth);INF174K01ES7;;53.5365;;;13-Jan-2026
119739;Kotak Bond Short Term Plan-(Growth) - Direct;INF174K01JI7;;59.1594;;;13-Jan-2026

LIC Mutual Fund
145954;LIC MF Short Duration Fund-Direct Plan-Growth;INF767K01PW6;;16.0535;;;13-Jan-2026
145953;LIC MF Short Duration Fund-Direct Plan-IDCW;INF767K01PX4;INF767K01PY2;16.0535;;;13-Jan-2026
151959;LIC MF Short Duration Fund-Direct Plan-Monthly IDCW;INF397L01BH1;INF397L01BI9;16.0516;;;13-Jan-2026
151960;LIC MF Short Duration Fund-Direct Plan-Weekly IDCW;INF397L01BK5;INF397L01BL3;16.0521;;;13-Jan-2026
145952;LIC MF Short Duration Fund-Regular Plan-Growth;INF767K01PT2;;14.9516;;;13-Jan-2026
145951;LIC MF Short Duration Fund-Regular Plan-IDCW;INF767K01PU0;INF767K01PV8;14.9516;;;13-Jan-2026
151955;LIC MF Short Duration Fund-Regular Plan-Monthly IDCW;INF397L01406;INF397L01414;14.952;;;13-Jan-2026
151956;LIC MF Short Duration Fund-Regular Plan-Weekly IDCW;INF397L01430;INF397L01448;12.8149;;;13-Jan-2026

Mahindra Manulife Mutual Fund
148730;Mahindra Manulife Short Duration Fund - Direct Plan - IDCW;INF174V01AO1;INF174V01AN3;12.2213;;;13-Jan-2026
148729;Mahindra Manulife Short Duration Fund - Direct Plan -Growth;INF174V01AM5;;13.7175;;;13-Jan-2026
148727;Mahindra Manulife Short Duration Fund - Regular Plan - Growth;INF174V01AJ1;;13.0853;;;13-Jan-2026
148728;Mahindra Manulife Short Duration Fund - Regular Plan - IDCW;INF174V01AL7;INF174V01AK9;11.6154;;;13-Jan-2026

Mirae Asset Mutual Fund
142641;Mirae Asset Short Duration Fund - Direct Plan - Growth;INF769K01DX6;;17.2202;;;13-Jan-2026
142640;Mirae Asset Short Duration Fund - Direct Plan - IDCW;INF769K01DY4;INF769K01DZ1;17.1775;;;13-Jan-2026
142642;Mirae Asset Short Duration Fund - Regular Plan - Growth;INF769K01DU2;;16.1619;;;13-Jan-2026
142643;Mirae Asset Short Duration Fund - Regular Plan - IDCW;INF769K01DV0;INF769K01DW8;16.1654;;;13-Jan-2026

Nippon India Mutual Fund
101665;Nippon India Short Duration  Fund-Growth Plan;INF204K01FL4;;54.3805;;;13-Jan-2026
125269;NIPPON INDIA SHORT DURATION FUND - Direct Plan - IDCW Option;INF204KA1ES0;INF204KA1ET8;24.0869;;;13-Jan-2026
118797;NIPPON INDIA SHORT DURATION FUND - Direct Plan - MONTHLY IDCW Option;INF204K01B40;;11.7186;;;13-Jan-2026
118800;NIPPON INDIA SHORT DURATION FUND - Direct Plan - QUARTERLY IDCW OPTION;INF204K01B65;INF204K01B73;15.2533;;;13-Jan-2026
118796;Nippon India Short Duration Fund - Direct Plan Growth Plan - Growth Option;INF204K01B32;;59.2682;;;13-Jan-2026
125268;NIPPON INDIA SHORT DURATION FUND - IDCW Option;INF204KA1EQ4;INF204KA1ER2;22.1188;;;13-Jan-2026
101667;NIPPON INDIA SHORT DURATION FUND - MONTHLY IDCW Option;INF204K01FM2;INF204K01FN0;11.4990;;;13-Jan-2026
101669;NIPPON INDIA SHORT DURATION FUND - QUARTERLY IDCW OPTION;INF204K01FO8;INF204K01FP5;14.8950;;;13-Jan-2026

SBI Mutual Fund
106230;SBI Short Horizon Debt Fund - Short Term Fund - Retail Dividend - Fortnightly Income Distribution cum Capital Withdrawal Option (IDCW);INF200K01IA9;INF200K01IB7;15.5500;;;13-Jan-2026
106229;SBI Short Horizon Debt Fund - Short Term Fund - Retail Dividend - Monthly Income Distribution cum Capital Withdrawal Option (IDCW);INF200K01IC5;INF200K01ID3;17.1440;;;13-Jan-2026
106228;SBI Short Horizon Debt Fund - Short Term Fund - Retail Dividend - Weekly Income Distribution cum Capital Withdrawal Option (IDCW);INF200K01IE1;INF200K01IF8;15.5266;;;13-Jan-2026
106227;SBI SHORT HORIZON DEBT FUND-SHORT TERM FUND - RETAIL - GROWTH;INF200K01IG6;;37.4300;;;13-Jan-2026
119813;SBI Short Term Debt Fund - Direct Plan - Monthly Income Distribution cum Capital Withdrawal Option (IDCW);INF200K01VF1;INF200K01VG9;19.6420;;;13-Jan-2026
119816;SBI SHORT TERM DEBT FUND - DIRECT PLAN -GROWTH;INF200K01VE4;;35.2248;;;13-Jan-2026
119815;SBI Short Term Debt Fund - Direct Plan Fortnightly Income Distribution cum Capital Withdrawal Option (IDCW);INF200K01VC8;INF200K01VD6;23.7254;;;13-Jan-2026
119817;SBI Short Term Debt Fund - Direct Plan Weekly Income Distribution cum Capital Withdrawal Option (IDCW);INF200K01VH7;INF200K01VI5;15.4295;;;13-Jan-2026
106233;SBI Short Term Debt Fund - Regular Plan - Monthly Income Distribution cum Capital Withdrawal Option (IDCW);INF200K01HV7;INF200K01HW5;18.2899;;;13-Jan-2026
106231;SBI SHORT TERM DEBT FUND - REGULAR PLAN -GROWTH;INF200K01HZ8;;33.0824;;;13-Jan-2026
106234;SBI Short Term Debt Fund - Regular Plan Fortnightly Income Distribution cum Capital Withdrawal Option (IDCW);INF200K01HT1;INF200K01HU9;14.9850;;;13-Jan-2026
106232;SBI Short Term Debt Fund - Regular Plan Weekly Income Distribution cum Capital Withdrawal Option (IDCW);INF200K01HX3;INF200K01HY1;14.9998;;;13-Jan-2026

Sundaram Mutual Fund
149588;Sundaram Short Duration Fund (Formerly Known as Principal Short Term Debt Fund) - Direct Plan - Income Distribution CUM Capital Withdrawal Plan (IDCW);INF173K01GQ8;INF173K01GR6;13.2348;;;13-Jan-2026
149587;Sundaram Short Duration Fund (Formerly Known as Principal Short Term Debt Fund)- Direct Plan - Growth Option;INF173K01GP0;;49.4250;;;13-Jan-2026
149585;Sundaram Short Duration Fund (Formerly Known as Principal Short Term Debt Fund)- Growth Plan;INF173K01BA3;;45.5304;;;13-Jan-2026
149586;Sundaram Short Duration Fund (Formerly Known as Principal Short Term Debt Fund)- Income Distribution CUM Capital Withdrawal Option (IDCW);INF173K01BB1;INF173K01BC9;13.1255;;;13-Jan-2026

Tata Mutual Fund
119949;Tata Short Term Bond Fund - Direct Plan - Growth Option;INF277K01QR4;;54.4684;;;13-Jan-2026
101548;Tata Short Term Bond Fund -Regular Plan- Growth Option;INF277K01972;;49.0143;;;13-Jan-2026
119950;Tata Short Term Bond Fund Direct Plan - Monthly Payout of IDCW Option;INF277K01QP8;INF277K01QQ6;24.7400;;;13-Jan-2026
133974;Tata Short Term Bond Fund- Direct Plan - Periodic Payout of IDCW Option;INF277K01P38;INF277K01P46;28.9032;;;13-Jan-2026
101547;Tata Short Term Bond Fund- Regular Plan - Monthly Payout of IDCW Option;INF277K01EI9;INF277K01964;22.1346;;;13-Jan-2026
133975;Tata Short Term Bond Fund- Regular Plan - Periodic Payout of IDCW Option;INF277K01P12;INF277K01P20;25.9701;;;13-Jan-2026

Trust Mutual Fund
149076;TRUSTMF Short Duration Fund-Direct Plan-Growth;INF0GCD01370;;1314.3495;;;13-Jan-2026
149078;TRUSTMF Short Duration Fund-Direct Plan-Monthly Income Distribution Cum Capital Withdrawal;INF0GCD01396;INF0GCD01404;1146.6981;;;13-Jan-2026
149079;TRUSTMF Short Duration Fund-Direct Plan-Quarterly Income Distribution Cum Capital Withdrawal;INF0GCD01412;INF0GCD01420;1159.8394;;;13-Jan-2026
149077;TRUSTMF Short Duration Fund-Direct Plan-Weekly Income Distribution Cum Capital Withdrawal;;INF0GCD01388;1122.871;;;13-Jan-2026
149073;TRUSTMF Short Duration Fund-Regular Plan-Growth;INF0GCD01313;;1285.4442;;;13-Jan-2026
149080;TRUSTMF Short Duration Fund-Regular Plan-Monthly Income Distribution Cum Capital Withdrawal;INF0GCD01339;INF0GCD01347;1129.6608;;;13-Jan-2026
149075;TRUSTMF Short Duration Fund-Regular Plan-Quarterly Income Distribution Cum Capital Withdrawal;INF0GCD01354;INF0GCD01362;1132.5226;;;13-Jan-2026
149074;TRUSTMF Short Duration Fund-Regular Plan-Weekly Income Distribution Cum Capital Withdrawal;;INF0GCD01321;1106.466;;;13-Jan-2026

Union Mutual Fund
153242;Union Short Duration Fund - Direct Plan - Growth Option;INF582M01KO3;;10.7034;;;13-Jan-2026
153243;Union Short Duration Fund - Direct Plan - IDCW Option;INF582M01KP0;INF582M01KQ8;10.7034;;;13-Jan-2026
153240;Union Short Duration Fund - Regular Plan - Growth Option;INF582M01KK1;;10.6626;;;13-Jan-2026
153241;Union Short Duration Fund - Regular Plan - IDCW Option;INF582M01KL9;INF582M01KM7;10.6626;;;13-Jan-2026

UTI Mutual Fund
135497;UTI Short Duration Fund - Direct Plan - Annual IDCW;INF789FA1R33;INF789FA1R41;13.6088;;;13-Jan-2026
124962;UTI Short Duration Fund - Direct Plan - Flexi IDCW;INF789FB1T70;INF789FB1T62;19.2091;;;13-Jan-2026
120718;UTI Short Duration Fund - Direct Plan - Growth Option;INF789F01XY0;;34.7777;;;13-Jan-2026
131425;UTI Short Duration Fund - Direct Plan - Half Yearly Dividend Option;INF789FA1R17;INF789FA1R25;14.2368;;;13-Jan-2026
131548;UTI Short Duration Fund - Direct Plan - Monthly IDCW;INF789F01XZ7;INF789F01YA8;10.6844;;;13-Jan-2026
120719;UTI Short Duration Fund - Direct Plan - Quarterly IDCW;INF789FA1R66;INF789FA1R74;19.6644;;;13-Jan-2026
106383;UTI Short Duration Fund - Discontinued Regular Option - Dividend Sub Option;INF789F01AH3;INF789F01AI1;24.2638;;;13-Jan-2026
106384;UTI Short Duration Fund - Discontinued Regular Option -Growth Sub Option;INF789F01AJ9;;45.8978;;;13-Jan-2026
134517;UTI Short Duration Fund - Regular Plan - Annual IDCW;INF789FA1Q91;INF789FA1R09;14.4192;;;13-Jan-2026
125045;UTI Short Duration Fund - Regular Plan - Flexi IDCW;INF789FB1T54;INF789FB1T47;18.618;;;13-Jan-2026
106624;UTI Short Duration Fund - Regular Plan - Growth Option;INF789F01QA4;;32.6056;;;13-Jan-2026
131424;UTI Short Duration Fund - Regular Plan - Half-Yearly IDCW;INF789FA1Q75;INF789FA1Q83;13.9668;;;13-Jan-2026
131547;UTI Short Duration Fund - Regular Plan - Monthly IDCW;INF789F01QB2;INF789F01QC0;11.9934;;;13-Jan-2026
106980;UTI Short Duration Fund - Regular Plan - Quarterly IDCW;INF789FC1GD5;INF789FA1R58;16.8724;;;13-Jan-2026

Open Ended Schemes ( Debt Scheme - Medium Duration Fund )


Aditya Birla Sun Life Mutual Fund
119540;Aditya Birla Sun Life Medium Term Plan - DIRECT - HALF YEARLY IDCW;INF209KA1KN3;;14.8338;;;13-Jan-2026
119538;Aditya Birla Sun Life Medium Term Plan - Direct - IDCW;INF209KA1KO1;;18.579;;;13-Jan-2026
119541;Aditya Birla Sun Life Medium Term Plan - DIRECT - Quarterly IDCW;INF209KA1KP8;;14.2215;;;13-Jan-2026
119539;Aditya Birla Sun Life Medium Term Plan - Growth - Direct Plan;INF209K01XA9;;45.8473;;;13-Jan-2026
111803;Aditya Birla Sun Life Medium Term Plan - Growth - Regular Plan;INF209K01603;;41.9976;;;13-Jan-2026
111811;Aditya Birla Sun Life Medium Term Plan - REGULAR - HALFYEARLY IDCW;INF209K01595;INF209K01CZ0;13.9249;;;13-Jan-2026
111812;Aditya Birla Sun Life Medium Term Plan - Regular - IDCW;INF209K01611;INF209K01DA1;16.9603;;;13-Jan-2026
111809;Aditya Birla Sun Life Medium Term Plan - REGULAR - Quarterly IDCW;INF209K01637;INF209KB1OJ2;13.5296;;;13-Jan-2026

Axis Mutual Fund
120475;Axis Strategic Bond Fund - Direct Plan - Growth Option;INF846K01DT0;;31.9027;;;13-Jan-2026
120474;Axis Strategic Bond Fund - Direct Plan - Half Yearly IDCW;INF846K01DU8;INF846K01DV6;11.9883;;;13-Jan-2026
120476;Axis Strategic Bond Fund - Direct Plan - Quarterly IDCW;INF846K01DW4;INF846K01DX2;10.4180;;;13-Jan-2026
116894;Axis Strategic Bond Fund - Regular Plan - Growth Option;INF846K01BP2;;28.9381;;;13-Jan-2026
116896;Axis Strategic Bond Fund - Regular Plan - Half Yearly IDCW;INF846K01BR8;INF846K01BT4;10.5819;;;13-Jan-2026
116895;Axis Strategic Bond Fund - Regular Plan - Quarterly IDCW;INF846K01BQ0;INF846K01BS6;10.1499;;;13-Jan-2026

Bandhan Mutual Fund
118399;Bandhan Medium Duration Fund - Direct Plan - Bi Monthly IDCW;INF194K01T59;INF194K01T42;10.5696;;;13-Jan-2026
118400;Bandhan Medium Duration Fund - Direct Plan - Daily IDCW;;INF194K01S68;10.4194;;;13-Jan-2026
118401;Bandhan Medium Duration Fund - Direct Plan - Growth;INF194K01S50;;51.0581;;;13-Jan-2026
118402;Bandhan Medium Duration Fund - Direct Plan - Monthly IDCW;INF194K01T26;INF194K01T18;10.4620;;;13-Jan-2026
131384;Bandhan Medium Duration Fund - Direct Plan - Periodic IDCW;INF194KA1TD2;INF194KA1TE0;13.3292;;;13-Jan-2026
118403;Bandhan Medium Duration Fund - Direct Plan - Quarterly IDCW;INF194K01S92;INF194K01S84;11.2925;;;13-Jan-2026
108730;Bandhan Medium Duration Fund - Regular Plan - Bi-Monthly IDCW;INF194K01KF9;INF194K01KE2;10.2536;;;13-Jan-2026
108731;Bandhan Medium Duration Fund - Regular Plan - Daily IDCW;INF194K01JW6;INF194K01JV8;10.2769;;;13-Jan-2026
108729;Bandhan Medium Duration Fund - Regular Plan - Fortnightly IDCW;INF194K01KI3;INF194K01KH5;10.2611;;;13-Jan-2026
108728;Bandhan Medium Duration Fund - Regular Plan - Growth;INF194K01JU0;;46.6721;;;13-Jan-2026
108727;Bandhan Medium Duration Fund - Regular Plan - Monthly IDCW;INF194K01KC6;INF194K01KB8;10.2223;;;13-Jan-2026
131385;Bandhan Medium Duration Fund - Regular Plan - Periodic IDCW;INF194KA1TA8;INF194KA1TB6;14.7023;;;13-Jan-2026
113169;Bandhan Medium Duration Fund - Regular Plan - Quarterly IDCW;INF194K01JZ9;INF194K01JY2;11.0991;;;13-Jan-2026

DSP Mutual Fund
118924;DSP Bond Fund - Direct Plan - Growth;INF740K01MZ3;;89.2167;;;13-Jan-2026
118922;DSP Bond Fund - Direct Plan - IDCW;INF740K01NB2;INF740K01ND8;12.0224;;;13-Jan-2026
118921;DSP Bond Fund - Direct Plan - IDCW - Monthly;INF740K01NA4;INF740K01NC0;11.2567;;;13-Jan-2026
100078;DSP Bond Fund - Growth;INF740K01557;;83.8574;;;13-Jan-2026
100077;DSP Bond Fund - IDCW;INF740K01565;INF740K01995;11.8758;;;13-Jan-2026
100079;DSP Bond Fund - IDCW - Monthly;INF740K01573;INF740K01AA1;11.1489;;;13-Jan-2026

HDFC Mutual Fund
101990;HDFC Medium Term Debt Fund - Fornightly IDCW Option;INF179K01897;INF179K01905;10.0957;;;13-Jan-2026
119080;HDFC Medium Term Debt Fund - Fortnightly IDCW Opt - Direct Plan;INF179KA1NP8;INF179KA1NO1;10.0959;;;13-Jan-2026
101989;HDFC Medium Term Debt Fund - Growth Option;INF179K01913;;57.9857;;;13-Jan-2026
119081;HDFC Medium Term Debt Fund - Growth Option - Direct Plan;INF179K01WI9;;63.1508;;;13-Jan-2026
132852;HDFC Medium Term Debt Fund - IDCW Option;INF179KA1E16;INF179KA1E08;19.5678;;;13-Jan-2026
132853;HDFC Medium Term Debt Fund - IDCW Option - Direct Plan;INF179KA1D90;INF179KA1D82;21.1011;;;13-Jan-2026

HSBC Mutual Fund
151150;HSBC Medium Duration Fund - Direct Annual IDCW;INF917K01WF8;INF917K01WC5;12.269;;;13-Jan-2026
151146;HSBC Medium Duration Fund - Direct Growth;INF917K01TK4;;23.0081;;;13-Jan-2026
151148;HSBC Medium Duration Fund - Direct IDCW;INF917K01TM0;INF917K01TL2;11.614;;;13-Jan-2026
151151;HSBC Medium Duration Fund - Regular Annual IDCW;INF917K01WE1;INF917K01WD3;11.1687;;;13-Jan-2026
151149;HSBC Medium Duration Fund - Regular Growth;INF917K01TH0;;21.0121;;;13-Jan-2026
151147;HSBC Medium Duration Fund - Regular IDCW;INF917K01TJ6;INF917K01TI8;10.5368;;;13-Jan-2026

ICICI Prudential Mutual Fund
120670;ICICI Prudential Medium Term Bond Fund - Direct Plan - Growth;INF109K015A5;;51.3266;;;13-Jan-2026
120671;ICICI Prudential Medium Term Bond Fund - Direct Plan - Quarterly IDCW;INF109K018A9;INF109K019A7;11.3136;;;13-Jan-2026
102741;ICICI Prudential Medium Term Bond Fund - Growth;INF109K01AH4;;46.5910;;;13-Jan-2026
113137;ICICI Prudential Medium Term Bond Fund - Quarterly IDCW;INF109K01UF6;INF109K01IO3;10.7395;;;13-Jan-2026

Invesco Mutual Fund
149013;Invesco India Medium Duration Fund - Direct Plan - Discretionary IDCW (Payout/Reinvestment);INF205KA1411;INF205KA1445;1313.0199;;;13-Jan-2026
149011;Invesco India Medium Duration Fund - Direct Plan - Growth;INF205KA1429;;1313.0839;;;13-Jan-2026
149014;Invesco India Medium Duration Fund - Direct Plan - Quarterly IDCW (Payout / Reinvestment));INF205KA1403;INF205KA1437;1039.7289;;;13-Jan-2026
149010;Invesco India Medium Duration Fund - Regular Plan - Discretionary IDCW(Payout / Reinvestment));INF205KA1361;INF205KA1395;1264.6229;;;13-Jan-2026
149012;Invesco India Medium Duration Fund - Regular Plan - Growth;INF205KA1379;;1264.6195;;;13-Jan-2026
149009;Invesco India Medium Duration Fund - Regular Plan - Quarterly IDCW (Payout / Reinvestment);INF205KA1353;INF205KA1387;1038.549;;;13-Jan-2026

Kotak Mahindra Mutual Fund
128079;Kotak Medium Term Fund - Direct - Standard Income Distribution cum capital withdrawal option;INF174K01VS1;INF174K01VU7;26.414;;;13-Jan-2026
128006;Kotak Medium Term Fund - Direct Growth;INF174K01VQ5;;26.4117;;;13-Jan-2026
128009;Kotak Medium Term Fund - Growth;INF174K01VL6;;23.6391;;;13-Jan-2026
128078;Kotak Medium Term Fund - Standard Income Distribution cum capital withdrawal option;INF174K01VN2;INF174K01VP7;14.5094;;;13-Jan-2026

Nippon India Mutual Fund
148283;Nippon India Medium Duration  Fund - Segregated Portfolio 2 - Bonus Option;INF204KB11R9;;0.0000;;;13-Jan-2026
148284;NIPPON INDIA MEDIUM DURATION FUND -  SEGREGATED PORTFOLIO 2 - DIRECT Plan - IDCW Option;INF204KB16Q0;INF204KB17Q8;0.0000;;;13-Jan-2026
148289;NIPPON INDIA MEDIUM DURATION FUND -  SEGREGATED PORTFOLIO 2 - DIRECT Plan - QUARTERLY IDCW Option;INF204KB18Q6;INF204KB19Q4;0.0000;;;13-Jan-2026
148290;NIPPON INDIA MEDIUM DURATION FUND -  SEGREGATED PORTFOLIO 2 - IDCW Option;INF204KB12R7;INF204KB13R5;0.0000;;;13-Jan-2026
148287;NIPPON INDIA MEDIUM DURATION FUND -  SEGREGATED PORTFOLIO 2 - QUARTERLY IDCW Option;INF204KB14R3;INF204KB15R0;0.0000;;;13-Jan-2026
130052;Nippon India Medium Duration Fund - Direct Plan - Bonus Option;INF204KA1QG9;;17.6286;;;13-Jan-2026
130050;Nippon India Medium Duration Fund - Direct Plan - Growth Option;INF204KA1QF1;;17.6249;;;13-Jan-2026
130054;NIPPON INDIA MEDIUM DURATION FUND - DIRECT Plan - IDCW Option;INF204KA1QH7;INF204KA1QJ3;14.8661;;;13-Jan-2026
130055;NIPPON INDIA MEDIUM DURATION FUND - DIRECT Plan - QUARTERLY IDCW Option;INF204KA1QI5;INF204KA1QK1;11.0032;;;13-Jan-2026
130037;Nippon India Medium Duration Fund - Growth Option;INF204KA1PZ1;;16.2300;;;13-Jan-2026
130053;NIPPON INDIA MEDIUM DURATION FUND - IDCW Option;INF204KA1QB0;INF204KA1QD6;13.8882;;;13-Jan-2026
130056;NIPPON INDIA MEDIUM DURATION FUND - QUARTERLY IDCW Option;INF204KA1QC8;INF204KA1QE4;10.9116;;;13-Jan-2026
148288;Nippon India Medium Duration Fund - Segregated Portfolio 2 - Direct Plan - Bonus Option;INF204KB15Q2;;0.0000;;;13-Jan-2026
148285;Nippon India Medium Duration Fund - Segregated Portfolio 2 - Direct Plan - Growth Option;INF204KB10R1;;0.0000;;;13-Jan-2026
148286;Nippon India Medium Duration Fund - Segregated Portfolio 2 - Growth Option;INF204KB16R8;;0.0000;;;13-Jan-2026

SBI Mutual Fund
119824;SBI MEDIUM DURATION FUND - DIRECT PLAN - GROWTH;INF200K01VB0;;57.0309;;;13-Jan-2026
119825;SBI Medium Duration Fund - Direct Plan - Income Distribution cum Capital Withdrawal Option (IDCW);INF200K01UZ1;INF200K01VA2;22.1689;;;13-Jan-2026
102053;SBI MEDIUM DURATION FUND - REGULAR PLAN - GROWTH;INF200K01719;;52.6265;;;13-Jan-2026
102054;SBI Medium Duration Fund - Regular Plan - Income Distribution cum Capital Withdrawal Option (IDCW);INF200K01727;INF200K01735;20.3996;;;13-Jan-2026

Sundaram Mutual Fund
119675;Sundaram Medium Duration Fund (Formerly Known as Sundaram Medium Term Bond Fund) Direct Plan - Growth;INF903J01PO6;;78.7890;;;13-Jan-2026
119672;Sundaram Medium Duration Fund (Formerly Known as Sundaram Medium Term Bond Fund) Direct Plan-Income Distribution cum Capital Withdrawal (IDCW);INF903J01PK4;INF903J01PL2;27.3078;;;13-Jan-2026
100603;Sundaram Medium Duration Fund (Formerly Known as Sundaram Medium Term Bond Fund) Regular Plan - Growth;INF903J01FQ2;;70.2700;;;13-Jan-2026
100602;Sundaram Medium Duration Fund (Formerly Known as Sundaram Medium Term Bond Fund) Regular Plan-Income Distribution cum Capital Withdrawal(IDCW);INF903J01FR0;INF903J01FU4;13.3681;;;13-Jan-2026

UTI Mutual Fund
148248;UTI - Medium Term Fund (Segregated - 06032020) - Direct Plan - Annual Dividend Option;INF789F1ASC5;INF789F1ASD3;0;;;13-Jan-2026
148249;UTI - Medium Term Fund (Segregated - 06032020) - Direct Plan - Flexi Dividend Option;INF789F1ASG6;INF789F1ASH4;0;;;13-Jan-2026
148257;UTI - Medium Term Fund (Segregated - 06032020) - Direct Plan - Growth Option;INF789F1ASB7;;0;;;13-Jan-2026
148256;UTI - Medium Term Fund (Segregated - 06032020) - Direct Plan - Half Yearly Dividend Option;INF789F1ASE1;INF789F1ASF8;0;;;13-Jan-2026
148250;UTI - Medium Term Fund (Segregated - 06032020) - Direct Plan - Monthly Dividend Option;INF789F1ASI2;INF789F1ASJ0;0;;;13-Jan-2026
148255;UTI - Medium Term Fund (Segregated - 06032020) - Direct Plan - Quarterly Dividend Option;INF789F1ARZ8;INF789F1ASA9;0;;;13-Jan-2026
148247;UTI - Medium Term Fund (Segregated - 06032020) - Regular Plan - Annual Dividend Option;INF789F1ASN2;INF789F1ASO0;0;;;13-Jan-2026
148254;UTI - Medium Term Fund (Segregated - 06032020) - Regular Plan - Flexi Dividend Option;INF789F1ASR3;INF789F1ASS1;0;;;13-Jan-2026
148252;UTI - Medium Term Fund (Segregated - 06032020) - Regular Plan - Growth Option;INF789F1ASM4;;0;;;13-Jan-2026
148251;UTI - Medium Term Fund (Segregated - 06032020) - Regular Plan - Half Yearly Dividend Option;INF789F1ASP7;INF789F1ASQ5;0;;;13-Jan-2026
148246;UTI - Medium Term Fund (Segregated - 06032020) - Regular Plan - Monthly Dividend Option;INF789F1AST9;INF789F1ASU7;0;;;13-Jan-2026
148253;UTI - Medium Term Fund (Segregated - 06032020) - Regular Plan - Quarterly Dividend Option;INF789F1ASK8;INF789F1ASL6;0;;;13-Jan-2026
134505;UTI Medium Duration Fund - Direct Plan - Annual IDCW;INF789FB1KL1;INF789FB1KM9;14.8835;;;13-Jan-2026
134506;UTI Medium Duration Fund - Direct Plan - Flexi IDCW;INF789FB1KO5;INF789FB1KN7;15.6225;;;13-Jan-2026
134503;UTI Medium Duration Fund - Direct Plan - Growth Option;INF789FB1KE6;;20.0943;;;13-Jan-2026
134504;UTI Medium Duration Fund - Direct Plan - Half-Yearly IDCW;INF789FB1KJ5;INF789FB1KK3;15.051;;;13-Jan-2026
134501;UTI Medium Duration Fund - Direct Plan - Monthly IDCW;INF789FB1KF3;INF789FB1KG1;10.5385;;;13-Jan-2026
134502;UTI Medium Duration Fund - Direct Plan - Quarterly IDCW;INF789FB1KH9;INF789FB1KI7;15.0347;;;13-Jan-2026
134500;UTI Medium Duration Fund - Regular Plan - Annual IDCW;INF789FB1KA4;INF789FB1KB2;13.6945;;;13-Jan-2026
134498;UTI Medium Duration Fund - Regular Plan - Flexi IDCW;INF789FB1KC0;INF789FB1KD8;13.7937;;;13-Jan-2026
134499;UTI Medium Duration Fund - Regular Plan - Growth Option;INF789FB1JU4;;18.6713;;;13-Jan-2026
134497;UTI Medium Duration Fund - Regular Plan - Half-Yearly IDCW;INF789FB1JY6;INF789FB1JZ3;13.4608;;;13-Jan-2026
134495;UTI Medium Duration Fund - Regular Plan - Monthly IDCW;INF789FB1JV2;INF789FB1KP2;13.4653;;;13-Jan-2026

Open Ended Schemes ( Debt Scheme - Medium to Long Duration Fund )


Aditya Birla Sun Life Mutual Fund
133446;Aditya Birla Sun Life Income Fund - Direct - IDCW;INF209KA1WL2;INF209KA1WM0;12.765;;;13-Jan-2026
119655;Aditya Birla Sun Life Income Fund - Direct - Quarterly IDCW;INF209K01R13;INF209K01WZ8;14.0588;;;13-Jan-2026
119657;Aditya Birla Sun Life Income Fund - Growth - Direct Plan;INF209K01WY1;;136.6961;;;13-Jan-2026
100038;Aditya Birla Sun Life Income Fund - Growth - Regular Plan;INF209K01579;;126.4688;;;13-Jan-2026
133445;Aditya Birla Sun Life Income Fund - Regular - IDCW;INF209KA1WJ6;INF209KA1WK4;11.9495;;;13-Jan-2026
100037;Aditya Birla Sun Life Income Fund - Regular - Quarterly IDCW;INF209K01587;INF209K01CY3;13.0633;;;13-Jan-2026

Bandhan Mutual Fund
118393;Bandhan Medium to Long Duration Fund - Direct Plan - Annual IDCW;INF194K01R77;INF194K01R69;16.2458;;;13-Jan-2026
118394;Bandhan Medium to Long Duration Fund - Direct Plan - Growth;INF194K01R51;;71.6156;;;13-Jan-2026
118395;Bandhan Medium to Long Duration Fund - Direct Plan - Half Yearly IDCW;INF194K01S01;INF194K01R93;12.8018;;;13-Jan-2026
131386;Bandhan Medium to Long Duration Fund - Direct Plan - Periodic IDCW;INF194KA1SX2;INF194KA1SY0;17.4101;;;13-Jan-2026
118396;Bandhan Medium to Long Duration Fund - Direct Plan - Quarterly IDCW;INF194K01S35;INF194K01S27;12.6054;;;13-Jan-2026
108766;Bandhan Medium to Long Duration Fund - Regular Plan - Annual IDCW;INF194K01IN7;INF194K01IM9;11.8191;;;13-Jan-2026
108765;Bandhan Medium to Long Duration Fund - Regular Plan - Growth;INF194K01IL1;;65.2249;;;13-Jan-2026
108763;Bandhan Medium to Long Duration Fund - Regular Plan - Half-yearly IDCW;INF194K01IQ0;INF194K01IP2;11.8887;;;13-Jan-2026
131387;Bandhan Medium to Long Duration Fund - Regular Plan - Periodic IDCW;INF194KA1SU8;INF194KA1SV6;13.9987;;;13-Jan-2026
108764;Bandhan Medium to Long Duration Fund - Regular Plan - Quarterly IDCW;INF194K01IT4;INF194K01IS6;12.0299;;;13-Jan-2026
108768;Bandhan Short Duration Fund - Regular Plan - Growth;INF194K01HF5;;58.6993;;;13-Jan-2026
108767;Bandhan Short Duration Fund - Regular Plan - Monthly IDCW;INF194K01HH1;INF194K01HG3;10.3601;;;13-Jan-2026

Bank of India Mutual Fund
119395;BANK OF INDIA Conservative Hybrid  Fund-Direct Plan-Quarterly IDCW;INF761K01850;INF761K01843;18.1935;;;13-Jan-2026
119393;BANK OF INDIA Conservative Hybrid Fund Fund-Direct Plan-Growth;INF761K01819;;37.0275;;;13-Jan-2026
119396;BANK OF INDIA Conservative Hybrid Fund-Direct Plan-Annual IDCW;INF761K01793;INF761K01801;16.8732;;;13-Jan-2026
119394;BANK OF INDIA Conservative Hybrid Fund-Direct Plan-Monthly IDCW;INF761K01835;INF761K01827;16.4948;;;13-Jan-2026
111715;BANK OF INDIA Conservative Hybrid Fund-ECO Plan-Growth;INF761K01397;;35.7230;;;13-Jan-2026
111717;BANK OF INDIA Conservative Hybrid Fund-ECO Plan-Monthly IDCW;INF761K01413;INF761K01405;27.0579;;;13-Jan-2026
111714;BANK OF INDIA Conservative Hybrid Fund-Regular Plan-Annual IDCW;INF761K01454;INF761K01447;16.7243;;;13-Jan-2026
111712;BANK OF INDIA Conservative Hybrid Fund-Regular Plan-Growth;INF761K01462;;34.4520;;;13-Jan-2026
111716;BANK OF INDIA Conservative Hybrid Fund-Regular Plan-Monthly IDCW;INF761K01488;INF761K01470;17.7373;;;13-Jan-2026
111713;BANK OF INDIA Conservative Hybrid Fund-Regular Plan-Quarterly IDCW;INF761K01504;INF761K01496;18.3841;;;13-Jan-2026

Canara Robeco Mutual Fund
118282;CANARA ROBECO INCOME FUND - DIRECT PLAN - GROWTH OPTION;INF760K01FI1;;62.8514;;;13-Jan-2026
118281;CANARA ROBECO INCOME FUND - DIRECT PLAN - QUARTERLY IDCW (Payout/Reinvestment);INF760K01FG5;INF760K01FH3;16.8441;;;13-Jan-2026
101588;CANARA ROBECO INCOME FUND - REGULAR PLAN - GROWTH OPTION;INF760K01324;;55.7078;;;13-Jan-2026
101587;CANARA ROBECO INCOME FUND - REGULAR PLAN - QUARTERLY IDCW (Payout/Reinvestment);INF760K01340;INF760K01357;14.6961;;;13-Jan-2026

Franklin Templeton Mutual Fund
152852;Franklin India Medium to Long Duration Fund - Direct - IDCW;INF090I01XH2;INF090I01XI0;10.5241;;;13-Jan-2026
152851;Franklin India Medium to Long Duration Fund - Direct Growth;INF090I01XG4;;10.8975;;;13-Jan-2026
152853;Franklin India Medium to Long Duration Fund - Growth;INF090I01XD1;;10.8243;;;13-Jan-2026
152854;Franklin India Medium to Long Duration Fund - IDCW;INF090I01XE9;INF090I01XF6;10.4615;;;13-Jan-2026

HDFC Mutual Fund
100124;HDFC Income Fund - Growth Option;INF179K01962;;58.7617;;;13-Jan-2026
119069;HDFC Income Fund - Growth Option - Direct Plan;INF179K01WL3;;65.2061;;;13-Jan-2026
133365;HDFC Income Fund - Normal IDCW - Direct Plan;INF179KA1Q12;;20.621;;;13-Jan-2026
133366;HDFC Income Fund - Normal IDCW Option;INF179KA1Q38;;18.5311;;;13-Jan-2026
100123;HDFC Income Fund - Quarterly IDCW Option;INF179K01947;INF179K01954;11.3769;;;13-Jan-2026
119068;HDFC Income Fund - Quarterly IDCW- Direct Plan;INF179K01WJ7;INF179K01WK5;12.7725;;;13-Jan-2026

HSBC Mutual Fund
120059;HSBC Medium to Long Duration Fund - Direct Growth;INF336L01DE2;;47.6039;;;13-Jan-2026
120101;HSBC Medium to Long Duration Fund - Direct Quarterly IDCW;INF336L01EO9;INF336L01EP6;10.4961;;;13-Jan-2026
101685;HSBC Medium to Long Duration Fund - Regular Growth;INF336L01776;;42.5225;;;13-Jan-2026
101686;HSBC Medium to Long Duration Fund - Regular Quarterly IDCW;INF336L01784;INF336L01792;10.4934;;;13-Jan-2026

ICICI Prudential Mutual Fund
120619;ICICI Prudential Bond Fund - Direct Plan - Growth;INF109K01V83;;43.4078;;;13-Jan-2026
131480;ICICI Prudential Bond Fund - Direct Plan - Half Yearly IDCW;INF109KA1X77;INF109KA1X69;10.9052;;;13-Jan-2026
120617;ICICI Prudential Bond Fund - Direct Plan - IDCW Monthly;INF109K01V59;INF109K01V67;11.4860;;;13-Jan-2026
120618;ICICI Prudential Bond Fund - Direct Plan - IDCW Quarterly;INF109K01V75;INF109K01V91;11.6939;;;13-Jan-2026
109740;ICICI Prudential Bond Fund - Growth;INF109K01BO8;;40.8988;;;13-Jan-2026
131481;ICICI Prudential Bond Fund - Half Yearly IDCW;INF109KA1X51;INF109KA1X44;11.2240;;;13-Jan-2026
109741;ICICI Prudential Bond Fund - IDCW Monthly;INF109K01EU9;INF109K01BP5;11.2773;;;13-Jan-2026
109743;ICICI Prudential Bond Fund - IDCW Quarterly;INF109K01EV7;INF109K01BS9;11.3144;;;13-Jan-2026

JM Financial Mutual Fund
120430;JM Medium to Long Duration Fund (Direct) - Growth Option;INF192K01CW5;;70.4557;;;13-Jan-2026
120431;JM Medium to Long Duration Fund (Direct) - Quarterly IDCW;INF192K01CU9;INF192K01CV7;24.896;;;13-Jan-2026
100223;JM Medium to Long Duration Fund (Regular) - Growth Option;INF192K01AB3;;63.0691;;;13-Jan-2026
100222;JM Medium to Long Duration Fund (Regular) - Quarterly IDCW;INF192K01999;INF192K01AA5;21.4438;;;13-Jan-2026
101181;JM Medium to Long Duration Fund (Regular) - Bonus Option- Principal Units;INF192K01AC1;;25.8034;;;13-Jan-2026

Kotak Mahindra Mutual Fund
119734;Kotak Bond Fund - Direct Plan - Standard IDCW option;INF174K01JD8;;29.1223;;;13-Jan-2026
119735;Kotak Bond Fund - Growth - Direct;INF174K01JC0;;87.4984;;;13-Jan-2026
100300;Kotak Bond Fund - Regular Plan - Standard IDCW Option;INF174K01EQ1;INF174K01EP3;47.496;;;13-Jan-2026
100299;Kotak Bond Fund - Regular Plan Growth;INF174K01EM0;;77.523;;;13-Jan-2026

LIC Mutual Fund
151990;LIC MF Medium to Long Duration Fund-Direct Plan-Annual IDCW;INF397L01GD9;;19.2016;;;13-Jan-2026
120279;LIC MF Medium to Long Duration Fund-Direct Plan-Growth;INF767K01EW0;;79.4748;;;13-Jan-2026
120278;LIC MF Medium to Long Duration Fund-Direct Plan-IDCW;INF767K01EV2;INF767K01EX8;19.2016;;;13-Jan-2026
151988;LIC MF Medium to Long Duration Fund-Direct Plan-Quarterly IDCW;INF397L01GA5;;19.2018;;;13-Jan-2026
151989;LIC MF Medium to Long Duration Fund-Regular Plan-Annual IDCW;INF397L01FX9;;16.0775;;;13-Jan-2026
100315;LIC MF Medium to Long Duration Fund-Regular Plan-Growth;INF767K01923;;73.3486;;;13-Jan-2026
100314;LIC MF Medium to Long Duration Fund-Regular Plan-IDCW;INF767K01907;INF767K01915;16.0777;;;13-Jan-2026
151986;LIC MF Medium to Long Duration Fund-Regular Plan-Quarterly IDCW;INF397L01FU5;;16.0776;;;13-Jan-2026

Nippon India Mutual Fund
100386;NIPPON INDIA MEDIUM TO LONG DURATION  FUND - ANNUAL IDCW Option;INF204K01CT4;INF204K01CU2;13.1445;;;13-Jan-2026
118680;NIPPON INDIA MEDIUM TO LONG DURATION  FUND - Direct Plan - ANNUAL IDCW Option;INF204K01YT8;INF204K01YU6;14.5044;;;13-Jan-2026
118681;NIPPON INDIA MEDIUM TO LONG DURATION  FUND - Direct Plan - HALF YEARLY IDCW Option;INF204K01YR2;INF204K01YS0;13.6002;;;13-Jan-2026
118683;NIPPON INDIA MEDIUM TO LONG DURATION  FUND - Direct Plan - MONTHLY IDCW Option;INF204K01YN1;;11.4517;;;13-Jan-2026
118679;Nippon India Medium to Long Duration  Fund - Direct Plan Growth Plan-Bonus Option;INF204K01F38;;28.9476;;;13-Jan-2026
100388;Nippon India Medium to Long Duration  Fund - Growth Plan Bonus Option;INF204K01CM9;;25.9231;;;13-Jan-2026
100387;Nippon India Medium to Long Duration  Fund - Growth Plan Growth Option;INF204K01CL1;;90.1693;;;13-Jan-2026
100385;NIPPON INDIA MEDIUM TO LONG DURATION  FUND - HALF YEARLY IDCW Option;INF204K01CR8;INF204K01CS6;12.6144;;;13-Jan-2026
100384;NIPPON INDIA MEDIUM TO LONG DURATION  FUND - QUARTERLY IDCW Option;INF204K01CP2;INF204K01CQ0;13.1600;;;13-Jan-2026
118684;NIPPON INDIA MEDIUM TO LONG DURATION FUND - Direct Plan - QUARTERLY IDCW Option;INF204K01YP6;INF204K01YQ4;13.8814;;;13-Jan-2026
118687;Nippon India Medium to Long Duration Fund - Direct Plan Growth Plan - Growth Option;INF204K01XS2;;101.3008;;;13-Jan-2026
100383;NIPPON INDIA MEDIUM TO LONG DURATION FUND - MONTHLY IDCW Option;INF204K01CN7;INF204K01CO5;10.7860;;;13-Jan-2026

SBI Mutual Fund
119713;SBI Medium to Long Duration Fund - Direct Plan - Half Yearly - Income Distribution cum Capital Withdrawal Option (IDCW);INF200K01SP6;INF200K01SQ4;22.0197;;;13-Jan-2026
121940;SBI Medium to Long Duration Fund - Direct Plan - Quarterly Income Distribution cum Capital Withdrawal Option (IDCW);INF200K01YS8;INF200K01YT6;22.5429;;;13-Jan-2026
100638;SBI Medium to Long Duration Fund - Regular Plan - Half Yearly - Income Distribution cum Capital Withdrawal Option (IDCW);INF200K01610;INF200K01628;18.7439;;;13-Jan-2026
121944;SBI Medium to Long Duration Fund - Regular Plan - Quarterly Income Distribution cum Capital Withdrawal Option (IDCW);INF200K01YQ2;INF200K01YR0;20.1809;;;13-Jan-2026
119712;SBI Medium to Long Duration Fund-DIRECT PLAN - Bonus;INF200K01SO9;;47.0723;;;13-Jan-2026
119714;SBI Medium to Long Duration Fund-DIRECT PLAN -Growth;INF200K01SR2;;77.6096;;;13-Jan-2026
100640;SBI Medium to Long Duration Fund-REGULAR PLAN-Bonus;INF200K01602;;43.4204;;;13-Jan-2026
100639;SBI Medium to Long Duration Fund-REGULAR PLAN-Growth;INF200K01594;;71.6615;;;13-Jan-2026

UTI Mutual Fund
139339;UTI Medium to Long Duration Fund - Direct Plan - Annual IDCW;INF789FA1T80;;13.2403;;;13-Jan-2026
133280;UTI Medium to Long Duration Fund - Direct Plan - Flexi IDCW;INF789FA1U04;INF789FA1U12;15.7462;;;13-Jan-2026
134998;UTI Medium to Long Duration Fund - Direct Plan - Half-Yearly IDCW;INF789FA1T64;INF789FA1T72;15.1544;;;13-Jan-2026
120690;UTI Medium to Long Duration Fund - Direct Plan - Quarterly IDCW;INF789F01SO1;INF789F01SP8;25.5419;;;13-Jan-2026
133869;UTI Medium to Long Duration Fund - Regular Plan - Annual IDCW;INF789FA1T23;INF789FA1T31;13.0334;;;13-Jan-2026
133872;UTI Medium to Long Duration Fund - Regular Plan - Flexi IDCW;INF789FA1T49;INF789FA1T56;14.415;;;13-Jan-2026
135581;UTI Medium to Long Duration Fund - Regular Plan - Half-Yearly IDCW;INF789FA1T07;INF789FA1T15;14.6464;;;13-Jan-2026
100742;UTI Medium to Long Duration Fund - Regular Plan - Quarterly IDCW;INF789F01380;INF789F01398;19.0404;;;13-Jan-2026
100741;UTI Medium to Long Duration Fund- Regular Plan - Growth;INF789F01406;;74.1343;;;13-Jan-2026
120689;UTI Medium to Long Duration Fund-Growth - Direct;INF789F01SQ6;;80.9352;;;13-Jan-2026

Open Ended Schemes ( Debt Scheme - Long Duration Fund )


Aditya Birla Sun Life Mutual Fund
150484;Aditya Birla Sun Life Long Duration Fund-Direct Growth;INF209KB17J2;;13.0598;;;13-Jan-2026
150485;Aditya Birla Sun Life Long Duration Fund-Direct IDCW Payout;INF209KB18J0;INF209KB19J8;11.3512;;;13-Jan-2026
150482;Aditya Birla Sun Life Long Duration Fund-Regular Growth;INF209KB14J9;;12.7766;;;13-Jan-2026
150483;Aditya Birla Sun Life Long Duration Fund-Regular IDCW Payout;INF209KB15J6;INF209KB16J4;11.1;;;13-Jan-2026

Axis Mutual Fund
151205;Axis Long Duration Fund - Direct Plan - Annual IDCW;INF846K017M4;INF846K019M0;1226.5835;;;13-Jan-2026
151179;Axis Long Duration Fund - Direct Plan - Growth;INF846K014L3;;1234.9489;;;13-Jan-2026
151202;Axis Long Duration Fund - Direct Plan - Monthly IDCW;INF846K019L2;INF846K011M7;1015.2552;;;13-Jan-2026
151204;Axis Long Duration Fund - Direct Plan - Quarterly IDCW;INF846K013M3;INF846K015M8;1202.6752;;;13-Jan-2026
151176;Axis Long Duration Fund - Direct Plan -Daily IDCW;;INF846K017L6;993.8792;;;13-Jan-2026
151206;Axis Long Duration Fund - Regular Plan - Annual IDCW;INF846K016M6;INF846K018M2;1209.8197;;;13-Jan-2026
151177;Axis Long Duration Fund - Regular Plan - Daily IDCW;;INF846K016L8;992.5053;;;13-Jan-2026
151178;Axis Long Duration Fund - Regular Plan - Growth;INF846K015L0;;1218.0264;;;13-Jan-2026
151201;Axis Long Duration Fund - Regular Plan - Monthly IDCW;INF846K018L4;INF846K010M9;1015.4193;;;13-Jan-2026
151203;Axis Long Duration Fund - Regular Plan - Quarterly IDCW;INF846K012M5;INF846K014M1;1185.9331;;;13-Jan-2026

Bandhan Mutual Fund
152520;Bandhan Long Duration Fund - Direct Plan - Growth;INF194KB1HY2;;11.0855;;;13-Jan-2026
152519;Bandhan Long Duration Fund - Direct Plan - IDCW;INF194KB1HZ9;INF194KB1IA0;11.0837;;;13-Jan-2026
152518;Bandhan Long Duration Fund - Regular Plan - Growth;INF194KB1HV8;;11.0036;;;13-Jan-2026
152517;Bandhan Long Duration Fund - Regular Plan - IDCW;INF194KB1HW6;INF194KB1HX4;11.0036;;;13-Jan-2026

Franklin Templeton Mutual Fund
153102;Franklin India Long Duration Fund - Direct - Growth;INF090I01XY7;;10.5463;;;13-Jan-2026
153103;Franklin India Long Duration Fund - Direct - IDCW;INF090I01YA5;INF090I01XZ4;10.3546;;;13-Jan-2026
153104;Franklin India Long Duration Fund - Growth;INF090I01XV3;;10.4884;;;13-Jan-2026
153101;Franklin India Long Duration Fund - IDCW;INF090I01XX9;INF090I01XW1;10.3173;;;13-Jan-2026

HDFC Mutual Fund
151314;HDFC Long Duration Debt Fund - Growth Option;INF179KC1EW1;;12.1454;;;13-Jan-2026
151313;HDFC Long Duration Debt Fund - Growth Option - Direct Plan;INF179KC1ET7;;12.2733;;;13-Jan-2026
151311;HDFC Long Duration Debt Fund - IDCW Option;INF179KC1EX9;INF179KC1EY7;10.524;;;13-Jan-2026
151312;HDFC Long Duration Debt Fund - IDCW Option - Direct Plan;INF179KC1EU5;INF179KC1EV3;10.2845;;;13-Jan-2026

ICICI Prudential Mutual Fund
120743;ICICI Prudential Long Term Bond Fund - Direct Plan - Growth;INF109K017L8;;98.7965;;;13-Jan-2026
120747;ICICI Prudential Long Term Bond Fund - Direct Plan - Quarterly IDCW;INF109K010M1;INF109K011M9;12.7176;;;13-Jan-2026
100365;ICICI Prudential Long Term Bond Fund - Growth;INF109K01365;;90.0332;;;13-Jan-2026
100367;ICICI Prudential Long Term Bond Fund - Quarterly IDCW;INF109K01EZ8;INF109K01399;12.3343;;;13-Jan-2026

Kotak Mahindra Mutual Fund
152491;Kotak Long Duration Fund - Direct Plan - Growth;INF174KA1RF5;;10.9438;;;13-Jan-2026
152492;Kotak Long Duration Fund - Direct Plan - IDCW;INF174KA1RG3;INF174KA1RH1;10.9441;;;13-Jan-2026
152489;Kotak Long Duration Fund - Regular Plan - Growth;INF174KA1RC2;;10.8859;;;13-Jan-2026
152490;Kotak Long Duration Fund - Regular Plan - IDCW;INF174KA1RD0;INF174KA1RE8;10.8861;;;13-Jan-2026

Mirae Asset Mutual Fund
153105;Mirae Asset Long Duration Fund - Direct Plan - Growth;INF769K01NC9;;10.3279;;;13-Jan-2026
153106;Mirae Asset Long Duration Fund - Direct Plan - IDCW;INF769K01ND7;INF769K01NF2;10.3233;;;13-Jan-2026
153107;Mirae Asset Long Duration Fund - Regular Plan - Growth;INF769K01MZ2;;10.2717;;;13-Jan-2026
153108;Mirae Asset Long Duration Fund - Regular Plan - IDCW;INF769K01NA3;INF769K01NB1;10.2716;;;13-Jan-2026

Nippon India Mutual Fund
143709;NIPPON INDIA NIVESH LAKSHYA LONG DURATION  FUND - DIRECT Plan - QUARTERLY IDCW Option;INF204KB1YV1;INF204KB1YW9;11.6135;;;13-Jan-2026
143703;NIPPON INDIA NIVESH LAKSHYA LONG DURATION FUND - ANNUAL IDCW Option;INF204KB1ZK1;INF204KB1ZL9;11.9831;;;13-Jan-2026
143711;NIPPON INDIA NIVESH LAKSHYA LONG DURATION FUND - DIRECT Plan - ANNUAL IDCW Option;INF204KB1YZ2;INF204KB1ZA2;12.0215;;;13-Jan-2026
143701;NIPPON INDIA NIVESH LAKSHYA LONG DURATION FUND - DIRECT Plan - HALF YEARLY IDCW Option;INF204KB1YX7;INF204KB1YY5;12.2984;;;13-Jan-2026
143707;NIPPON INDIA NIVESH LAKSHYA LONG DURATION FUND - DIRECT Plan - IDCW Option;INF204KB1YR9;INF204KB1YS7;18.3019;;;13-Jan-2026
143705;NIPPON INDIA NIVESH LAKSHYA LONG DURATION FUND - DIRECT Plan - MONTHLY IDCW Option;INF204KB1YT5;INF204KB1YU3;11.6197;;;13-Jan-2026
143706;NIPPON INDIA NIVESH LAKSHYA LONG DURATION FUND - IDCW Option;INF204KB1ZC8;INF204KB1ZD6;17.8707;;;13-Jan-2026
143712;NIPPON INDIA NIVESH LAKSHYA LONG DURATION FUND - MONTHLY IDCW Option;INF204KB1ZE4;INF204KB1ZF1;11.5829;;;13-Jan-2026
143708;NIPPON INDIA NIVESH LAKSHYA LONG DURATION FUND - QUARTERLY IDCW Option;INF204KB1ZG9;INF204KB1ZH7;11.5848;;;13-Jan-2026
143710;NIPPON INDIA NIVESH LAKSHYA LONG DURATION FUND LONG DURATION - HALF YEARLY IDCW Option;INF204KB1ZI5;INF204KB1ZJ3;12.2540;;;13-Jan-2026
143704;Nippon India Nivesh Lakshya Long Duration Fund- Direct Plan- Growth Option;INF204KB1YQ1;;18.3018;;;13-Jan-2026
143702;Nippon India Nivesh Lakshya Long Duration Fund- Growth Option;INF204KB1ZB0;;17.8718;;;13-Jan-2026

SBI Mutual Fund
151214;SBI Long Duration Fund - Direct Plan - Growth;INF200KA16T4;;12.5054;;;13-Jan-2026
151215;SBI Long Duration Fund - Direct Plan - Income Distribution cum Capital Withdrawal Option (IDCW);INF200KA17T2;INF200KA18T0;12.5058;;;13-Jan-2026
151212;SBI Long Duration Fund - Regular Plan - Growth;INF200KA13T1;;12.3458;;;13-Jan-2026
151213;SBI Long Duration Fund - Regular Plan - Income Distribution cum Capital Withdrawal Option (IDCW);INF200KA14T9;INF200KA15T6;12.3461;;;13-Jan-2026

UTI Mutual Fund
151525;UTI Long Duration Fund - Direct Plan - Annual IDCW Option;INF789F1AYG4;INF789F1AYH2;11.1266;;;13-Jan-2026
151526;UTI Long Duration Fund - Direct Plan - Flexi IDCW Option;INF789F1AYI0;INF789F1AYJ8;11.9157;;;13-Jan-2026
151523;UTI Long Duration Fund - Direct Plan - Growth Option;INF789F1AYB5;;12.0685;;;13-Jan-2026
151530;UTI Long Duration Fund - Direct Plan - Half Yearly IDCW Option;INF789F1AYE9;INF789F1AYF6;12.0686;;;13-Jan-2026
151524;UTI Long duration Fund - Direct Plan - Quarterly IDCW Option;INF789F1AYC3;INF789F1AYD1;12.0685;;;13-Jan-2026
151531;UTI Long Duration Fund - Regular Plan - Annual IDCW Option;INF789F1AXX1;INF789F1AXY9;10.8237;;;13-Jan-2026
151532;UTI Long Duration Fund - Regular Plan - Flexi IDCW Option;INF789F1AXZ6;INF789F1AYA7;11.7545;;;13-Jan-2026
151527;UTI Long Duration Fund - Regular Plan - Growth Option;INF789F1AXS1;;11.7543;;;13-Jan-2026
151529;UTI Long Duration Fund - Regular Plan - Half Yearly IDCW Option;INF789F1AXV5;INF789F1AXW3;11.7543;;;13-Jan-2026
151528;UTI Long Duration Fund - Regular Plan - Quarterly IDCW Option;INF789F1AXT9;INF789F1AXU7;11.7543;;;13-Jan-2026

Open Ended Schemes ( Debt Scheme - Dynamic Bond )


360 ONE Mutual Fund
122612;360 ONE Dynamic Bond Fund - Regular Plan - Growth Option;INF579M01183;;23.3312;;;13-Jan-2026
122715;360 ONE Dynamic Bond Fund Direct Plan Growth;INF579M01266;;24.6476;;;13-Jan-2026
122721;360 ONE Dynamic Bond Fund Direct Plan Monthly Dividend;INF579M01282;INF579M01316;14.0699;;;13-Jan-2026
122717;360 ONE Dynamic Bond Fund Direct Plan Quarterly Dividend;INF579M01290;INF579M01324;22.7414;;;13-Jan-2026
122711;360 ONE Dynamic Bond Fund Regular Plan Bonus;INF579M01191;;23.3311;;;13-Jan-2026
122720;360 ONE Dynamic Bond Fund Regular Plan Half Yearly Dividend;INF579M01225;INF579M01258;22.5145;;;13-Jan-2026
122719;360 ONE Dynamic Bond Fund Regular Plan Monthly Dividend;INF579M01209;INF579M01233;13.0069;;;13-Jan-2026
122712;360 ONE Dynamic Bond Fund Regular Plan Quarterly Dividend;INF579M01217;INF579M01241;22.5147;;;13-Jan-2026

Aditya Birla Sun Life Mutual Fund
119505;Aditya Birla Sun Life Dynamic Bond Fund - Growth - Direct Plan;INF209K01N82;;50.8657;;;13-Jan-2026
102767;Aditya Birla Sun Life Dynamic Bond Fund - Growth - Regular Plan;INF209K01793;;47.2675;;;13-Jan-2026
132918;Aditya Birla Sun Life Dynamic Bond Fund -Direct - IDCW;INF209KA1TX3;;13.5788;;;13-Jan-2026
119503;Aditya Birla Sun Life Dynamic Bond Fund -DIRECT - MONTHLY IDCW;INF209K01R62;;11.1129;;;13-Jan-2026
119502;Aditya Birla Sun Life Dynamic Bond Fund -Direct - Quarterly IDCW;INF209K01R88;;10.954;;;13-Jan-2026
132917;Aditya Birla Sun Life Dynamic Bond Fund -Regular - IDCW;INF209KA1TV7;;12.5048;;;13-Jan-2026
111521;Aditya Birla Sun Life Dynamic Bond Fund -REGULAR - MONTHLY IDCW;INF209K01801;INF209K01DG8;10.6422;;;13-Jan-2026
102766;Aditya Birla Sun Life Dynamic Bond Fund -Regular - Quarterly IDCW;INF209K01819;INF209K01DH6;10.6699;;;13-Jan-2026
111848;Aditya Birla Sun Life Dynamic Bond Fund-Discipline Advantage Plan-Growth;INF209K01JW2;;32.6866;;;13-Jan-2026

Axis Mutual Fund
120451;Axis Dynamic Bond Fund - Direct Plan - Growth Option;INF846K01DI3;;33.2667;;;13-Jan-2026
120450;Axis Dynamic Bond Fund - Direct Plan - Half Yearly IDCW;INF846K01DJ1;INF846K01DK9;12.8273;;;13-Jan-2026
120452;Axis Dynamic Bond Fund - Direct Plan - Quarterly IDCW;INF846K01DL7;INF846K01DM5;11.2457;;;13-Jan-2026
115068;Axis Dynamic Bond Fund - Regular Plan - Growth Option;INF846K01917;;30.2422;;;13-Jan-2026
115131;Axis Dynamic Bond Fund - Regular Plan - Half Yearly IDCW;INF846K01941;INF846K01958;11.6979;;;13-Jan-2026
115069;Axis Dynamic Bond Fund - Regular Plan - Quarterly IDCW;INF846K01925;INF846K01933;11.2794;;;13-Jan-2026

Bandhan Mutual Fund
108561;BANDHAN Dynamic Bond Fund - Regular Plan B - Quarterly IDCW;INF194K01QI0;INF194K01QH2;11.4288;;;13-Jan-2026
108675;BANDHAN Dynamic Bond Fund - Regular Plan B - Annual IDCW;INF194K01QL4;INF194K01QK6;11.2546;;;13-Jan-2026
111524;BANDHAN Dynamic Bond Fund - Regular Plan B - Growth;INF194K01QG4;;34.0357;;;13-Jan-2026
122868;BANDHAN Dynamic Bond Fund - Regular Plan B - Half Yearly IDCW;INF194K018R9;INF194K019R7;10.8280;;;13-Jan-2026
111523;BANDHAN Dynamic Bond Fund - Regular Plan B - IDCW;INF194K01QO8;INF194K01QN0;13.0140;;;13-Jan-2026
131397;BANDHAN Dynamic Bond Fund - Regular Plan B - Periodic IDCW;INF194KA1TM3;INF194KA1TN1;13.5250;;;13-Jan-2026
118415;BANDHAN Dynamic Bond Fund-Direct Plan-Annual IDCW;INF194K01O13;INF194K01O05;11.8230;;;13-Jan-2026
118416;BANDHAN Dynamic Bond Fund-Direct Plan-Growth;INF194K01N63;;38.0042;;;13-Jan-2026
122618;BANDHAN Dynamic Bond Fund-Direct Plan-Half Yearly IDCW;INF194K011P8;INF194K012P6;11.0535;;;13-Jan-2026
118417;BANDHAN Dynamic Bond Fund-Direct Plan-IDCW;INF194K01O47;INF194K01O39;16.3163;;;13-Jan-2026
131396;BANDHAN Dynamic Bond Fund-Direct Plan-Periodic IDCW;INF194KA1TP6;INF194KA1TQ4;13.3257;;;13-Jan-2026
118418;BANDHAN Dynamic Bond Fund-Direct Plan-Quarterly IDCW;INF194K01N89;INF194K01N71;13.3890;;;13-Jan-2026

Baroda BNP Paribas Mutual Fund
150179;Baroda BNP Paribas Dynamic Bond Fund - Direct Plan - Daily IDCW Option;;INF251K01GX8;10.0401;;;13-Jan-2026
150180;Baroda BNP Paribas Dynamic Bond Fund - Direct Plan - Growth Option;INF251K01GW0;;51.2331;;;13-Jan-2026
150182;Baroda BNP Paribas Dynamic Bond Fund - Direct Plan - Monthly IDCW Option;INF251K01GZ3;INF251K01HA4;10.5449;;;13-Jan-2026
150183;Baroda BNP Paribas Dynamic Bond Fund - Direct Plan - Quarterly IDCW Option;INF251K01HB2;INF251K01HC0;10.4576;;;13-Jan-2026
150184;Baroda BNP Paribas Dynamic Bond Fund - Direct Plan - Weekly IDCW Option;;INF251K01GY6;10.0220;;;13-Jan-2026
150174;Baroda BNP Paribas Dynamic Bond Fund - Regular Plan - Daily IDCW Option;;INF251K01DX5;9.9813;;;13-Jan-2026
150173;Baroda BNP Paribas Dynamic Bond Fund - Regular Plan - Growth Option;INF251K01DW7;;45.7720;;;13-Jan-2026
150178;Baroda BNP Paribas Dynamic Bond Fund - Regular Plan - Half Yearly IDCW Option;INF251K01ED5;INF251K01EE3;10.0443;;;13-Jan-2026
150176;Baroda BNP Paribas Dynamic Bond Fund - Regular Plan - Monthly IDCW Option;INF251K01DZ0;INF251K01EA1;10.0642;;;13-Jan-2026
150177;Baroda BNP Paribas Dynamic Bond Fund - Regular Plan - Quarterly IDCW Option;INF251K01EB9;INF251K01EC7;10.0096;;;13-Jan-2026
150175;Baroda BNP Paribas Dynamic Bond Fund - Regular Plan - Weekly IDCW Option;;INF251K01DY3;9.9619;;;13-Jan-2026
150172;Baroda BNP Paribas Dynamic Bond Fund-Defunct Plan - Growth Option;INF251K01EF0;;32.2334;;;13-Jan-2026

Canara Robeco Mutual Fund
118284;CANARA ROBECO DYNAMIC BOND FUND - DIRECT PLAN - GROWTH OPTION;INF760K01EC7;;32.4253;;;13-Jan-2026
118283;CANARA ROBECO DYNAMIC BOND FUND - DIRECT PLAN - IDCW (Payout/Reinvestment);INF760K01EA1;INF760K01EB9;15.0085;;;13-Jan-2026
111962;CANARA ROBECO DYNAMIC BOND FUND - REGULAR PLAN - GROWTH OPTION;INF760K01449;;29.2251;;;13-Jan-2026
111963;CANARA ROBECO DYNAMIC BOND FUND - REGULAR PLAN - IDCW (Payout/Reinvestment);INF760K01423;INF760K01431;13.3748;;;13-Jan-2026

DSP Mutual Fund
119239;DSP Strategic Bond Fund - Direct Plan - Growth;INF740K01QG4;;3607.4925;;;13-Jan-2026
119238;DSP Strategic Bond Fund - Direct Plan - IDCW;INF740K01QI0;INF740K01QK6;2457.8739;;;13-Jan-2026
119236;DSP Strategic Bond Fund - Direct Plan - IDCW - Monthly;INF740K01QH2;INF740K01QJ8;1066.0506;;;13-Jan-2026
105669;DSP Strategic Bond Fund - Regular Plan - Growth;INF740K01GK7;;3372.9777;;;13-Jan-2026
105668;DSP Strategic Bond Fund - Regular Plan - IDCW;INF740K01GO9;INF740K01GN1;1248.0803;;;13-Jan-2026
111786;DSP Strategic Bond Fund - Regular Plan - IDCW - Daily;;INF740KA1PA5;1050.5051;;;13-Jan-2026
105667;DSP Strategic Bond Fund - Regular Plan - IDCW - Monthly;INF740K01GM3;INF740K01GL5;1052.0634;;;13-Jan-2026
105878;DSP Strategic Bond Fund - Regular Plan - IDCW - Weekly;INF740K01GQ4;INF740K01GP6;1038.3294;;;13-Jan-2026

Franklin Templeton Mutual Fund
148308;Franklin India Dynamic Accrual Fund - Segregated Portfolio 3 (9.50% Yes Bank Ltd CO 23Dec21) - Direct Growth Plan;INF090I01WD3;;0.0000;;;13-Jan-2026
148307;Franklin India Dynamic Accrual Fund - Segregated Portfolio 3 (9.50% Yes Bank Ltd CO 23Dec21) - Growth Plan;INF090I01WB7;;0.0000;;;13-Jan-2026
148309;Franklin India Dynamic Accrual Fund- Segregated Portfolio 3 (9.50% Yes Bank Ltd CO 23Dec21) - IDCW;INF090I01WA9;;0.0000;;;13-Jan-2026
148310;Franklin India Dynamic Accrual Fund-Segregated Portfolio 3 (9.50% Yes Bank Ltd CO 23Dec21) - Direct IDCW;INF090I01WC5;;0.0000;;;13-Jan-2026

Groww Mutual Fund
145589;Groww Dynamic Bond Fund (formerly known as Indiabulls Dynamic Bond Fund) - Direct Plan - Growth option;INF666M01EK5;;1538.3693;;;13-Jan-2026
145590;Groww Dynamic Bond Fund (formerly known as Indiabulls Dynamic Bond Fund) - Regular Plan - Growth option;INF666M01ES8;;1467.7588;;;13-Jan-2026
145596;Groww Dynamic Bond Fund (formerly known as Indiabulls Dynamic Bond Fund)- Direct Plan- - Income Distribution cum capital withdrawal Option ( Reinvestment);;INF666M01EL3;1013.6788;;;13-Jan-2026
145595;Groww Dynamic Bond Fund (formerly known as Indiabulls Dynamic Bond Fund)- Direct Plan- Fortnightly - Income Distribution cum capital withdrawal Option (Payout & Reinvestment);INF666M01EO7;INF666M01EP4;1015.7978;;;13-Jan-2026
145591;Groww Dynamic Bond Fund (formerly known as Indiabulls Dynamic Bond Fund)- Direct Plan- Monthly - Income Distribution cum capital withdrawal Option (Payout & Reinvestment);INF666M01EQ2;INF666M01ER0;1007.3377;;;13-Jan-2026
145597;Groww Dynamic Bond Fund (formerly known as Indiabulls Dynamic Bond Fund)- Direct Plan- Weekly - Income Distribution cum capital withdrawal Option (Payout & Reinvestment);INF666M01EM1;INF666M01EN9;1012.6808;;;13-Jan-2026
145593;Groww Dynamic Bond Fund (formerly known as Indiabulls Dynamic Bond Fund)- Regular Plan- - Income Distribution cum capital withdrawal Option ( Reinvestment);;INF666M01ET6;1010.9301;;;13-Jan-2026
145598;Groww Dynamic Bond Fund (formerly known as Indiabulls Dynamic Bond Fund)- Regular Plan- Fortnightly - Income Distribution cum capital withdrawal Option (Payout & Reinvestment);INF666M01EW0;INF666M01EX8;1008.3583;;;13-Jan-2026
145592;Groww Dynamic Bond Fund (formerly known as Indiabulls Dynamic Bond Fund)- Regular Plan- Monthly - Income Distribution cum capital withdrawal Option (Payout & Reinvestment);INF666M01EY6;INF666M01EZ3;1002.646;;;13-Jan-2026
145594;Groww Dynamic Bond Fund (formerly known as Indiabulls Dynamic Bond Fund)- Regular Plan- Weekly - Income Distribution cum capital withdrawal Option (Payout & Reinvestment);INF666M01EU4;INF666M01EV2;1008.1277;;;13-Jan-2026

HDFC Mutual Fund
101872;HDFC Dynamic Debt Fund - Growth Option;INF179K01848;;90.0807;;;13-Jan-2026
119075;HDFC Dynamic Debt Fund - Growth Option - Direct Plan;INF179K01WB4;;99.8087;;;13-Jan-2026
119072;HDFC Dynamic Debt Fund - Half Yearly IDCW - Direct Plan;INF179K01WC2;INF179K01WD0;13.6951;;;13-Jan-2026
101874;HDFC Dynamic Debt Fund - Half Yearly IDCW Option;INF179K01855;INF179K01863;11.6776;;;13-Jan-2026
133369;HDFC Dynamic Debt Fund - Normal IDCW - Direct Plan;INF179KA1Q95;;21.0154;;;13-Jan-2026
133370;HDFC Dynamic Debt Fund - Normal IDCW Option;INF179KA1R11;;19.2987;;;13-Jan-2026
119073;HDFC Dynamic Debt Fund - Quarterly IDCW - Direct Plan;INF179K01WE8;INF179K01WF5;14.0457;;;13-Jan-2026
101873;HDFC Dynamic Debt Fund - Quarterly IDCW Option;INF179K01871;INF179K01889;12.5503;;;13-Jan-2026
119074;HDFC Dynamic Debt Fund - Yearly IDCW - Direct Plan;INF179K01WG3;INF179K01WH1;15.3613;;;13-Jan-2026
101875;HDFC Dynamic Debt Fund - Yearly IDCW Option;INF179K01921;INF179K01939;13.763;;;13-Jan-2026

HSBC Mutual Fund
151088;HSBC Dynamic Bond Fund - Direct Annual IDCW;INF917K01VN4;INF917K01VM6;11.381;;;13-Jan-2026
151087;HSBC Dynamic Bond Fund - Direct Growth;INF917K01HA0;;32.4959;;;13-Jan-2026
151086;HSBC Dynamic Bond Fund - Direct Monthly IDCW;INF917K01GZ9;INF917K01GY2;12.6841;;;13-Jan-2026
151089;HSBC Dynamic Bond Fund - Regular Annual IDCW;INF917K01VP9;INF917K01VO2;10.6885;;;13-Jan-2026
151084;HSBC Dynamic Bond Fund - Regular Growth;INF677K01916;;29.9139;;;13-Jan-2026
151085;HSBC Dynamic Bond Fund - Regular Monthly IDCW;INF677K01924;INF677K01932;10.6396;;;13-Jan-2026

ICICI Prudential Mutual Fund
113218;ICICI Prudential All Seasons Bond Fund - Annual IDCW;INF109K01GO7;INF109K01GP4;11.1306;;;13-Jan-2026
120601;ICICI Prudential All Seasons Bond Fund - Direct Plan - Annual IDCW;INF109K012E4;INF109K013E2;11.1243;;;13-Jan-2026
120603;ICICI Prudential All Seasons Bond Fund - Direct Plan - Growth;INF109K016E5;;40.9829;;;13-Jan-2026
120600;ICICI Prudential All Seasons Bond Fund - Direct Plan - IDCW;INF109K014E0;INF109K015E7;26.5950;;;13-Jan-2026
120602;ICICI Prudential All Seasons Bond Fund - Direct Plan - Quarterly IDCW;INF109K017E3;INF109K018E1;11.9266;;;13-Jan-2026
120604;ICICI Prudential All Seasons Bond Fund - Direct Plan - Weekly IDCW;INF109K019E9;INF109K010F5;10.5418;;;13-Jan-2026
112096;ICICI Prudential All Seasons Bond Fund - Growth;INF109K01GN9;;37.7997;;;13-Jan-2026
112097;ICICI Prudential All Seasons Bond Fund - IDCW;INF109K01GK5;INF109K01GL3;23.5059;;;13-Jan-2026
113403;ICICI Prudential All Seasons Bond Fund - Quarterly IDCW;INF109K01GE8;INF109K01GF5;11.6416;;;13-Jan-2026
101351;ICICI Prudential All Seasons Bond Fund - Weekly IDCW;INF109K01FD2;INF109K01704;10.9526;;;13-Jan-2026

ITI Mutual Fund
149030;ITI Dynamic Bond Fund - Direct Plan - Annually IDCW Option;INF00XX01BK7;INF00XX01BG5;13.2209;;;13-Jan-2026
149029;ITI Dynamic Bond Fund - Direct Plan - Growth Option;INF00XX01BC4;;13.2210;;;13-Jan-2026
149028;ITI Dynamic Bond Fund - Direct Plan - Half Yearly IDCW Option;INF00XX01BJ9;INF00XX01BF7;10.9904;;;13-Jan-2026
149023;ITI Dynamic Bond Fund - Direct Plan - Monthly IDCWOption;INF00XX01BH3;INF00XX01BD2;10.1281;;;13-Jan-2026
149025;ITI Dynamic Bond Fund - Direct Plan - Quarterly IDCW Option;INF00XX01BI1;INF00XX01BE0;13.2482;;;13-Jan-2026
149027;ITI Dynamic Bond Fund - Regular Plan - Annually IDCWOption;INF00XX01BB6;INF00XX01AX2;12.6056;;;13-Jan-2026
149021;ITI Dynamic Bond Fund - Regular Plan - Growth Option;INF00XX01AT0;;12.6047;;;13-Jan-2026
149026;ITI Dynamic Bond Fund - Regular Plan - Half Yearly IDCW Option;INF00XX01BA8;INF00XX01AW4;12.6077;;;13-Jan-2026
149022;ITI Dynamic Bond Fund - Regular Plan - Monthly IDCW Option;INF00XX01AY0;INF00XX01AU8;9.9589;;;13-Jan-2026
149024;ITI Dynamic Bond Fund - Regular Plan - Quarterly IDCW Option;INF00XX01AZ7;INF00XX01AV6;12.6076;;;13-Jan-2026

JM Financial Mutual Fund
120432;JM Dynamic Bond Fund (Direct) - Daily IDCW;;INF192K01CZ8;10.0825;;;13-Jan-2026
120434;JM Dynamic Bond Fund (Direct) - IDCW;INF192K01DB7;INF192K01DC5;45.5573;;;13-Jan-2026
133414;JM Dynamic Bond Fund (Direct) - Monthly IDCW;INF192K01IL5;INF192K01IM3;45.9075;;;13-Jan-2026
120433;JM Dynamic Bond Fund (Direct) - Weekly IDCW;;INF192K01DA9;10.5365;;;13-Jan-2026
105639;JM Dynamic Bond Fund (Regular) - Daily IDCW;;INF192K01668;10.021;;;13-Jan-2026
101806;JM Dynamic Bond Fund (Regular) - Growth Option;INF192K01700;;42.3574;;;13-Jan-2026
101805;JM Dynamic Bond Fund (Regular) - IDCW;INF192K01684;INF192K01692;42.4903;;;13-Jan-2026
133390;JM Dynamic Bond Fund (Regular) - Monthly IDCW;INF192K01IJ9;INF192K01IK7;42.6919;;;13-Jan-2026
105637;JM Dynamic Bond Fund (Regular) - Weekly IDCW;;INF192K01676;10.521;;;13-Jan-2026
120435;JM Dynamic Bond Fund - (Direct) - Growth Option;INF192K01DD3;;45.3138;;;13-Jan-2026

Kotak Mahindra Mutual Fund
119753;Kotak Dynamic Bond Fund - Direct Plan - Standard Income Distribution cum capital withdrawal option;INF174K01JX6;;14.6189;;;13-Jan-2026
119755;Kotak Dynamic Bond Fund - Growth - Direct;INF174K01JU2;;41.6544;;;13-Jan-2026
117998;Kotak Dynamic Bond Fund Regular Plan - Standard Income Distribution cum capital withdrawal option;INF174K01IY6;INF174K01IZ3;14.3288;;;13-Jan-2026
108511;Kotak Dynamic Bond Fund Regular Plan Growth;INF174K01FA2;;38.0331;;;13-Jan-2026

Mahindra Manulife Mutual Fund
144403;Mahindra Manulife Dynamic Bond Fund - Direct Plan - Growth;INF174V01580;;15.7554;;;13-Jan-2026
144406;Mahindra Manulife Dynamic Bond Fund - Direct Plan - IDCW;INF174V01606;INF174V01598;12.5060;;;13-Jan-2026
144404;Mahindra Manulife Dynamic Bond Fund - Direct Plan - Quarterly IDCW;INF174V01622;INF174V01614;11.3149;;;13-Jan-2026
144401;Mahindra Manulife Dynamic Bond Fund - Regular Plan - Growth;INF174V01531;;14.4977;;;13-Jan-2026
144405;Mahindra Manulife Dynamic Bond Fund - Regular Plan - IDCW;INF174V01556;INF174V01549;11.3354;;;13-Jan-2026
144402;Mahindra Manulife Dynamic Bond Fund - Regular Plan - Quarterly IDCW;INF174V01572;INF174V01564;10.2252;;;13-Jan-2026

Mirae Asset Mutual Fund
140769;Mirae Asset Dynamic Bond Fund -Direct Plan -Growth;INF769K01DR8;;18.2510;;;13-Jan-2026
140770;Mirae Asset Dynamic Bond Fund Direct IDCW;INF769K01DS6;INF769K01DT4;18.2320;;;13-Jan-2026
140772;Mirae Asset Dynamic Bond Fund Regular IDCW;INF769K01DP2;INF769K01DQ0;16.6195;;;13-Jan-2026
140771;Mirae Asset Dynamic Bond Fund-Regular Plan Growth;INF769K01DO5;;16.6191;;;13-Jan-2026

Nippon India Mutual Fund
118750;NIPPON INDIA DYNAMIC BOND FUND - Direct Plan - IDCW Option;INF204K01A33;INF204K01A41;29.5246;;;13-Jan-2026
118749;NIPPON INDIA DYNAMIC BOND FUND - Direct Plan - QUARTERLY IDCW Option;INF204K01A58;INF204K01A66;10.3636;;;13-Jan-2026
118747;Nippon India Dynamic Bond Fund - Direct Plan Growth Plan - Growth Option;INF204K01A25;;40.8658;;;13-Jan-2026
102851;NIPPON INDIA DYNAMIC BOND FUND - IDCW Option;INF204K01FJ8;INF204K01FK6;25.5674;;;13-Jan-2026
117974;NIPPON INDIA DYNAMIC BOND FUND - QUARTERLY IDCW Option;INF204K01XB8;INF204K01XC6;10.2647;;;13-Jan-2026
102849;Nippon India Dynamic Bond Fund-Growth Plan-Growth Option;INF204K01FI0;;38.0116;;;13-Jan-2026

PGIM India Mutual Fund
120084;PGIM India Dynamic Bond Fund - Direct Plan-Growth Option;INF663L01AD7;;3031.2053;;;13-Jan-2026
120086;PGIM India Dynamic Bond Fund - Direct Plan-Quarterly Dividend Option;INF663L01AI6;INF663L01AH8;1184.5693;;;13-Jan-2026
116484;PGIM India Dynamic Bond Fund - Dividend Option - Quarterly;INF663L01526;INF663L01534;1066.112;;;13-Jan-2026
116485;PGIM India Dynamic Bond Fund - Growth Option;INF663L01484;;2650.8887;;;13-Jan-2026

Quantum Mutual Fund
134494;Quantum Dynamic Bond Fund - Direct Plan Growth Option;INF082J01176;;22.1301;;;13-Jan-2026
134493;Quantum Dynamic Bond Fund - Direct Plan Monthly IDCW;INF082J01184;INF082J01192;10.2916;;;13-Jan-2026
141061;Quantum Dynamic Bond Fund - Regular Plan Growth Option;INF082J01218;;21.7217;;;13-Jan-2026
141060;Quantum Dynamic Bond Fund - Regular Plan Monthly IDCW;INF082J01226;INF082J01234;10.3490;;;13-Jan-2026

SBI Mutual Fund
119671;SBI Dynamic Bond Fund - DIRECT PLAN - Growth;INF200K01RD4;;39.7029;;;13-Jan-2026
119670;SBI Dynamic Bond Fund - Direct Plan - Income Distribution cum Capital Withdrawal Option (IDCW);INF200K01RB8;INF200K01RC6;22.1765;;;13-Jan-2026
102205;SBI Dynamic Bond Fund - REGULAR PLAN - Growth;INF200K01958;;36.1397;;;13-Jan-2026
102206;SBI Dynamic Bond Fund - Regular Plan - Income Distribution cum Capital Withdrawal Option (IDCW);INF200K01966;INF200K01974;18.9464;;;13-Jan-2026

Union Mutual Fund
119311;Union Dynamic Bond Fund - Direct Plan - Growth Option;INF582M01799;;24.5275;;;13-Jan-2026
119310;Union Dynamic Bond Fund - Direct Plan - IDCW Option;INF582M01815;INF582M01807;16.4293;;;13-Jan-2026
116555;Union Dynamic Bond Fund - Growth Option;INF582M01336;;23.1863;;;13-Jan-2026
116556;Union Dynamic Bond Fund - IDCW Option;INF582M01351;INF582M01344;15.4583;;;13-Jan-2026

UTI Mutual Fund
135536;UTI Dynamic Bond Fund - Direct Plan - Annual IDCW;INF789FA1S65;INF789FA1S73;14.8839;;;13-Jan-2026
133180;UTI Dynamic Bond Fund - Direct Plan - Flexi IDCW;INF789FA1S81;INF789FA1S99;17.2546;;;13-Jan-2026
120762;UTI Dynamic Bond Fund - Direct Plan - Growth Option;INF789F01XD4;;34.3821;;;13-Jan-2026
134788;UTI Dynamic Bond Fund - Direct Plan - Half-Yearly IDCW;INF789FA1S40;INF789FA1S57;16.9243;;;13-Jan-2026
120763;UTI Dynamic Bond Fund - Direct Plan - Quarterly IDCW;INF789F01XB8;INF789F01XC6;26.4584;;;13-Jan-2026
133852;UTI Dynamic Bond Fund - Regular Plan - Annual IDCW;INF789FA1S08;INF789FA1S16;13.81;;;13-Jan-2026
135336;UTI Dynamic Bond Fund - Regular Plan - Flexi IDCW;INF789FA1S24;INF789FA1S32;16.6916;;;13-Jan-2026
113077;UTI Dynamic Bond Fund - Regular Plan - Growth Option;INF789F01JQ5;;31.4911;;;13-Jan-2026
139181;UTI Dynamic Bond Fund - Regular Plan - Half-Yearly IDCW;INF789FA1R82;INF789FA1R90;15.518;;;13-Jan-2026
113078;UTI Dynamic Bond Fund - Regular Plan - Quarterly IDCW;INF789F01JO0;INF789F01JP7;17.1466;;;13-Jan-2026

Open Ended Schemes ( Debt Scheme - Corporate Bond Fund )


Aditya Birla Sun Life Mutual Fund
119533;Aditya Birla Sun Life Corporate Bond Fund - Growth - Direct Plan;INF209K01S38;;117.9265;;;13-Jan-2026
103178;Aditya Birla Sun Life Corporate Bond Fund - Growth - Regular Plan;INF209K01785;;115.8422;;;13-Jan-2026
124832;Aditya Birla Sun Life Corporate Bond Fund -DIRECT - IDCW;INF209KA1KT0;;10.9824;;;13-Jan-2026
119532;Aditya Birla Sun Life Corporate Bond Fund -DIRECT - MONTHLY IDCW;INF209K01N90;INF209KA1KU8;12.8372;;;13-Jan-2026
124833;Aditya Birla Sun Life Corporate Bond Fund -REGULAR - IDCW;INF209KA1KS2;;12.3225;;;13-Jan-2026
103183;Aditya Birla Sun Life Corporate Bond Fund -REGULAR - MONTHLY IDCW;INF209K01983;INF209K01DL8;12.6271;;;13-Jan-2026

Axis Mutual Fund
141586;Axis Corporate Bond Fund - Direct Plan - Daily IDCW;INF846K01ZN6;;10.2266;;;13-Jan-2026
141590;Axis Corporate Bond Fund - Direct Plan - Monthly IDCW;INF846K01ZQ9;INF846K01ZR7;10.1934;;;13-Jan-2026
141591;Axis Corporate Bond Fund - Direct Plan - Regular IDCW;INF846K01ZS5;INF846K01ZT3;14.5582;;;13-Jan-2026
141587;Axis Corporate Bond Fund - Direct Plan - Weekly IDCW;INF846K01ZO4;INF846K01ZP1;10.3558;;;13-Jan-2026
141588;Axis Corporate Bond Fund - Direct Plan Growth;INF846K01ZM8;;18.6607;;;13-Jan-2026
141589;Axis Corporate Bond Fund - Regular Plan - Daily IDCW;INF846K01ZV9;;10.2243;;;13-Jan-2026
141594;Axis Corporate Bond Fund - Regular Plan - Monthly IDCW;INF846K01ZY3;INF846K01ZZ0;10.1877;;;13-Jan-2026
141595;Axis Corporate Bond Fund - Regular Plan - Regular IDCW;INF846K01A03;INF846K01A11;13.5796;;;13-Jan-2026
141592;Axis Corporate Bond Fund - Regular Plan - Weekly IDCW;INF846K01ZW7;INF846K01ZX5;10.2377;;;13-Jan-2026
141593;Axis Corporate Bond Fund - Regular Plan Growth;INF846K01ZU1;;17.5761;;;13-Jan-2026

Bandhan Mutual Fund
139201;BANDHAN Corporate Bond Fund - Direct Annual IDCW;INF194KA1T34;INF194KA1T42;10.8028;;;13-Jan-2026
135916;BANDHAN Corporate Bond Fund - Direct Growth;INF194KA1M23;;20.3559;;;13-Jan-2026
139200;BANDHAN Corporate Bond Fund - Direct Half Yearly IDCW;INF194KA1T00;INF194KA1T18;11.6646;;;13-Jan-2026
139198;BANDHAN Corporate Bond Fund - Direct Monthly IDCW;INF194KA1S43;INF194KA1S50;10.3388;;;13-Jan-2026
135917;BANDHAN Corporate Bond Fund - Direct Periodic IDCW;INF194KA1M31;INF194KA1M49;13.5048;;;13-Jan-2026
139199;BANDHAN Corporate Bond Fund - Direct Quarterly IDCW;INF194KA1S76;INF194KA1S84;10.6142;;;13-Jan-2026
139204;BANDHAN Corporate Bond Fund - Regular Annual IDCW;INF194KA1S19;INF194KA1S27;10.7682;;;13-Jan-2026
135914;BANDHAN Corporate Bond Fund - Regular Growth;INF194KA1L81;;19.7342;;;13-Jan-2026
139203;BANDHAN Corporate Bond Fund - Regular Half Yearly IDCW;INF194KA1R85;INF194KA1R93;11.0410;;;13-Jan-2026
139202;BANDHAN Corporate Bond Fund - Regular Monthly IDCW;INF194KA1R28;INF194KA1R36;10.5910;;;13-Jan-2026
135915;BANDHAN Corporate Bond Fund - Regular Periodic IDCW;INF194KA1L99;INF194KA1M07;13.3034;;;13-Jan-2026
139205;BANDHAN Corporate Bond Fund - Regular Quarterly IDCW;INF194KA1R51;INF194KA1R69;10.6479;;;13-Jan-2026

Baroda BNP Paribas Mutual Fund
150230;BARODA BNP PARIBAS Corporate Bond Fund - Defunct Plan - Annual-IDCW Option;INF251K01EN4;INF251K01EO2;11.8033;;;13-Jan-2026
150229;BARODA BNP PARIBAS Corporate Bond Fund - Defunct Plan - Growth Option;INF251K01EI4;;32.7901;;;13-Jan-2026
150231;BARODA BNP PARIBAS Corporate Bond Fund - Defunct Plan - Monthly-IDCW Option;INF251K01EJ2;INF251K01EK0;10.3652;;;13-Jan-2026
150228;BARODA BNP PARIBAS Corporate Bond Fund - Defunct Plan - Quarterly-IDCW Option;INF251K01EL8;INF251K01EM6;10.3588;;;13-Jan-2026
150236;BARODA BNP PARIBAS Corporate Bond Fund - Direct Plan - Annual IDCW Option;INF251K01GU4;INF251K01GV2;12.0752;;;13-Jan-2026
150237;BARODA BNP PARIBAS Corporate Bond Fund - Direct Plan - Growth Option;INF251K01GP4;;30.1252;;;13-Jan-2026
150238;BARODA BNP PARIBAS Corporate Bond Fund - Direct Plan - Monthly IDCW Option;INF251K01GQ2;INF251K01GR0;10.5573;;;13-Jan-2026
150239;BARODA BNP PARIBAS Corporate Bond Fund - Direct Plan - Quarterly IDCW Option;INF251K01GS8;INF251K01GT6;10.5959;;;13-Jan-2026
150233;BARODA BNP PARIBAS CORPORATE BOND FUND - Regular Plan - ANNUAL IDCW OPTION;INF251K01EU9;INF251K01EV7;11.7269;;;13-Jan-2026
150235;BARODA BNP PARIBAS CORPORATE BOND FUND - Regular Plan - GROWTH OPTION;INF251K01EP9;;28.3303;;;13-Jan-2026
150234;BARODA BNP PARIBAS CORPORATE BOND FUND - Regular Plan - MONTHLY IDCW OPTION;INF251K01EQ7;INF251K01ER5;10.4080;;;13-Jan-2026
150232;BARODA BNP PARIBAS CORPORATE BOND FUND - Regular Plan - QUARTERLY IDCW OPTION;INF251K01ES3;INF251K01ET1;10.3706;;;13-Jan-2026

Canara Robeco Mutual Fund
126685;CANARA ROBECO CORPORATE BOND FUND - DIRECT PLAN - GROWTH OPTION;INF760K01HB2;;23.8682;;;13-Jan-2026
126686;CANARA ROBECO CORPORATE BOND FUND - DIRECT PLAN - IDCW (Payout/Reinvestment);INF760K01HC0;INF760K01HD8;12.3890;;;13-Jan-2026
126687;CANARA ROBECO CORPORATE BOND FUND - REGULAR PLAN - GROWTH OPTION;INF760K01GY6;;22.1985;;;13-Jan-2026
126688;CANARA ROBECO CORPORATE BOND FUND - REGULAR PLAN - IDCW (Payout/Reinvestment);INF760K01GZ3;INF760K01HA4;11.5382;;;13-Jan-2026

DSP Mutual Fund
144646;DSP Corporate Bond Fund - Direct - Growth;INF740KA1KE8;;16.7759;;;13-Jan-2026
144647;DSP Corporate Bond Fund - Direct - IDCW;INF740KA1KF5;INF740KA1KG3;11.8631;;;13-Jan-2026
144651;DSP Corporate Bond Fund - Direct - IDCW - Monthly;INF740KA1KH1;INF740KA1KI9;10.5871;;;13-Jan-2026
144648;DSP Corporate Bond Fund - Direct - IDCW - Quarterly ;INF740KA1KJ7;INF740KA1KK5;11.3587;;;13-Jan-2026
144644;DSP Corporate Bond Fund - Regular - Growth;INF740KA1JX0;;16.4658;;;13-Jan-2026
144650;DSP Corporate Bond Fund - Regular - IDCW;INF740KA1JY8;INF740KA1JZ5;11.8165;;;13-Jan-2026
144645;DSP Corporate Bond Fund - Regular - IDCW - Monthly;INF740KA1KA6;INF740KA1KB4;10.5627;;;13-Jan-2026
144649;DSP Corporate Bond Fund - Regular - IDCW - Quarterly ;INF740KA1KC2;INF740KA1KD0;10.7104;;;13-Jan-2026

Franklin Templeton Mutual Fund
118569;Franklin India Corporate Debt Fund - Direct - GROWTH;INF090I01FW8;;111.6092;;;13-Jan-2026
100528;Franklin India Corporate Debt Fund - Growth;INF090I01DG6;;102.7574;;;13-Jan-2026
100527;Franklin India Corporate Debt Fund - Plan A - Annual - IDCW;INF090I01DH4;INF090I01DI2;17.5418;;;13-Jan-2026
118570;Franklin India Corporate Debt Fund - Plan A - Direct - Annual - IDCW;INF090I01FX6;INF090I01FY4;19.7553;;;13-Jan-2026
118573;Franklin India Corporate Debt Fund - Plan A - Direct - Half yearly - IDCW;INF090I01FU2;INF090I01FV0;14.9951;;;13-Jan-2026
118571;Franklin India Corporate Debt Fund - Plan A - Direct - Monthly - IDCW;INF090I01FQ0;INF090I01FR8;17.1409;;;13-Jan-2026
118572;Franklin India Corporate Debt Fund - Plan A - Direct - Quarterly - IDCW;INF090I01FS6;INF090I01FT4;13.6631;;;13-Jan-2026
100531;Franklin India Corporate Debt Fund - Plan B - Half yearly - IDCW;INF090I01DN2;INF090I01DO0;12.7005;;;13-Jan-2026
100529;Franklin India Corporate Debt Fund - Plan B - Monthly - IDCW;INF090I01DJ0;INF090I01DK8;15.2944;;;13-Jan-2026
100530;Franklin India Corporate Debt Fund - Plan B - Quarterly - IDCW;INF090I01DL6;INF090I01DM4;12.0216;;;13-Jan-2026

HDFC Mutual Fund
113070;HDFC Corporate Bond Fund - Growth Option;INF179K01DC2;;33.3772;;;13-Jan-2026
118987;HDFC Corporate Bond Fund - Growth Option - Direct Plan;INF179K01XD8;;34.1527;;;13-Jan-2026
132848;HDFC Corporate Bond Fund - IDCW Option;INF179KA1D33;INF179KA1D25;20.2055;;;13-Jan-2026
132849;HDFC Corporate Bond Fund - IDCW Option - Direct Plan;INF179KA1D17;;20.9263;;;13-Jan-2026
113071;HDFC Corporate Bond Fund - Quarterly IDCW Option;INF179K01DD0;INF179K01DE8;10.5066;;;13-Jan-2026
118986;HDFC Corporate Bond Fund - Quarterly IDCW Option - Direct Plan;INF179K01XB2;INF179K01XC0;10.4103;;;13-Jan-2026

HSBC Mutual Fund
151000;HSBC Corporate Bond Fund - Direct Annual IDCW;INF917K01VZ8;INF917K01VY1;12.366;;;13-Jan-2026
150996;HSBC Corporate Bond Fund - Direct Growth;INF917K01HN3;;80.391;;;13-Jan-2026
150998;HSBC Corporate Bond Fund - Direct Quarterly IDCW;INF917K01HP8;INF917K01HO1;11.3606;;;13-Jan-2026
150997;HSBC Corporate Bond Fund - Direct Semi Annual IDCW;INF917K01HR4;INF917K01HQ6;20.2084;;;13-Jan-2026
151001;HSBC Corporate Bond Fund - Regular Annual IDCW;INF917K01WB7;INF917K01WA9;12.0834;;;13-Jan-2026
150992;HSBC Corporate Bond Fund - Regular Growth;INF917K01AH0;;75.3643;;;13-Jan-2026
150993;HSBC Corporate Bond Fund - Regular Quarterly IDCW;INF917K01AF4;INF917K01AG2;10.9507;;;13-Jan-2026
150994;HSBC Corporate Bond Fund - Regular Semi Annual IDCW;INF917K01AI8;INF917K01AJ6;16.8732;;;13-Jan-2026
150995;HSBC Corporate Bond Fund -Regular Plan - Bonus;INF917K01AK4;;28.6274;;;13-Jan-2026

ICICI Prudential Mutual Fund
120692;ICICI Prudential Corporate Bond Fund - Direct Plan - Growth;INF109K016B1;;32.2829;;;13-Jan-2026
120697;ICICI Prudential Corporate Bond Fund - Direct Plan - Monthly IDCW;INF109K017B9;INF109K018B7;10.2153;;;13-Jan-2026
120694;ICICI Prudential Corporate Bond Fund - Direct Plan - Quarterly IDCW;INF109K019B5;INF109K012C8;15.4210;;;13-Jan-2026
111987;ICICI Prudential Corporate Bond Fund - Growth;INF109K01CQ1;;30.7834;;;13-Jan-2026
111991;ICICI Prudential Corporate Bond Fund - Monthly IDCW;INF109K01SK0;INF109K01CT5;10.3691;;;13-Jan-2026
111992;ICICI Prudential Corporate Bond Fund -Quarterly IDCW;INF109K01SN4;INF109K01SO2;11.1459;;;13-Jan-2026

Invesco Mutual Fund
120500;Invesco India Corporate Bond Fund - Direct Plan - Annual IDCW (Payout / Reinvestment);INF205K01RA9;INF205K01RB7;1292.1833;;;13-Jan-2026
120499;Invesco India Corporate Bond Fund - Direct Plan - Discretionary IDCW (Payout / Reinvestment);INF205K01RD3;INF205K01RE1;3508.9755;;;13-Jan-2026
120497;Invesco India Corporate Bond Fund - Direct Plan - Growth;INF205K01RF8;;3507.8553;;;13-Jan-2026
120496;Invesco India Corporate Bond Fund - Direct Plan - Monthly IDCW (Payout / Reinvestment);INF205K01RG6;INF205K01RH4;1255.3806;;;13-Jan-2026
120501;Invesco India Corporate Bond Fund - Direct Plan - Quarterly IDCW (Payout / Reinvestment);INF205K01RI2;INF205K01RJ0;1159.0623;;;13-Jan-2026
106179;Invesco India Corporate Bond Fund - Regular Plan - Annual IDCW (Payout / Reinvestment);INF205K01QX3;INF205K01QY1;2017.3178;;;13-Jan-2026
116109;Invesco India Corporate Bond Fund - Regular Plan - Discretionary IDCW (Payout / Reinvestment);INF205K01RK8;INF205K01RL6;3431.5106;;;13-Jan-2026
106177;Invesco India Corporate Bond Fund - Regular Plan - Growth;INF205K01RM4;;3266.404;;;13-Jan-2026
106171;Invesco India Corporate Bond Fund - Regular Plan - Monthly IDCW (Payout / Reinvestment);INF205K01RN2;INF205K01RO0;1872.1935;;;13-Jan-2026
106172;Invesco India Corporate Bond Fund - Regular Plan - Quarterly IDCW (Payout / Reinvestment);INF205K01RP7;INF205K01RQ5;1153.7583;;;13-Jan-2026

Kotak Mahindra Mutual Fund
133791;Kotak Corporate Bond Fund- Direct Plan- Growth Option;INF178L01BY0;;4064.1256;;;13-Jan-2026
133792;Kotak Corporate Bond Fund- Direct Plan- Monthly Payout of Income Distribution cum capital withdrawal option;INF178L01BZ7;;1070.8984;;;13-Jan-2026
133782;Kotak Corporate Bond Fund- Regular Plan-Growth Option;INF178L01BO1;;3885.3766;;;13-Jan-2026
133787;Kotak Corporate Bond Fund- Regular Plan-Monthly Dividend Option;INF178L01BQ6;INF178L01BP8;1265.7065;;;13-Jan-2026

Mirae Asset Mutual Fund
148755;Mirae Asset Corporate Bond Fund Direct Growth Plan;INF769K01HD9;;13.3885;;;13-Jan-2026
148756;Mirae Asset Corporate Bond Fund Direct IDCW;INF769K01HC1;INF769K01HE7;13.3853;;;13-Jan-2026
148757;Mirae Asset Corporate Bond Fund Regular Growth;INF769K01HA5;;13.1077;;;13-Jan-2026
148758;Mirae Asset Corporate Bond Fund Regular IDCW;INF769K01GZ4;INF769K01HB3;13.1076;;;13-Jan-2026

Nippon India Mutual Fund
109472;NIPPON INDIA CORPORATE BOND FUND - DAILY IDCW Option;;INF204K01EG7;17.0633;;;13-Jan-2026
118808;NIPPON INDIA CORPORATE BOND FUND - DIRECT Plan - DAILY IDCW Option;;INF204K01C23;17.0707;;;13-Jan-2026
125266;NIPPON INDIA CORPORATE BOND FUND - DIRECT Plan - IDCW Option;INF204KA1EO9;INF204KA1EP6;20.5491;;;13-Jan-2026
118809;NIPPON INDIA CORPORATE BOND FUND - DIRECT Plan - MONTHLY IDCW Option;INF204K01C56;INF204K01C64;11.7850;;;13-Jan-2026
118811;NIPPON INDIA CORPORATE BOND FUND - DIRECT Plan - QUARTERLY IDCW Option;INF204K01C72;INF204K01C80;12.1364;;;13-Jan-2026
118812;NIPPON INDIA CORPORATE BOND FUND - DIRECT Plan - WEEKLY IDCW Option;INF204K01C31;INF204K01C49;17.0959;;;13-Jan-2026
118807;Nippon India Corporate Bond Fund - Direct Plan Growth Plan - Bonus;INF204K01D63;;46.2997;;;13-Jan-2026
118814;Nippon India Corporate Bond Fund - Direct Plan Growth Plan - Growth Option;INF204K01C15;;64.8496;;;13-Jan-2026
100859;Nippon India Corporate Bond Fund - Growth Plan - Bonus Option;INF204KA12N8;;44.0435;;;13-Jan-2026
100856;Nippon India Corporate Bond Fund - Growth Plan - Growth Option;INF204K01EF9;;61.6688;;;13-Jan-2026
125267;NIPPON INDIA CORPORATE BOND FUND - IDCW Option;INF204KA1EM3;INF204KA1EN1;19.7570;;;13-Jan-2026
100857;NIPPON INDIA CORPORATE BOND FUND - MONTHLY IDCW Option;INF204K01EJ1;INF204K01EK9;11.6479;;;13-Jan-2026
100858;NIPPON INDIA CORPORATE BOND FUND - QUARTERLY IDCW Option;INF204K01EL7;INF204K01EM5;11.9789;;;13-Jan-2026
109473;NIPPON INDIA CORPORATE BOND FUND - WEEKLY IDCW Option;INF204K01EH5;INF204K01EI3;17.0913;;;13-Jan-2026

PGIM India Mutual Fund
138317;PGIM India Corporate Bond Fund - Annual Dividend;INF223J01CY6;INF223J01CZ3;10.7653;;;13-Jan-2026
138329;PGIM India Corporate Bond Fund - Direct Plan - Annual Dividend;INF223J01OM6;;16.5974;;;13-Jan-2026
138330;PGIM India Corporate Bond Fund - Direct Plan - Growth;INF223J01OO2;;49.5255;;;13-Jan-2026
138331;PGIM India Corporate Bond Fund - Direct Plan - Monthly Dividend;INF223J01OP9;;14.8692;;;13-Jan-2026
138332;PGIM India Corporate Bond Fund - Direct Plan - Quarterly Dividend;INF223J01OR5;INF223J01OS3;12.9896;;;13-Jan-2026
138318;PGIM India Corporate Bond Fund - Growth;INF223J01DB2;;44.2818;;;13-Jan-2026
138316;PGIM India Corporate Bond Fund - Monthly Dividend;INF223J01DC0;INF223J01DD8;12.7485;;;13-Jan-2026
138315;PGIM India Corporate Bond Fund - Quarterly Dividend;INF223J01DE6;INF223J01DF3;11.4318;;;13-Jan-2026

SBI Mutual Fund
146215;SBI Corporate Bond Fund - Direct Plan - Growth;INF200KA1YR4;;16.4699;;;13-Jan-2026
146212;SBI Corporate Bond Fund - Direct Plan - Monthly Income Distribution cum Capital Withdrawal Option (IDCW);INF200KA1YS2;INF200KA1YT0;15.5459;;;13-Jan-2026
146216;SBI Corporate Bond Fund - Direct Plan - Quarterly Income Distribution cum Capital Withdrawal Option (IDCW);INF200KA1YU8;INF200KA1YV6;16.0110;;;13-Jan-2026
146207;SBI Corporate Bond Fund - Regular Plan - Growth;INF200KA1YM5;;15.9516;;;13-Jan-2026
146208;SBI Corporate Bond Fund - Regular Plan - Monthly Income Distribution cum Capital Withdrawal Option (IDCW);INF200KA1YN3;INF200KA1YO1;15.0542;;;13-Jan-2026
146210;SBI Corporate Bond Fund - Regular Plan - Quarterly Income Distribution cum Capital Withdrawal Option (IDCW);INF200KA1YP8;INF200KA1YQ6;15.4987;;;13-Jan-2026

Sundaram Mutual Fund
119621;Sundaram Corporate Bond Fund Direct Plan - Growth;INF903J01NR4;;42.7425;;;13-Jan-2026
119630;Sundaram Corporate Bond Fund Direct Plan-Income Distribution cum Capital Withdrawal(IDCW);INF903J01NU8;INF903J01NV6;19.0801;;;13-Jan-2026
100786;Sundaram Corporate Bond Fund Regular Plan - Income Distribution cum Capital Withdrawal (IDCW );INF903J01HY2;INF903J01IC6;18.4595;;;13-Jan-2026
100789;Sundaram Corporate Bond Fund Regular Plan- Growth;INF903J01HW6;;41.2810;;;13-Jan-2026

Tata Mutual Fund
149361;Tata Corporate Bond Fund-Direct Plan-Growth;INF277KA1224;;12.9871;;;13-Jan-2026
149364;Tata Corporate Bond Fund-Direct Plan-IDCW Monthly Payout;INF277KA1240;;12.9871;;;13-Jan-2026
149357;Tata Corporate Bond Fund-Direct Plan-IDCW Monthly Reinvestment;;INF277KA1273;12.9871;;;13-Jan-2026
149355;Tata Corporate Bond Fund-Direct Plan-IDCW Periodic Payout;INF277KA1232;;12.9871;;;13-Jan-2026
149356;Tata Corporate Bond Fund-Direct Plan-IDCW Periodic Reinvestment;;INF277KA1265;12.9871;;;13-Jan-2026
149362;Tata Corporate Bond Fund-Direct Plan-IDCW Quarterly Payout;INF277KA1257;;12.9871;;;13-Jan-2026
149358;Tata Corporate Bond Fund-Direct Plan-IDCW Quarterly Reinvestment;;INF277KA1281;12.9871;;;13-Jan-2026
149351;Tata Corporate Bond Fund-Regular Plan-Growth;INF277KA1299;;12.6881;;;13-Jan-2026
149353;Tata Corporate Bond Fund-Regular Plan-IDCW Monthly Payout;INF277KA1315;;12.6881;;;13-Jan-2026
149363;Tata Corporate Bond Fund-Regular Plan-IDCW Monthly Reinvestment;;INF277KA1349;12.6881;;;13-Jan-2026
149360;Tata Corporate Bond Fund-Regular Plan-IDCW Periodic Payout;INF277KA1307;;12.6881;;;13-Jan-2026
149352;Tata Corporate Bond Fund-Regular Plan-IDCW Periodic Reinvestment;;INF277KA1331;12.6881;;;13-Jan-2026
149354;Tata Corporate Bond Fund-Regular Plan-IDCW Quarterly Payout;INF277KA1323;;12.6881;;;13-Jan-2026
149359;Tata Corporate Bond Fund-Regular Plan-IDCW Quarterly Reinvestment;;INF277KA1356;12.6881;;;13-Jan-2026

Trust Mutual Fund
151320;TRUSTMF CORPORATE BOND FUND-DIRECT PLAN-GROWTH;INF0GCD01560;;1234.1314;;;13-Jan-2026
151321;TRUSTMF CORPORATE BOND FUND-DIRECT PLAN-MONTHLY IDCW;INF0GCD01586;INF0GCD01578;1169.9131;;;13-Jan-2026
151322;TRUSTMF CORPORATE BOND FUND-REGULAR PLAN-GROWTH;INF0GCD01537;;1219.4768;;;13-Jan-2026
151319;TRUSTMF CORPORATE BOND FUND-REGULAR PLAN-MONTHLY IDCW;INF0GCD01552;INF0GCD01545;1153.4354;;;13-Jan-2026

Union Mutual Fund
143241;Union Corporate Bond Fund - Direct Plan - Growth Option;INF582M01DU5;;16.0644;;;13-Jan-2026
143242;Union Corporate Bond Fund - Direct Plan - IDCW Option;INF582M01DW1;INF582M01DV3;16.0644;;;13-Jan-2026
143239;Union Corporate Bond Fund - Regular Plan - Growth Option;INF582M01DY7;;15.6832;;;13-Jan-2026
143240;Union Corporate Bond Fund - Regular Plan - IDCW Option;INF582M01EA5;INF582M01DZ4;15.6832;;;13-Jan-2026

UTI Mutual Fund
144344;UTI Corporate Bond Fund - Direct Plan - Annual IDCW;INF789F1A587;INF789F1A595;13.8318;;;13-Jan-2026
144341;UTI Corporate Bond Fund - Direct Plan - Flexi IDCW;INF789F1A603;INF789F1A611;15.2152;;;13-Jan-2026
144339;UTI Corporate Bond Fund - Direct Plan - Growth Option;INF789F1A538;;17.2628;;;13-Jan-2026
144340;UTI Corporate Bond Fund - Direct Plan - Half-Yearly IDCW;INF789F1A561;INF789F1A579;14.7506;;;13-Jan-2026
144346;UTI Corporate Bond Fund - Direct Plan - Quarterly IDCW;INF789F1A546;INF789F1A553;15.0981;;;13-Jan-2026
144337;UTI Corporate Bond Fund - Regular Plan - Annual IDCW;INF789F1A496;INF789F1A504;13.4758;;;13-Jan-2026
144338;UTI Corporate Bond Fund - Regular Plan - Flexi IDCW;INF789F1A512;INF789F1A520;14.8523;;;13-Jan-2026
144345;UTI Corporate Bond Fund - Regular Plan - Growth Option;INF789F1A447;;16.867;;;13-Jan-2026
144343;UTI Corporate Bond Fund - Regular Plan - Half-Yearly IDCW;INF789F1A470;INF789F1A488;14.2514;;;13-Jan-2026
144342;UTI Corporate Bond Fund - Regular Plan - Quarterly IDCW;INF789F1A454;INF789F1A462;14.6669;;;13-Jan-2026

Open Ended Schemes ( Debt Scheme - Credit Risk Fund )


Aditya Birla Sun Life Mutual Fund
134385;Aditya Birla Sun Life Credit Risk Fund - Direct - IDCW;INF209KA1K96;INF209KA1L04;14.7767;;;13-Jan-2026
134388;Aditya Birla Sun Life Credit Risk Fund - Direct Plan - Bonus;INF209KA1L12;;26.5563;;;13-Jan-2026
134387;Aditya Birla Sun Life Credit Risk Fund - Direct Plan - Growth;INF209KA1K88;;26.5574;;;13-Jan-2026
134386;Aditya Birla Sun Life Credit Risk Fund - Regular - IDCW;INF209KA1K54;INF209KA1K62;13.4108;;;13-Jan-2026
134383;Aditya Birla Sun Life Credit Risk Fund - Regular Plan - Growth;INF209KA1K47;;24.123;;;13-Jan-2026

Axis Mutual Fund
130314;Axis Credit Risk Fund - Direct Plan - Growth;INF846K01PJ5;;25.0127;;;13-Jan-2026
130312;Axis Credit Risk Fund - Direct Plan - Monthly IDCW;INF846K01PM9;INF846K01PN7;10.1929;;;13-Jan-2026
130311;Axis Credit Risk Fund - Direct Plan - Weekly IDCW;INF846K01PK3;INF846K01PL1;10.2908;;;13-Jan-2026
130309;Axis Credit Risk Fund - Regular Plan - Growth;INF846K01PO5;;22.2740;;;13-Jan-2026
130313;Axis Credit Risk Fund - Regular Plan - Monthly IDCW;INF846K01PR8;INF846K01PS6;10.1536;;;13-Jan-2026
130310;Axis Credit Risk Fund - Regular Plan - Weekly IDCW;INF846K01PP2;INF846K01PQ0;10.1643;;;13-Jan-2026

Bandhan Mutual Fund
140608;BANDHAN Credit Risk Fund - Regular Plan Annual IDCW;INF194KA1W05;INF194KA1W13;10.6552;;;13-Jan-2026
140609;BANDHAN Credit Risk Fund - Regular Plan Growth;INF194KA1W39;;16.7761;;;13-Jan-2026
140611;BANDHAN Credit Risk Fund - Regular Plan Half Yearly IDCW;INF194KA1V71;INF194KA1V89;10.2761;;;13-Jan-2026
140612;BANDHAN Credit Risk Fund - Regular Plan Periodic IDCW;INF194KA1V14;INF194KA1V22;13.0274;;;13-Jan-2026
140607;BANDHAN Credit Risk Fund - Regular Plan Quarterly IDCW;INF194KA1V48;INF194KA1V55;10.5271;;;13-Jan-2026
140610;BANDHAN Credit Risk Fund-Direct Plan-Annual IDCW;INF194KA1X38;INF194KA1X46;10.8067;;;13-Jan-2026
140603;BANDHAN Credit Risk Fund-Direct Plan-Growth;INF194KA1X61;;18.3076;;;13-Jan-2026
140606;BANDHAN Credit Risk Fund-Direct Plan-Periodic IDCW;INF194KA1W47;INF194KA1W54;13.5329;;;13-Jan-2026
140604;BANDHAN Credit Risk Fund-Direct Plan-Quarterly IDCW;INF194KA1W70;INF194KA1W88;10.7231;;;13-Jan-2026

Bank of India Mutual Fund
133868;BANK OF INDIA Credit Risk  Fund - Direct Plan;INF761K01DG8;;12.9070;;;13-Jan-2026
133867;BANK OF INDIA Credit Risk Fund - Regular Plan;INF761K01DH6;;12.5714;;;13-Jan-2026

Baroda BNP Paribas Mutual Fund
152903;Baroda BNP Paribas Credit Risk fund - Regular-Quarterly- IDCW option -Seg. Portfolio 2 (erstwhile BBNPP Medium Duration Fund Regular-Quarterly IDCW option Seg. Portfolio 1);INF955L01IZ3;INF955L01JA4;0.0000;;;13-Jan-2026
152905;Baroda BNP Paribas Credit Risk fund - Regular-Weekly-IDCW option -Seg. Portfolio 2 (erstwhile BBNPP Medium Duration Fund Regular-Weekly IDCW option Seg. Portfolio 1);;INF955L01JE6;0.0000;;;13-Jan-2026
152892;Baroda BNP Paribas Credit risk fund -Defunct -Growth option -Seg-Portfolio 2 (erstwhile BBNPP Medium Duration Fund-Defunct Growth Option Seg.Portfolio1);INF955L01JM9;;0.0000;;;13-Jan-2026
152899;Baroda BNP Paribas Credit Risk fund -Defunct -Monthly IDCW option -Seg. Portfolio 2 (erstwhile BBNPP Medium Duration Fund Defunct-Monthly IDCW option Seg. Portfolio 1);INF955L01JP2;INF955L01JQ0;0.0000;;;13-Jan-2026
152894;Baroda BNP Paribas Credit Risk fund -Defunct -Weekly IDCW option -Seg. Portfolio 2 (erstwhile BBNPP Medium Duration Fund Defunct-Weekly IDCW option Seg. Portfolio 1);;INF955L01JO5;0.0000;;;13-Jan-2026
152898;Baroda BNP Paribas Credit Risk fund -Direct - Growth option -Seg. Portfolio 2 (erstwhile BBNPP Medium Duration Fund Direct-Growth option Seg. Portfolio 1);INF955L01JF3;;0.0000;;;13-Jan-2026
152897;Baroda BNP Paribas Credit Risk fund -Direct -Monthly IDCW option -Seg. Portfolio 2 (erstwhile BBNPP Medium Duration Fund Direct-Monthly IDCW option Seg. Portfolio 1);;INF955L01JJ5;0.0000;;;13-Jan-2026
152896;Baroda BNP Paribas Credit Risk fund -Direct -Quarterly IDCW option -Seg. Portfolio 2 (erstwhile BBNPP Medium Duration Fund Direct-Quarterly IDCW option Seg. Portfolio 1);INF955L01JG1;INF955L01JH9;0.0000;;;13-Jan-2026
152895;Baroda BNP Paribas Credit Risk fund -Direct -Weekly IDCW option -Seg. Portfolio 2 (erstwhile BBNPP Medium Duration Fund Direct-weekly IDCW option Seg. Portfolio 1);;INF955L01JL1;0.0000;;;13-Jan-2026
133520;Baroda BNP Paribas Credit Risk Fund -Direct- Monthly IDCW;INF955L01FZ9;;14.3341;;;13-Jan-2026
133524;Baroda BNP Paribas Credit Risk Fund -Direct- Quarterly IDCW;INF955L01GA0;;12.6843;;;13-Jan-2026
152900;Baroda BNP Paribas Credit Risk fund -Direct-Daily IDCW option -Seg. Portfolio 2 (erstwhile BBNPP Medium Duration Fund Direct-daily-IDCW option Seg. Portfolio 1);INF955L01JI7;INF955L01JK3;0.0000;;;13-Jan-2026
133488;Baroda BNP Paribas Credit Risk Fund -Direct-Growth Option;INF955L01FR6;;25.3781;;;13-Jan-2026
152901;Baroda BNP Paribas Credit Risk fund -Regular -Daily-IDCW option -Seg. Portfolio 2 (erstwhile BBNPP Medium Duration Fund Regular-Daily-IDCW option Seg. Portfolio 1);;INF955L01JD8;0.0000;;;13-Jan-2026
152902;Baroda BNP Paribas Credit Risk fund -Regular -Monthly IDCW option -Seg. Portfolio 2 (erstwhile BBNPP Medium Duration Fund Regular-Monthly IDCW option Seg. Portfolio 1);INF955L01JB2;INF955L01JC0;0.0000;;;13-Jan-2026
152904;Baroda BNP Paribas Credit Risk fund -Regular-Growth -Seg. Portfolio 2 (erstwhile BBNPP Medium Duration Fund Regular Growth Seg. Portfolio 1);INF955L01IY6;;0.0000;;;13-Jan-2026
133486;Baroda BNP Paribas Credit Risk Fund -Regular-Growth Option;INF955L01FP0;;22.9631;;;13-Jan-2026
133517;Baroda BNP Paribas Credit Risk Fund -Regular-Monthly IDCW;INF955L01FU0;;11.2548;;;13-Jan-2026
133518;Baroda BNP Paribas Credit Risk Fund -Regular-Quarterly IDCW;INF955L01FV8;;11.6467;;;13-Jan-2026
148333;Baroda BNP Paribas Credit Risk Fund- Direct- Growth Option- Segregated Portfolio- 1;INF955L01IT6;;0.0000;;;13-Jan-2026
148334;Baroda BNP Paribas Credit Risk Fund- Direct- Monthly IDCW Option- Segregated Portfolio- 1;INF955L01IW0;INF955L01IX8;0.0000;;;13-Jan-2026
148330;Baroda BNP Paribas Credit Risk Fund- Regular- Growth Option- Segregated Portfolio- 1;INF955L01IO7;;0.0000;;;13-Jan-2026
148331;Baroda BNP Paribas Credit Risk Fund- Regular- Monthly IDCW Option- Segregated Portfolio- 1;INF955L01IR0;INF955L01IS8;0.0000;;;13-Jan-2026
148332;Baroda BNP Paribas Credit Risk Fund- Regular- Quarterly IDCW Option- Segregated Portfolio- 1;INF955L01IP4;INF955L01IQ2;0.0000;;;13-Jan-2026
152893;Baroda BNP Paribas Credit Risk Fund-Defunct -Daily IDCW option - seg Portfolio 2 (erstwhile BBNPP Medium Duration fund Defunct Daily IDCW daily option Seg Portfolio 1);;INF955L01JN7;0.0000;;;13-Jan-2026
148335;Baroda BNP Paribas Credit Risk Fund-Direct- Quarterly IDCW Option- Segregated Portfolio- 1;INF955L01IU4;INF955L01IV2;0.0000;;;13-Jan-2026

DSP Mutual Fund
119084;DSP Credit Risk Fund - Direct Plan -  IDCW - Monthly;INF740K01OV8;INF740K01OW6;11.1973;;;13-Jan-2026
119082;DSP Credit Risk Fund - Direct Plan - Growth;INF740K01OS4;;55.7546;;;13-Jan-2026
119083;DSP Credit Risk Fund - Direct Plan - IDCW;INF740K01OT2;INF740K01OU0;12.3503;;;13-Jan-2026
119087;DSP Credit Risk Fund - Direct Plan - IDCW - Daily;;INF740KA1NX2;11.1192;;;13-Jan-2026
119085;DSP Credit Risk Fund - Direct Plan - IDCW - Quarterly ;INF740K01OX4;INF740K01OY2;11.4981;;;13-Jan-2026
119086;DSP Credit Risk Fund - Direct Plan - IDCW - Weekly;INF740KA1NY0;INF740KA1NZ7;11.1326;;;13-Jan-2026
101839;DSP Credit Risk Fund - Regular Plan - IDCW;INF740K01581;INF740K01AB9;12.2214;;;13-Jan-2026
101840;DSP Credit Risk Fund - Regular Plan - IDCW - Daily;;INF740KA1OA8;11.1189;;;13-Jan-2026
117061;DSP Credit Risk Fund - Regular Plan - IDCW - Monthly;INF740K01JW6;INF740K01JV8;11.2581;;;13-Jan-2026
117062;DSP Credit Risk Fund - Regular Plan - IDCW - Quarterly ;INF740K01JY2;INF740K01JX4;11.3708;;;13-Jan-2026
101838;DSP Credit Risk Fund - Regular Plan - IDCW - Weekly;INF740K01FR4;INF740K01FQ6;11.1302;;;13-Jan-2026
101837;DSP Credit Risk Fund - Regular Plan -Growth;INF740K01599;;50.8603;;;13-Jan-2026

Franklin Templeton Mutual Fund
148304;Franklin India Credit Risk Fund - Segregated Portfolio 3 (9.50% Yes bank Ltd CO 23Dec21) - Direct Growth Plan;INF090I01VZ8;;0.0000;;;13-Jan-2026
148303;Franklin India Credit Risk Fund - Segregated Portfolio 3 (9.50% Yes Bank Ltd CO 23Dec21) - Growth Plan;INF090I01VX3;;0.0000;;;13-Jan-2026
148305;Franklin India Credit Risk Fund- Segregated Portfolio 3 (9.50% Yes Bank Ltd CO 23Dec21) - IDCW;INF090I01VW5;;0.0000;;;13-Jan-2026
148306;Franklin India Credit Risk Fund-Segregated Portfolio 3 (9.50% Yes Bank Ltd CO 23Dec21) - Direct IDCW;INF090I01VY1;;0.0000;;;13-Jan-2026

HDFC Mutual Fund
128053;HDFC Credit Risk Debt Fund - Growth Option;INF179KA1GC0;;24.8729;;;13-Jan-2026
128051;HDFC Credit Risk Debt Fund - Growth Option - Direct Plan;INF179KA1FZ3;;26.9589;;;13-Jan-2026
133148;HDFC Credit Risk Debt Fund - IDCW Option;INF179KA1I87;INF179KA1I79;22.9037;;;13-Jan-2026
133147;HDFC Credit Risk Debt Fund - IDCW Option - Direct Plan;INF179KA1I61;INF179KA1I53;23.6323;;;13-Jan-2026
128050;HDFC Credit Risk Debt Fund - Quarterly IDCW - Direct Plan;INF179KA1GA4;INF179KA1GB2;10.7571;;;13-Jan-2026
128052;HDFC Credit Risk Debt Fund - Quarterly IDCW Option;INF179KA1GD8;INF179KA1GE6;10.4074;;;13-Jan-2026

HSBC Mutual Fund
151047;HSBC Credit Risk Fund - Direct Annual IDCW;INF917K01UL0;INF917K01UK2;14.2477;;;13-Jan-2026
151045;HSBC Credit Risk Fund - Direct Growth;INF917K01UH8;;36.1409;;;13-Jan-2026
151044;HSBC Credit Risk Fund - Direct IDCW;INF917K01E29;INF917K01UI6;12.3665;;;13-Jan-2026
151046;HSBC Credit Risk Fund - Regular Annual IDCW;INF917K01UN6;INF917K01UM8;13.1356;;;13-Jan-2026
151043;HSBC Credit Risk Fund - Regular Growth;INF917K01130;;33.2127;;;13-Jan-2026
151042;HSBC Credit Risk Fund - Regular IDCW;INF917K01114;INF917K01122;11.3145;;;13-Jan-2026
151041;HSBC Credit Risk Fund- Regular Plan - Bonus;;INF917K01CU9;32.6878;;;13-Jan-2026

ICICI Prudential Mutual Fund
120711;ICICI Prudential Credit Risk Fund - Direct Plan - Growth;INF109K01V00;;36.7481;;;13-Jan-2026
120709;ICICI Prudential Credit Risk Fund - Direct Plan - Quarterly IDCW;INF109K01V34;INF109K01V42;11.8810;;;13-Jan-2026
114239;ICICI Prudential Credit Risk Fund - Growth;INF109K01GU4;;33.2327;;;13-Jan-2026
114240;ICICI Prudential Credit Risk Fund - Quarterly IDCW;INF109K01GV2;INF109K01GW0;11.1914;;;13-Jan-2026

Invesco Mutual Fund
130725;Invesco India Credit Risk Fund - Direct Plan - Discretionary IDCW (Payout / Reinvestment);INF205K01J09;INF205K01J25;2240.9387;;;13-Jan-2026
130722;Invesco India Credit Risk Fund - Direct Plan - Growth;INF205K01I83;;2224.3327;;;13-Jan-2026
130724;Invesco India Credit Risk Fund - Direct Plan - Monthly IDCW (Payout / Reinvestment);INF205K01I91;INF205K01J17;1180.155;;;13-Jan-2026
130726;Invesco India Credit Risk Fund - Regular Plan - Discretionary IDCW (Payout / Reinvestment);INF205K01I59;INF205K01I75;1985.3267;;;13-Jan-2026
130721;Invesco India Credit Risk Fund - Regular Plan - Growth;INF205K01I34;;1985.944;;;13-Jan-2026
130723;Invesco India Credit Risk Fund - Regular Plan - Monthly IDCW (Payout / Reinvestment);INF205K01I42;INF205K01I67;1458.5183;;;13-Jan-2026

Kotak Mahindra Mutual Fund
119740;Kotak Credit Risk Fund - Direct Plan - Standard Income Distribution cum capital withdrawal option;INF174K01MG5;;26.0176;;;13-Jan-2026
117716;Kotak Credit Risk Fund - Growth;INF174K01DY7;;30.6429;;;13-Jan-2026
119741;Kotak Credit Risk Fund - Growth - Direct;INF174K01LZ7;;34.6395;;;13-Jan-2026
117715;Kotak Credit Risk Fund - Regular Plan - Standard Income Distribution cum capital withdrawal option;INF174K01EG2;INF174K01EF4;13.3262;;;13-Jan-2026

Nippon India Mutual Fund
112938;Nippon India Credit Risk Fund  - Growth Plan;INF204K01FQ3;;36.3379;;;13-Jan-2026
112939;Nippon India Credit Risk Fund  - Institutional Growth Plan;INF204K01FT7;;37.9321;;;13-Jan-2026
148262;NIPPON INDIA CREDIT RISK FUND -  SEGREGATED PORTFOLIO 2 - DIRECT Plan - IDCW Option;INF204KB17P0;INF204KB18P8;0.0000;;;13-Jan-2026
148264;NIPPON INDIA CREDIT RISK FUND -  SEGREGATED PORTFOLIO 2 - DIRECT Plan - QUARTERLY IDCW Option;INF204KB15P4;INF204KB16P2;0.0000;;;13-Jan-2026
148263;NIPPON INDIA CREDIT RISK FUND -  SEGREGATED PORTFOLIO 2 - IDCW Option;INF204KB13Q7;INF204KB14Q5;0.0000;;;13-Jan-2026
148260;NIPPON INDIA CREDIT RISK FUND -  SEGREGATED PORTFOLIO 2 - QUARTERLY IDCW Option;INF204KB11Q1;INF204KB12Q9;0.0000;;;13-Jan-2026
118780;Nippon India Credit Risk Fund - Direct Plan - Growth Plan;INF204K01A74;;40.1478;;;13-Jan-2026
132873;NIPPON INDIA CREDIT RISK FUND - DIRECT Plan - IDCW Option;INF204KA1WV6;;21.7370;;;13-Jan-2026
118781;NIPPON INDIA CREDIT RISK FUND - DIRECT Plan - QUARTERLY IDCW Option;INF204K01A82;INF204K01A90;13.6412;;;13-Jan-2026
132871;NIPPON INDIA CREDIT RISK FUND - IDCW Option;INF204KA1WT0;INF204KA1WS2;19.9323;;;13-Jan-2026
112941;NIPPON INDIA CREDIT RISK FUND - QUARTERLY IDCW Option;INF204K01FR1;INF204K01FS9;13.0441;;;13-Jan-2026
148261;Nippon India Credit Risk Fund - Segregated Portfolio 2 - Direct Plan - Growth Plan;INF204KB14P7;;0.0000;;;13-Jan-2026
148258;Nippon India Credit Risk Fund - Segregated Portfolio 2 - Growth Plan;INF204KB19P6;;0.0000;;;13-Jan-2026
148259;Nippon India Credit Risk Fund - Segregated Portfolio 2 - Institutional Growth Plan;INF204KB10Q3;;0.0000;;;13-Jan-2026

SBI Mutual Fund
119792;SBI Credit Risk Fund - Direct Plan - Daily Income Distribution cum Capital Withdrawal Option (IDCW);;INF200K01SS0;16.1900;;;13-Jan-2026
119793;SBI Credit Risk Fund - Direct Plan - Income Distribution cum Capital Withdrawal Option (IDCW);INF200K01ST8;INF200K01SU6;23.7435;;;13-Jan-2026
119798;SBI CREDIT RISK FUND - DIRECT PLAN -GROWTH;INF200K01SV4;;51.0220;;;13-Jan-2026
118211;SBI Credit Risk Fund - Regular Plan - Daily Income Distribution cum Capital Withdrawal Option (IDCW);;INF200K01QK1;15.5841;;;13-Jan-2026
102505;SBI CREDIT RISK FUND - REGULAR PLAN - GROWTH;INF200K01685;;47.0854;;;13-Jan-2026
102506;SBI Credit Risk Fund - Regular Plan - Income Distribution cum Capital Withdrawal Option (IDCW);INF200K01693;INF200K01701;21.2866;;;13-Jan-2026

UTI Mutual Fund
148239;UTI - Credit Risk Fund (Segregated - 06032020) - Direct Plan - Annual Dividend Option;INF789F1ARG8;INF789F1ARH6;0;;;13-Jan-2026
148241;UTI - Credit Risk Fund (Segregated - 06032020) - Direct Plan - Flexi Dividend Option;INF789F1ARK0;INF789F1ARL8;0;;;13-Jan-2026
148242;UTI - Credit Risk Fund (Segregated - 06032020) - Direct Plan - Growth Option;INF789F1ARF0;;0;;;13-Jan-2026
148238;UTI - Credit Risk Fund (Segregated - 06032020) - Direct Plan - Half Yearly Dividend Option;INF789F1ARI4;INF789F1ARJ2;0;;;13-Jan-2026
148240;UTI - Credit Risk Fund (Segregated - 06032020) - Direct Plan - Monthly Dividend Option;INF789F1ARM6;INF789F1ARN4;0;;;13-Jan-2026
148245;UTI - Credit Risk Fund (Segregated - 06032020) - Direct Plan - Quarterly Dividend Option;INF789F1ARD5;INF789F1ARE3;0;;;13-Jan-2026
148234;UTI - Credit Risk Fund (Segregated - 06032020) - Regular Plan - Annual Dividend Option;INF789F1ARR5;INF789F1ARS3;0;;;13-Jan-2026
148236;UTI - Credit Risk Fund (Segregated - 06032020) - Regular Plan - Flexi Dividend Option;INF789F1ARV7;INF789F1ARW5;0;;;13-Jan-2026
148237;UTI - Credit Risk Fund (Segregated - 06032020) - Regular Plan - Growth Option;INF789F1ARQ7;;0;;;13-Jan-2026
148235;UTI - Credit Risk Fund (Segregated - 06032020) - Regular Plan - Half Yearly Dividend Option;INF789F1ART1;INF789F1ARU9;0;;;13-Jan-2026
148244;UTI - Credit Risk Fund (Segregated - 06032020) - Regular Plan - Monthly Dividend Option;INF789F1ARX3;INF789F1ARY1;0;;;13-Jan-2026
148243;UTI - Credit Risk Fund (Segregated - 06032020) - Regular Plan - Quarterly Dividend Option;INF789F1ARO2;INF789F1ARP9;0;;;13-Jan-2026
117981;UTI Credit Risk Fund  - Regular Plan - Growth Option;INF789F01QZ1;;17.6232;;;13-Jan-2026
135290;UTI Credit Risk Fund - Direct Plan - Annual IDCW;INF789FB1U28;INF789FB1U36;12.6802;;;13-Jan-2026
136302;UTI Credit Risk Fund - Direct Plan - Flexi IDCW;INF789FB1U44;INF789FB1U51;12.6848;;;13-Jan-2026
120764;UTI Credit Risk Fund - Direct Plan - Growth Option;INF789F01YB6;;19.9865;;;13-Jan-2026
135418;UTI Credit Risk Fund - Direct Plan - Half-Yearly IDCW;INF789FA1W02;INF789FA1W10;12.7314;;;13-Jan-2026
131419;UTI Credit Risk Fund - Direct Plan - Monthly IDCW;INF789FB1U02;INF789FB1U10;11.2632;;;13-Jan-2026
120765;UTI Credit Risk Fund - Direct Plan - Quarterly IDCW;INF789F01YC4;INF789F01YD2;14.1035;;;13-Jan-2026
133344;UTI Credit Risk Fund - Regular Plan - Annual IDCW;INF789FA1V60;INF789FA1V78;11.7596;;;13-Jan-2026
135051;UTI Credit Risk Fund - Regular Plan - Flexi IDCW;INF789FA1V86;INF789FA1V94;11.4403;;;13-Jan-2026
135419;UTI Credit Risk Fund - Regular Plan - Half-Yearly IDCW;INF789FA1V45;INF789FA1V52;11.8224;;;13-Jan-2026
131418;UTI Credit Risk Fund - Regular Plan - Monthly IDCW;INF789FB1T88;INF789FB1T96;10.583;;;13-Jan-2026
117982;UTI Credit Risk Fund - Regular Plan - Quarterly IDCW;INF789F01RA2;INF789F01RB0;12.5181;;;13-Jan-2026

Open Ended Schemes ( Debt Scheme - Banking and PSU Fund )


Aditya Birla Sun Life Mutual Fund
119551;Aditya Birla Sun Life Banking & PSU Debt Fund  - DIRECT - IDCW;INF209KA12Z1;INF209KA13Z9;110.1878;;;13-Jan-2026
119552;Aditya Birla Sun Life Banking & PSU Debt Fund  - DIRECT - MONTHLY IDCW;INF209K01YM2;;117.0008;;;13-Jan-2026
119553;Aditya Birla Sun Life Banking & PSU Debt Fund  - Direct - Quarterly IDCW;INF209K01YO8;;104.2708;;;13-Jan-2026
108272;Aditya Birla Sun Life Banking & PSU Debt Fund  - REGULAR - IDCW;INF209K01LX6;INF209KA11Z3;154.4942;;;13-Jan-2026
110282;Aditya Birla Sun Life Banking & PSU Debt Fund  - REGULAR - MONTHLY IDCW;INF209K01LU2;;112.5498;;;13-Jan-2026
108274;Aditya Birla Sun Life Banking & PSU Debt Fund  - REGULAR - Quarterly IDCW;INF209K01LN7;;102.046;;;13-Jan-2026
110490;Aditya Birla Sun Life Banking & PSU Debt Fund  - retail - monthly IDCW;INF209K01LR8;;113.4669;;;13-Jan-2026
106157;Aditya Birla Sun Life Banking & PSU Debt Fund  - retail - quarterly IDCW;INF209K01LS6;;103.2068;;;13-Jan-2026
108273;Aditya Birla Sun Life Banking & PSU Debt Fund - Regular Plan-Growth;INF209K01LV0;;376.1426;;;13-Jan-2026
103176;Aditya Birla Sun Life Banking & PSU Debt Fund - Retail Plan-Growth;INF209K01LT4;;564.6413;;;13-Jan-2026
119550;Aditya Birla Sun Life Banking & PSU Debt Fund- Direct Plan-Growth;INF209K01YN0;;391.1026;;;13-Jan-2026

Axis Mutual Fund
120437;Axis Banking & PSU Debt Fund - Direct Plan - Daily IDCW;;INF846K01CU0;1038.4469;;;13-Jan-2026
120438;Axis Banking & PSU Debt Fund - Direct Plan - Growth Option;INF846K01CR6;;2798.7974;;;13-Jan-2026
120439;Axis Banking & PSU Debt Fund - Direct Plan - Monthly IDCW;INF846K01CT2;INF846K01CS4;1033.3463;;;13-Jan-2026
120436;Axis Banking & PSU Debt Fund - Direct Plan - Weekly IDCW;INF846K01CV8;INF846K01CW6;1037.5196;;;13-Jan-2026
117447;Axis Banking & PSU Debt Fund - Regular Plan - Daily IDCW;;INF846K01CC8;1038.4381;;;13-Jan-2026
117446;Axis Banking & PSU Debt Fund - Regular Plan - Growth option;INF846K01CB0;;2710.0633;;;13-Jan-2026
117449;Axis Banking & PSU Debt Fund - Regular Plan - Monthly IDCW;INF846K01CF1;INF846K01CG9;1033.1949;;;13-Jan-2026
117448;Axis Banking & PSU Debt Fund - Regular Plan - Weekly IDCW;INF846K01CD6;INF846K01CE4;1037.5086;;;13-Jan-2026

Bajaj Finserv Mutual Fund
152164;Bajaj Finserv Banking and PSU Fund-  Direct Plan-Monthly- IDCW;INF0QA701649;INF0QA701631;10.9993;;;13-Jan-2026
152163;Bajaj Finserv Banking and PSU Fund- Direct Plan- IDCW;INF0QA701615;INF0QA701623;11.8399;;;13-Jan-2026
152165;Bajaj Finserv Banking and PSU Fund- Regular Plan- Growth;INF0QA701557;;11.6993;;;13-Jan-2026
152166;Bajaj Finserv Banking and PSU Fund- Regular Plan- IDCW;INF0QA701565;INF0QA701573;11.6993;;;13-Jan-2026
152162;Bajaj Finserv Banking and PSU Fund-Direct Plan- Growth;INF0QA701607;;11.8399;;;13-Jan-2026
152167;Bajaj Finserv Banking and PSU Fund-Regular Plan-Monthly-IDCW;INF0QA701599;INF0QA701581;10.9212;;;13-Jan-2026

Bandhan Mutual Fund
121936;Bandhan Banking and PSU Fund - Direct Annual IDCW;INF194K019M8;;12.6809;;;13-Jan-2026
127471;Bandhan Banking and PSU Fund - Direct Daily IDCW;;INF194KA1JD3;10.4698;;;13-Jan-2026
121934;Bandhan Banking and PSU Fund - Direct Fortnightly IDCW;;INF194K010N5;10.4562;;;13-Jan-2026
121279;Bandhan Banking and PSU Fund - Direct Growth;INF194K015G8;;26.0372;;;13-Jan-2026
121281;Bandhan Banking and PSU Fund - Direct IDCW;INF194K016G6;INF194K017G4;13.6962;;;13-Jan-2026
121935;Bandhan Banking and PSU Fund - Direct Monthly IDCW;;INF194K011N3;10.4250;;;13-Jan-2026
121938;Bandhan Banking and PSU Fund - Direct Quarterly IDCW;INF194K018M0;;10.9352;;;13-Jan-2026
121933;Bandhan Banking and PSU Fund - Regular Annual IDCW;INF194K015M6;;11.6368;;;13-Jan-2026
127470;Bandhan Banking and PSU Fund - Regular Daily IDCW;;INF194KA1JC5;10.8714;;;13-Jan-2026
121931;Bandhan Banking and PSU Fund - Regular Fortnightly IDCW;;INF194K016M4;10.6104;;;13-Jan-2026
121280;Bandhan Banking and PSU Fund - Regular Growth;INF194K01SN6;;25.2586;;;13-Jan-2026
121282;Bandhan Banking and PSU Fund - Regular IDCW;INF194K01SO4;INF194K012D2;13.6395;;;13-Jan-2026
121932;Bandhan Banking and PSU Fund - Regular Monthly IDCW;;INF194K017M2;10.6678;;;13-Jan-2026
121937;Bandhan Banking and PSU Fund - Regular Quarterly IDCW;INF194K014M9;;10.8336;;;13-Jan-2026

Canara Robeco Mutual Fund
150505;Canara Robeco Banking and PSU Debt Fund- Direct Plan- Growth Option;INF760K01KC4;;12.5013;;;13-Jan-2026
150507;Canara Robeco Banking and PSU Debt Fund- Direct Plan- IDCW Payout;INF760K01KE0;INF760K01KD2;10.7436;;;13-Jan-2026
150503;Canara Robeco Banking and PSU Debt Fund- Regular Plan- Growth Option;INF760K01KF7;;12.3733;;;13-Jan-2026
150504;Canara Robeco Banking and PSU Debt Fund- Regular Plan- IDCW (Payout/ Reinvestment);INF760K01KH3;INF760K01KG5;10.6454;;;13-Jan-2026

DSP Mutual Fund
124175;DSP Banking & PSU Debt Fund - Direct Plan - Growth;INF740K01ZW2;;25.5396;;;13-Jan-2026
124178;DSP Banking & PSU Debt Fund - Direct Plan - IDCW;INF740K01A18;INF740K01A26;10.7705;;;13-Jan-2026
124182;DSP Banking & PSU Debt Fund - Direct Plan - IDCW - Daily Reinvest;;INF740KA1OF7;10.1722;;;13-Jan-2026
124176;DSP Banking & PSU Debt Fund - Direct Plan - IDCW - Monthly;INF740K01ZX0;INF740K01ZY8;10.3849;;;13-Jan-2026
124177;DSP Banking & PSU Debt Fund - Direct Plan - IDCW - Quarterly ;INF740K01ZZ5;INF740K01A00;10.4132;;;13-Jan-2026
124183;DSP Banking & PSU Debt Fund - Direct Plan - IDCW - Weekly;INF740KA1OG5;INF740KA1OH3;10.168;;;13-Jan-2026
124172;DSP Banking & PSU Debt Fund - Regular Plan - Growth;INF740K01ZP6;;24.6299;;;13-Jan-2026
124174;DSP Banking & PSU Debt Fund - Regular Plan - IDCW;INF740K01ZU6;INF740K01ZV4;10.7459;;;13-Jan-2026
124173;DSP Banking & PSU Debt Fund - Regular Plan - IDCW - Daily Reinvest;;INF740KA1OI1;10.1712;;;13-Jan-2026
124180;DSP Banking & PSU Debt Fund - Regular Plan - IDCW - Monthly;INF740K01ZQ4;INF740K01ZR2;10.3721;;;13-Jan-2026
124181;DSP Banking & PSU Debt Fund - Regular Plan - IDCW - Quarterly ;INF740K01ZS0;INF740K01ZT8;10.4047;;;13-Jan-2026
124179;DSP Banking & PSU Debt Fund - Regular Plan - IDCW - Weekly;INF740KA1OJ9;INF740KA1OK7;10.167;;;13-Jan-2026

Edelweiss Mutual Fund
140286;Edelweiss Banking and PSU Debt Fund - Direct Plan - Growth Option;INF843K01FC8;;26.2152;;;13-Jan-2026
140288;Edelweiss Banking and PSU Debt Fund - Direct Plan - IDCW Option;INF843K01FD6;INF843K01FE4;18.7551;;;13-Jan-2026
140291;Edelweiss Banking and PSU Debt Fund - Direct Plan Fortnightly - IDCW Option;INF843K01FG9;;14.4752;;;13-Jan-2026
140293;Edelweiss Banking and PSU Debt Fund - Direct Plan Monthly - IDCW Option;INF843K01FI5;INF843K01FH7;10.9034;;;13-Jan-2026
140290;Edelweiss Banking and PSU Debt Fund - Direct Plan weekly - IDCW Option;INF843K01FF1;;10.5451;;;13-Jan-2026
140283;Edelweiss Banking and PSU Debt Fund - Regular Plan - Growth Option;INF843K01FK1;;25.2586;;;13-Jan-2026
140284;Edelweiss Banking and PSU Debt Fund - Regular Plan - IDCW Option;INF843K01FL9;INF843K01FM7;17.864;;;13-Jan-2026
140294;Edelweiss Banking and PSU Debt Fund - Regular Plan Fortnightly - IDCW Option;INF843K01FO3;;14.0014;;;13-Jan-2026
140292;Edelweiss Banking and PSU Debt Fund - Regular Plan Monthly - IDCW Option;INF843K01FQ8;INF843K01FP0;11.1488;;;13-Jan-2026
140289;Edelweiss Banking and PSU Debt Fund - Regular Plan Weekly - IDCW Option;INF843K01FN5;;10.1391;;;13-Jan-2026

Franklin Templeton Mutual Fund
129008;Franklin India Banking & PSU Debt Fund - Direct - Growth;INF090I01KR8;;24.2529;;;13-Jan-2026
129006;Franklin India Banking & PSU Debt Fund - Growth;INF090I01KO5;;23.1753;;;13-Jan-2026
129009;Franklin India Banking and PSU Debt Fund - Direct - IDCW ;INF090I01KS6;INF090I01KT4;11.4890;;;13-Jan-2026
129007;Franklin India Banking and PSU Debt Fund - IDCW ;INF090I01KP2;INF090I01KQ0;10.8663;;;13-Jan-2026

HDFC Mutual Fund
128628;HDFC Banking and PSU Debt Fund - Growth Option;INF179KA1JC4;;23.6333;;;13-Jan-2026
128629;HDFC Banking and PSU Debt Fund - Growth Option - Direct Plan;INF179KA1IZ7;;24.6592;;;13-Jan-2026
128627;HDFC Banking and PSU Debt Fund - IDCW Option;INF179KA1JD2;INF179KA1JE0;10.1292;;;13-Jan-2026
128626;HDFC Banking and PSU Debt Fund - IDCW Option - Direct Plan;INF179KA1JA8;INF179KA1JB6;10.0194;;;13-Jan-2026

HSBC Mutual Fund
151108;HSBC Banking and PSU Debt Fund - Direct Daily IDCW;;INF917K01HL7;11.1801;;;13-Jan-2026
151107;HSBC Banking and PSU Debt Fund - Direct Growth;INF917K01HH5;;26.311;;;13-Jan-2026
151106;HSBC Banking and PSU Debt Fund - Direct Monthly IDCW;INF917K01HJ1;INF917K01HI3;11.2669;;;13-Jan-2026
151109;HSBC Banking and PSU Debt Fund - Direct Weekly IDCW;;INF917K01HK9;10.3415;;;13-Jan-2026
151102;HSBC Banking and PSU Debt Fund - Regular Daily IDCW;;INF677K01AF4;11.1046;;;13-Jan-2026
151104;HSBC Banking and PSU Debt Fund - Regular Growth;INF677K01AE7;;24.9361;;;13-Jan-2026
151105;HSBC Banking and PSU Debt Fund - Regular Monthly IDCW;INF677K01AI8;INF677K01AJ6;10.5002;;;13-Jan-2026
151103;HSBC Banking and PSU Debt Fund - Regular Weekly IDCW;;INF917K01HM5;10.3139;;;13-Jan-2026

ICICI Prudential Mutual Fund
120256;ICICI Prudential Banking and PSU Debt Fund - Direct Plan -  Growth;INF109K010A6;;35.2074;;;13-Jan-2026
120258;ICICI Prudential Banking and PSU Debt Fund - Direct Plan -  Quarterly IDCW;INF109K011A4;INF109K012A2;12.9443;;;13-Jan-2026
112342;ICICI Prudential Banking and PSU Debt Fund - Growth;INF109K01RT3;;33.7138;;;13-Jan-2026
116174;ICICI Prudential Banking and PSU Debt Fund - Quarterly IDCW;INF109K01YE1;INF109K01YD3;10.9556;;;13-Jan-2026

Invesco Mutual Fund
120444;Invesco India Banking and PSU Fund - Direct Plan -  Growth Option;INF205K01KT4;;2496.0607;;;13-Jan-2026
120443;Invesco India Banking and PSU Fund - Direct Plan - Daily IDCW (Reinvestment);;INF205K01KS6;1063.7161;;;13-Jan-2026
120445;Invesco India Banking and PSU Fund - Direct Plan - Monthly IDCW (Payout / Reinvestment);INF205K01KU2;INF205K01KV0;1010.8191;;;13-Jan-2026
118234;Invesco India Banking and PSU Fund - Regular Plan - Daily IDCW (Reinvestment);;INF205K01JX8;1050.5912;;;13-Jan-2026
118232;Invesco India Banking and PSU Fund - Regular Plan - Growth Option;INF205K01JV2;;2326.6604;;;13-Jan-2026
118233;Invesco India Banking and PSU Fund - Regular Plan - Monthly IDCW (Payout / Reinvestment);INF205K01JW0;INF205K01JY6;1061.6684;;;13-Jan-2026

ITI Mutual Fund
148534;ITI Banking & PSU Debt Fund - Direct Plan - Growth Option;INF00XX01861;;13.7504;;;13-Jan-2026
148536;ITI Banking & PSU Debt Fund - Direct Plan - IDCW Option;INF00XX01879;INF00XX01887;13.7523;;;13-Jan-2026
148535;ITI Banking & PSU Debt Fund - Regular Plan - Growth Option;INF00XX01838;;13.3602;;;13-Jan-2026
148533;ITI Banking & PSU Debt Fund - Regular Plan - IDCW Option;INF00XX01846;INF00XX01853;13.3613;;;13-Jan-2026

Kotak Mahindra Mutual Fund
123690;Kotak Banking and PSU Debt - Growth;INF174K01FO3;;67.351;;;13-Jan-2026
123691;Kotak Banking and PSU Debt - Monthly Payout of Income Distribution cum capital withdrawal option;INF174K01FQ8;INF174K01FP0;12.6537;;;13-Jan-2026
123693;Kotak Banking and PSU Debt Direct - Growth;INF174K01KH7;;70.3064;;;13-Jan-2026
123692;Kotak Banking and PSU Debt Direct - Monthly Payout of Income Distribution cum capital withdrawal option;INF174K01KK1;INF174K01KL9;10.239;;;13-Jan-2026

LIC Mutual Fund
120337;LIC MF Banking & PSU Fund-Direct Plan-Daily IDCW;INF767K01GJ2;INF767K01GM6;14.3052;;;13-Jan-2026
120338;LIC MF Banking & PSU Fund-Direct Plan-Growth;INF767K01GI4;;38.6329;;;13-Jan-2026
120339;LIC MF Banking & PSU Fund-Direct Plan-Monthly IDCW;INF767K01GK0;INF767K01GN4;14.5496;;;13-Jan-2026
120336;LIC MF Banking & PSU Fund-Direct Plan-Weekly IDCW;INF767K01GL8;INF767K01GO2;10.0503;;;13-Jan-2026
105822;LIC MF Banking & PSU Fund-Regular Plan-Daily IDCW;INF767K01519;INF767K01527;11.462;;;13-Jan-2026
105823;LIC MF Banking & PSU Fund-Regular Plan-Growth;INF767K01535;;35.7252;;;13-Jan-2026
105856;LIC MF Banking & PSU Fund-Regular Plan-Monthly IDCW;INF767K01543;INF767K01550;13.3706;;;13-Jan-2026
105857;LIC MF Banking & PSU Fund-Regular Plan-Weekly IDCW;INF767K01568;INF767K01576;10.3811;;;13-Jan-2026

Mirae Asset Mutual Fund
148419;Mirae Asset Banking and PSU Fund - Direct Plan - Growth;INF769K01FY9;;13.6003;;;13-Jan-2026
148417;Mirae Asset Banking and PSU Fund - Direct Plan - IDCW;INF769K01FX1;INF769K01FZ6;13.5946;;;13-Jan-2026
148416;Mirae Asset Banking and PSU Fund - Regular Plan - Growth;INF769K01FV5;;13.2707;;;13-Jan-2026
148418;Mirae Asset Banking and PSU Fund - Regular plan - IDCW;INF769K01FU7;INF769K01FW3;13.2718;;;13-Jan-2026

Nippon India Mutual Fund
134555;NIPPON INDIA BANKING and PSU  FUND - Direct Plan - IDCW Option;INF204KA1U79;INF204KA1U87;22.1210;;;13-Jan-2026
134553;NIPPON INDIA BANKING and PSU  FUND - WEEKLY IDCW Option;INF204KA1U12;INF204KA1U20;10.2964;;;13-Jan-2026
134547;Nippon India Banking and PSU  Fund- Direct Plan-Growth Plan- Growth Option;INF204KA1U53;;22.1210;;;13-Jan-2026
134550;NIPPON INDIA BANKING and PSU FUND - Direct Plan - MONTHLY IDCW Option;INF204KA1V37;INF204KA1V45;10.7573;;;13-Jan-2026
134556;NIPPON INDIA BANKING and PSU FUND - Direct Plan - QUARTERLY IDCW Option;INF204KA1U95;INF204KA1V03;10.8445;;;13-Jan-2026
134554;NIPPON INDIA BANKING and PSU FUND - Direct Plan - WEEKLY IDCW Option;INF204KA1V11;INF204KA1V29;10.2954;;;13-Jan-2026
134548;NIPPON INDIA BANKING and PSU FUND - IDCW Option;INF204KA1T72;INF204KA1T80;21.2709;;;13-Jan-2026
134549;NIPPON INDIA BANKING and PSU FUND - MONTHLY IDCW Option;INF204KA1U38;INF204KA1U46;10.6826;;;13-Jan-2026
134551;NIPPON INDIA BANKING and PSU FUND - QUARTERLY IDCW Option;INF204KA1T98;INF204KA1U04;10.7817;;;13-Jan-2026
134552;Nippon India Banking and PSU Fund- Direct Plan-Growth Plan- Bonus Option;INF204KA1U61;;22.1207;;;13-Jan-2026
134545;Nippon India Banking and PSU Fund- Growth Plan- Growth Option;INF204KA1T56;;21.2709;;;13-Jan-2026

SBI Mutual Fund
125502;SBI Banking & PSU Fund - Direct Plan - Daily Income Distribution cum Capital Withdrawal Option (IDCW);;INF200K01V16;1500.9574;;;13-Jan-2026
125503;SBI BANKING & PSU FUND - Direct Plan - Growth;INF200K01V08;;3407.6073;;;13-Jan-2026
125505;SBI Banking & PSU Fund - Direct Plan - Monthly Income Distribution cum Capital Withdrawal Option (IDCW);INF200K01V40;INF200K01V57;1309.8904;;;13-Jan-2026
125504;SBI Banking & PSU Fund - Direct Plan - Weekly Income Distribution cum Capital Withdrawal Option (IDCW);INF200K01V32;INF200K01V24;1497.6244;;;13-Jan-2026
125498;SBI BANKING & PSU FUND - Regular Paln - Growth;INF200K01U41;;3199.7209;;;13-Jan-2026
125499;SBI Banking & PSU Fund - Regular Plan - Daily Income Distribution cum Capital Withdrawal Option (IDCW);;INF200K01U58;1459.8006;;;13-Jan-2026
125501;SBI Banking & PSU Fund - Regular Plan - Monthly Income Distribution cum Capital Withdrawal Option (IDCW);INF200K01U82;INF200K01U90;1223.9144;;;13-Jan-2026
125500;SBI Banking & PSU Fund - Regular Plan - Weekly Income Distribution cum Capital Withdrawal Option (IDCW);INF200K01U74;INF200K01U66;1459.4534;;;13-Jan-2026

Sundaram Mutual Fund
119625;Sundaram Banking & PSU Fund (Formerly Known as Sundaram Banking and PSU Debt Fund) Direct Plan - Growth;INF903J01PA5;;44.9427;;;13-Jan-2026
119626;Sundaram Banking & PSU Fund (Formerly Known as Sundaram Banking and PSU Debt Fund) Direct Plan - Income Distribution cum Capital Withdrawal (IDCW);INF903J01PB3;INF903J01PE7;11.1885;;;13-Jan-2026
100784;Sundaram Banking & PSU Fund (Formerly Known as Sundaram Banking and PSU Debt Fund) Regular Plan - Growth;INF903J01IN3;;44.2791;;;13-Jan-2026
100793;Sundaram Banking & PSU Fund (Formerly Known as Sundaram Banking and PSU Debt Fund) Regular Plan - Income Distribution cum Capital Withdrawal (IDCW);INF903J01IO1;INF903J01IR4;11.2213;;;13-Jan-2026

Trust Mutual Fund
148656;TRUSTMF BANKING & PSU FUND - DIRECT GROWTH;INF0GCD01107;;1336.4257;;;13-Jan-2026
148655;TRUSTMF BANKING & PSU FUND - REGULAR GROWTH;INF0GCD01016;;1303.7369;;;13-Jan-2026
148672;TRUSTMF BANKING & PSU FUND DIRECT PLAN ANNUAL INCOME DISTRIBUTION CUM CAPITAL WITHDRAWAL OPTION;INF0GCD01180;INF0GCD01172;1172.2777;;;13-Jan-2026
148678;TRUSTMF BANKING & PSU FUND DIRECT PLAN DAILY INCOME DISTRIBUTION CUM CAPITAL WITHDRAWAL;;INF0GCD01115;1324.2519;;;13-Jan-2026
148681;TRUSTMF BANKING & PSU FUND DIRECT PLAN MONTHLY INCOME DISTRIBUTION CUM CAPITAL WITHDRAWAL OPTION;INF0GCD01149;INF0GCD01131;1154.2349;;;13-Jan-2026
148670;TRUSTMF BANKING & PSU FUND DIRECT PLAN QUARTERLY INCOME DISTRIBUTION CUM CAPITAL WITHDRAWAL;INF0GCD01164;INF0GCD01156;1170.1374;;;13-Jan-2026
148675;TRUSTMF BANKING & PSU FUND DIRECT PLAN WEEKLY INCOME DISTRIBUTION CUM CAPITAL WITHDRAWAL;;INF0GCD01123;1129.7645;;;13-Jan-2026
148669;TRUSTMF BANKING & PSU FUND REGULAR PLAN ANNUAL INCOME DISTRIBUTION CUM CAPITAL WITHDRAWAL;INF0GCD01099;INF0GCD01081;1141.4002;;;13-Jan-2026
148667;TRUSTMF BANKING & PSU FUND REGULAR PLAN DAILY INCOME DISTRIBUTION CUM CAPITAL WITHDRAWAL;;INF0GCD01024;1244.7769;;;13-Jan-2026
148674;TRUSTMF BANKING & PSU FUND REGULAR PLAN MONTHLY INCOME DISTRIBUTION CUM CAPITAL WITHDRAWAL;INF0GCD01057;INF0GCD01040;1132.1307;;;13-Jan-2026
148668;TRUSTMF BANKING & PSU FUND REGULAR PLAN QUARTERLY INCOME DISTRIBUTION CUM CAPITAL WITHDRAWAL;INF0GCD01073;INF0GCD01065;1141.0018;;;13-Jan-2026
148679;TRUSTMF BANKING & PSU FUND REGULAR PLAN WEEKLY INCOME DISTRIBUTION CUM CAPITAL WITHDRAWAL;;INF0GCD01032;1111.0949;;;13-Jan-2026

UTI Mutual Fund
140135;UTI Banking & PSU Fund - Direct Plan - Annual IDCW;INF789FA1V03;INF789FA1V11;13.6075;;;13-Jan-2026
133972;UTI Banking & PSU Fund - Direct Plan - Flexi IDCW;INF789FA1V29;INF789FA1V37;19.8419;;;13-Jan-2026
126940;UTI Banking & PSU Fund - Direct Plan - Growth Option;INF789F015Z6;;23.0256;;;13-Jan-2026
141375;UTI Banking & PSU Fund - Direct Plan - Half-Yearly IDCW;INF789FA1U87;INF789FA1U95;15.2792;;;13-Jan-2026
134026;UTI Banking & PSU Fund - Direct Plan - Monthly IDCW;INF789FC1HE1;INF789FC1HF8;13.5422;;;13-Jan-2026
126942;UTI Banking & PSU Fund - Direct Plan - Quarterly IDCW;INF789F016Z4;INF789F017Z2;17.1376;;;13-Jan-2026
140116;UTI Banking & PSU Fund - Regular Plan - Annual IDCW;INF789FA1U46;INF789FA1U53;13.34;;;13-Jan-2026
133971;UTI Banking & PSU Fund - Regular Plan - Flexi IDCW;INF789FA1U61;INF789FA1U79;15.1616;;;13-Jan-2026
139407;UTI Banking & PSU Fund - Regular Plan - Half-Yearly IDCW;INF789FA1U20;INF789FA1U38;15.098;;;13-Jan-2026
136110;UTI Banking & PSU Fund - Regular Plan - Monthly IDCW;INF789FC1HC5;INF789FC1HD3;13.2949;;;13-Jan-2026
126941;UTI Banking & PSU Fund - Regular Plan - Quarterly IDCW;INF789F012Z3;INF789F013Z1;15.5152;;;13-Jan-2026
126939;UTI Banking & PSU Fund- Regular Plan - Growth Option;INF789F014Z9;;22.6087;;;13-Jan-2026

Open Ended Schemes ( Debt Scheme - Gilt Fund )


Aditya Birla Sun Life Mutual Fund
119606;Aditya Birla Sun Life Govenment Securities Fund -DIRECT - Quarterly IDCW;INF209KA1LC4;;11.6207;;;13-Jan-2026
100057;Aditya Birla Sun Life Govenment Securities Fund -Regular - Quarterly IDCW;INF209K01AF6;INF209K01DP9;10.862;;;13-Jan-2026
100058;Aditya Birla Sun Life Government Securities Fund  - Growth - Regular Plan;INF209K01AC3;INF209K01AD1;80.2298;;;13-Jan-2026
119605;Aditya Birla Sun Life Government Securities Fund - Growth - Direct Plan;INF209K01XP7;;86.4978;;;13-Jan-2026

Axis Mutual Fund
120447;Axis Gilt Fund - Direct Plan - Growth Option;INF846K01DD4;;27.5162;;;13-Jan-2026
120448;Axis Gilt Fund - Direct Plan - Half Yearly IDCW;INF846K01DF9;INF846K01DE2;12.2731;;;13-Jan-2026
120449;Axis Gilt Fund - Direct Plan - Regular IDCW;INF846K01DG7;INF846K01DH5;9.9944;;;13-Jan-2026
116471;Axis Gilt Fund - Regular Plan - Growth Option;INF846K01AX8;;25.7733;;;13-Jan-2026
116472;Axis Gilt Fund - Regular Plan - Half Yearly IDCW;INF846K01AZ3;INF846K01BB2;11.7657;;;13-Jan-2026
116470;Axis Gilt Fund - Regular Plan - Regular IDCW;INF846K01CK1;INF846K01CL9;9.9897;;;13-Jan-2026

Bajaj Finserv Mutual Fund
153206;Bajaj Finserv Gilt Fund - Direct - Growth;INF0QA701AP9;;1035.3648;;;13-Jan-2026
153207;Bajaj Finserv Gilt Fund - Direct - IDCW;INF0QA701AQ7;INF0QA701AR5;1035.3648;;;13-Jan-2026
153211;Bajaj Finserv Gilt Fund - Regular - Growth;INF0QA701AM6;;1027.2869;;;13-Jan-2026
153209;Bajaj Finserv Gilt Fund - Regular - IDCW;INF0QA701AN4;INF0QA701AO2;1027.2869;;;13-Jan-2026

Bandhan Mutual Fund
108557;Bandhan Gilt Fund - Regular Plan - Quarterly IDCW;INF194K01EH8;INF194K01EG0;11.7315;;;13-Jan-2026
118467;Bandhan Gilt Fund - Direct Plan - Annual IDCW;INF194K01Q78;INF194K01Q60;12.3412;;;13-Jan-2026
118464;Bandhan Gilt Fund - Direct Plan - Growth;INF194K01Q29;;38.4114;;;13-Jan-2026
118465;Bandhan Gilt Fund - Direct Plan - Half Yearly IDCW;INF194K01Q45;INF194K01Q37;12.2213;;;13-Jan-2026
118463;Bandhan Gilt Fund - Direct Plan - IDCW;INF194K01R36;INF194K01R28;14.8102;;;13-Jan-2026
131394;Bandhan Gilt Fund - Direct Plan - Periodic IDCW;INF194KA1RZ9;INF194KA1SA0;18.1811;;;13-Jan-2026
118466;Bandhan Gilt Fund - Direct Plan - Quarterly IDCW;INF194K01R02;INF194K01Q94;11.4338;;;13-Jan-2026
111525;Bandhan Gilt Fund - Regular Plan - Growth;INF194K01DZ2;;35.4134;;;13-Jan-2026
111527;Bandhan Gilt Fund - Regular Plan - IDCW;INF194K01EK2;INF194K01EJ4;13.3457;;;13-Jan-2026
131395;Bandhan Gilt Fund - Regular Plan B - Periodic IDCW;INF194KA1RW6;INF194KA1RX4;16.6351;;;13-Jan-2026
108559;Bandhan Gilt Fund - Regular Plan - Annual IDCW;INF194K01EE5;INF194K01ED7;11.2158;;;13-Jan-2026
108558;Bandhan Gilt Fund - Regular - Plan B - Half Yearly IDCW;INF194K01EB1;INF194K01EA3;11.2555;;;13-Jan-2026

Baroda BNP Paribas Mutual Fund
119341;Baroda BNP Paribas GILT FUND - Direct Plan - Growth Option;INF955L01AD7;;47.1051;;;13-Jan-2026
119340;Baroda BNP Paribas GILT FUND - Direct Plan - IDCW Option;INF955L01AB1;INF955L01AC9;34.5800;;;13-Jan-2026
101187;Baroda BNP Paribas GILT FUND - Regular Plan - Growth Option;INF955L01450;;42.8593;;;13-Jan-2026
101188;Baroda BNP Paribas GILT FUND - Regular Plan - IDCW Option;INF955L01435;INF955L01443;25.4391;;;13-Jan-2026

Canara Robeco Mutual Fund
118299;CANARA ROBECO GILT FUND - DIRECT PLAN - GROWTH OPTION;INF760K01FC4;;81.3382;;;13-Jan-2026
118298;CANARA ROBECO GILT FUND - DIRECT PLAN - IDCW (Payout/Reinvestment);INF760K01FA8;INF760K01FB6;16.2226;;;13-Jan-2026
100597;CANARA ROBECO GILT FUND - REGULAR PLAN - GROWTH OPTION;INF760K01AE1;;75.2295;;;13-Jan-2026
100596;CANARA ROBECO GILT FUND - REGULAR PLAN - IDCW (Payout/Reinvestment);INF760K01AB7;INF760K01AC5;14.8223;;;13-Jan-2026

DSP Mutual Fund
119099;DSP Gilt Fund - Direct Plan - Growth;INF740K01NF3;;102.6083;;;13-Jan-2026
119101;DSP Gilt Fund - Direct Plan - IDCW;INF740K01NG1;INF740K01NI7;12.5878;;;13-Jan-2026
119100;DSP Gilt Fund - Direct Plan - IDCW - Monthly;INF740K01NE6;INF740K01NH9;10.7349;;;13-Jan-2026
100084;DSP Gilt Fund - Regular Plan - Growth;INF740K01615;;95.9935;;;13-Jan-2026
100085;DSP Gilt Fund - Regular Plan - IDCW;INF740K01607;INF740K01AD5;12.4529;;;13-Jan-2026
100086;DSP Gilt Fund - Regular Plan - IDCW - Monthly;INF740K01623;INF740K01AE3;10.6383;;;13-Jan-2026

Edelweiss Mutual Fund
140309;Edelweiss Government Securities Fund - Direct Plan - Annual Dividend Option;INF843K01HB6;INF843K01HA8;26.1648;;;13-Jan-2026
140298;Edelweiss Government Securities Fund - Direct Plan - Growth Option;INF843K01GS2;;26.1557;;;13-Jan-2026
140302;Edelweiss Government Securities Fund - Direct Plan - IDCW Option;INF843K01GU8;INF843K01GV6;26.0516;;;13-Jan-2026
140306;Edelweiss Government Securities Fund - Direct Plan Fortnightly - IDCW Option;INF843K01GX2;;23.0805;;;13-Jan-2026
140308;Edelweiss Government Securities Fund - Direct Plan Monthly - IDCW Option;INF843K01GZ7;INF843K01GY0;16.3887;;;13-Jan-2026
140304;Edelweiss Government Securities Fund - Direct Plan weekly - IDCW Option;INF843K01GW4;;14.2099;;;13-Jan-2026
140310;Edelweiss Government Securities Fund - Regular Plan - Annual - IDCW Option;INF843K01HL5;INF843K01HK7;24.5096;;;13-Jan-2026
140297;Edelweiss Government Securities Fund - Regular Plan - Growth Option;INF843K01HC4;;24.4986;;;13-Jan-2026
140301;Edelweiss Government Securities Fund - Regular Plan - IDCW Option;INF843K01HE0;INF843K01HF7;24.5149;;;13-Jan-2026
140307;Edelweiss Government Securities Fund - Regular Plan Monthly - IDCW Option;INF843K01HJ9;INF843K01HI1;10.2374;;;13-Jan-2026
140303;Edelweiss Government Securities Fund - Regular Plan Weekly - IDCW Option;INF843K01HG5;;10.1165;;;13-Jan-2026

Franklin Templeton Mutual Fund
118498;Franklin India Government Securities Fund - Direct - Growth;INF090I01HS2;;65.1185;;;13-Jan-2026
118497;Franklin India Government Securities Fund - Direct - IDCW ;INF090I01HQ6;INF090I01HR4;11.7992;;;13-Jan-2026
100493;Franklin India Government Securities Fund - Growth;INF090I01CU9;;59.2567;;;13-Jan-2026
100494;Franklin India Government Securities Fund - IDCW ;INF090I01CS3;INF090I01CT1;10.5987;;;13-Jan-2026

Groww Mutual Fund
153477;Groww Gilt Fund - Direct - Growth;INF666M01KK2;;9.8833;;;13-Jan-2026
153502;Groww Gilt Fund - Direct - IDCW;INF666M01KL0;INF666M01KM8;9.8822;;;13-Jan-2026
153503;Groww Gilt Fund - Regular - Growth;INF666M01KN6;;9.8161;;;13-Jan-2026
153504;Groww Gilt Fund - Regular - IDCW;INF666M01KO4;INF666M01KP1;9.8163;;;13-Jan-2026

HDFC Mutual Fund
119116;HDFC Gilt Fund - Growth Option - Direct Plan;INF179K01VS0;;58.7918;;;13-Jan-2026
101083;HDFC Gilt Fund - Growth Plan;INF179K01756;;55.7222;;;13-Jan-2026
119115;HDFC Gilt Fund - IDCW Option - Direct Plan;INF179K01VR2;INF179K01VT8;12.9316;;;13-Jan-2026
101084;HDFC Gilt Fund - IDCW Plan;INF179K01772;INF179K01764;12.0901;;;13-Jan-2026

HSBC Mutual Fund
151014;HSBC Gilt Fund - Direct Growth;INF917K01FI7;;75.682;;;13-Jan-2026
151015;HSBC Gilt Fund - Direct Quarterly IDCW;INF917K01FK3;INF917K01FJ5;12.141;;;13-Jan-2026
151013;HSBC Gilt Fund - Regular Growth;INF917K01BP1;;65.6103;;;13-Jan-2026
151012;HSBC Gilt Fund - Regular Quarterly IDCW;INF917K01BN6;INF917K01BO4;10.43;;;13-Jan-2026

ICICI Prudential Mutual Fund
120590;ICICI Prudential Gilt Fund - Direct Plan - Growth;INF109K018C5;;112.8857;;;13-Jan-2026
120589;ICICI Prudential Gilt Fund - Direct Plan - IDCW;INF109K016C9;INF109K017C7;19.0569;;;13-Jan-2026
100369;ICICI Prudential Gilt Fund - Growth;INF109K01JR4;;104.4857;;;13-Jan-2026
100368;ICICI Prudential Gilt Fund - IDCW;INF109K01JQ6;INF109K01JP8;18.0152;;;13-Jan-2026

Invesco Mutual Fund
120520;Invesco India Gilt Fund - Direct  Plan - Growth;INF205K01SN0;;3147.5337;;;13-Jan-2026
120519;Invesco India Gilt Fund - Direct Plan - Annual IDCW (Payout / Reinvestment);INF205K01SL4;INF205K01SM2;1223.0308;;;13-Jan-2026
120521;Invesco India Gilt Fund - Direct Plan - Monthly IDCW (Reinvestment);;INF205K01SO8;2456.1596;;;13-Jan-2026
120522;Invesco India Gilt Fund - Direct Plan - Quarterly IDCW (Payout / Reinvestment);INF205K01SP5;INF205K01SQ3;1090.6455;;;13-Jan-2026
107476;Invesco India Gilt Fund - Regular Plan - Annual IDCW (Payout / Reinvestment);INF205K01SJ8;INF205K01SK6;1203.9875;;;13-Jan-2026
107477;Invesco India Gilt Fund - Regular Plan - Growth;INF205K01SR1;;2834.1416;;;13-Jan-2026
107471;Invesco India Gilt Fund - Regular Plan - Monthly IDCW (Reinvestment);;INF205K01SS9;1596.3956;;;13-Jan-2026
107472;Invesco India Gilt Fund - Regular Plan - Quarterly IDCW (Payout / Reinvestment);INF205K01ST7;INF205K01SU5;1292.1632;;;13-Jan-2026

Kotak Mahindra Mutual Fund
100281;Kotak Gilt-Investment  Provident Fund and Trust-Growth;INF174K01FL9;;97.0748;;;13-Jan-2026
119757;Kotak Gilt-Investment  Provident Fund and Trust-Growth - Direct;INF174K01KM7;;110.895;;;13-Jan-2026
100280;Kotak Gilt-Investment  Provident Fund and Trust-Payout of Income Distribution cum capital withdrawal option;INF174K01FM7;;11.6935;;;13-Jan-2026
100265;Kotak Gilt-Investment Regular-Growth;INF174K01FI5;;94.8857;;;13-Jan-2026
119759;Kotak Gilt-Investment Regular-Growth - Direct;INF174K01KE4;;108.2712;;;13-Jan-2026
100264;Kotak Gilt-Investment Regular-Payout of Income Distribution cum capital withdrawal option;INF174K01FK1;INF174K01FJ3;18.5409;;;13-Jan-2026
119758;Kotak Gilt-Investment Regular-Payout of Income Distribution cum capital withdrawal option - Direct;INF174K01KF1;;23.8253;;;13-Jan-2026

LIC Mutual Fund
120282;LIC MF Gilt Fund-Direct Plan-Growth;INF767K01EZ3;;65.1866;;;13-Jan-2026
120283;LIC MF Gilt Fund-Direct Plan-IDCW;INF767K01EY6;INF767K01FA3;18.7802;;;13-Jan-2026
100319;LIC MF Gilt Fund-PF Plan-Growth;INF767K01733;;34.0346;;;13-Jan-2026
100318;LIC MF Gilt Fund-PF Plan-IDCW;INF767K01717;INF767K01725;22.0239;;;13-Jan-2026
100317;LIC MF Gilt Fund-Regular Plan-Growth;INF767K01709;;58.9278;;;13-Jan-2026
100316;LIC MF Gilt Fund-Regular Plan-IDCW;INF767K01683;INF767K01691;16.986;;;13-Jan-2026

Nippon India Mutual Fund
118670;NIPPON INDIA GILT  FUND - Direct Plan - MONTHLY IDCW Option;INF204K01XQ6;INF204K01XR4;11.5100;;;13-Jan-2026
118669;Nippon India Gilt  Fund - Direct Plan - P F Option - Automatic Capital Appreciation Payout Option;INF204K01E70;;42.8126;;;13-Jan-2026
118673;Nippon India Gilt  Fund - Direct Plan - P F Option - Defined Maturity Date Option;INF204K01E88;;43.0398;;;13-Jan-2026
118672;Nippon India Gilt  Fund - Direct Plan Growth Plan - Growth Option;INF204K01XP8;;42.9238;;;13-Jan-2026
109717;Nippon India Gilt  Fund - Institutional Plan-Growth Plan -Growth Option;INF204K01BX8;;38.5173;;;13-Jan-2026
109723;NIPPON INDIA GILT  FUND - MONTHLY IDCW Option;INF204K01BV2;INF204K01BW0;10.5145;;;13-Jan-2026
109720;Nippon India Gilt  Fund -Growth Plan - Growth Option;INF204K01BU4;;37.9124;;;13-Jan-2026
109716;Nippon India Gilt  Fund -P F Option-Automatic Annual Reinvest Option;INF204K01CA4;;31.7917;;;13-Jan-2026
109721;Nippon India Gilt  Fund -P F Option-Defined Maturity Date Option;INF204K01CB2;;37.9124;;;13-Jan-2026
133265;Nippon India Gilt  Fund- Direct Plan- Growth Plan- Bonus Option;INF204KA1YV2;;23.9902;;;13-Jan-2026
109724;Nippon India Gilt  Fund-P F Option-Automatic Capital Appreciation Payout Option;INF204K01CC0;;37.9124;;;13-Jan-2026
118674;Nippon India Gilt Fund - Direct Plan - P F Option - Automatic Annual Reinvest Option;;INF204K01E62;23.2333;;;13-Jan-2026

PGIM India Mutual Fund
138472;PGIM India Gilt Fund - Direct Plan - Growth;INF223J01ND7;;32.7688;;;13-Jan-2026
138474;PGIM India Gilt Fund - Direct Plan - Quarterly Dividend;INF223J01NB1;;14.363;;;13-Jan-2026
138470;PGIM India Gilt Fund - Growth;INF223J01AQ6;;30.1468;;;13-Jan-2026
138467;PGIM India Gilt Fund - Quarterly Dividend;INF223J01AO1;INF223J01AP8;13.4991;;;13-Jan-2026

quant Mutual Fund
151228;quant Gilt Fund - Growth Option - Direct Plan;INF966L01BF7;;12.1858;;;13-Jan-2026
151230;quant Gilt Fund - Growth Option - Regular Plan;INF966L01BI1;;11.8451;;;13-Jan-2026
151229;quant Gilt Fund - IDCW Option - Direct Plan;INF966L01BG5;INF966L01BH3;12.1922;;;13-Jan-2026
151231;quant Gilt Fund - IDCW Option - Regular Plan;INF966L01BJ9;INF966L01BK7;11.8533;;;13-Jan-2026

SBI Mutual Fund
101934;SBI GILT FUND -  GROWTH - PF (Fixed Period - 3 Yrs) Option;INF200K01AH1;;39.7779;;;13-Jan-2026
101932;SBI GILT FUND -  GROWTH - PF (Regular) Option;INF200K01AK5;;42.5835;;;13-Jan-2026
119707;SBI GILT FUND - DIRECT PLAN - GROWTH;INF200K01SH3;;70.4158;;;13-Jan-2026
119706;SBI Gilt Fund - Direct Plan - Income Distribution cum Capital Withdrawal Option (IDCW);INF200K01SF7;INF200K01SG5;22.4737;;;13-Jan-2026
101950;SBI Gilt Fund - Income Distribution cum Capital Withdrawal Option (IDCW) - PF (Fixed Period - 1 Yr);INF200K01AC2;INF200K01AD0;20.4885;;;13-Jan-2026
101951;SBI Gilt Fund - Income Distribution cum Capital Withdrawal Option (IDCW) - PF (Fixed Period - 2 Yrs);INF200K01AF5;INF200K01AG3;20.7336;;;13-Jan-2026
101952;SBI Gilt Fund - Income Distribution cum Capital Withdrawal Option (IDCW) - PF (Fixed Period - 3 Yrs);INF200K01AI9;INF200K01AJ7;20.1028;;;13-Jan-2026
101001;SBI GILT FUND - REGULAR PLAN - GROWTH;INF200K01982;;66.3169;;;13-Jan-2026
100999;SBI Gilt Fund - Regular Plan - Income Distribution cum Capital Withdrawal Option (IDCW);INF200K01990;INF200K01AA6;20.3923;;;13-Jan-2026

Tata Mutual Fund
119954;Tata Gilt Securities Fund - Direct Plan - Payout of IDCW Option;INF277K01OV1;INF277K01OW9;24.7538;;;13-Jan-2026
101049;Tata Gilt Securities Fund - Regular Plan - Payout of IDCW Option;INF277K01DN1;INF277K01535;21.6425;;;13-Jan-2026
101042;Tata Gilt Securities Fund -Regular Plan- Growth Option;INF277K01519;;78.0720;;;13-Jan-2026
119953;Tata Gilt Securities Fund- Direct Plan - Growth Option;INF277K01OX7;;87.9119;;;13-Jan-2026

Union Mutual Fund
150408;Union Gilt Fund - Direct Plan - Annual IDCW Option;INF582M01IA6;INF582M01IB4;12.2600;;;13-Jan-2026
150407;Union Gilt Fund - Direct Plan - Growth Option;INF582M01HW2;;12.2600;;;13-Jan-2026
150456;Union Gilt Fund - Direct Plan - Half-yearly IDCW Option;INF582M01HX0;INF582M01HY8;12.2600;;;13-Jan-2026
150406;Union Gilt Fund - Regular Plan - Annual IDCW Option;INF582M01IH1;INF582M01II9;12.0535;;;13-Jan-2026
150405;Union Gilt Fund - Regular Plan - Growth Option;INF582M01ID0;;12.0535;;;13-Jan-2026
150457;Union Gilt Fund - Regular Plan - Half-yearly IDCW Option;INF582M01IE8;INF582M01IF5;12.0535;;;13-Jan-2026

UTI Mutual Fund
120792;UTI - GILT FUND - Direct Plan - Growth Option;INF789F01TL5;;65.8186;;;13-Jan-2026
102512;UTI - GILT FUND - Discontinued PF Plan - Growth Option;INF789F01PT6;;47.1933;;;13-Jan-2026
102514;UTI - GILT FUND - Discontinued PF Plan Prescribed Date Auto Redemption Option;INF789F01PU4;;47.2196;;;13-Jan-2026
102510;UTI - GILT FUND - Regular Plan - Growth Option;INF789F01661;;63.4717;;;13-Jan-2026
102511;UTI - GILT FUND -Discontinued PF Plan -Dividend Option;INF789F01PR0;INF789F01PS8;25.9753;;;13-Jan-2026
120791;UTI Gilt Fund - Direct Plan - IDCW;INF789F01TJ9;INF789F01TK7;30.7067;;;13-Jan-2026
102509;UTI Gilt Fund - Regular Plan - IDCW;INF789F01646;INF789F01653;38.2981;;;13-Jan-2026

Open Ended Schemes ( Debt Scheme - Gilt Fund with 10 year constant duration )


Bandhan Mutual Fund
118387;Bandhan Gilt Fund with 10 year constant duration Fund - Direct Plan - Growth;INF194K01P38;;47.6099;;;13-Jan-2026
118390;Bandhan Gilt Fund with 10 year constant duration Fund - Direct Plan - Monthly IDCW;INF194K01P53;INF194K01P46;10.4581;;;13-Jan-2026
131390;Bandhan Gilt Fund with 10 year constant duration Fund - Direct Plan - Periodic IDCW;INF194KA1SL7;INF194KA1SM5;14.1820;;;13-Jan-2026
118388;Bandhan Gilt Fund with 10 year constant duration Fund - Direct Plan - Quarterly IDCW;INF194K01P87;INF194K01P79;11.8342;;;13-Jan-2026
118389;Bandhan Gilt Fund with 10 year constant duration Fund - Direct Plan - Weekly IDCW;;INF194K01Q03;17.9722;;;13-Jan-2026
108644;Bandhan Gilt Fund with 10 year constant duration Fund - Regular Plan - Monthly IDCW;INF194K01FC6;INF194K01FB8;10.4181;;;13-Jan-2026
131391;Bandhan Gilt Fund with 10 year constant duration Fund - Regular Plan - Periodic IDCW;INF194KA1SI3;INF194KA1SJ1;16.7433;;;13-Jan-2026
108753;Bandhan Gilt Fund with 10 year constant duration Fund - Regular Plan - Growth;INF194K01FA0;;46.7720;;;13-Jan-2026
111343;Bandhan Gilt Fund with 10 year constant duration Fund - Regular Plan - Weekly IDCW;INF194K01FI3;INF194K01FH5;10.3269;;;13-Jan-2026
108646;Bandhan Gilt Fund with 10 year constant duration Fund - Regular Plan - Quarterly IDCW;INF194K01FF9;INF194K01FE2;11.5371;;;13-Jan-2026

DSP Mutual Fund
131301;DSP 10Y G-Sec Fund - Direct Plan - Growth;INF740K019I5;;22.6544;;;13-Jan-2026
131304;DSP 10Y G-Sec Fund - Direct Plan - IDCW;INF740K010J2;INF740K011J0;10.9611;;;13-Jan-2026
131303;DSP 10Y G-Sec Fund - Direct Plan - IDCW - Monthly;INF740K012J8;INF740K013J6;10.5706;;;13-Jan-2026
131302;DSP 10Y G-Sec Fund - Direct Plan - IDCW - Quarterly;INF740K014J4;INF740K015J1;10.8874;;;13-Jan-2026
131297;DSP 10Y G-Sec Fund - Regular Plan - Growth;INF740K012I0;;22.0885;;;13-Jan-2026
131298;DSP 10Y G-Sec Fund - Regular Plan - IDCW;INF740K013I8;INF740K014I6;10.7408;;;13-Jan-2026
131299;DSP 10Y G-Sec Fund - Regular Plan - IDCW - Monthly;INF740K015I3;INF740K016I1;10.7242;;;13-Jan-2026
131300;DSP 10Y G-Sec Fund - Regular Plan - IDCW - Quarterly ;INF740K017I9;INF740K018I7;10.9419;;;13-Jan-2026

ICICI Prudential Mutual Fund
131061;ICICI Prudential Constant Maturity Gilt Fund - Direct Plan - Growth;INF109KA1O37;;25.8120;;;13-Jan-2026
131054;ICICI Prudential Constant Maturity Gilt Fund - Direct Plan - Quarterly IDCW;INF109KA1O52;INF109KA1O94;11.6008;;;13-Jan-2026
131051;ICICI Prudential Constant Maturity Gilt Fund - Growth;INF109KA1N46;;25.2286;;;13-Jan-2026
131057;ICICI Prudential Constant Maturity Gilt Fund - quarterly IDCW;INF109KA1N61;INF109KA1O03;11.3404;;;13-Jan-2026

SBI Mutual Fund
120137;SBI CONSTANT MATURITY 10 YEAR GILT FUND - DIRECT PLAN - GROWTH;INF200K01SK7;;67.5392;;;13-Jan-2026
120136;SBI Constant Maturity 10 Year Gilt Fund - Direct Plan - Income Distribution cum Capital Withdrawal Option (IDCW);INF200K01SI1;INF200K01SJ9;21.9694;;;13-Jan-2026
101002;SBI CONSTANT MATURITY 10 Year GILT FUND - REGULAR PLAN - GROWTH;INF200K01AN9;;64.8471;;;13-Jan-2026
101003;SBI Constant Maturity 10 Year Gilt Fund - Regular Plan - Income Distribution cum Capital Withdrawal Option (IDCW);INF200K01AO7;INF200K01AP4;21.0905;;;13-Jan-2026

UTI Mutual Fund
150423;UTI Gilt Fund with 10 year Constant Duration - Direct Plan - Annual IDCW Option;INF789F1AVW7;INF789F1AVX5;11.6563;;;13-Jan-2026
150424;UTI Gilt Fund with 10 year Constant Duration - Direct Plan - Flexi IDCW Option;INF789F1AVY3;INF789F1AVZ0;13.0295;;;13-Jan-2026
150410;UTI Gilt Fund with 10 year Constant Duration - Direct Plan - Growth Option;INF789F1AVR7;;13.0295;;;13-Jan-2026
150415;UTI Gilt Fund with 10 year Constant Duration - Direct Plan - Half Yearly IDCW Option;INF789F1AVU1;INF789F1AVV9;12.8885;;;13-Jan-2026
150412;UTI Gilt Fund with 10 year Constant Duration - Direct Plan - Quarterly IDCW Option;INF789F1AVS5;INF789F1AVT3;13.0297;;;13-Jan-2026
150419;UTI Gilt Fund with 10 year Constant Duration - Regular Plan - Annual IDCW Option;INF789F1AVN6;INF789F1AVO4;11.4505;;;13-Jan-2026
150420;UTI Gilt Fund with 10 year Constant Duration - Regular Plan - Flexi IDCW Option;INF789F1AVP1;INF789F1AVQ9;12.8134;;;13-Jan-2026
150409;UTI Gilt Fund with 10 year Constant Duration - Regular Plan - Growth Option;INF789F1AVI6;;12.8139;;;13-Jan-2026
150416;UTI Gilt Fund with 10 year Constant Duration - Regular Plan - Half Yearly IDCW Option;INF789F1AVL0;INF789F1AVM8;12.8136;;;13-Jan-2026
150411;UTI Gilt Fund with 10 year Constant Duration - Regular Plan - Quarterly IDCW Option;INF789F1AVJ4;INF789F1AVK2;12.8139;;;13-Jan-2026

Open Ended Schemes ( Debt Scheme - Floater Fund )


Aditya Birla Sun Life Mutual Fund
122645;Aditya Birla Sun Life Floating Rate Fund-Direct - daily IDCW;INF209K01UW9;;100.6043;;;13-Jan-2026
122648;Aditya Birla Sun Life Floating Rate Fund-Direct - weekly IDCW;INF209K01UY5;;101.1784;;;13-Jan-2026
122646;Aditya Birla Sun Life Floating Rate Fund-Direct Plan-Growth;INF209K01UX7;;369.9025;;;13-Jan-2026
122643;Aditya Birla Sun Life Floating Rate Fund-Regular - DAILY IDCW;;INF209KA1LN1;100.8692;;;13-Jan-2026
122647;Aditya Birla Sun Life Floating Rate Fund-REGULAR - WEEKLY IDCW;;INF209K01MH7;101.1397;;;13-Jan-2026
122644;Aditya Birla Sun Life Floating Rate Fund-Regular Plan-Growth;INF209K01MG9;;359.5175;;;13-Jan-2026
122649;Aditya Birla Sun Life Floating Rate Fund-RETAIL - WEEKLY IDCW;;INF209K01MI5;101.2461;;;13-Jan-2026
122650;Aditya Birla Sun Life Floating Rate Fund-Retail Plan-Growth;INF209K01MF1;;519.9969;;;13-Jan-2026

Axis Mutual Fund
149055;Axis Floater Fund - Direct Plan - Annual IDCW;INF846K016A1;INF846K015A3;1324.3638;;;13-Jan-2026
149050;Axis Floater Fund - Direct Plan - Daily IDCW;;INF846K011B0;1000.3685;;;13-Jan-2026
149049;Axis Floater Fund - Direct Plan - Growth;INF846K014A6;;1354.9362;;;13-Jan-2026
149051;Axis Floater Fund - Direct Plan - Monthly IDCW;INF846K018A7;INF846K017A9;1005.5523;;;13-Jan-2026
149052;Axis Floater Fund - Direct Plan - Quarterly IDCW;INF846K019A5;INF846K010B2;1283.8368;;;13-Jan-2026
149047;Axis Floater Fund - Regular Plan - Annual IDCW;INF846K014B4;INF846K013B6;1304.6272;;;13-Jan-2026
149054;Axis Floater Fund - Regular Plan - Daily IDCW;;INF846K019B3;1011.0677;;;13-Jan-2026
149048;Axis Floater Fund - Regular Plan - Growth;INF846K012B8;;1333.0682;;;13-Jan-2026
149053;Axis Floater Fund - Regular Plan - Monthly IDCW;INF846K016B9;INF846K015B1;1004.8563;;;13-Jan-2026
149046;Axis Floater Fund - Regular Plan - Quarterly IDCW;INF846K018B5;INF846K017B7;1264.4183;;;13-Jan-2026

Bandhan Mutual Fund
148714;BANDHAN FLOATER FUND  - DIRECT PLAN DAILY IDCW;;INF194KB1BB3;10.1248;;;13-Jan-2026
148711;BANDHAN FLOATER FUND  - DIRECT PLAN GROWTH;INF194KB1BA5;;13.5922;;;13-Jan-2026
148713;BANDHAN FLOATER FUND  - DIRECT PLAN MONTHLY IDCW;INF194KB1BD9;INF194KB1BE7;10.1303;;;13-Jan-2026
148715;BANDHAN FLOATER FUND  - DIRECT PLAN PERIODIC IDCW;INF194KB1BH0;INF194KB1BI8;13.2957;;;13-Jan-2026
148712;BANDHAN FLOATER FUND  - DIRECT PLAN QUARTERLY IDCW;INF194KB1BF4;INF194KB1BG2;10.3656;;;13-Jan-2026
148716;BANDHAN FLOATER FUND  - DIRECT PLAN WEEKLY IDCW;;INF194KB1BC1;10.1263;;;13-Jan-2026
148718;BANDHAN FLOATER FUND  - REGULAR PLAN ANNUAL IDCW;INF194KB1AY7;INF194KB1AZ4;10.6940;;;13-Jan-2026
148710;BANDHAN FLOATER FUND  - REGULAR PLAN DAILY IDCW;;INF194KB1AQ3;10.1247;;;13-Jan-2026
148705;BANDHAN FLOATER FUND  - REGULAR PLAN GROWTH;INF194KB1AP5;;13.2612;;;13-Jan-2026
148707;BANDHAN FLOATER FUND  - REGULAR PLAN MONTHLY IDCW;INF194KB1AS9;INF194KB1AT7;10.1277;;;13-Jan-2026
148709;BANDHAN FLOATER FUND  - REGULAR PLAN PERIODIC IDCW;INF194KB1AW1;INF194KB1AX9;13.2626;;;13-Jan-2026
148706;BANDHAN FLOATER FUND  - REGULAR PLAN QUARTERLY IDCW;INF194KB1AU5;INF194KB1AV3;10.3298;;;13-Jan-2026
148708;BANDHAN FLOATER FUND  - REGULAR PLAN WEEKLY IDCW;;INF194KB1AR1;10.1244;;;13-Jan-2026
148717;BANDHAN FLOATER FUND- DIRECT PLAN ANNUAL IDCW;INF194KB1BJ6;INF194KB1BK4;10.7540;;;13-Jan-2026

DSP Mutual Fund
148771;DSP Floater Fund - Direct Plan - Growth;INF740KA1PV1;;13.778;;;13-Jan-2026
148769;DSP Floater Fund - Direct Plan - IDCW;INF740KA1PW9;INF740KA1PX7;13.778;;;13-Jan-2026
148768;DSP Floater Fund - Regular Plan - Growth;INF740KA1PS7;;13.5954;;;13-Jan-2026
148770;DSP Floater Fund - Regular Plan - IDCW;INF740KA1PT5;INF740KA1PU3;13.5954;;;13-Jan-2026

Franklin Templeton Mutual Fund
118508;Franklin India Floating Rate Fund - Direct - Growth;INF090I01LK1;;46.0636;;;13-Jan-2026
118507;Franklin India Floating Rate Fund - Direct - IDCW ;INF090I01LL9;;10.1632;;;13-Jan-2026
101048;Franklin India Floating Rate Fund - Growth Plan;INF090I01LM7;;42.0340;;;13-Jan-2026
101044;Franklin India Floating Rate Fund - IDCW ;INF090I01LN5;;10.2638;;;13-Jan-2026

HDFC Mutual Fund
106838;HDFC Floating Rate Debt Fund - Daily IDCW Option;;INF179K01699;10.0768;;;13-Jan-2026
118959;HDFC Floating Rate Debt Fund - Direct Plan - Daily IDCW;;INF179KC1IU6;10.0768;;;13-Jan-2026
118961;HDFC Floating Rate Debt Fund - Direct Plan - Growth Option;INF179K01VQ4;;52.7375;;;13-Jan-2026
118960;HDFC Floating Rate Debt Fund - Direct Plan - Monthly IDCW;INF179K01VO9;INF179K01VP6;10.1524;;;13-Jan-2026
118962;HDFC Floating Rate Debt Fund - Direct Plan - Weekly IDCW;INF179KC1IW2;;10.036;;;13-Jan-2026
106841;HDFC Floating Rate Debt Fund - Growth Option;INF179K01707;;51.6358;;;13-Jan-2026
106839;HDFC Floating Rate Debt Fund - Monthly IDCW Option;INF179K01715;INF179K01723;10.1514;;;13-Jan-2026
106840;HDFC Floating Rate Debt Fund - Weekly IDCW Option;INF179K01731;INF179KC1IV4;10.0359;;;13-Jan-2026

ICICI Prudential Mutual Fund
101804;ICICI Prudential Floating Interest Fund - Daily IDCW;INF109K01AW3;;100.9844;;;13-Jan-2026
120423;ICICI Prudential Floating Interest Fund - Direct Plan - Daily IDCW;;INF109K01P24;100.9863;;;13-Jan-2026
120425;ICICI Prudential Floating Interest Fund - Direct Plan - Growth;INF109K01P57;;481.3478;;;13-Jan-2026
120426;ICICI Prudential Floating Interest Fund - Direct Plan - IDCW Others;INF109K01P65;INF109K01P32;205.7926;;;13-Jan-2026
120424;ICICI Prudential Floating Interest Fund - Direct Plan - Weekly IDCW;INF109K01P73;INF109K01P81;102.2415;;;13-Jan-2026
101802;ICICI Prudential Floating Interest Fund - Growth;INF109K01AX1;;439.2390;;;13-Jan-2026
115510;ICICI Prudential Floating Interest Fund - IDCW Others;INF109K01WQ9;INF109K01WP1;193.8918;;;13-Jan-2026
111545;ICICI Prudential Floating Interest Fund - Weekly IDCW;INF109K01EN4;INF109K01AY9;102.2396;;;13-Jan-2026

Kotak Mahindra Mutual Fund
147269;KOTAK FLOATING RATE FUND-DIRECT PLAN-GROWTH OPTION;INF174KA1EC0;;1605.792;;;13-Jan-2026
147267;KOTAK FLOATING RATE FUND-DIRECT PLAN-Standard Reinvestment of Income Distribution cum capital withdrawal option;;INF174KA1EF3;1398.8948;;;13-Jan-2026
147266;KOTAK FLOATING RATE FUND-REGULAR PLAN-GROWTH OPTION;INF174KA1DY6;;1565.4201;;;13-Jan-2026
147265;KOTAK FLOATING RATE FUND-REGULAR PLAN-STANDARD Reinvestment of Income Distribution cum capital withdrawal option;;INF174KA1EB2;1395.1248;;;13-Jan-2026

Nippon India Mutual Fund
118660;NIPPON INDIA FLOATER  FUND - DIRECT Plan - WEEKLY IDCW Option;INF204K01D14;INF204K01E13;10.3046;;;13-Jan-2026
118656;Nippon India Floater Fund  - Direct Plan Growth Plan - Growth Option;INF204K01E05;;49.1273;;;13-Jan-2026
102676;NIPPON INDIA FLOATER FUND - DAILY IDCW REINVESTMENT Option;;INF204K01CI7;10.2983;;;13-Jan-2026
118654;NIPPON INDIA FLOATER FUND - DIRECT Plan - DAILY IDCW Option;;INF204K01D71;10.3201;;;13-Jan-2026
124590;NIPPON INDIA FLOATER FUND - DIRECT Plan - IDCW Option;INF204KA1DU8;INF204KA1DV6;21.9184;;;13-Jan-2026
118655;NIPPON INDIA FLOATER FUND - DIRECT Plan - MONTHLY IDCW Option;INF204K01D89;INF204K01D97;11.3487;;;13-Jan-2026
118661;NIPPON INDIA FLOATER FUND - DIRECT Plan - QUARTERLY IDCW Option;INF204K01C98;INF204K01D06;10.8868;;;13-Jan-2026
102673;Nippon India Floater Fund - Growth Plan-Growth Option;INF204K01CG1;;46.6164;;;13-Jan-2026
124589;NIPPON INDIA FLOATER FUND - IDCW Option;INF204KA1DS2;INF204KA1DT0;21.0483;;;13-Jan-2026
102675;NIPPON INDIA FLOATER FUND - MONTHLY IDCW Option;INF204K01CH9;INF204K01CK3;11.1463;;;13-Jan-2026
112942;NIPPON INDIA FLOATER FUND - QUARTERLY IDCW Option;INF204K01HK2;INF204K01HL0;10.9886;;;13-Jan-2026
102677;NIPPON INDIA FLOATER FUND - WEEKLY IDCW Option;INF204K01OQ5;INF204K01CJ5;10.3012;;;13-Jan-2026

SBI Mutual Fund
148550;SBI Floating Rate Debt Fund - Direct Plan - Growth;INF200KA1R64;;13.7939;;;13-Jan-2026
148551;SBI Floating Rate DEBT Fund - Direct Plan - Monthly Income Distribution cum Capital Withdrawal Option (IDCW);INF200KA1R72;INF200KA1R80;13.7930;;;13-Jan-2026
148549;SBI Floating Rate DEBT Fund - Direct Plan - Quarterly Income Distribution cum Capital Withdrawal Option (IDCW);INF200KA1R98;INF200KA1S06;13.7941;;;13-Jan-2026
148543;SBI Floating Rate Debt Fund - Regular Plan - Growth;INF200KA1R15;;13.6572;;;13-Jan-2026
148544;SBI Floating Rate DEBT Fund - Regular Plan - Monthly Income Distribution cum Capital Withdrawal Option (IDCW);INF200KA1R23;INF200KA1R31;13.6608;;;13-Jan-2026
148546;SBI Floating Rate DEBT Fund - Regular Plan - Quarterly Income Distribution cum Capital Withdrawal Option (IDCW);INF200KA1R49;INF200KA1R56;13.6582;;;13-Jan-2026

Tata Mutual Fund
149007;Tata Floating Rate Fund -Direct Plan-Growth;INF277KA1026;;13.4220;;;13-Jan-2026
149037;Tata Floating Rate Fund-Direct Plan-IDCW Monthly Dividend Reinvestment;;INF277KA1075;13.4220;;;13-Jan-2026
149000;Tata Floating Rate Fund-Direct Plan-IDCW Monthly Payout;INF277KA1042;;13.4220;;;13-Jan-2026
149033;Tata Floating Rate Fund-Direct Plan-IDCW Periodic Dividend Reinvestment;;INF277KA1067;13.4220;;;13-Jan-2026
149002;Tata Floating Rate Fund-Direct Plan-IDCW Periodic Payout;INF277KA1034;;13.4220;;;13-Jan-2026
149034;Tata Floating Rate Fund-Direct Plan-IDCW Quarterly Dividend Reinvestment;;INF277KA1083;13.4220;;;13-Jan-2026
149001;Tata Floating Rate Fund-Direct Plan-IDCW Quarterly Payout;INF277KA1059;;13.4220;;;13-Jan-2026
149003;Tata Floating Rate Fund-Regular Plan-Growth;INF277KA1091;;13.1604;;;13-Jan-2026
149035;Tata Floating Rate Fund-Regular Plan-IDCW Monthly Dividend Reinvestment;;INF277KA1141;13.1604;;;13-Jan-2026
149004;Tata Floating Rate Fund-Regular Plan-IDCW Monthly Payout;INF277KA1117;;13.1604;;;13-Jan-2026
149036;Tata Floating Rate Fund-Regular Plan-IDCW Periodic Dividend Reinvestment;;INF277KA1133;13.1604;;;13-Jan-2026
149006;Tata Floating Rate Fund-Regular Plan-IDCW Periodic Payout;INF277KA1109;;13.1604;;;13-Jan-2026
149038;Tata Floating Rate Fund-Regular Plan-IDCW Quarterly Dividend Reinvestment;;INF277KA1158;13.1604;;;13-Jan-2026
149005;Tata Floating Rate Fund-Regular Plan-IDCW Quarterly Payout;INF277KA1125;;13.1604;;;13-Jan-2026

UTI Mutual Fund
145295;UTI - Floater Fund - Direct Plan - Growth Option;INF789F1ACX5;;1615.4337;;;13-Jan-2026
145287;UTI - Floater Fund - Regular Plan  - Growth Option;INF789F1ACO4;;1540.2737;;;13-Jan-2026
145293;UTI Floater Fund - Direct Plan - Annual IDCW;INF789F1ADA1;INF789F1ADB9;1478.7995;;;13-Jan-2026
145291;UTI Floater Fund - Direct Plan - Flexi IDCW;INF789F1ADE3;INF789F1ADF0;1521.8615;;;13-Jan-2026
145296;UTI Floater Fund - Direct Plan - Half-Yearly IDCW;INF789F1ADC7;INF789F1ADD5;1472.4687;;;13-Jan-2026
145290;UTI Floater Fund - Direct Plan - Quarterly IDCW;INF789F1ACY3;INF789F1ACZ0;1385.5391;;;13-Jan-2026
145289;UTI Floater Fund - Regular Plan - Annual IDCW;INF789F1ACR7;INF789F1ACS5;1462.7842;;;13-Jan-2026
145292;UTI Floater Fund - Regular Plan - Flexi IDCW;INF789F1ACV9;INF789F1ACW7;1408.0826;;;13-Jan-2026
145288;UTI Floater Fund - Regular Plan - Half-Yearly IDCW;INF789F1ACT3;INF789F1ACU1;1360.2971;;;13-Jan-2026
145294;UTI Floater Fund - Regular Plan - Quarterly IDCW;INF789F1ACP1;INF789F1ACQ9;1257.5439;;;13-Jan-2026

Open Ended Schemes ( Hybrid Scheme - Conservative Hybrid Fund )


Aditya Birla Sun Life Mutual Fund
120550;Aditya Birla Sun Life Regular Savings Fund - DIRECT - MONTHLY IDCW;INF209K01R47;;27.1535;;;13-Jan-2026
120705;Aditya Birla Sun Life Regular Savings Fund - Growth / Payment - Direct Plan;INF209K01XH4;INF209K01XJ0;76.9527;;;13-Jan-2026
101818;Aditya Birla Sun Life Regular Savings Fund - Growth / Payment - Regular Plan;INF209K01751;INF209K01777;68.5606;;;13-Jan-2026
101816;Aditya Birla Sun Life Regular Savings Fund - REGULAR - MONTHLY IDCW;INF209K01769;INF209K01DF0;16.554;;;13-Jan-2026

Axis Mutual Fund
120477;Axis Conservative Hybrid Fund - Direct Plan - Annual IDCW;INF846K01DY0;INF846K01DZ7;16.8565;;;13-Jan-2026
120480;Axis Conservative Hybrid Fund - Direct Plan - Growth Option;INF846K01EA8;;35.8829;;;13-Jan-2026
120478;Axis Conservative Hybrid Fund - Direct Plan - Half Yearly;INF846K01EB6;INF846K01EC4;13.7152;;;13-Jan-2026
120479;Axis Conservative Hybrid Fund - Direct Plan - Quarterly;INF846K01ED2;INF846K01EE0;13.1325;;;13-Jan-2026
112927;Axis Conservative Hybrid Fund - Regular Plan - Annual IDCW;INF846K01743;INF846K01750;14.2233;;;13-Jan-2026
112924;Axis Conservative Hybrid Fund - Regular Plan - Growth Option;INF846K01693;;30.4978;;;13-Jan-2026
112926;Axis Conservative Hybrid Fund - Regular Plan - Half Yearly IDCW;INF846K01727;INF846K01735;13.0085;;;13-Jan-2026
112925;Axis Conservative Hybrid Fund - Regular Plan - Quarterly IDCW;INF846K01701;INF846K01719;10.7014;;;13-Jan-2026

Bandhan Mutual Fund
112353;BANDHAN Conservative Hybrid Fund - Regular Plan - Growth;INF194K01RW9;;32.6876;;;13-Jan-2026
112352;BANDHAN Conservative Hybrid Fund - Regular Plan - IDCW;INF194K01RY5;INF194K01RX7;11.4728;;;13-Jan-2026
113361;BANDHAN Conservative Hybrid Fund - Regular Plan - Quarterly IDCW;INF194K01SB1;INF194K01SA3;13.8519;;;13-Jan-2026
118491;BANDHAN Conservative Hybrid Fund-Direct Plan-Growth;INF194K015B9;;36.7643;;;13-Jan-2026
118490;BANDHAN Conservative Hybrid Fund-Direct Plan-IDCW;INF194K017B5;INF194K016B7;13.4835;;;13-Jan-2026
118492;BANDHAN Conservative Hybrid Fund-Direct Plan-Quarterly IDCW;INF194K010C8;INF194K019B1;16.5581;;;13-Jan-2026

Baroda BNP Paribas Mutual Fund
150206;BARODA BNP PARIBAS Conservative Hybrid Fund - Direct Plan - Growth Option;INF251K01HR8;;55.7844;;;13-Jan-2026
150207;BARODA BNP PARIBAS Conservative Hybrid Fund - Direct Plan - Monthly IDCW Option;INF251K01HS6;INF251K01HT4;13.2511;;;13-Jan-2026
150208;BARODA BNP PARIBAS Conservative Hybrid Fund - Direct Plan - Quarterly IDCW Option;INF251K01HU2;INF251K01HV0;12.7914;;;13-Jan-2026
150203;BARODA BNP PARIBAS Conservative Hybrid Fund-Regular Plan-Growth Option;INF251K01845;;45.4309;;;13-Jan-2026
150204;BARODA BNP PARIBAS Conservative hybrid Fund-Regular Plan-Monthly IDCW Option;INF251K01852;INF251K01860;10.8359;;;13-Jan-2026
150205;BARODA BNP PARIBAS Conservative Hybrid Fund-Regular Plan-Quarterly IDCW Option;INF251K01878;INF251K01886;10.9432;;;13-Jan-2026

Canara Robeco Mutual Fund
118309;CANARA ROBECO CONSERVATIVE HYBRID FUND - DIRECT PLAN - GROWTH OPTION;INF760K01GB4;;112.2242;;;13-Jan-2026
118311;CANARA ROBECO CONSERVATIVE HYBRID FUND - DIRECT PLAN - MONTHLY IDCW (Payout/Reinvestment);INF760K01FZ5;INF760K01GA6;16.2682;;;13-Jan-2026
118310;CANARA ROBECO CONSERVATIVE HYBRID FUND - DIRECT PLAN - QUARTERLY IDCW (Payout/Reinvestment);INF760K01GC2;INF760K01GD0;16.2805;;;13-Jan-2026
100601;CANARA ROBECO CONSERVATIVE HYBRID FUND - REGULAR PLAN - GROWTH OPTION;INF760K01282;;97.2407;;;13-Jan-2026
100600;CANARA ROBECO CONSERVATIVE HYBRID FUND - REGULAR PLAN - MONTHLY IDCW (Payout/Reinvestment);INF760K01308;INF760K01316;12.7297;;;13-Jan-2026
112378;CANARA ROBECO CONSERVATIVE HYBRID FUND - REGULAR PLAN - QUARTERLY IDCW (Payout/Reinvestment);INF760K01AP7;INF760K01AQ5;13.6397;;;13-Jan-2026

DSP Mutual Fund
118994;DSP Regular Savings Fund - Direct Plan - Growth;INF740K01NO5;;67.7442;;;13-Jan-2026
118992;DSP Regular Savings Fund - Direct Plan - IDCW - Monthly;INF740K01NP2;INF740K01NR8;14.3671;;;13-Jan-2026
118993;DSP Regular Savings Fund - Direct Plan - IDCW - Quarterly ;INF740K01NQ0;INF740K01NS6;14.1424;;;13-Jan-2026
102450;DSP Regular Savings Fund - Regular Plan - IDCW - Monthly;INF740K01458;INF740K01466;11.2904;;;13-Jan-2026
102451;DSP Regular Savings Fund - Regular Plan - IDCW - Quarterly ;INF740K01474;INF740K01482;11.5557;;;13-Jan-2026
102448;DSP Regular Savings Fund- Regular Plan - Growth;INF740K01441;;59.9593;;;13-Jan-2026

Franklin Templeton Mutual Fund
118574;Franklin India Conservative Hybrid Fund - Direct - GROWTH;INF090I01GF1;;101.3203;;;13-Jan-2026
100948;Franklin India Conservative Hybrid Fund - Growth;INF090I01EA7;;91.8963;;;13-Jan-2026
118575;Franklin India Conservative Hybrid Fund - Plan A - Direct - Monthly - IDCW;INF090I01GG9;INF090I01GH7;14.8214;;;13-Jan-2026
118576;Franklin India Conservative Hybrid Fund - Plan A - Direct - Quarterly - IDCW;INF090I01GI5;INF090I01GJ3;13.8745;;;13-Jan-2026
100949;Franklin India Conservative Hybrid Fund - Plan A - Monthly - IDCW;INF090I01EB5;INF090I01EC3;12.9983;;;13-Jan-2026
100950;Franklin India Conservative Hybrid Fund - Plan A - Quarterly - IDCW;INF090I01ED1;INF090I01EE9;11.9970;;;13-Jan-2026

HDFC Mutual Fund
119118;HDFC Hybrid Debt Fund - Growth Option - Direct Plan;INF179K01XE6;;88.8347;;;13-Jan-2026
102147;HDFC Hybrid Debt Fund - Growth Plan;INF179K01AE4;;83.2584;;;13-Jan-2026
102148;HDFC Hybrid Debt Fund - IDCW Monthly;INF179K01AA2;INF179K01AB0;13.9823;;;13-Jan-2026
119119;HDFC Hybrid Debt Fund - IDCW Monthly - Direct Plan;INF179K01XF3;INF179K01XG1;15.6652;;;13-Jan-2026
102149;HDFC Hybrid Debt Fund - IDCW Quarterly;INF179K01AC8;INF179K01AD6;14.6773;;;13-Jan-2026
119120;HDFC Hybrid Debt Fund - IDCW Quarterly - Direct Plan;INF179K01XH9;INF179K01XI7;16.4523;;;13-Jan-2026

HSBC Mutual Fund
120073;HSBC Conservative Hybrid Fund - Direct Growth;INF336L01DW4;;68.5512;;;13-Jan-2026
120074;HSBC Conservative Hybrid Fund - Direct Monthly IDCW;INF336L01DX2;INF336L01DY0;17.2457;;;13-Jan-2026
120075;HSBC Conservative Hybrid Fund - Direct Quarterly IDCW;INF336L01DZ7;INF336L01EA8;14.8688;;;13-Jan-2026
102262;HSBC Conservative Hybrid Fund - Regular Growth;INF336L01099;;60.9843;;;13-Jan-2026
102260;HSBC Conservative Hybrid Fund - Regular Monthly IDCW;INF336L01107;INF336L01115;12.877;;;13-Jan-2026
102261;HSBC Conservative Hybrid Fund - Regular Quarterly IDCW;INF336L01123;INF336L01131;16.8819;;;13-Jan-2026

ICICI Prudential Mutual Fund
120616;ICICI Prudential Regular Savings Fund - Direct Plan - Growth;INF109K01S39;;85.8519;;;13-Jan-2026
120613;ICICI Prudential Regular Savings Fund - Direct Plan - Half Yearly IDCW;INF109K01S47;INF109K01S54;16.6425;;;13-Jan-2026
120615;ICICI Prudential Regular Savings Fund - Direct Plan - Monthly IDCW;INF109K01S62;INF109K01S70;16.2429;;;13-Jan-2026
120614;ICICI Prudential Regular Savings Fund - Direct Plan - Quarterly IDCW;INF109K01S88;INF109K01S96;14.8350;;;13-Jan-2026
102330;ICICI Prudential Regular Savings Fund - Plan - Growth;INF109K01902;;77.7444;;;13-Jan-2026
113098;ICICI Prudential Regular Savings Fund - Plan - Half Yearly IDCW;INF109K01IW6;INF109K01WX5;12.9630;;;13-Jan-2026
102331;ICICI Prudential Regular Savings Fund - Plan - Monthly IDCW;INF109K01ER5;INF109K01894;13.7245;;;13-Jan-2026
113097;ICICI Prudential Regular Savings Fund - Plan - Quarterly IDCW;INF109K01IX4;INF109K01WY3;12.0268;;;13-Jan-2026

Kotak Mahindra Mutual Fund
114859;Kotak Debt Hybrid - Growth;INF174K01393;;59.2045;;;13-Jan-2026
120154;Kotak Debt Hybrid - Growth - Direct;INF174K01JZ1;;68.7612;;;13-Jan-2026
114858;Kotak Debt Hybrid - Monthly Payout of Income Distribution cum capital withdrawal option;INF174K01419;INF174K01401;12.5844;;;13-Jan-2026
120155;Kotak Debt Hybrid - Monthly Payout of Income Distribution cum capital withdrawal option - Direct;INF174K01KA2;INF174K01KB0;13.7909;;;13-Jan-2026

LIC Mutual Fund
120276;LIC MF Conservative Hybrid Fund-Direct Plan-Growth;INF767K01EO7;;92.8129;;;13-Jan-2026
120277;LIC MF Conservative Hybrid Fund-Direct Plan-Monthly IDCW;INF767K01EP4;INF767K01ES8;13.4291;;;13-Jan-2026
120274;LIC MF Conservative Hybrid Fund-Direct Plan-Quarterly IDCW;INF767K01EQ2;INF767K01ET6;18.5215;;;13-Jan-2026
120275;LIC MF Conservative Hybrid Fund-Direct Plan-Yearly IDCW;INF767K01ER0;INF767K01EU4;14.9117;;;13-Jan-2026
101869;LIC MF Conservative Hybrid Fund-Regular Plan-Growth;INF767K01808;;83.3005;;;13-Jan-2026
101866;LIC MF Conservative Hybrid Fund-Regular Plan-Monthly IDCW;INF767K01816;INF767K01824;13.0057;;;13-Jan-2026
101867;LIC MF Conservative Hybrid Fund-Regular Plan-Quarterly IDCW;INF767K01832;INF767K01840;14.6322;;;13-Jan-2026
101868;LIC MF Conservative Hybrid Fund-Regular Plan-Yearly IDCW;INF767K01857;INF767K01865;12.5055;;;13-Jan-2026

Nippon India Mutual Fund
148291;NIPPON INDIA CONSERVATIVE HYBRID  FUND -  SEGREGATED PORTFOLIO 2 - DIRECT Plan - MONTHLY IDCW Option;INF204KB15O7;INF204KB16O5;0.0000;;;13-Jan-2026
148294;NIPPON INDIA CONSERVATIVE HYBRID  FUND -  SEGREGATED PORTFOLIO 2 - MONTHLY IDCW Option;INF204KB10P5;INF204KB11P3;0.0000;;;13-Jan-2026
148295;NIPPON INDIA CONSERVATIVE HYBRID  FUND -  SEGREGATED PORTFOLIO 2 - QUARTERLY IDCW Option;INF204KB12P1;INF204KB13P9;0.0000;;;13-Jan-2026
118727;NIPPON INDIA CONSERVATIVE HYBRID  FUND - DIRECT Plan - MONTHLY IDCW Option;INF204K01YW2;INF204K01YX0;11.6984;;;13-Jan-2026
118729;NIPPON INDIA CONSERVATIVE HYBRID  FUND - DIRECT Plan - QUARTERLY IDCW Option;INF204K01YY8;INF204K01YZ5;12.8938;;;13-Jan-2026
118726;Nippon India Conservative Hybrid  Fund - Direct Plan Growth Plan - Growth Option;INF204K01YV4;;66.6717;;;13-Jan-2026
102173;NIPPON INDIA CONSERVATIVE HYBRID  FUND - MONTHLY IDCW Option;INF204K01FE9;INF204K01FF6;11.2750;;;13-Jan-2026
102174;NIPPON INDIA CONSERVATIVE HYBRID  FUND - QUARTERLY IDCW Option;INF204K01FG4;INF204K01FH2;12.2516;;;13-Jan-2026
148296;Nippon India Conservative Hybrid  Fund - Segregated Portfolio 2 - Direct Plan - Growth Plan - Growth Option;INF204KB14O0;;0.0000;;;13-Jan-2026
148293;Nippon India Conservative Hybrid  Fund - Segregated Portfolio 2 - Growth Plan;INF204KB19O9;;0.0000;;;13-Jan-2026
102172;Nippon India Conservative Hybrid  Fund-Growth Plan;INF204K01FD1;;60.1697;;;13-Jan-2026
148292;NIPPON INDIA CONSERVATIVE HYBRID FUND -  SEGREGATED PORTFOLIO 2 - DIRECT Plan - QUARTERLY IDCW Option;INF204KB17O3;INF204KB18O1;0.0000;;;13-Jan-2026

PPFAS Mutual Fund
148958;Parag Parikh Conservative Hybrid Fund - Direct Plan - Growth;INF879O01175;;15.6007;;;13-Jan-2026
148961;Parag Parikh Conservative Hybrid Fund - Direct Plan - Monthly IDCW;INF879O01167;INF879O01159;11.0831;;;13-Jan-2026
148959;Parag Parikh Conservative Hybrid Fund - Regular Plan - Growth;INF879O01209;;15.3860;;;13-Jan-2026
148960;Parag Parikh Conservative Hybrid Fund - Regular Plan - Monthly IDCW;INF879O01191;INF879O01183;10.8305;;;13-Jan-2026

SBI Mutual Fund
119836;SBI Conservative Hybrid Fund  - Direct Plan - Quarterly Income Distribution cum Capital Withdrawal Option (IDCW);INF200K01TV2;INF200K01TW0;24.8033;;;13-Jan-2026
119837;SBI Conservative Hybrid Fund - Direct Plan - Annual Income Distribution cum Capital Withdrawal Option (IDCW);INF200K01TQ2;INF200K01TR0;32.3729;;;13-Jan-2026
119839;SBI Conservative Hybrid Fund - Direct Plan - Growth;INF200K01TS8;;81.1793;;;13-Jan-2026
119838;SBI Conservative Hybrid Fund - Direct Plan - Monthly Income Distribution cum Capital Withdrawal Option (IDCW);INF200K01TT6;INF200K01TU4;28.3715;;;13-Jan-2026
100929;SBI Conservative Hybrid Fund - Regular Plan - Annual Income Distribution cum Capital Withdrawal Option (IDCW);INF200K01909;INF200K01917;26.1483;;;13-Jan-2026
100968;SBI Conservative Hybrid Fund - Regular Plan - Growth;INF200K01859;;74.1297;;;13-Jan-2026
100927;SBI Conservative Hybrid Fund - Regular Plan - Monthly Income Distribution cum Capital Withdrawal Option (IDCW);INF200K01867;INF200K01875;21.7114;;;13-Jan-2026
100928;SBI Conservative Hybrid Fund - Regular Plan - Quarterly Income Distribution cum Capital Withdrawal Option (IDCW);INF200K01883;INF200K01891;21.3799;;;13-Jan-2026

Sundaram Mutual Fund
119635;Sundaram Conservative Hybrid Fund (Formerly Known as Sundaram Debt Oriented Hybrid Fund) Direct Plan - Growth;INF903J01OP6;;32.9966;;;13-Jan-2026
119637;Sundaram Conservative Hybrid Fund (Formerly Known as Sundaram Debt Oriented Hybrid Fund) Direct Plan -Income Distribution cum Capital Withdrawal (IDCW);INF903J01OR2;INF903J01OU6;20.7314;;;13-Jan-2026
112868;Sundaram Conservative Hybrid Fund (Formerly Known as Sundaram Debt Oriented Hybrid Fund) Regular Plan - Growth;INF903J01HB0;;29.7906;;;13-Jan-2026
112870;Sundaram Conservative Hybrid Fund (Formerly Known as Sundaram Debt Oriented Hybrid Fund) Regular Plan -Income Distribution cum Capital Withdrawal (IDCW);INF903J01HD6;INF903J01HG9;18.6036;;;13-Jan-2026

UTI Mutual Fund
102533;UTI Conservative Hybrd Fund - Regular Plan - Monthly Payment Option;INF789F01927;;70.3186;;;13-Jan-2026
120789;UTI Conservative Hybrid Fund - Direct Plan - Flexi IDCW;INF789F01UH1;INF789F01UI9;49.5627;;;13-Jan-2026
120779;UTI Conservative Hybrid Fund - Direct Plan - Growth Option;INF789F01UJ7;;76.2958;;;13-Jan-2026
120778;UTI Conservative Hybrid Fund - Direct Plan - Monthly IDCW;INF789F01UK5;INF789F01UL3;19.5915;;;13-Jan-2026
120790;UTI Conservative Hybrid Fund - Direct Plan - Monthly Payment Option;INF789F01UM1;;75.0524;;;13-Jan-2026
102534;UTI Conservative Hybrid Fund - Regular Plan - Flexi IDCW;INF789F01877;INF789F01885;44.4552;;;13-Jan-2026
102535;UTI Conservative Hybrid Fund - Regular Plan - Growth Option;INF789F01893;;70.2825;;;13-Jan-2026
102536;UTI Conservative Hybrid Fund - Regular Plan - Monthly IDCW;INF789F01901;INF789F01919;17.3055;;;13-Jan-2026

Open Ended Schemes ( Hybrid Scheme - Balanced Hybrid Fund )


360 ONE Mutual Fund
152073;360 ONE Balanced Hybrid Fund - Direct Plan - IDCW;INF579M01AZ6;INF579M01BA7;13.1034;;;13-Jan-2026
152075;360 ONE Balanced Hybrid Fund - Regular Plan - Growth;INF579M01AV5;;12.6611;;;13-Jan-2026
152076;360 ONE Balanced Hybrid Fund- Direct Plan - Growth;INF579M01AY9;;13.1034;;;13-Jan-2026
152074;360 ONE Balanced Hyrbrid fund - Regular Plan - IDCW;INF579M01AW3;INF579M01AX1;12.6611;;;13-Jan-2026

WhiteOak Capital Mutual Fund
152132;WhiteOak Capital Balanced Hybrid Fund Direct Plan Growth;INF03VN01829;;13.644;;;13-Jan-2026
152133;WhiteOak Capital Balanced Hybrid Fund Regular Plan Growth;INF03VN01811;;13.199;;;13-Jan-2026

Open Ended Schemes ( Hybrid Scheme - Aggressive Hybrid Fund )


Aditya Birla Sun Life Mutual Fund
120517;Aditya Birla Sun Life Equity Hybrid'95 Fund - Direct Plan-Growth;INF209K01ZC0;;1747.19;;;13-Jan-2026
103155;Aditya Birla Sun Life Equity Hybrid'95 Fund - Regular Plan-Growth;INF209K01BT5;;1554.22;;;13-Jan-2026
120518;Aditya Birla Sun Life Equity Hybrid'95 Fund -DIRECT - IDCW;INF209KA1LH3;INF209K01ZB2;302.76;;;13-Jan-2026
103154;Aditya Birla Sun Life Equity Hybrid'95 Fund -Regular - IDCW;INF209K01BS7;INF209K01EE1;176.54;;;13-Jan-2026

Axis Mutual Fund
144394;Axis Aggressive Hybrid Fund - Direct Plan - Growth Option;INF846K01E25;;22.85;;;13-Jan-2026
144397;Axis Aggressive Hybrid Fund - Direct Plan - Monthly IDCW;INF846K01E33;INF846K01E41;16.10;;;13-Jan-2026
144398;Axis Aggressive Hybrid Fund - Direct Plan - Quarterly IDCW;INF846K01E58;INF846K01E66;15.30;;;13-Jan-2026
144395;Axis Aggressive Hybrid Fund - Direct Plan - Regular IDCW;INF846K01E09;INF846K01E17;16.40;;;13-Jan-2026
144393;Axis Aggressive Hybrid Fund - Regular Plan - Growth Option;INF846K01E90;;20.73;;;13-Jan-2026
144399;Axis Aggressive Hybrid Fund - Regular Plan - Monthly IDCW;INF846K01F08;INF846K01F16;13.20;;;13-Jan-2026
144400;Axis Aggressive Hybrid Fund - Regular Plan - Quarterly IDCW;INF846K01F24;INF846K01F32;13.41;;;13-Jan-2026
144396;Axis Aggressive Hybrid Fund - Regular Plan - Regular IDCW;INF846K01E74;INF846K01E82;14.84;;;13-Jan-2026

Bandhan Mutual Fund
140382;Bandhan Aggressive Hybrid Fund-Direct Plan Growth;INF194KA1U56;;30.365;;;13-Jan-2026
140383;Bandhan Aggressive Hybrid Fund-Direct Plan IDCW;INF194KA1U64;INF194KA1U72;22.033;;;13-Jan-2026
140381;Bandhan Aggressive Hybrid Fund-Regular Plan Growth;INF194KA1U15;;26.698;;;13-Jan-2026
140384;Bandhan Aggressive Hybrid Fund-Regular Plan IDCW;INF194KA1U23;INF194KA1U31;19.392;;;13-Jan-2026

Bank of India Mutual Fund
139527;BANK OF INDIA MID & SMALL CAP EQUITY & DEBT FUND - DIRECT PLAN GROWTH;INF761K01DM6;;41.34;;;13-Jan-2026
139530;BANK OF INDIA MID & SMALL CAP EQUITY & DEBT FUND - DIRECT PLAN IDCW;INF761K01DN4;INF761K01DO2;33.73;;;13-Jan-2026
139529;BANK OF INDIA MID & SMALL CAP EQUITY & DEBT FUND - REGULAR  PLAN  GROWTH;INF761K01DP9;;37.68;;;13-Jan-2026
139528;BANK OF INDIA MID & SMALL CAP EQUITY & DEBT FUND - REGULAR  PLAN IDCW;INF761K01DQ7;INF761K01DR5;31.93;;;13-Jan-2026

Baroda BNP Paribas Mutual Fund
150259;Baroda BNP Paribas Aggressive Hybrid Fund -DIRECT PLAN- IDCW OPTION;INF251K01PB5;INF251K01PA7;18.7090;;;13-Jan-2026
150260;Baroda BNP Paribas Aggressive Hybrid Fund- DIRECT PLAN - GROWTH OPTION;INF251K01OZ7;;32.3005;;;13-Jan-2026
150261;Baroda BNP Paribas Aggressive Hybrid Fund- REGULAR PLAN- IDCW OPTION;INF251K01OY0;INF251K01OX2;16.2519;;;13-Jan-2026
150258;Baroda BNP Paribas Aggressive Hybrid Fund- REGULAT PLAN -GROWTH OPTION;INF251K01OW4;;28.0359;;;13-Jan-2026

Canara Robeco Mutual Fund
118272;CANARA ROBECO EQUITY HYBRID FUND - DIRECT PLAN - GROWTH OPTION;INF760K01EZ8;;415.6500;;;13-Jan-2026
118271;CANARA ROBECO EQUITY HYBRID FUND - DIRECT PLAN - MONTHLY IDCW (Payout/Reinvestment);INF760K01EX3;INF760K01EY1;133.3100;;;13-Jan-2026
106166;CANARA ROBECO EQUITY HYBRID FUND - REGULAR PLAN - GROWTH OPTION;INF760K01050;;365.3700;;;13-Jan-2026
106167;CANARA ROBECO EQUITY HYBRID FUND - REGULAR PLAN - MONTHLY IDCW (Payout/Reinvestment);INF760K01068;INF760K01076;96.0200;;;13-Jan-2026

DSP Mutual Fund
119019;DSP Aggressive Hybrid Fund - Direct Plan - Growth;INF740K01NY4;;406.18;;;13-Jan-2026
119020;DSP Aggressive Hybrid Fund - Direct Plan - IDCW;INF740K01NZ1;INF740K01OA2;73.543;;;13-Jan-2026
100081;DSP Aggressive Hybrid Fund- Regular Plan - Growth;INF740K01318;;359.368;;;13-Jan-2026
100082;DSP Aggressive Hybrid Fund- Regular Plan - IDCW;INF740K01326;INF740K01334;28.955;;;13-Jan-2026

Edelweiss Mutual Fund
118625;Edelweiss Aggressive Hybrid Fund  - Direct Plan - IDCW Option;INF754K01CB6;INF754K01CC4;33.54;;;13-Jan-2026
112013;Edelweiss Aggressive Hybrid Fund  - Plan B - IDCW Option;INF754K01137;INF754K01145;64.63;;;13-Jan-2026
112108;Edelweiss Aggressive Hybrid Fund - Regular Plan - Growth Option;INF754K01202;;64.1;;;13-Jan-2026
112109;Edelweiss Aggressive Hybrid Fund - Regular Plan - IDCW Option;INF754K01178;INF754K01186;26.93;;;13-Jan-2026
112012;Edelweiss Aggressive Hybrid Fund- Plan B-Growth Option;INF754K01160;;63.42;;;13-Jan-2026
118624;Edelweiss Aggressive Hybrid Fund-Direct Plan-Growth Option;INF754K01CE0;;74.37;;;13-Jan-2026

Franklin Templeton Mutual Fund
118546;Franklin India Aggressive Hybrid Fund - Direct - Growth;INF090I01FZ1;;311.5239;;;13-Jan-2026
118547;Franklin India Aggressive Hybrid Fund - Direct - IDCW;INF090I01GA2;INF090I01GB0;34.7178;;;13-Jan-2026
100550;Franklin India Aggressive Hybrid Fund - Growth Plan;INF090I01817;;271.0560;;;13-Jan-2026
100549;Franklin India Aggressive Hybrid Fund - IDCW;INF090I01825;INF090I01833;29.1031;;;13-Jan-2026

Groww Mutual Fund
145599;Groww Aggressive Hybrid Fund (formerly known as Indiabulls Equity Hybrid Fund) - Direct Plan - Growth option;INF666M01FA3;;23.6051;;;13-Jan-2026
145605;Groww Aggressive Hybrid Fund (formerly known as Indiabulls Equity Hybrid Fund) - Regular Plan - Growth option;INF666M01FJ4;;21.0143;;;13-Jan-2026
145600;Groww Aggressive Hybrid Fund (formerly known as Indiabulls Equity Hybrid Fund)- Direct Plan- - Income Distribution cum capital withdrawal Option (Payout & Reinvestment);INF666M01FB1;INF666M01FC9;23.4092;;;13-Jan-2026
145602;Groww Aggressive Hybrid Fund (formerly known as Indiabulls Equity Hybrid Fund)- Direct Plan- Half Yearly - Income Distribution cum capital withdrawal Option (Payout & Reinvestment);INF666M01FH8;INF666M01FI6;22.7024;;;13-Jan-2026
145606;Groww Aggressive Hybrid Fund (formerly known as Indiabulls Equity Hybrid Fund)- Direct Plan- Monthly - Income Distribution cum capital withdrawal Option (Payout & Reinvestment);INF666M01FD7;INF666M01FE5;23.372;;;13-Jan-2026
145601;Groww Aggressive Hybrid Fund (formerly known as Indiabulls Equity Hybrid Fund)- Direct Plan- Quarterly - Income Distribution cum capital withdrawal Option (Payout & Reinvestment);INF666M01FF2;INF666M01FG0;23.1316;;;13-Jan-2026
145603;Groww Aggressive Hybrid Fund (formerly known as Indiabulls Equity Hybrid Fund)- Regular Plan- - Income Distribution cum capital withdrawal Option (Payout & Reinvestment);INF666M01FK2;INF666M01FL0;21.0113;;;13-Jan-2026
145608;Groww Aggressive Hybrid Fund (formerly known as Indiabulls Equity Hybrid Fund)- Regular Plan- Half Yearly - Income Distribution cum capital withdrawal Option (Payout & Reinvestment);INF666M01FQ9;INF666M01FR7;20.965;;;13-Jan-2026
145604;Groww Aggressive Hybrid Fund (formerly known as Indiabulls Equity Hybrid Fund)- Regular Plan- Monthly - Income Distribution cum capital withdrawal Option (Payout & Reinvestment.;INF666M01FM8;INF666M01FN6;21.0125;;;13-Jan-2026
145607;Groww Aggressive Hybrid Fund (formerly known as Indiabulls Equity Hybrid Fund)- Regular Plan- Quarterly - Income Distribution cum capital withdrawal Option (Payout & Reinvestment);INF666M01FO4;INF666M01FP1;22.2739;;;13-Jan-2026

HDFC Mutual Fund
119062;HDFC Hybrid Equity Fund - Growth Option - Direct Plan;INF179K01XZ1;;129.645;;;13-Jan-2026
102948;HDFC Hybrid Equity Fund - Growth Plan;INF179K01AS4;;119.205;;;13-Jan-2026
119061;HDFC Hybrid Equity Fund - IDCW Option - Direct Plan;INF179K01XX6;INF179K01XY4;18.958;;;13-Jan-2026
102947;HDFC Hybrid Equity Fund - IDCW Plan;INF179K01AQ8;INF179K01AR6;16.405;;;13-Jan-2026

HSBC Mutual Fund
151125;HSBC Aggressive Hybrid Fund - Direct Annual IDCW;INF917K01TY5;INF917K01TX7;20.0334;;;13-Jan-2026
151122;HSBC Aggressive Hybrid Fund - Direct Growth;INF917K01LE4;;63.6231;;;13-Jan-2026
151123;HSBC Aggressive Hybrid Fund - Direct IDCW;INF917K01E45;INF917K01LD6;33.0268;;;13-Jan-2026
151124;HSBC Aggressive Hybrid Fund - Regular Annual IDCW;INF917K01TW9;INF917K01TV1;17.753;;;13-Jan-2026
151120;HSBC Aggressive Hybrid Fund - Regular Growth;INF917K01LB0;;55.7152;;;13-Jan-2026
151121;HSBC Aggressive Hybrid Fund - Regular IDCW;INF917K01KZ1;INF917K01LA2;27.6084;;;13-Jan-2026

ICICI Prudential Mutual Fund
136113;ICICI Prudential Equity & Debt Fund - Annual IDCW;INF109KB1QK6;INF109KB1QJ8;25.95;;;13-Jan-2026
136114;ICICI Prudential Equity & Debt Fund - Direct Plan - Annual IDCW;INF109KB1QM2;INF109KB1QL4;29.01;;;13-Jan-2026
120251;ICICI Prudential Equity & Debt Fund - Direct Plan - Growth;INF109K01Y07;;453.81;;;13-Jan-2026
131453;ICICI Prudential Equity & Debt Fund - Direct Plan - Half Yearly IDCW;INF109KA1Y19;INF109KA1Y01;30.73;;;13-Jan-2026
120252;ICICI Prudential Equity & Debt Fund - Direct Plan - Monthly IDCW;INF109K01X81;INF109K01X99;71.90;;;13-Jan-2026
100356;ICICI Prudential Equity & Debt Fund - Growth;INF109K01480;;407.83;;;13-Jan-2026
131452;ICICI Prudential Equity & Debt Fund - Half Yearly IDCW;INF109KA1X93;INF109KA1X85;27.14;;;13-Jan-2026
100355;ICICI Prudential Equity & Debt Fund - Monthly IDCW;INF109K01DX5;INF109K01498;44.50;;;13-Jan-2026

Invesco Mutual Fund
143537;Invesco India Aggressive Hybrid Fund - Direct Plan - Growth;INF205K014Q7;;25.2472;;;13-Jan-2026
143532;Invesco India Aggressive Hybrid Fund - Direct Plan - IDCW (Payout / Reinvestment);INF205K013Q9;INF205K015Q4;25.1388;;;13-Jan-2026
143536;Invesco India Aggressive Hybrid Fund - Regular Plan - Growth;INF205K011Q3;;22.4192;;;13-Jan-2026
143534;Invesco India Aggressive Hybrid Fund - Regular Plan - IDCW (Payout / Reinvestment);INF205K010Q5;INF205K012Q1;22.4204;;;13-Jan-2026

JM Financial Mutual Fund
130904;JM Aggressive Hybrid Fund (Direct) - Annual Bonus Option;INF192K01HB8;;136.4602;;;13-Jan-2026
131477;JM Aggressive Hybrid Fund (Direct) - Annual IDCW;INF192K01HJ1;INF192K01HK9;45.9686;;;13-Jan-2026
120484;JM Aggressive Hybrid Fund (Direct) - Growth Option;INF192K01BQ9;;136.2378;;;13-Jan-2026
133402;JM Aggressive Hybrid Fund (Direct) - Half Yearly IDCW;INF192K01HH5;INF192K01HI3;98.0321;;;13-Jan-2026
120483;JM Aggressive Hybrid Fund (Direct) - IDCW;INF192K01BO4;INF192K01BP1;75.1108;;;13-Jan-2026
133412;JM Aggressive Hybrid Fund (Direct) - Monthly IDCW;INF192K01HN3;INF192K01HO1;98.0034;;;13-Jan-2026
133406;JM Aggressive Hybrid Fund (Direct) - Quarterly IDCW;INF192K01HR4;INF192K01HS2;34.47;;;13-Jan-2026
131476;JM Aggressive Hybrid Fund (Regular) - Annual IDCW;INF192K01HF9;INF192K01HG7;32.8565;;;13-Jan-2026
133408;JM Aggressive Hybrid Fund (Regular) - Half Yearly IDCW;INF192K01HD4;INF192K01HE2;86.3559;;;13-Jan-2026
100220;JM Aggressive Hybrid Fund (Regular) - IDCW;INF192K01528;INF192K01536;33.0915;;;13-Jan-2026
133404;JM Aggressive Hybrid Fund (Regular) - Monthly IDCW;INF192K01HL7;INF192K01HM5;85.6692;;;13-Jan-2026
133405;JM Aggressive Hybrid Fund (Regular) - Quarterly IDCW;INF192K01HP8;INF192K01HQ6;30.5773;;;13-Jan-2026
100221;JM Aggressive Hybrid Fund (Regular) -Growth Option;INF192K01544;;118.3148;;;13-Jan-2026

Kotak Mahindra Mutual Fund
119767;Kotak Aggressive Hybrid Fund - Direct Plan - IDCW - Payout & Reinvestment of Income Distribution cum  capital withdrawal option;INF174K01LL7;INF174K01LM5;45.402;;;13-Jan-2026
133035;Kotak Aggressive Hybrid Fund - Direct Plan -Growth;INF174K01F00;;74.064;;;13-Jan-2026
100286;Kotak Aggressive Hybrid Fund - Regular Plan - IDCW - Payout & Reinvestment of Income Distribution cum capital withdrawal option;INF174K01450;INF174K01443;36.832;;;13-Jan-2026
133036;Kotak Aggressive Hybrid Fund - Regular Plan -Growth;INF174K01E92;;62.672;;;13-Jan-2026

LIC Mutual Fund
120261;LIC MF Aggressive Hybrid Fund-Direct Plan-Growth;INF767K01ED0;;227.0246;;;13-Jan-2026
120260;LIC MF Aggressive Hybrid Fund-Direct Plan-IDCW;INF767K01EC2;INF767K01EE8;22.1104;;;13-Jan-2026
100323;LIC MF Aggressive Hybrid Fund-Regular Plan-Growth;INF767K01030;;198.9166;;;13-Jan-2026
100321;LIC MF Aggressive Hybrid Fund-Regular Plan-IDCW;INF767K01022;INF767K01014;15.7964;;;13-Jan-2026

Mahindra Manulife Mutual Fund
147448;Mahindra Manulife Aggressive Hybrid Fund - Direct Plan - Monthly IDCW;INF174V01804;INF174V01796;22.5445;;;13-Jan-2026
147446;Mahindra Manulife Aggressive Hybrid Fund - Direct Plan -Growth;INF174V01788;;30.9934;;;13-Jan-2026
147447;Mahindra Manulife Aggressive Hybrid Fund - Regular Plan - Growth;INF174V01754;;27.6041;;;13-Jan-2026
147449;Mahindra Manulife Aggressive Hybrid Fund - Regular Plan - Monthly IDCW;INF174V01770;INF174V01762;19.5577;;;13-Jan-2026

Mirae Asset Mutual Fund
134813;Mirae Asset Aggressive Hybrid Fund - Direct Plan - Growth;INF769K01DH9;;38.978;;;13-Jan-2026
134814;Mirae Asset Aggressive Hybrid Fund - Direct Plan - IDCW;INF769K01DI7;INF769K01DJ5;21.562;;;13-Jan-2026
134815;Mirae Asset Aggressive Hybrid Fund - Regular Plan - Growth;INF769K01DE6;;33.195;;;13-Jan-2026
134816;Mirae Asset Aggressive Hybrid Fund - Regular Plan - IDCW;INF769K01DF3;INF769K01DG1;17.525;;;13-Jan-2026

Navi Mutual Fund
143163;Navi Aggressive Hybrid Fund - Direct Plan - Growth;INF959L01CX3;;23.8914;;;13-Jan-2026
143195;Navi Aggressive Hybrid Fund - Direct Plan Annual IDCW;INF959L01DG6;INF959L01DH4;23.7894;;;13-Jan-2026
143186;Navi Aggressive Hybrid Fund - Direct Plan Half Yearly IDCW;INF959L01DE1;INF959L01DF8;23.7862;;;13-Jan-2026
143192;Navi Aggressive Hybrid Fund - Direct Plan Monthly IDCW;INF959L01DA9;INF959L01DB7;23.7846;;;13-Jan-2026
143167;Navi Aggressive Hybrid Fund - Direct Plan Normal IDCW;INF959L01CY1;INF959L01CZ8;23.7861;;;13-Jan-2026
143185;Navi Aggressive Hybrid Fund - Direct Plan Quarterly IDCW;INF959L01DC5;INF959L01DD3;23.785;;;13-Jan-2026
143162;Navi Aggressive Hybrid Fund - Regular Plan - Growth;INF959L01DI2;;20.8;;;13-Jan-2026
143198;Navi Aggressive Hybrid Fund - Regular Plan Annual IDCW;INF959L01DR3;INF959L01DS1;20.7975;;;13-Jan-2026
143189;Navi Aggressive Hybrid Fund - Regular Plan Half Yearly IDCW;INF959L01DP7;INF959L01DQ5;20.813;;;13-Jan-2026
143197;Navi Aggressive Hybrid Fund - Regular Plan Monthly IDCW;INF959L01DL6;INF959L01DM4;20.7995;;;13-Jan-2026
143166;Navi Aggressive Hybrid Fund - Regular Plan Normal IDCW;INF959L01DJ0;INF959L01DK8;20.8012;;;13-Jan-2026
143199;Navi Aggressive Hybrid Fund - Regular Plan Quarterly IDCW;INF959L01DN2;INF959L01DO0;20.8001;;;13-Jan-2026

Nippon India Mutual Fund
148265;Nippon India Aggressive  Hybrid Fund - Segregated Portfolio 2 - Direct Plan - Growth Plan;INF204KB13T1;;0.0000;;;13-Jan-2026
118794;Nippon India Aggressive Hybrid Fund  - Direct Plan Growth Plan;INF204K01B08;;120.1239;;;13-Jan-2026
148266;NIPPON INDIA AGGRESSIVE HYBRID FUND -  SEGREGATED PORTFOLIO 2 - DIRECT Plan - IDCW Option;INF204KB16T4;INF204KB17T2;0.0000;;;13-Jan-2026
148267;NIPPON INDIA AGGRESSIVE HYBRID FUND -  SEGREGATED PORTFOLIO 2 - DIRECT Plan - MONTHLY IDCW Option;INF204KB18T0;INF204KB19T8;0.0000;;;13-Jan-2026
148270;NIPPON INDIA AGGRESSIVE HYBRID FUND -  SEGREGATED PORTFOLIO 2 - DIRECT Plan - QUARTERLY IDCW Option;INF204KB14T9;INF204KB15T6;0.0000;;;13-Jan-2026
148272;NIPPON INDIA AGGRESSIVE HYBRID FUND -  SEGREGATED PORTFOLIO 2 - IDCW Option;INF204KB13U9;INF204KB14U7;0.0000;;;13-Jan-2026
148268;NIPPON INDIA AGGRESSIVE HYBRID FUND -  SEGREGATED PORTFOLIO 2 - MONTHLY IDCW Option;INF204KB15U4;INF204KB16U2;0.0000;;;13-Jan-2026
148269;NIPPON INDIA AGGRESSIVE HYBRID FUND -  SEGREGATED PORTFOLIO 2 - QUARTERLY IDCW Option;INF204KB11U3;INF204KB12U1;0.0000;;;13-Jan-2026
118793;NIPPON INDIA AGGRESSIVE HYBRID FUND - DIRECT Plan - IDCW Option;INF204K01B16;INF204K01B24;40.1787;;;13-Jan-2026
139679;NIPPON INDIA AGGRESSIVE HYBRID FUND - DIRECT Plan - MONTHLY IDCW Option;INF204KB1BD7;INF204KB1BE5;19.8613;;;13-Jan-2026
122766;NIPPON INDIA AGGRESSIVE HYBRID FUND - DIRECT Plan - QUARTERLY IDCW Option;INF204K011R2;INF204K012R0;26.7230;;;13-Jan-2026
112936;Nippon India Aggressive Hybrid Fund - Growth Plan;INF204K01FW1;;106.1329;;;13-Jan-2026
112937;NIPPON INDIA AGGRESSIVE HYBRID FUND - IDCW Option;INF204K01FX9;INF204K01FY7;28.3748;;;13-Jan-2026
139680;NIPPON INDIA AGGRESSIVE HYBRID FUND - MONTHLY IDCW Option;INF204KB1BF2;INF204KB1BG0;17.8875;;;13-Jan-2026
122765;NIPPON INDIA AGGRESSIVE HYBRID FUND - QUARTERLY IDCW Option;INF204K013R8;INF204K014R6;24.0638;;;13-Jan-2026
148271;Nippon India Aggressive Hybrid Fund - Segregated Portfolio 2 - Growth Plan;INF204KB10U5;;0.0000;;;13-Jan-2026

PGIM India Mutual Fund
138387;PGIM India Aggressive Hybrid Equity Fund - Direct Plan - Dividend;INF663L01GY0;INF663L01GZ7;27.1;;;13-Jan-2026
138386;PGIM India Aggressive Hybrid Equity Fund - Direct Plan - Growth;INF663L01GX2;;156.02;;;13-Jan-2026
138381;PGIM India Aggressive Hybrid Equity Fund - Dividend Option;INF663L01HA8;INF663L01HB6;15.21;;;13-Jan-2026
138382;PGIM India Aggressive Hybrid Equity Fund - Growth Option;INF663L01HC4;;129.68;;;13-Jan-2026
139820;PGIM India Aggressive Hybrid Equity Fund-Direct Plan-Monthly Dividend Option;INF663L01OA4;INF663L01OB2;26.12;;;13-Jan-2026
139821;PGIM India Aggressive Hybrid Equity Fund-Monthly Dividend Option;INF663L01NY6;INF663L01NZ3;23.27;;;13-Jan-2026

quant Mutual Fund
101070;quant Aggressive Hybrid Fund - Growth Option - Regular Plan;INF966L01267;;426.0033;;;13-Jan-2026
120819;quant Aggressive Hybrid Fund-Growth Option-Direct Plan;INF966L01556;;466.9533;;;13-Jan-2026
101069;quant Aggressive Hybrid Fund-IDCW Option - Regular Plan;INF966L01242;INF966L01259;58.7577;;;13-Jan-2026
120818;quant Aggressive Hybrid Fund-IDCW Option-Direct Plan;INF966L01531;INF966L01549;64.6756;;;13-Jan-2026

SBI Mutual Fund
119609;SBI EQUITY HYBRID FUND - DIRECT PLAN - Growth;INF200K01RY0;;340.5651;;;13-Jan-2026
119604;SBI Equity Hybrid Fund - Direct Plan - Income Distribution cum Capital Withdrawal Option (IDCW);INF200K01RW4;INF200K01RX2;99.6561;;;13-Jan-2026
101551;SBI Equity Hybrid Fund - Regular Plan - Income Distribution cum Capital Withdrawal Option (IDCW);INF200K01115;INF200K01123;65.1222;;;13-Jan-2026
102885;SBI EQUITY HYBRID FUND - REGULAR PLAN -Growth;INF200K01107;;307.3170;;;13-Jan-2026

Shriram Mutual Fund
125711;Shriram Aggressive Hybrid Fund- Direct Growth;INF680P01042;;36.9756;;;13-Jan-2026
125712;Shriram Aggressive Hybrid Fund- Direct- IDCW;INF680P01059;INF680P01067;29.1649;;;13-Jan-2026
125713;Shriram Aggressive Hybrid Fund- Regular Growth;INF680P01018;;32.0492;;;13-Jan-2026
125714;Shriram Aggressive Hybrid Fund- Regular-IDCW;INF680P01026;INF680P01034;25.6254;;;13-Jan-2026

Sundaram Mutual Fund
149601;Sundaram Aggressive Hybrid Fund (Formerly Known as Principal Hybrid Equity Fund)- Direct Plan - Growth Option;INF173K01FE6;;188.3693;;;13-Jan-2026
149600;Sundaram Aggressive Hybrid Fund (Formerly Known as Principal Hybrid Equity Fund)- Monthly Income Distribution CUM Capital Withdrawal;INF173K01CI4;INF173K01CJ2;27.0102;;;13-Jan-2026
149599;Sundaram Aggressive Hybrid Fund (Formerly Known as Principal Hybrid Equity Fund)-Growth;INF173K01CL8;;163.4601;;;13-Jan-2026
149602;Sundaram Aggressive Hybrid Fund(Formerly Known as Principal Hybrid Equity Fund)-Direct Plan - Monthly Income Distribution CUM Capital Withdrawal Option;INF173K01FB2;INF173K01FC0;41.9658;;;13-Jan-2026

Tata Mutual Fund
119053;Tata Aggressive Hybrid Fund -Direct Plan- Growth Option;INF277K01MN2;;502.7468;;;13-Jan-2026
119057;Tata Aggressive Hybrid Fund- Direct Plan - Monthly Payout of IDCW Option;INF277K01MO0;INF277K01MP7;104.1067;;;13-Jan-2026
119058;Tata Aggressive Hybrid Fund- Direct Plan - Periodic Payout of IDCW Option;INF277K01ML6;INF277K01MM4;110.1668;;;13-Jan-2026
100414;Tata Aggressive Hybrid Fund- Regular Plan - Growth Option;INF277K01303;;445.7445;;;13-Jan-2026
113134;Tata Aggressive Hybrid Fund- Regular Plan - Monthly Payout of IDCW Option;INF277K01CS2;INF277K01CW4;87.2548;;;13-Jan-2026
101222;Tata Aggressive Hybrid Fund- Regular Plan - Periodic Payout of IDCW Option;INF277K01DB6;INF277K01295;90.8443;;;13-Jan-2026

Union Mutual Fund
148592;Union Aggressive Hybrid Fund - Direct Plan - Growth Option;INF582M01GY0;;19.21;;;13-Jan-2026
148593;Union Aggressive Hybrid Fund - Direct Plan - IDCW Option;INF582M01HA8;INF582M01GZ7;18.62;;;13-Jan-2026
148591;Union Aggressive Hybrid Fund - Regular Plan - Growth Option;INF582M01HC4;;18.13;;;13-Jan-2026
148590;Union Aggressive Hybrid Fund - Regular Plan - IDCW Option;INF582M01HE0;INF582M01HD2;17.53;;;13-Jan-2026

UTI Mutual Fund
120673;UTI Aggressive Hybrid Fund - Direct Plan - IDCW;INF789F01SI3;INF789F01SJ1;47.7507;;;13-Jan-2026
100684;UTI Aggressive Hybrid Fund - Regular Plan - Growth;INF789F01323;;414.1694;;;13-Jan-2026
100685;UTI Aggressive Hybrid Fund - Regular Plan - IDCW;INF789F01307;INF789F01315;42.3942;;;13-Jan-2026
120674;UTI Aggressive Hybrid Fund -Direct Plan - Growth;INF789F01SK9;;446.8444;;;13-Jan-2026

Open Ended Schemes ( Hybrid Scheme - Dynamic Asset Allocation or Balanced Advantage )


Aditya Birla Sun Life Mutual Fund
131670;Aditya Birla Sun Life Balanced Advantage Fund - Direct Plan - Growth Option;INF084M01DJ5;;124.64;;;13-Jan-2026
131666;Aditya Birla Sun Life Balanced Advantage Fund - Regular Plan - Growth Option;INF084M01AB8;;109.22;;;13-Jan-2026
131671;Aditya Birla Sun Life Balanced Advantage Fund -DIRECT - IDCW;INF084M01DK3;INF084M01DL1;30.41;;;13-Jan-2026
131665;Aditya Birla Sun Life Balanced Advantage Fund -REGULAR - IDCW;INF084M01AC6;INF084M01AD4;26.61;;;13-Jan-2026

Axis Mutual Fund
141642;Axis Balanced Advantage Fund - Direct Plan - Growth;INF846K01A29;;24.08;;;13-Jan-2026
141643;Axis Balanced Advantage Fund - Direct Plan - IDCW;INF846K01A37;INF846K01A45;15.11;;;13-Jan-2026
141644;Axis Balanced Advantage Fund - Regular Plan - Growth;INF846K01A52;;21.49;;;13-Jan-2026
141645;Axis Balanced Advantage Fund - Regular Plan - IDCW;INF846K01A60;INF846K01A78;13.92;;;13-Jan-2026

Bajaj Finserv Mutual Fund
152194;Bajaj Finserv Balanced Advantage Fund-Direct Plan-Growth;INF0QA701656;;11.988;;;13-Jan-2026
152195;Bajaj Finserv Balanced Advantage Fund-Direct Plan-IDCW;INF0QA701664;INF0QA701672;11.988;;;13-Jan-2026
152196;Bajaj Finserv Balanced Advantage Fund-Regular Plan-Growth;INF0QA701680;;11.609;;;13-Jan-2026
152197;Bajaj Finserv Balanced Advantage Fund-Regular Plan-IDCW;INF0QA701698;INF0QA701706;11.609;;;13-Jan-2026

Bandhan Mutual Fund
131355;BANDHAN Balanced Advantage Fund Direct Plan Growth;INF194KA1UH1;;28.833;;;13-Jan-2026
131356;BANDHAN Balanced Advantage Fund Direct Plan IDCW;INF194KA1UI9;INF194KA1UJ7;17.021;;;13-Jan-2026
131357;BANDHAN Balanced Advantage Fund Regular Plan Growth;INF194KA1UE8;;24.784;;;13-Jan-2026
131354;BANDHAN Balanced Advantage Fund Regular Plan IDCW;INF194KA1UF5;INF194KA1UG3;14.724;;;13-Jan-2026

Bank of India Mutual Fund
127852;BANK OF INDIA BALANCED ADVANTAGE FUND  DIRECT PLAN IDCW;INF761K01BM0;INF761K01BN8;16.8762;;;13-Jan-2026
127851;BANK OF INDIA BALANCED ADVANTAGE FUND  REGULAR PLAN IDCW;INF761K01BP3;INF761K01BQ1;17.9537;;;13-Jan-2026
127850;BANK OF INDIA BALANCED ADVANTAGE FUND DIRECT PLAN  GROWTH;INF761K01BO6;;27.9622;;;13-Jan-2026
127849;BANK OF INDIA BALANCED ADVANTAGE FUND REGULAR PLAN  GROWTH;INF761K01BR9;;25.7332;;;13-Jan-2026

Baroda BNP Paribas Mutual Fund
145396;Baroda BNP Paribas Balanced Advantage Fund-Direct Plan-Growth Option;INF955L01HF7;;27.3189;;;13-Jan-2026
145397;Baroda BNP Paribas Balanced Advantage Fund-Direct Plan-IDCW Option;INF955L01HG5;INF955L01HH3;18.1900;;;13-Jan-2026
145387;Baroda BNP Paribas Balanced Advantage Fund-Regular Plan -Growth Option;INF955L01HC4;;24.8639;;;13-Jan-2026
145389;Baroda BNP Paribas Balanced Advantage Fund-Regular Plan-IDCW Option;INF955L01HD2;INF955L01HE0;16.5112;;;13-Jan-2026

Canara Robeco Mutual Fund
152688;Canara Robeco Balanced Advantage Fund - Direct Plan - Growth Option;INF760K01LD0;;10.5800;;;13-Jan-2026
152689;Canara Robeco Balanced Advantage Fund - Direct Plan - IDCW Option;INF760K01LE8;INF760K01LF5;10.4800;;;13-Jan-2026
152690;Canara Robeco Balanced Advantage Fund - Regular Plan - Growth Option;INF760K01LA6;;10.3600;;;13-Jan-2026
152691;Canara Robeco Balanced Advantage Fund - Regular Plan - IDCW Option;INF760K01LB4;INF760K01LC2;10.2600;;;13-Jan-2026

DSP Mutual Fund
126393;DSP Dynamic Asset Allocation Fund - Direct Plan - Growth;INF740K01K81;;32.691;;;13-Jan-2026
126391;DSP Dynamic Asset Allocation Fund - Direct Plan - IDCW - Monthly;INF740K01K99;INF740K01L07;17.104;;;13-Jan-2026
126394;DSP Dynamic Asset Allocation Fund - Regular Plan - Growth;INF740K01K57;;28.36;;;13-Jan-2026
126392;DSP Dynamic Asset Allocation Fund - Regular Plan - IDCW - Monthly;INF740K01K65;INF740K01K73;14.4;;;13-Jan-2026

Edelweiss Mutual Fund
141767;Edelweiss Balanced Advantage Fund - Direct Plan - Monthly - IDCW Option;INF754K01IH0;INF754K01II8;26.89;;;13-Jan-2026
118614;Edelweiss Balanced Advantage Fund - Direct Plan - Quarterly - IDCW Option;INF754K01BP8;INF754K01BQ6;29.05;;;13-Jan-2026
112117;Edelweiss Balanced Advantage Fund - Regular Plan - Growth Option;INF754K01285;;52.16;;;13-Jan-2026
141766;Edelweiss Balanced Advantage Fund - Regular Plan - Monthly - IDCW Option;INF754K01IK4;INF754K01IL2;21.54;;;13-Jan-2026
112118;Edelweiss Balanced Advantage Fund - Regular Plan - Quarterly - IDCW Option;INF754K01251;INF754K01269;21.31;;;13-Jan-2026
118615;Edelweiss Balanced Advantage Fund -Direct Plan-Growth Option;INF754K01BS2;;59.66;;;13-Jan-2026

Franklin Templeton Mutual Fund
150480;Franklin India Balanced Advantage Fund- Growth;INF090I01WN2;;14.4635;;;13-Jan-2026
150481;Franklin India Balanced Advantage Fund- Growth- Direct;INF090I01WQ5;;15.2818;;;13-Jan-2026
150478;Franklin India Balanced Advantage Fund- IDCW;INF090I01WO0;INF090I01WP7;13.4516;;;13-Jan-2026
150479;Franklin India Balanced Advantage Fund- IDCW- Direct;INF090I01WR3;INF090I01WS1;13.6418;;;13-Jan-2026

HDFC Mutual Fund
100119;HDFC Balanced Advantage Fund - Growth Plan;INF179K01830;;529.957;;;13-Jan-2026
118968;HDFC Balanced Advantage Fund - Growth Plan - Direct Plan;INF179K01WA6;;574.464;;;13-Jan-2026
100120;HDFC Balanced Advantage Fund - IDCW Plan;INF179K01814;INF179K01822;38.546;;;13-Jan-2026
118969;HDFC Balanced Advantage Fund - IDCW Plan - Direct Plan;INF179K01VY8;INF179K01VZ5;45.385;;;13-Jan-2026

Helios Mutual Fund
152509;Helios Balanced Advantage Fund- Direct Plan- Growth Option;INF0R8701145;;11.89;;;13-Jan-2026
152511;Helios Balanced Advantage Fund- Direct Plan-IDCW Option;INF0R8701152;INF0R8701160;11.89;;;13-Jan-2026
152512;Helios Balanced Advantage Fund- Regular Plan- Growth Option;INF0R8701111;;11.55;;;13-Jan-2026
152510;Helios Balanced Advantage Fund- Regular Plan-IDCW Option;INF0R8701129;INF0R8701137;11.55;;;13-Jan-2026

HSBC Mutual Fund
151129;HSBC Balanced Advantage Fund - Direct Growth;INF917K01IN1;;50.97;;;13-Jan-2026
151128;HSBC Balanced Advantage Fund - Direct IDCW;INF917K01IM3;INF917K01IL5;22.7314;;;13-Jan-2026
151127;HSBC Balanced Advantage Fund - Regular Growth;INF917K01KY4;;43.72;;;13-Jan-2026
151126;HSBC Balanced Advantage Fund - Regular IDCW;INF917K01KW8;INF917K01KX6;19.0344;;;13-Jan-2026

ICICI Prudential Mutual Fund
120377;ICICI Prudential Balanced Advantage Fund - Direct Plan -  Growth;INF109K012B0;;86.51;;;13-Jan-2026
120376;ICICI Prudential Balanced Advantage Fund - Direct Plan -  IDCW;INF109K010B4;INF109K011B2;29.37;;;13-Jan-2026
122236;ICICI Prudential Balanced Advantage Fund - Direct Plan - Monthly IDCW;INF109K016W7;INF109K015W9;27.37;;;13-Jan-2026
104685;ICICI Prudential Balanced Advantage Fund - Growth;INF109K01BH2;;77.33;;;13-Jan-2026
104686;ICICI Prudential Balanced Advantage Fund - IDCW;INF109K01EG8;INF109K01BG4;18.05;;;13-Jan-2026
122168;ICICI Prudential Balanced Advantage Fund - Monthly IDCW;INF109K018W3;INF109K017W5;22.81;;;13-Jan-2026

Invesco Mutual Fund
120333;Invesco India Balanced Advantage Fund - Direct Plan - Growth;INF205K01LN5;;64.68;;;13-Jan-2026
120332;Invesco India Balanced Advantage Fund - Direct Plan - IDCW (Payout / Reinvestment);INF205K01LL9;INF205K01LM7;23.36;;;13-Jan-2026
106317;Invesco India Balanced Advantage Fund - Regular Plan - Growth;INF205K01213;;54.22;;;13-Jan-2026
106316;Invesco India Balanced Advantage Fund - Regular Plan - IDCW (Payout / Reinvestment);INF205K01239;INF205K01221;18.83;;;13-Jan-2026

ITI Mutual Fund
147789;ITI Balanced Advantage Fund - Direct Plan - Growth Option;INF00XX01689;;16.4537;;;13-Jan-2026
147788;ITI Balanced Advantage Fund - Direct Plan - IDCW Option;INF00XX01697;INF00XX01705;14.2544;;;13-Jan-2026
147787;ITI Balanced Advantage Fund - Regular Plan - Growth Option;INF00XX01655;;14.6210;;;13-Jan-2026
147786;ITI Balanced Advantage Fund - Regular Plan - IDCW Option;INF00XX01663;INF00XX01671;12.4674;;;13-Jan-2026

Kotak Mahindra Mutual Fund
144335;Kotak Balanced Advantage Fund  - Direct Plan -Growth Option;INF174KA1210;;22.738;;;13-Jan-2026
144336;Kotak Balanced Advantage Fund - Regular Plan - Payout of Income Distribution cum capital withdrawal option Option;INF174KA1160;INF174KA1178;20.846;;;13-Jan-2026
144334;Kotak Balanced Advantage Fund -Direct Plan  -Payout of Income Distribution cum capital withdrawal option;INF174KA1194;INF174KA1202;22.738;;;13-Jan-2026
144333;Kotak Balanced Advantage Fund -Regular Plan - Growth Option;INF174KA1186;;20.846;;;13-Jan-2026

LIC Mutual Fund
149261;LIC MF Balanced Advantage Fund-Direct Plan-Growth;INF767K01QY0;;14.5585;;;13-Jan-2026
149260;LIC MF Balanced Advantage Fund-Direct Plan-IDCW;INF767K01QZ7;INF767K01RA8;13.0248;;;13-Jan-2026
149259;LIC MF Balanced Advantage Fund-Regular Plan-Growth;INF767K01QV6;;13.5802;;;13-Jan-2026
149258;LIC MF Balanced Advantage Fund-Regular Plan-IDCW;INF767K01QW4;INF767K01QX2;12.3089;;;13-Jan-2026

Mahindra Manulife Mutual Fund
149406;Mahindra Manulife Balanced Advantage Fund - Direct Plan - Growth;INF174V01BE0;;15.6897;;;13-Jan-2026
149407;Mahindra Manulife Balanced Advantage Fund - Direct Plan - IDCW;INF174V01BF7;INF174V01BG5;13.3779;;;13-Jan-2026
149404;Mahindra Manulife Balanced Advantage Fund - Regular Plan - Growth;INF174V01BB6;;14.6082;;;13-Jan-2026
149405;Mahindra Manulife Balanced Advantage Fund - Regular Plan - IDCW;INF174V01BC4;INF174V01BD2;12.3477;;;13-Jan-2026

Mirae Asset Mutual Fund
150470;Mirae Asset Balanced Advantage Fund Direct Plan- Growth;INF769K01IN6;;15.199;;;13-Jan-2026
150471;Mirae Asset Balanced Advantage Fund Direct Plan- IDCW;INF769K01IM8;INF769K01IO4;15.188;;;13-Jan-2026
150474;Mirae Asset Balanced Advantage Fund Regular Plan IDCW;INF769K01IJ4;INF769K01IL0;14.483;;;13-Jan-2026
150473;Mirae Asset Balanced Advantage Fund Regular Plan- Growth;INF769K01IK2;;14.487;;;13-Jan-2026

Motilal Oswal Mutual Fund
139872;Motilal Oswal Balanced Advantage Fund  (MOFDYNAMIC) - Direct Plan - Growth Option;INF247L01635;;21.4200;;;13-Jan-2026
139863;Motilal Oswal Balanced Advantage Fund (MOFDYNAMIC) - Regular Plan - Annual Dividend Payout Option;INF247L01601;INF247L01627;13.7267;;;13-Jan-2026
139870;Motilal Oswal Balanced Advantage Fund (MOFDYNAMIC) - Regular Plan - Growth Option;INF247L01585;;19.1441;;;13-Jan-2026
139866;Motilal Oswal Balanced Advantage Fund Direct - Annual IDCW Payout/Reinvestment;INF247L01650;INF247L01676;14.5773;;;13-Jan-2026
139865;Motilal Oswal Balanced Advantage Fund Direct - Quarterly IDCW Payout/Reinvestment;INF247L01643;INF247L01668;12.5311;;;13-Jan-2026
139871;Motilal Oswal Balanced Advantage Fund Regular - Quarterly IDCW Payout/Reinvestment;INF247L01593;INF247L01619;11.6441;;;13-Jan-2026

Nippon India Mutual Fund
118738;NIPPON INDIA BALANCED ADVANTAGE FUND - DIRECT Plan - IDCW Option;INF204K01G78;INF204K01G86;46.1542;;;13-Jan-2026
118736;Nippon India Balanced Advantage Fund - Direct Plan Growth Plan - Growth Option;INF204K01G94;;204.7535;;;13-Jan-2026
102848;NIPPON INDIA BALANCED ADVANTAGE FUND - IDCW Option;INF204K01570;INF204K01588;32.3803;;;13-Jan-2026
102847;Nippon India Balanced Advantage Fund-Growth Plan-Bonus Option;INF204K01596;;179.7270;;;13-Jan-2026
102846;Nippon India Balanced Advantage Fund-Growth Plan-Growth Option;INF204K01604;;179.7270;;;13-Jan-2026

NJ Mutual Fund
149264;NJ Balanced Advantage Fund - Direct Plan - Growth Option;INF0J8L01040;;14.42;;;13-Jan-2026
149265;NJ Balanced Advantage Fund - Direct Plan - IDCW Payout Option;INF0J8L01032;;14.42;;;13-Jan-2026
149266;NJ Balanced Advantage Fund - Regular Plan - Growth Option;INF0J8L01024;;13.65;;;13-Jan-2026
149263;NJ Balanced Advantage Fund - Regular Plan - IDCW Payout Option;INF0J8L01016;;13.65;;;13-Jan-2026

PGIM India Mutual Fund
148658;PGIM India Balanced Advantage Fund -  Direct Plan - Growth Option;INF663L01V49;;16.74;;;13-Jan-2026
148659;PGIM India Balanced Advantage Fund - Direct Plan - Dividend Option;INF663L01V56;INF663L01V64;12.07;;;13-Jan-2026
148660;PGIM India Balanced Advantage Fund - Regular Plan - Dividend Option;INF663L01V80;INF663L01V98;11.63;;;13-Jan-2026
148657;PGIM India Balanced Advantage Fund - Regular Plan - Growth Option;INF663L01V72;;15.36;;;13-Jan-2026

PPFAS Mutual Fund
152469;Parag Parikh Dynamic Asset Allocation Fund - Direct Plan - Monthly IDCW Reinvestment;;INF879O01282;10.5362;;;13-Jan-2026
152468;Parag Parikh Dynamic Asset Allocation Fund - Direct Plan Growth;INF879O01266;;11.5093;;;13-Jan-2026
152467;Parag Parikh Dynamic Asset Allocation Fund - Regular Plan - Monthly IDCW Reinvestment;;INF879O01258;10.3309;;;13-Jan-2026
152464;Parag Parikh Dynamic Asset Allocation Fund - Regular Plan Growth;INF879O01233;;11.4439;;;13-Jan-2026

quant Mutual Fund
151713;quant Dynamic Asset Allocation Fund - Growth Option - Direct Plan;INF966L01BL5;;16.8104;;;13-Jan-2026
151714;quant Dynamic Asset Allocation Fund - Growth Option - Regular Plan;INF966L01BO9;;16.1217;;;13-Jan-2026
151712;quant Dynamic Asset Allocation Fund - IDCW Option - Direct Plan;INF966L01BM3;INF966L01BN1;16.8051;;;13-Jan-2026
151715;quant Dynamic Asset Allocation Fund - IDCW Option - Regular Plan;INF966L01BP6;INF966L01BQ4;16.1232;;;13-Jan-2026

Samco Mutual Fund
152188;Samco Dynamic Asset Allocation Fund - Direct Plan - Growth Option;INF0K1H01131;;10.69;;;13-Jan-2026
152186;Samco Dynamic Asset Allocation Fund - Direct Plan - IDCW Option;INF0K1H01149;INF0K1H01156;10.68;;;13-Jan-2026
152187;Samco Dynamic Asset Allocation Fund - Regular Plan - Growth Option;INF0K1H01099;;10.34;;;13-Jan-2026
152185;Samco Dynamic Asset Allocation Fund - Regular Plan - IDCW Option;INF0K1H01107;INF0K1H01115;10.34;;;13-Jan-2026

SBI Mutual Fund
149134;SBI Balanced Advantage Fund - Direct Plan - Growth;INF200KA1Y73;;16.5927;;;13-Jan-2026
149135;SBI Balanced Advantage Fund - Direct Plan - Income Distribution cum Capital Withdrawal Option (IDCW);INF200KA1Y81;INF200KA1Y99;16.5931;;;13-Jan-2026
149132;SBI Balanced Advantage Fund - Regular Plan - Growth;INF200KA1Y40;;15.9056;;;13-Jan-2026
149133;SBI Balanced Advantage Fund - Regular Plan - Income Distribution cum Capital Withdrawal Option (IDCW);INF200KA1Y57;INF200KA1Y65;15.9058;;;13-Jan-2026

Shriram Mutual Fund
147406;Shriram Balanced Advantage Fund - Direct Growth;INF680P01208;;19.1797;;;13-Jan-2026
147403;Shriram Balanced Advantage Fund - Direct- IDCW;INF680P01216;INF680P01224;19.0284;;;13-Jan-2026
147405;Shriram Balanced Advantage Fund - Regular Growth;INF680P01174;;16.988;;;13-Jan-2026
147404;Shriram Balanced Advantage Fund - Regular-IDCW;INF680P01182;INF680P01190;17.0103;;;13-Jan-2026

Sundaram Mutual Fund
149717;Sundaram Balanced Advantage Fund ( Formerly Known as Principal Balanced Advantage Fund) - Direct Plan - Growth Option;INF173K01FI7;;42.1874;;;13-Jan-2026
149718;Sundaram Balanced Advantage Fund (Formerly Known as Principal Balanced Advantage Fund) - Direct Plan - Monthly Income Distribution CUM Capital Withdrawal Option;INF173K01FF3;INF173K01FG1;18.8089;;;13-Jan-2026
149715;Sundaram Balanced Advantage Fund (Formerly Known as Principal Balanced Advantage Fund) - Growth Option;INF173K01585;;35.7062;;;13-Jan-2026
149716;Sundaram Balanced Advantage Fund (Formerly Known as Principal Balanced Advantage Fund) - Monthly Income Distribution CUM Capital Withdrawal Option;INF173K01551;INF173K01569;15.2717;;;13-Jan-2026

Tata Mutual Fund
146006;TATA Balanced Advantage Fund Direct Plan - Payout of Income Distribution cum capital withdrawal option ;INF277K014S6;;23.1671;;;13-Jan-2026
146008;TATA Balanced Advantage Fund Direct Plan - Reinvestment of Income Distribution cum capital withdrawal option ;;INF277K015S3;23.1671;;;13-Jan-2026
146005;TATA Balanced Advantage Fund Regular Plan - Payout of Income Distribution cum capital withdrawal option ;INF277K011S2;;20.7873;;;13-Jan-2026
146009;TATA Balanced Advantage Fund Regular Plan - Reinvestment of Income Distribution cum capital withdrawal option;;INF277K012S0;20.7873;;;13-Jan-2026
146010;Tata Balanced Advantage Fund-Direct Plan-Growth;INF277K013S8;;23.1671;;;13-Jan-2026
146007;Tata Balanced Advantage Fund-Regular Plan-Growth;INF277K010S4;;20.7873;;;13-Jan-2026

Unifi Mutual Fund
153376;Unifi Dynamic Asset Allocation Fund - Direct Growth;INF1MIY01015;;10.69;;;13-Jan-2026
153377;Unifi Dynamic Asset Allocation Fund - Regular Growth;INF1MIY01023;;10.637;;;13-Jan-2026

Union Mutual Fund
142038;Union Balanced Advantage Fund - Direct Plan - Growth Option;INF582M01DE9;;22.14;;;13-Jan-2026
142037;Union Balanced Advantage Fund - Direct Plan - IDCW Option;INF582M01DG4;INF582M01DF6;21.46;;;13-Jan-2026
142035;Union Balanced Advantage Fund - Regular Plan - Growth Option;INF582M01DI0;;20.42;;;13-Jan-2026
142036;Union Balanced Advantage Fund - Regular Plan - IDCW Option;INF582M01DK6;INF582M01DJ8;19.75;;;13-Jan-2026

UTI Mutual Fund
100646;UTI - Unit Linked Insurance Plan;;;42.0574;;;13-Jan-2026
120784;UTI - Unit Linked Insurance Plan- Direct;;;45.634;;;13-Jan-2026
151885;UTI Balanced Advantage Fund - Direct Plan - Growth Option;INF789F1AYV3;;13.393;;;13-Jan-2026
151883;UTI Balanced Advantage Fund - Direct Plan - Payout of IDCW Option;INF789F1AYW1;;13.393;;;13-Jan-2026
151882;UTI Balanced Advantage Fund - Regular Plan - Growth Option;INF789F1AYT7;;12.9484;;;13-Jan-2026
151884;UTI Balanced Advantage Fund - Regular Plan - Payout of IDCW Option;INF789F1AYU5;;12.9485;;;13-Jan-2026

WhiteOak Capital Mutual Fund
151267;WhiteOak Capital Balanced Advantage Fund Direct Plan Growth;INF03VN01738;;15.319;;;13-Jan-2026
151268;WhiteOak Capital Balanced Advantage Fund Regular Plan Growth;INF03VN01720;;14.621;;;13-Jan-2026

Open Ended Schemes ( Hybrid Scheme - Multi Asset Allocation )


360 ONE Mutual Fund
153774;360 ONE Multi Asset Allocation Fund - Direct Plan - Growth;INF579M01BM2;;11.7300;;;13-Jan-2026
153773;360 ONE Multi Asset Allocation Fund - Direct Plan - IDCW;INF579M01BN0;INF579M01BO8;11.7300;;;13-Jan-2026
153772;360 ONE Multi Asset Allocation Fund - Regular Plan - Growth;INF579M01BJ8;;11.6548;;;13-Jan-2026
153775;360 ONE Multi Asset Allocation Fund - Regular Plan - IDCW;INF579M01BK6;INF579M01BL4;11.6548;;;13-Jan-2026

Aditya Birla Sun Life Mutual Fund
151307;Aditya Birla Sun Life Multi Asset Allocation Fund-Direct Growth;INF209KB15R9;;17.3018;;;13-Jan-2026
151308;Aditya Birla Sun Life Multi Asset Allocation Fund-Direct IDCW;INF209KB16R7;INF209KB17R5;16.134;;;13-Jan-2026
151309;Aditya Birla Sun Life Multi Asset Allocation Fund-Regular Growth;INF209KB12R6;;16.5835;;;13-Jan-2026
151310;Aditya Birla Sun Life Multi Asset Allocation Fund-Regular IDCW;INF209KB13R4;INF209KB14R2;14.8509;;;13-Jan-2026

Axis Mutual Fund
120524;Axis Multi Asset Allocation Fund - Direct Plan - Growth Option;INF846K01EV4;;51.9835;;;13-Jan-2026
120523;Axis Multi Asset Allocation Fund - Direct Plan - Monthly IDCW;INF846K01ET8;INF846K01EU6;28.1357;;;13-Jan-2026
113064;Axis Multi Asset Allocation Fund - Regular Plan - Growth Option;INF846K01768;;44.5896;;;13-Jan-2026
113065;Axis Multi Asset Allocation Fund - Regular Plan - Monthly IDCW;INF846K01776;INF846K01784;20.4560;;;13-Jan-2026

Bajaj Finserv Mutual Fund
152639;Bajaj Finserv Multi Asset Allocation Fund - Direct Growth;INF0QA701821;;12.6618;;;13-Jan-2026
152641;Bajaj Finserv Multi Asset Allocation Fund - Direct IDCW;INF0QA701839;INF0QA701847;12.6618;;;13-Jan-2026
152642;Bajaj Finserv Multi Asset Allocation Fund - Regular Growth;INF0QA701797;;12.3522;;;13-Jan-2026
152640;Bajaj Finserv Multi Asset Allocation Fund - Regular IDCW;INF0QA701805;INF0QA701813;12.3522;;;13-Jan-2026

Bandhan Mutual Fund
152324;Bandhan Multi Asset Allocation Fund - Direct Plan - Growth;INF194KB1HM7;;14.1504;;;13-Jan-2026
152323;Bandhan Multi Asset Allocation Fund - Direct Plan - IDCW;INF194KB1HN5;INF194KB1HO3;14.1504;;;13-Jan-2026
152326;Bandhan Multi Asset Allocation Fund - Regular Plan - Growth;INF194KB1HJ3;;13.7295;;;13-Jan-2026
152325;Bandhan Multi Asset Allocation Fund - Regular Plan - IDCW;INF194KB1HK1;INF194KB1HL9;13.7295;;;13-Jan-2026

Bank of India Mutual Fund
152396;Bank of India Multi Asset Allocation Fund-Direct Plan-Growth;INF761K01FZ3;;12.2965;;;13-Jan-2026
152399;Bank of India Multi Asset Allocation Fund-Direct Plan-IDCW;INF761K01GA4;INF761K01GB2;12.2939;;;13-Jan-2026
152398;Bank of India Multi Asset Allocation Fund-Regular Plan-Growth;INF761K01FW0;;12.0652;;;13-Jan-2026
152395;Bank of India Multi Asset Allocation Fund-Regular Plan-IDCW;INF761K01FX8;INF761K01FY6;12.0663;;;13-Jan-2026

Baroda BNP Paribas Mutual Fund
150865;Baroda BNP Paribas Multi Asset Fund - Direct Plan - Growth Option;INF251K01RF2;;16.6059;;;13-Jan-2026
150866;Baroda BNP Paribas Multi Asset Fund - Direct Plan - IDCW Option;INF251K01RG0;INF251K01RH8;16.1339;;;13-Jan-2026
150863;Baroda BNP Paribas Multi Asset Fund - Regular Plan - Growth Option;INF251K01RC9;;15.9078;;;13-Jan-2026
150864;Baroda BNP Paribas Multi Asset Fund - Regular Plan - IDCW Option;INF251K01RD7;INF251K01RE5;15.1894;;;13-Jan-2026

Canara Robeco Mutual Fund
153465;Canara Robeco Multi Asset Allocation Fund - Direct Plan - Growth;INF760K01LH1;;11.0500;;;13-Jan-2026
153468;Canara Robeco Multi Asset Allocation Fund - Direct Plan - IDCW;INF760K01LJ7;INF760K01LL3;11.0600;;;13-Jan-2026
153466;Canara Robeco Multi Asset Allocation Fund - Regular Plan - Growth;INF760K01LG3;;10.9400;;;13-Jan-2026
153467;Canara Robeco Multi Asset Allocation Fund - Regular Plan - IDCW;INF760K01LI9;INF760K01LK5;10.9400;;;13-Jan-2026

DSP Mutual Fund
152056;DSP Multi Asset Allocation Fund - Direct - Growth;INF740KA1TE9;;16.2493;;;13-Jan-2026
152055;DSP Multi Asset Allocation Fund - Direct - IDCW;INF740KA1TF6;INF740KA1TG4;15.4828;;;13-Jan-2026
152053;DSP Multi Asset Allocation Fund - Regular - Growth;INF740KA1TB5;;15.7495;;;13-Jan-2026
152054;DSP Multi Asset Allocation Fund - Regular - IDCW;INF740KA1TC3;INF740KA1TD1;14.9914;;;13-Jan-2026

Edelweiss Mutual Fund
151792;Edelweiss Multi Asset Allocation Fund - Direct Plan - Growth;INF754K01RS8;;12.0580;;;13-Jan-2026
151793;Edelweiss Multi Asset Allocation Fund - Direct Plan - IDCW Option;INF754K01RT6;INF754K01RU4;12.0580;;;13-Jan-2026
151795;Edelweiss Multi Asset Allocation Fund - Regular Plan - Growth;INF754K01RO7;;11.9594;;;13-Jan-2026
151794;Edelweiss Multi Asset Allocation Fund - Regular Plan - IDCW Option;INF754K01RP4;INF754K01RQ2;11.9594;;;13-Jan-2026

Franklin Templeton Mutual Fund
153732;Franklin India Multi Asset Allocation Fund- Direct- IDCW;INF090I01YJ6;INF090I01YI8;11.0484;;;13-Jan-2026
153731;Franklin India Multi Asset Allocation Fund- Direct-Growth;INF090I01YH0;;11.0484;;;13-Jan-2026
153733;Franklin India Multi Asset Allocation Fund- Growth;INF090I01YM0;;10.9635;;;13-Jan-2026
153730;Franklin India Multi Asset Allocation Fund- IDCW;INF090I01YL2;INF090I01YK4;10.9635;;;13-Jan-2026

Groww Mutual Fund
153821;Groww Multi Asset Allocation Fund Direct Growth;INF666M01MA9;;10.4184;;;13-Jan-2026
153852;Groww Multi Asset Allocation Fund Direct IDCW;INF666M01MB7;INF666M01MC5;10.4156;;;13-Jan-2026
153851;Groww Multi Asset Allocation Fund Regular Growth;INF666M01MD3;;10.3631;;;13-Jan-2026
153850;Groww Multi Asset Allocation Fund Regular IDCW;INF666M01ME1;INF666M01MF8;10.3632;;;13-Jan-2026

HDFC Mutual Fund
103131;HDFC Multi-Asset Fund - Growth Option;INF179K01AP0;;75.672;;;13-Jan-2026
119131;HDFC Multi-Asset Fund - Growth Option - Direct Plan;INF179K01XW8;;84.888;;;13-Jan-2026
103130;HDFC Multi-Asset Fund - IDCW Option;INF179K01AN5;INF179K01AO3;18.208;;;13-Jan-2026
119130;HDFC Multi-Asset Fund - IDCW Option - Direct Plan;INF179K01XU2;INF179K01XV0;22.619;;;13-Jan-2026

HSBC Mutual Fund
152380;HSBC Multi Asset Allocation Fund - Direct - Growth;INF336L01RI3;;13.5318;;;13-Jan-2026
152381;HSBC Multi Asset Allocation Fund - Direct - IDCW;INF336L01RJ1;INF336L01RK9;13.5318;;;13-Jan-2026
152378;HSBC Multi Asset Allocation Fund - Regular - Growth;INF336L01RF9;;13.1893;;;13-Jan-2026
152379;HSBC Multi Asset Allocation Fund - Regular - IDCW;INF336L01RG7;INF336L01RH5;13.1893;;;13-Jan-2026

ICICI Prudential Mutual Fund
120334;ICICI Prudential Multi-Asset Fund - Direct Plan - Growth;INF109K015K4;;901.8842;;;13-Jan-2026
120335;ICICI Prudential Multi-Asset Fund - Direct Plan - IDCW;INF109K013K9;INF109K014K7;60.7864;;;13-Jan-2026
101144;ICICI Prudential Multi-Asset Fund - Growth;INF109K01761;;816.8398;;;13-Jan-2026
101143;ICICI Prudential Multi-Asset Fund - IDCW;INF109K01ED5;INF109K01779;35.8970;;;13-Jan-2026

Invesco Mutual Fund
153047;Invesco India Multi Asset Allocation Fund - Direct Plan - Growth;INF205KA1AC1;;12.39;;;13-Jan-2026
153049;Invesco India Multi Asset Allocation Fund - Direct Plan - IDCW;INF205KA1AD9;INF205KA1AE7;12.39;;;13-Jan-2026
153046;Invesco India Multi Asset Allocation Fund - Regular Plan - Growth;INF205KA1999;;12.21;;;13-Jan-2026
153048;Invesco India Multi Asset Allocation Fund - Regular Plan - IDCW;INF205KA1AA5;INF205KA1AB3;12.21;;;13-Jan-2026

Kotak Mahindra Mutual Fund
152064;Kotak Multi Asset Allocation Fund - Direct Plan - Growth Option;INF174KA1PD4;;16.278;;;13-Jan-2026
152063;Kotak Multi Asset Allocation Fund - Direct Plan - IDCW Option;INF174KA1PE2;INF174KA1PF9;15.958;;;13-Jan-2026
152065;Kotak Multi Asset Allocation Fund - Regular Plan - Growth Option;INF174KA1PA0;;15.765;;;13-Jan-2026
152066;Kotak Multi Asset Allocation Fund - Regular Plan - IDCW Option;INF174KA1PB8;INF174KA1PC6;15.455;;;13-Jan-2026

LIC Mutual Fund
153246;LIC MF Multi Asset Allocation Fund-Direct Plan-Growth;INF767K01RZ5;;12.245;;;13-Jan-2026
153247;LIC MF Multi Asset Allocation Fund-Direct Plan-IDCW;INF767K01RY8;INF767K01RX0;12.245;;;13-Jan-2026
153248;LIC MF Multi Asset Allocation Fund-Regular Plan-Growth;INF767K01RW2;;12.0618;;;13-Jan-2026
153249;LIC MF Multi Asset Allocation Fund-Regular Plan-IDCW;INF767K01RV4;INF767K01RU6;12.0618;;;13-Jan-2026

Mahindra Manulife Mutual Fund
152445;Mahindra Manulife Multi Asset Allocation Fund - Direct Plan - IDCW;INF174V01BX0;INF174V01BY8;13.5233;;;13-Jan-2026
152444;Mahindra Manulife Multi Asset allocation Fund - Regular Plan - IDCW;INF174V01BU6;INF174V01BV4;13.1179;;;13-Jan-2026
152443;Mahindra Manulife Multi Asset Allocation Fund- Direct Plan - Growth;INF174V01BW2;;13.8365;;;13-Jan-2026
152441;Mahindra Manulife Multi Asset Allocation Fund- Regular Plan - Growth;INF174V01BT8;;13.4269;;;13-Jan-2026

Mirae Asset Mutual Fund
152344;Mirae Asset Multi Asset Allocation Fund - Direct Plan - Growth;INF769K01KZ6;;13.719;;;13-Jan-2026
152345;Mirae Asset Multi Asset Allocation Fund - Direct Plan - IDCW;INF769K01LA7;INF769K01LB5;13.718;;;13-Jan-2026
152347;Mirae Asset Multi Asset Allocation Fund - Regular Plan - Growth;INF769K01KW3;;13.299;;;13-Jan-2026
152346;Mirae Asset Multi Asset Allocation Fund - Regular Plan - IDCW;INF769K01KX1;INF769K01KY9;13.297;;;13-Jan-2026

Nippon India Mutual Fund
148457;Nippon India Multi Asset Allocation Fund - Direct Plan - Growth Option;INF204KB19V4;;25.8924;;;13-Jan-2026
148458;NIPPON INDIA MULTI ASSET ALLOCATION FUND - DIRECT Plan - IDCW Option;INF204KB10W1;INF204KB11W9;25.7423;;;13-Jan-2026
148460;NIPPON INDIA MULTI ASSET ALLOCATION FUND - IDCW Option;INF204KB17V8;INF204KB18V6;23.9293;;;13-Jan-2026
148459;Nippon India Multi Asset Allocation Fund - Regular Plan - Growth Option;INF204KB16V0;;24.0793;;;13-Jan-2026

PGIM India Mutual Fund
153987;PGIM India Multi Asset Allocation Fund - Direct Plan - Growth Option;INF663L010A3;;10.4;;;13-Jan-2026
153990;PGIM India Multi Asset Allocation Fund - Direct Plan - IDCW Option;INF663L011A1;INF663L012A9;10.4;;;13-Jan-2026
153988;PGIM India Multi Asset Allocation Fund - Regular Plan - Growth Option;INF663L013A7;;10.37;;;13-Jan-2026
153989;PGIM India Multi Asset Allocation Fund - Regular Plan - IDCW Option;INF663L014A5;INF663L015A2;10.37;;;13-Jan-2026

quant Mutual Fund
120820;quant Multi Asset Allocation Fund - IDCW Option - Direct Plan;INF966L01564;INF966L01572;158.973;;;13-Jan-2026
101071;quant Multi Asset Allocation Fund - IDCW Option - Regular Plan;INF966L01184;INF966L01192;146.5115;;;13-Jan-2026
101072;quant Multi Asset Allocation Fund-GROWTH OPTION - Regular Plan;INF966L01200;;159.8262;;;13-Jan-2026
120821;quant Multi Asset Allocation Fund-GROWTH OPTION-Direct Plan;INF966L01580;;172.4971;;;13-Jan-2026

Quantum Mutual Fund
152474;Quantum Multi Asset Allocation Fund - Direct Plan Growth Option;INF082J01457;;12.59;;;13-Jan-2026
152475;Quantum Multi Asset Allocation Fund - Regular Plan Growth Option;INF082J01465;;12.22;;;13-Jan-2026

Samco Mutual Fund
153092;Samco Multi Asset Allocation Fund - Direct Plan - Growth;INF0K1H01230;;12.24;;;13-Jan-2026
153093;Samco Multi Asset Allocation Fund - Regular Plan - Growth;INF0K1H01248;;12.03;;;13-Jan-2026

SBI Mutual Fund
119840;SBI Multi Asset Allocation Fund - Direct Plan - Annual Income Distribution cum Capital Withdrawal Option (IDCW);INF200K01TX8;INF200K01TY6;41.5482;;;13-Jan-2026
119843;SBI MULTI ASSET ALLOCATION FUND - DIRECT PLAN - GROWTH;INF200K01TZ3;;72.9243;;;13-Jan-2026
119841;SBI Multi Asset Allocation Fund - Direct Plan - Monthly Income Distribution cum Capital Withdrawal Option (IDCW);INF200K01UA4;INF200K01UB2;32.7457;;;13-Jan-2026
119842;SBI Multi Asset Allocation Fund - Direct Plan - Quarterly Income Distribution cum Capital Withdrawal Option (IDCW);INF200K01UC0;INF200K01UD8;34.6387;;;13-Jan-2026
103409;SBI Multi Asset Allocation Fund - Regular Plan - Annual Income Distribution cum Capital Withdrawal Option (IDCW);INF200K01784;INF200K01792;37.0380;;;13-Jan-2026
103408;SBI MULTI ASSET ALLOCATION FUND - REGULAR PLAN - GROWTH;INF200K01800;;65.4981;;;13-Jan-2026
103400;SBI Multi Asset Allocation Fund - Regular Plan - Monthly Income Distribution cum Capital Withdrawal Option (IDCW);INF200K01818;INF200K01826;29.2882;;;13-Jan-2026
103401;SBI Multi Asset Allocation Fund - Regular Plan - Quarterly Income Distribution cum Capital Withdrawal Option (IDCW);INF200K01834;INF200K01842;29.2596;;;13-Jan-2026

Shriram Mutual Fund
152051;Shriram Multi Asset Allocation Fund - Direct Growth;INF680P01406;;13.8396;;;13-Jan-2026
152052;Shriram Multi Asset Allocation Fund - Regular Growth;INF680P01414;;13.251;;;13-Jan-2026

Sundaram Mutual Fund
152314;Sundaram Multi Asset Allocation Fund Direct Plan Growth;INF903JA1LK9;;13.7378;;;13-Jan-2026
152316;Sundaram Multi Asset Allocation Fund Direct Plan IDCW Payout;INF903JA1LL7;;13.7378;;;13-Jan-2026
152312;Sundaram Multi Asset Allocation Fund Direct Plan IDCW Reinvestment;;INF903JA1LM5;13.7378;;;13-Jan-2026
152311;Sundaram Multi Asset Allocation Fund Regular Plan Growth;INF903JA1LH5;;13.3252;;;13-Jan-2026
152315;Sundaram Multi Asset Allocation Fund Regular Plan IDCW Payout;INF903JA1LI3;;13.3252;;;13-Jan-2026
152313;Sundaram Multi Asset Allocation Fund Regular Plan IDCW Reinvestment;;INF903JA1LJ1;13.3252;;;13-Jan-2026

Tata Mutual Fund
148049;Tata Multi Asset Allocation Fund-Direct Plan-Dividend Payout;INF277K011Z7;;27.8946;;;13-Jan-2026
148052;Tata Multi Asset Allocation Fund-Direct Plan-Dividend Reinvestment;;INF277K010Z9;27.8946;;;13-Jan-2026
148053;Tata Multi Asset Allocation Fund-Direct Plan-Growth;INF277K019Y3;;27.8946;;;13-Jan-2026
148054;Tata Multi Asset Allocation Fund-Regular Plan-Dividend Payout;INF277K014Z1;;25.3016;;;13-Jan-2026
148051;Tata Multi Asset Allocation Fund-Regular Plan-Dividend Reinvestment;;INF277K013Z3;25.3016;;;13-Jan-2026
148050;Tata Multi Asset Allocation Fund-Regular Plan-Growth;INF277K012Z5;;25.3016;;;13-Jan-2026

The Wealth Company Mutual Fund
153999;The Wealth Company Multi Asset Allocation Fund - Direct Growth;INF2F0001347;;10.2567;;;13-Jan-2026
154000;The Wealth Company Multi Asset Allocation Fund - Direct IDCW;INF2F0001354;INF2F0001362;10.2564;;;13-Jan-2026
154002;The Wealth Company Multi Asset Allocation Fund - Regular Growth;INF2F0001313;;10.2402;;;13-Jan-2026
154001;The Wealth Company Multi Asset Allocation Fund - Regular IDCW;INF2F0001321;INF2F0001339;10.2327;;;13-Jan-2026

Union Mutual Fund
152787;Union Multi Asset Allocation Fund- Direct Plan - Growth Option;INF582M01JY4;;12.15;;;13-Jan-2026
152784;Union Multi Asset Allocation Fund- Direct Plan - IDCW Option;INF582M01JZ1;INF582M01KA2;12.15;;;13-Jan-2026
152786;Union Multi Asset Allocation Fund- Regular Plan - Growth Option;INF582M01JU2;;11.95;;;13-Jan-2026
152785;Union Multi Asset Allocation Fund- Regular Plan - IDCW Option;INF582M01JV0;INF582M01JW8;11.95;;;13-Jan-2026

UTI Mutual Fund
120760;UTI Multi Asset Allocation Fund - Direct Plan - Growth Option;INF789F01VE6;;88.4412;;;13-Jan-2026
120761;UTI Multi Asset Allocation Fund - Direct Plan - IDCW;INF789F01VC0;INF789F01VD8;35.4882;;;13-Jan-2026
111599;UTI Multi Asset Allocation Fund - Regular Plan - Growth Option;INF789F01AP6;;79.3326;;;13-Jan-2026
111602;UTI Multi Asset Allocation Fund - Regular Plan - IDCW;INF789F01AN1;INF789F01AO9;30.45;;;13-Jan-2026

WhiteOak Capital Mutual Fund
151745;WhiteOak Capital Multi Asset Allocation Fund Direct Plan Growth;INF03VN01761;;15.793;;;13-Jan-2026
151746;WhiteOak Capital Multi Asset Allocation Fund Regular Plan Growth;INF03VN01779;;15.296;;;13-Jan-2026

Open Ended Schemes ( Hybrid Scheme - Arbitrage Fund )


Aditya Birla Sun Life Mutual Fund
119526;Aditya Birla Sun Life Arbitrage Fund - Growth - Direct Plan;INF209K01VP1;;29.6444;;;13-Jan-2026
112088;Aditya BIRLA SUN LIFE ARBITRAGE FUND - REGULAR PLAN - GROWTH;INF209K01264;;27.3968;;;13-Jan-2026
119525;Aditya Birla Sun Life Arbitrage Fund-DIRECT - IDCW;INF209K01P80;INF209K01VQ9;11.5438;;;13-Jan-2026
112087;Aditya Birla Sun Life Arbitrage Fund-Regular - IDCW;INF209K01256;INF209K01CI6;11.1441;;;13-Jan-2026

Axis Mutual Fund
130773;Axis Arbitrage Fund - Direct Plan - Growth;INF846K01PZ1;;21.0143;;;13-Jan-2026
130774;Axis Arbitrage Fund - Direct Plan - Monthly IDCW;INF846K01QA2;INF846K01QB0;12.2847;;;13-Jan-2026
130771;Axis Arbitrage Fund - Regular Plan - Growth;INF846K01QC8;;19.2758;;;13-Jan-2026
130776;Axis Arbitrage Fund - Regular Plan - Monthly IDCW;INF846K01QD6;INF846K01QE4;11.1674;;;13-Jan-2026

Bajaj Finserv Mutual Fund
152080;Bajaj Finserv Arbitrage Fund- Direct Plan-IDCW;INF0QA701532;INF0QA701540;11.758;;;13-Jan-2026
152078;Bajaj Finserv Arbitrage Fund- Regular Plan-Growth;INF0QA701490;;11.567;;;13-Jan-2026
152077;Bajaj Finserv Arbitrage Fund-Direct Plan-Growth;INF0QA701524;;11.758;;;13-Jan-2026
152079;Bajaj Finserv Arbitrage Fund-Regular Plan-IDCW;INF0QA701508;INF0QA701516;11.567;;;13-Jan-2026

Bandhan Mutual Fund
133680;BANDHAN Arbitrage Fund - Regular Plan - Annual IDCW;INF194KA1YD2;INF194KA1YE0;11.2296;;;13-Jan-2026
108845;BANDHAN Arbitrage Fund - Regular Plan - Growth;INF194K01649;;33.4204;;;13-Jan-2026
108847;BANDHAN Arbitrage Fund - Regular Plan - Monthly IDCW;INF194K01656;INF194K01664;10.5061;;;13-Jan-2026
118474;BANDHAN Arbitrage Fund-Direct Plan- Growth;INF194K01Y60;;36.3110;;;13-Jan-2026
133679;BANDHAN Arbitrage Fund-Direct Plan-Annual IDCW;INF194KA1YG5;INF194KA1YH3;12.9776;;;13-Jan-2026
118475;BANDHAN Arbitrage Fund-Direct Plan-Monthly IDCW;INF194K01Y78;INF194K01Y86;10.5663;;;13-Jan-2026

Bank of India Mutual Fund
143613;BANK OF INDIA Arbitrage Fund Direct Plan Annual IDCW;INF761K01EI2;INF761K01EJ0;13.4363;;;13-Jan-2026
143614;BANK OF INDIA Arbitrage Fund Direct Plan Growth;INF761K01ED3;;14.8632;;;13-Jan-2026
143615;BANK OF INDIA Arbitrage Fund Direct Plan Monthly IDCW;INF761K01EE1;INF761K01EF8;13.3949;;;13-Jan-2026
143616;BANK OF INDIA Arbitrage Fund Direct Plan Quarterly IDCW;INF761K01EG6;INF761K01EH4;14.1218;;;13-Jan-2026
143620;BANK OF INDIA Arbitrage Fund Regular Growth;INF761K01DW5;;14.2054;;;13-Jan-2026
143617;BANK OF INDIA Arbitrage Fund Regular Plan IDCW Annual IDCW;INF761K01EB7;INF761K01EC5;13.1261;;;13-Jan-2026
143618;BANK OF INDIA Arbitrage Fund Regular Plan IDCW Monthly IDCW;INF761K01DX3;INF761K01DY1;12.8736;;;13-Jan-2026
143619;BANK OF INDIA Arbitrage Fund Regular Plan IDCW Quarterly IDCW;INF761K01DZ8;INF761K01EA9;13.5904;;;13-Jan-2026

Baroda BNP Paribas Mutual Fund
150252;BARODA BNP PARIBAS ARBITRAGE FUND -DIRECT PLAN - ADHOC IDCW OPTION;INF251K01OV6;INF251K01OU8;11.9689;;;13-Jan-2026
150255;BARODA BNP PARIBAS ARBITRAGE FUND DIRECT PLAN MONTHLY IDCW Option;INF251K01PF6;INF251K01PE9;10.8334;;;13-Jan-2026
150256;BARODA BNP PARIBAS ARBITRAGE FUND DIRECT PLAN QUARTERLY IDCW Option;INF251K01PJ8;INF251K01PI0;10.8760;;;13-Jan-2026
150254;BARODA BNP PARIBAS ARBITRAGE FUND REGULAR PLAN MONTHLY IDCW Option;INF251K01PD1;INF251K01PC3;10.4865;;;13-Jan-2026
150257;BARODA BNP PARIBAS ARBITRAGE FUND REGULAR PLAN QUARTERLY IDCW Option;INF251K01PH2;INF251K01PG4;10.6571;;;13-Jan-2026
150250;BARODA BNP PARIBAS ARBITRAGE FUND- REGULAR PLAN- GROWTH OPTION;INF251K01ON3;;16.5499;;;13-Jan-2026
150251;BARODA BNP PARIBAS ARBITRAGE FUND-DIRECT PLAN-GROWTH OPTION;INF251K01OT0;;17.5569;;;13-Jan-2026
150253;BARODA BNP PARIBAS ARBITRAGE FUND-REGULAR PLAN- ADHOC IDCW OPTION;INF251K01OP8;INF251K01OO1;11.5228;;;13-Jan-2026

DSP Mutual Fund
142283;DSP Arbitrage Fund - Direct - Growth;INF740KA1DN4;;16.177;;;13-Jan-2026
142279;DSP Arbitrage Fund - Direct - IDCW;INF740KA1DO2;INF740KA1DP9;12.806;;;13-Jan-2026
142281;DSP Arbitrage Fund - Direct - IDCW - Monthly;INF740KA1DQ7;INF740KA1DR5;13.137;;;13-Jan-2026
142282;DSP Arbitrage Fund - Regular - Growth;INF740KA1DI4;;15.398;;;13-Jan-2026
142280;DSP Arbitrage Fund - Regular - IDCW;INF740KA1DJ2;INF740KA1DK0;12.238;;;13-Jan-2026
142278;DSP Arbitrage Fund - Regular - IDCW - Monthly;INF740KA1DL8;INF740KA1DM6;11.83;;;13-Jan-2026

Edelweiss Mutual Fund
130209;Edelweiss Arbitrage Fund - Direct Plan - IDCW Option;INF754K01EB2;INF754K01EC0;15.3889;;;13-Jan-2026
141606;Edelweiss Arbitrage Fund - Monthly  Direct Plan - IDCW Option;INF754K01HW1;INF754K01HX9;17.6839;;;13-Jan-2026
141605;Edelweiss Arbitrage Fund - Monthly  Regular Plan - IDCW Option;INF754K01HT7;INF754K01HU5;16.328;;;13-Jan-2026
130207;Edelweiss Arbitrage Fund - Regular Plan - IDCW Option;INF754K01EG1;INF754K01EH9;14.6658;;;13-Jan-2026
130206;Edelweiss Arbitrage Fund- Direct Plan- Growth Option;INF754K01EA4;;21.5255;;;13-Jan-2026
130208;Edelweiss Arbitrage Fund- Regular Plan -Bonus Option;INF754K01EJ5;;20.0643;;;13-Jan-2026
130205;Edelweiss Arbitrage Fund- Regular Plan- Growth Option;INF754K01EF3;;19.985;;;13-Jan-2026

Franklin Templeton Mutual Fund
153043;Franklin India Arbitrage Fund - Direct - Growth;INF090I01XS9;;10.8334;;;13-Jan-2026
153041;Franklin India Arbitrage Fund - Direct - IDCW;INF090I01XU5;INF090I01XT7;10.8334;;;13-Jan-2026
153042;Franklin India Arbitrage Fund - Growth;INF090I01XP5;;10.7439;;;13-Jan-2026
153044;Franklin India Arbitrage Fund - IDCW;INF090I01XR1;INF090I01XQ3;10.7439;;;13-Jan-2026

HDFC Mutual Fund
118931;HDFC ARBITRAGE FUND - Growth Option - Direct Plan;INF179K01UU8;;33.077;;;13-Jan-2026
118930;HDFC ARBITRAGE FUND - Quarterly IDCW Option - Direct Plan;INF179K01UV6;INF179K01UW4;25.066;;;13-Jan-2026
106796;HDFC ARBITRAGE FUND - Retail Growth Option;INF179K01319;;30.628;;;13-Jan-2026
106799;HDFC ARBITRAGE FUND - Retail IDCW Option;;;22.826;;;13-Jan-2026
106797;HDFC ARBITRAGE FUND - Retail Quarterly IDCW Option;INF179K01327;;21.834;;;13-Jan-2026
106793;HDFC ARBITRAGE FUND - Wholesale Growth Option;INF179K01343;;31.607;;;13-Jan-2026
129052;HDFC ARBITRAGE FUND - Wholesale Growth Option - Direct Plan;INF179KA1KT6;;20.867;;;13-Jan-2026
106795;HDFC ARBITRAGE FUND - Wholesale IDCW Option;INF179KA1KM1;INF179KA1KL3;10.95;;;13-Jan-2026
129053;HDFC ARBITRAGE FUND - Wholesale IDCW Option - Direct Plan;INF179KA1KQ2;INF179KA1KP4;11.671;;;13-Jan-2026
129054;HDFC ARBITRAGE FUND - Wholesale Monthly IDCW - Direct Plan;INF179KA1KS8;INF179KA1KR0;11.28;;;13-Jan-2026
129051;HDFC ARBITRAGE FUND - Wholesale Monthly IDCW Option  ;INF179KA1KO7;INF179KA1KN9;11.41;;;13-Jan-2026

HSBC Mutual Fund
151138;HSBC Arbitrage Fund - Direct Growth;INF917K01QR5;;21.0227;;;13-Jan-2026
151135;HSBC Arbitrage Fund - Direct Monthly IDCW;INF917K01QT1;INF917K01QS3;10.4202;;;13-Jan-2026
151136;HSBC Arbitrage Fund - Direct Quarterly IDCW;INF917K01QV7;INF917K01QU9;10.9381;;;13-Jan-2026
151134;HSBC Arbitrage Fund - Regular Growth;INF917K01QL8;;19.5681;;;13-Jan-2026
151140;HSBC Arbitrage Fund - Regular Monthly IDCW;INF917K01QN4;INF917K01QM6;10.4387;;;13-Jan-2026
151137;HSBC Arbitrage Fund - Regular Quarterly IDCW;INF917K01QP9;INF917K01QO2;10.7763;;;13-Jan-2026

ICICI Prudential Mutual Fund
120364;ICICI Prudential Equity Arbitrage Fund - Direct Plan - Growth;INF109K016O4;;38.0530;;;13-Jan-2026
120365;ICICI Prudential Equity Arbitrage Fund - Direct Plan - IDCW;INF109K017O2;INF109K015O6;17.5414;;;13-Jan-2026
104683;ICICI Prudential Equity Arbitrage Fund - Growth;INF109K01BF6;;35.3858;;;13-Jan-2026
104681;ICICI Prudential Equity Arbitrage Fund - IDCW;INF109K01EF0;INF109K01BE9;15.2474;;;13-Jan-2026

Invesco Mutual Fund
130787;Invesco India Arbitrage Fund - Direct Plan - Annual Bonus;INF205K01P68;;35.7329;;;13-Jan-2026
120401;Invesco India Arbitrage Fund - Direct Plan - Growth Option;INF205K01KR8;;35.7438;;;13-Jan-2026
120400;Invesco India Arbitrage Fund - Direct Plan - IDCW (Payout / Reinvestment);INF205K01KP2;INF205K01KQ0;19.4095;;;13-Jan-2026
105603;Invesco India Arbitrage Fund - Regular Plan - Growth Option;INF205K01122;;32.9352;;;13-Jan-2026
105604;Invesco India Arbitrage Fund - Regular Plan - IDCW (Payout / Reinvestment);INF205K01148;INF205K01130;17.577;;;13-Jan-2026

ITI Mutual Fund
147617;ITI Arbitrage Fund - Direct Plan - Growth Option;INF00XX01440;;14.0114;;;13-Jan-2026
147615;ITI Arbitrage Fund - Direct Plan - IDCW Option;INF00XX01457;INF00XX01465;14.0114;;;13-Jan-2026
147618;ITI Arbitrage Fund - Regular Plan - Growth Option;INF00XX01416;;13.3646;;;13-Jan-2026
147616;ITI Arbitrage Fund - Regular Plan - IDCW Option;INF00XX01424;INF00XX01432;13.3646;;;13-Jan-2026

Jio BlackRock Mutual Fund
154076;JioBlackRock Arbitrage Fund - Direct Plan - Growth Option;INF22M001101;;10.0647;;;13-Jan-2026

JM Financial Mutual Fund
133395;JM Arbitrage Fund (Direct) - Annual Bonus Option - Principal Units;INF192K01GX4;;18.4667;;;13-Jan-2026
135173;JM Arbitrage Fund (Direct) - Annual IDCW;INF192K01KY4;INF192K01KZ1;16.3608;;;13-Jan-2026
130604;JM Arbitrage Fund (Direct) - Bonus Option - Principal Units;INF192K01GL9;;19.2404;;;13-Jan-2026
120482;JM Arbitrage Fund (Direct) - Growth Option;INF192K01BN6;;35.9528;;;13-Jan-2026
135171;JM Arbitrage Fund (Direct) - Half Yearly IDCW;INF192K01KU2;INF192K01KV0;16.6287;;;13-Jan-2026
135172;JM Arbitrage Fund (Direct) - Monthly IDCW;INF192K01KM9;INF192K01KN7;14.518;;;13-Jan-2026
135174;JM Arbitrage Fund (Direct) - Quarterly IDCW;INF192K01KQ0;INF192K01KR8;17.0842;;;13-Jan-2026
120481;JM Arbitrage Fund (Direct)- IDCW;INF192K01BL0;INF192K01BM8;16.9423;;;13-Jan-2026
135167;JM Arbitrage Fund (Regular) - Annual IDCW;INF192K01KW8;INF192K01KX6;14.84;;;13-Jan-2026
130603;JM Arbitrage Fund (Regular) - Bonus Option - Principal Units;INF192K01GJ3;;18.2611;;;13-Jan-2026
103780;JM Arbitrage Fund (Regular) - Growth Option;INF192K01510;;33.59;;;13-Jan-2026
135170;JM Arbitrage Fund (Regular) - Half Yearly IDCW;INF192K01KS6;INF192K01KT4;14.9477;;;13-Jan-2026
103781;JM Arbitrage Fund (Regular) - IDCW ;INF192K01494;INF192K01502;15.5903;;;13-Jan-2026
135168;JM Arbitrage Fund (Regular) - Monthly IDCW;INF192K01KK3;INF192K01KL1;13.2063;;;13-Jan-2026
135169;JM Arbitrage Fund (Regular) - Quarterly IDCW;INF192K01KO5;INF192K01KP2;15.1692;;;13-Jan-2026

Kotak Mahindra Mutual Fund
119770;Kotak  Arbitrage Fund - Direct Plan - IDCW -Payout &  Reinvestment of Income Distribution cum capital withdrawal option;INF174K01LE2;INF174K01LD4;11.2424;;;13-Jan-2026
119771;Kotak Arbitrage Fund - Direct Plan - Growth;INF174K01LC6;;41.4305;;;13-Jan-2026
105968;Kotak Arbitrage Fund - Regular Plan - Growth;INF174K01302;;38.6456;;;13-Jan-2026
105967;Kotak Arbitrage Fund - Regular Plan - IDCW - Payout & Re-investment of Income Distribution cum capital withdrawal option;INF174K01328;INF174K01310;10.7561;;;13-Jan-2026

LIC Mutual Fund
145895;LIC MF Arbitrage Fund-Direct Plan-Growth;INF767K01PP0;;14.9302;;;13-Jan-2026
145894;LIC MF Arbitrage Fund-Direct Plan-Monthly IDCW;INF767K01PR6;INF767K01PS4;13.5738;;;13-Jan-2026
145891;LIC MF Arbitrage Fund-Direct Plan-Weekly IDCW;;INF767K01PQ8;14.0299;;;13-Jan-2026
145890;LIC MF Arbitrage Fund-Regular Plan-Growth;INF767K01PL9;;14.2295;;;13-Jan-2026
145892;LIC MF Arbitrage Fund-Regular Plan-Monthly IDCW;INF767K01PN5;INF767K01PO3;13.9023;;;13-Jan-2026
145893;LIC MF Arbitrage Fund-Regular Plan-Weekly IDCW;;INF767K01PM7;13.8137;;;13-Jan-2026

Mahindra Manulife Mutual Fund
148470;Mahindra Manulife Arbitrage Fund - Direct Plan - IDCW;INF174V01AC6;INF174V01AB8;13.2623;;;13-Jan-2026
148468;Mahindra Manulife Arbitrage Fund - Direct Plan -Growth;INF174V01AA0;;13.2623;;;13-Jan-2026
148467;Mahindra Manulife Arbitrage Fund - Regular Plan - Growth;INF174V01978;;12.6898;;;13-Jan-2026
148469;Mahindra Manulife Arbitrage Fund - Regular Plan - IDCW;INF174V01994;INF174V01986;12.6898;;;13-Jan-2026

Mirae Asset Mutual Fund
148401;Mirae Asset Arbitrage Fund Direct Growth;INF769K01FS1;;13.983;;;13-Jan-2026
148402;Mirae Asset Arbitrage Fund Direct IDCW;INF769K01FR3;INF769K01FT9;13.964;;;13-Jan-2026
148400;Mirae Asset Arbitrage Fund Regular Growth;INF769K01FP7;;13.421;;;13-Jan-2026
148403;Mirae Asset Arbitrage Fund Regular IDCW;INF769K01FO0;INF769K01FQ5;13.421;;;13-Jan-2026

Motilal Oswal Mutual Fund
153187;Motilal Oswal Arbitrage Fund-Direct Plan-Growth;INF247L01ED1;;10.7952;;;13-Jan-2026
153185;Motilal Oswal Arbitrage Fund-Direct Plan-IDCW;INF247L01EE9;INF247L01EF6;10.7951;;;13-Jan-2026
153188;Motilal Oswal Arbitrage Fund-Regular Plan-Growth;INF247L01EG4;;10.6932;;;13-Jan-2026
153186;Motilal Oswal Arbitrage Fund-Regular Plan-IDCW;INF247L01EH2;INF247L01EI0;10.6931;;;13-Jan-2026

Nippon India Mutual Fund
118587;NIPPON INDIA ARBITRAGE FUND - DIRECT Plan - IDCW Option;INF204K01YA8;INF204K01YB6;18.2720;;;13-Jan-2026
128821;NIPPON INDIA ARBITRAGE FUND - DIRECT Plan - MONTHLY IDCW Option;INF204KA1MV7;INF204KA1MW5;15.5324;;;13-Jan-2026
118585;Nippon India Arbitrage Fund - Direct Plan Growth Plan - Growth Option;INF204K01XZ7;;29.6758;;;13-Jan-2026
113345;Nippon India Arbitrage Fund - Growth Plan - Growth Option;INF204K01IY1;;27.3628;;;13-Jan-2026
113346;NIPPON INDIA ARBITRAGE FUND - IDCW Option;INF204K01IZ8;INF204K01JA9;16.3984;;;13-Jan-2026
128820;NIPPON INDIA ARBITRAGE FUND - MONTHLY IDCW Option;INF204KA1MT1;INF204KA1MU9;14.2627;;;13-Jan-2026

NJ Mutual Fund
150367;NJ Arbitrage Fund - Direct Plan - Growth Option;INF0J8L01065;;12.6338;;;13-Jan-2026
150366;NJ Arbitrage Fund - Regular Plan - Growth Option;INF0J8L01057;;12.3306;;;13-Jan-2026

Old Bridge Mutual Fund
153981;Old Bridge Arbitrage Fund - Direct - IDCW Payout;INF0S5R01075;;10.1145;;;13-Jan-2026
153979;Old Bridge Arbitrage Fund Direct Growth;INF0S5R01125;;10.1145;;;13-Jan-2026
153977;Old Bridge Arbitrage Fund Regular Growth;INF0S5R01091;;10.0997;;;13-Jan-2026
153980;Old Bridge Arbitrage Fund Regular IDCW Payout;INF0S5R01109;;10.0997;;;13-Jan-2026

PGIM India Mutual Fund
138875;PGIM India Arbitrage Fund - Direct Plan - Growth;INF223J013N7;;20.2567;;;13-Jan-2026
138878;PGIM India Arbitrage Fund - Direct Plan - Monthly Dividend;INF223J011N1;INF223J016N0;11.4344;;;13-Jan-2026
138877;PGIM India Arbitrage Fund - Direct Plan - Regular Dividend;INF223J019M6;INF223J014N5;12.6717;;;13-Jan-2026
138876;PGIM India Arbitrage Fund - Regular Plan - Growth;INF223J019N4;;18.8843;;;13-Jan-2026
138883;PGIM India Arbitrage Fund - Regular Plan - Monthly Dividend;INF223J011M3;INF223J015M4;11.2473;;;13-Jan-2026
138887;PGIM India Arbitrage Fund - Regular Plan - Regular Dividend;INF223J019L8;INF223J013M9;11.938;;;13-Jan-2026

PPFAS Mutual Fund
152109;Parag Parikh Arbitrage Fund - Direct Plan Growth;INF879O01225;;11.6548;;;13-Jan-2026
152110;Parag Parikh Arbitrage Fund - Regular Plan Growth;INF879O01217;;11.5655;;;13-Jan-2026

quant Mutual Fund
153426;quant Arbitrage Fund - Growth Option - Direct Plan;INF966L01DW8;;10.5681;;;13-Jan-2026
153428;quant Arbitrage Fund - Growth Option - Regular Plan;INF966L01DZ1;;10.5217;;;13-Jan-2026
153427;quant Arbitrage Fund - IDCW Option - Direct Plan;INF966L01DX6;INF966L01DY4;10.5632;;;13-Jan-2026
153429;quant Arbitrage Fund - IDCW Option - Regular Plan;INF966L01EA2;INF966L01EB0;10.5219;;;13-Jan-2026

Samco Mutual Fund
153090;Samco Arbitrage Fund - Direct Plan - Growth;INF0K1H01214;;10.61;;;13-Jan-2026
153091;Samco Arbitrage Fund - Regular Plan - Growth;INF0K1H01222;;10.49;;;13-Jan-2026

SBI Mutual Fund
119574;SBI Arbitrage Opportunities Fund - Direct Plan - Gr;INF200K01QU0;;37.1936;;;13-Jan-2026
119567;SBI Arbitrage Opportunities Fund - Direct Plan - Income Distribution cum Capital Withdrawal Option (IDCW);INF200K01QS4;INF200K01QT2;20.0962;;;13-Jan-2026
104457;SBI Arbitrage Opportunities Fund - Regular Plan - Gr;INF200K01156;;34.8903;;;13-Jan-2026
104458;SBI Arbitrage Opportunities Fund - Regular Plan - Income Distribution cum Capital Withdrawal Option (IDCW);INF200K01131;INF200K01149;18.3484;;;13-Jan-2026

Sundaram Mutual Fund
149552;Sundaram Arbitrage Fund (Formerly Know as Principal Arbitrage Fund) - Regular Plan - Growth;INF173K01NB6;;14.8766;;;13-Jan-2026
149551;Sundaram Arbitrage Fund (Formerly Known as Principal Arbitrage Fund)- Regular Plan - Monthly Income Distribution CUM Capital Withdrawal;INF173K01MY0;INF173K01NA8;13.0797;;;13-Jan-2026
149550;Sundaram Arbitrage Fund (Formerly Known as Prinicpal Arbitrage Fund) - Direct Plan - Growth;INF173K01NF7;;15.7628;;;13-Jan-2026
149549;Sundaram Arbitrage Fund( Formerly Known as Principal Arbitrage Fund) - Direct Plan- Monthly Income Distribution CUM Capital Withdrawal;INF173K01NC4;INF173K01NE0;13.6295;;;13-Jan-2026

Tata Mutual Fund
145727;TATA Arbitrage Fund Direct Plan - Monthly Payout of Income Distribution cum capital withdrawal option ;INF277K018Q1;;15.0394;;;13-Jan-2026
145725;TATA Arbitrage Fund Direct Plan - Monthly Reinvestment of Income Distribution cum capital withdrawal option;;INF277K019Q9;15.0394;;;13-Jan-2026
145728;TATA Arbitrage Fund Regular Plan - Monthly Payout of Income Distribution cum capital withdrawal option ;INF277K016Q5;;14.1664;;;13-Jan-2026
145726;TATA Arbitrage Fund Regular Plan - Monthly Reinvestment of Income Distribution cum capital withdrawal option ;;INF277K010R6;14.1664;;;13-Jan-2026
145724;Tata Arbitrage Fund-Direct Plan-Growth;INF277K017Q3;;15.6551;;;13-Jan-2026
145723;Tata Arbitrage Fund-Regular Plan-Growth;INF277K015Q7;;14.8202;;;13-Jan-2026

The Wealth Company Mutual Fund
153891;THE WEALTH COMPANY ARBITRAGE FUND DIRECT GROWTH;INF2F0001271;;10.1672;;;13-Jan-2026
153893;THE WEALTH COMPANY ARBITRAGE FUND DIRECT IDCW;INF2F0001263;INF2F0001255;10.1667;;;13-Jan-2026
153892;THE WEALTH COMPANY ARBITRAGE FUND REGULAR GROWTH;INF2F0001305;;10.1512;;;13-Jan-2026
153894;THE WEALTH COMPANY ARITRAGE FUND REGULAR IDCW;INF2F0001289;INF2F0001297;10.1511;;;13-Jan-2026

Trust Mutual Fund
153804;TRUSTMF ARBITRAGE FUND -DIRECT PLAN-GROWTH;INF0GCD01859;;10.2517;;;13-Jan-2026
153805;TRUSTMF ARBITRAGE FUND -REGULAR PLAN-GROWTH;INF0GCD01867;;10.2204;;;13-Jan-2026

Union Mutual Fund
146297;Union Arbitrage Fund - Direct Plan - Growth Option;INF582M01ES7;;15.0057;;;13-Jan-2026
146296;Union Arbitrage Fund - Direct Plan - IDCW Option;INF582M01EU3;INF582M01ET5;14.6496;;;13-Jan-2026
146294;Union Arbitrage Fund - Regular Plan - Growth Option;INF582M01EW9;;14.4541;;;13-Jan-2026
146295;Union Arbitrage Fund - Regular Plan - IDCW Option;INF582M01EY5;INF582M01EX7;14.1134;;;13-Jan-2026

UTI Mutual Fund
120795;UTI Arbitrage Fund - Direct Plan - Growth Option;INF789FB1RG6;;38.5971;;;13-Jan-2026
120796;UTI Arbitrage Fund - Direct Plan - IDCW;INF789FB1RE1;INF789FB1RF8;22.5776;;;13-Jan-2026
104075;UTI Arbitrage Fund - Regular Plan - Growth Option;INF789FB1RJ0;;36.1738;;;13-Jan-2026
104074;UTI Arbitrage Fund - Regular Plan - IDCW;INF789FB1RH4;INF789FB1RI2;20.4356;;;13-Jan-2026

WhiteOak Capital Mutual Fund
152849;WhiteOak Capital Arbitrage Fund Direct Plan Growth;INF03VN01910;;11.003;;;13-Jan-2026
152850;WhiteOak Capital Arbitrage Fund Regular Plan Growth;INF03VN01928;;10.893;;;13-Jan-2026

Open Ended Schemes ( Hybrid Scheme - Equity Savings )


Aditya Birla Sun Life Mutual Fund
132996;Aditya Birla Sun Life Equity Savings Fund - Direct - IDCW;INF209KA1TQ7;INF209KA1TR5;15.69;;;13-Jan-2026
132995;Aditya Birla Sun Life Equity Savings Fund - Direct Plan - Growth;INF209KA1TP9;;25.35;;;13-Jan-2026
132997;Aditya Birla Sun Life Equity Savings Fund - Regular - IDCW;INF209KA1TT1;INF209KA1TU9;13.3;;;13-Jan-2026
132998;Aditya Birla Sun Life Equity Savings Fund - Regular Plan - Growth;INF209KA1TS3;;22.82;;;13-Jan-2026

Axis Mutual Fund
135120;Axis Equity Savings Fund - Direct Plan - Growth;INF846K01VJ3;;25.78;;;13-Jan-2026
135121;Axis Equity Savings Fund - Direct Plan - Monthly IDCW;INF846K01VK1;INF846K01VL9;13.72;;;13-Jan-2026
135124;Axis Equity Savings Fund - Direct Plan - Quarterly IDCW;INF846K01VM7;INF846K01VN5;14.01;;;13-Jan-2026
139520;Axis Equity Savings Fund - Direct Plan - Regular IDCW;INF846K01XP6;INF846K01XQ4;13.92;;;13-Jan-2026
135122;Axis Equity Savings Fund - Regular Plan - Growth;INF846K01VO3;;22.64;;;13-Jan-2026
135123;Axis Equity Savings Fund - Regular Plan - Monthly IDCW;INF846K01VP0;INF846K01VQ8;11.55;;;13-Jan-2026
135125;Axis Equity Savings Fund - Regular Plan - Quarterly IDCW;INF846K01VR6;INF846K01VS4;11.97;;;13-Jan-2026
139521;Axis Equity Savings Fund - Regular Plan - Regular IDCW;INF846K01XR2;INF846K01XS0;13.04;;;13-Jan-2026

Bajaj Finserv Mutual Fund
153770;BAJAJ FINSERV EQUITY SAVINGS FUND -  DIRECT - IDCW;INF0QA701BU7;INF0QA701BV5;10.221;;;13-Jan-2026
153758;BAJAJ FINSERV EQUITY SAVINGS FUND - DIRECT - GROWTH;INF0QA701BT9;;10.221;;;13-Jan-2026
153769;BAJAJ FINSERV EQUITY SAVINGS FUND - REGULAR - GROWTH;INF0QA701BQ5;;10.179;;;13-Jan-2026
153771;BAJAJ FINSERV EQUITY SAVINGS FUND - REGULAR - IDCW;INF0QA701BR3;INF0QA701BS1;10.179;;;13-Jan-2026

Bandhan Mutual Fund
108995;BANDHAN Equity Savings Fund - Regular Plan - Growth;INF194K01581;;31.968;;;13-Jan-2026
108992;BANDHAN Equity Savings Fund - Regular Plan - Monthly IDCW;INF194K01599;INF194K01607;11.091;;;13-Jan-2026
133682;BANDHAN Equity Savings Fund - Regular Plan -Annual IDCW;INF194KA1XX2;INF194KA1XY0;13.191;;;13-Jan-2026
143259;BANDHAN Equity Savings Fund- Regular Plan -Quarterly IDCW;INF194KA16J0;INF194KA17J8;12.920;;;13-Jan-2026
143258;BANDHAN Equity Savings Fund-Direct Plan -Quarterly IDCW;INF194KA19J4;INF194KA10K1;13.478;;;13-Jan-2026
133681;BANDHAN Equity Savings Fund-Direct Plan-Annual IDCW;INF194KA1YA8;INF194KA1YB6;14.616;;;13-Jan-2026
118477;BANDHAN Equity Savings Fund-Direct Plan-Growth;INF194K01Z02;;35.647;;;13-Jan-2026
118476;BANDHAN Equity Savings Fund-Direct Plan-Monthly IDCW;INF194K01Z10;INF194K01Z28;11.702;;;13-Jan-2026

Baroda BNP Paribas Mutual Fund
147496;Baroda BNP Paribas Equity Savings Fund - Direct Plan - Growth;INF955L01IL3;;18.2651;;;13-Jan-2026
147498;Baroda BNP Paribas Equity Savings Fund - Direct Plan - IDCW;;INF955L01IN9;14.6863;;;13-Jan-2026
147494;Baroda BNP Paribas Equity Savings Fund - Regular Plan - Growth;INF955L01II9;;17.0233;;;13-Jan-2026
147495;Baroda BNP Paribas Equity Savings Fund - Regular Plan - IDCW;;INF955L01IK5;13.6909;;;13-Jan-2026

DSP Mutual Fund
136567;DSP Equity Savings Fund - Direct Plan - Growth;INF740KA1504;;25.03;;;13-Jan-2026
136568;DSP Equity Savings Fund - Direct Plan - IDCW;INF740KA1512;INF740KA1520;14.386;;;13-Jan-2026
136569;DSP Equity Savings Fund - Direct Plan - IDCW - Monthly;INF740KA1538;INF740KA1546;17.601;;;13-Jan-2026
136570;DSP Equity Savings Fund - Direct Plan - IDCW - Quarterly;INF740KA1553;INF740KA1561;17.445;;;13-Jan-2026
136563;DSP Equity Savings Fund - Regular Plan - Growth;INF740KA1439;;22.23;;;13-Jan-2026
136564;DSP Equity Savings Fund - Regular Plan - IDCW;INF740KA1447;INF740KA1454;12.906;;;13-Jan-2026
136565;DSP Equity Savings Fund - Regular Plan - IDCW - Monthly;INF740KA1462;INF740KA1470;13.921;;;13-Jan-2026
136566;DSP Equity Savings Fund - Regular Plan - IDCW - Quarterly;INF740KA1488;INF740KA1496;13.851;;;13-Jan-2026

Edelweiss Mutual Fund
140350;Edelweiss Equity Savings Fund - Direct Plan - Bonus Option;INF843K01KD6;;28.8505;;;13-Jan-2026
140347;Edelweiss Equity Savings Fund - Direct Plan - Growth Option;INF843K01KC8;;28.8377;;;13-Jan-2026
140348;Edelweiss Equity Savings Fund - Direct Plan - IDCW Option;INF843K01KE4;INF843K01KF1;20.9627;;;13-Jan-2026
141933;Edelweiss Equity Savings Fund - Direct Plan - Monthly - IDCW Option;INF754K01IN8;INF754K01IO6;16.4755;;;13-Jan-2026
140351;Edelweiss Equity Savings Fund - Regular Plan - Growth Option;INF843K01KG9;;25.9995;;;13-Jan-2026
140349;Edelweiss Equity Savings Fund - Regular Plan - IDCW Option;INF843K01KI5;INF843K01KJ3;17.9694;;;13-Jan-2026
141934;Edelweiss Equity Savings Fund - Regular Plan - Monthly - IDCW Option;INF754K01IP3;INF754K01IQ1;14.4146;;;13-Jan-2026

Franklin Templeton Mutual Fund
144462;Franklin India Equity Savings Fund - Direct - IDCW ;INF090I01PC9;INF090I01PB1;15.0203;;;13-Jan-2026
144465;Franklin India Equity Savings Fund - Direct - Monthly - IDCW;INF090I01PH8;INF090I01PG0;13.9871;;;13-Jan-2026
144467;Franklin India Equity Savings Fund - Direct - Quarterly - IDCW;INF090I01PL0;INF090I01PK2;14.0475;;;13-Jan-2026
144468;Franklin India Equity Savings Fund - IDCW ;INF090I01OZ3;INF090I01OY6;13.7435;;;13-Jan-2026
144464;Franklin India Equity Savings Fund - Monthly - IDCW;INF090I01PF2;INF090I01PE5;13.4076;;;13-Jan-2026
144463;Franklin India Equity Savings Fund - Quarterly - IDCW;INF090I01PJ4;INF090I01PI6;12.4512;;;13-Jan-2026
144461;Franklin India Equity Savings Fund- Growth;INF090I01PA3;;16.7686;;;13-Jan-2026
144466;Franklin India Equity Savings Fund- Growth Direct;INF090I01PD7;;18.4005;;;13-Jan-2026

HDFC Mutual Fund
119128;HDFC Equity Savings Fund - Growth Option - Direct Plan;INF179K01XT4;;76.159;;;13-Jan-2026
101585;HDFC Equity Savings Fund - GROWTH PLAN;INF179K01AM7;;67.717;;;13-Jan-2026
119129;HDFC Equity Savings Fund - IDCW Option - Direct Plan;INF179K01XR8;INF179K01XS6;15.44;;;13-Jan-2026
101586;HDFC Equity Savings Fund - IDCW PLAN;INF179K01AK1;INF179K01AL9;12.811;;;13-Jan-2026

HSBC Mutual Fund
151060;HSBC Equity Savings Fund - Direct Growth;INF917K01GE4;;37.9121;;;13-Jan-2026
151061;HSBC Equity Savings Fund - Direct Monthly IDCW;INF917K01E37;INF917K01GA2;17.0002;;;13-Jan-2026
151059;HSBC Equity Savings Fund - Direct Quarterly IDCW;INF917K01GD6;INF917K01GC8;17.6163;;;13-Jan-2026
151058;HSBC Equity Savings Fund - Regular Growth;INF917K01AA5;;34.0336;;;13-Jan-2026
151056;HSBC Equity Savings Fund - Regular Monthly IDCW;INF917K01965;INF917K01973;14.9726;;;13-Jan-2026
151057;HSBC Equity Savings Fund - Regular Quarterly IDCW;INF917K01981;INF917K01999;15.8883;;;13-Jan-2026

ICICI Prudential Mutual Fund
133051;ICICI Prudential Equity Savings Fund - Cumulative option;INF109KA14I5;;23.25;;;13-Jan-2026
133054;ICICI Prudential Equity Savings Fund - Direct Plan - Cumulative option;INF109KA11J9;;25.02;;;13-Jan-2026
133052;ICICI Prudential Equity Savings Fund - Direct Plan - Quarterly IDCW;INF109KA13J5;INF109KA16J8;16.01;;;13-Jan-2026
133053;ICICI Prudential Equity Savings Fund - Quarterly IDCW;INF109KA16I0;INF109KA19I4;13.51;;;13-Jan-2026

Invesco Mutual Fund
146457;Invesco India Equity Savings Fund - Direct Plan - Growth;INF205KA1049;;18.768;;;13-Jan-2026
146458;Invesco India Equity Savings Fund - Direct Plan - IDCW (Payout / Reinvestment);INF205KA1064;INF205KA1031;18.6882;;;13-Jan-2026
146456;Invesco India Equity Savings Fund - Regular Plan - Growth;INF205KA1023;;16.7403;;;13-Jan-2026
146455;Invesco India Equity Savings Fund - Regular Plan - IDCW (Payout / Reinvestment);INF205KA1015;INF205KA1056;16.739;;;13-Jan-2026

Kotak Mahindra Mutual Fund
131373;Kotak Equity Savings Fund - Direct - Growth;INF174K01D28;;29.9561;;;13-Jan-2026
131375;Kotak Equity Savings Fund - Direct - Monthly Payout of Income Distribution cum capital withdrawal option;INF174K01D36;INF174K01D51;21.5056;;;13-Jan-2026
131372;Kotak Equity Savings Fund - Regular - Growth;INF174K01C78;;27.1277;;;13-Jan-2026
131374;Kotak Equity Savings Fund - Regular - Monthly Payout of Income Distribution cum capital withdrawal option;INF174K01C86;INF174K01D02;19.8619;;;13-Jan-2026

LIC Mutual Fund
151952;LIC MF Equity Savings Fund-Direct Plan-Growth;INF397L01AZ5;;31.5036;;;13-Jan-2026
151953;LIC MF Equity Savings Fund-Direct Plan-Monthly IDCW;INF397L01BA6;INF397L01BB4;21.2786;;;13-Jan-2026
151954;LIC MF Equity Savings Fund-Direct Plan-Quarterly IDCW;INF397L01BD0;INF397L01BE8;17.5497;;;13-Jan-2026
151950;LIC MF Equity Savings Fund-Regular Plan-Growth;INF397L01315;;27.7627;;;13-Jan-2026
151949;LIC MF Equity Savings Fund-Regular Plan-Monthly IDCW;INF397L01257;INF397L01265;21.8732;;;13-Jan-2026
151951;LIC MF Equity Savings Fund-Regular Plan-Quarterly IDCW;INF397L01281;INF397L01299;20.68;;;13-Jan-2026

Mahindra Manulife Mutual Fund
140444;Mahindra Manulife Equity Savings Fund - Direct Plan -Growth;INF174V01184;;24.8895;;;13-Jan-2026
140447;Mahindra Manulife Equity Savings Fund - Regular Plan - Growth;INF174V01150;;21.1554;;;13-Jan-2026
140442;Mahindra Manulife Equity Savings Fund -Direct Plan -Quarterly IDCW;INF174V01192;INF174V01200;17.6010;;;13-Jan-2026
140446;Mahindra Manulife Equity Savings Fund -Regular Plan -Quarterly IDCW;INF174V01168;INF174V01176;14.3057;;;13-Jan-2026

Mirae Asset Mutual Fund
145694;Mirae Asset Equity Savings Fund Direct IDCW;INF769K01EJ3;INF769K01EM7;14.587;;;13-Jan-2026
145696;Mirae Asset Equity Savings Fund Regular IDCW;INF769K01EH7;INF769K01EL9;13.419;;;13-Jan-2026
145693;Mirae Asset Equity Savings Fund- Direct Plan- Growth;INF769K01EK1;;22.438;;;13-Jan-2026
145695;Mirae Asset Equity Savings Fund- Regular Plan- Growth;INF769K01EI5;;20.857;;;13-Jan-2026

Nippon India Mutual Fund
148276;NIPPON INDIA EQUITY SAVINGS FUND -  SEGREGATED PORTFOLIO 2 - Direct Plan - IDCW Option;INF204KB11S7;INF204KB12S5;0.0000;;;13-Jan-2026
148277;NIPPON INDIA EQUITY SAVINGS FUND -  SEGREGATED PORTFOLIO 2 - Direct Plan - MONTHLY IDCW Option;INF204KB13S3;INF204KB14S1;0.0000;;;13-Jan-2026
148275;NIPPON INDIA EQUITY SAVINGS FUND -  SEGREGATED PORTFOLIO 2 - Direct Plan - QUARTERLY IDCW Option;INF204KB19R2;INF204KB10S9;0.0000;;;13-Jan-2026
148278;NIPPON INDIA EQUITY SAVINGS FUND -  SEGREGATED PORTFOLIO 2 - IDCW Option;INF204KB19S0;INF204KB10T7;0.0000;;;13-Jan-2026
148282;NIPPON INDIA EQUITY SAVINGS FUND -  SEGREGATED PORTFOLIO 2 - MONTHLY IDCW Option;INF204KB11T5;INF204KB12T3;0.0000;;;13-Jan-2026
148281;NIPPON INDIA EQUITY SAVINGS FUND -  SEGREGATED PORTFOLIO 2 - QUARTERLY IDCW Option;INF204KB17S4;INF204KB18S2;0.0000;;;13-Jan-2026
134597;NIPPON INDIA EQUITY SAVINGS FUND - Direct Plan - IDCW Option;INF204KA1W93;INF204KA1X01;15.6135;;;13-Jan-2026
134599;NIPPON INDIA EQUITY SAVINGS FUND - Direct Plan - MONTHLY IDCW Option;INF204KA1X35;INF204KA1X43;15.3884;;;13-Jan-2026
134601;NIPPON INDIA EQUITY SAVINGS FUND - Direct Plan - QUARTERLY IDCW Option;INF204KA1X19;INF204KA1X27;15.3734;;;13-Jan-2026
134596;NIPPON INDIA EQUITY SAVINGS FUND - IDCW Option;INF204KA1W10;INF204KA1W28;14.0124;;;13-Jan-2026
134598;NIPPON INDIA EQUITY SAVINGS FUND - MONTHLY IDCW Option;INF204KA1W51;INF204KA1W69;13.8219;;;13-Jan-2026
134600;NIPPON INDIA EQUITY SAVINGS FUND - QUARTERLY IDCW Option;INF204KA1W36;INF204KA1W44;13.8124;;;13-Jan-2026
148273;Nippon India Equity Savings Fund - Segregated Portfolio 2 - Direct Plan - Growth Plan - Bonus Option;INF204KB17R6;;0.0000;;;13-Jan-2026
148274;Nippon India Equity Savings Fund - Segregated Portfolio 2 - Direct Plan - Growth Plan - Growth Option;INF204KB18R4;;0.0000;;;13-Jan-2026
148279;Nippon India Equity Savings Fund - Segregated Portfolio 2 - Growth Plan - Bonus Option;INF204KB15S8;;0.0000;;;13-Jan-2026
148280;Nippon India Equity Savings Fund - Segregated Portfolio 2 - Growth Plan - Growth Option;INF204KB16S6;;0.0000;;;13-Jan-2026
134595;Nippon India Equity Savings Fund- Direct Plan- Growth Plan- Bonus Option;INF204KA1W85;;18.1129;;;13-Jan-2026
134594;Nippon India Equity Savings Fund- Direct Plan- Growth Plan-Growth Option;INF204KA1W77;;18.1129;;;13-Jan-2026
134602;Nippon India Equity Savings Fund- Growth Plan- Bonus Option;INF204KA1W02;;16.3571;;;13-Jan-2026
134593;Nippon India Equity Savings Fund- Growth Plan- Growth Option;INF204KA1V94;;16.3571;;;13-Jan-2026

PGIM India Mutual Fund
138371;PGIM India Equity Savings Fund - Annual Dividend option;INF223J01EZ9;INF223J01FA9;15.4623;;;13-Jan-2026
138375;PGIM India Equity Savings Fund - Direct Plan - Annual Dividend;INF223J01QA6;INF223J01QB4;16.4473;;;13-Jan-2026
138376;PGIM India Equity Savings Fund - Direct Plan - Growth;INF223J01QD0;;57.2015;;;13-Jan-2026
138377;PGIM India Equity Savings Fund - Direct Plan - Monthly Dividend;INF223J01QE8;INF223J01QF5;13.9557;;;13-Jan-2026
138372;PGIM India Equity Savings Fund - Growth Option;INF223J01FB7;;50.3166;;;13-Jan-2026
138369;PGIM India Equity Savings Fund - Monthly Dividend option;INF223J01FC5;INF223J01FD3;12.6803;;;13-Jan-2026

quant Mutual Fund
153705;quant Equity Savings Fund - Growth Option - Direct Plan;INF966L01EC8;;10.2084;;;13-Jan-2026
153707;quant Equity Savings Fund - Growth Option - Regular Plan;INF966L01EF1;;10.1261;;;13-Jan-2026
153706;quant Equity Savings Fund - IDCW Option - Direct Plan;INF966L01ED6;INF966L01EE4;10.1985;;;13-Jan-2026
153708;quant Equity Savings Fund - IDCW Option - Regular Plan;INF966L01EG9;INF966L01EH7;10.1259;;;13-Jan-2026

SBI Mutual Fund
134643;SBI Equity Savings Fund - Direct Plan - Growth;INF200KA1DF3;;26.8444;;;13-Jan-2026
134641;SBI Equity Savings Fund - Direct Plan - Monthly Income Distribution cum Capital Withdrawal Option (IDCW);INF200KA1DG1;INF200KA1DH9;24.5720;;;13-Jan-2026
134640;SBI Equity Savings Fund - Direct Plan - Quarterly Income Distribution cum Capital Withdrawal Option (IDCW);INF200KA1DI7;INF200KA1DJ5;25.4210;;;13-Jan-2026
134644;SBI Equity Savings Fund - Regular Plan - Growth;INF200KA1DA4;;24.2773;;;13-Jan-2026
134639;SBI Equity Savings Fund - Regular Plan - Monthly Income Distribution cum Capital Withdrawal Option (IDCW);INF200KA1DB2;INF200KA1DC0;22.5077;;;13-Jan-2026
134642;SBI Equity Savings Fund - Regular Plan - Quarterly Income Distribution cum Capital Withdrawal Option (IDCW);INF200KA1DD8;INF200KA1DE6;22.9572;;;13-Jan-2026

Sundaram Mutual Fund
149677;Sundaram Equity Savings Fund (Formerly Known as  Principal Equity Savings Fund) - Direct Plan - Income Distribution CUM Capital Withdrawal Option (IDCW);INF173K01HC6;INF173K01HD4;16.7423;;;13-Jan-2026
149679;Sundaram Equity Savings Fund (Formerly Known as Principal Equity Savings Fund) - Direct Plan - Growth Option;INF173K01GZ9;;83.8304;;;13-Jan-2026
149674;Sundaram Equity Savings Fund (Formerly Known as Principal Equity Savings Fund) - Growth Option;INF173K01213;;71.6773;;;13-Jan-2026
149675;Sundaram Equity Savings Fund (Formerly Known as Principal Equity Savings Fund)- Income Distribution CUM Capital Withdrawal (IDCW);INF173K01247;INF173K01254;15.4809;;;13-Jan-2026

Tata Mutual Fund
101906;Tata Equity Savings Fund -Regular Plan-Growth Option;INF277K01907;;56.4243;;;13-Jan-2026
119960;Tata Equity Savings Fund- Direct Plan- Growth Option;INF277K01QH5;;63.7871;;;13-Jan-2026
102118;Tata Equity Savings Fund- Regular Plan - Periodic Payout of IDCW Option;INF277K01EF5;INF277K01915;27.0307;;;13-Jan-2026
101609;TATA Equity Savings Fund- Regular Plan -Monthly Payout of IDCW option;INF277K01EE8;INF277K01899;17.6508;;;13-Jan-2026
119958;Tata Equity Savings Fund-Direct Plan - Monthly Payout of IDCW Option;INF277K01QI3;INF277K01QJ1;21.7567;;;13-Jan-2026
119959;Tata Equity Savings Fund-Direct Plan - Periodic Payout of IDCWS Option;INF277K01QK9;INF277K01QL7;31.1678;;;13-Jan-2026

Union Mutual Fund
144312;Union Equity Savings Fund - Direct Plan - Growth Option;INF582M01EC1;;17.75;;;13-Jan-2026
144313;Union Equity Savings Fund - Direct Plan - IDCW Option;INF582M01EE7;INF582M01ED9;17.75;;;13-Jan-2026
144310;Union Equity Savings Fund - Regular Plan - Growth Option;INF582M01EG2;;17.03;;;13-Jan-2026
144311;Union Equity Savings Fund - Regular Plan - IDCW Option;INF582M01EI8;INF582M01EH0;17.03;;;13-Jan-2026

UTI Mutual Fund
144490;UTI Equity Savings Fund - Direct Plan - Growth Option;INF789F1A777;;20.2469;;;13-Jan-2026
144491;UTI Equity Savings Fund - Direct Plan - IDCW;INF789F1A769;INF789F1A751;20.2469;;;13-Jan-2026
144489;UTI Equity Savings Fund - Direct Plan - Monthly IDCW;INF789F1A819;INF789F1A801;20.248;;;13-Jan-2026
144488;UTI Equity Savings Fund - Direct Plan - Quarterly IDCW;INF789F1A850;INF789F1A843;20.2469;;;13-Jan-2026
144484;UTI Equity Savings Fund - Regular Plan - Growth Option;INF789F1A744;;18.9396;;;13-Jan-2026
144485;UTI Equity Savings Fund - Regular Plan - IDCW;INF789F1A736;INF789F1A728;18.9396;;;13-Jan-2026
144486;UTI Equity Savings Fund - Regular Plan - Monthly IDCW;INF789F1A793;INF789F1A785;18.9397;;;13-Jan-2026
144487;UTI Equity Savings Fund - Regular Plan - Quarterly IDCW;INF789F1A835;INF789F1A827;18.9395;;;13-Jan-2026

WhiteOak Capital Mutual Fund
153355;WhiteOak Capital Equity Savings Fund Direct Plan Growth;INF03VN01AB7;;11.432;;;13-Jan-2026
153356;WhiteOak Capital Equity Savings Fund Regular Plan Growth;INF03VN01AC5;;11.288;;;13-Jan-2026

Open Ended Schemes ( Solution Oriented Scheme - Retirement Fund )


Aditya Birla Sun Life Mutual Fund
146576;Aditya Birla Sun Life Retirement Fund-The 30s Plan-Direct - Payout of IDCW;INF209KB1I31;INF209KB1I49;18.504;;;13-Jan-2026
146575;Aditya Birla Sun Life Retirement Fund-The 30s Plan-Direct Growth;INF209KB1I23;;22.731;;;13-Jan-2026
146574;Aditya Birla Sun Life Retirement Fund-The 30s Plan-Regular - Payout of IDCW;INF209KB1I07;INF209KB1I15;16.668;;;13-Jan-2026
146577;Aditya Birla Sun Life Retirement Fund-The 30s Plan-Regular Growth;INF209KB1H99;;20.475;;;13-Jan-2026
146927;Aditya Birla Sun Life Retirement Fund-The 40s Plan- Direct - Payout of IDCW;INF209KB1I98;INF209KB1J06;17.268;;;13-Jan-2026
146930;Aditya Birla Sun Life Retirement Fund-The 40s Plan-Direct Plan-Growth;INF209KB1I80;;21.218;;;13-Jan-2026
146928;Aditya Birla Sun Life Retirement Fund-The 40s Plan-Regular - Payout of IDCW;INF209KB1I64;;15.594;;;13-Jan-2026
146929;Aditya Birla Sun Life Retirement Fund-The 40s Plan-Regular Plan-Growth;INF209KB1I56;INF209KB1I72;19.16;;;13-Jan-2026
146937;Aditya Birla Sun Life Retirement Fund-The 50s Plan- Direct - Payout of IDCW;INF209KB1J55;INF209KB1J63;13.231;;;13-Jan-2026
146939;Aditya Birla Sun Life Retirement Fund-The 50s Plan- Regular - Payout of IDCW;INF209KB1J22;INF209KB1J30;12.0433;;;13-Jan-2026
146940;Aditya Birla Sun Life Retirement Fund-The 50s Plan-Direct Plan-Growth;INF209KB1J48;;16.2643;;;13-Jan-2026
146938;Aditya Birla Sun Life Retirement Fund-The 50s Plan-Regular Plan-Growth;INF209KB1J14;;14.804;;;13-Jan-2026
146944;Aditya Birla Sun Life Retirement Fund-The 50s Plus-Debt Plan - Direct - Payout of IDCW;INF209KB1K11;INF209KB1K29;11.8589;;;13-Jan-2026
146942;Aditya Birla Sun Life Retirement Fund-The 50s Plus-Debt Plan - Regular - Payout of IDCW;INF209KB1J89;INF209KB1J97;10.8728;;;13-Jan-2026
146943;Aditya Birla Sun Life Retirement Fund-The 50s Plus-Debt Plan-Direct Plan-Growth;INF209KB1K03;;14.5813;;;13-Jan-2026
146941;Aditya Birla Sun Life Retirement Fund-The 50s Plus-Debt Plan-Regular Plan-Growth;INF209KB1J71;;13.3671;;;13-Jan-2026

Axis Mutual Fund
147825;Axis Retirement Fund - Aggressive Plan - Direct Growth;INF846K01S86;;20.29;;;13-Jan-2026
147822;Axis Retirement Fund - Aggressive Plan - Direct Plan - IDCW;INF846K01S94;;20.24;;;13-Jan-2026
147823;Axis Retirement Fund - Aggressive Plan - Regular Growth;INF846K01T02;;18.50;;;13-Jan-2026
147824;Axis Retirement Fund - Aggressive Plan - Regular Plan - IDCW;INF846K01T10;;18.51;;;13-Jan-2026
147830;Axis Retirement Fund - Conservative Plan - Direct Growth;INF846K01T69;;17.7299;;;13-Jan-2026
147831;Axis Retirement Fund - Conservative Plan - Direct Plan - IDCW;INF846K01T77;;17.5362;;;13-Jan-2026
147832;Axis Retirement Fund - Conservative Plan - Regular Growth;INF846K01T85;;16.1427;;;13-Jan-2026
147833;Axis Retirement Fund - Conservative Plan - Regular Plan - IDCW;INF846K01T93;;16.1416;;;13-Jan-2026
147826;Axis Retirement Fund - Dynamic Plan - Direct Growth;INF846K01T28;;21.59;;;13-Jan-2026
147827;Axis Retirement Fund - Dynamic Plan - Direct Plan - IDCW;INF846K01T36;;21.35;;;13-Jan-2026
147828;Axis Retirement Fund - Dynamic Plan - Regular Growth;INF846K01T44;;19.60;;;13-Jan-2026
147829;Axis Retirement Fund - Dynamic Plan - Regular Plan - IDCW;INF846K01T51;;19.60;;;13-Jan-2026

Bandhan Mutual Fund
152102;Bandhan Retirement Fund - Direct Plan - Growth;INF194KB1GU2;;13.224;;;13-Jan-2026
152104;Bandhan Retirement Fund - Direct Plan - IDCW;INF194KB1GV0;INF194KB1GW8;13.215;;;13-Jan-2026
152103;Bandhan Retirement Fund - Regular Plan - Growth;INF194KB1GN7;;12.738;;;13-Jan-2026
152105;Bandhan Retirement Fund - Regular Plan - IDCW;INF194KB1GO5;INF194KB1GP2;12.739;;;13-Jan-2026

Baroda BNP Paribas Mutual Fund
152628;Baroda BNP Paribas Retirement Fund - Direct plan - Growth option;INF251K01TJ0;;11.7007;;;13-Jan-2026
152626;Baroda BNP Paribas Retirement Fund - Direct plan - IDCW option;INF251K01TK8;;11.7007;;;13-Jan-2026
152625;Baroda BNP Paribas Retirement Fund - Regular plan - Growth option;INF251K01TH4;;11.3751;;;13-Jan-2026
152627;Baroda BNP Paribas Retirement Fund - Regular plan - IDCW option;INF251K01TI2;;11.3751;;;13-Jan-2026

Franklin Templeton Mutual Fund
118548;Franklin India Retirement Fund - Direct - Growth;INF090I01JZ3;;241.8289;;;13-Jan-2026
118549;Franklin India Retirement Fund - Direct - IDCW;INF090I01KA4;INF090I01KB2;18.3981;;;13-Jan-2026
100536;Franklin India Retirement Fund - Growth;INF090I01510;;219.8114;;;13-Jan-2026
100535;Franklin India Retirement Fund - IDCW;INF090I01528;INF090I01536;16.6896;;;13-Jan-2026

HDFC Mutual Fund
136090;HDFC Retirement Savings Fund - Equity Plan - Growth Option;INF179KB1MG8;;51.097;;;13-Jan-2026
136094;HDFC Retirement Savings Fund - Equity Plan - Growth Option - Direct Plan;INF179KB1MF0;;58.163;;;13-Jan-2026
136466;HDFC Retirement Savings Fund - Hybrid-Debt Plan - Growth Option;INF179KB1MK0;;21.8948;;;13-Jan-2026
136465;HDFC Retirement Savings Fund - Hybrid-Debt Plan - Growth Option - Direct Plan;INF179KB1MJ2;;24.8312;;;13-Jan-2026
136463;HDFC Retirement Savings Fund - Hybrid-Equity Plan - Growth Option;INF179KB1MI4;;39.088;;;13-Jan-2026
136464;HDFC Retirement Savings Fund - Hybrid-Equity Plan - Growth Option - Direct Plan;INF179KB1MH6;;44.611;;;13-Jan-2026

ICICI Prudential Mutual Fund
146721;ICICI Prudential Retirement Fund - Hybrid Aggressive - Direct Plan - Growth Option;INF109KC1TW4;;30.07;;;13-Jan-2026
146720;ICICI Prudential Retirement Fund - Hybrid Aggressive - Direct Plan - IDCW Option;INF109KC1TX2;;30.07;;;13-Jan-2026
146722;ICICI Prudential Retirement Fund - Hybrid Aggressive - Growth Option;INF109KC1TU8;;27.03;;;13-Jan-2026
146723;ICICI Prudential Retirement Fund - Hybrid Aggressive - IDCW Option;INF109KC1TV6;;27.03;;;13-Jan-2026
146716;ICICI Prudential Retirement Fund - Hybrid Conservative - Direct Plan - Growth Option;INF109KC1UA8;;19.6645;;;13-Jan-2026
146718;ICICI Prudential Retirement Fund - Hybrid Conservative - Direct Plan - IDCW Option;INF109KC1UB6;;19.6641;;;13-Jan-2026
146717;ICICI Prudential Retirement Fund - Hybrid Conservative - Growth Option;INF109KC1TY0;;17.9482;;;13-Jan-2026
146719;ICICI Prudential Retirement Fund - Hybrid Conservative - IDCW Option;INF109KC1TZ7;;17.9482;;;13-Jan-2026
146727;ICICI Prudential Retirement Fund - Pure Debt - Direct Plan - Growth Option;INF109KC1UE0;;16.6891;;;13-Jan-2026
146725;ICICI Prudential Retirement Fund - Pure Debt - Direct Plan - IDCW Option;INF109KC1UF7;;16.6890;;;13-Jan-2026
146726;ICICI Prudential Retirement Fund - Pure Debt - Growth Option;INF109KC1UC4;;15.3069;;;13-Jan-2026
146724;ICICI Prudential Retirement Fund - Pure Debt - IDCW Option;INF109KC1UD2;;15.3071;;;13-Jan-2026
146349;ICICI Prudential Retirement Fund - Pure Equity - Direct Plan - Growth Option;INF109KC1TS2;;37.42;;;13-Jan-2026
146348;ICICI Prudential Retirement Fund - Pure Equity - Direct Plan - IDCW Option;INF109KC1TT0;;37.41;;;13-Jan-2026
146346;ICICI Prudential Retirement Fund - Pure Equity - Growth Option;INF109KC1TQ6;;33.72;;;13-Jan-2026
146347;ICICI Prudential Retirement Fund - Pure Equity - IDCW Option;INF109KC1TR4;;33.73;;;13-Jan-2026

Nippon India Mutual Fund
133570;NIPPON INDIA RETIREMENT FUND - INCOME GENERATION SCHEME - Direct Plan - IDCW Option;INF204KA1C71;;23.1124;;;13-Jan-2026
133571;NIPPON INDIA RETIREMENT FUND - INCOME GENERATION SCHEME - IDCW Option;INF204KA1C63;;20.1941;;;13-Jan-2026
133569;Nippon India Retirement Fund- Income Generation Scheme- Direct Plan- Growth Plan - Growth Option;INF204KA1C30;;23.1124;;;13-Jan-2026
133629;Nippon India Retirement Fund- Income Generation Scheme- Direct Plan-Growth Plan- Bonus Option;INF204KA1C55;;23.1124;;;13-Jan-2026
133628;Nippon India Retirement Fund- Income Generation Scheme- Growth Plan- Bonus Option;INF204KA1C48;;20.1914;;;13-Jan-2026
133572;Nippon India Retirement Fund- Income Generation Scheme-Growth Plan - Growth Option;INF204KA1C22;;20.1914;;;13-Jan-2026
133566;NIPPON INDIA RETIREMENT FUND - WEALTH CREATION SCHEME - Direct Plan - IDCW Option;INF204KA1C14;;23.9229;;;13-Jan-2026
133567;NIPPON INDIA RETIREMENT FUND - WEALTH CREATION SCHEME - IDCW Option;INF204KA1C06;;20.6979;;;13-Jan-2026
133568;Nippon India Retirement Fund- Wealth Creation Scheme- Direct Plan- Growth Plan - Growth Option;INF204KA1B72;;32.3589;;;13-Jan-2026
133630;Nippon India Retirement Fund- Wealth Creation Scheme- Direct Plan-Growth Plan- Bonus Option;INF204KA1B98;;32.3589;;;13-Jan-2026
133565;Nippon India Retirement Fund- Wealth Creation Scheme- Growth Plan - Growth Option;INF204KA1B64;;28.5910;;;13-Jan-2026
133631;Nippon India Retirement Fund- Wealth Creation Scheme- Growth Plan- Bonus Option;INF204KA1B80;;28.5910;;;13-Jan-2026

PGIM India Mutual Fund
152537;PGIM India Retirement Fund - Direct Plan - Growth Option;INF663L01Y61;;12;;;13-Jan-2026
152539;PGIM India Retirement Fund - Direct Plan - IDCW Payout Option;INF663L01Y79;;12;;;13-Jan-2026
152538;PGIM India Retirement Fund - Regular Plan - Growth Option;INF663L01Y46;;11.66;;;13-Jan-2026
152540;PGIM India Retirement Fund - Regular Plan - IDCW Payout Option;INF663L01Y53;;11.66;;;13-Jan-2026

SBI Mutual Fund
148685;SBI Retirement Benefit Fund - Aggressive Hybrid Plan - Direct Plan - Growth;INF200KA1S97;;20.3483;;;13-Jan-2026
148686;SBI Retirement Benefit Fund - Aggressive Hybrid Plan - Direct Plan - Income Distribution cum Capital Withdrawal Option (IDCW);INF200KA1T05;;20.3505;;;13-Jan-2026
148695;SBI Retirement Benefit Fund - Aggressive Hybrid Plan - Regular Plan - Growth;INF200KA1S71;;19.2197;;;13-Jan-2026
148684;SBI Retirement Benefit Fund - Aggressive Hybrid Plan - Regular Plan - Income Distribution cum Capital Withdrawal Option (IDCW);INF200KA1S89;;19.2192;;;13-Jan-2026
148683;SBI Retirement Benefit Fund - Aggressive Plan - Direct Plan - Growth;INF200KA1S55;;21.4285;;;13-Jan-2026
148694;SBI Retirement Benefit Fund - Aggressive Plan - Direct Plan - Income Distribution cum Capital Withdrawal Option (IDCW);INF200KA1S63;;21.4171;;;13-Jan-2026
148698;SBI Retirement Benefit Fund - Aggressive Plan - Regular Plan - Growth;INF200KA1S30;;20.1322;;;13-Jan-2026
148691;SBI Retirement Benefit Fund - Aggressive Plan - Regular Plan - Income Distribution cum Capital Withdrawal Option (IDCW);INF200KA1S48;;20.1328;;;13-Jan-2026
148690;SBI Retirement Benefit Fund - Conservative Hybrid Plan - Direct Plan - Growth;INF200KA1T70;;16.0997;;;13-Jan-2026
148693;SBI Retirement Benefit Fund - Conservative Hybrid Plan - Direct Plan - Income Distribution cum Capital Withdrawal Option (IDCW);INF200KA1T88;;16.0976;;;13-Jan-2026
148692;SBI Retirement Benefit Fund - Conservative Hybrid Plan - Regular Plan - Growth;INF200KA1T54;;15.6279;;;13-Jan-2026
148697;SBI Retirement Benefit Fund - Conservative Hybrid Plan - Regular Plan - Income Distribution cum Capital Withdrawal Option (IDCW);INF200KA1T62;;15.6296;;;13-Jan-2026
148688;SBI Retirement Benefit Fund - Conservative Plan - Direct Plan - Growth;INF200KA1T39;;14.7252;;;13-Jan-2026
148689;SBI Retirement Benefit Fund - Conservative Plan - Direct Plan - Income Distribution cum Capital Withdrawal Option (IDCW);INF200KA1T47;;14.7230;;;13-Jan-2026
148696;SBI Retirement Benefit Fund - Conservative Plan - Regular Plan - Growth;INF200KA1T13;;14.3702;;;13-Jan-2026
148687;SBI Retirement Benefit Fund - Conservative Plan - Regular Plan - Income Distribution cum Capital Withdrawal Option (IDCW);INF200KA1T21;;14.3701;;;13-Jan-2026

Tata Mutual Fund
119256;Tata Retirement Savings Fund- Conservative Plan-Direct Plan-Growth Option;INF277K01QM5;;37.4927;;;13-Jan-2026
115944;Tata Retirement Savings Fund- Conservative Plan-Regular Plan-Growth Option;INF277K01FI6;;31.8352;;;13-Jan-2026
119255;Tata Retirement Savings Fund- Moderate Plan -Direct Plan-Growth Option;INF277K01QN3;;76.7784;;;13-Jan-2026
115943;Tata Retirement Savings Fund- Moderate Plan-Regular Plan-Growth Option;INF277K01FH8;;64.0296;;;13-Jan-2026
115942;Tata Retirement Savings Fund - Progressive Plan -Regular Plan-Growth Option;INF277K01FG0;;64.4229;;;13-Jan-2026
119251;Tata Retirement Savings Fund- Progressive Plan -Direct Plan-Growth Option;INF277K01QO1;;78.7966;;;13-Jan-2026

Union Mutual Fund
150554;Union Retirement Fund - Direct Plan - Growth Option;INF582M01IK5;;16.67;;;13-Jan-2026
150555;Union Retirement Fund - Direct Plan - IDCW Option;INF582M01IL3;;16.67;;;13-Jan-2026
150552;Union Retirement Fund - Regular Plan - Growth Option;INF582M01IM1;;15.90;;;13-Jan-2026
150553;Union Retirement Fund - Regular Plan - IDCW Option;INF582M01IN9;;15.90;;;13-Jan-2026

UTI Mutual Fund
100682;UTI Retirement Fund - Regular Plan;;;50.561;;;13-Jan-2026
120766;UTI Retirement Fund- Direct Plan;;;54.7176;;;13-Jan-2026

Open Ended Schemes ( Solution Oriented Scheme - Children’s Fund )


Aditya Birla Sun Life Mutual Fund
146407;ADITYA BIRLA SUN LIFE BAL BHAVISHYA YOJNA DIRECT GROWTH;INF209KB1E84;;22.81;;;13-Jan-2026
146409;ADITYA BIRLA SUN LIFE BAL BHAVISHYA YOJNA REGULAR GROWTH;INF209KB1E76;;20.36;;;13-Jan-2026
146408;ADITYA BIRLA SUN LIFE BAL BHAVISHYA YOJNA- Direct - IDCW;INF209KB1F18;INF209KB1F26;19.97;;;13-Jan-2026
146405;ADITYA BIRLA SUN LIFE BAL BHAVISHYA YOJNA- Regular - IDCW;INF209KB1E92;INF209KB1F00;17.83;;;13-Jan-2026

Axis Mutual Fund
135762;Axis Children's Fund - Lock in - Direct Growth;INF846K01WO1;;30.0119;;;13-Jan-2026
135765;Axis Children's Fund - Lock in - Direct Plan - IDCW;INF846K01WP8;;29.9864;;;13-Jan-2026
135759;Axis Children's Fund - Lock in - Regular Growth;INF846K01WJ1;;26.2960;;;13-Jan-2026
135760;Axis Children's Fund - Lock in - Regular Plan - IDCW;INF846K01WK9;;26.3104;;;13-Jan-2026
135764;Axis Children's Fund - No Lock in - Direct Growth;INF846K01WR4;;30.5859;;;13-Jan-2026
135763;Axis Children's Fund - No Lock in - Direct Plan - IDCW;INF846K01WS2;INF846K01WQ6;30.0487;;;13-Jan-2026
135766;Axis Children's Fund - No Lock in - Regular Plan - Growth;INF846K01WM5;;26.2928;;;13-Jan-2026
135761;Axis Children's Fund - No Lock in - Regular Plan - IDCW;INF846K01WN3;INF846K01WL7;26.2884;;;13-Jan-2026

Baroda BNP Paribas Mutual Fund
153171;Baroda BNP Paribas Children's Fund - Direct Plan - Growth Option;INF251K01UE9;;11.2572;;;13-Jan-2026
153170;Baroda BNP Paribas Children's Fund - Regular Plan - Growth Option;INF251K01UC3;;11.0274;;;13-Jan-2026
153169;Baroda BNP Paribas Children's Fund - Regular Plan - IDCW Option;INF251K01UD1;;11.0274;;;13-Jan-2026

HDFC Mutual Fund
119066;HDFC Childrens Fund - Direct Plan;INF179KC1IX0;;327.161;;;13-Jan-2026
100900;HDFC Childrens Fund - Growth Plan;INF179KC1IY8;;293.819;;;13-Jan-2026

ICICI Prudential Mutual Fund
120579;ICICI Prudential Children's Fund - Direct Plan;INF109K01Y49;;359.80;;;13-Jan-2026
101127;ICICI Prudential Children's Fund - Regular Plan;INF109K01605;;326.10;;;13-Jan-2026

LIC Mutual Fund
120285;LIC MF Children's Fund-Direct Plan-Growth;INF767K01FB1;;35.8236;;;13-Jan-2026
101271;LIC MF Children's Fund-Regular Plan-Growth;INF767K01048;;32.0086;;;13-Jan-2026

SBI Mutual Fund
148490;SBI Children's Fund - Investment Plan - Direct Plan - Growth;INF200KA1R07;;47.1684;;;13-Jan-2026
148489;SBI Children's Fund - Investment Plan - Regular Plan - Growth;INF200KA1Q99;;44.0931;;;13-Jan-2026
119719;SBI Children's Fund - Savings Plan - DIRECT PLAN - GROWTH;INF200K01QR6;;120.7669;;;13-Jan-2026
101169;SBI Children's Fund - Savings Plan - REGULAR PLAN - GROWTH;INF200K01776;;110.5881;;;13-Jan-2026

Tata Mutual Fund
101491;Tata Childrens Fund -Regular Plan-Growth Option;INF277K01AJ5;;59.8011;;;13-Jan-2026
119312;Tata Childrens Fund-Direct Plan-Growth Option;INF277K01QW4;;66.7073;;;13-Jan-2026

Union Mutual Fund
152219;Union Children's Fund - Direct Plan - Growth Option;INF582M01JK3;;12.75;;;13-Jan-2026
152220;Union Children's Fund - Direct Plan - IDCW Option;INF582M01JL1;;12.75;;;13-Jan-2026
152217;Union Children's Fund - Regular Plan - Growth Option;INF582M01JI7;;12.41;;;13-Jan-2026
152218;Union Children's Fund - Regular Plan - IDCW Option;INF582M01JJ5;;10.79;;;13-Jan-2026

UTI Mutual Fund
120724;UTI Children's Equity Fund - Direct Plan - Growth Option;;;94.6461;;;13-Jan-2026
120725;UTI Children's Equity Fund - Direct Plan - IDCW;;;94.8096;;;13-Jan-2026
102267;UTI Children's Equity Fund - Regular Plan - Growth Option;;;84.7761;;;13-Jan-2026
102266;UTI Children's Equity Fund - Regular Plan - IDCW;;;84.7812;;;13-Jan-2026
120771;UTI Children's Hybrid Fund - Direct Plan;;;41.5461;;;13-Jan-2026
100678;UTI Children's Hybrid Fund - Regular Plan;;;40.5986;;;13-Jan-2026

Open Ended Schemes ( Other Scheme - Index Funds )


Aditya Birla Sun Life Mutual Fund
153735;Aditya Birla Sun Life BSE 500 Momentum 50 Index Fund- Regular Growth;INF209KC1605;;10.3525;;;13-Jan-2026
153736;Aditya Birla Sun Life BSE 500 Momentum 50 Index Fund-Direct Growth;INF209KC1589;;10.3866;;;13-Jan-2026
153737;Aditya Birla Sun Life BSE 500 Momentum 50 Index Fund-Direct IDCW Payout;INF209KC1597;;10.3876;;;13-Jan-2026
153734;Aditya Birla Sun Life BSE 500 Momentum 50 Index Fund-Regular IDCW Payout;INF209KC1654;;10.3525;;;13-Jan-2026
153740;Aditya Birla Sun Life BSE 500 Quality 50 Index Fund - Direct Growth;INF209KC1613;;10.3878;;;13-Jan-2026
153741;Aditya Birla Sun Life BSE 500 Quality 50 Index Fund - Direct IDCW Payout;INF209KC1621;;10.3878;;;13-Jan-2026
153742;Aditya Birla Sun Life BSE 500 Quality 50 Index Fund - Regular Growth;INF209KC1639;;10.3527;;;13-Jan-2026
153743;Aditya Birla Sun Life BSE 500 Quality 50 Index Fund - Regular IDCW Payout;INF209KC1647;;10.3527;;;13-Jan-2026
153081;Aditya Birla Sun Life BSE India Infrastructure Index Fund-Direct Growth;INF209KC1332;;8.9307;;;13-Jan-2026
153078;Aditya Birla Sun Life BSE India Infrastructure Index Fund-Direct IDCW Payout;INF209KC1340;;8.9307;;;13-Jan-2026
153080;Aditya Birla Sun Life BSE India Infrastructure Index Fund-Regular Growth;INF209KC1357;;8.8671;;;13-Jan-2026
153079;Aditya Birla Sun Life BSE India Infrastructure Index Fund-Regular IDCW Payout;INF209KC1365;;8.8672;;;13-Jan-2026
150702;Aditya Birla Sun Life Crisil IBX 50:50 Gilt Plus SDL Apr 2028 Index Fund-Direct Growth;INF209KB14N1;;12.942;;;13-Jan-2026
150704;Aditya Birla Sun Life Crisil IBX 50:50 Gilt Plus SDL APR 2028 Index Fund-Direct IDCW;INF209KB15N8;;12.9404;;;13-Jan-2026
150703;Aditya Birla Sun Life Crisil IBX 50:50 Gilt Plus SDL Apr 2028 Index Fund-Regular Growth;INF209KB12N5;;12.8773;;;13-Jan-2026
150705;Aditya Birla Sun Life Crisil IBX 50:50 Gilt Plus SDL Apr 2028 Index Fund-Regular IDCW;INF209KB13N3;;12.8784;;;13-Jan-2026
150938;Aditya Birla Sun Life Crisil IBX 60:40 SDL + AAA PSU APR 2026 Index Fund-Direct Growth;INF209KB10P4;;12.409;;;13-Jan-2026
150939;Aditya Birla Sun Life Crisil IBX 60:40 SDL+ AAA PSU APR 2026 Index Fund-Direct IDCW Payout;INF209KB11P2;;12.4082;;;13-Jan-2026
150936;Aditya Birla Sun Life Crisil IBX 60:40 SDL+AAA PSU APR 2026 Index Fund-Regular Growth;INF209KB18O0;;12.3166;;;13-Jan-2026
150937;Aditya Birla Sun Life Crisil IBX 60:40 SDL+AAA PSU APR 2026 Index Fund-Regular IDCW Payout;INF209KB19O8;;12.3177;;;13-Jan-2026
150353;Aditya Birla Sun Life Crisil IBX 60:40 SDL+AAA PSU-Apr 2027 Index Fund-Direct Growth;INF209KB19H2;;12.6638;;;13-Jan-2026
150352;Aditya Birla Sun Life Crisil IBX 60:40 SDL+AAA PSU-Apr 2027 Index Fund-Direct IDCW;INF209KB10I9;;12.6659;;;13-Jan-2026
150351;Aditya Birla Sun Life Crisil IBX 60:40 SDL+AAA PSU-Apr 2027 Index Fund-Regular Growth;INF209KB17H6;;12.5803;;;13-Jan-2026
150350;Aditya Birla Sun Life Crisil IBX 60:40 SDL+AAA PSU-Apr 2027 Index Fund-Regular IDCW;INF209KB18H4;;12.5768;;;13-Jan-2026
150780;Aditya Birla Sun Life Crisil IBX Gilt-Apr 2029 Index Fund-Direct IDCW;INF209KB13O1;;10.7611;;;13-Jan-2026
150777;Aditya Birla Sun Life Crisil IBX Gilt-Apr 2029 Index Fund-Regular Growth;INF209KB10O7;;12.9857;;;13-Jan-2026
150779;Aditya Birla Sun Life Crisil IBX Gilt-Apr 2029 Index Fund-Regular IDCW;INF209KB11O5;;10.6713;;;13-Jan-2026
150778;Aditya Birla Sun Life Crisil IBX Gilt-Apr-2029 Index Fund-Direct Growth;INF209KB12O3;;13.0542;;;13-Jan-2026
151577;Aditya Birla Sun Life Crisil IBX Gilt Apr 2028 Index Fund-Direct Growth;INF209KB11U2;;12.3182;;;13-Jan-2026
151584;Aditya Birla Sun Life Crisil IBX Gilt Apr 2028 Index Fund-Direct IDCW;INF209KB12U0;;12.3218;;;13-Jan-2026
151583;Aditya Birla Sun Life Crisil IBX Gilt Apr 2028 Index Fund-Regular Growth;INF209KB19T7;;12.2237;;;13-Jan-2026
151582;Aditya Birla Sun Life Crisil IBX Gilt Apr 2028 Index Fund-Regular IDCW;INF209KB10U4;;12.2231;;;13-Jan-2026
152267;Aditya Birla Sun Life Crisil IBX Gilt Apr 2033 Index Fund-Direct Growth;INF209KB19Y7;;11.8212;;;13-Jan-2026
152270;Aditya Birla Sun Life Crisil IBX Gilt Apr 2033 Index Fund-Direct IDCW Payout;INF209KB10Z3;;11.8208;;;13-Jan-2026
152268;Aditya Birla Sun Life Crisil IBX Gilt Apr 2033 Index Fund-Regular Growth;INF209KB17Y1;;11.7601;;;13-Jan-2026
152269;Aditya Birla Sun Life Crisil IBX Gilt Apr 2033 Index Fund-Regular IDCW payout;INF209KB18Y9;;11.7602;;;13-Jan-2026
152659;Aditya Birla Sun Life Crisil IBX Gilt June 2027 Index Fund-Direct Growth;INF209KC1076;;11.3182;;;13-Jan-2026
152662;Aditya Birla Sun Life Crisil Ibx Gilt June 2027 Index Fund-Direct IDCW Payout;INF209KC1084;;11.3188;;;13-Jan-2026
152660;Aditya Birla Sun Life Crisil IBX Gilt June 2027 Index Fund-Regular Growth;INF209KC1050;;11.2659;;;13-Jan-2026
152661;Aditya Birla Sun Life Crisil IBX Gilt June 2027 Index Fund-Regular IDCW Payout;INF209KC1068;;11.2659;;;13-Jan-2026
150699;Aditya Birla Sun Life Crisil IBX Gilt- April 2026 Index Fund-Direct IDCW;INF209KB11N7;;12.5951;;;13-Jan-2026
150698;Aditya Birla Sun Life Crisil IBX Gilt-April 2026 Index Fund-Direct Growth;INF209KB10N9;;12.5942;;;13-Jan-2026
150701;Aditya Birla Sun Life Crisil IBX Gilt-April 2026 Index Fund-Regular Growth;INF209KB18M4;;12.5281;;;13-Jan-2026
150700;Aditya Birla Sun Life Crisil IBX Gilt-April 2026 Index Fund-Regular IDCW;INF209KB19M2;;12.5287;;;13-Jan-2026
151427;Aditya Birla Sun Life CRISIL IBX SDL Jun 2032 INDEX FUND - Direct Growth;INF209KB14S0;;12.5664;;;13-Jan-2026
151425;Aditya Birla Sun Life CRISIL IBX SDL Jun 2032 INDEX FUND - Direct IDCW Payout;INF209KB15S7;;12.5686;;;13-Jan-2026
151428;Aditya Birla Sun Life CRISIL IBX SDL Jun 2032 INDEX FUND - Regular Growth;INF209KB12S4;;12.434;;;13-Jan-2026
151426;Aditya Birla Sun Life CRISIL IBX SDL Jun 2032 INDEX FUND - Regular IDCW Payout;INF209KB13S2;;12.4342;;;13-Jan-2026
153030;Aditya Birla Sun Life Crisil-IBX AAA Financial Services Index-Sep 2027 Fund-Direct Growth;INF209KC1290;;10.954;;;13-Jan-2026
153031;Aditya Birla Sun Life Crisil-IBX AAA Financial Services Index-Sep 2027 Fund-Direct IDCW Payout;INF209KC1308;;10.9541;;;13-Jan-2026
153033;Aditya Birla Sun Life Crisil-IBX AAA Financial Services Index-Sep 2027 Fund-Regular Growth;INF209KC1316;;10.916;;;13-Jan-2026
153032;Aditya Birla Sun Life Crisil-IBX AAA Financial Services Index-Sep 2027 Fund-Regular IDCW Payout;INF209KC1324;;10.916;;;13-Jan-2026
152947;Aditya Birla Sun Life Crisil-IBX AAA NBFC-HFC Index-Sep 2026 Fund-Direct Growth;INF209KC1217;;11.0097;;;13-Jan-2026
152948;Aditya Birla Sun Life Crisil-IBX AAA NBFC-HFC INDEX-Sep 2026 Fund-Direct IDCW Payout;INF209KC1225;;11.0097;;;13-Jan-2026
152945;Aditya Birla Sun Life Crisil-IBX AAA NBFC-HFC Index-Sep 2026 Fund-Regular Growth;INF209KC1233;;10.9683;;;13-Jan-2026
152946;Aditya Birla Sun Life Crisil-IBX AAA NBFC-HFC Index-Sep 2026 Fund-Regular IDCW Payout;INF209KC1241;;10.9683;;;13-Jan-2026
153178;Aditya Birla Sun Life Crisil-IBX Financial Services 3 to 6 Months  Debt Index Fund-Regular IDCW Payout;INF209KC1480;;10.7502;;;13-Jan-2026
153179;Aditya Birla Sun Life Crisil-IBX financial Services 3 to 6 months Debt Index Fund-Direct Growth;INF209KC1456;;10.7759;;;13-Jan-2026
153176;Aditya Birla Sun Life Crisil-IBX Financial Services 3 to 6 months Debt Index Fund-Direct IDCW Payout;INF209KC1464;;10.776;;;13-Jan-2026
153177;Aditya Birla Sun Life Crisil-IBX Financial Services 3 to 6 Months Debt Index Fund-Regular Growth;INF209KC1472;;10.7502;;;13-Jan-2026
153443;Aditya Birla Sun Life Crisil-IBX Financial Services 9-12 Months Debt Index Fund-Direct Growth;INF209KC1498;;10.5972;;;13-Jan-2026
153444;Aditya Birla Sun Life Crisil-IBX Financial Services 9-12 Months Debt Index Fund-Direct IDCW Payout;INF209KC1506;;10.598;;;13-Jan-2026
153445;Aditya Birla Sun Life Crisil-IBX Financial Services 9-12 Months Debt Index Fund-Regular Growth;INF209KC1514;;10.5799;;;13-Jan-2026
148962;Aditya Birla Sun Life Nifty 50 Equal Weight Index Fund-Direct Growth;INF209KB1Z71;;19.1497;;;13-Jan-2026
148963;Aditya Birla Sun Life Nifty 50 Equal Weight Index Fund-Direct-IDCW;INF209KB1Z89;INF209KB1Z97;19.1499;;;13-Jan-2026
148965;Aditya Birla Sun Life Nifty 50 Equal Weight Index Fund-Regular Growth;INF209KB1Z48;;18.601;;;13-Jan-2026
148964;Aditya Birla Sun Life Nifty 50 Equal Weight Index Fund-Regular IDCW;INF209KB1Z55;INF209KB1Z63;18.6007;;;13-Jan-2026
119648;Aditya Birla Sun Life Nifty 50 Index Fund - Growth - Direct Plan;INF209K01VY3;;266.7641;;;13-Jan-2026
101314;Aditya Birla Sun Life Nifty 50 Index Fund - Growth - Regular Plan;INF209K01LB2;;260.6985;;;13-Jan-2026
119649;Aditya Birla Sun Life Nifty 50 Index Fund -DIRECT - IDCW;INF209K01VX5;;27.5791;;;13-Jan-2026
101313;Aditya Birla Sun Life Nifty 50 Index Fund -REGULAR - IDCW;INF209K01LA4;INF209K01LC0;26.641;;;13-Jan-2026
152798;Aditya Birla Sun Life Nifty India Defence Index Fund-Direct Growth;INF209KC1183;;11.1802;;;13-Jan-2026
152799;Aditya Birla Sun Life Nifty India Defence Index Fund-Direct IDCW Payout;INF209KC1191;;11.1807;;;13-Jan-2026
152801;Aditya Birla Sun Life Nifty India Defence Index Fund-Regular IDCW Payout;INF209KC1167;;11.0647;;;13-Jan-2026
152800;Aditya Birla Sun Life Nifty India Defence Index Fund-Regular-Growth;INF209KC1159;;11.0669;;;13-Jan-2026
148809;Aditya Birla Sun Life Nifty Midcap 150 Index Fund - Direct - Payout of IDCW;INF209KB1W82;INF209KB1W90;24.736;;;13-Jan-2026
148806;Aditya Birla Sun Life Nifty Midcap 150 Index Fund - Regular - Payout of IDCW;INF209KB1W58;INF209KB1W66;24.012;;;13-Jan-2026
148807;Aditya Birla Sun Life Nifty Midcap 150 Index Fund-Direct Growth;INF209KB1W74;;24.7364;;;13-Jan-2026
148805;Aditya Birla Sun Life Nifty Midcap 150 Index Fund-Regular Growth;INF209KB1W41;;24.0158;;;13-Jan-2026
149838;Aditya Birla Sun Life Nifty Next 50 Index Fund-Direct Growth;INF209KB10G3;;16.9595;;;13-Jan-2026
149839;Aditya Birla Sun Life Nifty Next 50 Index Fund-Direct IDCW;INF209KB11G1;;16.9491;;;13-Jan-2026
149837;Aditya Birla Sun Life Nifty Next 50 Index Fund-Regular Growth;INF209KB12G9;;16.5484;;;13-Jan-2026
149836;Aditya Birla Sun Life Nifty Next 50 Index Fund-Regular IDCW;INF209KB13G7;;16.5625;;;13-Jan-2026
149794;Aditya Birla Sun Life Nifty SDL Apr 2027 Index Fund-Direct Growth;INF209KB11F3;;12.8583;;;13-Jan-2026
149793;Aditya Birla Sun Life Nifty SDL Apr 2027 Index Fund-Direct IDCW Payout;INF209KB12F1;;12.8581;;;13-Jan-2026
149792;Aditya Birla Sun Life Nifty SDL Apr 2027 Index Fund-Regular Growth;INF209KB19E9;;12.7041;;;13-Jan-2026
149791;Aditya Birla Sun Life Nifty SDL Apr 2027 Index Fund-Regular-IDCW Payout;INF209KB10F5;;12.7041;;;13-Jan-2026
149199;Aditya Birla Sun Life Nifty SDL Plus PSU Bond SEP 2026 60:40 Index Fund-Direct Growth;INF209KB18B7;;12.8208;;;13-Jan-2026
149200;Aditya Birla Sun Life Nifty SDL Plus PSU Bond SEP 2026 60:40 Index Fund-Direct IDCW;INF209KB19B5;;12.821;;;13-Jan-2026
149198;Aditya Birla Sun Life Nifty SDL Plus PSU Bond SEP 2026 60:40 Index Fund-Regular Growth;INF209KB16B1;;12.7352;;;13-Jan-2026
149201;Aditya Birla Sun Life Nifty SDL Plus PSU Bond SEP 2026 60:40 Index Fund-Regular IDCW;INF209KB17B9;;12.7361;;;13-Jan-2026
151562;Aditya Birla Sun Life Nifty SDL SEP 2027 Index Fund-Direct Growth;INF209KB16T3;;12.4996;;;13-Jan-2026
151563;Aditya Birla Sun Life Nifty SDL SEP 2027 Index Fund-Direct IDCW;INF209KB17T1;;12.4986;;;13-Jan-2026
151560;Aditya Birla Sun Life Nifty SDL SEP 2027 Index Fund-Regular Growth;INF209KB14T8;;12.4114;;;13-Jan-2026
151561;Aditya Birla Sun Life Nifty SDL SEP 2027 Index Fund-Regular IDCW;INF209KB15T5;;12.4113;;;13-Jan-2026
148814;Aditya Birla Sun Life Nifty Smallcap 50 Index Fund-Direct - Payout of IDCW;INF209KB1W25;INF209KB1W33;20.6546;;;13-Jan-2026
148815;Aditya Birla Sun Life Nifty Smallcap 50 Index Fund-Direct Growth;INF209KB1W17;;20.6583;;;13-Jan-2026
148812;Aditya Birla Sun Life Nifty Smallcap 50 Index Fund-Regular - Payout of IDCW;INF209KB1V91;INF209KB1W09;20.0638;;;13-Jan-2026
148811;Aditya Birla Sun Life Nifty Smallcap 50 Index Fund-Regular Growth;INF209KB1V83;;20.0618;;;13-Jan-2026

Angel One Mutual Fund
153529;ANGEL ONE NIFTY 50 INDEX FUND-DIRECT-GROWTH;INF1J2R01072;;10.5263;;;13-Jan-2026
153530;ANGEL ONE NIFTY 50 INDEX FUND-REGULAR-GROWTH;INF1J2R01080;;10.4922;;;13-Jan-2026
153330;ANGEL ONE NIFTY TOTAL MARKET INDEX FUND DIRECT PLAN GROWTH OPTION;INF1J2R01023;;11.8398;;;13-Jan-2026
153331;ANGEL ONE NIFTY TOTAL MARKET INDEX FUND REGULAR PLAN GROWTH OPTION;INF1J2R01031;;11.7623;;;13-Jan-2026
153956;ANGEL ONE NIFTY TOTAL MARKET MOMENTUM QUALITY 50 INDEX FUND - DIRECT GROWTH;INF1J2R01122;;9.5806;;;13-Jan-2026
153955;ANGEL ONE NIFTY TOTAL MARKET MOMENTUM QUALITY 50 INDEX FUND - REGULAR GROWTH;INF1J2R01130;;9.5707;;;13-Jan-2026

Axis Mutual Fund
152422;Axis BSE Sensex Index Fund - Direct Plan - Growth;INF846K012V6;;11.6723;;;13-Jan-2026
152424;Axis BSE Sensex Index Fund - Direct Plan - IDCW;INF846K013V4;INF846K015V9;11.6723;;;13-Jan-2026
152421;Axis BSE Sensex Index Fund - Regular Plan - Growth;INF846K014V2;;11.5487;;;13-Jan-2026
152423;Axis BSE Sensex Index Fund - Regular Plan - IDCW;INF846K010V0;INF846K011V8;11.5487;;;13-Jan-2026
151300;Axis CRISIL IBX 50:50 Gilt Plus SDL June 2028 Index Fund - Direct Plan - Growth;INF846K010N7;;12.5369;;;13-Jan-2026
151299;Axis CRISIL IBX 50:50 Gilt Plus SDL June 2028 Index Fund - Direct Plan - IDCW;INF846K011N5;INF846K012N3;12.5403;;;13-Jan-2026
151297;Axis CRISIL IBX 50:50 Gilt Plus SDL June 2028 Index Fund - Regular Plan - Growth;INF846K013N1;;12.4661;;;13-Jan-2026
151298;Axis CRISIL IBX 50:50 Gilt Plus SDL June 2028 Index Fund - Regular Plan - IDCW;INF846K014N9;INF846K015N6;12.4661;;;13-Jan-2026
151436;AXIS CRISIL IBX 50:50 Gilt Plus SDL September 2027 Index Fund- DIRECT PLAN- IDCW;INF846K013O9;INF846K014O7;12.4960;;;13-Jan-2026
151435;AXIS CRISIL IBX 50:50 Gilt Plus SDL September 2027 Index Fund- DIRECT PLAN-GROWTH;INF846K012O1;;12.4963;;;13-Jan-2026
151433;AXIS CRISIL IBX 50:50 Gilt Plus SDL September 2027 Index Fund- REGULAR PLAN-GROWTH;INF846K015O4;;12.4234;;;13-Jan-2026
151434;AXIS CRISIL IBX 50:50 Gilt Plus SDL September 2027 Index Fund- REGULAR PLAN-IDCW;INF846K016O2;INF846K017O0;12.4232;;;13-Jan-2026
152515;Axis CRISIL IBX SDL June 2034 Debt Index Fund - Direct Plan - Growth Option;INF846K019V1;;11.2975;;;13-Jan-2026
152514;Axis CRISIL IBX SDL June 2034 Debt Index Fund - Direct Plan - IDCW Option;INF846K010W8;INF846K011W6;11.2974;;;13-Jan-2026
152516;Axis CRISIL IBX SDL June 2034 Debt Index Fund - Regular Plan - Growth Option;INF846K016V7;;11.2672;;;13-Jan-2026
152513;Axis CRISIL IBX SDL June 2034 Debt Index Fund - Regular Plan - IDCW Option;INF846K017V5;INF846K018V3;11.2670;;;13-Jan-2026
149873;Axis CRISIL IBX SDL May 2027 Index Fund - Direct Plan - Growth;INF846K017G6;;12.7491;;;13-Jan-2026
149874;Axis CRISIL IBX SDL May 2027 Index Fund - Direct Plan - IDCW;INF846K018G4;INF846K019G2;12.7486;;;13-Jan-2026
149872;Axis CRISIL IBX SDL May 2027 Index Fund - Regular Plan - Growth;INF846K010H9;;12.6791;;;13-Jan-2026
149875;Axis CRISIL IBX SDL May 2027 Index Fund - Regular Plan - IDCW;INF846K011H7;INF846K012H5;12.6792;;;13-Jan-2026
153051;Axis CRISIL-IBX AAA Bond Financial Services - Sep 2027 Index Fund - Direct Plan - Growth Option;INF846K015Y3;;10.9308;;;13-Jan-2026
153052;Axis CRISIL-IBX AAA Bond Financial Services - Sep 2027 Index Fund - Direct Plan - IDCW Option;INF846K017Y9;INF846K019Y5;10.9308;;;13-Jan-2026
153050;Axis CRISIL-IBX AAA Bond Financial Services - Sep 2027 Index Fund - Regular Plan - Growth Option;INF846K014Y6;;10.9184;;;13-Jan-2026
153053;Axis CRISIL-IBX AAA Bond Financial Services - Sep 2027 Index Fund - Regular Plan - IDCW Option;INF846K016Y1;INF846K018Y7;10.9183;;;13-Jan-2026
152887;Axis CRISIL-IBX AAA Bond NBFC - Jun 2027 Index Fund - Direct Plan - Growth Option;INF846K017X1;;11.0850;;;13-Jan-2026
152888;Axis CRISIL-IBX AAA Bond NBFC - Jun 2027 Index Fund - Direct Plan - IDCW Option;INF846K019X7;INF846K011Y2;11.0850;;;13-Jan-2026
152886;Axis CRISIL-IBX AAA Bond NBFC - Jun 2027 Index Fund - Regular Plan - Growth Option;INF846K016X3;;11.0379;;;13-Jan-2026
152885;Axis CRISIL-IBX AAA Bond NBFC - Jun 2027 Index Fund - Regular Plan - IDCW Option;INF846K018X9;INF846K010Y4;11.0379;;;13-Jan-2026
153172;Axis CRISIL-IBX AAA Bond NBFC-HFC - Jun 2027 Index Fund - Direct Plan - Growth option;INF846KA1028;;10.8732;;;13-Jan-2026
153173;Axis CRISIL-IBX AAA Bond NBFC-HFC - Jun 2027 Index Fund - Direct Plan - IDCW option;INF846K018Z4;INF846KA1010;10.8805;;;13-Jan-2026
153174;Axis CRISIL-IBX AAA Bond NBFC-HFC - Jun 2027 Index Fund - Regular Plan - Growth option;INF846K016Z8;;10.8556;;;13-Jan-2026
153175;Axis CRISIL-IBX AAA Bond NBFC-HFC - Jun 2027 Index Fund - Regular Plan - IDCW option;INF846K017Z6;INF846K019Z2;10.8556;;;13-Jan-2026
153879;Axis CRISIL-IBX Financial Services 3-6 Months Debt Index Fund - Direct Plan - Growth option;INF846KA1226;;10.1787;;;13-Jan-2026
153882;Axis CRISIL-IBX Financial Services 3-6 Months Debt Index Fund - Direct Plan - IDCW option;INF846KA1242;INF846KA1267;10.1787;;;13-Jan-2026
153880;Axis CRISIL-IBX Financial Services 3-6 Months Debt Index Fund - Regular Plan - Growth option;INF846KA1218;;10.1743;;;13-Jan-2026
153881;Axis CRISIL-IBX Financial Services 3-6 Months Debt Index Fund - Regular Plan - IDCW option;INF846KA1234;INF846KA1259;10.1740;;;13-Jan-2026
147666;Axis Nifty 100 Index Fund - Direct Plan - Growth Option;INF846K01S29;;23.4232;;;13-Jan-2026
147668;Axis Nifty 100 Index Fund - Direct Plan - IDCW;INF846K01S37;INF846K01S45;23.4565;;;13-Jan-2026
147665;Axis Nifty 100 Index Fund - Regular Plan - Growth Option;INF846K01S52;;22.3259;;;13-Jan-2026
147667;Axis Nifty 100 Index Fund - Regular Plan - IDCW;INF846K01S60;INF846K01S78;22.3273;;;13-Jan-2026
149373;Axis Nifty 50 Index Fund - Direct Plan - Growth;INF846K013D2;;15.5268;;;13-Jan-2026
149374;Axis Nifty 50 Index Fund - Direct Plan - IDCW;INF846K014D0;INF846K015D7;15.5268;;;13-Jan-2026
149371;Axis Nifty 50 Index Fund - Regular Plan - Growth Option;INF846K016D5;;15.3436;;;13-Jan-2026
149372;Axis Nifty 50 Index Fund - Regular Plan - IDCW;INF846K017D3;INF846K018D1;15.3436;;;13-Jan-2026
152731;Axis Nifty 500 Index Fund - Direct Plan - Growth Option;INF846K019W9;;10.2763;;;13-Jan-2026
152730;Axis Nifty 500 Index Fund - Regular Plan - Growth Option;INF846K018W1;;10.1378;;;13-Jan-2026
152629;Axis Nifty Bank Index Fund - Direct Plan - Growth Option;INF846K015W7;;12.2697;;;13-Jan-2026
152631;Axis Nifty Bank Index Fund - Direct Plan - IDCW Option;INF846K016W5;INF846K017W3;12.2697;;;13-Jan-2026
152632;Axis Nifty Bank Index Fund - Regular Plan - Growth Option;INF846K012W4;;12.0988;;;13-Jan-2026
152630;Axis Nifty Bank Index Fund - Regular Plan - IDCW Option;INF846K013W2;INF846K014W0;12.0988;;;13-Jan-2026
151785;Axis Nifty IT Index Fund - Direct Plan - Growth;INF846K017R3;;13.3011;;;13-Jan-2026
151786;Axis Nifty IT Index Fund - Direct Plan - IDCW;INF846K018R1;INF846K019R9;13.3011;;;13-Jan-2026
151787;Axis Nifty IT Index Fund - Regular Plan - Growth;INF846K010S6;;13.0762;;;13-Jan-2026
151784;Axis Nifty IT Index Fund - Regular Plan - IDCW;INF846K011S4;INF846K012S2;13.0762;;;13-Jan-2026
149936;Axis Nifty Midcap 50 Index Fund - Direct Plan - Growth Option;INF846K019H0;;20.6860;;;13-Jan-2026
149935;Axis Nifty Midcap 50 Index Fund - Direct Plan - IDCW Option;INF846K010I7;INF846K011I5;20.6853;;;13-Jan-2026
149938;Axis Nifty Midcap 50 Index Fund - Regular Plan - Growth Option;INF846K012I3;;20.1121;;;13-Jan-2026
149937;Axis Nifty Midcap 50 Index Fund - Regular Plan - IDCW Option;INF846K013I1;INF846K014I9;20.1122;;;13-Jan-2026
149466;Axis Nifty Next 50 Index Fund - Direct Plan - Growth;INF846K019E7;;16.9238;;;13-Jan-2026
149469;Axis Nifty Next 50 Index Fund - Direct Plan - IDCW;INF846K010F3;INF846K011F1;16.9235;;;13-Jan-2026
149467;Axis Nifty Next 50 Index Fund - Regular Plan - Growth;INF846K012F9;;16.4835;;;13-Jan-2026
149468;Axis Nifty Next 50 Index Fund - Regular Plan - IDCW;INF846K013F7;INF846K014F5;16.4835;;;13-Jan-2026
150854;Axis Nifty SDL September 2026 Debt Index Fund - Direct Plan - Growth;INF846K018K6;;12.5700;;;13-Jan-2026
150852;Axis Nifty SDL September 2026 Debt Index Fund - Direct Plan - IDCW;INF846K019K4;INF846K010L1;12.5701;;;13-Jan-2026
150853;Axis Nifty SDL September 2026 Debt Index Fund - Regular Plan -  IDCW;INF846K012L7;INF846K013L5;12.5191;;;13-Jan-2026
150851;Axis Nifty SDL September 2026 Debt Index Fund - Regular Plan - Growth;INF846K011L9;;12.5191;;;13-Jan-2026
149894;Axis Nifty Smallcap 50 Index Fund - Direct Plan - Growth Option;INF846K013H3;;17.9497;;;13-Jan-2026
149895;Axis Nifty Smallcap 50 Index Fund - Direct Plan - IDCW;INF846K014H1;INF846K015H8;17.9496;;;13-Jan-2026
149896;Axis Nifty Smallcap 50 Index Fund - Regular Plan - Growth Option;INF846K016H6;;17.4501;;;13-Jan-2026
149897;Axis Nifty Smallcap 50 Index Fund - Regular Plan - IDCW;INF846K017H4;INF846K018H2;17.4501;;;13-Jan-2026
153244;Axis Nifty500 Momentum 50 Index Fund - Direct Plan - Growth Option;INF846KA1044;;10.6913;;;13-Jan-2026
153245;Axis Nifty500 Momentum 50 Index Fund - Regular Plan - Growth Option;INF846KA1036;;10.6041;;;13-Jan-2026
153829;Axis Nifty500 Quality 50 Index Fund - Direct Plan - Growth Option;INF846KA1200;;9.6355;;;13-Jan-2026
153830;Axis Nifty500 Quality 50 Index Fund - Regular Plan - Growth Option;INF846KA1192;;9.6056;;;13-Jan-2026
152949;Axis Nifty500 Value 50 Index Fund - Direct Plan - Growth Option;INF846K013Y8;;11.0431;;;13-Jan-2026
152950;Axis Nifty500 Value 50 Index Fund - Regular Plan - Growth Option;INF846K012Y0;;10.9250;;;13-Jan-2026

Bajaj Finserv Mutual Fund
153506;Bajaj Finserv Nifty 50 Index Fund - Direct - Growth;INF0QA701BA9;;10.4242;;;13-Jan-2026
153505;Bajaj Finserv Nifty 50 Index Fund - Direct - IDCW;INF0QA701BB7;INF0QA701BC5;10.4242;;;13-Jan-2026
153508;Bajaj Finserv Nifty 50 Index Fund - Regular - Growth;INF0QA701AY1;;10.3790;;;13-Jan-2026
153507;Bajaj Finserv Nifty 50 Index Fund - Regular - IDCW;INF0QA701BJ0;INF0QA701AZ8;10.3790;;;13-Jan-2026
153479;Bajaj Finserv Nifty Next 50 Index Fund - Direct - Growth;INF0QA701BG6;;10.9219;;;13-Jan-2026
153478;Bajaj Finserv Nifty Next 50 Index Fund - Direct - IDCW;INF0QA701BH4;INF0QA701BI2;10.9219;;;13-Jan-2026
153480;Bajaj Finserv Nifty Next 50 Index Fund - Regular - Growth;INF0QA701BD3;;10.8739;;;13-Jan-2026
153481;Bajaj Finserv Nifty Next 50 Index Fund - Regular - IDCW;INF0QA701BE1;INF0QA701BF8;10.8739;;;13-Jan-2026

Bandhan Mutual Fund
152844;Bandhan BSE Healthcare Index Fund Direct Plan - Growth;INF194KB1IS2;;10.0016;;;13-Jan-2026
152843;Bandhan BSE Healthcare Index Fund Regular Plan - Growth;INF194KB1IR4;;9.8936;;;13-Jan-2026
153838;Bandhan BSE India Sector Leaders Index Fund - Direct Plan - Growth;INF194KB1KB4;;9.9610;;;13-Jan-2026
153839;Bandhan BSE India Sector Leaders Index Fund - Regular Plan - Growth;INF194KB1KA6;;9.9379;;;13-Jan-2026
150871;BANDHAN CRISIL IBX 90:10 SDL PLUS GILT APRIL 2032 INDEX FUND - DIRECT GROWTH;INF194KB1EN2;;12.7139;;;13-Jan-2026
150872;BANDHAN CRISIL IBX 90:10 SDL PLUS GILT APRIL 2032 INDEX FUND - DIRECT IDCW;INF194KB1EO0;INF194KB1EP7;10.7308;;;13-Jan-2026
150873;BANDHAN CRISIL IBX 90:10 SDL PLUS GILT APRIL 2032 INDEX FUND - REGULAR GROWTH;INF194KB1EQ5;;12.6454;;;13-Jan-2026
150874;BANDHAN CRISIL IBX 90:10 SDL PLUS GILT APRIL 2032 INDEX FUND - REGULAR IDCW;INF194KB1ER3;INF194KB1ES1;10.6665;;;13-Jan-2026
150868;BANDHAN CRISIL IBX 90:10 SDL PLUS GILT - NOV 2026 INDEX FUND - DIRECT GROWTH;INF194KB1ET9;;12.6075;;;13-Jan-2026
150867;BANDHAN CRISIL IBX 90:10 SDL PLUS GILT - NOV 2026 INDEX FUND - DIRECT IDCW;INF194KB1EU7;INF194KB1EV5;10.5335;;;13-Jan-2026
150869;BANDHAN CRISIL IBX 90:10 SDL PLUS GILT - NOV 2026 INDEX FUND - REGULAR GROWTH;INF194KB1EW3;;12.5080;;;13-Jan-2026
150870;BANDHAN CRISIL IBX 90:10 SDL PLUS GILT - NOV 2026 INDEX FUND - REGULAR IDCW;INF194KB1EX1;INF194KB1EY9;10.3913;;;13-Jan-2026
150888;BANDHAN CRISIL IBX 90:10 SDL PLUS GILT - SEP27 INDEX FUND - DIRECT GROWTH;INF194KB1EZ6;;12.6687;;;13-Jan-2026
150889;BANDHAN CRISIL IBX 90:10 SDL PLUS GILT SEP27 INDEX FUND - DIRECT IDCW;INF194KB1FA6;INF194KB1FB4;10.4503;;;13-Jan-2026
150890;BANDHAN CRISIL IBX 90:10 SDL PLUS GILT SEP27 INDEX FUND - REGULAR GROWTH;INF194KB1FC2;;12.5696;;;13-Jan-2026
150891;BANDHAN CRISIL IBX 90:10 SDL PLUS GILT SEP27 INDEX FUND - REGULAR IDCW;INF194KB1FD0;INF194KB1FE8;10.4415;;;13-Jan-2026
150746;BANDHAN CRISIL IBX GILT APRIL 2026 INDEX FUND - DIRECT PLAN - GROWTH;INF194KB1EH4;;12.5755;;;13-Jan-2026
150747;BANDHAN CRISIL IBX GILT APRIL 2026 INDEX FUND - DIRECT PLAN - IDCW;INF194KB1EI2;INF194KB1EJ0;10.5590;;;13-Jan-2026
150744;BANDHAN CRISIL IBX GILT APRIL 2026 INDEX FUND - REGULAR PLAN - GROWTH;INF194KB1EK8;;12.4738;;;13-Jan-2026
150745;BANDHAN CRISIL IBX GILT APRIL 2026 INDEX FUND - REGULAR PLAN - IDCW;INF194KB1EL6;INF194KB1EM4;10.4636;;;13-Jan-2026
148792;BANDHAN CRISIL IBX Gilt April 2028 Index Fund Direct Plan-Growth;INF194KB1BV1;;13.5446;;;13-Jan-2026
148791;BANDHAN CRISIL IBX Gilt April 2028 Index Fund Direct Plan-IDCW;INF194KB1BW9;INF194KB1BX7;10.3510;;;13-Jan-2026
148790;BANDHAN CRISIL IBX Gilt April 2028 Index Fund Regular Plan-Growth;INF194KB1BS7;;13.3826;;;13-Jan-2026
148793;BANDHAN CRISIL IBX Gilt April 2028 Index Fund Regular Plan-IDCW;INF194KB1BT5;INF194KB1BU3;10.3501;;;13-Jan-2026
151408;BANDHAN CRISIL IBX GILT APRIL 2032 INDEX FUND - DIRECT GROWTH;INF194KB1FF5;;12.6692;;;13-Jan-2026
151411;BANDHAN CRISIL IBX GILT APRIL 2032 INDEX FUND - DIRECT IDCW;INF194KB1FG3;INF194KB1FH1;11.0214;;;13-Jan-2026
151409;BANDHAN CRISIL IBX GILT APRIL 2032 INDEX FUND - REGULAR GROWTH;INF194KB1FI9;;12.5763;;;13-Jan-2026
151410;BANDHAN CRISIL IBX GILT APRIL 2032 INDEX FUND - REGULAR IDCW;INF194KB1FJ7;INF194KB1FK5;10.8504;;;13-Jan-2026
148789;BANDHAN CRISIL IBX Gilt June 2027 Index Fund Direct Plan-Growth;INF194KB1BP3;;13.4487;;;13-Jan-2026
148788;BANDHAN CRISIL IBX Gilt June 2027 Index Fund Direct Plan-IDCW;INF194KB1BQ1;INF194KB1BR9;10.3260;;;13-Jan-2026
148786;BANDHAN CRISIL IBX Gilt June 2027 Index Fund Regular Plan-Growth;INF194KB1BL2;;13.2877;;;13-Jan-2026
148787;BANDHAN CRISIL IBX Gilt June 2027 Index Fund Regular Plan-IDCW;INF194KB1BM0;INF194KB1BO6;10.3172;;;13-Jan-2026
153389;Bandhan CRISIL-IBX 10:90 Gilt Plus SDL Index - Dec 2029 Fund-Direct Plan-Growth;INF194KB1JL5;;10.6702;;;13-Jan-2026
153390;Bandhan CRISIL-IBX 10:90 Gilt Plus SDL Index - Dec 2029 Fund-Direct Plan-IDCW;INF194KB1JM3;INF194KB1JN1;10.6702;;;13-Jan-2026
153391;Bandhan CRISIL-IBX 10:90 Gilt Plus SDL Index - Dec 2029 Fund-Regular Plan-Growth;INF194KB1JO9;;10.6456;;;13-Jan-2026
153392;Bandhan CRISIL-IBX 10:90 Gilt Plus SDL Index - Dec 2029 Fund-Regular Plan-IDCW;INF194KB1JP6;INF194KB1JQ4;10.6456;;;13-Jan-2026
153407;Bandhan CRISIL-IBX Financial Services 3-6 Months Debt Index Fund - Direct Plan - Growth;INF194KB1JR2;;10.5847;;;13-Jan-2026
153408;Bandhan CRISIL-IBX Financial Services 3-6 Months Debt Index Fund - Regular Plan - Growth;INF194KB1JS0;;10.5398;;;13-Jan-2026
149832;BANDHAN NIFTY 100 INDEX FUND - DIRECT PLAN - GROWTH;INF194KB1CR7;;15.6825;;;13-Jan-2026
149835;BANDHAN NIFTY 100 INDEX FUND - DIRECT PLAN - IDCW;INF194KB1CS5;INF194KB1CT3;15.6792;;;13-Jan-2026
149833;BANDHAN NIFTY 100 INDEX FUND - REGULAR PLAN - GROWTH;INF194KB1CO4;;15.3847;;;13-Jan-2026
149834;BANDHAN NIFTY 100 INDEX FUND - REGULAR PLAN - IDCW;INF194KB1CP1;INF194KB1CQ9;15.3871;;;13-Jan-2026
153114;Bandhan Nifty 200 Quality 30 Index Fund - Direct Plan - Growth;INF194KB1JA8;;10.0486;;;13-Jan-2026
153113;Bandhan Nifty 200 Quality 30 Index Fund - Regular Plan - Growth;INF194KB1IZ7;;9.9764;;;13-Jan-2026
112877;BANDHAN Nifty 50 Index Fund - Regular Plan - Growth;INF194K01920;;55.4037;;;13-Jan-2026
112878;BANDHAN Nifty 50 Index Fund - Regular Plan - IDCW;INF194K01938;INF194K01946;50.2855;;;13-Jan-2026
118482;BANDHAN Nifty 50 Index Fund-Direct Plan-Growth;INF194K012A8;;57.1848;;;13-Jan-2026
118483;BANDHAN Nifty 50 Index Fund-Direct Plan-IDCW;INF194K013A6;INF194K014A4;51.9747;;;13-Jan-2026
153003;Bandhan Nifty 500 Momentum 50 Index Fund Direct Plan-Growth;INF194KB1IY0;;8.6748;;;13-Jan-2026
153002;Bandhan Nifty 500 Momentum 50 Index Fund Regular Plan-Growth;INF194KB1IX2;;8.6069;;;13-Jan-2026
152990;Bandhan Nifty 500 Value 50 Index Fund Direct Plan - Growth;INF194KB1IW4;;10.9597;;;13-Jan-2026
152991;Bandhan Nifty 500 Value 50 Index Fund Regular Plan - Growth;INF194KB1IV6;;10.8738;;;13-Jan-2026
152177;Bandhan Nifty Alpha 50 Index Fund - Direct Plan - Growth;INF194KB1HA2;;13.0069;;;13-Jan-2026
152178;Bandhan Nifty Alpha 50 Index Fund - Direct Plan - IDCW;INF194KB1HB0;INF194KB1HC8;12.9998;;;13-Jan-2026
152179;Bandhan Nifty Alpha 50 Index Fund - Regular Plan - Growth;INF194KB1GX6;;12.8166;;;13-Jan-2026
152180;Bandhan Nifty Alpha 50 Index Fund - Regular Plan - IDCW;INF194KB1GY4;INF194KB1GZ1;12.8163;;;13-Jan-2026
153213;Bandhan Nifty Alpha Low Volatility 30 Index Fund - Direct Plan - Growth;INF194KB1JC4;;10.3267;;;13-Jan-2026
153212;Bandhan Nifty Alpha Low Volatility 30 Index Fund - Regular Plan - Growth;INF194KB1JB6;;10.2514;;;13-Jan-2026
152793;Bandhan Nifty Bank Index Fund - Direct Plan - Growth;INF194KB1IO1;;11.6749;;;13-Jan-2026
152792;Bandhan Nifty Bank Index Fund - Regular Plan - Growth;INF194KB1IN3;;11.5464;;;13-Jan-2026
152041;Bandhan Nifty IT Index Fund - Direct Plan - Growth;INF194KB1GK3;;12.9014;;;13-Jan-2026
152042;Bandhan Nifty IT Index Fund - Direct Plan - IDCW;INF194KB1GL1;INF194KB1GM9;12.9056;;;13-Jan-2026
152043;Bandhan Nifty IT Index Fund - Regular Plan - Growth;INF194KB1GH9;;12.7046;;;13-Jan-2026
152044;Bandhan Nifty IT Index Fund - Regular Plan - IDCW;INF194KB1GI7;INF194KB1GJ5;12.7034;;;13-Jan-2026
152855;Bandhan Nifty Midcap 150 Index Fund-Direct Plan-Growth;INF194KB1IT0;;9.9691;;;13-Jan-2026
152856;Bandhan Nifty Midcap 150 Index Fund-Regular Plan-Growth;INF194KB1IU8;;9.8773;;;13-Jan-2026
153350;Bandhan Nifty Next 50 Index Fund - Direct Plan - Growth;INF194KB1JK7;;12.0341;;;13-Jan-2026
153349;Bandhan Nifty Next 50 Index Fund - Regular Plan - Growth;INF194KB1JJ9;;11.9521;;;13-Jan-2026
152264;BANDHAN Nifty Smallcap 250 Index Fund - Direct Plan - Growth;INF194KB1HG9;;11.7467;;;13-Jan-2026
152263;BANDHAN Nifty Smallcap 250 Index Fund - Direct Plan - IDCW;INF194KB1HH7;INF194KB1HI5;11.7468;;;13-Jan-2026
152266;BANDHAN Nifty Smallcap 250 Index Fund - Regular Plan - Growth;INF194KB1HD6;;11.5802;;;13-Jan-2026
152265;BANDHAN Nifty Smallcap 250 Index Fund - Regular Plan - IDCW;INF194KB1HE4;INF194KB1HF1;11.5806;;;13-Jan-2026
152716;Bandhan Nifty Total Market Index Fund - Direct Plan - Growth;INF194KB1IK9;;10.2428;;;13-Jan-2026
152717;Bandhan Nifty Total Market Index Fund - Regular Plan - Growth;INF194KB1IH5;;10.1421;;;13-Jan-2026
150636;BANDHAN NIFTY100 LOW VOLATILITY 30 INDEX FUND - GROWTH - DIRECT PLAN;INF194KB1DV7;;16.5178;;;13-Jan-2026
150633;BANDHAN NIFTY100 LOW VOLATILITY 30 INDEX FUND - GROWTH - REGULAR PLAN;INF194KB1DY1;;16.1304;;;13-Jan-2026
150634;BANDHAN NIFTY100 LOW VOLATILITY 30 INDEX FUND - IDCW - DIRECT PLAN;INF194KB1DW5;INF194KB1DX3;16.4397;;;13-Jan-2026
150635;BANDHAN NIFTY100 LOW VOLATILITY 30 INDEX FUND - IDCW - REGULAR PLAN;INF194KB1DZ8;INF194KB1EA9;16.1300;;;13-Jan-2026
150591;BANDHAN NIFTY200 MOMENTUM 30 INDEX FUND - GROWTH - DIRECT PLAN;INF194KB1DP9;;15.8012;;;13-Jan-2026
150592;BANDHAN NIFTY200 MOMENTUM 30 INDEX FUND - GROWTH - REGULAR PLAN;INF194KB1DS3;;15.4744;;;13-Jan-2026
150590;BANDHAN NIFTY200 MOMENTUM 30 INDEX FUND - IDCW - DIRECT PLAN;INF194KB1DQ7;INF194KB1DR5;15.7788;;;13-Jan-2026
150593;BANDHAN NIFTY200 MOMENTUM 30 INDEX FUND - IDCW - REGULAR PLAN;INF194KB1DT1;INF194KB1DU9;15.4738;;;13-Jan-2026

Baroda BNP Paribas Mutual Fund
152329;Baroda BNP Paribas Nifty 50 Index Fund - Direct Plan - Growth option;INF251K01SY1;;12.0686;;;13-Jan-2026
152330;Baroda BNP Paribas Nifty 50 Index Fund - Direct Plan - IDCW option;INF251K01SZ8;INF251K01TA9;12.0686;;;13-Jan-2026
152331;Baroda BNP Paribas Nifty 50 Index Fund - Regular Plan - Growth option;INF251K01SV7;;11.9749;;;13-Jan-2026
152328;Baroda BNP Paribas Nifty 50 Index Fund - Regular Plan - IDCW option;INF251K01SW5;INF251K01SX3;11.9749;;;13-Jan-2026
153000;Baroda BNP Paribas Nifty Midcap 150 Index Fund - Direct Plan - Growth Option;INF251K01UA7;;10.5608;;;13-Jan-2026
153001;Baroda BNP Paribas Nifty Midcap 150 Index Fund - Regular Plan - Growth Option;INF251K01UB5;;10.4741;;;13-Jan-2026
151283;Baroda BNP Paribas Nifty SDL December 2026 Index Fund - Direct Plan - Growth Option;INF251K01RL0;;12.4495;;;13-Jan-2026
151279;Baroda BNP Paribas Nifty SDL December 2026 Index Fund - Regular Plan - Growth Option;INF251K01RI6;;12.3390;;;13-Jan-2026
151280;Baroda BNP Paribas Nifty SDL December 2026 Index Fund - Regular Plan - IDCW Option;INF251K01RJ4;;12.3392;;;13-Jan-2026
151574;Baroda BNP Paribas NIFTY SDL December 2028 Index Fund - Direct Plan - Growth Option;INF251K01RR7;;12.5409;;;13-Jan-2026
151575;Baroda BNP Paribas NIFTY SDL December 2028 Index Fund - Direct Plan - IDCW Option;INF251K01RS5;INF251K01RT3;11.7674;;;13-Jan-2026
151576;Baroda BNP Paribas NIFTY SDL December 2028 Index Fund - Regular Plan - Growth Option;INF251K01RO4;;12.4355;;;13-Jan-2026
151573;Baroda BNP Paribas NIFTY SDL December 2028 Index Fund - Regular Plan - IDCW Option;INF251K01RP1;INF251K01RQ9;11.5953;;;13-Jan-2026
152931;Baroda BNP Paribas Nifty200 Momentum 30 Index Fund - Direct Plan - Growth Option;INF251K01TY9;;8.1849;;;13-Jan-2026
152930;Baroda BNP Paribas Nifty200 Momentum 30 Index Fund - Regular Plan - Growth Option;INF251K01TZ6;;8.1216;;;13-Jan-2026

DSP Mutual Fund
153219;DSP BSE SENSEX Next 30 Index Fund - Direct - Growth;INF740KA1VB1;;11.7321;;;13-Jan-2026
153218;DSP BSE SENSEX Next 30 Index Fund - Direct - IDCW;INF740KA1VC9;INF740KA1VD7;11.7321;;;13-Jan-2026
153216;DSP BSE SENSEX Next 30 Index Fund - Regular - Growth;INF740KA1UY5;;11.6626;;;13-Jan-2026
153217;DSP BSE SENSEX Next 30 Index Fund - Regular - IDCW;INF740KA1UZ2;INF740KA1VA3;11.6626;;;13-Jan-2026
151329;DSP CRISIL-IBX 50:50 Gilt Plus SDL - April 2033 Index Fund - Direct - Growth;INF740KA1SB7;;12.6516;;;13-Jan-2026
151328;DSP CRISIL-IBX 50:50 Gilt Plus SDL - April 2033 Index Fund - Direct - IDCW;INF740KA1SC5;INF740KA1SD3;12.6516;;;13-Jan-2026
151327;DSP CRISIL-IBX 50:50 Gilt Plus SDL - April 2033 Index Fund - Regular - Growth;INF740KA1RY1;;12.5557;;;13-Jan-2026
151330;DSP CRISIL-IBX 50:50 Gilt Plus SDL - April 2033 Index Fund - Regular - IDCW;INF740KA1RZ8;INF740KA1SA9;12.5557;;;13-Jan-2026
141877;DSP Nifty 50 Equal Weight Index Fund - Direct Plan - Growth;INF740KA1CR7;;27.6065;;;13-Jan-2026
141878;DSP Nifty 50 Equal Weight Index Fund - Direct Plan - IDCW;INF740KA1CS5;INF740KA1CT3;23.8031;;;13-Jan-2026
141875;DSP Nifty 50 Equal Weight Index Fund - Regular Plan - Growth;INF740KA1CO4;;26.5114;;;13-Jan-2026
141876;DSP Nifty 50 Equal Weight Index Fund - Regular Plan - IDCW;INF740KA1CP1;INF740KA1CQ9;22.8605;;;13-Jan-2026
146376;DSP Nifty 50 Index Fund - Direct Plan - Growth;INF740KA1MM7;;25.2145;;;13-Jan-2026
146377;DSP Nifty 50 Index Fund - Direct Plan - IDCW;INF740KA1MN5;INF740KA1MO3;21.575;;;13-Jan-2026
146379;DSP Nifty 50 Index Fund - Regular Plan - Growth;INF740KA1MJ3;;24.8735;;;13-Jan-2026
146378;DSP Nifty 50 Index Fund - Regular Plan - IDCW;INF740KA1MK1;INF740KA1ML9;21.3964;;;13-Jan-2026
154088;DSP Nifty 500 Index Fund - Direct - Growth;INF740KA1XY9;;9.7563;;;13-Jan-2026
154089;DSP Nifty 500 Index Fund - Direct - IDCW;INF740KA1XZ6;INF740KA1YA7;9.7563;;;13-Jan-2026
154090;DSP Nifty 500 Index Fund - Regular - Growth;INF740KA1XV5;;9.7543;;;13-Jan-2026
154091;DSP Nifty 500 Index Fund - Regular - IDCW;INF740KA1XW3;INF740KA1XX1;9.7543;;;13-Jan-2026
152654;DSP Nifty Bank Index Fund - Direct - Growth;INF740KA1UO6;;12.2363;;;13-Jan-2026
152653;DSP Nifty Bank Index Fund - Regular - Growth;INF740KA1UN8;;12.1081;;;13-Jan-2026
153593;DSP Nifty Healthcare Index Fund - Direct - IDCW;INF740KA1WG8;INF740KA1WH6;10.3536;;;13-Jan-2026
153594;DSP Nifty Healthcare Index Fund - Direct- Growth;INF740KA1WF0;;10.3536;;;13-Jan-2026
153592;DSP Nifty Healthcare Index Fund - Regular - Growth;INF740KA1WC7;;10.3114;;;13-Jan-2026
153595;DSP Nifty Healthcare Index Fund - Regular - IDCW;INF740KA1WD5;INF740KA1WE3;10.3114;;;13-Jan-2026
153590;DSP Nifty IT Index Fund - Direct - Growth;INF740KA1WL8;;9.9031;;;13-Jan-2026
153591;DSP Nifty IT Index Fund - Direct - IDCW;INF740KA1WM6;INF740KA1WN4;9.9031;;;13-Jan-2026
153588;DSP Nifty IT Index Fund - Regular - Growth;INF740KA1WI4;;9.8621;;;13-Jan-2026
153589;DSP Nifty IT Index Fund - Regular - IDCW;INF740KA1WJ2;INF740KA1WK0;9.8621;;;13-Jan-2026
154014;DSP Nifty Midcap 150 Index Fund - Direct - Growth;INF740KA1XB7;;10.0039;;;13-Jan-2026
154015;DSP Nifty Midcap 150 Index Fund - Direct - IDCW;INF740KA1XC5;INF740KA1XD3;10.0039;;;13-Jan-2026
154012;DSP Nifty Midcap 150 Index Fund - Regular - Growth;INF740KA1WY1;;9.9974;;;13-Jan-2026
154013;DSP Nifty Midcap 150 Index Fund - Regular - IDCW;INF740KA1WZ8;INF740KA1XA9;9.9974;;;13-Jan-2026
150428;DSP Nifty Midcap 150 Quality 50 Index Fund - Direct - Growth;INF740KA1RB9;;14.4582;;;13-Jan-2026
150429;DSP Nifty Midcap 150 Quality 50 Index Fund - Direct - IDCW;INF740KA1RC7;INF740KA1RD5;13.7349;;;13-Jan-2026
150427;DSP Nifty Midcap 150 Quality 50 Index Fund - Regular - Growth;INF740KA1QY3;;14.1389;;;13-Jan-2026
150430;DSP Nifty Midcap 150 Quality 50 Index Fund - Regular - IDCW;INF740KA1QZ0;INF740KA1RA1;13.4198;;;13-Jan-2026
146381;DSP Nifty Next 50 Index Fund - Direct Plan - Growth;INF740KA1MG9;;27.0438;;;13-Jan-2026
146382;DSP Nifty Next 50 Index Fund - Direct Plan - IDCW;INF740KA1MH7;INF740KA1MI5;23.3542;;;13-Jan-2026
146380;DSP Nifty Next 50 Index Fund - Regular Plan - Growth;INF740KA1MD6;;26.4558;;;13-Jan-2026
146383;DSP Nifty Next 50 Index Fund - Regular Plan - IDCW;INF740KA1ME4;INF740KA1MF1;22.7921;;;13-Jan-2026
153348;DSP Nifty Private Bank Index Fund - Direct - Growth;INF740KA1VN6;;11.7387;;;13-Jan-2026
153345;DSP Nifty Private Bank Index Fund - Direct - IDCW;INF740KA1VO4;INF740KA1VP1;11.7387;;;13-Jan-2026
153347;DSP Nifty Private Bank Index Fund - Regular - Growth;INF740KA1VK2;;11.6655;;;13-Jan-2026
153346;DSP Nifty Private Bank Index Fund - Regular - IDCW;INF740KA1VL0;INF740KA1VM8;11.6655;;;13-Jan-2026
149970;DSP Nifty SDL Plus G-Sec Jun 2028 30:70 Index Fund - Direct - Growth;INF740KA1QV9;;12.9329;;;13-Jan-2026
149971;DSP Nifty SDL Plus G-Sec Jun 2028 30:70 Index Fund - Direct - IDCW;INF740KA1QW7;INF740KA1QX5;12.9329;;;13-Jan-2026
149968;DSP Nifty SDL Plus G-Sec Jun 2028 30:70 Index Fund - Regular - Growth;INF740KA1QS5;;12.8578;;;13-Jan-2026
149969;DSP Nifty SDL Plus G-Sec Jun 2028 30:70 Index Fund - Regular - IDCW;INF740KA1QT3;INF740KA1QU1;12.8578;;;13-Jan-2026
151373;DSP Nifty SDL Plus G-Sec Sep 2027 50:50 Index Fund - Direct - Growth;INF740KA1SH4;;12.5239;;;13-Jan-2026
151371;DSP Nifty SDL Plus G-Sec Sep 2027 50:50 Index Fund - Direct - IDCW;INF740KA1SI2;INF740KA1SJ0;12.5239;;;13-Jan-2026
151370;DSP Nifty SDL Plus G-Sec Sep 2027 50:50 Index Fund - Regular - Growth;INF740KA1SE1;;12.4595;;;13-Jan-2026
151372;DSP Nifty SDL Plus G-Sec Sep 2027 50:50 Index Fund - Regular - IDCW;INF740KA1SF8;INF740KA1SG6;12.4595;;;13-Jan-2026
154018;DSP Nifty Smallcap 250 Index Fund - Direct - Growth;INF740KA1XH4;;9.9563;;;13-Jan-2026
154019;DSP Nifty Smallcap 250 Index Fund - Direct - IDCW;INF740KA1XI2;INF740KA1XJ0;9.9563;;;13-Jan-2026
154016;DSP Nifty Smallcap 250 Index Fund - Regular - Growth;INF740KA1XE1;;9.9498;;;13-Jan-2026
154017;DSP Nifty Smallcap 250 Index Fund - Regular - IDCW;INF740KA1XF8;INF740KA1XG6;9.9498;;;13-Jan-2026
152243;DSP Nifty Smallcap250 Quality 50 Index Fund - Direct - Growth;INF740KA1TW1;;10.9616;;;13-Jan-2026
152244;DSP Nifty Smallcap250 Quality 50 Index Fund - Direct - IDCW;INF740KA1TX9;INF740KA1TY7;10.9616;;;13-Jan-2026
152245;DSP Nifty Smallcap250 Quality 50 Index Fund - Regular - Growth;INF740KA1TT7;;10.8058;;;13-Jan-2026
152242;DSP Nifty Smallcap250 Quality 50 Index Fund - Regular - IDCW;INF740KA1TU5;INF740KA1TV3;10.2193;;;13-Jan-2026
152814;DSP Nifty Top 10 Equal Weight Index Fund - Direct - Growth;INF740KA1UQ1;;10.0936;;;13-Jan-2026
152813;DSP Nifty Top 10 Equal Weight Index Fund - Regular - Growth;INF740KA1UP3;;9.9976;;;13-Jan-2026
153801;DSP Nifty500 Flexicap Quality 30 Index Fund - Direct - Growth;INF740KA1WR5;;10.2433;;;13-Jan-2026
153800;DSP Nifty500 Flexicap Quality 30 Index Fund - Direct - IDCW;INF740KA1WS3;INF740KA1WT1;10.2433;;;13-Jan-2026
153802;DSP Nifty500 Flexicap Quality 30 Index Fund - Regular - Growth;INF740KA1WO2;;10.2165;;;13-Jan-2026
153803;DSP Nifty500 Flexicap Quality 30 Index Fund - Regular - IDCW;INF740KA1WP9;INF740KA1WQ7;10.2165;;;13-Jan-2026

Edelweiss Mutual Fund
153497;Edelweiss BSE Internet Economy Index Fund - Direct Plan - Growth;INF754K01UX2;;10.8283;;;13-Jan-2026
153494;Edelweiss BSE Internet Economy Index Fund - Direct Plan - IDCW;INF754K01UY0;INF754K01UZ7;10.8283;;;13-Jan-2026
153495;Edelweiss BSE Internet Economy Index Fund - Regular Plan - Growth;INF754K01VB6;;10.7773;;;13-Jan-2026
153496;Edelweiss BSE Internet Economy Index Fund - Regular Plan - IDCW;INF754K01VC4;INF754K01VD2;10.7773;;;13-Jan-2026
150671;Edelweiss CRISIL IBX 50:50 Gilt Plus SDL April 2037 Index Fund - Direct Plan - Growth;INF754K01PF9;;13.0189;;;13-Jan-2026
150722;Edelweiss CRISIL IBX 50:50 Gilt Plus SDL April 2037 Index Fund - Direct Plan - IDCW Option;INF754K01PG7;INF754K01PH5;13.0189;;;13-Jan-2026
150720;Edelweiss CRISIL IBX 50:50 Gilt Plus SDL April 2037 Index Fund - Regular Plan - Growth;INF754K01PB8;;12.9018;;;13-Jan-2026
150721;Edelweiss CRISIL IBX 50:50 Gilt Plus SDL April 2037 Index Fund - Regular Plan - IDCW Option;INF754K01PC6;INF754K01PD4;12.9021;;;13-Jan-2026
150727;Edelweiss CRISIL IBX 50:50 Gilt Plus SDL June 2027 Index Fund - Direct Plan - Growth;INF754K01PN3;;12.7906;;;13-Jan-2026
150770;Edelweiss CRISIL IBX 50:50 Gilt Plus SDL June 2027 Index Fund - Direct Plan - IDCW;INF754K01PO1;INF754K01PP8;12.7901;;;13-Jan-2026
150771;Edelweiss CRISIL IBX 50:50 Gilt Plus SDL June 2027 Index Fund - Regular Plan - Growth;INF754K01PJ1;;12.6893;;;13-Jan-2026
150772;Edelweiss CRISIL IBX 50:50 Gilt Plus SDL June 2027 Index Fund - Regular Plan - IDCW;INF754K01PK9;INF754K01PL7;12.6898;;;13-Jan-2026
150807;Edelweiss CRISIL IBX 50:50 Gilt Plus SDL Sep 2028 Index Fund - Direct Plan - Growth;INF754K01PV6;;12.8806;;;13-Jan-2026
150850;Edelweiss CRISIL IBX 50:50 Gilt Plus SDL Sep 2028 Index Fund - Direct Plan - IDCW;INF754K01PW4;INF754K01PX2;12.8808;;;13-Jan-2026
150848;Edelweiss CRISIL IBX 50:50 Gilt Plus SDL Sep 2028 Index Fund - Regular Plan - Growth;INF754K01PR4;;12.7741;;;13-Jan-2026
150849;Edelweiss CRISIL IBX 50:50 Gilt Plus SDL Sep 2028 Index Fund - Regular Plan - IDCW;INF754K01PS2;INF754K01PT0;12.774;;;13-Jan-2026
151365;Edelweiss CRISIL IBX 50:50 Gilt Plus SDL Short Duration Index fund - Direct Plan - Growth;INF754K01RK5;;12.468;;;13-Jan-2026
151397;Edelweiss CRISIL IBX 50:50 Gilt Plus SDL Short Duration Index fund - Direct Plan - IDCW;INF754K01RL3;INF754K01RM1;12.4683;;;13-Jan-2026
151398;Edelweiss CRISIL IBX 50:50 Gilt Plus SDL Short Duration Index fund - Regular Plan - Growth;INF754K01RG3;;12.3124;;;13-Jan-2026
151399;Edelweiss CRISIL IBX 50:50 Gilt Plus SDL Short Duration Index fund - Regular Plan - IDCW;INF754K01RH1;INF754K01RI9;12.3132;;;13-Jan-2026
153335;Edelweiss CRISIL IBX AAA Bond NBFC HFC Jun 2027 Index Fund - Direct Plan - Growth Option;INF754K01UG7;;10.7572;;;13-Jan-2026
153333;Edelweiss CRISIL IBX AAA Bond NBFC HFC Jun 2027 Index Fund - Direct Plan - IDCW Option;INF754K01UH5;INF754K01UI3;10.7572;;;13-Jan-2026
153334;Edelweiss CRISIL IBX AAA Bond NBFC HFC Jun 2027 Index Fund - Regular Plan - Growth Option;INF754K01UK9;;10.7377;;;13-Jan-2026
153336;Edelweiss CRISIL IBX AAA Bond NBFC HFC Jun 2027 Index Fund - Regular Plan - IDCW Option;INF754K01UL7;INF754K01UM5;10.7377;;;13-Jan-2026
153115;Edelweiss CRISIL IBX AAA Financial Services - Jan 2028 Index Fund - Direct - Growth;INF754K01TP0;;10.947;;;13-Jan-2026
153128;Edelweiss CRISIL IBX AAA Financial Services - Jan 2028 Index Fund - Direct - IDCW - Payout;INF754K01TQ8;INF754K01TR6;10.947;;;13-Jan-2026
153130;Edelweiss CRISIL IBX AAA Financial Services - Jan 2028 Index Fund - Regular - Growth;INF754K01TT2;;10.92;;;13-Jan-2026
153129;Edelweiss CRISIL IBX AAA Financial Services - Jan 2028 Index Fund - Regular - IDCW - Payout;INF754K01TU0;INF754K01TV8;10.92;;;13-Jan-2026
148556;Edelweiss MSCI India Domestic & World Healthcare 45 Index Fund - Direct Plan - IDCW Option;INF754K01LW3;INF754K01LX1;21.5156;;;13-Jan-2026
148558;Edelweiss MSCI India Domestic & World Healthcare 45 Index Fund - Regular Plan - IDCW Option;INF754K01LS1;INF754K01LT9;20.8863;;;13-Jan-2026
148555;Edelweiss MSCI India Domestic & World Healthcare 45 Index Fund Direct Plan - Growth;INF754K01LV5;;21.5156;;;13-Jan-2026
148557;Edelweiss MSCI India Domestic & World Healthcare 45 index Fund Regular Plan - Growth;INF754K01LR3;;20.8863;;;13-Jan-2026
149254;Edelweiss Nifty 100 Quality 30 Index Fund Direct Plan Growth;INF754K01NJ6;;15.3089;;;13-Jan-2026
149255;Edelweiss Nifty 100 Quality 30 Index Fund Direct Plan IDCW;INF754K01NK4;INF754K01NL2;15.0949;;;13-Jan-2026
149256;Edelweiss Nifty 100 Quality 30 Index Fund Regular Plan Growth;INF754K01NF4;;14.8997;;;13-Jan-2026
149257;Edelweiss Nifty 100 Quality 30 Index Fund Regular Plan IDCW;INF754K01NG2;INF754K01NH0;14.8987;;;13-Jan-2026
149250;Edelweiss Nifty 50 Index Fund Direct Plan Growth;INF754K01NB3;;15.1363;;;13-Jan-2026
149251;Edelweiss Nifty 50 Index Fund Direct Plan IDCW;INF754K01NC1;INF754K01ND9;14.9269;;;13-Jan-2026
149252;Edelweiss Nifty 50 Index Fund Regular Plan Growth;INF754K01MX9;;14.6352;;;13-Jan-2026
149253;Edelweiss Nifty 50 Index Fund Regular Plan IDCW;INF754K01MY7;INF754K01MZ4;14.635;;;13-Jan-2026
152616;Edelweiss Nifty Alpha Low Volatility 30 Index Fund - Direct Plan - Growth;INF754K01SS6;;10.156;;;13-Jan-2026
152619;Edelweiss Nifty Alpha Low Volatility 30 Index Fund - Direct Plan - IDCW Payout;INF754K01ST4;INF754K01SU2;10.156;;;13-Jan-2026
152617;Edelweiss Nifty Alpha Low Volatility 30 Index Fund - Regular Plan - Growth;INF754K01SO5;;10.0308;;;13-Jan-2026
152618;Edelweiss Nifty Alpha Low Volatility 30 Index Fund - Regular Plan - IDCW Payout;INF754K01SP2;INF754K01SQ0;10.0308;;;13-Jan-2026
149343;Edelweiss NIFTY Large Midcap 250 Index Fund - Direct Plan Growth;INF754K01NR9;;17.2712;;;13-Jan-2026
149339;Edelweiss NIFTY Large Midcap 250 Index Fund - Direct Plan Payout;INF754K01NS7;INF754K01NT5;17.2712;;;13-Jan-2026
149341;Edelweiss NIFTY Large Midcap 250 Index Fund - Regular Plan Growth;INF754K01NN8;;16.8103;;;13-Jan-2026
149342;Edelweiss NIFTY Large Midcap 250 Index Fund - Regular Plan Payout;INF754K01NO6;INF754K01NP3;16.8096;;;13-Jan-2026
150902;Edelweiss Nifty Midcap150 Momentum 50 Index Fund - Direct Plan - Growth;INF754K01QD2;;17.8834;;;13-Jan-2026
150903;Edelweiss Nifty Midcap150 Momentum 50 Index Fund - Direct Plan - IDCW;INF754K01QE0;INF754K01QF7;17.8864;;;13-Jan-2026
150900;Edelweiss Nifty Midcap150 Momentum 50 Index Fund - Regular Plan - Growth;INF754K01PZ7;;17.4904;;;13-Jan-2026
150901;Edelweiss Nifty Midcap150 Momentum 50 Index Fund - Regular Plan - IDCW;INF754K01QA8;INF754K01QB6;17.4905;;;13-Jan-2026
150899;Edelweiss Nifty Next 50 Index Fund - Direct Plan - Growth;INF754K01QL5;;15.9169;;;13-Jan-2026
150896;Edelweiss Nifty Next 50 Index Fund - Direct Plan - IDCW;INF754K01QM3;INF754K01QN1;15.9166;;;13-Jan-2026
150897;Edelweiss Nifty Next 50 Index Fund - Regular Plan - Growth;INF754K01QH3;;15.5626;;;13-Jan-2026
150898;Edelweiss Nifty Next 50 Index Fund - Regular Plan - IDCW;INF754K01QI1;INF754K01QJ9;15.5625;;;13-Jan-2026
148794;Edelweiss NIFTY PSU Bond Plus SDL Apr 2026 50: 50 Index Fund - Regular Plan - IDCW Option;INF754K01MA7;INF754K01MB5;13.3686;;;13-Jan-2026
148795;Edelweiss NIFTY PSU Bond Plus SDL Apr 2026 50:50 Index Fund - Direct Plan - Growth;INF754K01MD1;;13.4864;;;13-Jan-2026
148796;Edelweiss NIFTY PSU Bond Plus SDL Apr 2026 50:50 Index Fund - Direct Plan - IDCW Option;INF754K01ME9;INF754K01MF6;13.487;;;13-Jan-2026
148797;Edelweiss NIFTY PSU Bond Plus SDL Apr 2026 50:50 Index Fund - Regular Plan - Growth;INF754K01LZ6;;13.3675;;;13-Jan-2026
149246;Edelweiss NIFTY PSU Bond Plus SDL Apr 2027 50:50 Index Fund - Direct Plan - IDCW;INF754K01MU5;INF754K01MV3;12.895;;;13-Jan-2026
149247;Edelweiss NIFTY PSU Bond Plus SDL Apr 2027 50:50 Index Fund - Direct Plan Growth;INF754K01MT7;;12.8967;;;13-Jan-2026
149249;Edelweiss NIFTY PSU Bond Plus SDL Apr 2027 50:50 Index Fund - Regular Plan - Growth;INF754K01MP5;;12.7914;;;13-Jan-2026
149248;Edelweiss NIFTY PSU Bond Plus SDL Apr 2027 50:50 Index Fund - Regular Plan - IDCW;INF754K01MQ3;INF754K01MR1;12.792;;;13-Jan-2026
150892;Edelweiss Nifty Smallcap 250 Index Fund - Direct Plan - Growth;INF754K01QT8;;16.8478;;;13-Jan-2026
150895;Edelweiss Nifty Smallcap 250 Index Fund - Direct Plan - IDCW;INF754K01QU6;INF754K01QV4;16.8483;;;13-Jan-2026
150894;Edelweiss Nifty Smallcap 250 Index Fund - Regular Plan - Growth;INF754K01QP6;;16.4929;;;13-Jan-2026
150893;Edelweiss Nifty Smallcap 250 Index Fund - Regular Plan - IDCW;INF754K01QQ4;INF754K01QR2;16.4928;;;13-Jan-2026
152985;Edelweiss Nifty500 Multicap Momentum Quality 50 Index Fund - Direct - Growth;INF754K01TN5;;8.9849;;;13-Jan-2026
152982;Edelweiss Nifty500 Multicap Momentum Quality 50 Index Fund - Direct - IDCW - Payout;INF754K01TG9;INF754K01TH7;8.9849;;;13-Jan-2026
152988;Edelweiss Nifty500 Multicap Momentum Quality 50 Index Fund - Regular - Growth;INF754K01TJ3;;8.9121;;;13-Jan-2026
152983;Edelweiss Nifty500 Multicap Momentum Quality 50 Index Fund - Regular - IDCW - Payout;INF754K01TK1;INF754K01TL9;8.9121;;;13-Jan-2026

Franklin Templeton Mutual Fund
118580;Franklin India INDEX FUND- NSE Nifty 50 Index Fund - Direct - IDCW;INF090I01GQ8;INF090I01GR6;198.9694;;;13-Jan-2026
100484;Franklin India Index Fund- NSE Nifty 50 Index Fund - Growth;INF090I01890;;207.6976;;;13-Jan-2026
105067;Franklin India INDEX FUND- NSE NIFTY 50 INDEX FUND - IDCW;INF090I01874;INF090I01882;188.1681;;;13-Jan-2026
118581;Franklin India INDEX FUND- NSE NIFTY 50 INDEX FUND- Direct - Growth;INF090I01GS4;;218.5872;;;13-Jan-2026

Groww Mutual Fund
153704;Groww Nifty 50 Index Fund Direct Growth;INF666M01KT3;;10.2617;;;13-Jan-2026
153709;Groww Nifty 50 Index Fund Direct IDCW;INF666M01KU1;INF666M01KV9;10.2617;;;13-Jan-2026
153710;Groww Nifty 50 Index Fund Regular Growth;INF666M01KW7;;10.2269;;;13-Jan-2026
153711;Groww Nifty 50 Index Fund Regular IDCW;INF666M01LJ2;INF666M01LK0;10.2269;;;13-Jan-2026
153230;Groww Nifty India Railways PSU Index Fund - Direct Plan - Growth;INF666M01JK4;;9.2091;;;13-Jan-2026
153231;Groww Nifty India Railways PSU Index Fund - Direct Plan - IDCW;INF666M01JL2;INF666M01JM0;9.2087;;;13-Jan-2026
153232;Groww Nifty India Railways PSU Index Fund - Regular Plan - Growth;INF666M01JN8;;9.16;;;13-Jan-2026
153233;Groww Nifty India Railways PSU Index Fund - Regular Plan - IDCW;INF666M01JO6;INF666M01JP3;9.157;;;13-Jan-2026
153939;Groww Nifty Midcap 150 Index Fund Direct Growth;INF666M01MP7;;9.808;;;13-Jan-2026
153952;Groww Nifty Midcap 150 Index fund Direct IDCW;INF666M01MQ5;INF666M01MR3;9.8081;;;13-Jan-2026
153953;Groww Nifty Midcap 150 Index Fund Regular Growth;INF666M01MS1;;9.7971;;;13-Jan-2026
153954;Groww Nifty Midcap 150 Index Fund Regular IDCW;INF666M01MT9;INF666M01MU7;9.7971;;;13-Jan-2026
153786;Groww Nifty Next 50 Index Fund Direct Growth;INF666M01LT1;;10.1092;;;13-Jan-2026
153797;Groww Nifty Next 50 Index Fund Direct IDCW;INF666M01LU9;INF666M01LV7;10.1092;;;13-Jan-2026
153798;Groww Nifty Next 50 Index Fund Regular Growth;INF666M01LW5;;10.0817;;;13-Jan-2026
153799;Groww Nifty Next 50 Index Fund Regular IDCW;INF666M01LX3;INF666M01LY1;10.0817;;;13-Jan-2026
152636;Groww Nifty Non-Cyclical Consumer Index Fund - Direct Plan - IDCW;INF666M01IF6;INF666M01IG4;10.6947;;;13-Jan-2026
152637;Groww Nifty Non-Cyclical Consumer Index Fund - Direct Plan Growth;INF666M01IE9;;10.6948;;;13-Jan-2026
152635;Groww Nifty Non-Cyclical Consumer Index Fund - IDCW;INF666M01IC3;INF666M01ID1;10.5894;;;13-Jan-2026
152633;Groww Nifty Non-Cyclical Consumer Index Fund - Regular Plan - Growth;INF666M01IB5;;10.5906;;;13-Jan-2026
152431;Groww Nifty Smallcap 250 Index Fund - Direct Plan - Growth;INF666M01HY9;;10.8018;;;13-Jan-2026
152436;Groww Nifty Smallcap 250 Index Fund - Direct Plan - IDCW;INF666M01HZ6;INF666M01IA7;10.8062;;;13-Jan-2026
152433;Groww Nifty Smallcap 250 Index Fund - Regular Plan - Growth;INF666M01HV5;;10.6939;;;13-Jan-2026
152434;Groww Nifty Smallcap 250 Index Fund - Regular Plan - Regular Plan - IDCW;INF666M01HW3;INF666M01HX1;10.6811;;;13-Jan-2026
152092;Groww Nifty Total Market Index Fund - Direct Plan - Growth;INF666M01HM4;;14.0068;;;13-Jan-2026
152125;Groww Nifty Total Market Index Fund - Direct Plan - IDCW;INF666M01HN2;INF666M01HO0;14.0064;;;13-Jan-2026
152127;Groww Nifty Total Market Index Fund - Regular Plan - Growth;INF666M01HJ0;;13.7864;;;13-Jan-2026
152126;Groww Nifty Total Market Index Fund - Regular Plan - IDCW;INF666M01HK8;INF666M01HL6;13.7872;;;13-Jan-2026

HDFC Mutual Fund
151728;HDFC BSE 500 Index Fund - Growth Option - Direct Plan;INF179KC1GG9;;15.8341;;;13-Jan-2026
151729;HDFC BSE 500 Index Fund - Regular Plan - Growth Option;INF179KC1GH7;;15.5841;;;13-Jan-2026
153958;HDFC BSE India Sector Leaders Index Fund - Regular Plan - Growth Option;INF179KC1JX8;;9.756;;;13-Jan-2026
153959;HDFC BSE India Sector Leaders India Fund - Direct Plan - Growth Option;INF179KC1JY6;;9.7631;;;13-Jan-2026
119065;HDFC BSE Sensex Index Fund - Direct Plan;INF179K01WN9;;795.1235;;;13-Jan-2026
101281;HDFC BSE Sensex Index Fund - Growth Plan;INF179K01LA9;;775.7151;;;13-Jan-2026
153517;HDFC CRISIL-IBX Financial Services 3-6 Months Debt Index Fund - Direct Growth Plan;INF179KC1JK5;;10.46;;;13-Jan-2026
153518;HDFC CRISIL-IBX Financial Services 3-6 Months Debt Index Fund - Regular Growth Plan;INF179KC1JJ7;;10.4471;;;13-Jan-2026
149870;HDFC Nifty 100 Equal Weight Index Fund - Direct Plan - Growth Option;INF179KC1CA1;;17.029;;;13-Jan-2026
149871;HDFC Nifty 100 Equal Weight Index Fund - Growth Option;INF179KC1CB9;;16.7179;;;13-Jan-2026
149868;HDFC NIFTY 100 Index Fund - Direct Plan - Growth Option;INF179KC1BY3;;15.6066;;;13-Jan-2026
149869;HDFC NIFTY 100 Index Fund - Growth Option;INF179KC1BZ0;;15.3081;;;13-Jan-2026
119063;HDFC Nifty 50 Index Fund - Direct Plan;INF179K01WM1;;249.9982;;;13-Jan-2026
101525;HDFC Nifty 50 Index Fund - Growth Plan;INF179K01KZ8;;244.3711;;;13-Jan-2026
151496;HDFC Nifty G-Sec Apr 2029 Index Fund - Growth Option;INF179KC1FR8;;12.5992;;;13-Jan-2026
151495;HDFC Nifty G-Sec Apr 2029 Index Fund - Growth Option - Direct Plan;INF179KC1FQ0;;12.6581;;;13-Jan-2026
150844;HDFC Nifty G-Sec Dec 2026 Index Fund - Growth Option;INF179KC1EG4;;12.5369;;;13-Jan-2026
150845;HDFC Nifty G-Sec Dec 2026 Index Fund - Growth Option - Direct Plan;INF179KC1EE9;;12.5983;;;13-Jan-2026
150846;HDFC Nifty G-Sec July 2031 Index Fund - Growth Option;INF179KC1EI0;;12.8352;;;13-Jan-2026
150847;HDFC Nifty G-Sec July 2031 Index Fund - Growth Option - Direct Plan;INF179KC1EH2;;12.902;;;13-Jan-2026
151180;HDFC Nifty G-Sec Jun 2027 Index Fund - Growth Option;INF179KC1EK6;;12.5279;;;13-Jan-2026
151181;HDFC Nifty G-Sec Jun 2027 Index Fund - Growth Option - Direct Plan;INF179KC1EJ8;;12.5882;;;13-Jan-2026
151490;HDFC Nifty G-Sec Jun 2036 Index Fund - Growth Option;INF179KC1FT4;;12.6804;;;13-Jan-2026
151489;HDFC Nifty G-Sec Jun 2036 Index Fund - Growth Option - Direct Plan;INF179KC1FS6;;12.7483;;;13-Jan-2026
151182;HDFC Nifty G-Sec Sep 2032 Index Fund - Growth Option;INF179KC1EM2;;12.7266;;;13-Jan-2026
151183;HDFC Nifty G-Sec Sep 2032 Index Fund - Growth Option - Direct Plan;INF179KC1EL4;;12.7953;;;13-Jan-2026
153097;HDFC Nifty India Digital Index Fund - Growth Option - Direct;INF179KC1JB4;;9.3886;;;13-Jan-2026
153096;HDFC Nifty India Digital Index Fund - Growth Option - Regular;INF179KC1JA6;;9.3387;;;13-Jan-2026
152890;HDFC NIFTY LargeMidcap 250 Index Fund - Growth Option;INF179KC1IP6;;10.0527;;;13-Jan-2026
152889;HDFC NIFTY LargeMidcap 250 Index Fund - Growth Option - Direct;INF179KC1IQ4;;10.114;;;13-Jan-2026
151725;HDFC NIFTY Midcap 150 Index Fund - Growth Option;INF179KC1GD6;;18.398;;;13-Jan-2026
151724;HDFC NIFTY Midcap 150 Index Fund - Growth Option - Direct Plan;INF179KC1GC8;;18.6905;;;13-Jan-2026
149288;HDFC NIFTY Next 50 Index Fund - Direct Plan - Growth Option;INF179KC1BQ9;;16.1413;;;13-Jan-2026
149287;HDFC NIFTY Next 50 Index Fund - Growth Option;INF179KC1BR7;;15.8492;;;13-Jan-2026
152522;HDFC NIFTY Reality Index Fund - Regular Plan;INF179KC1ID2;;9.5509;;;13-Jan-2026
152521;HDFC NIFTY Realty Index Fund - Direct Plan;INF179KC1IE0;;9.6348;;;13-Jan-2026
151455;HDFC Nifty SDL Oct 2026 Index Fund - Growth Option;INF179KC1FJ5;;12.3595;;;13-Jan-2026
151456;HDFC Nifty SDL Oct 2026 Index Fund - Growth Option - Direct Plan;INF179KC1FI7;;12.4165;;;13-Jan-2026
151571;HDFC NIFTY SDL Plus G-Sec Jun 2027 40:60 Index Fund - Growth Option;INF179KC1GB0;;12.306;;;13-Jan-2026
151570;HDFC NIFTY SDL Plus G-Sec Jun 2027 40:60 Index Fund - Growth Option - Direct Plan;INF179KC1GA2;;12.3576;;;13-Jan-2026
151726;HDFC NIFTY Smallcap 250 Index Fund - Growth Option;INF179KC1GF1;;17.3787;;;13-Jan-2026
151727;HDFC NIFTY Smallcap 250 Index Fund - Growth Option - Direct Plan;INF179KC1GE4;;17.6488;;;13-Jan-2026
153405;HDFC Nifty Top 20 Equal Weight Index Fund - Direct;INF179KC1JI9;;10.9457;;;13-Jan-2026
153404;HDFC Nifty Top 20 Equal Weight Index Fund - Regular Growth;INF179KC1JH1;;10.898;;;13-Jan-2026
152713;HDFC NIFTY100 Low Volatility 30 Index Fund - Direct Plan;INF179KC1IM3;HDFCNIVODG;10.8744;;;13-Jan-2026
152714;HDFC NIFTY100 Low Volatility 30 Index Fund - Regular Plan;INF179KC1IL5;;10.7913;;;13-Jan-2026
153264;HDFC Nifty100 Quality 30 Index Fund - Direct Plan;INF179KC1JF5;;11.275;;;13-Jan-2026
153265;HDFC Nifty100 Quality 30 Index Fund - Regular Plan;INF179KC1JE8;;11.2268;;;13-Jan-2026
152430;HDFC NIFTY200 Momentum 30 Index Fund - Direct Plan;INF179KC1IC4;;10.367;;;13-Jan-2026
152429;HDFC NIFTY200 Momentum 30 Index Fund - Regular Plan;INF179KC1IB6;;10.2719;;;13-Jan-2026
149107;HDFC NIFTY50 Equal weight Index Fund - Direct Plan - Growth Option;INF179KC1BM8;;18.7341;;;13-Jan-2026
149106;HDFC NIFTY50 Equal weight Index Fund - Growth Option;INF179KC1BN6;;18.312;;;13-Jan-2026
152778;HDFC NIFTY500 Multicap 50:25:25 Index Fund - Direct Plan;INF179KC1IO9;;9.9082;;;13-Jan-2026
152779;HDFC NIFTY500 Multicap 50:25:25 index Fund - Regular Plan;INF179KC1IN1;;9.8418;;;13-Jan-2026

HSBC Mutual Fund
149966;HSBC CRISIL IBX 50:50 Gilt Plus SDL Apr 2028 Index Fund - Direct - Growth;INF336L01QH7;;12.9242;;;13-Jan-2026
149962;HSBC CRISIL IBX 50:50 Gilt Plus SDL Apr 2028 Index Fund - Direct - Payout of IDCW;INF336L01QI5;INF336L01QJ3;12.9242;;;13-Jan-2026
149963;HSBC CRISIL IBX 50:50 Gilt Plus SDL Apr 2028 Index Fund - Regular - Growth;INF336L01QK1;;12.8309;;;13-Jan-2026
149964;HSBC CRISIL IBX 50:50 Gilt Plus SDL Apr 2028 Index Fund - Regular - payout of IDCW;INF336L01QL9;INF336L01QM7;12.8308;;;13-Jan-2026
151479;HSBC CRISIL IBX Gilt June 2027 Index Fund - Direct - Growth;INF336L01QT2;;12.3631;;;13-Jan-2026
151482;HSBC CRISIL IBX Gilt June 2027 Index Fund - Direct - IDCW;INF336L01QU0;INF336L01QV8;12.3633;;;13-Jan-2026
151480;HSBC CRISIL IBX Gilt June 2027 Index Fund - Regular - Growth;INF336L01QW6;;12.2718;;;13-Jan-2026
151481;HSBC CRISIL IBX Gilt June 2027 Index Fund - Regular - IDCW;INF336L01QX4;INF336L01QY2;12.2719;;;13-Jan-2026
151157;HSBC NIFTY 50 INDEX FUND - Direct Growth;INF917K01D12;;30.2496;;;13-Jan-2026
151156;HSBC NIFTY 50 INDEX FUND - Direct IDCW;INF917K01C96;INF917K01D04;30.2496;;;13-Jan-2026
151158;HSBC NIFTY 50 INDEX FUND - Regular Growth;INF917K01D38;;29.6982;;;13-Jan-2026
151159;HSBC NIFTY 50 INDEX FUND - Regular IDCW;INF917K01D20;INF917K01D46;29.6982;;;13-Jan-2026
151160;HSBC NIFTY NEXT 50 INDEX FUND - Direct Growth;INF917K01D79;;30.0043;;;13-Jan-2026
151163;HSBC NIFTY NEXT 50 INDEX FUND - Direct IDCW;INF917K01D53;INF917K01D61;30.0043;;;13-Jan-2026
151162;HSBC NIFTY NEXT 50 INDEX FUND - Regular Growth;INF917K01D95;;29.2516;;;13-Jan-2026
151161;HSBC NIFTY NEXT 50 INDEX FUND - Regular IDCW;INF917K01D87;INF917K01E03;29.2518;;;13-Jan-2026

ICICI Prudential Mutual Fund
141839;ICICI Prudential BSE Sensex Index Fund - Cumulative Option;INF109KB17W7;;27.3827;;;13-Jan-2026
141841;ICICI Prudential BSE Sensex Index Fund - Direct Plan - Cumulative Option;INF109KB10X0;;27.7445;;;13-Jan-2026
141842;ICICI Prudential BSE Sensex Index Fund - Direct Plan - IDCW Option;INF109KB12X6;;27.7442;;;13-Jan-2026
141840;ICICI Prudential BSE Sensex Index Fund - IDCW Option;INF109KB19W3;;27.3834;;;13-Jan-2026
153412;ICICI Prudential CRISIL-IBX Financial Services 3-6 Months Debt Index Fund - Annual IDCW;INF109K1A054;INF109K1A047;10.5588;;;13-Jan-2026
153410;ICICI Prudential CRISIL-IBX Financial Services 3-6 Months Debt Index Fund - Direct Plan - Annual IDCW;INF109K1A070;INF109K1A088;10.5731;;;13-Jan-2026
153411;ICICI Prudential CRISIL-IBX Financial Services 3-6 Months Debt Index Fund - Direct Plan - Growth;INF109K1A062;;10.5731;;;13-Jan-2026
153409;ICICI Prudential CRISIL-IBX Financial Services 3-6 Months Debt Index Fund - Growth;INF109K1A039;;10.5588;;;13-Jan-2026
149219;ICICI Prudential NASDAQ 100 Index Fund - Direct Plan - Growth;INF109KC1U50;;20.2135;;;13-Jan-2026
149221;ICICI Prudential NASDAQ 100 Index Fund - Direct Plan - IDCW;INF109KC1U68;INF109KC1U76;20.2117;;;13-Jan-2026
149218;ICICI Prudential NASDAQ 100 Index Fund - Growth;INF109KC1U27;;19.8165;;;13-Jan-2026
149220;ICICI Prudential NASDAQ 100 Index Fund - IDCW;INF109KC1U35;INF109KC1U43;19.8162;;;13-Jan-2026
150452;ICICI Prudential Nifty 200 Momentum 30 Index Fund - Direct Plan - Growth;INF109KC11D8;;16.8193;;;13-Jan-2026
150453;ICICI Prudential Nifty 200 Momentum 30 Index Fund - Direct Plan - IDCW;INF109KC12D6;INF109KC13D4;16.8167;;;13-Jan-2026
150454;ICICI Prudential Nifty 200 Momentum 30 Index Fund - Growth;INF109KC18C5;;16.4635;;;13-Jan-2026
150451;ICICI Prudential Nifty 200 Momentum 30 Index Fund - IDCW;INF109KC19C3;INF109KC10D0;16.4627;;;13-Jan-2026
101349;ICICI Prudential Nifty 50 Index Fund - Cumulative Option;INF109K01PI0;;259.1658;;;13-Jan-2026
120620;ICICI Prudential Nifty 50 Index Fund - Direct Plan Cumulative Option;INF109K012M7;;270.2453;;;13-Jan-2026
135391;ICICI Prudential Nifty 50 Index Fund - Direct Plan IDCW Option;INF109KB1NL1;INF109KB1NM9;36.3420;;;13-Jan-2026
135390;ICICI Prudential Nifty 50 Index Fund - IDCW Option;INF109KB1NN7;INF109KB1NO5;34.5269;;;13-Jan-2026
153161;ICICI Prudential Nifty 500 Index Fund - Direct Plan - Growth;INF109KC16Y3;;10.5770;;;13-Jan-2026
153159;ICICI Prudential Nifty 500 Index Fund - Direct Plan - IDCW;INF109KC18Y9;INF109KC17Y1;10.5768;;;13-Jan-2026
153162;ICICI Prudential Nifty 500 Index Fund - Growth;INF109KC13Y0;;10.5109;;;13-Jan-2026
153160;ICICI Prudential Nifty 500 Index Fund - IDCW;INF109KC15Y5;INF109KC14Y8;10.5110;;;13-Jan-2026
150643;ICICI Prudential Nifty Auto Index Fund - Direct Plan - Growth;INF109KC16J4;;22.3893;;;13-Jan-2026
150644;ICICI Prudential Nifty Auto Index Fund - Direct Plan - IDCW;INF109KC17J2;INF109KC18J0;22.3892;;;13-Jan-2026
150645;ICICI Prudential Nifty Auto Index Fund - Growth;INF109KC13J1;;22.0016;;;13-Jan-2026
150646;ICICI Prudential Nifty Auto Index Fund - IDCW;INF109KC14J9;INF109KC15J6;22.0021;;;13-Jan-2026
149858;ICICI Prudential Nifty Bank Index Fund - Direct Plan Growth;INF109KC11A4;;17.1242;;;13-Jan-2026
149861;ICICI Prudential Nifty Bank Index Fund - Direct Plan IDCW;INF109KC12A2;INF109KC13A0;17.1241;;;13-Jan-2026
149859;ICICI Prudential Nifty Bank Index Fund - Growth;INF109KC1Z89;;16.6935;;;13-Jan-2026
149860;ICICI Prudential Nifty Bank Index Fund - IDCW;INF109KC1Z97;INF109KC10A6;16.6934;;;13-Jan-2026
150734;ICICI Prudential Nifty G-Sec Dec 2030 Index Fund - Annual IDCW;INF109KC16K2;INF109KC17K0;12.9246;;;13-Jan-2026
150735;ICICI Prudential Nifty G-Sec Dec 2030 Index Fund - Direct Plan - Annual IDCW;INF109KC19K6;INF109KC10L3;13.0046;;;13-Jan-2026
150733;ICICI Prudential Nifty G-Sec Dec 2030 Index Fund - Direct Plan - Growth;INF109KC18K8;;13.0053;;;13-Jan-2026
150732;ICICI Prudential Nifty G-Sec Dec 2030 Index Fund - Growth;INF109KC15K4;;12.9244;;;13-Jan-2026
150468;ICICI Prudential Nifty IT Index Fund - Direct Plan - Growth;INF109KC13E2;;13.4307;;;13-Jan-2026
150469;ICICI Prudential Nifty IT Index Fund - Direct Plan - IDCW;INF109KC14E0;INF109KC15E7;13.4372;;;13-Jan-2026
150466;ICICI Prudential Nifty IT Index Fund - Growth;INF109KC10E8;;13.1917;;;13-Jan-2026
150467;ICICI Prudential Nifty IT Index Fund - IDCW;INF109KC11E6;INF109KC12E4;13.1919;;;13-Jan-2026
152482;ICICI Prudential Nifty LargeMidcap 250 Index Fund - Direct Plan - Growth;INF109KC12U0;;12.4257;;;13-Jan-2026
152483;ICICI Prudential Nifty LargeMidcap 250 Index Fund - Direct Plan - IDCW;INF109KC13U8;INF109KC14U6;12.4257;;;13-Jan-2026
152481;ICICI Prudential Nifty LargeMidcap 250 Index Fund - Growth;INF109KC15U3;;12.3008;;;13-Jan-2026
152484;ICICI Prudential Nifty LargeMidcap 250 Index Fund - IDCW;INF109KC16U1;INF109KC17U9;12.3008;;;13-Jan-2026
149389;ICICI Prudential Nifty Midcap 150 Index Fund - Direct Plan - Growth;INF109KC1W58;;19.5590;;;13-Jan-2026
149391;ICICI Prudential Nifty Midcap 150 Index Fund - Direct Plan - IDCW;INF109KC1W66;INF109KC1W74;19.5587;;;13-Jan-2026
149390;ICICI Prudential Nifty Midcap 150 Index Fund - Growth;INF109KC1W25;;19.0122;;;13-Jan-2026
149388;ICICI Prudential Nifty Midcap 150 Index Fund - IDCW;INF109KC1W33;INF109KC1W41;19.0119;;;13-Jan-2026
120684;ICICI Prudential Nifty Next 50 Index Fund - Direct Plan -  Growth;INF109K01Y80;;63.5028;;;13-Jan-2026
120683;ICICI Prudential Nifty Next 50 Index Fund - Direct Plan -  IDCW;INF109K01Y64;INF109K01Y72;63.4791;;;13-Jan-2026
112957;ICICI Prudential Nifty Next 50 Index Fund - Growth;INF109K01IF1;;60.1490;;;13-Jan-2026
112958;ICICI Prudential Nifty Next 50 Index Fund -IDCW;INF109K01PR1;INF109K01IE4;60.1483;;;13-Jan-2026
150930;ICICI Prudential Nifty Pharma Index Fund - Direct Plan - Growth;INF109KC11M9;;17.4328;;;13-Jan-2026
150928;ICICI Prudential Nifty Pharma Index Fund - Direct Plan - IDCW;INF109KC12M7;INF109KC13M5;17.4337;;;13-Jan-2026
150929;ICICI Prudential Nifty Pharma Index Fund - Growth;INF109KC18L6;;17.0964;;;13-Jan-2026
150931;ICICI Prudential Nifty Pharma Index Fund - IDCW;INF109KC19L4;INF109KC10M1;17.0964;;;13-Jan-2026
153679;ICICI Prudential Nifty Private Bank Index Fund - Direct Plan - Growth;INF109K1A369;;10.2379;;;13-Jan-2026
153676;ICICI Prudential Nifty Private Bank Index Fund - Growth;INF109K1A351;;10.2096;;;13-Jan-2026
149224;ICICI Prudential Nifty PSU Bond Plus SDL Sep 2027 40:60 Index Fund - Annual - IDCW;INF109KC1S62;INF109KC1S70;12.7752;;;13-Jan-2026
149227;ICICI Prudential Nifty PSU Bond Plus SDL Sep 2027 40:60 Index Fund - Direct Plan Annual - IDCW;INF109KC1T46;INF109KC1T53;12.8812;;;13-Jan-2026
149210;ICICI Prudential Nifty PSU Bond Plus SDL Sep 2027 40:60 Index Fund - Direct Plan Growth;INF109KC1S88;;12.8812;;;13-Jan-2026
149208;ICICI Prudential Nifty PSU Bond Plus SDL Sep 2027 40:60 Index Fund - Growth;INF109KC1S13;;12.7754;;;13-Jan-2026
150731;ICICI Prudential Nifty SDL Dec 2028 Index Fund - Annual IDCW;INF109KC12L9;INF109KC13L7;12.9333;;;13-Jan-2026
150730;ICICI Prudential Nifty SDL Dec 2028 Index Fund - Direct Plan - Annual IDCW;INF109KC15L2;INF109KC16L0;13.0095;;;13-Jan-2026
150729;ICICI Prudential Nifty SDL Dec 2028 Index Fund - Direct Plan - Growth;INF109KC14L5;;13.0092;;;13-Jan-2026
150728;ICICI Prudential Nifty SDL Dec 2028 Index Fund - Growth;INF109KC11L1;;12.9333;;;13-Jan-2026
151209;ICICI Prudential Nifty SDL Sep 2026 Index Fund - Annual IDCW;INF109KC11P2;INF109KC12P0;12.3899;;;13-Jan-2026
151210;ICICI Prudential Nifty SDL Sep 2026 Index Fund - Direct Plan - Annual IDCW;INF109KC14P6;INF109KC15P3;12.4663;;;13-Jan-2026
151211;ICICI Prudential Nifty SDL Sep 2026 Index Fund - Direct Plan - Growth;INF109KC13P8;;12.4663;;;13-Jan-2026
151208;ICICI Prudential Nifty SDL Sep 2026 Index Fund - Growth;INF109KC10P4;;12.3900;;;13-Jan-2026
149996;ICICI Prudential Nifty SDL Sep 2027 Index Fund - Annual IDCW;INF109KC12B0;INF109KC13B8;12.7065;;;13-Jan-2026
149997;ICICI Prudential Nifty SDL Sep 2027 Index Fund - Direct Plan - Annual IDCW;INF109KC15B3;INF109KC16B1;12.7803;;;13-Jan-2026
149999;ICICI Prudential Nifty SDL Sep 2027 Index Fund - Direct Plan - Growth;INF109KC14B6;;12.7803;;;13-Jan-2026
149998;ICICI Prudential Nifty SDL Sep 2027 Index Fund - Growth;INF109KC11B2;;12.7065;;;13-Jan-2026
149283;ICICI Prudential Nifty Smallcap 250 Index Fund - Direct Plan - Growth;INF109KC1V18;;16.6268;;;13-Jan-2026
149284;ICICI Prudential Nifty Smallcap 250 Index Fund - Direct Plan - IDCW;INF109KC1V26;INF109KC1V34;16.6262;;;13-Jan-2026
149281;ICICI Prudential Nifty Smallcap 250 Index Fund - Growth;INF109KC1U84;;16.2089;;;13-Jan-2026
149282;ICICI Prudential Nifty Smallcap 250 Index Fund - IDCW;INF109KC1U92;INF109KC1V00;16.2096;;;13-Jan-2026
153614;ICICI Prudential Nifty Top 15 Equal Weight Index Fund - Direct Plan - Growth;INF109K1A310;;10.3427;;;13-Jan-2026
153616;ICICI Prudential Nifty Top 15 Equal Weight Index Fund - Direct Plan - IDCW;INF109K1A336;INF109K1A328;10.3432;;;13-Jan-2026
153613;ICICI Prudential Nifty Top 15 Equal Weight Index Fund - Growth;INF109K1A286;;10.3086;;;13-Jan-2026
153615;ICICI Prudential Nifty Top 15 Equal Weight Index Fund - IDCW;INF109K1A302;INF109K1A294;10.3087;;;13-Jan-2026
153546;ICICI Prudential Nifty200 Quality 30 Index Fund - Direct Plan - Growth;INF109K1A252;;10.2879;;;13-Jan-2026
153547;ICICI Prudential Nifty200 Quality 30 Index Fund - Direct Plan - IDCW;INF109K1A278;INF109K1A260;10.2875;;;13-Jan-2026
153544;ICICI Prudential Nifty200 Quality 30 Index Fund - Growth;INF109K1A229;;10.2567;;;13-Jan-2026
153545;ICICI Prudential Nifty200 Quality 30 Index Fund - IDCW;INF109K1A245;INF109K1A237;10.2564;;;13-Jan-2026
152936;ICICI Prudential Nifty200 Value 30 Index Fund - Direct Plan - Growth;INF109KC13X2;;10.8272;;;13-Jan-2026
152933;ICICI Prudential Nifty200 Value 30 Index Fund - Direct Plan - IDCW;INF109KC15X7;INF109KC14X0;10.8271;;;13-Jan-2026
152934;ICICI Prudential Nifty200 Value 30 Index Fund - Growth;INF109KC10X8;;10.7485;;;13-Jan-2026
152935;ICICI Prudential Nifty200 Value 30 Index Fund - IDCW;INF109KC12X4;INF109KC11X6;10.7484;;;13-Jan-2026
150639;ICICI Prudential Nifty50 Equal Weight Index Fund- Direct Plan - Growth;INF109KC10J7;;17.2349;;;13-Jan-2026
150640;ICICI Prudential Nifty50 Equal Weight Index Fund- Direct Plan - IDCW;INF109KC11J5;INF109KC12J3;17.2347;;;13-Jan-2026
150637;ICICI Prudential Nifty50 Equal Weight Index Fund- Growth;INF109KC17I4;;16.9035;;;13-Jan-2026
150638;ICICI Prudential Nifty50 Equal Weight Index Fund- IDCW;INF109KC18I2;INF109KC19I0;16.9034;;;13-Jan-2026
152365;ICICI Prudential Nifty50 Value 20 Index Fund - Direct Plan - Growth;INF109KC16T3;;11.2712;;;13-Jan-2026
152367;ICICI Prudential Nifty50 Value 20 Index Fund - Direct Plan - IDCW;INF109KC17T1;INF109KC18T9;11.2711;;;13-Jan-2026
152366;ICICI Prudential Nifty50 Value 20 Index Fund - Growth;INF109KC19T7;;11.1706;;;13-Jan-2026
152364;ICICI Prudential Nifty50 Value 20 Index Fund - IDCW;INF109KC10U4;INF109KC11U2;11.1705;;;13-Jan-2026

Invesco Mutual Fund
151593;Invesco India Nifty G-sec Jul 2027 Index Fund - Direct Plan - Growth;INF205KA1775;;1235.8229;;;13-Jan-2026
151592;Invesco India Nifty G-sec Jul 2027 Index Fund - Direct Plan - IDCW Payout;INF205KA1783;;1235.8225;;;13-Jan-2026
151590;Invesco India Nifty G-sec Jul 2027 Index Fund - Regular Plan - Growth;INF205KA1759;;1230.691;;;13-Jan-2026
151591;Invesco India Nifty G-sec Jul 2027 Index Fund - Regular Plan - IDCW Payout;INF205KA1767;;1230.7069;;;13-Jan-2026
151597;Invesco India Nifty G-sec Sep 2032 Index Fund - Direct Plan - Growth;INF205KA1817;;1252.1706;;;13-Jan-2026
151596;Invesco India Nifty G-sec Sep 2032 Index Fund - Direct Plan - IDCW Payout;INF205KA1825;;1252.1715;;;13-Jan-2026
151594;Invesco India Nifty G-sec Sep 2032 Index Fund - Regular Plan - Growth;INF205KA1791;;1247.0019;;;13-Jan-2026
151595;Invesco India Nifty G-sec Sep 2032 Index Fund - Regular Plan - IDCW Payout;INF205KA1809;;1246.9858;;;13-Jan-2026

Jio BlackRock Mutual Fund
153787;JioBlackRock Nifty 50 Index Fund - Direct Plan - Growth Option;INF22M001044;;10.3449;;;13-Jan-2026
153791;JioBlackRock Nifty 8-13 yr G-Sec Index Fund - Direct Plan - Growth Option;INF22M001069;;10.1765;;;13-Jan-2026
153788;JioBlackRock Nifty Midcap 150 Index Fund - Direct Plan - Growth Option;INF22M001077;;10.2958;;;13-Jan-2026
153789;JioBlackRock Nifty Next 50 Index Fund - Direct Plan - Growth Option;INF22M001085;;10.1616;;;13-Jan-2026
153790;JioBlackRock Nifty Smallcap 250 Index Fund - Direct Plan - Growth Option;INF22M001051;;9.5863;;;13-Jan-2026

Kotak Mahindra Mutual Fund
152038;Kotak  BSE Housing Index Fund - Regular Plan - Growth Option;INF174KA1OU1;;13.022;;;13-Jan-2026
152040;Kotak  BSE Housing Index Fund - Regular Plan - IDCW Option;INF174KA1OV9;INF174KA1OW7;13.022;;;13-Jan-2026
152039;Kotak BSE Housing Index Fund - Direct Plan - Growth Option;INF174KA1OX5;;13.191;;;13-Jan-2026
152037;Kotak BSE Housing Index Fund - Direct Plan - IDCW Option;INF174KA1OY3;INF174KA1OZ0;13.19;;;13-Jan-2026
152755;Kotak BSE PSU Index Fund - Direct Plan - Growth;INF174KA1SL1;;9.391;;;13-Jan-2026
152754;Kotak BSE PSU Index Fund - Direct Plan - IDCW Payout and Reinvestment;INF174KA1SM9;INF174KA1SN7;9.391;;;13-Jan-2026
152752;Kotak BSE PSU Index Fund - Regular Plan - Growth;INF174KA1SI7;;9.302;;;13-Jan-2026
152753;Kotak BSE PSU Index Fund - Regular Plan - IDCW Payout and Reinvestment;INF174KA1SJ5;INF174KA1SK3;9.302;;;13-Jan-2026
153284;Kotak BSE Sensex Index Fund - Regular - Growth;INF174KA1US2;;11.091;;;13-Jan-2026
153285;Kotak BSE Sensex Index Fund - Regular - IDCW;INF174KA1UT0;INF174KA1UU8;11.091;;;13-Jan-2026
153286;Kotak BSE Sensex Index Fund- Direct - Growth;INF174KA1UV6;;11.108;;;13-Jan-2026
153287;Kotak BSE Sensex Index Fund- Direct - IDCW;INF174KA1UQ6;INF174KA1UR4;11.108;;;13-Jan-2026
153313;Kotak CRISIL - IBX AAA Bond Financial Services Index Dec 2026 Fund - Direct - Growth;INF174KA1UX2;;10.6999;;;13-Jan-2026
153312;Kotak CRISIL - IBX AAA Bond Financial Services Index Dec 2026 Fund - Direct - IDCW;INF174KA1UY0;INF174KA1UZ7;10.6997;;;13-Jan-2026
153311;Kotak CRISIL - IBX AAA Bond Financial Services Index Dec 2026 Fund - Regular - Growth;INF174KA1VA8;;10.6807;;;13-Jan-2026
153310;Kotak CRISIL - IBX AAA Bond Financial Services Index Dec 2026 Fund - Regular - IDCW;INF174KA1VB6;INF174KA1VC4;10.6807;;;13-Jan-2026
152869;Kotak CRISIL -IBX AAA Financial Services Index Sep-2027 Fund-DIRECT PLAN-GROWTH Option;INF174KA1TF1;;11.1323;;;13-Jan-2026
152868;Kotak CRISIL -IBX AAA Financial Services Index Sep-2027 Fund-DIRECT PLAN-IDCW;INF174KA1SU2;INF174KA1SV0;11.1307;;;13-Jan-2026
152866;Kotak CRISIL -IBX AAA Financial Services Index Sep-2027 Fund-REGULAR PLAN-GROWTH;INF174KA1SW8;;11.1009;;;13-Jan-2026
152867;Kotak CRISIL-IBX AAA Financial Services Index Sep-2027 Fund-REGULAR PLAN-IDCW;INF174KA1SX6;INF174KA1SY4;11.1009;;;13-Jan-2026
153372;Kotak CRISIL-IBX Financial Services 3-6 Months Debt Index Fund-Direct-Growth;INF174KA1VK7;;10.592;;;13-Jan-2026
153373;Kotak CRISIL-IBX Financial Services 3-6 Months Debt Index Fund-Direct-IDCW;INF174KA1VL5;INF174KA1VM3;10.5924;;;13-Jan-2026
153375;Kotak CRISIL-IBX Financial Services 3-6 Months Debt Index Fund-Regular-Growth;INF174KA1VN1;;10.5711;;;13-Jan-2026
153374;Kotak CRISIL-IBX Financial Services 3-6 Months Debt Index Fund-Regular-IDCW;INF174KA1VO9;INF174KA1VP6;10.571;;;13-Jan-2026
153875;Kotak CRISIL-IBX Financial Services 9 to 12 Months Debt Index Fund - Direct - Growth;INF174KA1XM9;;10.1685;;;13-Jan-2026
153876;Kotak CRISIL-IBX Financial Services 9 to 12 Months Debt Index Fund - Direct - IDCW;INF174KA1XN7;INF174KA1XO5;10.1686;;;13-Jan-2026
153877;Kotak CRISIL-IBX Financial Services 9 to 12 Months Debt Index Fund - Regular - Growth;INF174KA1XP2;;10.1623;;;13-Jan-2026
153878;Kotak CRISIL-IBX Financial Services 9 to 12 Months Debt Index Fund - Regular - IDCW;INF174KA1XQ0;INF174KA1XR8;10.1623;;;13-Jan-2026
153146;Kotak Nifty 100 Equal Weight Index Fund - Direct Plan - Growth;INF174KA1TY2;;10.737;;;13-Jan-2026
153143;Kotak Nifty 100 Equal Weight index Fund - Direct Plan - IDCW Option;INF174KA1TZ9;INF174KA1UA0;10.736;;;13-Jan-2026
153145;Kotak Nifty 100 Equal Weight Index Fund - Regular Plan - Growth;INF174KA1UB8;;10.681;;;13-Jan-2026
153144;Kotak Nifty 100 Equal Weight Index Fund - Regular Plan - IDCW Option;INF174KA1UC6;INF174KA1UD4;10.681;;;13-Jan-2026
152663;Kotak NIFTY 100 Low Volatility 30 Index Fund - Direct plan - Growth option;INF174KA1RZ3;;11.3345;;;13-Jan-2026
152665;Kotak NIFTY 100 Low Volatility 30 Index Fund - Direct plan - IDCW option;INF174KA1SA4;INF174KA1SB2;11.3345;;;13-Jan-2026
152664;Kotak NIFTY 100 Low Volatility 30 Index Fund - Regular plan - Growth option;INF174KA1RW0;;11.2209;;;13-Jan-2026
152666;Kotak NIFTY 100 Low Volatility 30 Index Fund - Regular plan - IDCW option;INF174KA1RX8;INF174KA1RY6;11.2209;;;13-Jan-2026
151781;Kotak Nifty 200 Momentum 30 Index Fund - Direct Plan - Growth Option;INF174KA1OB1;;14.757;;;13-Jan-2026
151782;Kotak Nifty 200 Momentum 30 Index Fund - Direct Plan - IDCW Payout;INF174KA1OC9;INF174KA1OD7;14.757;;;13-Jan-2026
151783;Kotak Nifty 200 Momentum 30 Index Fund - Regular Plan - Growth Option;INF174KA1NY5;;14.571;;;13-Jan-2026
151780;Kotak Nifty 200 Momentum 30 Index Fund - Regular Plan - IDCW Payout;INF174KA1NZ2;INF174KA1OA3;14.571;;;13-Jan-2026
153660;KOTAK NIFTY 200 QUALITY 30 INDEX FUND - DIRECT PLAN - GROWTH;INF174KA1WN9;;10.306;;;13-Jan-2026
153658;KOTAK NIFTY 200 QUALITY 30 INDEX FUND - DIRECT PLAN - IDCW - PAYOUT AND REINVESTMENT;INF174KA1WO7;INF174KA1WP4;10.306;;;13-Jan-2026
153659;KOTAK NIFTY 200 QUALITY 30 INDEX FUND - REGULAR PLAN - GROWTH;INF174KA1WQ2;;10.286;;;13-Jan-2026
153661;KOTAK NIFTY 200 QUALITY 30 INDEX FUND - REGULAR PLAN - IDCW - PAYOUT AND REINVESTMENT;INF174KA1WR0;INF174KA1WS8;10.286;;;13-Jan-2026
153150;Kotak Nifty 50 Equal Weight Index Fund - Direct Plan - Growth;INF174KA1UE2;;11.277;;;13-Jan-2026
153147;Kotak Nifty 50 Equal Weight Index Fund - Direct Plan - IDCW Option;INF174KA1UF9;INF174KA1UG7;11.277;;;13-Jan-2026
153148;Kotak Nifty 50 Equal Weight Index Fund - Regular Plan - Growth;INF174KA1UH5;;11.217;;;13-Jan-2026
153149;Kotak Nifty 50 Equal Weight Index Fund - Regular Plan - IDCW Option;INF174KA1UI3;INF174KA1UJ1;11.217;;;13-Jan-2026
148978;Kotak Nifty 50 Index Fund - Direct Plan-Growth;INF174KA1HA7;;16.97;;;13-Jan-2026
148976;Kotak Nifty 50 Index Fund - Direct Plan-IDCW Payout;INF174KA1HB5;INF174KA1HC3;16.966;;;13-Jan-2026
148974;Kotak Nifty 50 Index Fund - Regular Plan-Growth;INF174KA1GX1;;16.729;;;13-Jan-2026
148979;Kotak Nifty 50 Index Fund - Regular Plan-IDCW Payout;INF174KA1GY9;INF174KA1GZ6;16.728;;;13-Jan-2026
153680;Kotak Nifty AAA Bond Financial Services Mar 2028 Index Fund - Direct Plan - Growth;INF174KA1WY6;;10.2926;;;13-Jan-2026
153681;Kotak Nifty AAA Bond Financial Services Mar 2028 Index Fund - Direct Plan - IDCW - Payout & Reinvestment;INF174KA1WZ3;INF174KA1WU4;10.2925;;;13-Jan-2026
153683;Kotak Nifty AAA Bond Financial Services Mar 2028 Index Fund - Regular Plan - Growth;INF174KA1WV2;;10.2816;;;13-Jan-2026
153682;Kotak Nifty AAA Bond Financial Services Mar 2028 Index Fund - Regular Plan - IDCW - Payout & Reinvestment;INF174KA1WW0;INF174KA1WX8;10.2816;;;13-Jan-2026
153781;Kotak Nifty Alpha 50 Index Fund - Direct Plan - Growth;INF174KA1XG1;;9.593;;;13-Jan-2026
153782;Kotak Nifty Alpha 50 Index Fund - Direct Plan - IDCW - Payout & Reinvestment;INF174KA1XH9;INF174KA1XI7;9.593;;;13-Jan-2026
153784;Kotak Nifty Alpha 50 Index Fund - Regular Plan - Growth;INF174KA1XJ5;;9.57;;;13-Jan-2026
153783;Kotak Nifty Alpha 50 Index Fund - Regular Plan - IDCW - Payout & Reinvestment;INF174KA1XK3;INF174KA1XL1;9.57;;;13-Jan-2026
153353;Kotak Nifty Commodities Index Fund-Direct Growth;INF174KA1VE0;;11.808;;;13-Jan-2026
153354;KOTAK NIFTY COMMODITIES INDEX FUND-DIRECT-IDCW-PAYOUT & REINVESTMENT;INF174KA1VF7;INF174KA1VG5;11.808;;;13-Jan-2026
153351;KOTAK NIFTY COMMODITIES INDEX FUND-REGULAR GROWTH;INF174KA1VH3;;11.782;;;13-Jan-2026
153352;KOTAK NIFTY COMMODITIES INDEX FUND-REGULAR-IDCW-PAYOUT & REINVESTMENT;INF174KA1VI1;INF174KA1VJ9;11.782;;;13-Jan-2026
151911;Kotak Nifty Financial Services Ex-Bank Index Fund - Direct Plan - Growth option;INF174KA1OR7;;16.48;;;13-Jan-2026
151912;Kotak Nifty Financial Services Ex-Bank Index Fund - Direct Plan - IDCW option;INF174KA1OS5;INF174KA1OT3;16.48;;;13-Jan-2026
151909;Kotak Nifty Financial Services Ex-Bank Index Fund - Regular Plan - Growth option;INF174KA1OO4;;16.263;;;13-Jan-2026
151910;Kotak Nifty Financial Services Ex-Bank Index Fund - Regular Plan - IDCW option;INF174KA1OP1;INF174KA1OQ9;16.263;;;13-Jan-2026
152098;Kotak Nifty G-Sec July 2033 Index Fund - Direct Plan - Growth;INF174KA1PJ1;;12.0954;;;13-Jan-2026
152099;Kotak Nifty G-Sec July 2033 Index Fund - Direct Plan - IDCW Payout;INF174KA1PK9;INF174KA1PL7;12.0955;;;13-Jan-2026
152100;Kotak Nifty G-Sec July 2033 Index Fund - Regular Plan - Growth;INF174KA1PG7;;12.0274;;;13-Jan-2026
152101;Kotak Nifty G-Sec July 2033 Index Fund - Regular Plan - IDCW Payout;INF174KA1PH5;INF174KA1PI3;12.0273;;;13-Jan-2026
152873;Kotak Nifty India Tourism Index Fund-Direct Plan-IDCW Option;INF174KA1TA2;INF174KA1TB0;8.727;;;13-Jan-2026
152870;Kotak Nifty India Tourism Index Fund-Direct-Growth Option;INF174KA1SZ1;;8.725;;;13-Jan-2026
152872;Kotak Nifty India Tourism Index Fund-Regular plan-Growth;INF174KA1TC8;;8.653;;;13-Jan-2026
152871;Kotak Nifty India Tourism Index Fund-Regular Plan-IDCW Option;INF174KA1TD6;INF174KA1TE4;8.653;;;13-Jan-2026
153401;KOTAK NIFTY MIDCAP 150 INDEX FUND-DIRECT PLAN-GROWTH;INF174KA1VQ4;;11.25;;;13-Jan-2026
153402;KOTAK NIFTY MIDCAP 150 INDEX FUND-DIRECT PLAN-IDCW-PAYOUT AND REINVESTMENT;INF174KA1VR2;INF174KA1VS0;11.25;;;13-Jan-2026
153399;KOTAK NIFTY MIDCAP 150 INDEX FUND-REGULAR PLAN-GROWTH;INF174KA1VT8;;11.205;;;13-Jan-2026
153400;KOTAK NIFTY MIDCAP 150 INDEX FUND-REGULAR PLAN-IDCW PAYOUT AND REINVESTMENT;INF174KA1VU6;INF174KA1VV4;11.206;;;13-Jan-2026
152916;Kotak Nifty Midcap 150 Momentum 50 Index Fund-Direct Plan-Growth;INF174KA1TM7;;9.171;;;13-Jan-2026
152917;Kotak Nifty Midcap 150 Momentum 50 Index Fund-Direct Plan-IDCW option;INF174KA1TN5;INF174KA1TO3;9.171;;;13-Jan-2026
152918;Kotak Nifty Midcap 150 Momentum 50 Index Fund-Regular Plan-Growth;INF174KA1TP0;;9.096;;;13-Jan-2026
152919;Kotak Nifty Midcap 150 Momentum 50 Index Fund-Regular plan-IDCW option;INF174KA1TQ8;INF174KA1TR6;9.096;;;13-Jan-2026
152767;KOTAK NIFTY MIDCAP 50 INDEX FUND-DIRECT PLAN- GROWTH;INF174KA1SR8;;10.466;;;13-Jan-2026
152768;KOTAK NIFTY MIDCAP 50 INDEX FUND-DIRECT PLAN-IDCW PAYOUT AND REINVESTMENT;INF174KA1SS6;INF174KA1ST4;10.466;;;13-Jan-2026
152765;KOTAK NIFTY MIDCAP 50 INDEX FUND-REGULAR PLAN-GROWTH;INF174KA1SO5;;10.376;;;13-Jan-2026
152766;KOTAK NIFTY MIDCAP 50 INDEX FUND-REGULAR PLAN-IDCW PAYOUT AND REINVESTMENT;INF174KA1SP2;INF174KA1SQ0;10.376;;;13-Jan-2026
148745;Kotak Nifty Next 50 Index Fund - Direct Plan - Growth Option;INF174KA1GA9;;19.9838;;;13-Jan-2026
148746;Kotak Nifty Next 50 Index Fund - Direct Plan -Payout of Income Distribution cum capital withdrawal option;INF174KA1FZ8;INF174KA1GB7;19.9835;;;13-Jan-2026
148743;Kotak Nifty Next 50 Index Fund - Regular Plan - Growth Option;INF174KA1FX3;;19.4991;;;13-Jan-2026
148744;Kotak Nifty Next 50 Index Fund - Regular Plan - Payout of Income Distribution cum capital withdrawal option;INF174KA1FW5;INF174KA1FY1;19.4996;;;13-Jan-2026
149855;Kotak Nifty SDL Apr  2027 Top 12 Equal Weight Index Fund-Direct Plan-Growth;INF174KA1IL2;;12.7655;;;13-Jan-2026
149852;Kotak Nifty SDL Apr  2027 Top 12 Equal Weight Index Fund-Regular Plan- Growth;INF174KA1II8;;12.6884;;;13-Jan-2026
149853;Kotak Nifty SDL Apr  2027 Top 12 Equal Weight Index Fund-Regular Plan-IDCW Option;INF174KA1IJ6;INF174KA1IK4;12.6887;;;13-Jan-2026
149854;Kotak Nifty SDL Apr 2027 Top 12 Equal Weight Index Fund-Direct Plan-IDCW Option;INF174KA1IM0;INF174KA1IN8;12.7648;;;13-Jan-2026
149865;Kotak Nifty SDL Apr 2032 Top 12 Equal Weight Index Fund-Direct Plan- Growth;INF174KA1IR9;;12.9775;;;13-Jan-2026
149864;Kotak Nifty SDL Apr 2032 Top 12 Equal Weight Index Fund-Direct Plan-IDCW Option;INF174KA1IS7;INF174KA1IT5;12.9761;;;13-Jan-2026
149862;Kotak Nifty SDL Apr 2032 Top 12 Equal Weight Index Fund-Regular Plan-Growth;INF174KA1IO6;;12.8912;;;13-Jan-2026
149866;Kotak Nifty SDL Apr 2032 Top 12 Equal Weight Index Fund-Regular Plan-IDCW Option;INF174KA1IP3;INF174KA1IQ1;12.8952;;;13-Jan-2026
151218;Kotak Nifty SDL Jul 2026 Index Fund Direct Plan Growth;INF174KA1LC5;;12.4418;;;13-Jan-2026
151219;Kotak Nifty SDL Jul 2026 Index Fund Direct Plan IDCW;INF174KA1LD3;INF174KA1LE1;12.0056;;;13-Jan-2026
151216;Kotak Nifty SDL Jul 2026 Index Fund Regular Plan Growth;INF174KA1KZ8;;12.3626;;;13-Jan-2026
151217;Kotak Nifty SDL Jul 2026 Index Fund Regular Plan IDCW;INF174KA1LA9;INF174KA1LB7;12.3627;;;13-Jan-2026
151420;Kotak Nifty SDL Jul 2033 Index Fund Direct Plan Growth Option;INF174KA1MJ8;;12.5084;;;13-Jan-2026
151418;Kotak Nifty SDL Jul 2033 Index Fund Direct Plan IDCW;INF174KA1MK6;INF174KA1ML4;12.1405;;;13-Jan-2026
151417;Kotak Nifty SDL Jul 2033 Index Fund Regular Plan Growth Option;INF174KA1MG4;;12.4222;;;13-Jan-2026
151419;Kotak Nifty SDL Jul 2033 Index Fund Regular Plan IDCW;INF174KA1MH2;INF174KA1MI0;12.4222;;;13-Jan-2026
150725;Kotak Nifty SDL Plus AAA PSU Bond Jul 2028 60:40 Index Fund Direct Plan - Growth;INF174KA1JT3;;12.8293;;;13-Jan-2026
150726;Kotak Nifty SDL Plus AAA PSU Bond Jul 2028 60:40 Index Fund Direct Plan - IDCW;INF174KA1JU1;INF174KA1JV9;12.8294;;;13-Jan-2026
150723;Kotak Nifty SDL Plus AAA PSU Bond Jul 2028 60:40 Index Fund Regular Plan - Growth;INF174KA1JQ9;;12.7486;;;13-Jan-2026
150724;Kotak Nifty SDL Plus AAA PSU Bond Jul 2028 60:40 Index Fund Regular Plan - IDCW;INF174KA1JR7;INF174KA1JS5;12.7445;;;13-Jan-2026
153220;Kotak Nifty SmallCap 250 Index Fund - Direct - IDCW;INF174KA1UL7;INF174KA1UM5;10.519;;;13-Jan-2026
153223;Kotak Nifty SmallCap 250 Index Fund- Direct - Growth;INF174KA1UK9;;10.518;;;13-Jan-2026
153221;Kotak Nifty SmallCap 250 Index Fund- Regular - Growth;INF174KA1UN3;;10.469;;;13-Jan-2026
153222;Kotak Nifty SmallCap 250 Index Fund- Regular - IDCW;INF174KA1UO1;INF174KA1UP8;10.469;;;13-Jan-2026
151649;Kotak Nifty Smallcap 50 Index Fund - Direct Plan - Growth;INF174KA1NB3;;19.756;;;13-Jan-2026
151650;Kotak Nifty Smallcap 50 Index Fund - Direct Plan - IDCW;INF174KA1NC1;INF174KA1ND9;19.767;;;13-Jan-2026
151647;Kotak Nifty Smallcap 50 Index Fund - Regular Plan - Growth;INF174KA1MY7;;19.41;;;13-Jan-2026
151648;Kotak Nifty Smallcap 50 Index Fund - Regular Plan - IDCW;INF174KA1MZ4;INF174KA1NA5;19.41;;;13-Jan-2026
153461;Kotak Nifty Top 10 Equal Weight Index Fund-Direct Plan-Growth;INF174KA1WD0;;10.224;;;13-Jan-2026
153462;Kotak Nifty Top 10 Equal Weight Index Fund-Direct Plan-IDCW-Payout and Reinvestment;INF174KA1WE8;INF174KA1WF5;10.224;;;13-Jan-2026
153463;Kotak Nifty Top 10 Equal Weight Index Fund-Regular Plan-Growth;INF174KA1WG3;;10.173;;;13-Jan-2026
153464;Kotak Nifty Top 10 Equal Weight Index Fund-Regular Plan-IDCW Payout and Reinvestment;INF174KA1WH1;INF174KA1WI9;10.173;;;13-Jan-2026
154032;Kotak Nifty500 Momentum 50 Index Fund - Direct Plan - Growth;INF174KA1YC8;;9.793;;;13-Jan-2026
154029;Kotak Nifty500 Momentum 50 Index Fund - Direct Plan - IDCW - Payout & Investment;INF174KA1YD6;INF174KA1YE4;9.793;;;13-Jan-2026
154030;Kotak Nifty500 Momentum 50 Index Fund - Regular Plan - Growth;INF174KA1YF1;;9.79;;;13-Jan-2026
154031;Kotak Nifty500 Momentum 50 Index Fund - Regular Plan - IDCW - Payout & Reinvestment;INF174KA1YG9;INF174KA1YH7;9.79;;;13-Jan-2026

LIC Mutual Fund
120308;LIC MF BSE Sensex Index Fund-Direct Plan-Growth;INF767K01FJ4;;167.8437;;;13-Jan-2026
120312;LIC MF BSE Sensex Index Fund-Direct Plan-IDCW;INF767K01FI6;INF767K01FK2;56.2708;;;13-Jan-2026
101199;LIC MF BSE Sensex Index Fund-Regular Plan-Growth;INF767K01139;;156.1487;;;13-Jan-2026
101198;LIC MF BSE Sensex Index Fund-Regular Plan-IDCW;INF767K01121;INF767K01113;53.521;;;13-Jan-2026
120307;LIC MF Nifty 50 Index Fund-Direct Plan-Growth;INF767K01FF2;;153.3835;;;13-Jan-2026
120309;LIC MF Nifty 50 Index Fund-Direct Plan-IDCW;INF767K01FG0;INF767K01FH8;56.5162;;;13-Jan-2026
101201;LIC MF Nifty 50 Index Fund-Regular Plan-Growth;INF767K01162;;141.9488;;;13-Jan-2026
101200;LIC MF Nifty 50 Index Fund-Regular Plan-IDCW;INF767K01154;INF767K01147;52.3646;;;13-Jan-2026
151937;LIC MF Nifty Next 50 Index Fund-Direct Plan-Growth;INF397L01AW2;;55.82;;;13-Jan-2026
151938;LIC MF Nifty Next 50 Index Fund-Direct Plan-IDCW;INF397L01AY8;INF397L01AX0;55.8199;;;13-Jan-2026
151935;LIC MF Nifty Next 50 Index Fund-Regular Plan-Growth;INF397L01174;;50.7504;;;13-Jan-2026
151936;LIC MF Nifty Next 50 Index Fund-Regular Plan-IDCW;INF397L01166;INF397L01182;50.7504;;;13-Jan-2026

Mirae Asset Mutual Fund
150792;Mirae Asset CRISIL IBX Gilt Index - April 2033 Index Fund - Direct Plan - Growth;INF769K01IX5;;13.0806;;;13-Jan-2026
150789;Mirae Asset CRISIL IBX Gilt Index - April 2033 Index Fund - Direct Plan - IDCW;INF769K01IW7;INF769K01IY3;13.0771;;;13-Jan-2026
150790;Mirae Asset CRISIL IBX Gilt Index - April 2033 Index Fund - Regular Plan - Growth;INF769K01IU1;;12.9594;;;13-Jan-2026
150791;Mirae Asset CRISIL IBX Gilt Index - April 2033 Index Fund - Regular Plan - IDCW;INF769K01IT3;INF769K01IV9;12.9603;;;13-Jan-2026
153634;Mirae Asset CRISIL-IBX Financial Services 9-12 Months Debt Index Fund - Direct Plan - Growth;INF769K01OS3;;10.3221;;;13-Jan-2026
153635;Mirae Asset CRISIL-IBX Financial Services 9-12 Months Debt Index Fund - Direct Plan - IDCW;INF769K01OU9;INF769K01OT1;10.3216;;;13-Jan-2026
153636;Mirae Asset CRISIL-IBX Financial Services 9-12 Months Debt Index Fund - Regular Plan - Growth;INF769K01OP9;;10.3109;;;13-Jan-2026
153637;Mirae Asset CRISIL-IBX Financial Services 9-12 Months Debt Index Fund - Regular Plan - IDCW;INF769K01OR5;INF769K01OQ7;10.3112;;;13-Jan-2026
152972;Mirae Asset Nifty 50 Index Fund - Direct Plan - Growth;INF769K01MQ1;;10.6623;;;13-Jan-2026
152973;Mirae Asset Nifty 50 Index Fund - Direct Plan - IDCW;INF769K01MN8;INF769K01MM0;10.6623;;;13-Jan-2026
152974;Mirae Asset Nifty 50 Index Fund - Regular Plan - Growth;INF769K01MO6;;10.5807;;;13-Jan-2026
152975;Mirae Asset Nifty 50 Index Fund - Regular Plan - IDCW;INF769K01MP3;INF769K01MR9;10.5802;;;13-Jan-2026
150788;Mirae Asset Nifty AAA PSU Bond Plus SDL Apr 2026 50:50 Index Fund - Direct Plan - Growth;INF769K01JD5;;12.5841;;;13-Jan-2026
150787;Mirae Asset Nifty AAA PSU Bond Plus SDL Apr 2026 50:50 Index Fund - Direct Plan - IDCW;INF769K01JC7;INF769K01JE3;12.5841;;;13-Jan-2026
150786;Mirae Asset Nifty AAA PSU Bond Plus SDL Apr 2026 50:50 Index Fund - Regular Plan - Growth;INF769K01JA1;;12.4970;;;13-Jan-2026
150785;Mirae Asset Nifty AAA PSU Bond Plus SDL Apr 2026 50:50 Index Fund - Regular Plan - IDCW;INF769K01IZ0;INF769K01JB9;12.4973;;;13-Jan-2026
152976;Mirae Asset Nifty LargeMidcap 250 Index Fund - Direct Plan - Growth;INF769K01MJ6;;10.5046;;;13-Jan-2026
152977;Mirae Asset Nifty LargeMidcap 250 Index Fund - Direct Plan - IDCW;INF769K01ML2;INF769K01MK4;10.5054;;;13-Jan-2026
152978;Mirae Asset Nifty LargeMidcap 250 Index Fund - Regular Plan - Growth;INF769K01MG2;;10.4209;;;13-Jan-2026
152979;Mirae Asset Nifty LargeMidcap 250 Index Fund - Regular Plan - IDCW;INF769K01MI8;INF769K01MH0;10.4202;;;13-Jan-2026
150359;Mirae Asset Nifty SDL Jun 2027 Index Fund - Direct Plan - IDCW;INF769K01IG0;INF769K01II6;12.7670;;;13-Jan-2026
150360;Mirae Asset Nifty SDL Jun 2027 Index Fund - Regular Plan - Growth;INF769K01IE5;;12.6884;;;13-Jan-2026
150361;Mirae Asset Nifty SDL Jun 2027 Index Fund - Regular Plan - IDCW;INF769K01ID7;INF769K01IF2;12.6890;;;13-Jan-2026
150358;Mirae Asset Nifty SDL Jun 2027 Index Fund -Direct Plan - Growth;INF769K01IH8;;12.7665;;;13-Jan-2026
151691;Mirae Asset Nifty SDL June 2028 Index Fund - Direct Plan - Growth;INF769K01JZ8;;12.4257;;;13-Jan-2026
151692;Mirae Asset Nifty SDL June 2028 Index Fund - Direct Plan - IDCW;INF769K01JY1;INF769K01KA9;12.4257;;;13-Jan-2026
151693;Mirae Asset Nifty SDL June 2028 Index Fund - Regular Plan - IDCW;INF769K01JV7;INF769K01JX3;12.2980;;;13-Jan-2026
151694;Mirae Asset Nifty SDL June 2028 Index Fund -Regular Plan - Growth;INF769K01JW5;;12.2977;;;13-Jan-2026
152968;Mirae Asset Nifty Total Market Index Fund - Direct Plan - Growth;INF769K01MD9;;10.4104;;;13-Jan-2026
152969;Mirae Asset Nifty Total Market Index Fund - Direct Plan - IDCW;INF769K01ME7;INF769K01MF4;10.4101;;;13-Jan-2026
152970;Mirae Asset Nifty Total Market Index Fund - Regular Plan - Growth;INF769K01MA5;;10.3223;;;13-Jan-2026
152971;Mirae Asset Nifty Total Market Index Fund - Regular Plan - IDCW;INF769K01MB3;INF769K01MC1;10.3219;;;13-Jan-2026

Motilal Oswal Mutual Fund
153596;Motilal Oswal BSE 1000 Index Fund - Direct Plan - Growth;INF247L01FM9;;10.0621;;;13-Jan-2026
153597;Motilal Oswal BSE 1000 Index Fund - Regular Plan - Growth;INF247L01FN7;;10.0206;;;13-Jan-2026
150518;Motilal Oswal BSE Enhanced Value Index Fund-Direct plan;INF247L01BF2;;28.2186;;;13-Jan-2026
150519;Motilal Oswal BSE Enhanced Value Index Fund-Regular plan;INF247L01BG0;;27.5752;;;13-Jan-2026
150443;Motilal Oswal BSE Financials ex Bank 30 Index Fund Direct Growth;INF247L01BC9;;18.0261;;;13-Jan-2026
150444;Motilal Oswal BSE Financials ex Bank 30 Index Fund Regular Growth;INF247L01BD7;;17.6005;;;13-Jan-2026
149919;Motilal Oswal BSE Low Volatility Index Fund-Direct plan;INF247L01AY5;;17.2105;;;13-Jan-2026
149920;Motilal Oswal BSE Low Volatility Index Fund-Regular plan;INF247L01AZ2;;16.7912;;;13-Jan-2026
150521;Motilal Oswal BSE Quality Index Fund-Direct plan;INF247L01BI6;;17.2990;;;13-Jan-2026
150522;Motilal Oswal BSE Quality Index Fund-Regular plan;INF247L01BJ4;;16.8991;;;13-Jan-2026
149800;Motilal Oswal Nifty 200 Momentum 30 Index Fund-Direct Plan;INF247L01AV1;;15.4258;;;13-Jan-2026
149799;Motilal Oswal Nifty 200 Momentum 30 Index Fund-Regular Plan;INF247L01AW9;;15.0232;;;13-Jan-2026
147794;Motilal Oswal Nifty 50 Index Fund - Direct plan - Growth;INF247L01AE7;;22.2830;;;13-Jan-2026
147795;Motilal Oswal Nifty 50 Index Fund - Regular plan - Growth;INF247L01AF4;;21.7384;;;13-Jan-2026
147625;Motilal Oswal Nifty 500 Index Fund - Direct Plan;INF247L01957;;27.2661;;;13-Jan-2026
147626;Motilal Oswal Nifty 500 Index Fund - Regular Plan;INF247L01940;;26.1285;;;13-Jan-2026
152875;Motilal Oswal Nifty 500 Momentum 50 Index Fund-Direct Plan-Growth;INF247L01DL6;;8.0410;;;13-Jan-2026
152876;Motilal Oswal Nifty 500 Momentum 50 Index Fund-Regular Plan-Growth;INF247L01DM4;;7.9679;;;13-Jan-2026
147619;Motilal Oswal Nifty Bank Index - Regular Plan;INF247L01882;;21.1102;;;13-Jan-2026
147620;Motilal Oswal Nifty Bank Index Fund - Direct Plan;INF247L01890;;22.0820;;;13-Jan-2026
153138;Motilal Oswal Nifty Capital Market Index Fund - Direct Plan - Growth;INF247L01EB5;;11.0897;;;13-Jan-2026
153137;Motilal Oswal Nifty Capital Market Index Fund - Regular Plan - Growth;INF247L01EC3;;11.0101;;;13-Jan-2026
152712;Motilal Oswal Nifty India Defence Index Fund Direct Plan Growth;INF247L01CW5;;10.2438;;;13-Jan-2026
152711;Motilal Oswal Nifty India Defence Index Fund Regular Plan Growth;INF247L01CV7;;10.1303;;;13-Jan-2026
151814;Motilal Oswal Nifty Microcap 250 Index Fund- Direct- Growth Option;INF247L01BQ9;;15.9485;;;13-Jan-2026
151815;Motilal Oswal Nifty Microcap 250 Index Fund- Regular- Growth Option;INF247L01BR7;;15.6896;;;13-Jan-2026
147622;Motilal Oswal Nifty Midcap 150 Index Fund - Direct Plan;INF247L01916;;39.6380;;;13-Jan-2026
147621;Motilal Oswal Nifty Midcap 150 Index Fund - Regular Plan;INF247L01908;;37.8476;;;13-Jan-2026
153027;Motilal Oswal Nifty MidSmall Financial Services Index Fund - Direct Plan- Growth;INF247L01DW3;;13.5068;;;13-Jan-2026
153026;Motilal Oswal Nifty MidSmall Financial Services Index Fund-Regular Plan-Growth;INF247L01DX1;;13.4306;;;13-Jan-2026
153023;Motilal Oswal Nifty MidSmall Healthcare Index Fund- Direct Plan-Growth;INF247L01EA7;;10.5573;;;13-Jan-2026
153022;Motilal Oswal Nifty MidSmall Healthcare Index Fund-Regular Plan-Growth;INF247L01DT9;;10.4990;;;13-Jan-2026
153025;Motilal Oswal Nifty MidSmall India Consumption Index Fund - Direct Plan- Growth;INF247L01DU7;;9.7293;;;13-Jan-2026
153024;Motilal Oswal Nifty MidSmall India Consumption Index Fund-Regular Plan-Growth;INF247L01DV5;;9.6748;;;13-Jan-2026
153029;Motilal Oswal Nifty MidSmall IT and Telecom Index Fund - Direct Plan- Growth;INF247L01DY9;;9.8623;;;13-Jan-2026
153028;Motilal Oswal Nifty MidSmall IT and Telecom Index Fund-Regular Plan-Growth;INF247L01DZ6;;9.8060;;;13-Jan-2026
147796;Motilal Oswal Nifty Next 50 Index Fund - Direct plan - Growth;INF247L01AC1;;24.5201;;;13-Jan-2026
147797;Motilal Oswal Nifty Next 50 Index Fund - Regular plan - Growth;INF247L01AD9;;23.5262;;;13-Jan-2026
147624;Motilal Oswal Nifty Smallcap 250 Index - Regular Plan;INF247L01924;;34.7090;;;13-Jan-2026
147623;Motilal Oswal Nifty Smallcap 250 Index Fund- Direct Plan;INF247L01932;;36.2697;;;13-Jan-2026
148381;Motilal Oswal S&P 500 Index Fund - Direct Plan Growth;INF247L01AG2;;28.9326;;;13-Jan-2026
148382;Motilal Oswal S&P 500 Index Fund - Regular Plan Growth;INF247L01AH0;;27.9886;;;13-Jan-2026

Navi Mutual Fund
152062;NAVI BSE SENSEX INDEX FUND - DIRECT PLAN - GROWTH;INF959L01HK9;;12.9686;;;13-Jan-2026
152061;NAVI BSE SENSEX INDEX FUND - REGULAR PLAN - GROWTH;INF959L01HJ1;;12.7566;;;13-Jan-2026
149039;Navi Nifty 50 Index Fund-Direct Plan-Growth;INF959L01FP2;;16.856;;;13-Jan-2026
149040;Navi Nifty 50 Index Fund-Regular Plan-Growth;INF959L01FQ0;;16.7025;;;13-Jan-2026
152751;NAVI NIFTY 500 MULTICAP 50-25-25 DIRECT PLAN;INF959L01HO1;;9.9822;;;13-Jan-2026
152750;NAVI NIFTY 500 MULTICAP 50-25-25 REGULAR PLAN;INF959L01HN3;;9.8818;;;13-Jan-2026
149804;Navi Nifty Bank Index Fund- Direct Plan- Growth;INF959L01FT4;;15.6577;;;13-Jan-2026
149805;Navi Nifty Bank Index Fund- Regular Plan- Growth;INF959L01FU2;;15.2194;;;13-Jan-2026
150515;Navi Nifty India Manufacturing Index Fund- Direct Plan- Growth;INF959L01GD6;;18.4743;;;13-Jan-2026
150516;Navi Nifty India Manufacturing Index Fund- Regular Plan- Growth;INF959L01GE4;;17.9858;;;13-Jan-2026
149892;Navi Nifty Midcap 150 Index Fund Direct Plan- Growth;INF959L01FX6;;20.717;;;13-Jan-2026
149893;Navi Nifty Midcap 150 Index Fund Regular Plan- Growth;INF959L01FY4;;20.0471;;;13-Jan-2026
154026;Navi Nifty Midsmall 400 Index Fund - Regular - Growth;INF959L01HS2;;10.0477;;;13-Jan-2026
154027;Navi Nifty midsmallcap 400 Index Fund- Direct - Growth;INF959L01HR4;;10.0561;;;13-Jan-2026
149447;Navi Nifty Next 50 Index Fund- Direct Plan- Growth;INF959L01FR8;;16.2633;;;13-Jan-2026
149448;Navi Nifty Next 50 Index Fund- Regular Plan- Growth;INF959L01FS6;;15.9258;;;13-Jan-2026
153362;Navi Nifty Smallcap 250 Momentum quality index fund- Direct Plan;INF959L01HQ6;;10.7871;;;13-Jan-2026
153363;Navi Nifty Smallcap 250 Momentum quality index fund- Regular Plan;INF959L01HP8;;10.7256;;;13-Jan-2026
152535;Navi NiftyIT Index Fund - Direct Plan- Growth;INF959L01HM5;;11.287;;;13-Jan-2026
152536;Navi NiftyIT Index Fund - Regular Plan -Growth;INF959L01HL7;;11.1384;;;13-Jan-2026

Nippon India Mutual Fund
153565;Nippon India BSE Sensex Next 30 Index -Direct Plan - IDCW Payout;INF204KC1FE5;INF204KC1FF2;10.5535;;;13-Jan-2026
153566;Nippon India BSE Sensex Next 30 Index Fund - Regular Plan-Growth Option;INF204KC1FA3;;10.5329;;;13-Jan-2026
153568;Nippon India BSE Sensex Next 30 Index Fund -Regular Plan- IDCW Payout;INF204KC1FB1;INF204KC1FC9;10.5329;;;13-Jan-2026
153567;Nippon India BSE Sensex Next 30 Index Fund- Direct Plan- Growth Option;INF204KC1FD7;;10.5535;;;13-Jan-2026
152992;Nippon India CRISIL - IBX AAA Financial Services - Dec 2026 Index Fund - Direct Plan - Growth Option;INF204KC1DM3;;10.9583;;;13-Jan-2026
152993;Nippon India CRISIL - IBX AAA Financial Services - Dec 2026 Index Fund - Direct Plan - IDCW Option;INF204KC1DN1;INF204KC1DO9;10.9583;;;13-Jan-2026
152994;Nippon India CRISIL - IBX AAA Financial Services - Dec 2026 Index Fund - Regular Plan - Growth Option;INF204KC1DJ9;;10.9314;;;13-Jan-2026
152995;Nippon India CRISIL - IBX AAA Financial Services - Dec 2026 Index Fund - Regular Plan - IDCW Option;INF204KC1DK7;INF204KC1DL5;10.9314;;;13-Jan-2026
152996;Nippon India CRISIL - IBX AAA Financial Services - Jan 2028 Index Fund - Direct Plan - Growth Option;INF204KC1DS0;;11.0137;;;13-Jan-2026
152997;Nippon India CRISIL - IBX AAA Financial Services - Jan 2028 Index Fund - Direct Plan - IDCW Option;INF204KC1DT8;INF204KC1DU6;11.0137;;;13-Jan-2026
152998;Nippon India CRISIL - IBX AAA Financial Services - Jan 2028 Index Fund - Regular Plan - Growth Option;INF204KC1DP6;;10.9843;;;13-Jan-2026
152999;Nippon India CRISIL - IBX AAA Financial Services - Jan 2028 Index Fund - Regular Plan - IDCW Option;INF204KC1DQ4;INF204KC1DR2;10.9843;;;13-Jan-2026
113295;NIPPON INDIA INDEX FUND - BSE SENSEX PLAN - ANNUAL - IDCW Option;INF204K01IQ7;INF204K01IT1;33.5627;;;13-Jan-2026
118786;NIPPON INDIA INDEX FUND - BSE SENSEX PLAN - DIRECT Plan - ANNUAL - IDCW Option;INF204K01K64;INF204K01K72;35.9456;;;13-Jan-2026
118788;NIPPON INDIA INDEX FUND - BSE SENSEX PLAN - DIRECT Plan - HALF YEARLY - IDCW Option;INF204K01K98;INF204K01L06;35.8990;;;13-Jan-2026
118790;NIPPON INDIA INDEX FUND - BSE SENSEX PLAN - DIRECT Plan - QUARTERLY - IDCW Option;INF204K01L14;INF204K01L22;35.9482;;;13-Jan-2026
118785;Nippon India Index Fund - BSE Sensex Plan - Direct Plan Growth Plan - Bonus Option;INF204K01K56;;45.1885;;;13-Jan-2026
118791;Nippon India Index Fund - BSE Sensex Plan - Direct Plan Growth Plan - Growth Option;INF204K01K80;;45.1885;;;13-Jan-2026
113270;Nippon India Index Fund - BSE Sensex Plan - Growth Plan - Bonus Option;INF204K01IN4;;42.5804;;;13-Jan-2026
113269;Nippon India Index Fund - BSE Sensex Plan - Growth Plan - Growth Option;INF204K01IM6;;42.5804;;;13-Jan-2026
113294;NIPPON INDIA INDEX FUND - BSE SENSEX PLAN - HALF YEARLY - IDCW Option;INF204K01IP9;INF204K01IS3;33.5743;;;13-Jan-2026
113271;NIPPON INDIA INDEX FUND - BSE SENSEX PLAN - QUARTERLY - IDCW Option;INF204K01IO2;INF204K01IR5;33.5668;;;13-Jan-2026
113300;NIPPON INDIA INDEX FUND - NIFTY 50 PLAN - ANNUAL - IDCW Option;INF204K01II4;INF204K01IL8;34.3411;;;13-Jan-2026
118743;NIPPON INDIA INDEX FUND - NIFTY 50 PLAN - DIRECT Plan - ANNUAL - IDCW Option;INF204K01H10;INF204K01H28;37.6045;;;13-Jan-2026
118745;NIPPON INDIA INDEX FUND - NIFTY 50 PLAN - DIRECT Plan - HALF YEARLY - IDCW Option;INF204K01H44;INF204K01H51;37.5504;;;13-Jan-2026
118740;NIPPON INDIA INDEX FUND - NIFTY 50 PLAN - DIRECT Plan - QUARTERLY - IDCW Option;INF204K01H69;INF204K01H77;37.5419;;;13-Jan-2026
118742;Nippon India Index Fund - Nifty 50 Plan - Direct Plan Growth Plan - Bonus Option;INF204K01H02;;47.1305;;;13-Jan-2026
118741;Nippon India Index Fund - Nifty 50 Plan - Direct Plan Growth Plan - Growth Option;INF204K01H36;;47.1305;;;13-Jan-2026
113297;Nippon India Index Fund - Nifty 50 Plan - Growth Plan - Bonus Option;INF204K01IF0;;43.6894;;;13-Jan-2026
113296;Nippon India Index Fund - Nifty 50 Plan - Growth Plan - Growth Option;INF204K01IE3;;43.6894;;;13-Jan-2026
113299;NIPPON INDIA INDEX FUND - NIFTY 50 PLAN - HALF YEARLY - IDCW Option;INF204K01IH6;INF204K01IK0;34.4552;;;13-Jan-2026
113298;NIPPON INDIA INDEX FUND - NIFTY 50 PLAN - QUARTERLY - IDCW Option;INF204K01IG8;INF204K01IJ2;34.4539;;;13-Jan-2026
148721;Nippon India Nifty 50 Value 20 Index Fund - Direct Plan - Growth Option;INF204KB12Z0;;19.6852;;;13-Jan-2026
148722;NIPPON INDIA NIFTY 50 VALUE 20 INDEX FUND - DIRECT Plan - IDCW Option;INF204KB13Z8;INF204KB14Z6;19.6852;;;13-Jan-2026
148720;NIPPON INDIA NIFTY 50 VALUE 20 INDEX FUND - IDCW Option;INF204KB10Z4;INF204KB11Z2;19.1516;;;13-Jan-2026
148719;Nippon India Nifty 50 Value 20 Index Fund - Regular Plan - Growth Option;INF204KB19Y8;;19.1516;;;13-Jan-2026
152842;Nippon India Nifty 500 Equal Weight Index Fund - Direct Plan - Growth Option;INF204KC1DA8;;9.2030;;;13-Jan-2026
152839;Nippon India Nifty 500 Equal Weight Index Fund - Direct Plan - IDCW Option;INF204KC1DB6;INF204KC1DC4;9.2030;;;13-Jan-2026
152840;Nippon India Nifty 500 Equal Weight Index Fund - Regular Plan - Growth Option;INF204KC1CX2;;9.1365;;;13-Jan-2026
152841;Nippon India Nifty 500 Equal Weight Index Fund - Regular Plan - IDCW Option;INF204KC1CY0;INF204KC1CZ7;9.1365;;;13-Jan-2026
153474;Nippon India Nifty 500 Low Volatility 50 Index Fund - Direct Plan - Growth Option;INF204KC1EQ2;;11.0905;;;13-Jan-2026
153473;Nippon India Nifty 500 Low Volatility 50 Index Fund - Direct Plan - IDCW Plan;INF204KC1ER0;INF204KC1ES8;11.0905;;;13-Jan-2026
153476;Nippon India Nifty 500 Low Volatility 50 Index Fund - Regular Pan - IDCW Option;INF204KC1EO7;INF204KC1EP4;11.0477;;;13-Jan-2026
153475;Nippon India Nifty 500 Low Volatility 50 Index Fund - Regular Plan - Growth Option;INF204KC1EN9;;11.0477;;;13-Jan-2026
152881;Nippon India Nifty 500 Momentum 50 Index Fund - Direct Plan - Growth Option;INF204KC1DG5;;8.0734;;;13-Jan-2026
152884;Nippon India Nifty 500 Momentum 50 Index Fund - Direct Plan - IDCW Option;INF204KC1DH3;INF204KC1DI1;8.0734;;;13-Jan-2026
152883;Nippon India Nifty 500 Momentum 50 Index Fund - Regular Plan - Growth Option;INF204KC1DD2;;8.0092;;;13-Jan-2026
152882;Nippon India Nifty 500 Momentum 50 Index Fund - Regular Plan - IDCW Option;INF204KC1DE0;INF204KC1DF7;8.0092;;;13-Jan-2026
153470;Nippon India Nifty 500 Quality 50 Index Fund - Direct Plan - Growth Option;INF204KC1EW0;;10.4687;;;13-Jan-2026
153471;Nippon India Nifty 500 Quality 50 Index Fund - Direct Plan - IDCW Option;INF204KC1EX8;INF204KC1EY6;10.4687;;;13-Jan-2026
153472;Nippon India Nifty 500 Quality 50 Index Fund - Regular Plan - Growth Option;INF204KC1ET6;;10.4284;;;13-Jan-2026
153469;Nippon India Nifty 500 Quality 50 Index Fund - Regular Plan - IDCW Option;INF204KC1EU4;INF204KC1EV2;10.4284;;;13-Jan-2026
150012;Nippon India Nifty AAA CPSE Bond Plus SDL - Apr 2027 Maturity 60:40 Index Fund - Direct Plan - Growth Option;INF204KC1527;;12.6382;;;13-Jan-2026
150008;Nippon India Nifty AAA CPSE Bond Plus SDL - Apr 2027 Maturity 60:40 Index Fund - Direct Plan - IDCW Option;INF204KC1535;;12.3014;;;13-Jan-2026
150011;Nippon India Nifty AAA CPSE Bond Plus SDL - Apr 2027 Maturity 60:40 Index Fund - Regular Plan - Growth Option;INF204KC1493;;12.5536;;;13-Jan-2026
150009;Nippon India Nifty AAA CPSE Bond Plus SDL - Apr 2027 Maturity 60:40 Index Fund - Regular Plan - IDCW Option;;INF204KC1519;12.2434;;;13-Jan-2026
150754;Nippon India Nifty AAA PSU Bond Plus SDL - Sep 2026 Maturity 50:50 Index Fund-Direct Plan-Growth Option;INF204KC1683;;12.6074;;;13-Jan-2026
150753;Nippon India Nifty AAA PSU Bond Plus SDL - Sep 2026 Maturity 50:50 Index Fund-Direct Plan-IDCW Option;INF204KC1691;;12.6074;;;13-Jan-2026
150752;Nippon India Nifty AAA PSU Bond Plus SDL - Sep 2026 Maturity 50:50 Index Fund-Regular Plan-Growth Option;INF204KC1659;;12.5328;;;13-Jan-2026
150755;Nippon India Nifty AAA PSU Bond Plus SDL - Sep 2026 Maturity 50:50 Index Fund-Regular Plan-IDCW Option;INF204KC1667;;12.5328;;;13-Jan-2026
150487;Nippon India Nifty Alpha Low Volatility 30 Index Fund - Direct Plan - Growth Option;INF204KC1584;;16.2456;;;13-Jan-2026
150488;Nippon India Nifty Alpha Low Volatility 30 Index Fund - Direct Plan - IDCW Option;INF204KC1592;;16.2456;;;13-Jan-2026
150490;Nippon India Nifty Alpha Low Volatility 30 Index Fund - Regular Plan - Growth Option;INF204KC1550;;15.9325;;;13-Jan-2026
150491;Nippon India Nifty Alpha Low Volatility 30 Index Fund - Regular Plan - IDCW Option;INF204KC1568;;15.9325;;;13-Jan-2026
153064;Nippon India Nifty Auto Index Fund - Direct Plan- Growth Option;INF204KC1EE8;;11.8705;;;13-Jan-2026
153067;Nippon India Nifty Auto Index Fund - Direct Plan- IDCW Option;INF204KC1EF5;INF204KC1EG3;11.8705;;;13-Jan-2026
153066;Nippon India Nifty Auto Index Fund - Regular Plan- Growth Option;INF204KC1EB4;;11.8021;;;13-Jan-2026
153065;Nippon India Nifty Auto Index Fund - Regular Plan- IDCW Option;INF204KC1EC2;INF204KC1ED0;11.8021;;;13-Jan-2026
152389;Nippon India Nifty Bank Index Fund - Direct Plan - Growth Option;INF204KC1BY2;;12.8210;;;13-Jan-2026
152386;Nippon India Nifty Bank Index Fund - Direct Plan - IDCW Option;INF204KC1BZ9;INF204KC1CA0;12.8210;;;13-Jan-2026
152387;Nippon India Nifty Bank Index Fund - Regular Plan - Growth Option;INF204KC1BV8;;12.6775;;;13-Jan-2026
152388;Nippon India Nifty Bank Index Fund - Regular Plan - IDCW Option;INF204KC1BW6;INF204KC1BX4;12.6775;;;13-Jan-2026
150920;Nippon India Nifty G-Sec Jun 2036 Maturity Index Fund-Direct Plan-Growth Option;INF204KC1AC0;;12.8628;;;13-Jan-2026
150921;Nippon India Nifty G-Sec Jun 2036 Maturity Index fund-Direct Plan-IDCW Option;INF204KC1AD8;INF204KC1AE6;12.8628;;;13-Jan-2026
150923;Nippon India Nifty G-Sec Jun 2036 Maturity Index Fund-Regular Plan-Growth Option;INF204KC1998;;12.7758;;;13-Jan-2026
150922;Nippon India Nifty G-Sec Jun 2036 Maturity Index Fund-Regular Plan-IDCW Option;INF204KC1AA4;INF204KC1AB2;12.7758;;;13-Jan-2026
151440;Nippon India Nifty G-Sec Oct 2028 Maturity Index Fund-Direct Plan-Growth Option;INF204KC1AO5;;12.6119;;;13-Jan-2026
151442;Nippon India Nifty G-Sec Oct 2028 Maturity Index Fund-Direct Plan-IDCW Option;INF204KC1AP2;;12.6119;;;13-Jan-2026
151439;Nippon India Nifty G-Sec Oct 2028 Maturity Index Fund-Regular Plan-Growth Option;INF204KC1AL1;;12.5505;;;13-Jan-2026
151441;Nippon India Nifty G-Sec Oct 2028 Maturity Index Fund-Regular Plan-IDCW Option;INF204KC1AM9;;12.5505;;;13-Jan-2026
150906;Nippon India Nifty G-Sec Sep 2027 Maturity Index Fund-Direct Plan-Growth Option;INF204KC1881;;12.5575;;;13-Jan-2026
150907;Nippon India Nifty G-Sec Sep 2027 Maturity Index Fund-Direct Plan-IDCW Option;INF204KC1899;INF204KC1907;12.5575;;;13-Jan-2026
150904;Nippon India Nifty G-Sec Sep 2027 Maturity Index Fund-Regular Plan-Growth Option;INF204KC1857;;12.4772;;;13-Jan-2026
150905;Nippon India Nifty G-Sec Sep 2027 Maturity Index Fund-Regular Plan-IDCW Option;INF204KC1865;INF204KC1873;12.4772;;;13-Jan-2026
153807;Nippon India Nifty India Manufacturing Index - Direct Plan- IDCW Option;INF204KC1GM6;INF204KC1GN4;10.5945;;;13-Jan-2026
153806;Nippon India Nifty India Manufacturing Index Fund- Direct Plan- Growth Option;INF204KC1GL8;;10.5945;;;13-Jan-2026
153808;Nippon India Nifty India Manufacturing Index- Regular Plan-IDCW Option;INF204KC1GJ2;INF204KC1GK0;10.5719;;;13-Jan-2026
153809;Nippon India Nifty India Manufacturing Index-Regular Plan-Growth Option;INF204KC1GI4;;10.5719;;;13-Jan-2026
152392;Nippon India Nifty IT Index Fund - Direct Plan - Growth Option;INF204KC1CE2;;10.3728;;;13-Jan-2026
152390;Nippon India Nifty IT Index Fund - Direct Plan - IDCW Option;INF204KC1CF9;INF204KC1CG7;10.3728;;;13-Jan-2026
152391;Nippon India Nifty IT Index Fund - Regular Plan - Growth Option;INF204KC1CB8;;10.2510;;;13-Jan-2026
152393;Nippon India Nifty IT Index Fund - Regular Plan - IDCW Option;INF204KC1CC6;INF204KC1CD4;10.2510;;;13-Jan-2026
148726;Nippon India Nifty Midcap 150 Index Fund - Direct Plan - Growth Option;INF204KB18Z7;;25.3200;;;13-Jan-2026
148725;NIPPON INDIA NIFTY MIDCAP 150 INDEX FUND - DIRECT Plan - IDCW Option;INF204KB19Z5;INF204KC1014;25.3200;;;13-Jan-2026
148724;NIPPON INDIA NIFTY MIDCAP 150 INDEX FUND - IDCW Option;INF204KB16Z1;INF204KB17Z9;24.6559;;;13-Jan-2026
148723;Nippon India Nifty Midcap 150 Index Fund - Regular Plan - Growth Option;INF204KB15Z3;;24.6559;;;13-Jan-2026
153060;Nippon India Nifty Realty Index Fund-Direct Plan- Growth Option;INF204KC1DY8;;7.9503;;;13-Jan-2026
153063;Nippon India Nifty Realty Index Fund-Direct Plan- IDCW Option;INF204KC1DZ5;INF204KC1EA6;7.9503;;;13-Jan-2026
153061;Nippon India Nifty Realty Index Fund-Regular Plan- Growth Option;INF204KC1DV4;;7.9001;;;13-Jan-2026
153062;Nippon India Nifty Realty Index Fund-Regular Plan- IDCW Option;INF204KC1DW2;INF204KC1DX0;7.9001;;;13-Jan-2026
150824;Nippon India Nifty SDL Plus G-Sec - Jun 2028 Maturity 70:30 Index Fund-Direct Plan-Growth Option;INF204KC1741;;12.7130;;;13-Jan-2026
150826;Nippon India Nifty SDL Plus G-Sec - Jun 2028 Maturity 70:30 Index Fund-Direct Plan-IDCW Option;INF204KC1758;INF204KC1766;12.7130;;;13-Jan-2026
150827;Nippon India Nifty SDL Plus G-Sec - Jun 2028 Maturity 70:30 Index Fund-Regular Plan IDCW Option;INF204KC1725;INF204KC1733;12.6333;;;13-Jan-2026
150825;Nippon India Nifty SDL Plus G-Sec - Jun 2028 Maturity 70:30 Index Fund-Regular Plan-Growth Option;INF204KC1717;;12.6333;;;13-Jan-2026
151389;Nippon India Nifty SDL Plus G-Sec - Jun 2029 Maturity 70:30 Index Fund-Regular Plan-IDCW Option;INF204KC1AG1;INF204KC1AH9;12.5073;;;13-Jan-2026
151390;Nippon India Nifty SDL Plus G-Sec-Jun 2029 Maturity 70:30 Index Fund-Direct Plan-Growth Option;INF204KC1AI7;;12.5766;;;13-Jan-2026
151391;Nippon India Nifty SDL Plus G-Sec-Jun 2029 Maturity 70:30 Index Fund-Direct Plan-IDCW Option;INF204KC1AJ5;INF204KC1AK3;12.5766;;;13-Jan-2026
151392;Nippon India Nifty SDL Plus G-Sec-Jun 2029 Maturity 70:30 Index Fund-Regular Plan- Growth Option;INF204KC1AF3;;12.5073;;;13-Jan-2026
148519;Nippon India Nifty Smallcap 250 Index Fund - Direct Plan - Growth Option;INF204KB15W0;;32.0938;;;13-Jan-2026
148521;NIPPON INDIA NIFTY SMALLCAP 250 INDEX FUND - DIRECT Plan - IDCW Option;INF204KB16W8;INF204KB17W6;32.0938;;;13-Jan-2026
148520;NIPPON INDIA NIFTY SMALLCAP 250 INDEX FUND - IDCW Option;INF204KB13W5;INF204KB14W3;30.9772;;;13-Jan-2026
148518;Nippon India Nifty Smallcap 250 Index Fund - Regular Plan - Growth Option;INF204KB12W7;;30.9772;;;13-Jan-2026

PGIM India Mutual Fund
151407;PGIM India CRISIL IBX Gilt Index - Apr 2028 Fund - Direct Plan, Growth Option;INF663L01X21;;12.509;;;13-Jan-2026
151406;PGIM India CRISIL IBX Gilt Index - Apr 2028 Fund - Direct Plan, IDCW Option;INF663L01X39;INF663L01X47;10.9657;;;13-Jan-2026
151404;PGIM India CRISIL IBX Gilt Index - Apr 2028 Fund - Regular Plan, Growth Option;INF663L01X54;;12.4482;;;13-Jan-2026
151405;PGIM India CRISIL IBX Gilt Index - Apr 2028 Fund - Regular Plan, IDCW Option;INF663L01X62;INF663L01X70;10.9094;;;13-Jan-2026

SBI Mutual Fund
153432;SBI BSE PSU BANK INDEX FUND- Direct Plan- Growth;INF200KB1688;;14.0376;;;13-Jan-2026
153433;SBI BSE PSU BANK INDEX FUND- Direct Plan- Income Distribution Cum Capital Withdrawal Option (IDCW);INF200KB1704;INF200KB1696;14.0376;;;13-Jan-2026
153434;SBI BSE PSU BANK INDEX FUND- Regular Plan- Growth;INF200KB1654;;13.9828;;;13-Jan-2026
153431;SBI BSE PSU BANK INDEX FUND- Regular Plan- Income Distribution Cum Capital Withdrawal Option (IDCW);INF200KB1662;INF200KB1670;13.9834;;;13-Jan-2026
151769;SBI BSE Sensex Index Fund - Direct Plan - Growth;INF200KA16Y4;;13.7105;;;13-Jan-2026
151770;SBI BSE Sensex Index Fund - Direct Plan - IDCW;INF200KA17Y2;INF200KA18Y0;13.7105;;;13-Jan-2026
151765;SBI BSE Sensex Index Fund - Regular Plan - Growth;INF200KA13Y1;;13.6287;;;13-Jan-2026
151766;SBI BSE Sensex Index Fund - Regular Plan - IDCW;INF200KA14Y9;INF200KA15Y6;13.6287;;;13-Jan-2026
149474;SBI CPSE Bond Plus SDL Sep 2026 50:50 Index Fund - Direct Plan - Growth;INF200KA13D5;;12.7185;;;13-Jan-2026
149475;SBI CPSE Bond Plus SDL Sep 2026 50:50 Index Fund - Direct Plan - Income Distribution cum Capital Withdrawal Option (IDCW);INF200KA14D3;INF200KA15D0;12.7735;;;13-Jan-2026
149472;SBI CPSE Bond Plus SDL Sep 2026 50:50 Index Fund - Regular Plan - Growth;INF200KA10D1;;12.6340;;;13-Jan-2026
149473;SBI CPSE Bond Plus SDL Sep 2026 50:50 Index Fund - Regular Plan - Income Distribution cum Capital Withdrawal Option (IDCW);INF200KA11D9;INF200KA12D7;12.6343;;;13-Jan-2026
150706;SBI CRISIL IBX Gilt Index - April 2029 Fund - Direct Plan - Growth;INF200KA18Q6;;13.0113;;;13-Jan-2026
150708;SBI CRISIL IBX Gilt Index - April 2029 Fund - Direct Plan - Income Distribution cum Capital Withdrawal Option (IDCW);INF200KA19Q4;INF200KA10R1;13.0113;;;13-Jan-2026
150707;SBI CRISIL IBX Gilt Index - April 2029 Fund - Regular Plan - Growth;INF200KA15Q2;;12.9124;;;13-Jan-2026
150709;SBI CRISIL IBX Gilt Index - April 2029 Fund - Regular Plan - Income Distribution cum Capital Withdrawal Option (IDCW);INF200KA16Q0;INF200KA17Q8;12.9132;;;13-Jan-2026
150681;SBI |CRISIL IBX Gilt Index - June 2036 Fund - Direct Plan - Growth;INF200KA12Q9;;13.1307;;;13-Jan-2026
150682;SBI CRISIL IBX Gilt Index - June 2036 Fund - Direct Plan - Income Distribution cum Capital Withdrawal Option (IDCW);INF200KA13Q7;INF200KA14Q5;13.1308;;;13-Jan-2026
150683;SBI CRISIL IBX Gilt Index - June 2036 Fund - Regular Plan - Growth;INF200KA19P6;;13.0256;;;13-Jan-2026
150680;SBI CRISIL IBX Gilt Index - June 2036 Fund - Regular Plan - Income Distribution cum Capital Withdrawal Option (IDCW);INF200KA10Q3;INF200KA11Q1;13.0260;;;13-Jan-2026
150711;SBI CRISIL IBX SDL Index - September 2027 Fund - Direct Plan - Growth;INF200KA14R3;;12.7811;;;13-Jan-2026
150713;SBI CRISIL IBX SDL Index - September 2027 Fund - Direct Plan - Income Distribution cum Capital Withdrawal Option (IDCW);INF200KA15R0;INF200KA16R8;12.7868;;;13-Jan-2026
150712;SBI CRISIL IBX SDL Index - September 2027 Fund - Regular Plan - Growth;INF200KA11R9;;12.7079;;;13-Jan-2026
150710;SBI CRISIL IBX SDL Index - September 2027 Fund - Regular Plan - Income Distribution cum Capital Withdrawal Option (IDCW);INF200KA12R7;INF200KA13R5;12.7082;;;13-Jan-2026
152908;SBI Nifty 500 Index Fund- Direct Plan- Growth;INF200KB1381;;9.7476;;;13-Jan-2026
152909;SBI Nifty 500 Index Fund- Direct Plan- Income Distribution Cum Capital Withdrawal (IDCW);INF200KB1399;INF200KB1407;9.7477;;;13-Jan-2026
152906;SBI Nifty 500 Index Fund- Regular Plan- Growth;INF200KB1357;;9.6865;;;13-Jan-2026
152907;SBI Nifty 500 Index Fund- Regular Plan- Income Distribution Cum Capital Withdrawal (IDCW);INF200KB1365;INF200KB1373;9.6862;;;13-Jan-2026
153251;SBI Nifty Bank Index Fund- Regular Plan- Income Distribution Cum Capital Withdrawal Option;INF200KB1548;INF200KB1555;11.8412;;;13-Jan-2026
153250;SBI Nifty Bank Index Fund-Direct Plan- Growth;INF200KB1563;;11.8948;;;13-Jan-2026
153252;SBI Nifty Bank Index Fund-Direct Plan- Income Distribution Cum Capital Withdrawal Option;INF200KB1571;INF200KB1589;11.8948;;;13-Jan-2026
153253;SBI Nifty Bank Index Fund-Regular Plan- Growth;INF200KB1530;;11.8413;;;13-Jan-2026
119827;SBI NIFTY INDEX FUND - DIRECT PLAN - GROWTH;INF200K01TE8;;238.9607;;;13-Jan-2026
119826;SBI Nifty Index Fund - Direct Plan - Income Distribution cum Capital Withdrawal Option (IDCW);INF200K01TC2;INF200K01TD0;122.7388;;;13-Jan-2026
102272;SBI NIFTY INDEX FUND - REGULAR PLAN - GROWTH;INF200K01537;;227.5775;;;13-Jan-2026
102273;SBI Nifty Index Fund - Regular Plan - Income Distribution cum Capital Withdrawal Option (IDCW);INF200K01545;INF200K01552;116.7600;;;13-Jan-2026
153015;SBI Nifty India Consumption Index Fund- Direct Plan- Growth;INF200KB1449;;10.4801;;;13-Jan-2026
153014;SBI Nifty India Consumption Index Fund- Direct Plan- IDCW Payout;INF200KB1456;INF200KB1464;10.4801;;;13-Jan-2026
153012;SBI Nifty India Consumption Index Fund- Regular Plan- Growth;INF200KB1415;;10.4191;;;13-Jan-2026
153013;SBI Nifty India Consumption Index Fund- Regular Plan- IDCW Payout;INF200KB1423;INF200KB1431;10.4191;;;13-Jan-2026
153320;SBI Nifty IT Index Fund - Direct Plan - Growth;INF200KB1621;;9.5775;;;13-Jan-2026
153321;SBI Nifty IT Index Fund - Direct Plan - Income Distribution Cum Withdrawal Option (IDCW);INF200KB1639;INF200KB1647;9.5776;;;13-Jan-2026
153323;SBI Nifty IT Index Fund - Regular Plan - Growth;INF200KB1597;;9.5364;;;13-Jan-2026
153322;SBI Nifty IT Index Fund - Regular Plan - Income Distribution Cum Capital Withdrawal Option (IDCW);INF200KB1605;INF200KB1613;9.5364;;;13-Jan-2026
150673;SBI Nifty Midcap 150 Index Fund - Direct Plan - Growth;INF200KA10P5;;19.0530;;;13-Jan-2026
150675;SBI Nifty Midcap 150 Index Fund - Direct Plan - Income Distribution cum Capital Withdrawal Option (IDCW);INF200KA11P3;INF200KA12P1;19.0524;;;13-Jan-2026
150672;SBI Nifty Midcap 150 Index Fund - Regular Plan - Growth;INF200KA17O3;;18.7276;;;13-Jan-2026
150674;SBI Nifty Midcap 150 Index Fund - Regular Plan - Income Distribution cum Capital Withdrawal Option (IDCW);INF200KA18O1;INF200KA19O9;18.7279;;;13-Jan-2026
148945;SBI Nifty Next 50 Index Fund - Direct Plan - Growth;INF200KA1W00;;18.9249;;;13-Jan-2026
148946;SBI Nifty Next 50 Index Fund - Direct Plan - Income Distribution cum Capital Withdrawal Option (IDCW);INF200KA1W18;INF200KA1W26;18.9238;;;13-Jan-2026
148943;SBI Nifty Next 50 Index Fund - Regular Plan - Growth;INF200KA1V76;;18.5138;;;13-Jan-2026
148944;SBI Nifty Next 50 Index Fund - Regular Plan - Income Distribution cum Capital Withdrawal Option (IDCW);INF200KA1V84;INF200KA1V92;18.5141;;;13-Jan-2026
150677;SBI Nifty Smallcap 250 Index Fund - Direct Plan - Growth;INF200KA16P2;;17.6639;;;13-Jan-2026
150678;SBI Nifty Smallcap 250 Index Fund - Direct Plan - Income Distribution cum Capital Withdrawal Option (IDCW);INF200KA17P0;INF200KA18P8;17.6635;;;13-Jan-2026
150676;SBI Nifty Smallcap 250 Index Fund - Regular Plan - Growth;INF200KA13P9;;17.3560;;;13-Jan-2026
150679;SBI Nifty Smallcap 250 Index Fund - Regular Plan - Income Distribution cum Capital Withdrawal Option (IDCW);INF200KA14P7;INF200KA15P4;17.3566;;;13-Jan-2026
153718;SBI Nifty100 Low Volatility 30 Index Fund- Direct Plan- Growth;INF200KB1936;;10.6279;;;13-Jan-2026
153716;SBI Nifty100 Low Volatility 30 Index Fund- Regular Plan- Growth;INF200KB1902;;10.6084;;;13-Jan-2026
153717;SBI Nifty100 Low Volatility 30 Index Fund- Regular Plan- Income Cum Distribution Capital Withdrawal Option (IDCW);INF200KB1910;INF200KB1928;10.6084;;;13-Jan-2026
153719;SBI Nifty100 Low Volatility 30 Index Fund-Direct  Plan- Income Cum Distribution Capital Withdrawal Option (IDCW);INF200KB1944;INF200KB1951;10.6279;;;13-Jan-2026
153662;SBI Nifty200 Momentum 30 Index Fund- Direct Plan- Growth;INF200KB1878;;9.8215;;;13-Jan-2026
153665;SBI Nifty200 Momentum 30 Index Fund- Direct Plan- Income Cum Distribution Capital Withdrawal Option (IDCW);INF200KB1886;INF200KB1894;9.8217;;;13-Jan-2026
153663;SBI Nifty200 Momentum 30 Index Fund- Regular Plan- Growth;INF200KB1845;;9.8020;;;13-Jan-2026
153664;SBI Nifty200 Momentum 30 Index Fund- Regular Plan- Income Distribution Cum Capital Withdrawal Option (IDCW);INF200KB1852;INF200KB1860;9.8021;;;13-Jan-2026
153557;SBI Nifty200 Quality 30 Index Fund- Direct Plan- Income Distribution Cum Capital Withdrawal Option;INF200KB1829;INF200KB1837;10.4458;;;13-Jan-2026
153556;SBI Nifty200 Quality 30 Index Fund- Regular Plan- Income Cum Distribution Withdrawal Option;INF200KB1795;INF200KB1803;10.4210;;;13-Jan-2026
153555;SBI Nifty200 Quality 30 Index Fund-Direct Plan- Growth;INF200KB1811;;10.4458;;;13-Jan-2026
153554;SBI Nifty200 Quality 30 Index Fund-Regular Plan- Growth;INF200KB1787;;10.4210;;;13-Jan-2026
152370;SBI Nifty50 Equal Weight Index Fund - Direct Plan - Growth;INF200KB1027;;12.3385;;;13-Jan-2026
152371;SBI Nifty50 Equal Weight Index Fund - Direct Plan - Income Distribution Cum Capital Withdrawal Option;INF200KB1035;INF200KB1043;12.3378;;;13-Jan-2026
152372;SBI Nifty50 Equal Weight Index Fund - Regular Plan - Growth;INF200KA18Z7;;12.2206;;;13-Jan-2026
152373;SBI Nifty50 Equal Weight Index Fund - Regular Plan - Income Distribution Cum Capital Withdrawal Option;INF200KA19Z5;INF200KB1019;12.2205;;;13-Jan-2026

Sundaram Mutual Fund
149483;Sundaram Nifty 100 Equal Weight Fund (Formerly Known as Principal Nifty 100 Equal Weight Fund) - Direct Plan - Growth Option;INF173K01EZ4;;188.1479;;;13-Jan-2026
149482;Sundaram Nifty 100 Equal Weight Fund (Formerly Known as Principal Nifty 100 Equal Weight Fund)- Direct Plan - Income Distribution CUM Capital Withdrawal Option;INF173K01EW1;INF173K01EX9;82.6529;;;13-Jan-2026
149481;Sundaram Nifty 100 Equal Weight Fund (Formerly Known as Principal Nifty 100 Equal Weight Fund)-Growth;INF173K01AG2;;178.2024;;;13-Jan-2026
149480;Sundaram Nifty 100 Equal Weight Fund (Formerly Known as Principal Nifty 100 Equal Weight Fund-Income Distribution CUM Capital Withdrawal;INF173K01AH0;INF173K01AI8;78.2661;;;13-Jan-2026

Tata Mutual Fund
154066;Tata BSE Multicap Consumption 50:30:20 Index Fund - Direct Plan Growth Option;INF277KA1EP8;;9.8019;;;13-Jan-2026
154069;Tata BSE Multicap Consumption 50:30:20 Index Fund - Direct Plan IDCW Payout Option;INF277KA1ER4;;9.8019;;;13-Jan-2026
154068;Tata BSE Multicap Consumption 50:30:20 Index Fund - Direct Plan IDCW Reinvestment Option;;INF277KA1EQ6;9.8019;;;13-Jan-2026
154064;Tata BSE Multicap Consumption 50:30:20 Index Fund - Regular Plan Growth Option;INF277KA1EM5;;9.7985;;;13-Jan-2026
154065;Tata BSE Multicap Consumption 50:30:20 Index Fund - Regular Plan IDCW Payout Option;INF277KA1EO1;;9.7985;;;13-Jan-2026
154067;Tata BSE Multicap Consumption 50:30:20 Index Fund - Regular Plan IDCW Reinvestment Option;;INF277KA1EN3;9.7985;;;13-Jan-2026
153420;Tata BSE Quality Index Fund Direct plan Growth Option;INF277KA1DK1;;11.2813;;;13-Jan-2026
153421;Tata BSE Quality Index Fund Direct plan IDCW Payout Option;INF277KA1DO3;;11.2813;;;13-Jan-2026
153422;Tata BSE Quality Index Fund Direct plan IDCW Reinvestment Option;;INF277KA1DP0;11.2813;;;13-Jan-2026
153425;Tata BSE Quality Index Fund Regular plan Growth Option;INF277KA1DH7;;11.2144;;;13-Jan-2026
153424;Tata BSE Quality Index Fund Regular plan IDCW Payout Option;INF277KA1DJ3;;11.2144;;;13-Jan-2026
153423;Tata BSE Quality Index Fund Regular plan IDCW Reinvestment Option;;INF277KA1DI5;11.2144;;;13-Jan-2026
153132;Tata BSE Select Business Groups Index Fund - Direct Growth;INF277KA1DA2;;10.3251;;;13-Jan-2026
153131;Tata BSE Select Business Groups Index Fund - Direct IDCW Payout;INF277KA1DC8;;10.3251;;;13-Jan-2026
153135;Tata BSE Select Business Groups Index Fund - Direct IDCW Reinvestment;;INF277KA1DB0;10.3251;;;13-Jan-2026
153134;Tata BSE Select Business Groups Index Fund - Regular Growth;INF277KA1CX6;;10.2363;;;13-Jan-2026
153133;Tata BSE Select Business Groups Index Fund - Regular IDCW Payout;INF277KA1CZ1;;10.2363;;;13-Jan-2026
153136;Tata BSE Select Business Groups Index Fund - Regular IDCW Reinvestment;;INF277KA1CY4;10.2363;;;13-Jan-2026
119287;Tata S&P BSE Sensex Index Fund - Direct Plan;INF277K01PK1;;222.7977;;;13-Jan-2026
101746;Tata S&P BSE Sensex Index Fund -Regular Plan;INF277K01758;;210.2097;;;13-Jan-2026
150692;TATA CRISIL-IBX GILT INDEX - APRIL 2026 INDEX FUND - DIRECT PLAN - GROWTH;INF277KA1554;;12.6161;;;13-Jan-2026
150693;TATA CRISIL-IBX GILT INDEX - APRIL 2026 INDEX FUND - DIRECT PLAN - IDCW PAYOUT;INF277KA1570;;12.6161;;;13-Jan-2026
150697;TATA CRISIL-IBX GILT INDEX - APRIL 2026 INDEX FUND - DIRECT PLAN - IDCW REINVESTMENT;;INF277KA1562;12.6161;;;13-Jan-2026
150694;TATA CRISIL-IBX GILT INDEX - APRIL 2026 INDEX FUND - REGULAR PLAN - GROWTH;INF277KA1588;;12.5111;;;13-Jan-2026
150695;TATA CRISIL-IBX GILT INDEX - APRIL 2026 INDEX FUND - REGULAR PLAN - IDCW PAYOUT;INF277KA1604;;12.5111;;;13-Jan-2026
150696;TATA CRISIL-IBX GILT INDEX - APRIL 2026 INDEX FUND - REGULAR PLAN - IDCW REINVESTMENT;;INF277KA1596;12.5111;;;13-Jan-2026
119288;Tata Nifty 50 Index Fund -Direct Plan;INF277K01PJ3;;173.9378;;;13-Jan-2026
101659;Tata Nifty 50 Index Fund -Regular Plan;INF277K01741;;160.1288;;;13-Jan-2026
152557;Tata Nifty Auto Index Fund - Direct Plan - Growth;INF277KA1AU6;;12.6562;;;13-Jan-2026
152559;Tata Nifty Auto Index Fund - Direct Plan - IDCW payout;INF277KA1AV4;;12.6562;;;13-Jan-2026
152558;Tata Nifty Auto Index Fund - Direct Plan - IDCW Reinvestment;;INF277KA1AW2;12.6562;;;13-Jan-2026
152560;Tata Nifty Auto Index Fund - Regular Plan - Growth;INF277KA1AR2;;12.5103;;;13-Jan-2026
152561;Tata Nifty Auto Index Fund - Regular Plan - IDCW Payout;INF277KA1AS0;;12.5103;;;13-Jan-2026
152556;Tata Nifty Auto Index Fund - Regular Plan - IDCW Reinvestment;;INF277KA1AT8;12.5103;;;13-Jan-2026
152951;Tata Nifty Capital Markets Index Fund - Direct Plan Growth Option;INF277KA1CO5;;12.7086;;;13-Jan-2026
152953;Tata Nifty Capital Markets Index Fund - Direct Plan IDCW Payout Option;INF277KA1CQ0;;12.7086;;;13-Jan-2026
152952;Tata Nifty Capital Markets Index Fund - Direct Plan IDCW Reinvestment Option;;INF277KA1CP2;12.7086;;;13-Jan-2026
152954;Tata Nifty Capital Markets Index Fund - Regular Plan Growth Option;INF277KA1CL1;;12.6112;;;13-Jan-2026
152956;Tata Nifty Capital Markets Index Fund - Regular Plan IDCW Payout Option;INF277KA1CN7;;12.6112;;;13-Jan-2026
152955;Tata Nifty Capital Markets Index Fund - Regular Plan IDCW Reinvestment Option;;INF277KA1CM9;12.6112;;;13-Jan-2026
152577;Tata Nifty Financial Services Index Fund - Direct Plan - Growth;INF277KA1BA6;;12.9337;;;13-Jan-2026
152579;Tata Nifty Financial Services Index Fund - Direct Plan - IDCW Payout;INF277KA1BB4;;12.9337;;;13-Jan-2026
152578;Tata Nifty Financial Services Index Fund - Direct Plan - IDCW Reinvestment;;INF277KA1BC2;12.9337;;;13-Jan-2026
152574;Tata Nifty Financial Services Index Fund - Regular Plan - Growth;INF277KA1AX0;;12.7851;;;13-Jan-2026
152575;Tata Nifty Financial Services Index Fund - Regular Plan - IDCW Payout;INF277KA1AY8;;12.7851;;;13-Jan-2026
152576;Tata Nifty Financial Services Index Fund - Regular Plan - IDCW Reinvestment;;INF277KA1AZ5;12.7851;;;13-Jan-2026
151301;Tata Nifty G Sec Dec 2026 Index Fund-Direct Plan-Growth;INF277KA1794;;12.4155;;;13-Jan-2026
151302;Tata Nifty G Sec Dec 2026 Index Fund-Direct Plan-IDCW Payout;INF277KA1810;;12.4155;;;13-Jan-2026
151305;Tata Nifty G Sec Dec 2026 Index Fund-Direct Plan-IDCW Reinvestment;;INF277KA1802;12.4155;;;13-Jan-2026
151306;Tata Nifty G Sec Dec 2026 Index Fund-Regular Plan-Growth;INF277KA1828;;12.2922;;;13-Jan-2026
151304;Tata Nifty G Sec Dec 2026 Index Fund-Regular Plan-IDCW Payout;INF277KA1844;;12.2922;;;13-Jan-2026
151303;Tata Nifty G SEc Dec 2026 Index Fund-Regular Plan-IDCW Reinvestment;;INF277KA1836;12.2922;;;13-Jan-2026
151273;Tata Nifty G-Sec Dec 2029 Index Fund - Direct Plan - Growth;INF277KA1737;;12.7140;;;13-Jan-2026
151274;Tata Nifty G-Sec Dec 2029 Index Fund - Direct Plan - IDCW Payout;INF277KA1752;;12.7140;;;13-Jan-2026
151278;Tata Nifty G-Sec Dec 2029 Index Fund - Direct Plan - IDCW Reinvestment;;INF277KA1745;12.7140;;;13-Jan-2026
151275;Tata Nifty G-Sec Dec 2029 Index Fund - Regular Plan - Growth;INF277KA1760;;12.5840;;;13-Jan-2026
151277;Tata Nifty G-Sec Dec 2029 Index Fund - Regular Plan - IDCW Payout;INF277KA1786;;12.5840;;;13-Jan-2026
151276;Tata Nifty G-Sec Dec 2029 Index Fund - Regular Plan - IDCW Reinvestment;;INF277KA1778;12.5840;;;13-Jan-2026
152742;Tata Nifty India Tourism Index Fund - Direct - Growth;INF277KA1CC0;;9.2711;;;13-Jan-2026
152744;Tata Nifty India Tourism Index Fund - Direct - IDCW Payout;INF277KA1CD8;;9.2711;;;13-Jan-2026
152743;Tata Nifty India Tourism Index Fund - Direct - IDCW Reinvestment;;INF277KA1CE6;9.2711;;;13-Jan-2026
152746;Tata Nifty India Tourism Index Fund - Regular - Growth;INF277KA1BZ3;;9.1763;;;13-Jan-2026
152745;Tata Nifty India Tourism Index Fund - Regular - IDCW Payout;INF277KA1CA4;;9.1763;;;13-Jan-2026
152747;Tata Nifty India Tourism Index Fund - Regular - IDCW Reinvestment;;INF277KA1CB2;9.1763;;;13-Jan-2026
153581;Tata Nifty Midcap 150 Index Fund - Direct Plan - Growth Option;INF277KA1DZ9;;10.4100;;;13-Jan-2026
153579;Tata Nifty Midcap 150 Index Fund - Direct Plan - IDCW Payout Option;INF277KA1EB8;;10.4100;;;13-Jan-2026
153577;Tata Nifty Midcap 150 Index Fund - Direct Plan - IDCW Reinvestment Option;;INF277KA1EA0;10.4100;;;13-Jan-2026
153580;Tata Nifty Midcap 150 Index Fund - Regular Plan - Growth Option;INF277KA1DW6;;10.3534;;;13-Jan-2026
153582;Tata Nifty Midcap 150 Index Fund - Regular Plan - IDCW Payout Option;INF277KA1DY2;;10.3534;;;13-Jan-2026
153578;Tata Nifty Midcap 150 Index Fund - Regular Plan - IDCW Reinvestment Option;;INF277KA1DX4;10.3534;;;13-Jan-2026
150738;Tata Nifty Midcap 150 Momentum 50 Index Fund - Growth - Direct Plan;INF277KA1612;;17.8571;;;13-Jan-2026
150741;Tata Nifty Midcap 150 Momentum 50 Index Fund - Growth - Regular Plan;INF277KA1646;;17.4391;;;13-Jan-2026
150740;Tata Nifty Midcap 150 Momentum 50 Index Fund - IDCW Payout - Direct Plan;INF277KA1638;;17.8571;;;13-Jan-2026
150742;Tata Nifty Midcap 150 Momentum 50 Index Fund - IDCW Payout - Regular Plan;INF277KA1661;;17.4391;;;13-Jan-2026
150739;Tata Nifty Midcap 150 Momentum 50 Index Fund - IDCW Reinvestment - Direct Plan;;INF277KA1620;17.8571;;;13-Jan-2026
150743;Tata Nifty Midcap 150 Momentum 50 Index Fund - IDCW Reinvestment - Regular Plan;;INF277KA1653;17.4391;;;13-Jan-2026
152564;Tata Nifty MidSmall Healthcare Index Fund - Direct Plan - Growth;INF277KA1BG3;;12.8209;;;13-Jan-2026
152565;Tata Nifty MidSmall Healthcare Index Fund - Direct Plan - IDCW Payout;INF277KA1BH1;;12.8209;;;13-Jan-2026
152566;Tata Nifty MidSmall Healthcare Index Fund - Direct Plan - IDCW Reinvestment;;INF277KA1BI9;12.8209;;;13-Jan-2026
152567;Tata Nifty MidSmall Healthcare Index Fund - Regular Plan - Growth;INF277KA1BD0;;12.6744;;;13-Jan-2026
152562;Tata Nifty MidSmall Healthcare Index Fund - Regular Plan - IDCW Payout;INF277KA1BE8;;12.6744;;;13-Jan-2026
152563;Tata Nifty MidSmall Healthcare Index Fund - Regular Plan - IDCW Reinvestment;;INF277KA1BF5;12.6744;;;13-Jan-2026
153858;Tata Nifty Next 50 Index Fund - Direct Plan Growth Option;INF277KA1EJ1;;10.0597;;;13-Jan-2026
153854;Tata Nifty Next 50 Index Fund - Direct Plan IDCW Payout Option;INF277KA1EL7;;10.0597;;;13-Jan-2026
153853;Tata Nifty Next 50 Index Fund - Direct Plan IDCW Reinvestment Option;;INF277KA1EK9;10.0597;;;13-Jan-2026
153855;Tata Nifty Next 50 Index Fund - Regular Plan Growth Option;INF277KA1EG7;;10.0349;;;13-Jan-2026
153857;Tata Nifty Next 50 Index Fund - Regular Plan IDCW Payout Option;INF277KA1EI3;;10.0349;;;13-Jan-2026
153856;Tata Nifty Next 50 Index Fund - Regular Plan IDCW Reinvestment Option;;INF277KA1EH5;10.0349;;;13-Jan-2026
152570;Tata Nifty Realty Index Fund - Direct Plan - Growth;INF277KA1AO9;;8.8181;;;13-Jan-2026
152571;Tata Nifty Realty Index Fund - Direct Plan - IDCW Payout;INF277KA1AP6;;8.8181;;;13-Jan-2026
152572;Tata Nifty Realty Index Fund - Direct Plan - IDCW Reinvestment;;INF277KA1AQ4;8.8181;;;13-Jan-2026
152573;Tata Nifty Realty Index Fund - Regular Plan - Growth;INF277KA1AL5;;8.7125;;;13-Jan-2026
152568;Tata Nifty Realty Index Fund - Regular Plan - IDCW Payout;INF277KA1AM3;;8.7125;;;13-Jan-2026
152569;Tata Nifty Realty Index Fund - Regular Plan - IDCW Reinvestment;;INF277KA1AN1;8.7125;;;13-Jan-2026
150331;Tata Nifty SDL Plus AAA PSU Bond Dec 6040 Index Fund -Regular Plan-IDCW Payout;INF277KA1414;;12.7634;;;13-Jan-2026
150326;Tata Nifty SDL Plus AAA PSU Bond Dec 6040 Index Fund- Direct Plan-Growth;INF277KA1372;;12.8959;;;13-Jan-2026
150328;Tata Nifty SDL Plus AAA PSU Bond Dec 6040 Index Fund-Direct Plan- IDCW Reinvestment;;INF277KA1398;12.8959;;;13-Jan-2026
150327;Tata Nifty SDL Plus AAA PSU Bond Dec 6040 Index Fund-Direct Plan-IDCW Payout;INF277KA1380;;12.8959;;;13-Jan-2026
150330;Tata Nifty SDL Plus AAA PSU Bond Dec 6040 Index Fund-Regular Plan -Growth;INF277KA1406;;12.7634;;;13-Jan-2026
150329;Tata Nifty SDL Plus AAA PSU Bond Dec 6040 Index Fund-Regular Plan- IDCW Reinvestment;;INF277KA1422;12.7634;;;13-Jan-2026
152837;Tata Nifty200 Alpha 30 Index Fund - Direct - IDCW Payout;INF277KA1CJ5;;8.4327;;;13-Jan-2026
152833;Tata Nifty200 Alpha 30 Index Fund - Direct - IDCW Reinvestment;;INF277KA1CK3;8.4327;;;13-Jan-2026
152836;Tata Nifty200 Alpha 30 Index Fund - Direct -Growth;INF277KA1CI7;;8.4327;;;13-Jan-2026
152835;Tata Nifty200 Alpha 30 Index Fund - Regular - IDCW Payout;INF277KA1CG1;;8.3548;;;13-Jan-2026
152838;Tata Nifty200 Alpha 30 Index Fund - Regular - IDCW Reinvestment;;INF277KA1CH9;8.3548;;;13-Jan-2026
152834;Tata Nifty200 Alpha 30 Index Fund - Regular -Growth;INF277KA1CF3;;8.3548;;;13-Jan-2026
152588;Tata Nifty500 Multicap India Manufacturing 50:30:20 Index Fund -Direct Plan-Growth;INF277KA1BM1;;11.6193;;;13-Jan-2026
152589;Tata Nifty500 Multicap India Manufacturing 50:30:20 Index Fund -Direct Plan-IDCW-Payout;INF277KA1BN9;;11.6193;;;13-Jan-2026
152593;Tata Nifty500 Multicap India Manufacturing 50:30:20 Index Fund -Direct Plan-IDCW-Reinvestment;;INF277KA1BO7;11.6193;;;13-Jan-2026
152592;Tata Nifty500 Multicap India Manufacturing 50:30:20 Index Fund -Regular Plan -IDCW-Reinvestment;;INF277KA1BL3;11.4873;;;13-Jan-2026
152590;Tata Nifty500 Multicap India Manufacturing 50:30:20 Index Fund -Regular Plan-Growth;INF277KA1BJ7;;11.4873;;;13-Jan-2026
152591;Tata Nifty500 Multicap India Manufacturing 50:30:20 Index Fund -Regular Plan-IDCW Payout;INF277KA1BK5;;11.4873;;;13-Jan-2026
152595;Tata Nifty500 Multicap Infrastructure 50:30:20 Index Fund - Direct Plan - Growth;INF277KA1BS8;;10.6392;;;13-Jan-2026
152598;Tata Nifty500 Multicap Infrastructure 50:30:20 Index Fund - Direct Plan - IDCW Payout;INF277KA1BT6;;10.6392;;;13-Jan-2026
152594;Tata Nifty500 Multicap Infrastructure 50:30:20 Index Fund - Direct Plan - IDCW Reinvestment;;INF277KA1BU4;10.6392;;;13-Jan-2026
152596;Tata Nifty500 Multicap Infrastructure 50:30:20 Index Fund - Regular Plan - Growth;INF277KA1BP4;;10.5142;;;13-Jan-2026
152597;Tata Nifty500 Multicap Infrastructure 50:30:20 Index Fund - Regular Plan - IDCW Payout;INF277KA1BQ2;;10.5142;;;13-Jan-2026
152599;Tata Nifty500 Multicap Infrastructure 50:30:20 Index Fund - Regular Plan - IDCW Reinvestment;;INF277KA1BR0;10.5142;;;13-Jan-2026

Taurus Mutual Fund
118881;Taurus Nifty 50 Index Fund - Direct Plan - Growth;INF044D01CQ5;;52.1325;;;13-Jan-2026
118882;Taurus Nifty 50 Index Fund - Direct Plan - Payout of Income Distribution cum Capital Withdrawal option;INF044D01CR3;INF044D01CS1;48.7901;;;13-Jan-2026
112948;Taurus Nifty 50 Index Fund - Regular Plan - Growth;INF044D01948;;48.8824;;;13-Jan-2026
112949;Taurus Nifty 50 Index Fund - Regular Plan - Payout of Income Distribution cum Capital Withdrawal option;INF044D01914;INF044D01922;31.1665;;;13-Jan-2026

UTI Mutual Fund
143341;UTI Nifty Next 50 Index Fund - Direct Plan - Growth Option;INF789FC12T1;;25.3236;;;13-Jan-2026
143340;UTI Nifty Next 50 Index Fund - Regular Plan - Growth Option;INF789FC11T3;;24.3786;;;13-Jan-2026
151764;UTI BSE Housing Index Fund - Direct Plan - Growth Option;INF789F1AYR1;;14.1559;;;13-Jan-2026
151763;UTI BSE Housing Index Fund - Regular Plan - Growth Option;INF789F1AYS9;;13.992;;;13-Jan-2026
149881;UTI BSE Low Volatility Index Fund - Direct Plan  - Growth Option;INF789F1AVF2;;17.3235;;;13-Jan-2026
149880;UTI BSE Low Volatility Index Fund - Regular Plan - Growth Option;INF789F1AVE5;;17.0134;;;13-Jan-2026
149803;UTI BSE Sensex Index Fund - Direct Plan - Growth Option;INF789F1AVD7;;15.02;;;13-Jan-2026
149802;UTI BSE Sensex Index Fund - Regular Plan  -Growth Option;INF789F1AVC9;;14.9622;;;13-Jan-2026
151185;UTI CRISIL SDL Maturity April 2033 Index Fund - Direct Plan - Growth Option;INF789F1AWX3;;12.5697;;;13-Jan-2026
151184;UTI CRISIL SDL Maturity April 2033 Index Fund - Regular Plan - Growth Option;INF789F1AWW5;;12.4717;;;13-Jan-2026
151239;UTI CRISIL SDL Maturity June 2027 Index Fund - Direct Plan - Growth Option;INF789F1AWZ8;;12.5183;;;13-Jan-2026
151238;UTI CRISIL SDL Maturity June 2027 Index Fund - Regular Plan - Growth Option;INF789F1AWY1;;12.4253;;;13-Jan-2026
148703;UTI Nifty 200 Momentum 30 Index Fund - Direct Plan - Growth Option;INF789F1AUT5;;21.4111;;;13-Jan-2026
148704;UTI Nifty 200 Momentum 30 Index Fund - Regular Plan - Growth Option;INF789F1AUS7;;20.9061;;;13-Jan-2026
152859;UTI Nifty 200 Quality 30 Index Fund - Direct Plan - Growth Option;INF789F1AZH9;;9.3135;;;13-Jan-2026
152858;UTI Nifty 200 Quality 30 Index Fund - Regular Plan - Growth Option;INF789F1AZG1;;9.2474;;;13-Jan-2026
120717;UTI Nifty 50 Index Fund - Direct Plan - IDCW;INF789F01WY2;INF789F01WZ9;90.5657;;;13-Jan-2026
120716;UTI Nifty 50 Index Fund - Growth Option- Direct;INF789F01XA0;;179.7602;;;13-Jan-2026
100822;UTI Nifty 50 Index Fund - Regular Plan - Growth Option;INF789F01JN2;;177.1617;;;13-Jan-2026
100823;UTI Nifty 50 Index Fund - Regular Plan - IDCW;INF789F01JL6;INF789F01JM4;89.2538;;;13-Jan-2026
151739;UTI Nifty 500 Value 50 Index Fund - Direct Plan - Growth Option;INF789F1AYN0;;21.5326;;;13-Jan-2026
151738;UTI Nifty 500 Value 50 Index Fund - Regular Plan - Growth Option;INF789F1AYO8;;21.258;;;13-Jan-2026
153086;UTI Nifty Alpha Low-Volatility 30 Index Fund - Direct Plan - Growth Option;INF789F1AZM9;;9.8476;;;13-Jan-2026
153087;UTI Nifty Alpha Low-Volatility 30 Index Fund - Regular Plan - Growth Option;INF789F1AZL1;;9.7885;;;13-Jan-2026
153270;UTI Nifty India Manufacturing Index Fund - Direct Plan - Growth Option;INF789F1AB48;;11.8302;;;13-Jan-2026
153271;UTI Nifty India Manufacturing Index Fund - Regular Plan - Growth Option;INF789F1AB30;;11.7769;;;13-Jan-2026
153089;UTI Nifty Midcap 150 Index Fund - Direct Plan - Growth Option;INF789F1AZO5;;10.5002;;;13-Jan-2026
153088;UTI Nifty Midcap 150 Index Fund - Regular Plan - Growth Option;INF789F1AZN7;;10.4386;;;13-Jan-2026
150313;UTI Nifty Midcap 150 Quality 50 Index Fund - Direct Plan - Growth Option;INF789F1AVH8;;14.0277;;;13-Jan-2026
150312;UTI Nifty Midcap 150 Quality 50 Index Fund - Regular Plan - Growth Option;INF789F1AVG0;;13.7879;;;13-Jan-2026
153272;UTI Nifty Midsmallcap 400 Momentum Quality 100 Index Fund - Direct Plan - Growth Option;INF789F1AB22;;10.708;;;13-Jan-2026
153273;UTI Nifty Midsmallcap 400 Momentum Quality 100 Index Fund - Regular Plan - Growth Option;INF789F1AB06;;10.6562;;;13-Jan-2026
152864;UTI Nifty Private Bank Index Fund - Direct Plan - Growth Option;INF789F1AZJ5;;10.5914;;;13-Jan-2026
152865;UTI Nifty Private Bank Index Fund - Regular Plan - Growth Option;INF789F1AZI7;;10.5172;;;13-Jan-2026
151364;UTI NIFTY SDL Plus AAA PSU Bond Apr 2026 75:25 Index Fund - Direct Plan - Growth Option;INF789F1AXL6;;12.3361;;;13-Jan-2026
151363;UTI NIFTY SDL Plus AAA PSU Bond Apr 2026 75:25 Index Fund - Regular Plan - Growth Option;INF789F1AXK8;;12.2475;;;13-Jan-2026
151487;UTI NIFTY SDL Plus AAA PSU Bond Apr 2028- 75:25 Index Fund - Direct Plan - Growth Option;INF789F1AXR3;;12.5158;;;13-Jan-2026
151488;UTI NIFTY SDL Plus AAA PSU Bond Apr 2028- 75:25 Index Fund - Regular Plan - Growth Option;INF789F1AXQ5;;12.4366;;;13-Jan-2026
151762;UTI Nifty50 Equal Weight Index Fund - Direct Plan - Growth Option;INF789F1AYP5;;15.2888;;;13-Jan-2026
151761;UTI Nifty50 Equal Weight Index Fund - Regular Plan - Growth Option;INF789F1AYQ3;;15.1099;;;13-Jan-2026

Zerodha Mutual Fund
153932;Zerodha BSE SENSEX Index Fund;INF0R8F01174;;10.0273;;;13-Jan-2026
152157;Zerodha ELSS Tax Saver Nifty LargeMidcap 250 Index Fund - Direct Plan - Growth option;INF0R8F01026;;14.2545;;;13-Jan-2026
153906;Zerodha Nifty 50 Index Fund - Direct Plan - Growth;INF0R8F01158;;10.22;;;13-Jan-2026
152156;Zerodha Nifty LargeMidcap 250 Index Fund - Direct Plan - Growth option;INF0R8F01018;;14.2344;;;13-Jan-2026

Open Ended Schemes ( Other Scheme - Gold ETF )


360 ONE Mutual Fund
153357;360 ONE Gold ETF;INF579M01BB5;;136.4498;;;13-Jan-2026

Aditya Birla Sun Life Mutual Fund
115127;Aditya Birla Sun Life Gold ETF;INF209KB18D3;;122.8135;;;13-Jan-2026

Angel One Mutual Fund
153826;ANGEL ONE GOLD ETF;INF1J2R01114;;13.0482;;;13-Jan-2026

Axis Mutual Fund
113434;Axis Gold ETF;INF846K01W80;;116.6007;;;13-Jan-2026

Bandhan Mutual Fund
153930;Bandhan Gold ETF;INF194KB1KJ7;;139.5361;;;13-Jan-2026

Baroda BNP Paribas Mutual Fund
152231;Baroda BNP Paribas Gold ETF;INF251K01SU9;;135.3080;;;13-Jan-2026

Choice Mutual Fund
153933;Choice Gold ETF;INF2KCX01012;;138.8868;;;13-Jan-2026

DSP Mutual Fund
151737;DSP Gold ETF;INF740KA1SW3;;135.714;;;13-Jan-2026

Edelweiss Mutual Fund
152193;Edelweiss Gold ETF;INF754K01SE6;;139.6576;;;13-Jan-2026

Groww Mutual Fund
152957;Groww Gold ETF;INF666M01IW1;;136.7124;;;13-Jan-2026

HDFC Mutual Fund
113049;HDFC Gold ETF - Growth Option;INF179KC1981;;119.4085;;;13-Jan-2026

ICICI Prudential Mutual Fund
113076;ICICI Prudential Gold ETF;INF109KC1NT3;;119.6482;;;13-Jan-2026

Invesco Mutual Fund
112368;Invesco India Gold Exchange Traded Fund;INF205K01361;;12220.3679;;;13-Jan-2026

Kotak Mahindra Mutual Fund
106193;KOTAK GOLD ETF;INF174KA1HJ8;;116.6071;;;13-Jan-2026

LIC Mutual Fund
151961;LIC MF Gold Exchange Traded Fund;INF397L01554;;12576.9021;;;13-Jan-2026

Mirae Asset Mutual Fund
151416;Mirae Asset Gold ETF;INF769K01JP9;;135.7773;;;13-Jan-2026

Motilal Oswal Mutual Fund
153780;Motilal Oswal Gold ETF;INF247L01FY4;;138.3370;;;13-Jan-2026

Nippon India Mutual Fund
140088;Nippon India ETF Gold BeES;INF204KB17I5;;115.7210;;;13-Jan-2026

Quantum Mutual Fund
107693;Quantum Gold Fund;INF082J01408;;115.7571;;;13-Jan-2026

SBI Mutual Fund
111954;SBI Gold ETF;INF200KA16D8;;119.2300;;;13-Jan-2026

Tata Mutual Fund
152284;Tata Gold Exchange Traded Fund;INF277KA1976;;13.6899;;;13-Jan-2026

The Wealth Company Mutual Fund
154092;The Wealth Company Gold ETF;INF2F0001370;;139.7991;;;13-Jan-2026

Union Mutual Fund
153337;Union Gold ETF;INF582M01KS4;;136.8678;;;13-Jan-2026

UTI Mutual Fund
105463;UTI GOLD Exchange Traded Fund;INF789F1AUX7;;117.7022;;;13-Jan-2026

Zerodha Mutual Fund
152476;Zerodha Gold ETF;INF0R8F01042;;22.0078;;;13-Jan-2026

Open Ended Schemes ( Other Scheme - Other  ETFs )


360 ONE Mutual Fund
153415;360 ONE Silver ETF;INF579M01BC3;;254.6213;;;13-Jan-2026

Aditya Birla Sun Life Mutual Fund
139581;Aditya Birla Sun Life BSE Sensex ETF;INF209KB10E8;;83.6934;;;13-Jan-2026
152802;Aditya Birla Sun Life Crisil 10 Year Gilt ETF;INF209KC1142;;110.1512;;;13-Jan-2026
152732;ADITYA BIRLA SUN LIFE CRISIL BROAD BASED GILT ETF;INF209KC1134;;111.3485;;;13-Jan-2026
151533;Aditya Birla Sun Life CRISIL Liquid Overnight ETF - IDCW Daily Reinvestment with Weekly Payout;INF209KB18T9;;1000.;;;13-Jan-2026
150498;Aditya Birla Sun Life Nifty 200 Momentum 30 ETF;INF209KB14K7;;31.2783;;;13-Jan-2026
150497;Aditya Birla Sun Life Nifty 200 Quality 30 ETF;INF209KB15K4;;22.1538;;;13-Jan-2026
115512;Aditya Birla Sun Life Nifty 50 ETF;INF209KB19D1;;29.9249;;;13-Jan-2026
147735;Aditya Birla Sun Life Nifty Bank ETF;INF209KB17D5;;60.8553;;;13-Jan-2026
149262;Aditya Birla Sun Life Nifty Healthcare ETF;INF209KB10C2;;14.9647;;;13-Jan-2026
149293;Aditya Birla Sun Life Nifty IT ETF;INF209KB11D8;;41.1341;;;13-Jan-2026
145881;Aditya Birla Sunlife Nifty Next 50 ETF;INF209KB16D7;;71.6827;;;13-Jan-2026
152620;Aditya Birla Sun Life Nifty PSE ETF;INF209KB19Z4;;10.1322;;;13-Jan-2026
149779;Aditya Birla Sun Life Silver ETF;INF209KB19F6;;259.4548;;;13-Jan-2026

Angel One Mutual Fund
153451;ANGEL ONE NIFTY 1D RATE LIQUID ETF - GROWTH;INF1J2R01056;;1042.7176;;;13-Jan-2026
153531;ANGEL ONE NIFTY 50 ETF;INF1J2R01064;;10.5425;;;13-Jan-2026
153332;ANGEL ONE NIFTY TOTAL MARKET ETF;INF1J2R01015;;11.8509;;;13-Jan-2026
153957;ANGEL ONE NIFTY TOTAL MARKET MOMENTUM QUALITY 50 ETF;INF1J2R01148;;9.5801;;;13-Jan-2026

Axis Mutual Fund
151585;Axis BSE Sensex ETF;INF846K010Q0;;86.1290;;;13-Jan-2026
141545;Axis Nifty 50 ETF;INF846K01W98;;282.5341;;;13-Jan-2026
148926;Axis Nifty AAA Bond Plus SDL Apr 2026 50:50 ETF;INF846K01Z04;;13.1704;;;13-Jan-2026
148559;Axis NIFTY Bank ETF;INF846K01X63;;612.3953;;;13-Jan-2026
148934;Axis NIFTY Healthcare ETF;INF846K01Z12;;148.1922;;;13-Jan-2026
149156;Axis NIFTY India Consumption ETF;INF846K016C7;;123.5837;;;13-Jan-2026
148799;Axis IT ETF;INF846K01Y96;;416.3923;;;13-Jan-2026
153414;Axis Nifty500 Value 50 ETF;INF846KA1119;;31.6745;;;13-Jan-2026
150610;Axis Silver ETF;INF846K011K1;;258.3573;;;13-Jan-2026

Bajaj Finserv Mutual Fund
152638;Bajaj Finserv Nifty 1D Rate Liquid ETF;INF0QA701854;;1064.8922;;;13-Jan-2026
152356;Bajaj Finserv Nifty 50 ETF;INF0QA701722;;262.7585;;;13-Jan-2026
152357;Bajaj Finserv Nifty Bank ETF;INF0QA701714;;60.3360;;;13-Jan-2026

Bandhan Mutual Fund
139840;BANDHAN BSE Sensex ETF;INF194KA1T91;;904.5560;;;13-Jan-2026
139839;BANDHAN Nifty 50 ETF;INF194KA1U07;;282.1577;;;13-Jan-2026
153929;Bandhan Silver ETF;INF194KB1KI9;;259.6134;;;13-Jan-2026

Baroda BNP Paribas Mutual Fund
152683;Baroda BNP Paribas Nifty Bank ETF;INF251K01TL6;;59.8462;;;13-Jan-2026

DSP Mutual Fund
152555;DSP BSE Liquid Rate ETF;INF740KA1UM0;;1108.8555;;;13-Jan-2026
151886;DSP BSE Sensex ETF;INF740KA1SZ6;;85.587;;;13-Jan-2026
153228;DSP BSE SENSEX Next 30 ETF;INF740KA1VE5;;40.8708;;;13-Jan-2026
153975;DSP MSCI INDIA ETF;INF740KA1WV7;;30.3058;;;13-Jan-2026
142589;DSP NIFTY 1D Rate Liquid ETF;;INF740KA1EU7;1000;;;13-Jan-2026
149286;DSP Nifty 50 Equal Weight ETF;INF740KA1QK2;;343.8339;;;13-Jan-2026
149392;DSP Nifty 50 ETF;INF740KA1CL0;;268.9188;;;13-Jan-2026
151262;DSP Nifty Bank ETF;INF740KA1RX3;;60.7705;;;13-Jan-2026
152306;DSP Nifty Healthcare ETF;INF740KA1UF4;;146.8688;;;13-Jan-2026
151820;DSP Nifty IT ETF;INF740KA1SX1;;40.02;;;13-Jan-2026
154025;DSP Nifty Midcap 150 ETF;INF740KA1WW5;;21.9096;;;13-Jan-2026
149403;DSP Nifty Midcap 150 Quality 50 ETF;INF740KA1QL0;;243.221;;;13-Jan-2026
154087;DSP Nifty Next 50 ETF;INF740KA1XU7;;68.4796;;;13-Jan-2026
151887;DSP Nifty Private Bank ETF;INF740KA1TA7;;28.9127;;;13-Jan-2026
151888;DSP Nifty PSU Bank ETF;INF740KA1SY9;;87.6801;;;13-Jan-2026
154024;DSP Nifty Smallcap 250 ETF;INF740KA1WX3;;16.1922;;;13-Jan-2026
152812;DSP Nifty Top 10 Equal Weight ETF;INF740KA1UR9;;98.3128;;;13-Jan-2026
153874;DSP Nifty500 Flexicap Quality 30 ETF;INF740KA1WU9;;10.5762;;;13-Jan-2026
150523;DSP Silver ETF;INF740KA1RE3;;250.8209;;;13-Jan-2026

Edelweiss Mutual Fund
147849;Bharat Bond ETF - April 2030;INF754K01KO2;;1560.5835;;;13-Jan-2026
149398;BHARAT Bond ETF - April 2032;INF754K01OB1;;1310.4388;;;13-Jan-2026
150987;BHARAT Bond ETF - April 2033;INF754K01QX0;;1273.5292;;;13-Jan-2026
148445;BHARAT Bond ETF- April 2031;INF754K01LE1;;1394.7591;;;13-Jan-2026
153180;Edelweiss BSE Capital Markets & Insurance  ETF - Growth;INF754K01TX4;;23.9121;;;13-Jan-2026
153947;Edelweiss BSE Sensex ETF - Growth;INF754K01VY8;;83.5612;;;13-Jan-2026
153920;Edelweiss Nifty 1D Rate Liquid ETF - Growth;INF754K01VW2;;1014.3575;;;13-Jan-2026
153966;Edelweiss Nifty 50 ETF - Growth;INF754K01VX0;;25.7096;;;13-Jan-2026
152857;Edelweiss Nifty Bank ETF - Growth;INF754K01TE4;;59.9087;;;13-Jan-2026
153841;Edelweiss Nifty LargeMidcap 250 ETF - Growth;INF754K01VV4;;16.5373;;;13-Jan-2026
152981;Edelweiss Nifty500 Multicap Momentum Quality 50 ETF - Growth;INF754K01TF1;;41.0553;;;13-Jan-2026
152212;Edelweiss Silver ETF;INF754K01SF3;;259.6676;;;13-Jan-2026

Groww Mutual Fund
153744;Groww BSE Power ETF;INF666M01LM6;;9.4788;;;13-Jan-2026
152891;Groww Nifty 1D Rate Liquid ETF;INF666M01IP5;;107.4393;;;13-Jan-2026
153329;Groww Nifty 200 ETF;INF666M01JV1;;11.5753;;;13-Jan-2026
153699;Groww Nifty 50 ETF;INF666M01LL8;;10.3215;;;13-Jan-2026
153583;Groww Nifty 500 Low Volatility 50 ETF;INF666M01LB9;;10.7008;;;13-Jan-2026
153452;Groww Nifty 500 Momentum 50 ETF;INF666M01KJ4;;10.3799;;;13-Jan-2026
153907;Groww Nifty Capital Markets ETF;INF666M01MM4;;9.8336;;;13-Jan-2026
152764;GROWW NIFTY EV & NEW AGE AUTOMOTIVE ETF;INF666M01IH2;;30.8864;;;13-Jan-2026
152845;Groww Nifty India Defence ETF;INF666M01IO8;;78.0311;;;13-Jan-2026
153625;Groww Nifty India Internet ETF;INF666M01LI4;;10.1162;;;13-Jan-2026
153229;Groww Nifty India Railways PSU ETF;INF666M01JJ6;;33.843;;;13-Jan-2026
154034;Groww Nifty Metal ETF;INF666M01NI0;;10.7705;;;13-Jan-2026
153940;Groww Nifty Midcap 150 ETF;INF666M01MV5;;219.2189;;;13-Jan-2026
153785;Groww Nifty Next 50 ETF;INF666M01LZ8;;68.4872;;;13-Jan-2026
153899;Groww Nifty Realty ETF;INF666M01MN2;;9.6055;;;13-Jan-2026
153923;Groww Nifty Smallcap250 ETF;INF666M01MO0;;9.3377;;;13-Jan-2026
153524;Groww Silver ETF;INF666M01LA1;;254.9555;;;13-Jan-2026

HDFC Mutual Fund
151376;HDFC BSE 500 ETF - Growth Option;INF179KC1EZ4;;37.6249;;;13-Jan-2026
135854;HDFC BSE Sensex ETF - Growth Plan;INF179KC1HX2;;94.1666;;;13-Jan-2026
150476;HDFC NIFTY 100 ETF - Growth Option;INF179KC1HR4;;27.0315;;;13-Jan-2026
153403;HDFC NIFTY 1D RATE LIQUID ETF GROWTH;INF179KC1JG3;;1044.1733;;;13-Jan-2026
135853;HDFC NIFTY 50 ETF - Growth Plan;INF179KC1965;;287.7022;;;13-Jan-2026
148461;HDFC NIFTY Bank ETF - GROWTH;INF179KC1HY0;;61.1162;;;13-Jan-2026
150621;HDFC NIFTY GROWTH SECTORS 15 ETF - Growth Option;INF179KC1DJ0;;130.404;;;13-Jan-2026
150801;HDFC NIFTY IT ETF - Growth option;INF179KC1IA8;;40.3563;;;13-Jan-2026
151374;HDFC NIFTY Midcap 150 ETF - Growth Option;INF179KC1HT0;;22.131;;;13-Jan-2026
150477;HDFC NIFTY NEXT 50 ETF - Growth Option;INF179KC1HS2;;69.6659;;;13-Jan-2026
150802;HDFC NIFTY Private Bank ETF - Growth Option;INF179KC1HZ7;;29.0171;;;13-Jan-2026
152350;HDFC NIFTY PSU BANK ETF;INF179KC1HW4;;87.8794;;;13-Jan-2026
151375;HDFC NIFTY Smallcap 250 ETF - Growth Option;INF179KC1FB2;;163.0772;;;13-Jan-2026
150658;HDFC NIFTY100 Low Volatility 30 ETF - Growth Option;INF179KC1HU8;;21.4969;;;13-Jan-2026
150620;HDFC NIFTY100 QUALITY 30 ETF - Growth Option;INF179KC1DL6;;60.5885;;;13-Jan-2026
150657;HDFC NIFTY200 MOMENTUM 30 ETF - Growth Option;INF179KC1HV6;;31.1738;;;13-Jan-2026
150619;HDFC NIFTY 50 VALUE 20 ETF - Growth Option;INF179KC1DK8;;139.7629;;;13-Jan-2026
150556;HDFC Silver ETF - Growth Option;INF179KC1DI2;;249.2996;;;13-Jan-2026

ICICI Prudential Mutual Fund
141957;BHARAT 22 ETF;INF109KB15Y7;;116.8110;;;13-Jan-2026
143247;ICICI Prudential BSE 500 ETF;INF109KC1V59;;39.6078;;;13-Jan-2026
153378;ICICI Prudential BSE Liquid Rate ETF - Growth;INF109K1A021;;1045.2521;;;13-Jan-2026
144947;ICICI Prudential BSE Liquid Rate ETF - IDCW;INF109KC1KT9;;1000.0000;;;13-Jan-2026
139519;ICICI Prudential BSE Midcap Select ETF;INF109KC10W0;;18.0901;;;13-Jan-2026
101705;ICICI Prudential BSE Sensex ETF;INF346A01034;;954.3105;;;13-Jan-2026
151196;ICICI Prudential Nifty 10 yr Benchmark G-sec ETF;INF109KC18O0;;258.8951;;;13-Jan-2026
123004;ICICI Prudential Nifty 100 ETF;INF109KC16V9;;29.2097;;;13-Jan-2026
141596;ICICI Prudential Nifty 100 Low Volatility 30 ETF;INF109KC19U5;;23.1044;;;13-Jan-2026
150455;ICICI Prudential Nifty 200 Momentum 30 ETF;INF109KC17C7;;31.4539;;;13-Jan-2026
151907;ICICI Prudential Nifty 200 Quality 30 ETF;INF109KC18V5;;21.9405;;;13-Jan-2026
149928;ICICI Prudential Nifty 5 yr Benchmark G-SEC ETF;INF109KC14A8;;63.7265;;;13-Jan-2026
121366;ICICI Prudential Nifty 50 ETF;INF109K012R6;;289.3101;;;13-Jan-2026
148456;ICICI Prudential Nifty Alpha Low- Volatility 30 ETF;INF109KC17V7;;27.8787;;;13-Jan-2026
149463;ICICI Prudential Nifty Auto ETF;INF109KC10V2;;28.6873;;;13-Jan-2026
147483;ICICI Prudential Nifty Bank ETF;INF109KC15I8;;60.9588;;;13-Jan-2026
151207;ICICI Prudential Nifty Commodities ETF;INF109KC19O8;;96.2051;;;13-Jan-2026
153397;ICICI Prudential Nifty EV & New Age Automotive ETF;INF109K1A153;;30.9503;;;13-Jan-2026
150879;ICICI Prudential Nifty Financial Services Ex-BaNk ETF;INF109KC17L8;;32.1661;;;13-Jan-2026
149072;ICICI Prudential Nifty FMCG ETF;INF109KC19V3;;56.1841;;;13-Jan-2026
148957;ICICI Prudential Nifty Healthcare ETF;INF109KC1Q72;;149.2275;;;13-Jan-2026
149285;ICICI Prudential Nifty India Consumption ETF;INF109KC1V42;;124.2782;;;13-Jan-2026
150526;ICICI Prudential Nifty Infrastructure ETF;INF109KC16E5;;94.7053;;;13-Jan-2026
148466;ICICI Prudential Nifty IT ETF;INF109KC16I6;;41.9597;;;13-Jan-2026
152769;ICICI Prudential Nifty Metal ETF;INF109KC19W1;;11.3939;;;13-Jan-2026
147921;ICICI Prudential Nifty Midcap 150 ETF;INF109KC11W8;;22.5931;;;13-Jan-2026
144587;ICICI Prudential Nifty Next 50 ETF;INF109KC1NS5;;71.9248;;;13-Jan-2026
152748;ICICI Prudential Nifty Oil & Gas ETF;INF109KC18W3;;11.8000;;;13-Jan-2026
147530;ICICI Prudential Nifty Private Bank ETF;INF109KC18U7;;28.7652;;;13-Jan-2026
151572;ICICI Prudential Nifty PSU Bank ETF;INF109KC10S8;;88.1336;;;13-Jan-2026
153617;ICICI Prudential Nifty Top 15 Equal Weight ETF;INF109K1A344;;10.8479;;;13-Jan-2026
152932;ICICI Prudential Nifty200 Value 30 ETF;INF109KC16X5;;14.9601;;;13-Jan-2026
139455;ICICI Prudential Nifty50 Value 20 ETF;INF109KC11V0;;15.1416;;;13-Jan-2026
149464;ICICI PRUDENTIAL SILVER ETF;INF109KC1Y56;;259.7017;;;13-Jan-2026

Invesco Mutual Fund
115284;Invesco India Nifty 50 Exchange Traded Fund;INF205K01DA9;;2928.3324;;;13-Jan-2026

Kotak Mahindra Mutual Fund
109010;Kotak BSE Sensex ETF;INF174KA1JD7;;91.1405;;;13-Jan-2026
153314;Kotak MSCI India ETF;INF174KA1VD2;;30.593;;;13-Jan-2026
153315;Kotak Nifty 100 Equal Weight ETF;INF174KA1UW4;;33.799;;;13-Jan-2026
150000;Kotak Nifty 100 Low Volatility 30 ETF;INF174KA1IY5;;21.9619;;;13-Jan-2026
151358;Kotak Nifty 1D Rate Liquid ETF;INF174KA1LV5;;1086.7105;;;13-Jan-2026
153904;Kotak Nifty 200 Momentum 30 ETF;INF174KA1XS6;;30.905;;;13-Jan-2026
112351;Kotak Nifty 50 ETF;INF174K014P6;;283.2196;;;13-Jan-2026
135744;Kotak Nifty 50 Value 20 ETF - Payout of Income Distribution cum capital withdrawal option;INF174K01Z71;;155.1329;;;13-Jan-2026
149397;Kotak Nifty Alpha 50 ETF;INF174KA1IA5;;47.2607;;;13-Jan-2026
133122;Kotak Nifty Bank ETF;INF174K01F59;;616.1214;;;13-Jan-2026
153934;Kotak Nifty Chemicals ETF;INF174KA1XV0;;28.779;;;13-Jan-2026
150492;Kotak Nifty India Consumption ETF;INF174KA1JE5;;123.264;;;13-Jan-2026
148763;Kotak Nifty IT ETF;INF174KA1GC5;;41.8629;;;13-Jan-2026
153398;Kotak Nifty Midcap 150 ETF;INF174KA1VW2;;22.197;;;13-Jan-2026
149757;Kotak Nifty Midcap 50 ETF;INF174KA1IB3;;173.5242;;;13-Jan-2026
150531;Kotak Nifty MNC ETF;INF174KA1JF2;;31.0909;;;13-Jan-2026
154101;Kotak Nifty Next 50 ETF;INF174KA1YO3;;68.62;;;13-Jan-2026
106929;Kotak Nifty PSU Bank ETF;INF373I01023;;870.3519;;;13-Jan-2026
153657;Kotak Nifty200 Quality 30 ETF;INF174KA1WT6;;21.475;;;13-Jan-2026
150948;Kotak Silver ETF;INF174KA1KU9;;252.3958;;;13-Jan-2026

LIC Mutual Fund
135672;LIC MF BSE Sensex ETF;INF767K01OT5;;937.7776;;;13-Jan-2026
136473;LIC MF Nifty 100 ETF;INF767K01PC8;;286.4113;;;13-Jan-2026
135607;LIC MF Nifty 50 ETF;INF767K01OS7;;286.4959;;;13-Jan-2026
133307;LIC MF Nifty 8-13 yr G-Sec ETF;INF767K01MV5;;28.7387;;;13-Jan-2026
152404;LIC MF Nifty Midcap 100 ETF;INF767K01RN1;;59.8277;;;13-Jan-2026

Mirae Asset Mutual Fund
153379;Mirae Asset BSE 200 Equal Weight ETF;INF769K01OA1;;13.2854;;;13-Jan-2026
154061;Mirae Asset BSE 500 Dividend Leaders 50 ETF;INF769K01PY8;;36.3149;;;13-Jan-2026
153384;Mirae Asset BSE Select IPO ETF;INF769K01ON4;;44.6881;;;13-Jan-2026
152097;Mirae Asset BSE Sensex ETF;INF769K01KT9;;85.6602;;;13-Jan-2026
149379;Mirae Asset Hang Seng TECH ETF;INF769K01HS7;;22.7102;;;13-Jan-2026
148572;Mirae Asset Nifty 100 ESG Sector Leaders ETF;INF769K01GS9;;43.9699;;;13-Jan-2026
151604;Mirae Asset Nifty 100 Low Volatility 30 ETF;INF769K01JU9;;215.2580;;;13-Jan-2026
153045;Mirae Asset Nifty 1D Rate Liquid ETF - Growth;INF769K01MY5;;1068.2008;;;13-Jan-2026
151908;Mirae Asset Nifty 1D Rate Liquid ETF-IDCW;;INF769K01KS1;1000.0000;;;13-Jan-2026
152134;Mirae Asset Nifty 200 Alpha 30 ETF;INF769K01KU7;;24.6955;;;13-Jan-2026
145633;Mirae Asset Nifty 50 ETF;INF769K01EG9;;277.6784;;;13-Jan-2026
151695;Mirae Asset Nifty 8-13 yr Gsec ETF;INF769K01KF8;;29.6057;;;13-Jan-2026
151857;Mirae Asset Nifty Bank ETF;INF769K01KR3;;604.6196;;;13-Jan-2026
153945;Mirae Asset Nifty Energy ETF;INF769K01PR2;;34.4227;;;13-Jan-2026
152715;Mirae Asset Nifty EV and New Age Automotive ETF;INF769K01LQ3;;30.9900;;;13-Jan-2026
149105;Mirae Asset Nifty Financial Services ETF;INF769K01HI8;;28.4896;;;13-Jan-2026
153642;Mirae Asset Nifty India Internet ETF;INF769K01PB;;13.6494;;;13-Jan-2026
149786;Mirae Asset Nifty India Manufacturing ETF;INF769K01IB1;;154.5924;;;13-Jan-2026
153191;Mirae Asset Nifty India New Age Consumption ETF;INF769K01NS5;;11.6144;;;13-Jan-2026
152155;Mirae Asset Nifty IT ETF;INF769K01KV5;;40.0122;;;13-Jan-2026
152924;Mirae Asset Nifty Metal ETF;INF769K01LY7;;11.4029;;;13-Jan-2026
149918;Mirae Asset Nifty Midcap 150 ETF;INF769K01IC9;;22.3163;;;13-Jan-2026
152634;Mirae Asset Nifty MidSmallcap400 Momentum Quality 100 ETF;INF769K01LJ8;;46.8944;;;13-Jan-2026
147906;Mirae Asset Nifty Next 50 ETF;INF769K01FN2;;702.8987;;;13-Jan-2026
152929;Mirae Asset Nifty PSU Bank ETF;INF769K01LZ4;;87.5423;;;13-Jan-2026
153946;Mirae Asset Nifty Smallcap 250 ETF;INF769K01PQ4;;16.1997;;;13-Jan-2026
152455;Mirae Asset Nifty Smallcap 250 Momentum Quality 100 ETF;INF769K01LC3;;42.8396;;;13-Jan-2026
154060;Mirae Asset Nifty Top 20 Equal Weight ETF;INF769K01PZ5;;9.5642;;;13-Jan-2026
153519;Mirae Asset Nifty 50 Equal Weight ETF;;;333.6202;;;13-Jan-2026
152811;Mirae Asset Nifty500 Multicap 50:25:25 ETF;INF769K01LX9;;16.2808;;;13-Jan-2026
148927;Mirae Asset NYSE FANG + ETF;INF769K01HF4;;140.4160;;;13-Jan-2026
149169;Mirae Asset S&P 500 Top 50 ETF;INF769K01HP3;;60.2427;;;13-Jan-2026
151779;Mirae Asset Silver ETF;INF769K01KG6;;253.1098;;;13-Jan-2026

Motilal Oswal Mutual Fund
150517;Motilal Oswal BSE Enhanced Value ETF;INF247L01BE5;;116.3508;;;13-Jan-2026
150445;Motilal Oswal BSE Healthcare ETF;INF247L01BB1;;43.9038;;;13-Jan-2026
153564;Motilal Oswal BSE India Infrastructure ETF;INF247L01FL1;;58.0516;;;13-Jan-2026
149921;Motilal Oswal BSE Low Volatility ETF;INF247L01BL0;;38.9056;;;13-Jan-2026
150520;Motilal Oswal BSE Quality ETF;INF247L01BH8;;197.1258;;;13-Jan-2026
154003;Motilal Oswal BSE Select IPO ETF;INF247L01GI5;;44.7505;;;13-Jan-2026
114984;Motilal Oswal Nasdaq 100 ETF (MOFN100);INF247L01AP3;;226.4945;;;13-Jan-2026
149438;Motilal Oswal Nasdaq Q50 ETF;INF247L01AU3;;91.5331;;;13-Jan-2026
153928;Motilal Oswal Nifty 100 ETF;INF247L01GG9;;26.3439;;;13-Jan-2026
149801;Motilal Oswal Nifty 200 Momentum 30 ETF;INF247L01BK2;;62.5383;;;13-Jan-2026
148620;Motilal Oswal Nifty 5 year Benchmark G-sec ETF;INF247L01AK4;;62.8400;;;13-Jan-2026
153532;MOTILAL OSWAL NIFTY 50 EQUAL WEIGHT ETF;INF247L01FC0;;33.3863;;;13-Jan-2026
113069;Motilal Oswal Nifty 50 ETF;INF247L01536;;267.2906;;;13-Jan-2026
152106;Motilal Oswal Nifty 500 ETF;INF247L01BU1;;23.8834;;;13-Jan-2026
152874;Motilal Oswal Nifty 500 Momentum 50 ETF;INF247L01DK8;;51.3155;;;13-Jan-2026
153724;Motilal Oswal Nifty Alpha 50 ETF;INF247L01FR8;;49.1731;;;13-Jan-2026
153406;Motilal Oswal Nifty Capital Market ETF;INF247L01EV3;;46.8444;;;13-Jan-2026
153931;Motilal Oswal Nifty Energy ETF;INF247L01GH7;;34.4286;;;13-Jan-2026
152846;Motilal Oswal Nifty India Defence ETF;INF247L01DJ0;;85.7424;;;13-Jan-2026
153572;Motilal Oswal Nifty India Manufacturing ETF;INF247L01FK3;;151.7436;;;13-Jan-2026
153618;Motilal Oswal Nifty India Tourism ETF;INF247L01FP2;;80.4038;;;13-Jan-2026
114456;Motilal Oswal Nifty Midcap 100 ETF;INF247L01023;;64.0866;;;13-Jan-2026
153694;Motilal Oswal Nifty Midcap150 Momentum 50 ETF;INF247L01FQ0;;61.5071;;;13-Jan-2026
154062;Motilal Oswal Nifty MNC ETF;INF247L01GK1;;30.2053;;;13-Jan-2026
153535;MOTILAL OSWAL NIFTY NEXT 50 ETF;INF247L01FD8;;68.0656;;;13-Jan-2026
153608;Motilal Oswal Nifty PSE ETF;INF247L01FO5;;99.3150;;;13-Jan-2026
152541;Motilal Oswal Nifty Realty ETF;INF247L01CI4;;85.7596;;;13-Jan-2026
154033;Motilal Oswal Nifty Services Sector ETF;INF247L01GJ3;;33.5174;;;13-Jan-2026
152546;Motilal Oswal Nifty Smallcap 250 ETF;INF247L01CH6;;16.2633;;;13-Jan-2026
153820;Motilal Oswal Silver ETF;INF247L01FZ1;;256.7881;;;13-Jan-2026

Nippon India Mutual Fund
140107;CPSE ETF;INF457M01133;;93.5295;;;13-Jan-2026
153569;Nippon India BSE Sensex Next 30 ETF;INF204KC1EZ3;;40.7819;;;13-Jan-2026
131331;Nippon India ETF BSE Sensex;INF204KA1UN7;;954.3071;;;13-Jan-2026
147579;Nippon India ETF BSE Sensex Next 50;INF204KB15D0;;90.0101;;;13-Jan-2026
140095;Nippon India ETF Hang Seng BeES;INF204KB19I1;;453.5882;;;13-Jan-2026
121146;Nippon India ETF Nifty 100;INF204K014N5;;277.6521;;;13-Jan-2026
140086;Nippon India ETF Nifty 1D Rate Liquid BeES - DAILY IDCW Option;INF732E01037;;1000.0000;;;13-Jan-2026
148800;Nippon India ETF Nifty 5 yr Benchmark G-Sec;INF204KC1030;;63.5468;;;13-Jan-2026
140084;Nippon India ETF Nifty 50 BeES;INF204KB14I2;;290.7970;;;13-Jan-2026
140094;Nippon India ETF Nifty 50 Shariah BeES;INF732E01128;;517.2534;;;13-Jan-2026
134782;Nippon India ETF Nifty 50 Value 20;INF204KB18I3;;155.4180;;;13-Jan-2026
139496;Nippon India ETF Nifty 8-13 yr G-Sec Long Term Gilt;INF204KB1882;;29.2016;;;13-Jan-2026
140087;Nippon India ETF Nifty Bank BeES;INF204KB15I9;;614.8040;;;13-Jan-2026
128639;Nippon India ETF Nifty Dividend Opportunities 50;INF204KA1MS3;;82.7584;;;13-Jan-2026
128331;Nippon India ETF Nifty India Consumption;INF204KA1LD7;;133.6675;;;13-Jan-2026
140102;Nippon India ETF Nifty Infrastructure BeES;INF732E01268;;951.4037;;;13-Jan-2026
148408;Nippon India ETF Nifty IT;INF204KB15V2;;41.9879;;;13-Jan-2026
146271;Nippon India ETF Nifty Midcap 150;INF204KB1V68;;225.8573;;;13-Jan-2026
140085;Nippon India ETF Nifty Next 50 Junior BeES;INF732E01045;;736.2880;;;13-Jan-2026
140089;Nippon India ETF Nifty PSU Bank BeES;INF204KB16I7;;97.1036;;;13-Jan-2026
148798;Nippon India ETF Nifty SDL Apr 2026 Top 20 Equal Weight;INF204KC1022;;135.7266;;;13-Jan-2026
153725;Nippon India Nifty 1D Rate Liquid ETF-Growth;INF204KC1FU1;;1023.8308;;;13-Jan-2026
149465;Nippon India Nifty Auto ETF;INF204KC1337;;286.4710;;;13-Jan-2026
153810;Nippon India Nifty India Manufacturing ETF;INF204KC1GH6;;152.3974;;;13-Jan-2026
149008;Nippon India Nifty Pharma ETF;INF204KC1089;;23.1068;;;13-Jan-2026
149758;Nippon India Silver ETF;INF204KC1402;;248.8901;;;13-Jan-2026

Quantum Mutual Fund
108479;Quantum Nifty 50 ETF;INF082J01028;;2810.7680;;;13-Jan-2026

SBI Mutual Fund
134014;SBI BSE 100 ETF;INF200KA1572;;296.9048;;;13-Jan-2026
153435;SBI BSE PSU BANK ETF;INF200KB1712;;50.6117;;;13-Jan-2026
121109;SBI BSE SENSEX ETF;INF200K01VT2;;925.1771;;;13-Jan-2026
144916;SBI BSE Sensex Next 50 ETF;INF200KA1VQ2;;921.6142;;;13-Jan-2026
139430;SBI Nifty 10 yr Benchmark G-Sec ETF;INF200KA1JT1;;259.3603;;;13-Jan-2026
153796;SBI Nifty 1D Rate Liquid ETF - Growth;INF200KB1969;;1022.5228;;;13-Jan-2026
152168;SBI NIFTY 1D Rate Liquid ETF - IDCW;;INF200KA13Z8;1000.0000;;;13-Jan-2026
145648;SBI Nifty 200 Quality 30 ETF;INF200KA1WX6;;230.7539;;;13-Jan-2026
135106;SBI Nifty 50 ETF;INF200KA1FS1;;274.8512;;;13-Jan-2026
134008;SBI Nifty Bank ETF;INF200KA1580;;609.9290;;;13-Jan-2026
149041;SBI Nifty Consumption ETF;INF200KA1X17;;123.8359;;;13-Jan-2026
148542;SBI Nifty IT ETF;INF200KA1S14;;419.2673;;;13-Jan-2026
134013;SBI Nifty Next 50 ETF;INF200KA1598;;729.5714;;;13-Jan-2026
148541;SBI Nifty Private Bank ETF;INF200KA1S22;;290.8268;;;13-Jan-2026
152749;SBI Nifty50 Equal Weight ETF;INF200KB1282;;33.4866;;;13-Jan-2026
152725;SBI Silver ETF;INF200KB1217;;254.5822;;;13-Jan-2026

Shriram Mutual Fund
152741;Shriram Nifty 1D Rate Liquid ETF - Growth;INF680P01422;;1087.7224;;;13-Jan-2026

Tata Mutual Fund
145801;Tata Nifty 50 Exchange Traded Fund;INF277K015R5;;278.1259;;;13-Jan-2026
149959;Tata Nifty India Digital Exchange Traded Fund;INF277KA1364;;96.6461;;;13-Jan-2026
147614;Tata Nifty Private Bank Exchange Traded Fund;INF277K010X4;;294.6517;;;13-Jan-2026
152285;Tata Silver Exchange Traded Fund;INF277KA1984;;25.8402;;;13-Jan-2026

UTI Mutual Fund
146388;UTI - BSE Sensex Next 50 Exchange Traded Fund;INF789F1AUU3;;91.8854;;;13-Jan-2026
141665;UTI Nifty Next 50 Exchange Traded Fund;INF789F1AUW9;;73.4939;;;13-Jan-2026
135321;UTI BSE Sensex ETF;INF789FB1X58;;919.6489;;;13-Jan-2026
152369;UTI Nifty 10 yr Benchmark G-Sec ETF;INF789F1AZF3;;26.1063;;;13-Jan-2026
152368;UTI Nifty 5 yr Benchmark G-Sec ETF;INF789F1AZE6;;63.7603;;;13-Jan-2026
135320;UTI Nifty 50 ETF;INF789F1AZC0;;283.0193;;;13-Jan-2026
148173;UTI Nifty Bank ETF;INF789F1AUV1;;61.4098;;;13-Jan-2026
152355;UTI Nifty IT ETF;INF789F1AZD8;;397.1886;;;13-Jan-2026
152050;UTI Nifty Midcap 150 Exchange Traded Fund;INF789F1AYX9;;220.7963;;;13-Jan-2026
151730;UTI Silver Exchange Traded Fund;INF789F1AYK6;;252.1252;;;13-Jan-2026

Zerodha Mutual Fund
152667;Zerodha Nifty 100 ETF;INF0R8F01067;;10.9611;;;13-Jan-2026
152327;Zerodha Nifty 1D Rate Liquid ETF - Growth Option;INF0R8F01034;;112.2755;;;13-Jan-2026
153905;Zerodha Nifty 50 ETF;INF0R8F01166;;10.2323;;;13-Jan-2026
153811;Zerodha Nifty 8-13 Yr G-Sec ETF;INF0R8F01133;;29.727;;;13-Jan-2026
152668;Zerodha Nifty Midcap 150 ETF;INF0R8F01059;;10.9412;;;13-Jan-2026
153837;Zerodha Nifty Smallcap 100 ETF;INF0R8F01141;;9.7629;;;13-Jan-2026
153413;Zerodha Silver ETF;INF0R8F01091;;26.4504;;;13-Jan-2026

Open Ended Schemes ( Other Scheme - FoF Overseas )


Aditya Birla Sun Life Mutual Fund
149289;Aditya Birla Sun Life US Equity Passive FOF-Direct IDCW;INF209KB19C3;INF209KB10D0;19.113;;;13-Jan-2026
149291;Aditya Birla Sun Life US Equity Passive FOF-Direct-Growth;INF209KB18C5;;19.1104;;;13-Jan-2026
149290;Aditya Birla Sun Life US Equity Passive FOF-Regular Growth;INF209KB15C1;;18.803;;;13-Jan-2026
149292;Aditya Birla Sun Life US Equity Passive FOF-Regular IDCW;INF209KB16C9;INF209KB17C7;18.8015;;;13-Jan-2026
152140;Aditya Birla Sun Life US Treasury 1-3 Year Bond ETFs Fund Of Funds-Direct Growth;INF209KB16W7;;12.0464;;;13-Jan-2026
152139;Aditya Birla Sun Life US Treasury 1-3 Year Bond ETFs Fund Of Funds-Direct IDCW Payout;INF209KB17W5;INF209KB18W3;12.0463;;;13-Jan-2026
152142;Aditya Birla Sun Life US Treasury 1-3 Year Bond ETFs Fund Of Funds-Regular Growth;INF209KB13W4;;12.034;;;13-Jan-2026
152144;Aditya Birla Sun Life US Treasury 1-3 Year Bond ETFs Fund Of Funds-Regular IDCW;INF209KB14W2;INF209KB15W9;12.0328;;;13-Jan-2026
152150;Aditya Birla Sun Life US Treasury 3-10 Year Bond ETFs Fund Of Funds-Direct Growth;INF209KB12X4;;12.3812;;;13-Jan-2026
152145;Aditya Birla Sun Life US Treasury 3-10 Year Bond ETFs Fund Of Funds-Direct IDCW;INF209KB13X2;INF209KB14X0;12.3812;;;13-Jan-2026
152147;Aditya Birla Sun Life US Treasury 3-10 Year Bond ETFs Fund Of Funds-Regular Growth;INF209KB19W1;;12.3669;;;13-Jan-2026
152149;Aditya Birla Sun Life US Treasury 3-10 Year Bond ETFs Fund Of Funds-Regular IDCW;INF209KB10X8;INF209KB11X6;12.367;;;13-Jan-2026

Axis Mutual Fund
148485;Axis Global Equity Alpha Fund of Fund - Direct Plan - Growth Option;INF846K01X06;;23.7468;;;13-Jan-2026
148487;Axis Global Equity Alpha Fund of Fund - Direct Plan - IDCW;INF846K01X14;INF846K01X22;23.7413;;;13-Jan-2026
148486;Axis Global Equity Alpha Fund of Fund - Regular Plan - Growth Option;INF846K01X30;;22.5171;;;13-Jan-2026
148488;Axis Global Equity Alpha Fund of Fund - Regular Plan - IDCW;INF846K01X48;INF846K01X55;22.5171;;;13-Jan-2026
148954;Axis Global Innovation Fund of Fund - Direct Plan - Growth;INF846K01Z20;;17.23;;;13-Jan-2026
148955;Axis Global Innovation Fund of Fund - Direct Plan - IDCW;INF846K01Z38;INF846K01Z46;17.22;;;13-Jan-2026
148953;Axis Global Innovation Fund of Fund - Regular Plan - Growth;INF846K01Z53;;16.43;;;13-Jan-2026
148956;Axis Global Innovation Fund of Fund - Regular Plan - IDCW;INF846K01Z61;INF846K01Z79;16.43;;;13-Jan-2026
148699;Axis Greater China Equity Fund of Fund - Direct Plan - Growth Option;INF846K01Y39;;11.22;;;13-Jan-2026
148700;Axis Greater China Equity Fund of Fund - Direct Plan - IDCW;INF846K01Y47;INF846K01Y54;11.22;;;13-Jan-2026
148701;Axis Greater China Equity Fund of Fund - Regular Plan - Growth Option;INF846K01Y62;;10.64;;;13-Jan-2026
148702;Axis Greater China Equity Fund of Fund - Regular Plan - IDCW;INF846K01Y70;INF846K01Y88;10.63;;;13-Jan-2026
150751;Axis US Specific Equity Passive FOF - Direct Plan - Growth;INF846K012K9;;24.7325;;;13-Jan-2026
150749;Axis US Specific Equity Passive FOF - Direct Plan - IDCW;INF846K013K7;INF846K014K5;24.7324;;;13-Jan-2026
150750;Axis US Specific Equity Passive FOF - Regular Plan - Growth;INF846K015K2;;24.4327;;;13-Jan-2026
150748;Axis US Specific Equity Passive FOF - Regular Plan - IDCW;INF846K016K0;INF846K017K8;24.4326;;;13-Jan-2026
152240;Axis US Specific Treasury Dynamic Debt Passive FOF - Direct Plan - Growth Option;INF846K017T9;;11.6952;;;13-Jan-2026
152241;Axis US Specific Treasury Dynamic Debt Passive FOF - Direct Plan - IDCW Option;INF846K018T7;INF846K019T5;11.6945;;;13-Jan-2026
152239;Axis US Specific Treasury Dynamic Debt Passive FOF - Regular Plan - Growth Option;INF846K013T8;;11.6834;;;13-Jan-2026
152238;Axis US Specific Treasury Dynamic Debt Passive FOF - Regular Plan - IDCW Option;INF846K014T6;INF846K016T1;11.6834;;;13-Jan-2026

Bandhan Mutual Fund
149098;Bandhan US specific Equity Active FOF - GROWTH - DIRECT PLAN;INF194KB1CF2;;19.303;;;13-Jan-2026
149100;Bandhan US specific Equity Active FOF - GROWTH - REGULAR PLAN;INF194KB1CC9;;18.439;;;13-Jan-2026
149099;Bandhan US specific Equity Active FOF - IDCW - DIRECT PLAN;INF194KB1CG0;;19.303;;;13-Jan-2026
149097;Bandhan US specific Equity Active FOF - IDCW - REGULAR PLAN;INF194KB1CD7;;18.439;;;13-Jan-2026
151548;Bandhan US Treasury Bond 0-1 year specific Debt Passive FOF - DIRECT PLAN - GROWTH;INF194KB1FV2;;12.4247;;;13-Jan-2026
151549;Bandhan US Treasury Bond 0-1 year specific Debt Passive FOF - DIRECT PLAN - IDCW;INF194KB1FW0;INF194KB1GA4;12.4247;;;13-Jan-2026
151546;Bandhan US Treasury Bond 0-1 year specific Debt Passive FOF - REGULAR PLAN - GROWTH;INF194KB1FT6;;12.4041;;;13-Jan-2026
151547;Bandhan US Treasury Bond 0-1 year specific Debt Passive FOF- REGULAR PLAN- IDCW;INF194KB1FU4;INF194KB1FZ3;12.4041;;;13-Jan-2026

Baroda BNP Paribas Mutual Fund
150285;Baroda BNP Paribas Aqua Fund of Fund - Direct Plan - Growth Option;INF251K01QT5;;15.1959;;;13-Jan-2026
150287;Baroda BNP Paribas Aqua Fund of Fund - Direct Plan - IDCW Option;INF251K01QU3;INF251K01QV1;15.1959;;;13-Jan-2026
150286;Baroda BNP Paribas Aqua Fund of Fund - Regular Plan - IDCW Option;INF251K01QR9;INF251K01QS7;14.4542;;;13-Jan-2026
150284;Baroda BNP Paribas Aqua Fund of Fund - Regular Plan Growth;INF251K01QQ1;;14.4542;;;13-Jan-2026

DSP Mutual Fund
119276;DSP Global Clean Energy Overseas Equity Omni FoF - Direct Plan - IDCW;INF740K01PD3;INF740K01PE1;18.9983;;;13-Jan-2026
112126;DSP Global Clean Energy Overseas Equity Omni FoF - Regular Plan - Growth;INF740K01284;;24.5139;;;13-Jan-2026
112127;DSP Global Clean Energy Overseas Equity Omni FoF - Regular Plan - IDCW;INF740K01292;INF740K01300;17.0448;;;13-Jan-2026
119275;DSP Global Clean Energy Overseas Equity Omni FoF Direct Plan - Growth;INF740K01PC5;;25.8871;;;13-Jan-2026
152528;DSP US Specific Debt Passive FoF - Direct - Growth;INF740KA1UJ6;;11.9468;;;13-Jan-2026
152529;DSP US Specific Debt Passive FoF - Direct - IDCW;INF740KA1UK4;INF740KA1UL2;11.9468;;;13-Jan-2026
152527;DSP US Specific Debt Passive FoF - Regular - Growth;INF740KA1UG2;;11.9359;;;13-Jan-2026
152530;DSP US Specific Debt Passive FoF - Regular - IDCW;INF740KA1UH0;INF740KA1UI8;11.9359;;;13-Jan-2026
119252;DSP US Specific Equity Omni FoF - Direct Plan - Growth;INF740K01OH7;;86.9913;;;13-Jan-2026
119253;DSP US Specific Equity Omni FoF - Direct Plan - IDCW;INF740K01OI5;INF740K01OJ3;72.7933;;;13-Jan-2026
117691;DSP US Specific Equity Omni FoF - Regular Plan - Growth Option;INF740K01LP6;;79.0212;;;13-Jan-2026
117692;DSP US Specific Equity Omni FoF - Regular Plan - IDCW;INF740K01LQ4;;37.5726;;;13-Jan-2026
119277;DSP World Gold Mining Overseas Equity Omni FoF - Direct Plan - Growth;INF740K01OZ9;;63.6824;;;13-Jan-2026
119278;DSP World Gold Mining Overseas Equity Omni FoF - Direct Plan - IDCW;INF740K01PA9;INF740K01PB7;38.1189;;;13-Jan-2026
106597;DSP World Gold Mining Overseas Equity Omni FoF - Regular Plan - Growth;INF740K01250;;59.3547;;;13-Jan-2026
106596;DSP World Gold Mining Overseas Equity Omni FoF - Regular Plan - IDCW;INF740K01268;INF740K01276;35.9558;;;13-Jan-2026
119279;DSP World Mining Overseas Equity Omni FoF - Direct Plan - Growth;INF740K01PF8;;32.0347;;;13-Jan-2026
119280;DSP World Mining Overseas Equity Omni FoF - Direct Plan - IDCW;INF740K01PG6;INF740K01PH4;30.4326;;;13-Jan-2026
112293;DSP World Mining Overseas Equity Omni FoF - Regular Plan - Growth;INF740K01730;;29.6731;;;13-Jan-2026
112347;DSP World Mining Overseas Equity Omni FoF - Regular Plan - IDCW;INF740K01748;INF740K01AL8;26.8439;;;13-Jan-2026

Edelweiss Mutual Fund
140256;Edelweiss ASEAN Equity Off-shore Fund - Direct Plan - Growth Option;INF843K01AW7;;37.079;;;13-Jan-2026
140255;Edelweiss ASEAN Equity Off-shore Fund - Regular Plan - Growth Option;INF843K01609;;33.1;;;13-Jan-2026
140327;Edelweiss Emerging Markets Opportunities Equity Offshore Fund - Direct Plan - Growth Option;INF843K01IZ3;;24.1865;;;13-Jan-2026
140328;Edelweiss Emerging Markets Opportunities Equity Offshore Fund - Regular Plan - Growth Option;INF843K01IY6;;22.1669;;;13-Jan-2026
140296;Edelweiss Europe Dynamic Equity Offshore Fund - Growth Option - Direct Plan;INF843K01GI3;;31.1551;;;13-Jan-2026
140295;Edelweiss Europe Dynamic Equity Offshore Fund - Growth Option - Regular Plan;INF843K01GJ1;;28.1224;;;13-Jan-2026
140243;Edelweiss Greater China Equity Off-shore Fund - Direct Plan - Growth Option;INF843K01AU1;;61.594;;;13-Jan-2026
140242;Edelweiss Greater China Equity Off-shore Fund - Regular Plan - Growth Option;INF843K01138;;54.57;;;13-Jan-2026
148063;Edelweiss US Technology Equity Fund of Fund- Direct Plan- Growth;INF754K01LB7;;35.3946;;;13-Jan-2026
148064;Edelweiss US Technology Equity Fund of Fund- Regular Plan- Growth;INF754K01LC5;;33.4632;;;13-Jan-2026
140274;Edelweiss US Value Equity Offshore Fund - Direct Plan - Growth Option;INF843K01EC1;;41.6162;;;13-Jan-2026
140273;Edelweiss US Value Equity Offshore Fund - Regular Plan - Growth Option;INF843K01ED9;;37.4792;;;13-Jan-2026

Franklin Templeton Mutual Fund
118551;Franklin U.S. Opportunities Equity Active Fund of Funds - Direct - Growth;INF090I01JR0;;93.2016;;;13-Jan-2026
118550;Franklin U.S. Opportunities Equity Active Fund of Funds - Direct - IDCW;INF090I01JP4;INF090I01JQ2;93.2016;;;13-Jan-2026
116633;Franklin U.S. Opportunities Equity Active Fund of Funds - Growth;INF090I01EW1;;82.1023;;;13-Jan-2026
116632;Franklin U.S. Opportunities Equity Active Fund of Funds - IDCW;INF090I01EV3;INF090I01EU5;82.1023;;;13-Jan-2026

HDFC Mutual Fund
149180;HDFC Developed World Overseas Equity Passive FOF - Direct Plan - Growth Option;INF179KC1BO4;;18.907;;;13-Jan-2026
149181;HDFC Developed World Overseas Equity Passive FOF - Growth Option;INF179KC1BP1;;18.527;;;13-Jan-2026

HSBC Mutual Fund
127073;HSBC Asia Pacific (Ex Japan) Dividend Yield Fund - Growth;INF336L01HC7;;30.4256;;;13-Jan-2026
127071;HSBC Asia Pacific (Ex Japan) Dividend Yield Fund - Growth Direct;INF336L01HF0;;32.8923;;;13-Jan-2026
127072;HSBC Asia Pacific IDCW Yield Fund Direct Plan IDCW;INF336L01HG8;INF336L01HH6;23.2817;;;13-Jan-2026
127070;HSBC Asia Pacific IDCW Yield Fund IDCW;INF336L01HD5;INF336L01HE3;23.3623;;;13-Jan-2026
120035;HSBC Brazil Fund - Growth Direct;INF336L01BY4;;10.0056;;;13-Jan-2026
115117;HSBC Brazil Fund - IDCW;INF336L01172;INF336L01180;9.1241;;;13-Jan-2026
120036;HSBC Brazil Fund - IDCW Direct Plan;INF336L01BW8;INF336L01BX6;9.997;;;13-Jan-2026
115116;HSBC Brazil Fund-Growth;INF336L01164;;9.1241;;;13-Jan-2026
120043;HSBC Global Emerging Market Fund - Growth Direct;INF336L01CJ3;;30.5316;;;13-Jan-2026
107988;HSBC Global Emerging Markets Fund - Growth;INF336L01446;;27.8647;;;13-Jan-2026
107989;HSBC Global Emerging Markets Fund - IDCW;INF336L01438;INF336L01420;21.2;;;13-Jan-2026
120044;HSBC Global Emerging Markets Fund - IDCW Direct Plan;INF336L01CH7;INF336L01CI5;25.8519;;;13-Jan-2026
148738;HSBC Global Equity  Climate Change Fund of Fund Direct Plan IDCW;INF336L01PW8;INF336L01PX6;11.995;;;13-Jan-2026
148737;HSBC Global Equity Climate Change Fund of Fund - Direct - Growth;INF336L01PV0;;11.995;;;13-Jan-2026
148735;HSBC Global Equity Climate Change Fund of Fund - Regular - Growth;INF336L01PY4;;11.641;;;13-Jan-2026
148736;HSBC Global Equity Climate Change Fund of Fund IDCW;INF336L01PZ1;INF336L01QA2;11.641;;;13-Jan-2026

ICICI Prudential Mutual Fund
123654;ICICI Prudential Global Stable Equity Fund (FOF) - Direct - Growth;INF109KA1CE0;;32.68;;;13-Jan-2026
123652;ICICI Prudential Global Stable Equity Fund (FOF) - Direct - IDCW;INF109KA1CG5;INF109KA1CF7;32.68;;;13-Jan-2026
123651;ICICI Prudential Global Stable Equity Fund (FOF) - Growth;INF109KA1CB6;;30.23;;;13-Jan-2026
123653;ICICI Prudential Global Stable Equity Fund (FOF) - IDCW;INF109KA1CD2;INF109KA1CC4;30.24;;;13-Jan-2026
149455;ICICI Prudential Strategic Metal and Energy Equity Fund of Fund - Direct Plan Growth;INF109KC1Z55;;26.0326;;;13-Jan-2026
149458;ICICI Prudential Strategic Metal and Energy Equity Fund of Fund - Direct Plan IDCW;INF109KC1Z63;INF109KC1Z71;26.0321;;;13-Jan-2026
149456;ICICI Prudential Strategic Metal and Energy Equity Fund of Fund - Growth;INF109KC1Z22;;25.0683;;;13-Jan-2026
149457;ICICI Prudential Strategic Metal and Energy Equity Fund of Fund - IDCW;INF109KC1Z30;INF109KC1Z48;25.064;;;13-Jan-2026

Invesco Mutual Fund
149961;Invesco India - Invesco EQQQ Nasdaq-100 ETF Fund of Fund - Direct Plan - Growth;INF205KA1585;;21.7975;;;13-Jan-2026
149960;Invesco India - Invesco EQQQ Nasdaq-100 ETF Fund of Fund - Regular Plan - Growth;INF205KA1577;;21.6031;;;13-Jan-2026
148614;Invesco India - Invesco Global Consumer Trends Fund of Fund - Direct Plan - Growth;INF205KA1270;;13.0858;;;13-Jan-2026
148615;Invesco India - Invesco Global Consumer Trends Fund of Fund - Direct Plan - IDCW (Payout / Reinvestment);INF205KA1262;INF205KA1288;13.0853;;;13-Jan-2026
148613;Invesco India - Invesco Global Consumer Trends Fund of Fund - Regular Plan - Growth;INF205KA1247;;12.4419;;;13-Jan-2026
148612;Invesco India - Invesco Global Consumer Trends Fund of Fund - Regular Plan - IDCW (Payout / Reinvestment);INF205KA1239;INF205KA1254;12.4417;;;13-Jan-2026
129188;Invesco India - Invesco Global Equity Income Fund of Fund - Direct Plan - Growth;INF205K01B49;;36.803;;;13-Jan-2026
129190;Invesco India - Invesco Global Equity Income Fund of Fund - Direct Plan - IDCW (Payout / Reinvestment);INF205K01B56;INF205K01B64;36.3606;;;13-Jan-2026
129187;Invesco India - Invesco Global Equity Income Fund of Fund - Regular Plan - Growth;INF205K01B15;;33.2183;;;13-Jan-2026
129189;Invesco India - Invesco Global Equity Income Fund of Fund - Regular Plan - IDCW (Payout / Reinvestment);INF205K01B23;INF205K01B31;33.1708;;;13-Jan-2026
126353;Invesco India - Invesco Pan European Equity Fund of Fund - Direct Plan - Growth Option;INF205K01A24;;25.1796;;;13-Jan-2026
126352;Invesco India - Invesco Pan European Equity Fund of Fund - Direct Plan - IDCW (Payout / Reinvestment);INF205K01A32;INF205K01A40;25.1041;;;13-Jan-2026
126351;Invesco India - Invesco Pan European Equity Fund of Fund - Regular Plan - Growth Option;INF205K01ZZ9;;23.0844;;;13-Jan-2026
126350;Invesco India - Invesco Pan European Equity Fund of Fund - Regular Plan - IDCW (Payout / Reinvestment);INF205K01A08;INF205K01A16;23.0835;;;13-Jan-2026

Kotak Mahindra Mutual Fund
119779;Kotak Global Emerging Market overseas Equity Omni FOF - Growth - Direct;INF174K01LW4;;35.203;;;13-Jan-2026
106442;Kotak Global Emerging Market Overseas Equity Omni FOF - Payout of Income Distribution cum capital withdrawal option;INF174K01DX9;INF174K01DW1;32.39;;;13-Jan-2026
119778;Kotak Global Emerging Market Overseas Equity Omni FOF - Payout of Income Distribution cum capital withdrawal option - Direct;INF174K01LX2;INF174K01LY0;35.351;;;13-Jan-2026
106441;Kotak Global Emerging Market Overseas Equity Omni FOF- Growth;INF174K01DV3;;32.388;;;13-Jan-2026
149058;Kotak Global Innovation Overseas Equity Omni FOF - Regular Plan -IDCW Option;INF174KA1HE9;INF174KA1HF6;13.0268;;;13-Jan-2026
149056;Kotak Global Innovation Overseas Equity Omni FOF - Regular Plan-Growth;INF174KA1HD1;;13.0263;;;13-Jan-2026
149060;Kotak Global Innovation Overseas Equity Omni FOF- Direct Plan - IDCW Option;INF174KA1HH2;INF174KA1HI0;13.7376;;;13-Jan-2026
149059;Kotak Global Innovation Overseas Equity Omni FOF- Direct Plan -Growth;INF174KA1HG4;;13.7396;;;13-Jan-2026
148646;Kotak International REIT Overseas Equity Omni FOF - Direct Plan - Growth;INF174KA1FO2;;12.0809;;;13-Jan-2026
148649;Kotak International REIT Overseas Equity Omni FOF - Direct Plan - Payout of Income Distribution cum capital withdrawal option;INF174KA1FN4;INF174KA1FP9;12.0809;;;13-Jan-2026
148645;Kotak International REIT Overseas Equity Omni FOF - Regular Plan - Growth;INF174KA1FL8;;11.5466;;;13-Jan-2026
148647;Kotak International REIT Overseas Equity Omni FOF - Regular Plan - Payout of Income Distribution cum capital withdrawal option;INF174KA1FK0;INF174KA1FM6;11.5467;;;13-Jan-2026
148661;Kotak US Specific Equity Passive FOF - Regular Plan - Growth;INF174KA1FR5;;23.1896;;;13-Jan-2026
148662;Kotak US Specific Equity Passive FOF- Direct Plan - Growth;INF174KA1FQ7;;23.6381;;;13-Jan-2026

Mahindra Manulife Mutual Fund
149230;Mahindra Manulife Asia Pacific REITs FOF - Direct Plan - Growth;INF174V01AY0;;10.9093;;;13-Jan-2026
149231;Mahindra Manulife Asia Pacific REITs FOF - Direct Plan - IDCW;INF174V01BA8;INF174V01AZ7;10.9093;;;13-Jan-2026
149228;Mahindra Manulife Asia Pacific REITs FOF - Regular Plan - Growth;INF174V01AV6;;10.4740;;;13-Jan-2026
149229;Mahindra Manulife Asia Pacific REITs FOF - Regular Plan - IDCW;INF174V01AX2;INF174V01AW4;10.4740;;;13-Jan-2026

Mirae Asset Mutual Fund
150595;Mirae Asset Global Electric & Autonomous Vehicles Equity Passive FOF - Direct Plan - Growth;INF769K01IQ9;;14.999;;;13-Jan-2026
150594;Mirae Asset Global Electric & Autonomous Vehicles Equity Passive FOF - Regular Plan - Growth;INF769K01IP1;;14.787;;;13-Jan-2026
150597;Mirae Asset Global X Artificial Intelligence & Technology ETF Fund of Fund - Direct Plan- Growth;INF769K01IS5;;27.943;;;13-Jan-2026
150596;Mirae Asset Global X Artificial Intelligence & Technology ETF Fund of Fund - Regular Plan - Growth;INF769K01IR7;;27.789;;;13-Jan-2026

Motilal Oswal Mutual Fund
152090;Motilal Oswal Developed Market Ex US ETFs Fund of Funds Direct Plan Growth;INF247L01BT3;;16.2289;;;13-Jan-2026
152091;Motilal Oswal Developed Market Ex US ETFs Fund of Funds Regular Plan Growth;INF247L01BS5;;16.0369;;;13-Jan-2026

Navi Mutual Fund
149910;Navi NASDAQ 100 Fund of Fund- Direct- Growth;INF959L01FZ1;;20.701;;;13-Jan-2026
149911;Navi NASDAQ 100 Fund of Fund- Regular- Growth;INF959L01GA2;;20.559;;;13-Jan-2026
149830;Navi US Total Stock Market Fund of Fund- Direct Plan- Growth;INF959L01FV0;;19.5887;;;13-Jan-2026
149831;Navi US Total Stock Market Fund of Fund- Regular Plan- Growth;INF959L01FW8;;19.5888;;;13-Jan-2026

PGIM India Mutual Fund
138456;PGIM India Emerging Markets Equity Fund of Fund - Direct Plan - Growth;INF223J01NL0;;22.58;;;13-Jan-2026
138453;PGIM India Emerging Markets Equity Fund of Fund- Growth;INF223J01AY0;;19.72;;;13-Jan-2026
138528;PGIM India Global Equity Opportunities Fund of Fund- Direct Plan - Growth;INF223J01NF2;;54;;;13-Jan-2026
138523;PGIM India Global Equity Opportunities Fund of Fund- Growth;INF223J01AU8;;47.5;;;13-Jan-2026
149298;PGIM India Global Select Real Estate Securities Fund of Fund - Direct Plan - Growth Option;INF663L01W63;;12.14;;;13-Jan-2026
149299;PGIM India Global Select Real Estate Securities Fund of Fund - Regular Plan - Growth Option;INF663L01W97;;11.72;;;13-Jan-2026

SBI Mutual Fund
148760;SBI US Specific Equity Active FoF - Direct Plan - Growth;INF200KA1U28;;22.5701;;;13-Jan-2026
148761;SBI US Specific Equity Active FoF- Direct Plan - Income Distribution cum Capital Withdrawal Option (IDCW);INF200KA1U36;INF200KA1U44;22.5701;;;13-Jan-2026
148762;SBI US Specific Equity Active FoF- Regular Plan - Growth;INF200KA1T96;;21.7832;;;13-Jan-2026
148759;SBI US Specific Equity Active FoF- Regular Plan - Income Distribution cum Capital Withdrawal Option (IDCW);INF200KA1U02;INF200KA1U10;21.7825;;;13-Jan-2026

Open Ended Schemes ( Other Scheme - FoF Domestic )


Aditya Birla Sun Life Mutual Fund
132175;Aditya Birla Sun Life Aggressive Hybrid Omni FOF-  Regular -  IDCW;INF084M01085;INF084M01093;38.7939;;;13-Jan-2026
132189;Aditya Birla Sun Life Aggressive Hybrid Omni FOF- Direct - IDCW;INF084M01EU0;INF084M01EV8;42.1245;;;13-Jan-2026
132185;Aditya Birla Sun Life Aggressive Hybrid Omni FOF- Direct Plan - Growth Option;INF084M01ET2;;46.3799;;;13-Jan-2026
132174;Aditya Birla Sun Life Aggressive Hybrid Omni FOF- Regular Plan - Growth Option;INF084M01077;;43.2519;;;13-Jan-2026
132179;Aditya Birla Sun Life Conservative Hybrid Active FOF -Regular - IDCW;INF084M01051;INF084M01069;31.586;;;13-Jan-2026
132183;Aditya Birla Sun Life Conservative Hybrid Active FOF- Direct Plan - Growth Option;INF084M01EQ8;;36.9845;;;13-Jan-2026
132178;Aditya Birla Sun Life Conservative Hybrid Active FOF- Regular Plan - Growth Option;INF084M01044;;34.7179;;;13-Jan-2026
132184;Aditya Birla Sun Life Conservative Hybrid Active FOF-Direct - IDCW;INF084M01ER6;INF084M01ES4;25.1117;;;13-Jan-2026
132187;Aditya Birla Sun Life Dynamic Asset Allocation Omni FOF- Direct - IDCW;INF084M01EX4;INF084M01EY2;55.3097;;;13-Jan-2026
132186;Aditya Birla Sun Life Dynamic Asset Allocation Omni FOF- Direct Plan - Growth Option;INF084M01EW6;;60.3938;;;13-Jan-2026
132180;Aditya Birla Sun Life Dynamic Asset Allocation Omni FOF- Regular Plan - Growth Option;INF084M01101;;54.7616;;;13-Jan-2026
132181;Aditya Birla Sun Life Dynamic Asset Allocation Omni FOF-Regular - IDCW;INF084M01119;INF084M01127;50.1262;;;13-Jan-2026
120546;Aditya Birla Sun Life Gold Fund - Growth - Direct Plan;INF209K01YU5;;42.4404;;;13-Jan-2026
120545;Aditya Birla Sun Life Gold Fund-DIRECT - IDCW;INF209K01YT7;;42.4393;;;13-Jan-2026
116796;Aditya Birla Sun Life Gold Fund-Growth;INF209K01PF4;;40.7673;;;13-Jan-2026
116795;Aditya Birla Sun Life Gold Fund-REGULAR - IDCW;INF209K01PG2;INF209K01PH0;40.7657;;;13-Jan-2026
131897;Aditya Birla Sun Life Income Plus Arbitrage Active FOF- DIRECT - IDCW;INF084M01DQ0;INF084M01DR8;25.5082;;;13-Jan-2026
131898;Aditya Birla Sun Life Income Plus Arbitrage Active FOF- Direct Plan - Growth Option;INF084M01DP2;;40.7372;;;13-Jan-2026
131895;Aditya Birla Sun Life Income Plus Arbitrage Active FOF- REGULAR - IDCW;INF084M01AI3;INF084M01AJ1;24.1451;;;13-Jan-2026
131896;Aditya Birla Sun Life Income Plus Arbitrage Active FOF- Regular Plan - Growth Option;INF084M01AH5;;38.5009;;;13-Jan-2026
131865;Aditya Birla Sun Life Multi Asset Omni FoF- Direct Plan - Growth Option;INF084M01DM9;;39.9771;;;13-Jan-2026
131864;Aditya Birla Sun Life Multi Asset Omni FoF- Regular Plan - Growth Option;INF084M01AE2;;75.3994;;;13-Jan-2026
131866;Aditya Birla Sun Life Multi Asset Omni FOF-DIRECT - IDCW;INF084M01DN7;INF084M01DO5;38.0938;;;13-Jan-2026
131863;Aditya Birla Sun Life Multi Asset Omni FoF-REGULAR - IDCW;INF084M01AF9;INF084M01AG7;69.4315;;;13-Jan-2026
150688;Aditya Birla Sun Life Multi-Asset Passive FOF-Direct Growth;INF209KB15M0;;17.7296;;;13-Jan-2026
150689;Aditya Birla Sun Life Multi-Asset Passive FOF-Direct IDCW;INF209KB16M8;INF209KB17M6;17.7304;;;13-Jan-2026
150690;Aditya Birla Sun Life Multi-Asset Passive FOF-Regular Growth;INF209KB12M7;;17.5321;;;13-Jan-2026
150691;Aditya Birla Sun Life Multi-Asset Passive FOF-Regular IDCW;INF209KB13M5;INF209KB14M3;17.5322;;;13-Jan-2026
149780;Aditya Birla Sun Life Silver ETF FOF-Direct Growth;INF209KB16F2;;40.6774;;;13-Jan-2026
149781;Aditya Birla Sun Life Silver ETF FOF-Direct IDCW;INF209KB17F0;INF209KB18F8;40.6678;;;13-Jan-2026
149783;Aditya Birla Sun Life Silver ETF FOF-Regular Growth;INF209KB13F9;;39.938;;;13-Jan-2026
149784;Aditya Birla Sun Life Silver ETF FOF-Regular IDCW;INF209KB14F7;INF209KB15F4;39.9306;;;13-Jan-2026

Angel One Mutual Fund
153828;ANGEL ONE GOLD ETF FOF - REGULAR GROWTH;INF1J2R01106;;12.7576;;;13-Jan-2026
153827;ANGEL ONE GOLD ETF FOF- DIRECT GROWTH;INF1J2R01098;;12.7795;;;13-Jan-2026

Axis Mutual Fund
154078;Axis Gold and Silver Passive FOF - Direct Plan - Growth;INF846KA1408;;10.9647;;;13-Jan-2026
154077;Axis Gold and Silver Passive FOF - Regular Plan - Growth;INF846KA1390;;10.9625;;;13-Jan-2026
120473;Axis Gold Fund - Direct Plan - Growth option;INF846K01DS2;;44.4742;;;13-Jan-2026
120472;Axis Gold Fund - Direct Plan - IDCW;INF846K01DQ6;INF846K01DR4;44.5160;;;13-Jan-2026
115897;Axis Gold Fund - Regular Plan - Growth Option;INF846K01AL3;;40.8375;;;13-Jan-2026
115898;Axis Gold Fund - Regular Plan - IDCW;INF846K01AM1;INF846K01AN9;40.8891;;;13-Jan-2026
147895;Axis Income Plus Arbitrage Active FOF - Direct Plan - Annual IDCW;INF846K01U25;INF846K01U17;13.9569;;;13-Jan-2026
147889;Axis Income Plus Arbitrage Active FOF - Direct Plan - Growth Option;INF846K01U09;;15.1359;;;13-Jan-2026
147894;Axis Income Plus Arbitrage Active FOF - Direct Plan - Half Yearly Dividend Option;INF846K01U74;INF846K01U82;11.6838;;;13-Jan-2026
147891;Axis Income Plus Arbitrage Active FOF - Direct Plan - IDCW;INF846K01U90;INF846K01V08;15.1486;;;13-Jan-2026
147892;Axis Income Plus Arbitrage Active FOF - Direct Plan - Monthly IDCW;INF846K01U41;INF846K01U33;15.1485;;;13-Jan-2026
147893;Axis Income Plus Arbitrage Active FOF - Direct Plan - Quarterly IDCW;INF846K01U66;INF846K01U58;12.0737;;;13-Jan-2026
147898;Axis Income Plus Arbitrage Active FOF - Regular Plan - Annual IDCW;INF846K01V32;INF846K01V24;13.7063;;;13-Jan-2026
147890;Axis Income Plus Arbitrage Active FOF - Regular Plan - Growth Option;INF846K01V16;;14.8512;;;13-Jan-2026
147897;Axis Income Plus Arbitrage Active FOF - Regular Plan - Half Yearly IDCW;INF846K01V81;INF846K01V99;12.2313;;;13-Jan-2026
147888;Axis Income Plus Arbitrage Active FOF - Regular Plan - IDCW;INF846K01W07;INF846K01W15;14.8516;;;13-Jan-2026
147896;Axis Income Plus Arbitrage Active FOF - Regular Plan - Monthly IDCW;INF846K01V57;INF846K01V40;14.8504;;;13-Jan-2026
147905;Axis Income Plus Arbitrage Active FOF - Regular Plan - Quarterly IDCW;INF846K01V73;INF846K01V65;11.3318;;;13-Jan-2026
153924;Axis Income Plus Arbitrage Passive FOF - Direct Plan - Growth Option;INF846KA1283;;10.0953;;;13-Jan-2026
153925;Axis Income Plus Arbitrage Passive FOF - Direct Plan - IDCW Option;INF846KA1309;INF846KA1325;10.0953;;;13-Jan-2026
153927;Axis Income Plus Arbitrage Passive FOF - Regular Plan - Growth Option;INF846KA1275;;10.0892;;;13-Jan-2026
153926;Axis Income Plus Arbitrage Passive FOF - Regular Plan - IDCW Option;INF846KA1291;INF846KA1317;10.0892;;;13-Jan-2026
149847;Axis Multi Factor Passive FoF - Direct Plan - Growth Option;INF846K011G9;;15.8750;;;13-Jan-2026
149846;Axis Multi Factor Passive FoF - Direct Plan - IDCW;INF846K012G7;INF846K013G5;15.8746;;;13-Jan-2026
149844;Axis Multi Factor Passive FoF - Regular Plan - Growth Option;INF846K014G3;;15.6975;;;13-Jan-2026
149845;Axis Multi Factor Passive FoF - Regular Plan - IDCW;INF846K015G0;INF846K016G8;15.6975;;;13-Jan-2026
153960;Axis Multi-Asset Active FoF - Direct Plan - Growth;INF846KA1366;;10.2467;;;13-Jan-2026
153961;Axis Multi-Asset Active FoF - Direct Plan - IDCW;INF846KA1374;INF846KA1382;10.2467;;;13-Jan-2026
153963;Axis Multi-Asset Active FoF - Regular Plan - Growth;INF846KA1333;;10.2368;;;13-Jan-2026
153962;Axis Multi-Asset Active FoF - Regular Plan - IDCW;INF846KA1341;INF846KA1358;10.2368;;;13-Jan-2026
149243;Axis Nifty AAA Bond Plus SDL Apr 2026 50:50 ETF FOF - Direct Plan - Growth Option;INF846K017C5;;12.6306;;;13-Jan-2026
149242;Axis Nifty AAA Bond Plus SDL Apr 2026 50:50 ETF FOF - Regular Plan - Growth Option;INF846K010D8;;12.5617;;;13-Jan-2026
149245;Axis Nifty AAA Bond Plus SDL Apr 2026 50:50 ETF FOF - Regular Plan - IDCW Option;INF846K011D6;INF846K012D4;12.5616;;;13-Jan-2026
149244;Axis Nifty AAA Bond Plus SDL April 2026 50:50 ETF FOF - Direct Plan - IDCW Option;INF846K018C3;INF846K019C1;12.6306;;;13-Jan-2026
150618;Axis Silver Fund of Fund - Regular Plan - IDCW Option;INF846K019J6;INF846K010K3;43.7938;;;13-Jan-2026
150617;Axis Silver Fund of Fund -Regular Plan- Growth Option;INF846K018J8;;43.7935;;;13-Jan-2026
150616;Axis Silver Fund of Fund- Direct Plan - IDCW Option;INF846K016J2;INF846K017J0;44.5445;;;13-Jan-2026
150615;Axis Silver Fund of Fund- Direct Plan-Growth Option;INF846K015J4;;44.5446;;;13-Jan-2026

Bandhan Mutual Fund
118485;Bandhan Aggressive Hybrid Passive FOF - Direct Plan - Growth;INF194K012B6;;50.2674;;;13-Jan-2026
118484;Bandhan Aggressive Hybrid Passive FOF - Direct Plan - IDCW;INF194K013B4;INF194K014B2;34.6110;;;13-Jan-2026
112332;Bandhan Aggressive Hybrid Passive FOF - Regular Plan - Growth;INF194K01953;;46.3571;;;13-Jan-2026
112331;Bandhan Aggressive Hybrid Passive FOF - Regular Plan - IDCW;INF194K01961;INF194K01979;25.2989;;;13-Jan-2026
118486;Bandhan Conservative Hybrid Passive FOF - Direct Plan - Growth;INF194K016A9;;36.9890;;;13-Jan-2026
118487;Bandhan Conservative Hybrid Passive FOF - Direct Plan - IDCW;INF194K017A7;INF194K018A5;18.6134;;;13-Jan-2026
112327;Bandhan Conservative Hybrid Passive FOF - Regular Plan - Growth;INF194K01987;;34.4235;;;13-Jan-2026
112328;Bandhan Conservative Hybrid Passive FOF - Regular Plan - IDCW;INF194K01995;INF194K01AA1;17.7745;;;13-Jan-2026
118408;Bandhan Income Plus Arbitrage Active FOF - Direct Plan - Annual IDCW;INF194K01U98;INF194K01U80;15.4804;;;13-Jan-2026
118409;Bandhan Income Plus Arbitrage Active FOF - Direct Plan - Daily IDCW;;INF194K01V63;12.4404;;;13-Jan-2026
118414;Bandhan Income Plus Arbitrage Active FOF - Direct Plan - Fortnightly IDCW;INF194K01V55;INF194K01V48;12.3940;;;13-Jan-2026
118410;Bandhan Income Plus Arbitrage Active FOF - Direct Plan - Growth;INF194K01U72;;47.3456;;;13-Jan-2026
118411;Bandhan Income Plus Arbitrage Active FOF - Direct Plan - Half Yearly IDCW;INF194K01V14;INF194K01V06;15.8057;;;13-Jan-2026
131398;Bandhan Income Plus Arbitrage Active FOF - Direct Plan - Periodic IDCW;INF194KA1TV4;INF194KA1TW2;16.2735;;;13-Jan-2026
118413;Bandhan Income Plus Arbitrage Active FOF - Direct Plan - Quarterly IDCW;INF194K01V30;INF194K01V22;12.8592;;;13-Jan-2026
118412;Bandhan Income Plus Arbitrage Active FOF - Direct Plan - Weekly IDCW;;INF194K01V71;12.4457;;;13-Jan-2026
108547;Bandhan Income Plus Arbitrage Active FOF - Regular Plan - Annual IDCW;INF194K01SG0;INF194K01SF2;15.1619;;;13-Jan-2026
117868;Bandhan Income Plus Arbitrage Active FOF - Regular Plan - Daily IDCW;;INF194K01F55;12.3727;;;13-Jan-2026
115874;Bandhan Income Plus Arbitrage Active FOF - Regular Plan - Fortnightly IDCW;INF194K01SM8;INF194K01SL0;12.1549;;;13-Jan-2026
108545;Bandhan Income Plus Arbitrage Active FOF - Regular Plan - Growth;INF194K01SE5;;44.9682;;;13-Jan-2026
108546;Bandhan Income Plus Arbitrage Active FOF - Regular Plan - Half Yearly IDCW;INF194K01SI6;INF194K01SH8;13.0395;;;13-Jan-2026
131399;Bandhan Income Plus Arbitrage Active FOF - Regular Plan - Periodic IDCW;INF194KA1TS0;INF194KA1TT8;15.7254;;;13-Jan-2026
108544;Bandhan Income Plus Arbitrage Active FOF - Regular Plan - Quarterly IDCW;INF194K01SK2;INF194K01SJ4;12.7602;;;13-Jan-2026
117867;Bandhan Income Plus Arbitrage Active FOF - Regular Plan - Weekly IDCW;;INF194K01F63;12.3803;;;13-Jan-2026
118489;Bandhan Multi-Asset Passive FOF - Direct Plan - Growth;INF194K019A3;;44.9081;;;13-Jan-2026
118488;Bandhan Multi-Asset Passive FOF - Direct Plan - IDCW;INF194K010B0;INF194K011B8;23.0019;;;13-Jan-2026
112329;Bandhan Multi-Asset Passive FOF - Regular Plan - Growth;INF194K01AB9;;41.8340;;;13-Jan-2026
112330;Bandhan Multi-Asset Passive FOF - Regular Plan - IDCW;INF194K01AC7;INF194K01AD5;21.8568;;;13-Jan-2026

Baroda BNP Paribas Mutual Fund
153795;Baroda BNP Paribas Gold ETF Fund of Funds Direct Growth;INF251K01VF4;;14.1527;;;13-Jan-2026
153794;Baroda BNP Paribas Gold ETF Fund of Funds Regular Growth;INF251K01VE7;;14.1299;;;13-Jan-2026
153536;Baroda BNP Paribas Income Plus Arbitrage Active FOF Direct Growth;INF251K01UT7;;10.3463;;;13-Jan-2026
153540;Baroda BNP Paribas Income Plus Arbitrage Active FOF Direct IDCW Payout;INF251K01UU5;INF251K01UV3;10.3463;;;13-Jan-2026
153541;Baroda BNP Paribas Income Plus Arbitrage Active FOF Regular Growth;INF251K01UR1;;10.3329;;;13-Jan-2026
153538;Baroda BNP Paribas Income Plus Arbitrage Active FOF Regular IDCW Payout;INF251K01UX9;INF251K01US9;10.3329;;;13-Jan-2026
153552;Baroda BNP Paribas Multi Asset Active FOF Direct Growth;INF251K01UO8;;11.0872;;;13-Jan-2026
153550;Baroda BNP Paribas Multi Asset Active FOF Direct IDCW Payout;INF251K01UP5;INF251K01UQ3;11.0872;;;13-Jan-2026
153548;Baroda BNP Paribas Multi Asset Active FOF Regular Growth;INF251K01UM2;;11.0256;;;13-Jan-2026
153549;Baroda BNP Paribas Multi Asset Active FOF Regular ICDW Payout;INF251K01UN0;INF251K01UW1;11.0256;;;13-Jan-2026

DSP Mutual Fund
152183;DSP Gold ETF Fund of Fund - Direct - Growth;INF740KA1TK6;;22.0799;;;13-Jan-2026
152184;DSP Gold ETF Fund of Fund - Direct - IDCW;INF740KA1TL4;INF740KA1TM2;22.0799;;;13-Jan-2026
152182;DSP Gold ETF Fund of Fund - Regular - Growth;INF740KA1TH2;;21.9033;;;13-Jan-2026
152181;DSP Gold ETF Fund of Fund - Regular - IDCW;INF740KA1TI0;INF740KA1TJ8;21.9033;;;13-Jan-2026
130493;DSP Income Plus Arbitrage Omni FoF - Direct Plan - Growth;INF740K01Z50;;23.1038;;;13-Jan-2026
130491;DSP Income Plus Arbitrage Omni FoF - Direct Plan - IDCW;INF740K01Z68;INF740K01Z76;18.8110;;;13-Jan-2026
130492;DSP Income Plus Arbitrage Omni FoF - Regular Plan - Growth;INF740K01Z27;;21.7892;;;13-Jan-2026
130490;DSP Income Plus Arbitrage Omni FoF - Regular Plan - IDCW;INF740K01Z35;INF740K01Z43;16.9909;;;13-Jan-2026
153487;DSP Silver ETF Fund of Fund - Direct - Growth;INF740KA1VZ0;;27.1590;;;13-Jan-2026
153489;DSP Silver ETF Fund of Fund - Direct - IDCW;INF740KA1WA1;INF740KA1WB9;27.1590;;;13-Jan-2026
153486;DSP Silver ETF Fund of Fund - Regular - Growth;INF740KA1VW7;;27.0779;;;13-Jan-2026
153488;DSP Silver ETF Fund of Fund - Regular - IDCW;INF740KA1VX5;INF740KA1VY3;27.0779;;;13-Jan-2026

Edelweiss Mutual Fund
149401;BHARAT Bond ETF FOF - April 2032 Direct Growth;INF754K01NY5;;13.1006;;;13-Jan-2026
149402;BHARAT Bond ETF FOF - April 2032 Direct Plan Dividend;INF754K01NZ2;INF754K01OA3;13.1007;;;13-Jan-2026
149400;BHARAT Bond ETF FOF - April 2032 Regular Plan Dividend;INF754K01NW9;INF754K01NX7;13.1007;;;13-Jan-2026
149399;BHARAT Bond ETF FOF - April 2032 Regular Plan Growth;INF754K01NV1;;13.1007;;;13-Jan-2026
150989;BHARAT Bond ETF FOF - April 2033 - Direct Plan - Growth;INF754K01RC2;;12.7726;;;13-Jan-2026
150990;BHARAT Bond ETF FOF - April 2033 - Direct Plan - IDCW;INF754K01RD0;INF754K01RE8;12.7726;;;13-Jan-2026
150991;BHARAT Bond ETF FOF - April 2033 - Regular Plan - Growth;INF754K01QY8;;12.7726;;;13-Jan-2026
150988;BHARAT Bond ETF FOF - April 2033 - Regular Plan - IDCW;INF754K01QZ5;INF754K01RA6;12.7726;;;13-Jan-2026
147857;Bharat Bond FOF - April 2030 - Direct Plan - Growth Option;INF754K01KY1;;15.5601;;;13-Jan-2026
147855;BHARAT Bond FOF - April 2030 - Direct Plan - IDCW Option;INF754K01KZ8;INF754K01LA9;15.5601;;;13-Jan-2026
147854;Bharat Bond FOF - April 2030 - Regular Plan - Growth Option;INF754K01KV7;;15.5601;;;13-Jan-2026
147856;BHARAT Bond FOF - April 2030 - Regular Plan - IDCW Option;INF754K01KW5;INF754K01KX3;15.5601;;;13-Jan-2026
148453;BHARAT Bond FOF - April 2031 - Direct Plan - IDCW Option;INF754K01LP7;INF754K01LQ5;13.9198;;;13-Jan-2026
148451;BHARAT Bond FOF - April 2031 - Regular Plan - IDCW Option;INF754K01LM4;INF754K01LN2;13.9198;;;13-Jan-2026
148450;BHARAT Bond FOF- April 2031- Direct Plan- Growth Option;INF754K01LO0;;13.9198;;;13-Jan-2026
148452;BHARAT Bond FOF- April 2031- Regular Plan- Growth Option;INF754K01LL6;;13.9198;;;13-Jan-2026
150581;Edelweiss Gold and Silver ETF FOF - Direct Plan - Growth;INF754K01OX5;;34.638;;;13-Jan-2026
150578;Edelweiss Gold and Silver ETF FOF - Direct Plan - IDCW;INF754K01OY3;INF754K01OZ0;34.638;;;13-Jan-2026
150579;Edelweiss Gold and Silver ETF FOF - Regular Plan - Growth;INF754K01OT3;;34.175;;;13-Jan-2026
150580;Edelweiss Gold and Silver ETF FOF - Regular Plan - IDCW;INF754K01OU1;INF754K01OV9;34.175;;;13-Jan-2026
153714;Edelweiss Income Plus Arbitrage Active Fund of Fund - Regular - Dividend- Payout;INF754K01VK7;INF754K01VL5;10.2416;;;13-Jan-2026
153712;Edelweiss Income Plus Arbitrage Active Fund of Funds - Direct Plan Growth;INF754K01VF7;;10.2568;;;13-Jan-2026
153715;Edelweiss Income Plus Arbitrage Active Fund of Funds - Direct-Dividend-Payout;INF754K01VG5;INF754K01VH3;10.2568;;;13-Jan-2026
153713;Edelweiss Income Plus Arbitrage Active Fund of Funds - Regular-Growth;INF754K01VJ9;;10.2416;;;13-Jan-2026
153776;Edelweiss Multi Asset Omni Fund of Fund- Direct Plan - Growth;INF754K01VN1;;11.4208;;;13-Jan-2026
153777;Edelweiss Multi Asset Omni Fund of Fund- Direct Plan - IDCW;INF754K01VO9;INF754K01VP6;11.4208;;;13-Jan-2026
153779;Edelweiss Multi Asset Omni Fund of Fund- Regular Plan - Growth;INF754K01VR2;;11.364;;;13-Jan-2026
153778;Edelweiss Multi Asset Omni Fund of Fund- Regular Plan - IDCW;INF754K01VS0;INF754K01VT8;11.364;;;13-Jan-2026
154072;Edelweiss Silver ETF Fund of Fund - Direct Plan Growth Option;INF754K01VZ5;;11.3683;;;13-Jan-2026
154075;Edelweiss Silver ETF Fund of Fund - Regular Plan Growth Option;INF754K01WD0;;11.3659;;;13-Jan-2026

Franklin Templeton Mutual Fund
118543;Franklin India Dynamic Asset Allocation Active Fund Of Funds - Direct - Growth;INF090I01HV6;;189.0550;;;13-Jan-2026
118542;Franklin India Dynamic Asset Allocation Active Fund of funds - Direct - IDCW;INF090I01HT0;INF090I01HU8;50.5776;;;13-Jan-2026
101657;Franklin India Dynamic Asset Allocation Active Fund of funds - IDCW;INF090I01247;INF090I01254;42.5920;;;13-Jan-2026
101656;Franklin India Dynamic Asset Allocation Active Fund of Funds-Growth;INF090I01262;;166.4926;;;13-Jan-2026
132990;Franklin India Income Plus Arbitrage Active Fund of Funds - Direct - IDCW;INF090I01LI5;INF090I01LJ3;24.3911;;;13-Jan-2026
132987;Franklin India Income Plus Arbitrage Active Fund of Funds- Growth Plan;INF090I01LE4;;21.5911;;;13-Jan-2026
132989;Franklin India Income Plus Arbitrage Active Fund of Funds- Growth Plan - Direct;INF090I01LH7;;24.3911;;;13-Jan-2026
132988;Franklin India Income Plus Arbitrage Active Fund of Funds- IDCW;INF090I01LF1;INF090I01LG9;21.5911;;;13-Jan-2026

Groww Mutual Fund
153745;Groww BSE Power ETF FOF Direct Growth;INF666M01LN4;;9.6055;;;13-Jan-2026
153746;Groww BSE Power ETF FOF Direct IDCW;INF666M01LO2;INF666M01LP9;9.6055;;;13-Jan-2026
153748;Groww BSE Power ETF FOF Regular Growth;INF666M01LQ7;;9.5862;;;13-Jan-2026
153747;Groww BSE Power ETF FOF Regular IDCW;INF666M01LR5;INF666M01LS3;9.5862;;;13-Jan-2026
152980;Groww Gold ETF FOF - DIRECT - GROWTH;INF666M01IX9;;17.3685;;;13-Jan-2026
153004;Groww Gold ETF FOF - DIRECT - IDCW;INF666M01IY7;INF666M01IZ4;17.3685;;;13-Jan-2026
153006;Groww Gold ETF FOF - REGULAR - GROWTH;INF666M01JA5;;17.3008;;;13-Jan-2026
153005;Groww Gold ETF FOF - REGULAR - IDCW;INF666M01JB3;INF666M01JC1;17.3025;;;13-Jan-2026
154028;Groww Multi Asset Omni FOF Direct Growth;INF666M01NC3;;9.9597;;;13-Jan-2026
154058;Groww Multi Asset Omni FOF Direct IDCW;INF666M01ND1;INF666M01NE9;9.9597;;;13-Jan-2026
154057;Groww Multi Asset Omni FOF Regular Growth;INF666M01NF6;;9.9525;;;13-Jan-2026
154059;Groww Multi Asset Omni FOF Regular IDCW;INF666M01NG4;INF666M01NH2;9.9535;;;13-Jan-2026
153328;Groww Nifty 200 ETF FOF - Direct - Growth;INF666M01JQ1;;11.8947;;;13-Jan-2026
153343;Groww Nifty 200 ETF FOF - Direct - IDCW;INF666M01JR9;INF666M01JS7;11.8946;;;13-Jan-2026
153342;Groww Nifty 200 ETF FOF - Regular - Growth;INF666M01JT5;;11.8374;;;13-Jan-2026
153344;Groww Nifty 200 ETF FOF - Regular - IDCW;INF666M01JU3;INF666M01JW9;11.8374;;;13-Jan-2026
153453;Groww Nifty 500 Momentum 50 ETF FOF - Direct Plan - Growth;INF666M01JX7;;10.2617;;;13-Jan-2026
153454;Groww Nifty 500 Momentum 50 ETF FOF - Direct Plan - IDCW;INF666M01JY5;INF666M01KB1;10.2729;;;13-Jan-2026
153455;Groww Nifty 500 Momentum 50 ETF FOF - Regular Plan - IDCW;INF666M01KH8;INF666M01KI6;10.2282;;;13-Jan-2026
153456;Groww Nifty 500 Momentum 50 ETF FOF - Regular Plan- Growth;INF666M01KC9;;10.2282;;;13-Jan-2026
153908;Groww Nifty Capital Markets ETF FOF Direct Growth;INF666M01MG6;;9.9661;;;13-Jan-2026
153917;Groww Nifty Capital Markets ETF FOF Direct IDCW;INF666M01MH4;INF666M01MI2;9.9661;;;13-Jan-2026
153918;Groww Nifty Capital Markets ETF FOF Regular Growth;INF666M01MJ0;;9.9601;;;13-Jan-2026
153919;Groww Nifty Capital Markets ETF FOF Regular IDCW;INF666M01MK8;INF666M01ML6;9.9601;;;13-Jan-2026
152771;Groww Nifty EV & New Age Automotive ETF FOF - Direct Plan - IDCW;INF666M01IM2;INF666M01IN0;9.4427;;;13-Jan-2026
152773;Groww Nifty EV & New Age Automotive ETF FOF - Regular Plan - Growth;INF666M01II0;;9.3845;;;13-Jan-2026
152772;Groww Nifty EV & New Age Automotive ETF FOF - Regular Plan - IDCW;INF666M01IJ8;INF666M01IK6;9.3846;;;13-Jan-2026
152770;Groww Nifty EV & New Age Automotive ETF FOF- Direct Plan - Growth;INF666M01IL4;;9.4423;;;13-Jan-2026
152926;Groww Nifty India Defence ETF FOF - Direct - IDCW;INF666M01IR1;INF666M01IS9;11.5007;;;13-Jan-2026
152925;Groww Nifty India Defence ETF FOF - Direct Growth;INF666M01IQ3;;11.5005;;;13-Jan-2026
152927;Groww Nifty India Defence ETF FOF - Regular - Growth;INF666M01IT7;;11.4416;;;13-Jan-2026
152928;Groww Nifty India Defence ETF FOF - Regular - IDCW;INF666M01IU5;INF666M01IV3;11.4402;;;13-Jan-2026
153626;Groww Nifty India Internet ETF FOF - Direct - Growth;INF666M01LC7;;10.1244;;;13-Jan-2026
153632;Groww Nifty India Internet ETF FOF - Direct - IDCW;INF666M01LD5;INF666M01LE3;10.1244;;;13-Jan-2026
153633;Groww Nifty India Internet ETF FOF - Regular - Growth;INF666M01LF0;;10.0996;;;13-Jan-2026
153631;Groww Nifty India Internet ETF FOF - Regular - IDCW;INF666M01LG8;INF666M01LH6;10.0996;;;13-Jan-2026
153525;Groww Silver ETF FOF - Direct - Growth;INF666M01KQ9;;25.0885;;;13-Jan-2026
153526;Groww Silver ETF FOF - Direct - IDCW;INF666M01KR7;INF666M01KS5;25.0937;;;13-Jan-2026
153527;Groww Silver ETF FOF - Regular - Growth;INF666M01KX5;;25.0195;;;13-Jan-2026
153528;Groww Silver ETF FOF - Regular - IDCW;INF666M01KY3;INF666M01KZ0;25.0195;;;13-Jan-2026

HDFC Mutual Fund
153860;HDFC Diversified Equity All Cap Active FOF - Direct Plan - Growth Plan;INF179KC1JU4;;10.2343;;;13-Jan-2026
153862;HDFC Diversified Equity All Cap Active FOF - IDCW - Direct Plan;INF179KC1JV2;INF179KC1JW0;10.2343;;;13-Jan-2026
153863;HDFC Diversified Equity All Cap Active FOF - IDCW - Regular Plan;INF179KC1JS8;INF179KC1JT6;10.2023;;;13-Jan-2026
153861;HDFC Diversified Equity All Cap Active FOF - Regular Plan - Growth Plan;INF179KC1JR0;;10.2023;;;13-Jan-2026
119132;HDFC Gold ETF Fund of Fund - Direct Plan;INF179K01VX0;;43.999;;;13-Jan-2026
115934;HDFC Gold ETF Fund of Fund - Growth Option;INF179K01LC5;;41.9593;;;13-Jan-2026
130533;HDFC Income Plus Arbitrage Active FOF - Growth Option;INF179KA1SF8;;39.9477;;;13-Jan-2026
130543;HDFC Income Plus Arbitrage Active FOF - Growth Option - Direct Plan;INF179KA1SC5;;44.1145;;;13-Jan-2026
130540;HDFC Income Plus Arbitrage Active FOF - IDCW Option;INF179KA1SG6;;35.0054;;;13-Jan-2026
130547;HDFC Income Plus Arbitrage Active FOF - IDCW Option - Direct Plan;INF179KA1SD3;;38.7502;;;13-Jan-2026
148901;HDFC Multi-Asset Active FOF - Growth Option;INF179KC1BD7;;19.348;;;13-Jan-2026
148903;HDFC Multi-Asset Active FOF - Growth Option -Direct Plan;INF179KC1BA3;;20.431;;;13-Jan-2026
148900;HDFC Multi-Asset Active FOF - IDCW Option;INF179KC1BE5;;19.348;;;13-Jan-2026
148902;HDFC Multi-Asset Active FOF - IDCW Option - Direct Plan;INF179KC1BB1;;20.431;;;13-Jan-2026
150736;HDFC Silver ETF Fund of Fund - Growth Option;INF179KC1DV5;;42.8934;;;13-Jan-2026
150737;HDFC Silver ETF Fund of Fund - Growth Option - Direct Plan;INF179KC1DU7;;43.4011;;;13-Jan-2026

HSBC Mutual Fund
129199;HSBC Aggressive Hybrid Active FOF - Dividend;INF336L01HY1;INF336L01HZ8;30.9943;;;13-Jan-2026
129201;HSBC Aggressive Hybrid Active FOF - Dividend Direct;INF336L01IB7;INF336L01IC5;33.1477;;;13-Jan-2026
129065;HSBC Aggressive Hybrid Active FOF - Growth;INF336L01IA9;;40.3291;;;13-Jan-2026
129200;HSBC Aggressive Hybrid Active FOF - Growth Direct;INF336L01ID3;;42.6604;;;13-Jan-2026
129195;HSBC Income Plus Arbitrage Active FOF - Growth;INF336L01IM4;;21.9874;;;13-Jan-2026
129197;HSBC Income Plus Arbitrage Active FOF - Growth Direct;INF336L01IP7;;23.3514;;;13-Jan-2026
129198;HSBC Income Plus Arbitrage Active FOF Direct Plan IDCW;INF336L01IN2;INF336L01IO0;18.9141;;;13-Jan-2026
129196;HSBC Income Plus Arbitrage Active FOF IDCW;INF336L01IK8;INF336L01IL6;17.2298;;;13-Jan-2026
129191;HSBC Multi Asset Active FOF - Growth;INF336L01IG6;;39.6502;;;13-Jan-2026
129193;HSBC Multi Asset Active FOF - Growth Direct;INF336L01IJ0;;42.4156;;;13-Jan-2026
129194;HSBC Multi Asset Active FOF Direct Plan IDCW;INF336L01IH4;INF336L01II2;22.0581;;;13-Jan-2026
129192;HSBC Multi Asset Active FOF IDCW;INF336L01IE1;INF336L01IF8;31.4986;;;13-Jan-2026

ICICI Prudential Mutual Fund
143904;ICICI Prudential BHARAT 22 FOF - Cumulative Option;INF109KC1FW3;;34.1960;;;13-Jan-2026
143903;ICICI Prudential BHARAT 22 FOF - Direct Plan Cumulative Option;INF109KC1FX1;;34.2084;;;13-Jan-2026
149331;ICICI Prudential BSE 500 ETF FOF - Direct Plan - Growth;INF109KC1V91;;16.1165;;;13-Jan-2026
149333;ICICI Prudential BSE 500 ETF FOF - Direct Plan - IDCW;INF109KC1W09;INF109KC1W17;16.1161;;;13-Jan-2026
149334;ICICI Prudential BSE 500 ETF FOF - Growth;INF109KC1V67;;15.8032;;;13-Jan-2026
149332;ICICI Prudential BSE 500 ETF FOF - IDCW;INF109KC1V75;INF109KC1V83;15.8031;;;13-Jan-2026
120702;ICICI Prudential Diversified Debt Strategy Active FOF  - Direct Plan - Growth;INF109K01X73;;48.0930;;;13-Jan-2026
120703;ICICI Prudential Diversified Debt Strategy Active FOF - Direct Plan -  IDCW;INF109K01X57;INF109K01X65;42.3408;;;13-Jan-2026
102141;ICICI Prudential Diversified Debt Strategy Active FOF - Growth;INF109K01878;;46.1673;;;13-Jan-2026
102143;ICICI Prudential Diversified Debt Strategy Active FOF - IDCW;INF109K01FS0;INF109K01886;40.2697;;;13-Jan-2026
148035;ICICI Prudential Diversified Equity All Cap Omni FOF - Direct Plan - Growth;INF109KC1I49;;32.9971;;;13-Jan-2026
148036;ICICI Prudential Diversified Equity All Cap Omni FOF - Direct Plan - IDCW;INF109KC1I64;INF109KC1I56;25.6981;;;13-Jan-2026
148033;ICICI Prudential Diversified Equity All Cap Omni FOF - Growth;INF109KC1I15;;31.6279;;;13-Jan-2026
148034;ICICI Prudential Diversified Equity All Cap Omni FOF - IDCW;INF109KC1I31;INF109KC1I23;24.4539;;;13-Jan-2026
120679;ICICI Prudential Dynamic Asset Allocation Active FOF - Direct Plan - Growth;INF109K01X16;;137.5508;;;13-Jan-2026
120680;ICICI Prudential Dynamic Asset Allocation Active FOF - Direct Plan - IDCW;INF109K01W90;INF109K01X08;107.8669;;;13-Jan-2026
102137;ICICI Prudential Dynamic Asset Allocation Active FOF - Growth;INF109K01837;;123.8655;;;13-Jan-2026
102138;ICICI Prudential Dynamic Asset Allocation Active FOF - IDCW;INF109K01FJ9;INF109K01845;95.1898;;;13-Jan-2026
147648;ICICI Prudential Global Advantage Fund (FOF) - Direct Plan - Growth Option;INF109KC1F34;;21.5611;;;13-Jan-2026
147645;ICICI Prudential Global Advantage Fund (FOF) - Direct Plan - IDCW;INF109KC1F42;;21.5611;;;13-Jan-2026
147647;ICICI Prudential Global Advantage Fund (FOF) - Growth Option;INF109KC1F00;;20.6602;;;13-Jan-2026
147646;ICICI Prudential Global Advantage Fund (FOF) - IDCW;INF109KC1F18;;20.6596;;;13-Jan-2026
120313;ICICI Prudential Income plus Arbitrage Omni FOF - Direct Plan - Growth;INF109K01W82;;69.1272;;;13-Jan-2026
120314;ICICI Prudential Income plus Arbitrage Omni FOF - Direct Plan - IDCW;INF109K01W66;INF109K01W74;53.4552;;;13-Jan-2026
102139;ICICI Prudential Income Plus Arbitrage Omni FOF - Growth;INF109K01811;;64.3016;;;13-Jan-2026
102140;ICICI Prudential Income plus Arbitrage Omni FOF - IDCW;INF109K01EB9;INF109K01829;49.3411;;;13-Jan-2026
120243;ICICI Prudential Multi Sector Passive FOF - Direct Plan -  IDCW;INF109K01W33;INF109K01W41;140.0751;;;13-Jan-2026
120242;ICICI Prudential Multi Sector Passive FOF - Direct Plan - Growth;INF109K01W58;;177.8848;;;13-Jan-2026
102133;ICICI Prudential Multi Sector Passive FOF - Growth;INF109K01795;;169.8085;;;13-Jan-2026
102134;ICICI Prudential Multi Sector Passive FOF - IDCW;INF109K01DW7;INF109K01803;132.3022;;;13-Jan-2026
148822;ICICI Prudential Nifty 100 Low Volatility 30 ETF FOF - Direct Plan - Growth;INF109KC1P81;;19.3192;;;13-Jan-2026
148823;ICICI Prudential Nifty 100 Low Volatility 30 ETF FOF - Direct Plan - IDCW;INF109KC1Q07;INF109KC1P99;19.3193;;;13-Jan-2026
148821;ICICI Prudential Nifty 100 Low Volatility 30 ETF FOF - Growth;INF109KC1P57;;18.9212;;;13-Jan-2026
148824;ICICI Prudential Nifty 100 Low Volatility 30 ETF FOF - IDCW;INF109KC1P73;INF109KC1P65;18.9212;;;13-Jan-2026
149158;ICICI Prudential Nifty Alpha Low - Volatility 30 ETF FOF - Direct Plan - Growth;INF109KC1R89;;15.2076;;;13-Jan-2026
149160;ICICI Prudential Nifty Alpha Low - Volatility 30 ETF FOF - Direct Plan - IDCW;INF109KC1S05;INF109KC1R97;15.2071;;;13-Jan-2026
149157;ICICI Prudential Nifty Alpha Low - Volatility 30 ETF FOF - Growth;INF109KC1R55;;14.9098;;;13-Jan-2026
149159;ICICI Prudential Nifty Alpha Low - Volatility 30 ETF FOF - IDCW;INF109KC1R71;INF109KC1R63;14.9098;;;13-Jan-2026
153394;ICICI Prudential Nifty EV & New Age Automotive ETF FOF - Direct Plan - Growth;INF109K1A120;;11.7156;;;13-Jan-2026
153395;ICICI Prudential Nifty EV & New Age Automotive ETF FOF - Direct Plan - IDCW;INF109K1A146;INF109K1A138;11.7156;;;13-Jan-2026
153396;ICICI Prudential Nifty EV & New Age Automotive ETF FOF - Growth;INF109K1A096;;11.6745;;;13-Jan-2026
153393;ICICI Prudential Nifty EV & New Age Automotive ETF FOF - IDCW;INF109K1A112;INF109K1A104;11.6745;;;13-Jan-2026
149441;ICICI Prudential Passive Multi-Asset Fund of Funds - Direct Plan - Growth;INF109KC1Y15;;16.602;;;13-Jan-2026
149442;ICICI Prudential Passive Multi-Asset Fund of Funds - Direct Plan - IDCW;INF109KC1Y23;INF109KC1Y31;16.6128;;;13-Jan-2026
149439;ICICI Prudential Passive Multi-Asset Fund of Funds - Growth;INF109KC1X81;;16.3178;;;13-Jan-2026
149440;ICICI Prudential Passive Multi-Asset Fund of Funds - IDCW;INF109KC1X99;INF109KC1Y07;16.3179;;;13-Jan-2026
120685;ICICI Prudential Regular Gold Savings Fund (FOF) - Direct Plan -  Growth;INF109K01U92;;45.0538;;;13-Jan-2026
120686;ICICI Prudential Regular Gold Savings Fund (FOF) - Direct Plan -  IDCW;INF109K01U76;INF109K01U84;45.0580;;;13-Jan-2026
115833;ICICI Prudential Regular Gold Savings Fund (FOF) - Growth;INF109K01TK8;;43.4678;;;13-Jan-2026
115834;ICICI Prudential Regular Gold Savings Fund (FOF) - IDCW;INF109K01TM4;INF109K01TL6;43.4687;;;13-Jan-2026
149775;ICICI PRUDENTIAL SILVER ETF FUND OF FUND - Direct Plan - Growth;INF109KC1Y98;;40.1051;;;13-Jan-2026
149776;ICICI PRUDENTIAL SILVER ETF FUND OF FUND - Direct Plan - IDCW;INF109KC1Z06;INF109KC1Z14;40.1055;;;13-Jan-2026
149777;ICICI PRUDENTIAL SILVER ETF FUND OF FUND - Growth;INF109KC1Y64;;39.3275;;;13-Jan-2026
149778;ICICI PRUDENTIAL SILVER ETF FUND OF FUND - IDCW;INF109KC1Y72;INF109KC1Y80;39.3269;;;13-Jan-2026
120700;ICICI Prudential Thematic Advantage Fund (FOF) - Direct Plan - Growth;INF109K01X40;;245.9061;;;13-Jan-2026
102135;ICICI Prudential Thematic Advantage Fund (FOF) - Growth;INF109K01852;;229.0334;;;13-Jan-2026
102136;ICICI Prudential Thematic Advantage Fund (FOF) - IDCW;INF109K01FR2;INF109K01860;177.5439;;;13-Jan-2026

Invesco Mutual Fund
120531;Invesco India Gold ETF Fund of Fund - Direct Plan - Growth;INF205K01NJ9;;41.5226;;;13-Jan-2026
120530;Invesco India Gold ETF Fund of Fund - Direct Plan - IDCW (Payout / Reinvestment);INF205K01NH3;INF205K01NI1;41.459;;;13-Jan-2026
116077;Invesco India Gold ETF Fund of Fund - Regular Plan - Growth;INF205K01FA4;;39.9408;;;13-Jan-2026
116075;Invesco India Gold ETF Fund of Fund - Regular Plan - IDCW (Payout / Reinvestment);INF205K01FB2;INF205K01FC0;39.9456;;;13-Jan-2026
153697;Invesco India Income Plus Arbitrage Active Fund of Fund - Direct Plan - Growth;INF205KA1BA3;;1025.0114;;;13-Jan-2026
153698;Invesco India Income Plus Arbitrage Active Fund of Fund - Direct Plan - IDCW (Payout / Reinvestment);INF205KA1BB1;INF205KA1BC9;1025.0113;;;13-Jan-2026
153695;Invesco India Income Plus Arbitrage Active Fund of Fund - Regular Plan - Growth Plan;INF205KA1AX7;;1023.0251;;;13-Jan-2026
153696;Invesco India Income Plus Arbitrage Active Fund of Fund - Regular Plan - IDCW (Payout / Reinvestment);INF205KA1AY5;INF205KA1AZ2;1023.0252;;;13-Jan-2026

Kotak Mahindra Mutual Fund
114758;Kotak Gold Fund Growth;INF174K01AT3;;53.8145;;;13-Jan-2026
119781;Kotak Gold Fund Growth - Direct;INF174K01MP6;;56.788;;;13-Jan-2026
114757;Kotak Gold Fund Payout of Income Distribution cum capital withdrawal option;INF174K01AU1;INF174K01AV9;53.8144;;;13-Jan-2026
119780;Kotak Gold Fund Payout of Income Distribution cum capital withdrawal option- Direct;INF174K01MQ4;INF174K01MR2;56.7875;;;13-Jan-2026
153921;Kotak Gold Silver Passive FOF - Direct Plan - Growth;INF174KA1XT4;;15.607;;;13-Jan-2026
153922;Kotak Gold Silver Passive FOF - Regular Plan - Growth;INF174KA1XU2;;15.597;;;13-Jan-2026
150820;Kotak Income Plus Arbitrage Omni  FOF-Regular Plan-Growth;INF174KA1KG8;;12.6932;;;13-Jan-2026
150822;Kotak Income Plus Arbitrage Omni FOF-Direct Plan-Growth;INF174KA1KJ2;;12.7468;;;13-Jan-2026
150823;Kotak Income Plus Arbitrage Omni FOF-Direct Plan-IDCW;INF174KA1KK0;INF174KA1KL8;12.747;;;13-Jan-2026
150821;Kotak Income Plus Arbitrage Omni FOF-Regular Plan-IDCW;INF174KA1KH6;INF174KA1KI4;12.693;;;13-Jan-2026
119777;Kotak Multi Asset Omni FOF - Direct Growth - Direct;INF174K01LN3;;277.318;;;13-Jan-2026
119776;Kotak Multi Asset Omni FOF - Direct Payout of Income Distribution cum capital withdrawal option;INF174K01LO1;INF174K01LP8;272.328;;;13-Jan-2026
102574;Kotak Multi Asset Omni FOF - Growth- Regular;INF174K01468;;256.819;;;13-Jan-2026
102573;Kotak Multi Asset Omni FOF - Payout of Income Distribution cum capital withdrawal option;INF174K01484;INF174K01476;249.989;;;13-Jan-2026
151603;Kotak Silver ETF Fund of Fund - Direct Plan - Growth Option;INF174KA1MQ3;;34.8406;;;13-Jan-2026
151602;Kotak Silver ETF Fund of Fund - Regular Plan - Growth Option;INF174KA1MR1;;34.3983;;;13-Jan-2026

LIC Mutual Fund
151974;LIC MF Gold ETF Fund of Fund-Direct Plan-Growth;INF397L01BU4;;38.5747;;;13-Jan-2026
151973;LIC MF Gold ETF Fund of Fund-Regular Plan-Growth;INF397L01992;;36.523;;;13-Jan-2026

Mahindra Manulife Mutual Fund
154007;Mahindra Manulife Income Plus Arbitrage Active FOF  - Direct - Growth;INF174V01CU4;;10.0455;;;13-Jan-2026
154008;Mahindra Manulife Income Plus Arbitrage Active FOF - Direct - IDCW;INF174V01CV2;INF174V01CW0;10.0455;;;13-Jan-2026
154006;Mahindra Manulife Income Plus Arbitrage Active FOF - Regular - Growth;INF174V01CR0;;10.0391;;;13-Jan-2026
154005;Mahindra Manulife Income Plus Arbitrage Active FOF - Regular - IDCW;INF174V01CS8;INF174V01CT6;10.0392;;;13-Jan-2026

Mirae Asset Mutual Fund
153380;Mirae Asset BSE 200 Equal Weight ETF Fund of Fund - Direct Plan - Growth;INF769K01OE3;;11.384;;;13-Jan-2026
153381;Mirae Asset BSE 200 Equal Weight ETF Fund of Fund - Direct Plan - IDCW;INF769K01OG8;INF769K01OF0;11.382;;;13-Jan-2026
153382;Mirae Asset BSE 200 Equal Weight ETF Fund of Fund - Regular Plan - Growth;INF769K01OB9;;11.333;;;13-Jan-2026
153383;Mirae Asset BSE 200 Equal Weight ETF Fund of Fund - Regular Plan - IDCW;INF769K01OD5;INF769K01OC7;11.333;;;13-Jan-2026
153385;Mirae Asset BSE Select IPO ETF Fund of Fund - Direct Plan - Growth;INF769K01OK0;;10.979;;;13-Jan-2026
153386;Mirae Asset BSE Select IPO ETF Fund of Fund - Direct Plan - IDCW;INF769K01OM6;INF769K01OL8;10.977;;;13-Jan-2026
153387;Mirae Asset BSE Select IPO ETF Fund of Fund - Regular Plan - Growth;INF769K01OH6;;10.947;;;13-Jan-2026
153388;Mirae Asset BSE Select IPO ETF Fund of Fund - Regular Plan - IDCW;INF769K01OJ2;INF769K01OI4;10.929;;;13-Jan-2026
148500;Mirae Asset Diversified Equity Allocator Passive FOF - Direct Plan - Growth;INF769K01GE9;;25.636;;;13-Jan-2026
148501;Mirae Asset Diversified Equity Allocator Passive FOF - Direct Plan - IDCW;INF769K01GD1;INF769K01GF6;25.656;;;13-Jan-2026
148502;Mirae Asset Diversified Equity Allocator Passive FOF - Regular Plan - Growth;INF769K01GB5;;25.532;;;13-Jan-2026
148503;Mirae Asset Diversified Equity Allocator Passive FOF - Regular Plan - IDCW;INF769K01GA7;INF769K01GC3;25.535;;;13-Jan-2026
153007;Mirae Asset Gold ETF Fund of Fund - Direct Plan - Growth;INF769K01MV1;;17.770;;;13-Jan-2026
153008;Mirae Asset Gold ETF Fund of Fund - Direct Plan - IDCW;INF769K01MW9;INF769K01MX7;17.769;;;13-Jan-2026
153009;Mirae Asset Gold ETF Fund of Fund - Regular Plan - Growth;INF769K01MS7;;17.665;;;13-Jan-2026
153010;Mirae Asset Gold ETF Fund of Fund - Regular Plan - IDCW;INF769K01MT5;INF769K01MU3;17.655;;;13-Jan-2026
153812;Mirae Asset Gold Silver Passive FoF - Direct Plan - Growth;INF769K01PM3;;17.120;;;13-Jan-2026
153813;Mirae Asset Gold Silver Passive FoF - Direct Plan - IDCW;INF769K01PO9;INF769K01PN1;17.119;;;13-Jan-2026
153814;Mirae Asset Gold Silver Passive FoF - Regular Plan - Growth;INF769K01PP6;;17.078;;;13-Jan-2026
153815;Mirae Asset Gold Silver Passive FoF - Regular Plan - IDCW;INF769K01PL5;INF769K01PK7;17.075;;;13-Jan-2026
149380;Mirae Asset Hang Seng TECH ETF Fund of Fund Regular Plan - Growth Option;INF769K01HT5;;13.435;;;13-Jan-2026
149381;Mirae AssetHang Seng TECH ETF Fund of Fund Direct Plan - Growth Option;INF769K01HU3;;13.690;;;13-Jan-2026
153638;Mirae Asset Income plus Arbitrage Active FOF - Direct Plan - Growth;INF769K01OY1;;10.310;;;13-Jan-2026
153639;Mirae Asset Income plus Arbitrage Active FOF - Direct Plan - IDCW;INF769K01PA8;INF769K01OZ8;10.310;;;13-Jan-2026
153640;Mirae Asset Income plus Arbitrage Active FOF - Regular Plan - Growth;INF769K01OV7;;10.295;;;13-Jan-2026
153641;Mirae Asset Income plus Arbitrage Active FOF - Regular Plan - IDCW;INF769K01OX3;INF769K01OW5;10.295;;;13-Jan-2026
153816;Mirae Asset Multi Factor Passive FOF - Direct Plan - Growth;INF769K01PH3;;10.481;;;13-Jan-2026
153817;Mirae Asset Multi Factor Passive FOF - Direct Plan - IDCW;INF769K01PJ9;INF769K01PI1;10.479;;;13-Jan-2026
153818;Mirae Asset Multi Factor Passive FOF - Regular Plan - Growth;INF769K01PE0;;10.457;;;13-Jan-2026
153819;Mirae Asset Multi Factor Passive FOF - Regular Plan - IDCW;INF769K01PG5;INF769K01PF7;10.442;;;13-Jan-2026
148575;Mirae Asset Nifty 100 ESG Sector Leaders Fund  of Fund Direct IDCW;INF769K01GP5;INF769K01GR1;19.457;;;13-Jan-2026
148573;Mirae Asset Nifty 100 ESG Sector Leaders Fund  of Fund Regular IDCW;INF769K01GM2;INF769K01GO8;19.072;;;13-Jan-2026
148574;Mirae Asset Nifty 100 ESG Sector Leaders Fund of Fund Direct Growth;INF769K01GQ3;;19.462;;;13-Jan-2026
148576;Mirae Asset Nifty 100 ESG Sector Leaders Fund of Fund Regular Growth;INF769K01GN0;;19.111;;;13-Jan-2026
149790;Mirae Asset Nifty India Manufacturing ETF FOF - Direct Plan - Growth;INF769K01HZ2;;19.364;;;13-Jan-2026
149787;Mirae Asset Nifty India Manufacturing ETF FOF - Direct Plan- IDCW;INF769K01HY5;INF769K01IA3;19.365;;;13-Jan-2026
149788;Mirae Asset Nifty India Manufacturing ETF FOF - Regular Plan - Growth;INF769K01HW9;;19.068;;;13-Jan-2026
149789;Mirae Asset Nifty India Manufacturing ETF FOF - Regular Plan - IDCW;INF769K01HV1;INF769K01HX7;19.139;;;13-Jan-2026
153192;Mirae Asset Nifty India New Age Consumption ETF Fund of Fund - Direct Plan - Growth;INF769K01NP1;;9.567;;;13-Jan-2026
153193;Mirae Asset Nifty India New Age Consumption ETF Fund of Fund - Direct Plan - IDCW;INF769K01NR7;INF769K01NQ9;9.566;;;13-Jan-2026
153194;Mirae Asset Nifty India New Age Consumption ETF Fund of Fund - Regular Plan - Growth;INF769K01NM8;;9.530;;;13-Jan-2026
153195;Mirae Asset Nifty India New Age Consumption ETF Fund of Fund - Regular Plan - IDCW;INF769K01NO4;INF769K01NN6;9.531;;;13-Jan-2026
152645;Mirae Asset Nifty MidSmallcap400 Momentum Quality 100 ETF Fund of Fund - Direct Plan - Growth;INF769K01LN0;;9.488;;;13-Jan-2026
152646;Mirae Asset Nifty MidSmallcap400 Momentum Quality 100 ETF Fund of Fund - Direct Plan - IDCW;INF769K01LO8;INF769K01LP5;9.487;;;13-Jan-2026
152647;Mirae Asset Nifty MidSmallcap400 Momentum Quality 100 ETF Fund of Fund - Regular Plan - Growth;INF769K01LK6;;9.405;;;13-Jan-2026
152648;Mirae Asset Nifty MidSmallcap400 Momentum Quality 100 ETF Fund of Fund - Regular Plan - IDCW;INF769K01LL4;INF769K01LM2;9.410;;;13-Jan-2026
152459;Mirae Asset Nifty Smallcap 250 Momentum Quality 100 ETF Fund of Fund - Direct Plan - Growth;INF769K01LG4;;9.527;;;13-Jan-2026
152456;Mirae Asset Nifty Smallcap 250 Momentum Quality 100 ETF Fund of Fund - Direct Plan - IDCW;INF769K01LH2;INF769K01LI0;9.526;;;13-Jan-2026
152457;Mirae Asset Nifty Smallcap 250 Momentum Quality 100 ETF Fund of Fund - Regular Plan - Growth;INF769K01LD1;;9.440;;;13-Jan-2026
152458;Mirae Asset Nifty Smallcap 250 Momentum Quality 100 ETF Fund of Fund - Regular Plan - IDCW;INF769K01LE9;INF769K01LF6;9.442;;;13-Jan-2026
152718;Mirae Asset Nifty200 Alpha 30 ETF Fund of Fund - Direct Plan - Growth;INF769K01LU5;;8.667;;;13-Jan-2026
152719;Mirae Asset Nifty200 Alpha 30 ETF Fund of Fund - Direct Plan - IDCW;INF769K01LV3;INF769K01LW1;8.673;;;13-Jan-2026
152720;Mirae Asset Nifty200 Alpha 30 ETF Fund of Fund - Regular Plan - Growth;INF769K01LR1;;8.613;;;13-Jan-2026
152721;Mirae Asset Nifty200 Alpha 30 ETF Fund of Fund - Regular Plan - IDCW;INF769K01LS9;INF769K01LT7;8.606;;;13-Jan-2026
148928;Mirae Asset NYSE FANG + ETF Fund of Fund Direct Growth;INF769K01HH0;;35.724;;;13-Jan-2026
148929;Mirae Asset NYSE FANG + ETF Fund of Fund Regular Growth;INF769K01HG2;;35.077;;;13-Jan-2026
149170;Mirae Asset S&P 500 Top 50 ETF Fund of Fund Direct Growth;INF769K01HR9;;25.782;;;13-Jan-2026
149171;Mirae Asset S&P 500 Top 50 ETF Fund of Fund Regular Growth;INF769K01HQ1;;25.331;;;13-Jan-2026

Motilal Oswal Mutual Fund
149240;Motilal Oswal 5 Year G-Sec Fund Of Fund Direct -Growth;INF247L01AQ1;;12.8239;;;13-Jan-2026
149241;Motilal Oswal 5 Year G-Sec Fund Of Fund Regular -Growth;INF247L01AR9;;12.7831;;;13-Jan-2026
148747;Motilal Oswal Asset Allocation FOF- A- Direct Growth;INF247L01AL2;;19.6518;;;13-Jan-2026
148748;Motilal Oswal Asset Allocation FOF- A- Regular Growth;INF247L01AM0;;19.1597;;;13-Jan-2026
148750;Motilal Oswal Asset Allocation FOF- C- Direct Growth;INF247L01AN8;;17.4426;;;13-Jan-2026
148749;Motilal Oswal Asset Allocation FOF- C- Regular Growth;INF247L01AO6;;17.0083;;;13-Jan-2026
150642;Motilal Oswal Gold and Silver ETFs Fund of Funds(Direct Plan);INF247L01BM8;;31.1017;;;13-Jan-2026
150641;Motilal Oswal Gold and Silver ETFs Fund of Funds(Regular Plan);INF247L01BN6;;30.7400;;;13-Jan-2026
145552;Motilal Oswal Nasdaq 100 Fund of Fund- Direct Plan Growth;INF247L01718;;49.5890;;;13-Jan-2026
145551;Motilal Oswal Nasdaq 100 Fund of Fund- Regular Plan Growth;INF247L01700;;48.2273;;;13-Jan-2026

Nippon India Mutual Fund
148642;Nippon India Diversified Equity Flexicap Passive FoF - Direct Plan - Growth Option;INF204KB16X6;;21.6105;;;13-Jan-2026
148643;Nippon India Diversified Equity Flexicap Passive FoF - IDCW Option;INF204KB14X1;INF204KB15X8;21.1098;;;13-Jan-2026
148641;Nippon India Diversified Equity Flexicap Passive FoF - Regular Plan - Growth Option;INF204KB13X3;;21.1098;;;13-Jan-2026
148644;Nippon India Diversified Equity Flexicap Passive FoF- DIRECT Plan - IDCW Option;INF204KB17X4;INF204KB18X2;21.6105;;;13-Jan-2026
118662;NIPPON INDIA GOLD SAVINGS FUND - Direct Plan - IDCW Option;INF204K01YD2;INF204K01YE0;56.1286;;;13-Jan-2026
118663;Nippon India Gold Savings Fund - Direct Plan Growth Plan - Growth Option;INF204K01YC4;;56.1286;;;13-Jan-2026
114617;NIPPON INDIA GOLD SAVINGS FUND - IDCW Option;INF204K01KO8;INF204K01KP5;53.6270;;;13-Jan-2026
114616;Nippon India Gold Savings Fund-Growth plan- Growth Option;INF204K01KN0;;53.6270;;;13-Jan-2026
153598;Nippon India Income Plus Arbitrage Active Fund of Fund - Direct Plan-IDCW Payout;INF204KC1FK2;INF204KC1FL0;10.3137;;;13-Jan-2026
153599;Nippon India Income Plus Arbitrage Active Fund of Fund - Regular Plan- IDCW Payout;INF204KC1FH8;INF204KC1FI6;10.2993;;;13-Jan-2026
153601;Nippon India Income Plus Arbitrage Active Fund of Fund -Regular Plan- Growth Option;INF204KC1FG0;;10.2993;;;13-Jan-2026
153600;Nippon India Income Plus Arbitrage Active Fund of Fund- Direct Plan- Growth Option;INF204KC1FJ4;;10.3137;;;13-Jan-2026
148666;Nippon India Multi - Asset Omni FoF - Direct Plan - Growth Option;INF204KB16Y4;;23.8631;;;13-Jan-2026
148664;Nippon India Multi - Asset Omni FoF - DIRECT Plan - IDCW Option;INF204KB17Y2;INF204KB18Y0;23.8631;;;13-Jan-2026
148665;Nippon India Multi - Asset Omni FoF - IDCW Option;INF204KB14Y9;INF204KB15Y6;22.7274;;;13-Jan-2026
148663;Nippon India Multi - Asset Omni FoF - Regular Plan - Growth Option;INF204KB13Y1;;22.7274;;;13-Jan-2026
146513;Nippon India Nifty Next 50 Junior BeES FoF - Direct Plan - Growth Plan - Growth Option;INF204KB1X25;;25.7577;;;13-Jan-2026
146515;NIPPON INDIA NIFTY NEXT 50 JUNIOR BEES FOF - DIRECT Plan - IDCW Option;INF204KB1X41;INF204KB1X33;25.7577;;;13-Jan-2026
146514;Nippon India Nifty Next 50 Junior BeES FoF - Growth Plan - Growth Option;INF204KB1W91;;25.3523;;;13-Jan-2026
146512;NIPPON INDIA NIFTY NEXT 50 JUNIOR BEES FOF - IDCW Option;INF204KB1X17;INF204KB1X09;25.3523;;;13-Jan-2026
149760;Nippon India Silver ETF FOF- Direct Plan-Growth Option;INF204KC1378;;40.0131;;;13-Jan-2026
149762;Nippon India Silver ETF FOF- Direct Plan-IDCW Option;INF204KC1386;INF204KC1394;40.0131;;;13-Jan-2026
149761;Nippon India Silver ETF FOF- Regular Plan-IDCW Option;INF204KC1352;INF204KC1360;39.4097;;;13-Jan-2026
149759;Nippon India Silver ETF FOF-Regular Plan- Growth Option;INF204KC1345;;39.4097;;;13-Jan-2026

Quantum Mutual Fund
112039;Quantum Diversified Equity All Cap Active FOF - Direct Plan Growth Option;INF082J01093;;86.526;;;13-Jan-2026
112038;Quantum Diversified Equity All Cap Active FOF - Direct Plan IDCW;INF082J01101;INF082J01119;86.310;;;13-Jan-2026
141063;Quantum Diversified Equity All Cap Active FOF - Regular Plan Growth Option;INF082J01275;;84.898;;;13-Jan-2026
141062;Quantum Diversified Equity All Cap Active FOF - Regular Plan IDCW;INF082J01283;INF082J01291;84.683;;;13-Jan-2026
115132;Quantum Gold Savings Fund - Direct Plan Growth Option;INF082J01150;;53.9331;;;13-Jan-2026
141064;Quantum Gold Savings Fund - Regular Plan Growth Option;INF082J01358;;53.2123;;;13-Jan-2026
117608;Quantum Multi Asset Active FOF - Direct Plan Growth Option;INF082J01168;;37.3908;;;13-Jan-2026
141072;Quantum Multi Asset Active FOF - Regular Plan Growth Option;INF082J01341;;36.4725;;;13-Jan-2026
150390;Quantum Nifty 50 ETF Fund of Fund - Direct Plan - Growth;INF082J01416;;15.2288;;;13-Jan-2026
150389;Quantum Nifty 50 ETF Fund of Fund - Regular Plan - Growth;INF082J01424;;15.1659;;;13-Jan-2026

SBI Mutual Fund
153832;SBI Dynamic Asset Allocation Active FoF - Direct Plan - Growth;INF200KB1AA9;;10.1953;;;13-Jan-2026
153831;SBI Dynamic Asset Allocation Active FoF - Regular Plan - Growth;INF200KB1977;;10.1596;;;13-Jan-2026
153834;SBI Dynamic Asset Allocation Active FoF - Regular Plan - Income Distribution Cum Capital Withdrawal Option;INF200KB1985;INF200KB1993;10.1596;;;13-Jan-2026
153833;SBI Dynamic Asset Allocation Active FoF- Direct Plan- Income Cum Distribution Capital Withdrawal Option;INF200KB1AB7;INF200KB1AC5;10.1947;;;13-Jan-2026
119789;SBI Gold Fund - Direct Plan - Income Distribution cum Capital Withdrawal Option (IDCW);INF200K01RN3;INF200K01RO1;42.9404;;;13-Jan-2026
115677;SBI Gold Fund - Regular Plan - Income Distribution cum Capital Withdrawal Option (IDCW);INF200K01HB9;INF200K01HC7;41.0558;;;13-Jan-2026
115676;SBI GOLD FUND REGULAR PLAN - GROWTH;INF200K01HA1;;41.0448;;;13-Jan-2026
119788;SBI GOLD FUND- DIRECT PLAN - GROWTH;INF200K01RP8;;43.0023;;;13-Jan-2026
153498;SBI Income Plus Arbitrage Active FOF- Direct Plan- Growth;INF200KB1753;;10.3748;;;13-Jan-2026
153501;SBI Income Plus Arbitrage Active FOF- Direct Plan- Income Distribution Cum Capital Withdrawal Option;INF200KB1761;INF200KB1779;10.3746;;;13-Jan-2026
153500;SBI Income Plus Arbitrage Active FOF- Regular Plan- Growth;INF200KB1720;;10.3620;;;13-Jan-2026
153499;SBI Income Plus Arbitrage Active FOF- Regular Plan- Income Distribution Cum Capital Withdrawal Option;INF200KB1738;INF200KB1746;10.3621;;;13-Jan-2026
152734;SBI Silver ETF FOF- Regular Plan - Income Distribution Cum Capital Withdrawal Option (IDCW);INF200KB1225;INF200KB1274;27.5258;;;13-Jan-2026
152735;SBI Silver ETF Fund of Fund- Direct Plan - Growth;INF200KB1233;;27.6757;;;13-Jan-2026
152736;SBI Silver ETF Fund of Fund- Direct Plan - Income Distribution Cum Capital Withdrawal Option (IDCW);INF200KB1241;INF200KB1258;27.6757;;;13-Jan-2026
152733;SBI Silver ETF Fund of Fund- Regular Plan - Growth;INF200KB1266;;27.5251;;;13-Jan-2026

Sundaram Mutual Fund
154123;Sundaram Income Plus Arbitrage Active FoF Fund-Direct-Growth;INF903JA1LZ7;;10.0069;;;13-Jan-2026
154124;Sundaram Income Plus Arbitrage Active FoF Fund-Direct-IDCW Payout;INF903JA1MA8;;10.0069;;;13-Jan-2026
154127;Sundaram Income Plus Arbitrage Active FoF Fund-Regular-Growth;INF903JA1MC4;;10.0067;;;13-Jan-2026
154125;Sundaram Income Plus Arbitrage Active FoF Fund-Regular-IDCW Payout;INF903JA1MD2;;10.0067;;;13-Jan-2026

Tata Mutual Fund
152287;Tata Gold ETF Fund of Fund Direct Plan Growth Option;INF277KA1869;;21.6699;;;13-Jan-2026
152288;Tata Gold ETF Fund of Fund Direct Plan IDCW Payout Option;INF277KA1885;;21.6699;;;13-Jan-2026
152289;Tata Gold ETF Fund of Fund Direct Plan IDCW Reinvestment Option;;INF277KA1877;21.6699;;;13-Jan-2026
152290;Tata Gold ETF Fund of Fund Regular Plan Growth Option;INF277KA1901;;21.4264;;;13-Jan-2026
152286;Tata Gold ETF Fund of Fund Regular Plan IDCW Payout Option;INF277KA1851;;21.4264;;;13-Jan-2026
152291;Tata Gold ETF Fund of Fund Regular Plan IDCW Reinvestment Option;;INF277KA1919;21.4264;;;13-Jan-2026
153513;Tata Income Plus Arbitrage Active FOF - Direct Plan Growth Option;INF277KA1DT2;;10.3267;;;13-Jan-2026
153512;Tata Income Plus Arbitrage Active FOF - Direct Plan IDCW Payout Option;INF277KA1DV8;;10.3267;;;13-Jan-2026
153509;Tata Income Plus Arbitrage Active FOF - Direct Plan IDCW Reinvestment Option;;INF277KA1DU0;10.3267;;;13-Jan-2026
153511;Tata Income Plus Arbitrage Active FOF - Regular Plan Growth Option;INF277KA1DQ8;;10.2920;;;13-Jan-2026
153510;Tata Income Plus Arbitrage Active FOF - Regular Plan IDCW Payout Option;INF277KA1DS4;;10.2920;;;13-Jan-2026
153514;Tata Income Plus Arbitrage Active FOF - Regular Plan IDCW Reinvestment Option;;INF277KA1DR6;10.2920;;;13-Jan-2026
150345;Tata Nifty India Digital ETF Fund of Fund -Regular Plan-Growth;INF277KA1463;;14.9726;;;13-Jan-2026
150341;Tata Nifty India Digital ETF Fund of Fund-Direct Plan- IDCW Reinvestment;;INF277KA1455;15.2263;;;13-Jan-2026
150344;Tata Nifty India Digital ETF Fund of Fund-Direct Plan-Growth;INF277KA1430;;15.2263;;;13-Jan-2026
150340;Tata Nifty India Digital ETF Fund of Fund-Direct Plan-IDCW Payout;INF277KA1448;;15.2263;;;13-Jan-2026
150342;Tata Nifty India Digital ETF Fund of Fund-Regular Plan-IDCW Payout;INF277KA1471;;14.9726;;;13-Jan-2026
150343;Tata Nifty India Digital ETF Fund of Fund-Regular Plan-IDCW Reinvestment;;INF277KA1489;14.9726;;;13-Jan-2026
152293;Tata Silver ETF Fund of Fund Direct Plan Growth Option;INF277KA1943;;34.1759;;;13-Jan-2026
152294;Tata Silver ETF Fund of Fund Direct Plan IDCW Payout Option;INF277KA1968;;34.1759;;;13-Jan-2026
152295;Tata Silver ETF Fund of Fund Direct Plan IDCW Reinvestment Option;;INF277KA1950;34.1759;;;13-Jan-2026
152297;Tata Silver ETF Fund of Fund Regular Plan Growth Option;INF277KA1893;;33.8696;;;13-Jan-2026
152296;Tata Silver ETF Fund of Fund Regular Plan IDCW Payout Option;INF277KA1935;;33.8696;;;13-Jan-2026
152292;Tata Silver ETF Fund of Fund Regular Plan IDCW Reinvestment Option;;INF277KA1927;33.8696;;;13-Jan-2026

Union Mutual Fund
153824;Union Diversified Equity All Cap Active FOF - Direct Plan - Growth Option;INF582M01LZ7;;9.7528;;;13-Jan-2026
153825;Union Diversified Equity All Cap Active FOF - Direct Plan - IDCW Option;INF582M01MA8;INF582M01MB6;9.7528;;;13-Jan-2026
153822;Union Diversified Equity All Cap Active FOF - Regular Plan - Growth Option;INF582M01LV6;;9.7203;;;13-Jan-2026
153823;Union Diversified Equity All Cap Active FOF - Regular Plan - IDCW Option;INF582M01LW4;INF582M01LX2;9.7203;;;13-Jan-2026
153340;Union Gold ETF Fund of Fund - Direct Plan - Growth Option;INF582M01LA0;;16.1327;;;13-Jan-2026
153339;Union Gold ETF Fund of Fund - Direct Plan - IDCW Option;INF582M01KW6;;16.1327;;;13-Jan-2026
153338;Union Gold ETF Fund of Fund - Regular Plan - Growth Option;INF582M01KT2;;16.0958;;;13-Jan-2026
153341;Union Gold ETF Fund of Fund - Regular Plan - IDCW Option;INF582M01KU0;;16.0958;;;13-Jan-2026
153575;Union Income Plus Arbitrage Active FOF - Direct Plan - Growth Option;INF582M01LF9;;10.1900;;;13-Jan-2026
153576;Union Income Plus Arbitrage Active FOF - Direct Plan - IDCW Option;INF582M01LG7;INF582M01LH5;10.1900;;;13-Jan-2026
153573;Union Income Plus Arbitrage Active FOF - Regular Plan - Growth Option;INF582M01LB8;;10.1606;;;13-Jan-2026
153574;Union Income Plus Arbitrage Active FOF - Regular Plan - IDCW Option;INF582M01LC6;INF582M01LD4;10.1606;;;13-Jan-2026

UTI Mutual Fund
150714;UTI Gold ETF Fund of Fund - Direct Plan - Growth Option;INF789F1AWB9;;27.0941;;;13-Jan-2026
150715;UTI Gold ETF Fund of Fund - Regular Plan - Growth Opton;INF789F1AWA1;;26.7193;;;13-Jan-2026
153442;UTI Income Plus Arbitrage Active Fund of Fund - Direct Plan - Growth Option;INF789F1AB55;;10.5023;;;13-Jan-2026
153441;UTI Income Plus Arbitrage Active Fund of Fund - Regular Plan - Growth Option;INF789F1AB63;;10.4675;;;13-Jan-2026
151731;UTI Silver ETF Fund of Fund - Direct Plan - Growth Option;INF789F1AYL4;;33.3171;;;13-Jan-2026
151732;UTI Silver ETF Fund of Fund - Regular Plan - Growth Option;INF789F1AYM2;;32.9831;;;13-Jan-2026

Zerodha Mutual Fund
153011;Zerodha Gold ETF FoF-Direct Plan - Growth Option;INF0R8F01083;;18.4162;;;13-Jan-2026
153757;Zerodha Multi Asset Passive FoF - Direct - Growth;INF0R8F01117;;11.2064;;;13-Jan-2026
153656;Zerodha Silver ETF FoF - Direct Growth;INF0R8F01109;;23.8508;;;13-Jan-2026

Open Ended Schemes ( Equity Scheme - Flexi Cap Fund )


360 ONE Mutual Fund
151796;360 ONE FLEXICAP FUND-DIRECT PLAN- GROWTH;INF579M01AS1;;15.4665;;;13-Jan-2026
151798;360 ONE FLEXICAP FUND-DIRECT PLAN- IDCW;INF579M01AT9;INF579M01AU7;15.4665;;;13-Jan-2026
151799;360 ONE FLEXICAP FUND-REGULAR PLAN- GROWTH;INF579M01AP7;;14.8599;;;13-Jan-2026
151797;360 ONE FLEXICAP FUND-REGULAR PLAN- IDCW;INF579M01AQ5;INF579M01AR3;14.8599;;;13-Jan-2026

Abakkus Mutual Fund
154043;Abakkus Flexi Cap Fund - Direct - Growth;INF2JJD01136;;9.9320;;;13-Jan-2026
154045;Abakkus Flexi Cap Fund - Direct - IDCW;INF2JJD01128;INF2JJD01110;9.9320;;;13-Jan-2026
154041;Abakkus Flexi Cap Fund - Regular - Growth;INF2JJD01169;;9.9260;;;13-Jan-2026
154042;Abakkus Flexi Cap Fund - Regular - IDCW;INF2JJD01151;INF2JJD01144;9.9260;;;13-Jan-2026

Aditya Birla Sun Life Mutual Fund
120564;Aditya Birla Sun Life Flexi Cap Fund - Growth - Direct Plan;INF209K01XX1;;2089.67;;;13-Jan-2026
103166;Aditya Birla Sun Life Flexi Cap Fund - Growth - Regular Plan;INF209K01AJ8;;1862.59;;;13-Jan-2026
120565;Aditya Birla Sun Life Flexi Cap Fund -DIRECT - IDCW;INF209KA1LE0;INF209K01XY9;227.52;;;13-Jan-2026
103165;Aditya Birla Sun Life Flexi Cap Fund -Regular - IDCW;INF209K01AQ3;INF209K01DT1;160.46;;;13-Jan-2026

Axis Mutual Fund
141925;Axis Flexi Cap Fund - Direct Plan - Growth;INF846K01B28;;29.15;;;13-Jan-2026
141926;Axis Flexi Cap fund - Direct Plan - IDCW;INF846K01B02;INF846K01B10;19.01;;;13-Jan-2026
141927;Axis Flexi Cap Fund - Regular Plan - Growth;INF846K01B51;;26.27;;;13-Jan-2026
141928;Axis Flexi Cap Fund - Regular Plan - IDCW;INF846K01B36;INF846K01B44;17.31;;;13-Jan-2026

Bajaj Finserv Mutual Fund
151898;Bajaj Finserv Flexi Cap Fund -Regular Plan-Growth;INF0QA701383;;14.748;;;13-Jan-2026
151895;Bajaj Finserv Flexi Cap Fund-Direct Plan-Growth;INF0QA701342;;15.261;;;13-Jan-2026
151896;Bajaj Finserv Flexi Cap Fund-Direct Plan-IDCW;INF0QA701359;INF0QA701367;15.261;;;13-Jan-2026
151897;Bajaj Finserv Flexi Cap Fund-Regular Plan-IDCW;INF0QA701409;INF0QA701417;14.748;;;13-Jan-2026

Bandhan Mutual Fund
108594;BANDHAN Flexi Cap Fund - Regular Plan - Growth;INF194K01391;;212.544;;;13-Jan-2026
108595;BANDHAN Flexi Cap Fund - Regular Plan - IDCW;INF194K01409;INF194K01417;50.757;;;13-Jan-2026
118424;BANDHAN Flexi Cap Fund-Direct Plan-Growth;INF194K01W62;;233.200;;;13-Jan-2026
118423;BANDHAN Flexi Cap Fund-Direct Plan-IDCW;INF194K01W70;INF194K01W88;55.487;;;13-Jan-2026

Bank of India Mutual Fund
148404;BANK OF INDIA Flexi Cap Fund Direct Plan -Growth;INF761K01FF5;;37.78;;;13-Jan-2026
148406;BANK OF INDIA Flexi Cap Fund Direct Plan -IDCW;INF761K01FE8;INF761K01FG3;32.29;;;13-Jan-2026
148405;BANK OF INDIA Flexi Cap Fund Regular Plan -Growth;INF761K01FI9;;34.65;;;13-Jan-2026
148407;BANK OF INDIA Flexi Cap Fund Regular Plan -IDCW;INF761K01FH1;INF761K01FJ7;31.48;;;13-Jan-2026

Baroda BNP Paribas Mutual Fund
150387;Baroda BNP Paribas Flexi Cap Fund - Direct Plan - Growth Option;INF251K01QZ2;;16.2025;;;13-Jan-2026
150388;Baroda BNP Paribas Flexi Cap Fund - Direct Plan - IDCW Option;INF251K01RA3;INF251K01RB1;14.7808;;;13-Jan-2026
150385;Baroda BNP Paribas Flexi Cap Fund - Regular Plan - Growth Option;INF251K01QW9;;15.4477;;;13-Jan-2026
150386;Baroda BNP Paribas Flexi Cap Fund - Regular Plan - IDCW Option;INF251K01QX7;INF251K01QY5;14.0937;;;13-Jan-2026

Canara Robeco Mutual Fund
118275;CANARA ROBECO FLEXICAP FUND - DIRECT PLAN - GROWTH OPTION;INF760K01EF0;;387.3900;;;13-Jan-2026
118276;CANARA ROBECO FLEXICAP FUND - DIRECT PLAN - IDCW (Payout/Reinvestment);INF760K01ED5;INF760K01EE3;91.4400;;;13-Jan-2026
101922;CANARA ROBECO FLEXICAP FUND - REGULAR PLAN - GROWTH OPTION;INF760K01019;;343.5200;;;13-Jan-2026
101923;CANARA ROBECO FLEXICAP FUND - REGULAR PLAN - IDCW (Payout/Reinvestment);INF760K01027;INF760K01035;59.8200;;;13-Jan-2026

Capitalmind Mutual Fund
153738;CAPITALMIND FLEXI CAP FUND DIRECT GROWTH;INF226401018;;10.2473;;;13-Jan-2026
153739;CAPITALMIND FLEXI CAP FUND REGULAR GROWTH;INF226401026;;10.1837;;;13-Jan-2026

DSP Mutual Fund
119076;DSP Flexi Cap Fund - Direct Plan - Growth;INF740K01PI2;;115.659;;;13-Jan-2026
119077;DSP Flexi Cap Fund - Direct Plan - IDCW;INF740K01PJ0;INF740K01PK8;92.829;;;13-Jan-2026
105875;DSP Flexi Cap Fund - Regular Plan - Growth;INF740K01037;;103.488;;;13-Jan-2026
100080;DSP Flexi Cap Fund - Regular Plan - IDCW;INF740K01011;INF740K01029;64.032;;;13-Jan-2026

Edelweiss Mutual Fund
140353;Edelweiss Flexi Cap Fund - Direct Plan - Growth Option;INF843K01KK1;;45.869;;;13-Jan-2026
140354;Edelweiss Flexi Cap Fund - Direct Plan - IDCW Option;INF843K01KL9;INF843K01KM7;37.659;;;13-Jan-2026
140356;Edelweiss Flexi Cap Fund - Regular - IDCW Option;INF843K01KO3;INF843K01KP0;32.328;;;13-Jan-2026
140355;Edelweiss Flexi Cap Fund - Regular Plan - Growth Option;INF843K01KN5;;39.372;;;13-Jan-2026

Franklin Templeton Mutual Fund
118535;Franklin India Flexi Cap Fund - Direct - Growth;INF090I01FK3;;1835.6814;;;13-Jan-2026
118534;Franklin India Flexi Cap Fund - Direct - IDCW ;INF090I01FL1;INF090I01FM9;76.4379;;;13-Jan-2026
100520;Franklin India Flexi Cap Fund - Growth;INF090I01239;;1642.5020;;;13-Jan-2026
100519;Franklin India Flexi Cap Fund - IDCW ;INF090I01213;INF090I01221;67.7240;;;13-Jan-2026

HDFC Mutual Fund
118955;HDFC Flexi Cap Fund - Growth Option - Direct Plan;INF179K01UT0;;2273.57;;;13-Jan-2026
101762;HDFC Flexi Cap Fund - Growth Plan;INF179K01608;;2072.764;;;13-Jan-2026
118954;HDFC Flexi Cap Fund - IDCW Option - Direct Plan;INF179K01VL5;INF179K01VM3;99.198;;;13-Jan-2026
101763;HDFC Flexi Cap Fund - IDCW Plan;INF179K01582;INF179K01590;82.164;;;13-Jan-2026

Helios Mutual Fund
152135;Helios Flexi Cap Fund - Direct Plan - Growth Option;INF0R8701046;;15.17;;;13-Jan-2026
152138;Helios Flexi Cap Fund - Direct Plan - IDCW Option;INF0R8701053;INF0R8701061;15.17;;;13-Jan-2026
152136;Helios Flexi Cap Fund - Regular Plan - Growth Option;INF0R8701012;;14.70;;;13-Jan-2026
152137;Helios Flexi Cap Fund - Regular Plan - IDCW Option;INF0R8701020;INF0R8701038;14.70;;;13-Jan-2026

HSBC Mutual Fund
120046;HSBC Flexi Cap Fund - Direct Growth;INF336L01DH5;;245.6124;;;13-Jan-2026
120045;HSBC Flexi Cap Fund - Direct IDCW;INF336L01DF9;INF336L01DG7;48.9163;;;13-Jan-2026
102252;HSBC Flexi Cap Fund - Regular Growth;INF336L01AF5;;219.413;;;13-Jan-2026
102251;HSBC Flexi Cap Fund - Regular IDCW;INF336L01AE8;INF336L01AD0;45.0362;;;13-Jan-2026

ICICI Prudential Mutual Fund
148990;ICICI Prudential Flexicap Fund - Direct Plan - Growth;INF109KC1R14;;20.65;;;13-Jan-2026
148991;ICICI Prudential Flexicap Fund - Direct Plan - IDCW;INF109KC1R22;INF109KC1R30;17.47;;;13-Jan-2026
148989;ICICI Prudential Flexicap Fund - Growth;INF109KC1Q80;;19.60;;;13-Jan-2026
148988;ICICI Prudential Flexicap Fund - IDCW;INF109KC1Q98;INF109KC1R06;16.42;;;13-Jan-2026

Invesco Mutual Fund
149763;Invesco India Flexi Cap Fund - Direct Plan - Growth;INF205KA1494;;19.57;;;13-Jan-2026
149765;Invesco India Flexi Cap Fund - Direct Plan - IDCW;INF205KA1486;INF205KA1502;19.57;;;13-Jan-2026
149766;Invesco India Flexi Cap Fund - Regular Plan - Growth;INF205KA1460;;18.43;;;13-Jan-2026
149764;Invesco India Flexi Cap Fund - Regular Plan - IDCW;INF205KA1452;INF205KA1478;18.43;;;13-Jan-2026

ITI Mutual Fund
151379;ITI Flexi Cap Fund- Direct Plan- Growth;INF00XX01CO7;;18.8637;;;13-Jan-2026
151380;ITI Flexi Cap Fund- Direct Plan- IDCW;INF00XX01CP4;INF00XX01CQ2;18.8637;;;13-Jan-2026
151377;ITI Flexi Cap Fund- Regular Plan- Growth;INF00XX01CL3;;17.9349;;;13-Jan-2026
151378;ITI Flexi Cap Fund- Regular Plan- IDCW;INF00XX01CM1;INF00XX01CN9;17.9349;;;13-Jan-2026

Jio BlackRock Mutual Fund
153859;JioBlackRock Flexi Cap Fund - Direct Plan - Growth Option;INF22M001093;;10.08;;;13-Jan-2026

JM Financial Mutual Fund
120492;JM Flexicap Fund (Direct) - Growth Option;INF192K01CC7;;108.4892;;;13-Jan-2026
120491;JM Flexicap Fund (Direct) - IDCW;INF192K01CA1;INF192K01CB9;98.6113;;;13-Jan-2026
109522;JM Flexicap Fund (Regular) - Growth option;INF192K01635;;94.7671;;;13-Jan-2026
109523;JM Flexicap Fund (Regular) - IDCW;INF192K01619;INF192K01627;73.0254;;;13-Jan-2026

Kotak Mahindra Mutual Fund
112090;Kotak Flexicap Fund - Growth;INF174K01336;;86.644;;;13-Jan-2026
120166;Kotak Flexicap Fund - Growth - Direct;INF174K01LS2;;98.012;;;13-Jan-2026
112089;Kotak Flexicap Fund - Payout of Income Distribution cum capital withdrawal option;INF174K01351;INF174K01344;52.32;;;13-Jan-2026
120165;Kotak Flexicap Fund - Payout of Income Distribution cum capital withdrawal option- Direct;INF174K01LQ6;INF174K01LR4;59.857;;;13-Jan-2026

LIC Mutual Fund
120264;LIC MF Flexi Cap Fund-Direct Plan-Growth;INF767K01EG3;;111.0518;;;13-Jan-2026
120263;LIC MF Flexi Cap Fund-Direct Plan-IDCW;INF767K01EF5;INF767K01EH1;37.3682;;;13-Jan-2026
100313;LIC MF Flexi Cap Fund-Regular Plan-Growth;INF767K01071;;100.3445;;;13-Jan-2026
100312;LIC MF Flexi Cap Fund-Regular Plan-IDCW;INF767K01063;INF767K01055;31.6649;;;13-Jan-2026

Mahindra Manulife Mutual Fund
149104;Mahindra Manulife Flexi Cap Fund - Direct Plan -Growth;INF174V01AS2;;17.7703;;;13-Jan-2026
149103;Mahindra Manulife Flexi Cap Fund - Direct Plan -IDCW;INF174V01AU8;INF174V01AT0;15.3741;;;13-Jan-2026
149101;Mahindra Manulife Flexi Cap Fund - Regular Plan -Growth;INF174V01AP8;;16.4070;;;13-Jan-2026
149102;Mahindra Manulife Flexi Cap Fund - Regular Plan -IDCW;INF174V01AR4;INF174V01AQ6;14.0634;;;13-Jan-2026

Mirae Asset Mutual Fund
151413;Mirae Asset Flexi Cap Fund - Direct Plan -  IDCW;INF769K01JI4;INF769K01JK0;16.907;;;13-Jan-2026
151412;Mirae Asset Flexi Cap Fund - Direct Plan - Growth;INF769K01JJ2;;16.957;;;13-Jan-2026
151414;Mirae Asset Flexi Cap Fund - Regular Plan - Growth;INF769K01JG8;;16.247;;;13-Jan-2026
151415;Mirae Asset Flexi Cap Fund - Regular Plan - IDCW;INF769K01JF0;INF769K01JH6;16.252;;;13-Jan-2026

Motilal Oswal Mutual Fund
129047;Motilal Oswal Flexi Cap Fund Direct - IDCW Payout/Reinvestment;INF247L01528;INF247L01510;35.6833;;;13-Jan-2026
129046;Motilal Oswal Flexi cap Fund Direct Plan-Growth Option;INF247L01502;;67.1110;;;13-Jan-2026
129049;Motilal Oswal Flexi cap Fund Regular - IDCW Payout/Reinvestment;INF247L01494;INF247L01486;34.0497;;;13-Jan-2026
129048;Motilal Oswal Flexi Cap Fund Regular Plan-Growth Option;INF247L01478;;60.3080;;;13-Jan-2026

Navi Mutual Fund
143793;Navi Flexi Cap Fund - Direct Plan - Growth;INF959L01DT9;;26.91;;;13-Jan-2026
143798;NAVI FLEXI CAP FUND - DIRECT PLAN ANNUAL IDCW PAYOUT;INF959L01EC3;INF959L01ED1;26.7045;;;13-Jan-2026
143797;NAVI FLEXI CAP FUND - DIRECT PLAN HALF YEARLY IDCW PAYOUT;INF959L01EA7;INF959L01EB5;26.7053;;;13-Jan-2026
143796;NAVI FLEXI CAP FUND - DIRECT PLAN MONTHLY IDCW PAYOUT;INF959L01DW3;INF959L01DX1;26.6996;;;13-Jan-2026
143792;NAVI FLEXI CAP FUND - DIRECT PLAN NORMAL IDCW PAYOUT;INF959L01DU7;INF959L01DV5;26.6714;;;13-Jan-2026
143791;NAVI FLEXI CAP FUND - DIRECT PLAN QUARTERLY IDCW PAYOUT;INF959L01DY9;INF959L01DZ6;26.7257;;;13-Jan-2026
143787;Navi Flexi Cap Fund - Regular Plan - Growth;INF959L01EE9;;23.229;;;13-Jan-2026
143795;NAVI FLEXI CAP FUND - REGULAR PLAN ANNUAL IDCW PAYOUT;INF959L01EN0;INF959L01EO8;23.2295;;;13-Jan-2026
143794;NAVI FLEXI CAP FUND - REGULAR PLAN HALF YEARLY IDCW PAYOUT;INF959L01EL4;INF959L01EM2;23.2326;;;13-Jan-2026
143790;NAVI FLEXI CAP FUND - REGULAR PLAN MONTHLY IDCW PAYOUT;INF959L01EH2;INF959L01EI0;23.2381;;;13-Jan-2026
143789;NAVI FLEXI CAP FUND - REGULAR PLAN NORMAL IDCW PAYOUT;INF959L01EF6;INF959L01EG4;23.2323;;;13-Jan-2026
143788;NAVI FLEXI CAP FUND - REGULAR PLAN QUARTERLY IDCW PAYOUT;INF959L01EJ8;INF959L01EK6;23.2263;;;13-Jan-2026

Nippon India Mutual Fund
149094;Nippon India Flexi Cap Fund - Direct Plan - Growth Plan - Growth Option;INF204KC1121;;17.6016;;;13-Jan-2026
149095;Nippon India Flexi Cap Fund - Direct Plan - IDCW Option;INF204KC1139;INF204KC1147;17.6016;;;13-Jan-2026
149089;Nippon India Flexi Cap Fund - Regular Plan - Growth Plan - Growth Option;INF204KC1097;;16.5409;;;13-Jan-2026
149096;Nippon India Flexi Cap Fund - Regular Plan - IDCW Option;INF204KC1105;INF204KC1113;16.5409;;;13-Jan-2026

NJ Mutual Fund
151917;NJ Flexi Cap Fund - Direct Plan - Growth Option;INF0J8L01156;;13.81;;;13-Jan-2026
151918;NJ Flexi Cap Fund - Direct Plan - IDCW Option;INF0J8L01164;;13.81;;;13-Jan-2026
151920;NJ Flexi Cap Fund - Regular Plan - Growth Option;INF0J8L01131;;13.30;;;13-Jan-2026
151919;NJ Flexi Cap Fund - Regular Plan - IDCW Option;INF0J8L01149;;13.30;;;13-Jan-2026

PGIM India Mutual Fund
133837;PGIM India Flexi Cap Fund - Direct Plan - Dividend Option;INF663L01FG9;INF663L01FH7;22.13;;;13-Jan-2026
133839;PGIM India Flexi Cap Fund - Direct Plan - Growth Option;INF663L01FF1;;42.8;;;13-Jan-2026
133838;PGIM India Flexi Cap Fund - Regular Plan - Dividend Option;INF663L01FK1;INF663L01FL9;19.47;;;13-Jan-2026
133836;PGIM India Flexi Cap Fund - Regular Plan - Growth Option;INF663L01FJ3;;36.38;;;13-Jan-2026

PPFAS Mutual Fund
122639;Parag Parikh Flexi Cap Fund - Direct Plan - Growth;INF879O01027;;94.1783;;;13-Jan-2026
153964;Parag Parikh Flexi Cap Fund - Direct Plan - IDCW;;INF879O01308;94.1783;;;13-Jan-2026
122640;Parag Parikh Flexi Cap Fund - Regular Plan - Growth;INF879O01019;;86.1466;;;13-Jan-2026
153965;Parag Parikh Flexi Cap Fund - Regular Plan - IDCW;;INF879O01324;86.1466;;;13-Jan-2026

quant Mutual Fund
109830;quant Flexi Cap Fund - Growth Option - Regular Plan;INF966L01457;;96.1415;;;13-Jan-2026
120843;quant Flexi Cap Fund - Growth Option-Direct Plan;INF966L01911;;107.4458;;;13-Jan-2026
120842;quant Flexi Cap Fund - IDCW Option - Direct Plan;INF966L01895;INF966L01903;73.0362;;;13-Jan-2026
109831;quant Flexi Cap Fund - IDCW Option - Regular Plan;INF966L01432;INF966L01440;68.7142;;;13-Jan-2026

Samco Mutual Fund
149450;Samco Flexi Cap Fund - Direct Plan - Growth Option;INF0K1H01024;;10.39;;;13-Jan-2026
149449;Samco Flexi Cap Fund - Regular Plan - Growth Option;INF0K1H01016;;9.81;;;13-Jan-2026

SBI Mutual Fund
119718;SBI Flexicap Fund - DIRECT PLAN - Growth Option;INF200K01UG1;;124.6890;;;13-Jan-2026
119717;SBI Flexicap Fund - Direct Plan - Income Distribution cum Capital Withdrawal Option (IDCW);INF200K01UE6;INF200K01UF3;62.3233;;;13-Jan-2026
103216;SBI Flexicap Fund - Regular Plan - Income Distribution cum Capital Withdrawal Option (IDCW);INF200K01230;INF200K01248;49.7882;;;13-Jan-2026
103215;SBI Flexicap Fund - REGULAR PLAN -Growth Option;INF200K01222;;111.1899;;;13-Jan-2026

Shriram Mutual Fund
144905;Shriram Flexi Cap Fund - Direct Growth;INF680P01109;;23.0609;;;13-Jan-2026
144906;Shriram Flexi Cap Fund - Direct-IDCW;INF680P01117;INF680P01125;22.833;;;13-Jan-2026
144902;Shriram Flexi Cap Fund - Regular Growth;INF680P01075;;20.2747;;;13-Jan-2026
144903;Shriram Flexi Cap Fund - Regular-IDCW;INF680P01083;INF680P01091;20.2703;;;13-Jan-2026

Sundaram Mutual Fund
150571;Sundaram Flexicap Fund Direct Growth;INF903JA1LE2;;15.7666;;;13-Jan-2026
150573;Sundaram Flexicap Fund Direct Plan IDCW Payout;INF903JA1LF9;;14.0631;;;13-Jan-2026
150572;Sundaram Flexicap Fund Direct Plan IDCW Reinvestment;;INF903JA1LG7;14.0631;;;13-Jan-2026
150568;Sundaram Flexicap Fund Regular Growth;INF903JA1LB8;;14.9705;;;13-Jan-2026
150569;Sundaram Flexicap Fund Regular Plan IDCW Payout;INF903JA1LC6;;13.3436;;;13-Jan-2026
150570;Sundaram Flexicap Fund Regular Plan IDCW Reinvestment;;INF903JA1LD4;13.3436;;;13-Jan-2026

Tata Mutual Fund
144547;TATA Flexi Cap Fund - Direct Plan - Payout of Income Distribution cum capital withdrawal option ;INF277K017K6;;27.5613;;;13-Jan-2026
144548;Tata Flexi Cap Fund -Regular Plan-Growth;INF277K019K2;;24.6720;;;13-Jan-2026
144543;TATA Flexi Cap Fund Direct Plan - Reinvestment of Income Distribution cum capital withdrawal option;;INF277K016K8;27.5613;;;13-Jan-2026
144544;TATA Flexi Cap Fund Regular Plan - Payout of Income Distribution cum capital withdrawal option ;INF277K011L7;;24.6720;;;13-Jan-2026
144545;TATA Flexi Cap Fund Regular Plan - Reinvestment of Income Distribution cum capital withdrawal option ;;INF277K010L9;24.6720;;;13-Jan-2026
144546;Tata Flexi Cap Fund-Direct Plan-Growth;INF277K015K0;;27.5613;;;13-Jan-2026

Taurus Mutual Fund
118884;Taurus Flexi Cap Fund - Direct Plan -  Payout of Income Distribution cum Capital Withdrawal option;INF044D01BV7;INF044D01BW5;115.76;;;13-Jan-2026
118883;Taurus Flexi Cap Fund - Direct Plan - Growth;INF044D01BU9;;229.46;;;13-Jan-2026
100476;Taurus Flexi Cap Fund - Regular Plan - Growth ;INF044D01989;;220.49;;;13-Jan-2026
111640;Taurus Flexi Cap Fund - Regular Plan - Payout of Income Distribution cum Capital Withdrawal option;INF044D01955;INF044D01963;107.00;;;13-Jan-2026

The Wealth Company Mutual Fund
153872;THE WEALTH COMPANY FLEXI CAP FUND - DIRECT GROWTH;INF2F0001040;;10.2152;;;13-Jan-2026
153873;THE WEALTH COMPANY FLEXI CAP FUND - DIRECT IDCW;INF2F0001057;INF2F0001065;10.2148;;;13-Jan-2026
153870;THE WEALTH COMPANY FLEXI CAP FUND - REGULAR GROWTH;INF2F0001016;;10.1647;;;13-Jan-2026
153871;THE WEALTH COMPANY FLEXI CAP FUND - REGULAR IDCW;INF2F0001024;INF2F0001032;10.1645;;;13-Jan-2026

Trust Mutual Fund
152584;TRUSTMF Flexi Cap Fund-Direct Plan- Growth;INF0GCD01743;;11.65;;;13-Jan-2026
152585;TRUSTMF Flexi Cap Fund-Direct Plan- IDCW;INF0GCD01750;INF0GCD01768;11.65;;;13-Jan-2026
152582;TRUSTMF Flexi Cap Fund-Regular Plan- Growth;INF0GCD01719;;11.31;;;13-Jan-2026
152583;TRUSTMF Flexi Cap Fund-Regular Plan- IDCW;INF0GCD01727;INF0GCD01735;11.32;;;13-Jan-2026

Unifi Mutual Fund
153543;Unifi Flexi Cap Fund - Direct Growth;INF1MIY01031;;10.2523;;;13-Jan-2026
153542;Unifi Flexi Cap Fund - Regular Growth;INF1MIY01049;;10.1714;;;13-Jan-2026

Union Mutual Fund
119292;Union Flexi Cap Fund - Direct Plan - Growth Option;INF582M01633;;57.06;;;13-Jan-2026
119293;Union Flexi Cap Fund - Direct Plan - IDCW Option;INF582M01658;INF582M01641;49.85;;;13-Jan-2026
115270;Union Flexi Cap Fund - Growth Option;INF582M01104;;50.98;;;13-Jan-2026
115290;Union Flexi Cap Fund - IDCW Option;INF582M01120;INF582M01112;32.20;;;13-Jan-2026

UTI Mutual Fund
100669;UTI - Flexi Cap Fund-Growth Option;INF789F01513;;319.1257;;;13-Jan-2026
120662;UTI - Flexi Cap Fund-Growth Option - Direct;INF789F01TC4;;343.3442;;;13-Jan-2026
120663;UTI Flexi Cap Fund - Direct Plan - IDCW;INF789F01TA8;INF789F01TB6;228.4901;;;13-Jan-2026
100668;UTI Flexi Cap Fund - Regular Plan - IDCW;INF189A01053;INF789F01505;210.9856;;;13-Jan-2026

WhiteOak Capital Mutual Fund
150349;WhiteOak Capital Flexi Cap Fund Direct Plan IDCW;INF03VN01555;INF03VN01548;18.580;;;13-Jan-2026
150346;WhiteOak Capital Flexi Cap Fund Direct Plan-Growth;INF03VN01530;;18.580;;;13-Jan-2026
150348;WhiteOak Capital Flexi Cap Fund Regular Plan IDCW;INF03VN01522;INF03VN01514;17.658;;;13-Jan-2026
150347;WhiteOak Capital Flexi Cap Fund Regular Plan-Growth;INF03VN01506;;17.658;;;13-Jan-2026

Close Ended Schemes ( Income )


Aditya Birla Sun Life Mutual Fund
149017;Aditya Birla Sun Life Fixed Term Plan - Series TI (1837 days) - Direct Plan - Growth Option;INF209KB12A2;;13.2183;;;13-Jan-2026
149018;Aditya Birla Sun Life Fixed Term Plan - Series TI (1837 days) - Direct Plan - Payout of IDCW option;INF209KB13A0;;13.2201;;;13-Jan-2026
149015;Aditya Birla Sun Life Fixed Term Plan - Series TI (1837 days) - Regular Plan - Growth Option;INF209KB10A6;;13.1584;;;13-Jan-2026
149016;Aditya Birla Sun Life Fixed Term Plan - Series TI (1837 days) - Regular Plan - Payout of IDCW option;INF209KB11A4;;13.1584;;;13-Jan-2026
149062;Aditya Birla Sun Life Fixed Term Plan - Series TJ (1838 days) - Direct Plan - Growth Option;INF209KB16A3;;13.2329;;;13-Jan-2026
149063;Aditya Birla Sun Life Fixed Term Plan - Series TJ (1838 days) - Direct Plan - Payout of IDCW Option;INF209KB17A1;;13.2345;;;13-Jan-2026
149064;Aditya Birla Sun Life Fixed Term Plan - Series TJ (1838 days) - Regular Plan - Growth Option;INF209KB14A8;;13.1771;;;13-Jan-2026
149065;Aditya Birla Sun Life Fixed Term Plan - Series TJ (1838 days) - Regular Plan - Payout of IDCW Option;INF209KB15A5;;13.1771;;;13-Jan-2026
150316;Aditya Birla Sun Life Fixed Term Plan - Series TQ (1879 days) - Direct Plan - Growth Option;INF209KB14H3;;12.8257;;;13-Jan-2026
150314;Aditya Birla Sun Life Fixed Term Plan - Series TQ (1879 days) - Regular Plan - Growth Option;INF209KB12H7;;12.7886;;;13-Jan-2026
150315;Aditya Birla Sun Life Fixed Term Plan - Series TQ (1879 days) - Regular Plan - Payout of IDCW option;INF209KB13H5;;12.7883;;;13-Jan-2026
151186;Aditya Birla Sun Life Fixed Term Plan - Series UB (1224 days) - Direct Plan Growth Option;INF209KB18P7;;12.4025;;;13-Jan-2026
151189;Aditya Birla Sun Life Fixed Term Plan - Series UB (1224 days) - Regular Plan - Payout of IDCW Option;INF209KB17P9;;12.3643;;;13-Jan-2026
151188;Aditya Birla Sun Life Fixed Term Plan - Series UB (1224 days)- Regular Plan - Growth Option;INF209KB16P1;;12.3643;;;13-Jan-2026
151700;Aditya Birla Sun Life Fixed Term Plan - Series UJ (1110 days) - Direct Plan - Growth Option;INF209KB13V6;;12.2021;;;13-Jan-2026
151702;Aditya Birla Sun Life Fixed Term Plan - Series UJ (1110 days) - Direct Plan - Payout of IDCW Option;INF209KB14V4;;12.2161;;;13-Jan-2026
151703;Aditya Birla Sun Life Fixed Term Plan - Series UJ (1110 days) - Regular Plan - Growth Option;INF209KB11V0;;12.1685;;;13-Jan-2026
151701;Aditya Birla Sun Life Fixed Term Plan - Series UJ (1110 days) - Regular Plan - Payout of IDCW Option;INF209KB12V8;;12.1691;;;13-Jan-2026

Axis Mutual Fund
151501;Axis Fixed Term Plan - Series 112 (1143 Days) - Direct Plan - Growth;INF846K018O8;;12.3553;;;13-Jan-2026
151506;Axis Fixed Term Plan - Series 112 (1143 Days) - Regular  Plan - Growth;INF846K011P0;;12.2838;;;13-Jan-2026
151504;Axis Fixed Term Plan - Series 112 (1143 Days) - Regular Plan -  Half Yearly IDCW Payout;INF846K013P6;;12.2838;;;13-Jan-2026
151503;Axis Fixed Term Plan - Series 112 (1143 Days) - Regular Plan - Quarterly IDCW Payout;INF846K012P8;;12.2843;;;13-Jan-2026
151586;Axis Fixed Term Plan - Series 113 (1228 Days) - Direct Plan - Growth;INF846K011Q8;;12.2702;;;13-Jan-2026
151587;Axis Fixed Term Plan - Series 113 (1228 Days) - Direct Plan - Quarterly IDCW;INF846K012Q6;;12.2703;;;13-Jan-2026
151588;Axis Fixed Term Plan - Series 113 (1228 Days) - Regular Plan - Growth;INF846K014Q2;;12.1908;;;13-Jan-2026
151629;Axis Fixed Term Plan - Series 113 (1228 Days) - Regular Plan - Half Yearly IDCW;INF846K016Q7;;12.1908;;;13-Jan-2026
151589;Axis Fixed Term Plan - Series 113 (1228 Days) - Regular Plan - Quarterly IDCW;INF846K015Q9;;12.1983;;;13-Jan-2026

Bandhan Mutual Fund
146699;BANDHAN Fixed Term Plan Series 179 DIRECT PLAN HALF YEARLY-IDCW (3652 days);INF194KB1793;;11.5336;;;13-Jan-2026
146701;BANDHAN Fixed Term Plan Series 179 DIRECT PLAN-GROWTH (3652 days);INF194KB1777;;17.5441;;;13-Jan-2026
146702;BANDHAN Fixed Term Plan Series 179 REGULAR PLAN PERIODIC-IDCW (3652 days);INF194KB1769;;14.8562;;;13-Jan-2026
146695;BANDHAN Fixed Term Plan Series 179 REGULAR PLAN-GROWTH (3652 days);INF194KB1736;;17.2466;;;13-Jan-2026

DSP Mutual Fund
149190;DSP FMP Series - 264 - 60M - 17D - Direct - Growth;INF740KA1QH8;;12.9659;;;13-Jan-2026
149191;DSP FMP Series - 264 - 60M - 17D - Direct - IDCW;INF740KA1QI6;INF740KA1QJ4;12.9658;;;13-Jan-2026
149189;DSP FMP Series - 264 - 60M - 17D - Regular - IDCW;INF740KA1QF2;INF740KA1QG0;12.8813;;;13-Jan-2026
149188;DSP FMP Series - 264 - 60M - 17D - Regular Plan - Growth;INF740KA1QE5;;12.8818;;;13-Jan-2026
150842;DSP FMP Series - 267 - 1246 Days - Direct - Growth;INF740KA1RI4;;12.5469;;;13-Jan-2026
150840;DSP FMP Series - 267 - 1246 Days - Direct - IDCW;INF740KA1RK0;INF740KA1RJ2;12.5469;;;13-Jan-2026
150843;DSP FMP Series - 267 - 1246 Days - Regular - Growth;INF740KA1RF0;;12.5033;;;13-Jan-2026
150841;DSP FMP Series - 267 - 1246 Days - Regular - IDCW;INF740KA1RH6;INF740KA1RG8;12.5033;;;13-Jan-2026
150885;DSP FMP Series - 268 - 1281 Days - Direct - Growth;INF740KA1RO2;;12.5193;;;13-Jan-2026
150886;DSP FMP Series - 268 - 1281 Days - Direct - IDCW;INF740KA1RQ7;INF740KA1RP9;12.5183;;;13-Jan-2026
150884;DSP FMP Series - 268 - 1281 Days - Regular - Growth;INF740KA1RL8;;12.4605;;;13-Jan-2026
150887;DSP FMP Series - 268 - 1281 Days - Regular - IDCW;INF740KA1RN4;INF740KA1RM6;12.4605;;;13-Jan-2026
151449;DSP FMP Series - 270 - 1144 Days - Direct - Growth;INF740KA1SN2;;12.3136;;;13-Jan-2026
151450;DSP FMP Series - 270 - 1144 Days - Direct - IDCW;INF740KA1SO0;INF740KA1SP7;12.3144;;;13-Jan-2026
151447;DSP FMP Series - 270 - 1144 Days - Regular - Growth;INF740KA1SK8;;12.2782;;;13-Jan-2026
151448;DSP FMP Series - 270 - 1144 Days - Regular - IDCW;INF740KA1SL6;INF740KA1SM4;12.2781;;;13-Jan-2026

HDFC Mutual Fund
151865;HDFC Charity Fund for Cancer Cure - IDCW Option - 50% IDCW Donation Option;INF179KC1HC6;;10.1902;;;13-Jan-2026
151863;HDFC Charity Fund for Cancer Cure - IDCW Option - 75% IDCW Donation Option;INF179KC1HD4;;10.1902;;;13-Jan-2026
151862;HDFC Charity Fund for Cancer Cure - IDCW Option - Direct Plan - 50% IDCW Donation Option;INF179KC1HA0;;10.1902;;;13-Jan-2026
151864;HDFC Charity Fund for Cancer Cure - IDCW Option - Direct Plan - 75% IDCW Donation Option;INF179KC1HB8;;10.1902;;;13-Jan-2026
151224;HDFC FMP 1204D December - Growth Option;INF179KC1EQ3;;12.2799;;;13-Jan-2026
151225;HDFC FMP 1204D December - Growth Option - Direct Plan;INF179KC1EN0;;12.3736;;;13-Jan-2026
151220;HDFC FMP 1204D December - IDCW Option;INF179KC1ER1;;12.2799;;;13-Jan-2026
151221;HDFC FMP 1204D December - IDCW Option - Direct Plan;INF179KC1EO8;;12.3737;;;13-Jan-2026
151222;HDFC FMP 1204D December - Quarterly IDCW Option;INF179KC1ES9;;10.4399;;;13-Jan-2026
151223;HDFC FMP 1204D December - Quarterly IDCW Option - Direct Plan;INF179KC1EP5;;10.442;;;13-Jan-2026
151564;HDFC FMP 1269D March 2023 - Growth Option;;;12.1784;;;13-Jan-2026
151565;HDFC FMP 1269D March 2023 - Growth Option - Direct Plan;;;12.2646;;;13-Jan-2026
151566;HDFC FMP 1269D March 2023 - IDCW Option;;;12.1784;;;13-Jan-2026
151567;HDFC FMP 1269D March 2023 - IDCW Option - Direct Plan;;;12.2646;;;13-Jan-2026
151568;HDFC FMP 1269D March 2023 - Quarterly IDCW Option;;;10.0974;;;13-Jan-2026
151569;HDFC FMP 1269D March 2023 - Quarterly IDCW Option - Direct Plan;;;10.0993;;;13-Jan-2026
150651;HDFC FMP 1359D September - Growth Option;;;12.5834;;;13-Jan-2026
150655;HDFC FMP 1359D September - Growth Option - Direct Plan;;;12.6865;;;13-Jan-2026
150652;HDFC FMP 1359D September - IDCW Option;;;12.5834;;;13-Jan-2026
150653;HDFC FMP 1359D September - IDCW Option - Direct Plan;;;12.6865;;;13-Jan-2026
150656;HDFC FMP 1359D September - Quarterly IDCW Option;;;10.0731;;;13-Jan-2026
150654;HDFC FMP 1359D September - Quarterly IDCW Option - Direct Plan;;;10.0746;;;13-Jan-2026
150546;HDFC FMP 1406D August 2022 - Growth Option;INF179KC1DF8;;12.5603;;;13-Jan-2026
150547;HDFC FMP 1406D August 2022 - Growth Option - Direct Plan;INF179KC1DC5;;12.6711;;;13-Jan-2026
150550;HDFC FMP 1406D August 2022 - IDCW Option;INF179KC1DG6;;12.5603;;;13-Jan-2026
150548;HDFC FMP 1406D August 2022 - IDCW Option - Direct Plan;INF179KC1DD3;;12.6711;;;13-Jan-2026
150551;HDFC FMP 1406D August 2022 - Quarterly IDCW Option;INF179KC1DH4;;10.0375;;;13-Jan-2026
150549;HDFC FMP 1406D August 2022 - Quarterly IDCW Option - Direct Plan;INF179KC1DE1;;10.0391;;;13-Jan-2026
149922;HDFC FMP 1861D March 2022 - Growth Option;INF179KC1CF0;;12.7984;;;13-Jan-2026
149924;HDFC FMP 1861D March 2022 - Growth Option - Direct Plan;INF179KC1CC7;;12.8805;;;13-Jan-2026
149925;HDFC FMP 1861D March 2022 - IDCW Option;INF179KC1CG8;;12.7984;;;13-Jan-2026
149926;HDFC FMP 1861D March 2022 - IDCW Option - Direct Plan;INF179KC1CD5;;12.8805;;;13-Jan-2026
149927;HDFC FMP 1861D March 2022 - Quarterly Dividend Option;INF179KC1CH6;;10.0376;;;13-Jan-2026
149923;HDFC FMP 1861D March 2022 - Quarterly Dividend Option - Direct Plan;INF179KC1CE3;;10.0388;;;13-Jan-2026
150001;HDFC FMP 1876D March 2022 - Growth Option;INF179KC1CR5;;12.7667;;;13-Jan-2026
150002;HDFC FMP 1876D March 2022 - Growth Option - Direct Plan;INF179KC1CO2;;12.8382;;;13-Jan-2026
150004;HDFC FMP 1876D March 2022 - IDCW Option;INF179KC1CS3;;12.7667;;;13-Jan-2026
150003;HDFC FMP 1876D March 2022 - IDCW Option - Direct Plan;INF179KC1CP9;;12.8382;;;13-Jan-2026
150005;HDFC FMP 1876D March 2022 - Quarterly Dividend Option;INF179KC1CT1;;10.0384;;;13-Jan-2026
150006;HDFC FMP 1876D March 2022 - Quarterly Dividend Option - Direct Plan;INF179KC1CQ7;;10.0391;;;13-Jan-2026
151465;HDFC FMP 2638D February 2023 - Growth Option;;;12.6765;;;13-Jan-2026
151470;HDFC FMP 2638D February 2023 - Growth Option - Direct Plan;;;12.7696;;;13-Jan-2026
151468;HDFC FMP 2638D February 2023 - IDCW Option;;;12.6765;;;13-Jan-2026
151467;HDFC FMP 2638D February 2023 - Quarterly IDCW Option;;;10.145;;;13-Jan-2026
151469;HDFC FMP 2638D February 2023 - Quarterly IDCW Option - Direct Plan;;;10.1468;;;13-Jan-2026

ICICI Prudential Mutual Fund
146797;ICICI Prudential Fixed Maturity Plan - Series 85 - 10 Years Plan I - Cumulative Option;INF109KC1VQ2;;17.2415;;;13-Jan-2026
146795;ICICI Prudential Fixed Maturity Plan - Series 85 - 10 Years Plan I - Direct Plan Cumulative Option;INF109KC1VT6;;17.4718;;;13-Jan-2026
146800;ICICI Prudential Fixed Maturity Plan - Series 85 - 10 Years Plan I - Quarterly IDCW Option;INF109KC1VR0;;17.0358;;;13-Jan-2026
150950;ICICI Prudential Fixed Maturity Plan - Series 88 - 1226 Days Plan F - Direct Plan - Growth;INF109KC17M6;;12.4309;;;13-Jan-2026
150953;ICICI Prudential Fixed Maturity Plan - Series 88 - 1226 Days Plan F - Direct Plan - Half Yearly IDCW;INF109KC19M2;;12.2768;;;13-Jan-2026
150952;ICICI Prudential Fixed Maturity Plan - Series 88 - 1226 Days Plan F - Direct Plan - Quarterly IDCW;INF109KC18M4;;12.2229;;;13-Jan-2026
150949;ICICI Prudential Fixed Maturity Plan - Series 88 - 1226 Days Plan F - Growth;INF109KC14M3;;12.3475;;;13-Jan-2026
150954;ICICI Prudential Fixed Maturity Plan - Series 88 - 1226 Days Plan F - Half Yearly IDCW;INF109KC16M8;;12.1936;;;13-Jan-2026
150951;ICICI Prudential Fixed Maturity Plan - Series 88 - 1226 Days Plan F - Quarterly IDCW;INF109KC15M0;;12.1420;;;13-Jan-2026
151493;ICICI Prudential Fixed Maturity Plan - Series 88 - 1303 Days Plan S - Direct Plan - Growth;INF109KC14R2;;12.3843;;;13-Jan-2026
151492;ICICI Prudential Fixed Maturity Plan - Series 88 - 1303 Days Plan S - Direct Plan - IDCW;INF109KC15R9;;12.3844;;;13-Jan-2026
151491;ICICI Prudential Fixed Maturity Plan - Series 88 - 1303 Days Plan S - Growth;INF109KC12R6;;12.2968;;;13-Jan-2026
151494;ICICI Prudential Fixed Maturity Plan - Series 88 - 1303 Days Plan S - IDCW;INF109KC13R4;;12.2968;;;13-Jan-2026

Kotak Mahindra Mutual Fund
149139;Kotak FMP Series 292 - Direct Plan - Growth;INF174KA1HM2;;13.0755;;;13-Jan-2026
149138;Kotak FMP Series 292 - Direct Plan - IDCW Payout;INF174KA1HN0;;13.0755;;;13-Jan-2026
149136;Kotak FMP Series 292 - Regular Plan - Growth;INF174KA1HK6;;12.9032;;;13-Jan-2026
149137;Kotak FMP Series 292 - Regular Plan - IDCW Payout;INF174KA1HL4;;12.9032;;;13-Jan-2026
151174;Kotak FMP Series 300 - Direct Plan - Growth;INF174KA1KX3;;12.4153;;;13-Jan-2026
151175;Kotak FMP Series 300 - Direct Plan - IDCW Payout;INF174KA1KY1;;12.4154;;;13-Jan-2026
151172;Kotak FMP Series 300 - Regular Plan - Growth;INF174KA1KV7;;12.3769;;;13-Jan-2026
151173;Kotak FMP Series 300 - Regular Plan - IDCW Payout;INF174KA1KW5;;12.3773;;;13-Jan-2026
151286;Kotak FMP Series 304-Direct Plan-Growth Option;INF174KA1LP7;;12.8027;;;13-Jan-2026
151287;Kotak FMP Series 304-Direct Plan-Payout of IDCW;INF174KA1LQ5;;12.8015;;;13-Jan-2026
151285;Kotak FMP Series 304-Regular Plan-Growth Option;INF174KA1LN2;;12.7901;;;13-Jan-2026
151288;Kotak FMP Series 304-Regular Plan-Payout of IDCW;INF174KA1LO0;;12.7901;;;13-Jan-2026
151316;Kotak FMP Series 305 - Direct Plan - Growth;INF174KA1LT9;;12.3349;;;13-Jan-2026
151317;Kotak FMP Series 305 - Direct Plan - IDCW;INF174KA1LU7;;12.3349;;;13-Jan-2026
151315;Kotak FMP Series 305 - Regular Plan - Growth;INF174KA1LR3;;12.2798;;;13-Jan-2026
151318;Kotak FMP Series 305 - Regular Plan - IDCW;INF174KA1LS1;;12.2798;;;13-Jan-2026
151681;Kotak FMP Series 308 - Direct Plan - Growth;INF174KA1NG2;;12.432;;;13-Jan-2026
151682;Kotak FMP Series 308 - Direct Plan - IDCW Payout;INF174KA1NH0;;12.4309;;;13-Jan-2026
151679;Kotak FMP Series 308 - Regular Plan - Growth;INF174KA1NE7;;12.3217;;;13-Jan-2026
151680;Kotak FMP Series 308 - Regular Plan - IDCW Payout;INF174KA1NF4;;12.3217;;;13-Jan-2026
151686;Kotak FMP Series 310 - Direct Plan - Growth Option;INF174KA1NO6;;12.197;;;13-Jan-2026
151683;Kotak FMP Series 310 - Regular Plan - Growth Option;INF174KA1NM0;;12.1107;;;13-Jan-2026
151685;Kotak FMP Series 310 - Regular Plan - IDCW Payout option;INF174KA1NN8;;12.1107;;;13-Jan-2026

Nippon India Mutual Fund
147095;NIPPON INDIA FIXED MATURITY  PLAN - XLI - SERIES 8 - DIRECT Plan - IDCW Option;INF204KB18B8;;17.1769;;;13-Jan-2026
147096;NIPPON INDIA FIXED MATURITY PLAN  - XLI - SERIES 8 - IDCW Option;INF204KB16B2;;16.8357;;;13-Jan-2026
147098;Nippon India Fixed Maturity Plan XLI - Series 8 - Direct Plan - Growth Option;INF204KB17B0;;17.1769;;;13-Jan-2026
147097;Nippon India Fixed Maturity Plan XLI - Series 8 - Growth Option;INF204KB15B4;;16.8357;;;13-Jan-2026
149130;Nippon India Fixed Maturity Plan - XLIII - Series 1 - Direct Plan - Income Distribution Cum Capital Withdrawal Plan;INF204KC1188;;13.0816;;;13-Jan-2026
149131;Nippon India Fixed Maturity Plan - XLIII - Series 1 - Regular Plan - Growth Option;INF204KC1154;;12.9410;;;13-Jan-2026
149128;Nippon India Fixed Maturity Plan - XLIII - Series 1 - Regular Plan - Income Distribution cum Capital Withdrawal Plan;INF204KC1162;;12.9410;;;13-Jan-2026
149129;Nippon India Fixed Maturity Plan - XLIII - Series 1- Direct Plan - Growth Option;INF204KC1170;;13.0816;;;13-Jan-2026
149917;Nippon India Fixed Maturity Plan-XLIII-Series 5- Direct Plan-Growth Option;INF204KC1477;;13.1040;;;13-Jan-2026
149914;Nippon India Fixed Maturity Plan-XLIII-Series 5- Direct Plan-Payout of IDCW;INF204KC1485;;13.1040;;;13-Jan-2026
149915;Nippon India Fixed Maturity Plan-XLIII-Series 5- Regular Plan-Growth Option;INF204KC1451;;13.0030;;;13-Jan-2026
149916;Nippon India Fixed Maturity Plan-XLIII-Series 5- Regular Plan-Payout of IDCW;INF204KC1469;;13.0030;;;13-Jan-2026
150627;Nippon India Fixed Maturity Plan-XLIV-Series 1-Direct Plan-Growth Option;INF204KC1634;;12.9270;;;13-Jan-2026
150628;Nippon India Fixed Maturity Plan-XLIV-Series 1-Direct Plan-Payout of IDCW;INF204KC1642;;12.9270;;;13-Jan-2026
150629;Nippon India Fixed Maturity Plan-XLIV-Series 1-Regular Plan-Growth Option;INF204KC1618;;12.8417;;;13-Jan-2026
150630;Nippon India Fixed Maturity Plan-XLIV-Series 1-Regular Plan-Payout of IDCW;INF204KC1626;;12.8417;;;13-Jan-2026
150932;Nippon India Fixed Maturity Plan - XLIV - Series 4-Direct Plan-Growth Option;INF204KC1931;;12.4151;;;13-Jan-2026
150934;Nippon India Fixed Maturity Plan - XLIV - Series 4-Regular Plan-Payout of IDCW;INF204KC1923;;12.3377;;;13-Jan-2026
150935;Nippon India Fixed Maturity Plan- XLIV - Series 4-Regular Plan-Growth Option;INF204KC1915;;12.3377;;;13-Jan-2026
151674;Nippon India Fixed Maturity Plan-XLV-Series 4-Direct Plan-Growth Option;INF204KC1BF1;;12.2062;;;13-Jan-2026
151671;Nippon India Fixed Maturity Plan-XLV-Series 4-Direct Plan-Payout of IDCW;INF204KC1BG9;;12.2062;;;13-Jan-2026
151672;Nippon India Fixed Maturity Plan-XLV-Series 4-Regular Plan-Growth Option;INF204KC1BD6;;12.1383;;;13-Jan-2026
151673;Nippon India Fixed Maturity Plan-XLV-Series 4-Regular Plan-Payout of IDCW;INF204KC1BE4;;12.1383;;;13-Jan-2026
151708;Nippon India Fixed Maturity Plan-XLV-Series 5-Direct Plan-Growth Option;INF204KC1BJ3;;12.6667;;;13-Jan-2026
151710;Nippon India Fixed Maturity Plan-XLV-Series 5-Regular Plan-Growth Option;INF204KC1BH7;;12.5653;;;13-Jan-2026
151711;Nippon India Fixed Maturity Plan-XLV-Series 5-Regular Plan-Payout of IDCW;INF204KC1BI5;;12.5653;;;13-Jan-2026

SBI Mutual Fund
146974;SBI Fixed Maturity Plan (FMP) - Series 1 (3668 Days) - Direct Plan - Growth;INF200KA1D03;;17.1722;;;13-Jan-2026
146975;SBI Fixed Maturity Plan (FMP) - Series 1 (3668 Days) - Direct Plan - Income Distribution cum Capital Withdrawal Option (IDCW);INF200KA1D11;;17.1868;;;13-Jan-2026
146976;SBI Fixed Maturity Plan (FMP) - Series 1 (3668 Days) - Regular Plan - Growth;INF200KA1C87;;16.9590;;;13-Jan-2026
146973;SBI Fixed Maturity Plan (FMP) - Series 1 (3668 Days) - Regular Plan - Income Distribution cum Capital Withdrawal Option (IDCW);INF200KA1C95;;16.9590;;;13-Jan-2026
148387;SBI Fixed Maturity Plan (FMP) - Series 34 (3682 Days) - Direct Plan - Growth;INF200KA1Q73;;14.3362;;;13-Jan-2026
148388;SBI Fixed Maturity Plan (FMP) - Series 34 (3682 Days) - Direct Plan - Income Distribution cum Capital Withdrawal Option (IDCW);INF200KA1Q81;;14.3363;;;13-Jan-2026
148389;SBI Fixed Maturity Plan (FMP) - Series 34 (3682 Days) - Regular Plan - Growth;INF200KA1Q57;;14.1514;;;13-Jan-2026
148390;SBI Fixed Maturity Plan (FMP) - Series 34 (3682 Days) - Regular Plan - Income Distribution cum Capital Withdrawal Option (IDCW);INF200KA1Q65;;14.1514;;;13-Jan-2026
149043;SBI Fixed Maturity Plan (FMP) - Series 46 (1850 Days) - Direct Plan - Growth;INF200KA1X41;;13.1955;;;13-Jan-2026
149044;SBI Fixed Maturity Plan (FMP) - Series 46 (1850 Days) - Direct Plan - Income Distribution cum Capital Withdrawal Option (IDCW);INF200KA1X58;;13.1955;;;13-Jan-2026
149045;SBI Fixed Maturity Plan (FMP) - Series 46 (1850 Days) - Regular Plan - Growth;INF200KA1X25;;13.1108;;;13-Jan-2026
149042;SBI Fixed Maturity Plan (FMP) - Series 46 (1850 Days) - Regular Plan - Income Distribution cum Capital Withdrawal Option (IDCW);INF200KA1X33;;13.1109;;;13-Jan-2026
149147;SBI Fixed Maturity Plan (FMP) - Series 49 (1823 Days) - Direct Plan - Growth;INF200KA1Z23;;13.0751;;;13-Jan-2026
149144;SBI Fixed Maturity Plan (FMP) - Series 49 (1823 Days) - Direct Plan - Income Distribution cum Capital Withdrawal Option (IDCW);INF200KA1Z31;;13.0751;;;13-Jan-2026
149145;SBI Fixed Maturity Plan (FMP) - Series 49 (1823 Days) - Regular Plan - Growth;INF200KA1Z07;;12.9950;;;13-Jan-2026
149146;SBI Fixed Maturity Plan (FMP) - Series 49 (1823 Days) - Regular Plan - Income Distribution cum Capital Withdrawal Option (IDCW);INF200KA1Z15;;12.9950;;;13-Jan-2026
149174;SBI Fixed Maturity Plan (FMP) - Series 50 (1843 Days) - Direct Plan - Growth;INF200KA1Z64;;12.9458;;;13-Jan-2026
149175;SBI Fixed Maturity Plan (FMP) - Series 50 (1843 Days) - Direct Plan - Income Distribution Capital Withdrawal Option (IDCW);INF200KA1Z72;;12.9458;;;13-Jan-2026
149172;SBI Fixed Maturity Plan (FMP) - Series 50 (1843 Days) - Regular Plan - Growth;INF200KA1Z49;;12.8528;;;13-Jan-2026
149173;SBI Fixed Maturity Plan (FMP) - Series 50 (1843 Days) - Regular Plan -Income Distribution Capital Withdrawal Option (IDCW);INF200KA1Z56;;12.8528;;;13-Jan-2026
149195;SBI Fixed Maturity Plan (FMP) - Series 51 (1846 Days) - Direct Plan - Growth;INF200KA10A7;;12.9337;;;13-Jan-2026
149194;SBI Fixed Maturity Plan (FMP) - Series 51 (1846 Days) - Direct Plan - Income Distribution Capital Withdrawal Option (IDCW);INF200KA11A5;;12.9341;;;13-Jan-2026
149197;SBI Fixed Maturity Plan (FMP) - Series 51 (1846 Days) - Regular Plan - Growth;INF200KA1Z80;;12.8577;;;13-Jan-2026
149196;SBI Fixed Maturity Plan (FMP) - Series 51 (1846 Days) - Regular Plan - Income Distribution Capital Withdrawal Option (IDCW);INF200KA1Z98;;12.8577;;;13-Jan-2026
149232;SBI Fixed Maturity Plan (FMP) - Series 52 (1848 Days) - Direct Plan - Growth;INF200KA14A9;;12.9151;;;13-Jan-2026
149234;SBI Fixed Maturity Plan (FMP) - Series 52 (1848 Days) - Direct Plan - Income Distribution Cum Withdrawal (IDCW);INF200KA15A6;;12.9151;;;13-Jan-2026
149235;SBI Fixed Maturity Plan (FMP) - Series 52 (1848 Days) - Regular Plan - Growth;INF200KA12A3;;12.8417;;;13-Jan-2026
149233;SBI Fixed Maturity Plan (FMP) - Series 52 (1848 Days) - Regular Plan - Income Distribution Cum Withdrawal (IDCW);INF200KA13A1;;12.8417;;;13-Jan-2026
149279;SBI Fixed Maturity Plan (FMP) - Series 53 (1839 Days) - Direct Plan - Growth;INF200KA18A0;;12.9308;;;13-Jan-2026
149277;SBI Fixed Maturity Plan (FMP) - Series 53 (1839 Days) - Direct Plan - Income Distribution Cum Withdrawal Option (IDCW);INF200KA19A8;;12.9308;;;13-Jan-2026
149278;SBI Fixed Maturity Plan (FMP) - Series 53 (1839 Days) - Regular Plan - Growth;INF200KA16A4;;12.8682;;;13-Jan-2026
149280;SBI Fixed Maturity Plan (FMP) - Series 53 (1839 Days) - Regular Plan - Income  Distribution Cum Withdrawal Option (IDCW);INF200KA17A2;;12.8682;;;13-Jan-2026
149307;SBI Fixed Maturity Plan (FMP) - Series 54 (1842 Days) - Direct Plan - Growth;INF200KA12B1;;12.9129;;;13-Jan-2026
149309;SBI Fixed Maturity Plan (FMP) - Series 54 (1842 Days) - Direct Plan - Income Distribution Cum Withdrawal Option (IDCW);INF200KA13B9;;12.9133;;;13-Jan-2026
149308;SBI Fixed Maturity Plan (FMP) - Series 54 (1842 Days) - Regular Plan - Growth;INF200KA10B5;;12.8472;;;13-Jan-2026
149306;SBI Fixed Maturity Plan (FMP) - Series 54 (1842 Days) - Regular Plan - Income Distribution Cum Capital Withdrawal Option (IDCW);INF200KA11B3;;12.8472;;;13-Jan-2026
149345;SBI Fixed Maturity Plan (FMP) - Series 55 (1849 Days) - Direct Plan - Growth;INF200KA16B2;;12.8850;;;13-Jan-2026
149348;SBI Fixed Maturity Plan (FMP) - Series 55 (1849 Days) - Direct Plan - Income Distribution cum Capital Withdrawal Option (IDCW);INF200KA17B0;;12.8850;;;13-Jan-2026
149347;SBI Fixed Maturity Plan (FMP) - Series 55 (1849 Days) - Regular Plan - Growth;INF200KA14B7;;12.8203;;;13-Jan-2026
149346;SBI Fixed Maturity Plan (FMP) - Series 55 (1849 Days) - Regular Plan - Income Distribution Cum Capital Withdrawal Option (IDCW);INF200KA15B4;;12.8203;;;13-Jan-2026
149431;SBI Fixed Maturity Plan (FMP) - Series 57 (1835 Days) - Direct Plan - Growth;INF200KA14C5;;12.8056;;;13-Jan-2026
149430;SBI Fixed Maturity Plan (FMP) - Series 57 (1835 Days) - Direct Plan - Income Distribution cum Capital Withdrawal Option (IDCW);INF200KA15C2;;12.8058;;;13-Jan-2026
149432;SBI Fixed Maturity Plan (FMP) - Series 57 (1835 Days) - Regular Plan - Growth;INF200KA12C9;;12.7424;;;13-Jan-2026
149433;SBI Fixed Maturity Plan (FMP) - Series 57 (1835 Days) - Regular Plan - Income Distribution cum Capital Withdrawal Option (IDCW);INF200KA13C7;;12.7427;;;13-Jan-2026
149460;SBI Fixed Maturity Plan (FMP) - Series 58 (1842 Days) - Direct Plan - Growth;INF200KA18C6;;12.9125;;;13-Jan-2026
149461;SBI Fixed Maturity Plan (FMP) - Series 58 (1842 Days) - Direct Plan - Income Distribution cum Capital withdrawal option (IDCW);INF200KA19C4;;12.9127;;;13-Jan-2026
149459;SBI Fixed Maturity Plan (FMP) - Series 58 (1842 Days) - Regular Plan - Growth;INF200KA16C0;;12.8507;;;13-Jan-2026
149462;SBI Fixed Maturity Plan (FMP) - Series 58 (1842 Days) - Regular Plan - Income Distribution cum Capital withdrawal option (IDCW);INF200KA17C8;;12.8506;;;13-Jan-2026
149822;SBI Fixed Maturity Plan (FMP) - Series 59 (1618 Days) - Direct Plan - Growth;INF200KA19D2;;12.7052;;;13-Jan-2026
149823;SBI Fixed Maturity Plan (FMP) - Series 59 (1618 Days) - Direct Plan - Income Distribution cum Capital Withdrawal Option (IDCW);INF200KA10E9;;12.7048;;;13-Jan-2026
149825;SBI Fixed Maturity Plan (FMP) - Series 59 (1618 Days) - Regular Plan - Growth;INF200KA17D6;;12.6474;;;13-Jan-2026
149824;SBI Fixed Maturity Plan (FMP) - Series 59 (1618 Days) - Regular Plan - Income Distribution cum Capital Withdrawal Option (IDCW);INF200KA18D4;;12.6474;;;13-Jan-2026
147248;SBI Fixed Maturity Plan (FMP) - Series 6 (3668 Days) - Direct Plan - Growth;INF200KA1F27;;16.7072;;;13-Jan-2026
147249;SBI Fixed Maturity Plan (FMP) - Series 6 (3668 Days) - Direct Plan - Income Distribution cum Capital Withdrawal Option (IDCW);INF200KA1F35;;16.7075;;;13-Jan-2026
147247;SBI Fixed Maturity Plan (FMP) - Series 6 (3668 Days) - Regular Plan - Growth;INF200KA1F01;;16.4423;;;13-Jan-2026
147250;SBI Fixed Maturity Plan (FMP) - Series 6 (3668 Days) - Regular Plan - Income Distribution cum Capital Withdrawal Option (IDCW);INF200KA1F19;;16.4449;;;13-Jan-2026
149878;SBI Fixed Maturity Plan (FMP) - Series 60 (1878 Days) - Direct Plan - Growth;INF200KA13E3;;12.8203;;;13-Jan-2026
149879;SBI Fixed Maturity Plan (FMP) - Series 60 (1878 Days) - Direct Plan - Income Distribution cum Capital Withdrwal Option (IDCW);INF200KA14E1;;12.8205;;;13-Jan-2026
149876;SBI Fixed Maturity Plan (FMP) - Series 60 (1878 Days) - Regular Plan - Growth;INF200KA11E7;;12.7600;;;13-Jan-2026
149877;SBI Fixed Maturity Plan (FMP) - Series 60 (1878 Days) - Regular Plan - Income Distribution cum Capital Withdrawal Option (IDCW);INF200KA12E5;;12.7600;;;13-Jan-2026
149993;SBI Fixed Maturity Plan (FMP)- Series 61 (1927 Days)- Direct Plan- Growth option;INF200KA13F0;;12.8569;;;13-Jan-2026
149995;SBI Fixed Maturity Plan (FMP)- Series 61 (1927 Days)- Direct Plan- Income Distribution Cum Capital withdrawal option;INF200KA14F8;;12.8570;;;13-Jan-2026
149994;SBI Fixed Maturity Plan (FMP)- Series 61 (1927 Days)- Regular Plan- Growth option;INF200KA11F4;;12.7983;;;13-Jan-2026
149992;SBI Fixed Maturity Plan (FMP)- Series 61 (1927 Days)- Regular Plan- Income Distribution Cum Capital withdrawal option;INF200KA12F2;;12.7982;;;13-Jan-2026
150379;SBI Fixed Maturity Plan (FMP) - Series 66 (1361 Days) - Direct Plan - Growth;INF200KA11M0;;12.7714;;;13-Jan-2026
150378;SBI Fixed Maturity Plan (FMP) - Series 66 (1361 Days) - Direct Plan - Income Distribution cum Capital Withdrawal Option (IDCW);INF200KA12M8;;12.7714;;;13-Jan-2026
150377;SBI Fixed Maturity Plan (FMP) - Series 66 (1361 Days) - Regular Plan - Growth;INF200KA19L5;;12.7204;;;13-Jan-2026
150380;SBI Fixed Maturity Plan (FMP) - Series 66 (1361 Days) - Regular Plan - Income Distribution cum Capital Withdrawal Option (IDCW);INF200KA10M2;;12.7205;;;13-Jan-2026
150460;SBI Fixed Maturity Plan (FMP) - Series 67 (1467 Days) - Direct Plan - Growth;INF200KA15M1;;12.7768;;;13-Jan-2026
150458;SBI Fixed Maturity Plan (FMP) - Series 67 (1467 Days) - Direct Plan - IDCW Payout;INF200KA16M9;;12.7768;;;13-Jan-2026
150461;SBI Fixed Maturity Plan (FMP) - Series 67 (1467 Days) - Regular Plan - Growth;INF200KA13M6;;12.7270;;;13-Jan-2026
150459;SBI Fixed Maturity Plan (FMP) - Series 67 (1467 Days) - Regular Plan - IDCW Payout;INF200KA14M4;;12.7274;;;13-Jan-2026
150649;SBI Fixed Maturity Plan (FMP) - Series 68 (1302 Days) - Direct Plan - Growth;INF200KA15O7;;12.6052;;;13-Jan-2026
150650;SBI Fixed Maturity Plan (FMP) - Series 68 (1302 Days) - Direct Plan - IDCW Payout;INF200KA16O5;;12.6076;;;13-Jan-2026
150647;SBI Fixed Maturity Plan (FMP) - Series 68 (1302 Days) - Regular Plan - Growth;INF200KA13O2;;12.5569;;;13-Jan-2026
150648;SBI Fixed Maturity Plan (FMP) - Series 68 (1302 Days) - Regular Plan - IDCW Payout;INF200KA14O0;;12.5569;;;13-Jan-2026
151559;SBI Fixed Maturity Plan (FMP) - Series 79 (1170 Days) - Direct Plan - Growth;INF200KA19W2;;12.2673;;;13-Jan-2026
151558;SBI Fixed Maturity Plan (FMP) - Series 79 (1170 Days) - Direct Plan - Income Distribution cum Capital Withdrawal Payout;INF200KA10X9;;12.2675;;;13-Jan-2026
151556;SBI Fixed Maturity Plan (FMP) - Series 79 (1170 Days) - Regular Plan - Growth;INF200KA17W6;;12.2254;;;13-Jan-2026
151557;SBI Fixed Maturity Plan (FMP) - Series 79 (1170 Days) - Regular Plan - Income Distribution cum Capital Withdrawal Payout;INF200KA18W4;;12.2255;;;13-Jan-2026
148848;SBI Fixed Maturity Plan (FMP) - Series 42 (1857 Days) Direct Plan - Income Distribution cum Capital Withdrawal Option (IDCW);INF200KA1V27;;13.3800;;;13-Jan-2026
148845;SBI Fixed Maturity Plan (FMP) - Series 42 (1857 Days) Regular Plan - Income Distribution cum Capital Withdrawal Option (IDCW);INF200KA1V01;;13.2780;;;13-Jan-2026
148846;SBI Fixed Maturity Plan (FMP) Series 42 (1857 Days) - Direct Plan - Growth;INF200KA1V19;;13.3797;;;13-Jan-2026
148847;SBI Fixed Maturity Plan (FMP) Series 42 (1857 Days) - Regular Plan - Growth;INF200KA1U93;;13.2780;;;13-Jan-2026
148967;SBI Fixed Maturity Plan (FMP) - Series 44 (1855 Days) - Direct Plan - Growth;INF200KA1W59;;13.2215;;;13-Jan-2026
148968;SBI Fixed Maturity Plan (FMP) - Series 44 (1855 Days) - Direct Plan - Income Distribution cum Capital Withdrawal Option (IDCW);INF200KA1W67;;13.2215;;;13-Jan-2026
148966;SBI Fixed Maturity Plan (FMP) - Series 44 (1855 Days) - Regular Plan - Growth;INF200KA1W34;;13.1398;;;13-Jan-2026
148969;SBI Fixed Maturity Plan (FMP) Series 44 (1855 Days) - Regular Plan - Income Distribution cum Capital Withdrawal Option (IDCW);INF200KA1W42;;13.1398;;;13-Jan-2026
148999;SBI Fixed Maturity Plan (FMP) Series 45 (1840 Days) - Direct Plan - Growth;INF200KA1W91;;13.2095;;;13-Jan-2026
148998;SBI Fixed Maturity Plan (FMP) Series 45 (1840 Days) - Direct Plan - Income Distribution cum Capital Withdrawal Option (IDCW);INF200KA1X09;;13.2095;;;13-Jan-2026
148996;SBI Fixed Maturity Plan (FMP) Series 45 (1840 Days) - Regular Plan - Growth;INF200KA1W75;;13.1313;;;13-Jan-2026
148997;SBI Fixed Maturity Plan (FMP) Series 45 (1840Days) - Regular Plan - Income Distribution cum Capital Withdrawal Option (IDCW);INF200KA1W83;;13.1313;;;13-Jan-2026
150919;SBI Fixed Maturity Plan (FMP)-Series 72 (1239 Days) Direct Plan- Growth;INF200KA17S4;;12.4704;;;13-Jan-2026
150916;SBI Fixed Maturity Plan (FMP)-Series 72 (1239 Days) Direct Plan- Income Distribution Cum Capital Withdrawal Payout;INF200KA18S2;;12.4703;;;13-Jan-2026
150917;SBI Fixed Maturity Plan (FMP)-Series 72 (1239 Days) Regular Plan- Growth;INF200KA15S8;;12.4238;;;13-Jan-2026
150918;SBI Fixed Maturity Plan (FMP)-Series 72 (1239 Days) Regular Plan- Income Distribution Cum Capital Withdrawal Payout;INF200KA16S6;;12.4237;;;13-Jan-2026
150984;SBI Fixed Maturity Plan (FMP) - Series 73 (1226 Days) - Direct Plan - Growth;INF200KA11T5;;12.4368;;;13-Jan-2026
150985;SBI Fixed Maturity Plan (FMP) - Series 73 (1226 Days) - Direct Plan - IDCW Payout;INF200KA12T3;;12.4367;;;13-Jan-2026
150986;SBI Fixed Maturity Plan (FMP) - Series 73 (1226 Days) - Regular Plan - Growth;INF200KA19S0;;12.3918;;;13-Jan-2026
150983;SBI Fixed Maturity Plan (FMP) - Series 73 (1226 Days) - Regular Plan - IDCW Payout;INF200KA10T7;;12.3918;;;13-Jan-2026
151252;SBI Fixed Maturity Plan (FMP)-Series 74 (1243 Days)- Direct Plan- Growth;INF200KA11U3;;12.4200;;;13-Jan-2026
151253;SBI Fixed Maturity Plan (FMP)-Series 74 (1243 Days)- Direct Plan- Income Distribution Cum Capital Withdrawal Payout;INF200KA12U1;;12.4200;;;13-Jan-2026
151254;SBI Fixed Maturity Plan (FMP)-Series 74 (1243 Days)- Regular Plan- Growth;INF200KA19T8;;12.3757;;;13-Jan-2026
151255;SBI Fixed Maturity Plan (FMP)-Series 74 (1243 Days)- Regular Plan- Income Distribution Cum Capital Withdrawal Payout;INF200KA10U5;;12.3758;;;13-Jan-2026
151351;SBI Fixed Maturity Plan (FMP) - Series 76 (1221 Days) - Direct Plan - Growth;INF200KA19U6;;12.3278;;;13-Jan-2026
151350;SBI Fixed Maturity Plan (FMP) - Series 76 (1221 Days) - Direct Plan - Income Distribution Cum Capital Withdrawal Payout;INF200KA10V3;;12.3278;;;13-Jan-2026
151349;SBI Fixed Maturity Plan (FMP) - Series 76 (1221 Days) - Regular Plan - Growth;INF200KA17U0;;12.2850;;;13-Jan-2026
151348;SBI Fixed Maturity Plan (FMP) - Series 76 (1221 Days) - Regular Plan - Income Distribution Cum Capital Withdrawal Payout;INF200KA18U8;;12.2850;;;13-Jan-2026
151451;SBI Fixed Maturity Plan (FMP)-Series 78 (1170 Days) Direct Plan- Growth;INF200KA19V4;;12.3176;;;13-Jan-2026
151452;SBI Fixed Maturity Plan (FMP)-Series 78 (1170 Days) Direct Plan- Income Distribution Cum Capital Withdrawal Payout;INF200KA10W1;;12.3174;;;13-Jan-2026
151454;SBI Fixed Maturity Plan (FMP)-Series 78 (1170 Days) Regular Plan- Growth;INF200KA17V8;;12.2743;;;13-Jan-2026
151453;SBI Fixed Maturity Plan (FMP)-Series 78 (1170 Days) Regular Plan- Income Distribution Cum Capital Withdrawal Payout;INF200KA18V6;;12.2735;;;13-Jan-2026
151639;SBI Fixed Maturity Plan (FMP)-Series 81 (1157 Days) Direct Plan- Growth;INF200KA17X4;;12.2256;;;13-Jan-2026
151640;SBI Fixed Maturity Plan (FMP)-Series 81 (1157 Days) Direct Plan- Income Distribution Cum Capital Withdrawal Payout;INF200KA18X2;;12.2257;;;13-Jan-2026
151641;SBI Fixed Maturity Plan (FMP)-Series 81 (1157 Days) Regular Plan- Growth;INF200KA15X8;;12.1852;;;13-Jan-2026
151642;SBI Fixed Maturity Plan (FMP)-Series 81 (1157 Days) Regular Plan- Income Distribution Cum Capital Withdrawal Payout;INF200KA16X6;;12.1852;;;13-Jan-2026

Trust Mutual Fund
151620;TRUSTMF FIXED MATURITY PLAN -SERIES II (1196 DAYS)-DIRECT PLAN -GROWTH;INF0GCD01651;;1256.6796;;;13-Jan-2026
151617;TRUSTMF FIXED MATURITY PLAN -SERIES II (1196 DAYS)-REGULAR PLAN -GROWTH;INF0GCD01636;;1252.955;;;13-Jan-2026
151618;TRUSTMF FIXED MATURITY PLAN -SERIES II (1196 DAYS)-REGULAR PLAN -IDCW PAYOUT;INF0GCD01644;;1252.9544;;;13-Jan-2026

Union Mutual Fund
151622;Union Fixed Maturity Plan - Series 13 - Direct Plan - Growth Option;INF582M01IW0;;12.1542;;;13-Jan-2026
151624;Union Fixed Maturity Plan - Series 13 - Regular Plan - Growth Option;INF582M01IY6;;12.0529;;;13-Jan-2026
151623;Union Fixed Maturity Plan - Series 13 - Regular Plan - IDCW Payout Option;INF582M01IZ3;;12.0529;;;13-Jan-2026

UTI Mutual Fund
106185;UTI Annual Interval Fund - I - ( Instn Growth Option );INF789F01FJ8;;36.7565;;;13-Jan-2026
123663;UTI Annual Interval Fund - I - Direct Plan - Dividend Option;INF789F01VU2;INF789F01VV0;11.4645;;;13-Jan-2026
123646;UTI Annual Interval Fund - I - Direct Plan - Growth Option;INF789F01VW8;;35.7781;;;13-Jan-2026
106183;UTI Annual Interval Fund - I - Regular Plan - Growth Option;INF789F01FG4;;35.3356;;;13-Jan-2026
106186;UTI Annual Interval Fund - I - Regular Plan - IDCW;INF789F01FE9;INF789F01FF6;11.0986;;;13-Jan-2026
150835;UTI Fixed Term Income Fund - Series XXXV-I (1260 Days) - Direct Plan - Annual IDCW Option;INF789F1AWI4;;11.4862;;;13-Jan-2026
150833;UTI Fixed Term Income Fund - Series XXXV-I (1260 Days) - Direct Plan - Growth Option;INF789F1AWK0;;12.5467;;;13-Jan-2026
150837;UTI Fixed Term Income Fund - Series XXXV-I (1260 Days) - Direct Plan - Maturity IDCW Option;INF789F1AWJ2;;12.5466;;;13-Jan-2026
150834;UTI Fixed Term Income Fund - Series XXXV-I (1260 Days) - Direct Plan - Quarterly IDCW Option;INF789F1AWH6;;12.5467;;;13-Jan-2026
150831;UTI Fixed Term Income Fund - Series XXXV-I (1260 days) - Regular Plan - Annual IDCW Option;INF789F1AWD5;;11.2112;;;13-Jan-2026
150832;UTI Fixed Term Income Fund - Series XXXV-I (1260 Days) - Regular Plan - Flexi IDCW Option;INF789F1AWG8;;12.3954;;;13-Jan-2026
150828;UTI Fixed Term Income Fund - Series XXXV-I (1260 Days) - Regular Plan - Growth Option;INF789F1AWF0;;12.3965;;;13-Jan-2026
150829;UTI Fixed Term Income Fund - Series XXXV-I (1260 Days) - Regular Plan - Maturity IDCW Option;INF789F1AWE3;;12.3966;;;13-Jan-2026
150830;UTI Fixed Term Income Fund - Series XXXV-I (1260 Days) - Regular Plan - Quarterly IDCW Option;INF789F1AWC7;;12.3966;;;13-Jan-2026
150965;UTI Fixed Term Income Fund - Series XXXV-II (1223 Days) - Direct Plan - Annual IDCW Option;INF789F1AWS3;;11.3194;;;13-Jan-2026
150970;UTI Fixed Term Income Fund - Series XXXV-II (1223 Days) - Direct Plan - Flexi IDCW Option;INF789F1AWV7;;12.4366;;;13-Jan-2026
150963;UTI Fixed Term Income Fund - Series XXXV-II (1223 Days) - Direct Plan - Growth Option;INF789F1AWU9;;12.4197;;;13-Jan-2026
150966;UTI Fixed Term Income Fund - Series XXXV-II (1223 Days) - Direct Plan - Maturity IDCW Option;INF789F1AWT1;;12.4195;;;13-Jan-2026
150964;UTI Fixed Term Income Fund - Series XXXV-II (1223 Days) - Direct Plan - Quarterly IDCW Option;INF789F1AWR5;;12.4212;;;13-Jan-2026
150967;UTI Fixed Term Income Fund - Series XXXV-II (1223 Days) - Regular Plan - Annual IDCW Option;INF789F1AWN4;;11.1839;;;13-Jan-2026
150968;UTI Fixed Term Income Fund - Series XXXV-II (1223 Days) - Regular Plan - Flexi IDCW Option;INF789F1AWQ7;;12.2793;;;13-Jan-2026
150971;UTI Fixed Term Income Fund - Series XXXV-II (1223 Days) - Regular Plan - Growth Option;INF789F1AWP9;;12.2782;;;13-Jan-2026
150969;UTI Fixed Term Income Fund - Series XXXV-II (1223 Days) - Regular Plan - Maturity IDCW Option;INF789F1AWO2;;12.2772;;;13-Jan-2026
150972;UTI Fixed Term Income Fund - Series XXXV-II (1223 Days) - Regular Plan - Quarterly IDCW Option;INF789F1AWM6;;12.2781;;;13-Jan-2026
151334;UTI Fixed Term Income Fund - Series XXXV-III (1176 Days) - Direct Plan - Annual IDCW Option;INF789F1AXF8;;11.251;;;13-Jan-2026
151341;UTI Fixed Term Income Fund - Series XXXV-III (1176 Days) - Direct Plan - Growth Option;INF789F1AXH4;;12.3182;;;13-Jan-2026
151335;UTI Fixed Term Income Fund - Series XXXV-III (1176 Days) - Direct Plan - Maturity IDCW Option;INF789F1AXG6;;12.3183;;;13-Jan-2026
151333;UTI Fixed Term Income Fund - Series XXXV-III (1176 Days) - Direct Plan - Quarterly IDCW Option;INF789F1AXE1;;12.3204;;;13-Jan-2026
151339;UTI Fixed Term Income Fund - Series XXXV-III (1176 Days) - Regular Plan - Annual IDCW Option;INF789F1AXJ0;;11.1245;;;13-Jan-2026
151332;UTI Fixed Term Income Fund - Series XXXV-III (1176 Days) - Regular Plan - Flexi IDCW Option;INF789F1AXD3;;12.1856;;;13-Jan-2026
151338;UTI Fixed Term Income Fund - Series XXXV-III (1176 Days) - Regular Plan - Growth Option;INF789F1AXC5;;12.1854;;;13-Jan-2026
151331;UTI Fixed Term Income Fund - Series XXXV-III (1176 Days) - Regular Plan - Quarterly IDCW Option;INF789F1AXA9;;12.1873;;;13-Jan-2026
151485;UTI Fixed Term Income Fund Series XXXVI - I (1574 Days) - Direct Plan - Growth Option;INF789F1AXP7;;12.5968;;;13-Jan-2026
151484;UTI Fixed Term Income Fund Series XXXVI - I (1574 Days) - Direct Plan - Payout of IDCW Option;INF789F1AXO0;;12.047;;;13-Jan-2026
151483;UTI Fixed Term Income Fund Series XXXVI - I (1574 Days) - Regular Plan - Growth Option;INF789F1AXN2;;12.4521;;;13-Jan-2026
151486;UTI Fixed Term Income Fund Series XXXVI - I (1574 Days) - Regular Plan - Payout of IDCW Option;INF789F1AXM4;;11.9064;;;13-Jan-2026

Close Ended Schemes ( ELSS )


Bank of India Mutual Fund
141950;BANK OF INDIA Mid Cap Tax Fund Series 1 Direct Plan Growth;INF761K01DS3;;27.09;;;13-Jan-2026
141949;BANK OF INDIA Mid Cap Tax Fund Series 1 Direct Plan IDCW;INF761K01DT1;;27.09;;;13-Jan-2026
141952;BANK OF INDIA Mid Cap Tax Fund Series 1 Regular Plan Growth;INF761K01DU9;;26.15;;;13-Jan-2026
141951;BANK OF INDIA Mid Cap Tax Fund Series 1 Regular Plan IDCW;INF761K01DV7;;26.15;;;13-Jan-2026
144315;BANK OF INDIA Midcap Tax Fund Series 2 Direct Plan Growth;INF761K01EL6;;32.93;;;13-Jan-2026
144309;BANK OF INDIA Midcap Tax Fund Series 2 Direct Plan IDCW;INF761K01EK8;;32.93;;;13-Jan-2026
144314;BANK OF INDIA Midcap Tax Fund Series 2 Regular Plan Growth;INF761K01EN2;;31.66;;;13-Jan-2026
144316;BANK OF INDIA Midcap Tax Fund Series 2 Regular Plan IDCW;INF761K01EM4;;31.67;;;13-Jan-2026

ICICI Prudential Mutual Fund
142136;ICICI Prudential Long Term Wealth Enhancement Fund - Cumulative Option;INF109KC1077;;30.04;;;13-Jan-2026
142134;ICICI Prudential Long Term Wealth Enhancement Fund - Direct Plan Cumulative Option;INF109KC1093;;31.39;;;13-Jan-2026
142133;ICICI Prudential Long Term Wealth Enhancement Fund - Direct Plan IDCW Option;INF109KC1101;;31.39;;;13-Jan-2026
142135;ICICI Prudential Long Term Wealth Enhancement Fund - IDCW Option;INF109KC1085;;30.04;;;13-Jan-2026

SBI Mutual Fund
136007;SBI Long Term Advantage Fund - Series III - Direct Plan - Growth;INF200KA1HN8;;44.9078;;;13-Jan-2026
136006;SBI Long Term Advantage Fund - Series III - Direct Plan - Income Distribution cum Capital Withdrawal Option (IDCW);INF200KA1HO6;;37.8475;;;13-Jan-2026
136004;SBI Long Term Advantage Fund - Series III - Regular Plan - Growth;INF200KA1HL2;;42.0206;;;13-Jan-2026
136005;SBI Long Term Advantage Fund - Series III - Regular Plan - Income Distribution cum Capital Withdrawal Option (IDCW);INF200KA1HM0;;35.5815;;;13-Jan-2026
140487;SBI Long Term Advantage Fund - Series IV - Direct Plan - Growth;INF200KA1LS9;;51.1154;;;13-Jan-2026
140486;SBI Long Term Advantage Fund - Series IV - Direct Plan - Income Distribution cum Capital Withdrawal Option (IDCW);INF200KA1LT7;;43.3727;;;13-Jan-2026
140488;SBI Long Term Advantage Fund - Series IV - Regular Plan - Growth;INF200KA1LQ3;;48.5892;;;13-Jan-2026
140489;SBI Long Term Advantage Fund - Series IV - Regular Plan - Income Distribution cum Capital Withdrawal Option (IDCW);INF200KA1LR1;;41.1648;;;13-Jan-2026
142138;SBI Long Term Advantage Fund - Series V - Direct Plan - Growth;INF200KA1RW8;;32.5346;;;13-Jan-2026
142140;SBI Long Term Advantage Fund - Series V - Direct Plan - Income Distribution cum Capital Withdrawal Option (IDCW);INF200KA1RX6;;32.5358;;;13-Jan-2026
142137;SBI Long Term Advantage Fund - Series V - Regular Plan - Income Distribution cum Capital Withdrawal Option (IDCW);INF200KA1RV0;;31.2370;;;13-Jan-2026
142139;SBI Long Term Advantage Fund Series V - Regular Plan - Growth;INF200KA1RU2;;31.2500;;;13-Jan-2026
143178;SBI Long Term Advantage Fund - Series VI - Direct Plan - Growth;INF200KA1TO1;;31.4706;;;13-Jan-2026
143179;SBI Long Term Advantage Fund - Series VI - Direct Plan - Income Distribution cum Capital Withdrawal Option (IDCW);INF200KA1TP8;;31.4439;;;13-Jan-2026
143176;SBI Long Term Advantage Fund - Series VI - Regular Plan - Growth;INF200KA1TM5;;30.2440;;;13-Jan-2026
143177;SBI Long Term Advantage Fund - Series VI - Regular Plan - Income Distribution cum Capital Withdrawal Option (IDCW);INF200KA1TN3;;30.2504;;;13-Jan-2026

Sundaram Mutual Fund
139711;Sundaram Long Term Micro Cap Tax Advantage Fund Series III Direct Plan - Growth;INF903JA1443;;34.0011;;;13-Jan-2026
139710;Sundaram Long Term Micro Cap Tax Advantage Fund Series III Direct Plan - Payout of Income Distribution cum Capital Withdrawal (IDCW);INF903JA1450;;29.8177;;;13-Jan-2026
139709;Sundaram Long Term Micro Cap Tax Advantage Fund Series III Regular Plan - Growth;INF903JA1427;;32.9840;;;13-Jan-2026
139712;Sundaram Long Term Micro Cap Tax Advantage Fund Series III Regular Plan - Payout of Income Distribution cum Capital Withdrawal (IDCW);INF903JA1435;;28.8585;;;13-Jan-2026
139990;Sundaram Long Term Micro Cap Tax Advantage Fund Series IV Direct Plan - Growth;INF903JA1526;;29.4641;;;13-Jan-2026
139989;Sundaram Long Term Micro Cap Tax Advantage Fund Series IV Direct Plan - Payout of Income Distribution cum Capital Withdrawal (IDCW);INF903JA1534;;28.0439;;;13-Jan-2026
139992;Sundaram Long Term Micro Cap Tax Advantage Fund Series IV Regular Plan - Growth;INF903JA1500;;28.7997;;;13-Jan-2026
139991;Sundaram Long Term Micro Cap Tax Advantage Fund Series IV Regular Plan - Payout of Income Distribution cum Capital Withdrawal (IDCW);INF903JA1518;;27.3824;;;13-Jan-2026
141564;Sundaram Long Term Micro Cap Tax Advantage Fund Series VI Direct Plan - Growth;INF903JA1AZ0;;27.8461;;;13-Jan-2026
141567;Sundaram Long Term Micro Cap Tax Advantage Fund Series VI Direct Plan - Payout of Income Distribution cum Capital Withdrawal (IDCW);INF903JA1BA1;;26.9511;;;13-Jan-2026
141565;Sundaram Long Term Micro Cap Tax Advantage Fund Series VI Regular Plan - Growth;INF903JA1AX5;;26.5297;;;13-Jan-2026
141566;Sundaram Long Term Micro Cap Tax Advantage Fund Series VI Regular Plan - Payout of Income Distribution cum Capital Withdrawal (IDCW);INF903JA1AY3;;25.6393;;;13-Jan-2026
141141;Sundaram Long Term Micro Cap Tax Advantage Fund Series V Direct Plan - Growth;INF903JA1955;;28.8207;;;13-Jan-2026
141142;Sundaram Long Term Micro Cap Tax Advantage Fund Series V Direct Plan - Payout of Income Distribution cum Capital Withdrawal (IDCW);INF903JA1963;;27.4389;;;13-Jan-2026
141139;Sundaram Long Term Micro Cap Tax Advantage Fund Series V Regular Plan - Growth;INF903JA1930;;27.9922;;;13-Jan-2026
141140;Sundaram Long Term Micro Cap Tax Advantage Fund Series V Regular Plan - Payout of Income Distribution cum Capital Withdrawal (IDCW);INF903JA1948;;26.6167;;;13-Jan-2026
142153;Sundaram Long Term Tax Advantage Fund Series III Direct Plan - Growth;INF903JA1BT1;;29.6723;;;13-Jan-2026
142154;Sundaram Long Term Tax Advantage Fund Series III Direct Plan - Payout of Income Distribution cum Capital Withdrawal (IDCW);INF903JA1BU9;;28.2480;;;13-Jan-2026
142151;Sundaram Long Term Tax Advantage Fund Series III Regular Plan - Growth;INF903JA1BR5;;28.7150;;;13-Jan-2026
142152;Sundaram Long Term Tax Advantage Fund Series III Regular Plan - Payout of Income Distribution cum Capital Withdrawal (IDCW);INF903JA1BS3;;27.2976;;;13-Jan-2026
143079;Sundaram Long Term Tax Advantage Fund Series IV Direct Plan - Growth;INF903JA1CZ6;;34.2543;;;13-Jan-2026
143080;Sundaram Long Term Tax Advantage Fund Series IV Direct Plan - Payout of Income Distribution cum Capital Withdrawal (IDCW);INF903JA1DA7;;31.4721;;;13-Jan-2026
143077;Sundaram Long Term Tax Advantage Fund Series IV Regular Plan - Growth;INF903JA1CX1;;33.5543;;;13-Jan-2026
143078;Sundaram Long Term Tax Advantage Fund Series IV Regular Plan - Payout of Income Distribution cum Capital Withdrawal (IDCW);INF903JA1CY9;;30.7915;;;13-Jan-2026
135682;Sundaram Long Term Tax Advantage Fund Series II Direct Plan - Growth;INF903J011W9;;39.0146;;;13-Jan-2026
135681;Sundaram Long Term Tax Advantage Fund Series II Direct Plan - Payout of Income Distribution cum Capital Withdrawal (IDCW);INF903J012W7;;30.1422;;;13-Jan-2026
135684;Sundaram Long Term Tax Advantage Fund Series II Regular Plan - Growth;INF903J019V4;;37.8009;;;13-Jan-2026
135683;Sundaram Long Term Tax Advantage Fund Series II Regular Plan - Payout of Income Distribution cum Capital Withdrawal (IDCW);INF903J010W1;;29.0479;;;13-Jan-2026

UTI Mutual Fund
101834;UTI - Master Equity Plan Unit Scheme;;;233.9341;;;13-Jan-2026

Interval Fund Schemes ( Income )


Nippon India Mutual Fund
118804;Nippon India Annual Interval Fund - Series I - Direct Plan Growth Plan - Growth;INF204K01B81;-;28.2431;;;13-Jan-2026
105660;NIPPON INDIA ANNUAL INTERVAL FUND - SERIES I - IDCW Option;INF204K01ED4;INF204K01EE2;13.1110;;;13-Jan-2026
105662;NIPPON INDIA ANNUAL INTERVAL FUND - SERIES I - RETAIL Plan - IDCW Option;INF204K01EA0;INF204K01EB8;13.0505;;;13-Jan-2026
105663;Nippon India Interval Fund Annual Interval Fund Series-I- Growth Option;INF204K01EC6;;27.9211;;;13-Jan-2026
105661;Nippon India Interval Fund Annual Interval Fund Series-I-Retail Plan Growth Option;INF204K01DZ9;;37.4786;;;13-Jan-2026
105689;Nippon India Interval Fund-Quarterly Interval Fund Series-II-Growth Option;INF204K01DN5;;37.0970;;;13-Jan-2026
118689;NIPPON INDIA QUARTERLY INTERVAL FUND - SERIES II - Direct Plan - IDCW Option;INF204K01F46;INF204K01F53;13.0539;;;13-Jan-2026
118691;Nippon India Quarterly Interval Fund - Series II - Direct Plan Growth Plan - Growth;INF204K01F61;-;37.6708;;;13-Jan-2026
105692;NIPPON INDIA QUARTERLY INTERVAL FUND - SERIES II - IDCW Option;INF204K01DO3;INF204K01DP0;13.0080;;;13-Jan-2026
